1647599753109220981,-0.188720703125,0.0955810546875,-0.538696289062,0.815490722656,-2636.0,-4188.0,7532.0,-110.0,63.0,99.0,
1647599753208082914,-0.192626953125,0.111572265625,-0.528076171875,0.819458007812,-2264.0,-4341.0,7878.0,-89.0,62.0,108.0,
1647599753248135089,-0.193786621094,0.118896484375,-0.522399902344,0.82177734375,-2035.0,-4185.0,8006.0,-82.0,61.0,114.0,
1647599753276922225,-0.194580078125,0.125915527344,-0.516479492188,0.824340820312,-1793.0,-3960.0,8115.0,-77.0,60.0,121.0,
1647599753314377784,-0.195190429688,0.132629394531,-0.51025390625,0.827026367188,-1554.0,-3750.0,8206.0,-76.0,59.0,126.0,
1647599753414411544,-0.195861816406,0.139343261719,-0.503784179688,0.829711914062,-1332.0,-3608.0,8307.0,-77.0,58.0,129.0,
1647599753457535505,-0.196716308594,0.146057128906,-0.497192382812,0.832336425781,-1175.0,-3562.0,8424.0,-81.0,57.0,130.0,
1647599753525689840,-0.197814941406,0.152770996094,-0.490478515625,0.834838867188,-1085.0,-3607.0,8568.0,-84.0,55.0,130.0,
1647599753555030584,-0.199157714844,0.159423828125,-0.483703613281,0.837219238281,-1058.0,-3743.0,8742.0,-85.0,52.0,130.0,
1647599753630103826,-0.200500488281,0.165954589844,-0.476867675781,0.839538574219,-1101.0,-3972.0,8931.0,-84.0,50.0,129.0,
1647599753658478736,-0.201904296875,0.17236328125,-0.469909667969,0.841857910156,-1198.0,-4318.0,9111.0,-84.0,47.0,129.0,
1647599753694201707,-0.203552246094,0.1787109375,-0.462890625,0.843994140625,-1308.0,-4752.0,9251.0,-83.0,43.0,128.0,
1647599753725548982,-0.205383300781,0.184936523438,-0.455993652344,0.846008300781,-1423.0,-5203.0,9343.0,-83.0,40.0,125.0,
1647599753792034149,-0.207336425781,0.19091796875,-0.449157714844,0.847839355469,-1515.0,-5617.0,9399.0,-82.0,37.0,122.0,
1647599753866119623,-0.209411621094,0.196594238281,-0.442443847656,0.849548339844,-1541.0,-5960.0,9376.0,-80.0,34.0,118.0,
1647599753874827146,-0.211486816406,0.201965332031,-0.435974121094,0.851135253906,-1513.0,-6251.0,9263.0,-78.0,32.0,114.0,
1647599754008150100,-0.213684082031,0.207153320312,-0.4296875,0.8525390625,-1439.0,-6503.0,9095.0,-77.0,31.0,110.0,
1647599754052091121,-0.216003417969,0.212219238281,-0.423522949219,0.853759765625,-1338.0,-6732.0,8903.0,-77.0,30.0,107.0,
1647599754094088792,-0.218383789062,0.217102050781,-0.417602539062,0.854858398438,-1223.0,-6944.0,8705.0,-76.0,30.0,103.0,
1647599754099340915,-0.220703125,0.221740722656,-0.411926269531,0.855773925781,-1106.0,-7158.0,8507.0,-73.0,29.0,98.0,
1647599754125250101,-0.227294921875,0.241149902344,-0.388732910156,0.859680175781,-802.0,-8660.0,7924.0,-21.0,31.0,77.0,
1647599754127073526,-0.226623535156,0.243957519531,-0.385314941406,0.860595703125,-830.0,-8919.0,7913.0,-4.0,31.0,74.0,
1647599754157688856,-0.225036621094,0.246215820312,-0.382385253906,0.861694335938,-890.0,-9138.0,7977.0,13.0,31.0,71.0,
1647599754179087162,-0.222778320312,0.248046875,-0.379821777344,0.862854003906,-985.0,-9286.0,8083.0,27.0,30.0,67.0,
1647599754185550928,-0.219970703125,0.24951171875,-0.377624511719,0.864135742188,-1109.0,-9342.0,8227.0,37.0,28.0,62.0,
1647599754193169832,-0.216857910156,0.250610351562,-0.375732421875,0.865417480469,-1262.0,-9283.0,8389.0,43.0,27.0,57.0,
1647599754202315092,-0.200561523438,0.255432128906,-0.363586425781,0.873107910156,-1587.0,-6862.0,8305.0,-5.0,7.0,29.0,
1647599754205108880,-0.201477050781,0.257141113281,-0.357727050781,0.874816894531,-1596.0,-6405.0,7969.0,4.0,1.0,16.0,
1647599754267030954,-0.198486328125,0.258056640625,-0.350280761719,0.878234863281,-1968.0,-5020.0,6519.0,8.0,6.0,8.0,
1647599754313277959,-0.186645507812,0.26318359375,-0.344116210938,0.881713867188,-3103.0,-3885.0,6655.0,-17.0,5.0,8.0,
1647599754345828533,-0.183959960938,0.267028808594,-0.340576171875,0.882507324219,-3397.0,-4682.0,6883.0,21.0,6.0,14.0,
1647599754389648437,-0.180603027344,0.269287109375,-0.335388183594,0.884521484375,-3665.0,-4104.0,7093.0,-20.0,-2.0,3.0,
1647599754422327041,-0.182434082031,0.270751953125,-0.334045410156,0.884216308594,-3415.0,-4548.0,6940.0,3.0,2.0,5.0,
1647599754433379411,-0.179321289062,0.271484375,-0.3330078125,0.885009765625,-3213.0,-4022.0,6859.0,1.0,2.0,4.0,
1647599754507402658,-0.179748535156,0.272094726562,-0.332214355469,0.885009765625,-2970.0,-4470.0,6788.0,3.0,2.0,2.0,
1647599754557355165,-0.17724609375,0.272705078125,-0.332580566406,0.885192871094,-2882.0,-4366.0,6537.0,5.0,5.0,1.0,
1647599754586282968,-0.176025390625,0.274719238281,-0.3330078125,0.884643554688,-3159.0,-4421.0,6675.0,-1.0,5.0,-1.0,
1647599754737792253,-0.176696777344,0.275268554688,-0.332885742188,0.884399414062,-3054.0,-4302.0,6466.0,-7.0,1.0,-4.0,
1647599754755906105,-0.174499511719,0.278686523438,-0.336364746094,0.882446289062,-3110.0,-3949.0,6518.0,2.0,7.0,1.0,
1647599754756461381,-0.170593261719,0.28125,-0.33642578125,0.882385253906,-3235.0,-3784.0,7107.0,1.0,6.0,4.0,
1647599754757129430,-0.170715332031,0.28271484375,-0.334411621094,0.882629394531,-3411.0,-4092.0,7305.0,-8.0,0.0,3.0,
1647599754758756399,-0.171447753906,0.283020019531,-0.333801269531,0.882629394531,-3444.0,-4305.0,7284.0,-8.0,-1.0,3.0,
1647599754759062767,-0.166076660156,0.28076171875,-0.335571289062,0.883728027344,-2903.0,-3322.0,6595.0,11.0,0.0,2.0,
1647599754760768651,-0.1611328125,0.282653808594,-0.336853027344,0.883544921875,-3572.0,-4155.0,6160.0,11.0,4.0,0.0,
1647599754761426687,-0.158203125,0.283630371094,-0.337646484375,0.883422851562,-3336.0,-3694.0,6576.0,0.0,3.0,-1.0,
1647599754762221336,-0.158081054688,0.283813476562,-0.337646484375,0.883422851562,-3324.0,-3697.0,6715.0,-2.0,2.0,0.0,
1647599754763546466,-0.158325195312,0.284362792969,-0.336486816406,0.883605957031,-3259.0,-3975.0,6742.0,-3.0,0.0,4.0,
1647599754763973474,-0.158508300781,0.284484863281,-0.336303710938,0.883605957031,-3247.0,-4071.0,6685.0,-3.0,0.0,3.0,
1647599754764420747,-0.158447265625,0.285766601562,-0.335510253906,0.883544921875,-3395.0,-4319.0,6194.0,4.0,3.0,4.0,
1647599754768130064,-0.158081054688,0.286071777344,-0.335327148438,0.883544921875,-3448.0,-4287.0,6143.0,5.0,3.0,4.0,
1647599754769559621,-0.155883789062,0.28759765625,-0.334411621094,0.8837890625,-3669.0,-4028.0,5961.0,4.0,5.0,6.0,
1647599754770019769,-0.155578613281,0.2880859375,-0.334167480469,0.8837890625,-3717.0,-4003.0,5951.0,1.0,5.0,4.0,
1647599754770422697,-0.155517578125,0.289245605469,-0.333801269531,0.883544921875,-3779.0,-4002.0,5946.0,-4.0,5.0,2.0,
1647599754770909070,-0.155700683594,0.289855957031,-0.333618164062,0.883422851562,-3769.0,-4015.0,5927.0,-6.0,5.0,1.0,
1647599754771419286,-0.155944824219,0.290466308594,-0.33349609375,0.883178710938,-3746.0,-4030.0,5943.0,-7.0,5.0,1.0,
1647599754772826194,-0.153198242188,0.299255371094,-0.330688476562,0.8818359375,-3423.0,-3849.0,7024.0,-17.0,3.0,4.0,
1647599754773197650,-0.156188964844,0.301452636719,-0.329162597656,0.881103515625,-3847.0,-4657.0,7008.0,0.0,1.0,3.0,
1647599754774209499,-0.15478515625,0.303039550781,-0.327880859375,0.881286621094,-3758.0,-4118.0,6681.0,-1.0,3.0,2.0,
1647599754775956630,-0.140075683594,0.307739257812,-0.327087402344,0.882385253906,-4740.0,-4489.0,6582.0,13.0,1.0,3.0,
1647599754776446819,-0.132934570312,0.308166503906,-0.329162597656,0.882568359375,-6188.0,-4167.0,6328.0,-1.0,-7.0,-9.0,
1647599754777843236,-0.1455078125,0.313659667969,-0.320373535156,0.881896972656,-3699.0,-2423.0,5860.0,-24.0,2.0,30.0,
1647599754778318166,-0.153686523438,0.3203125,-0.2978515625,0.885986328125,-3117.0,-2085.0,6468.0,-60.0,-4.0,52.0,
1647599754778764486,-0.161071777344,0.323608398438,-0.284545898438,0.887878417969,-2753.0,-2356.0,6550.0,-71.0,-6.0,60.0,
1647599754779546260,-0.163818359375,0.324768066406,-0.279724121094,0.888488769531,-2639.0,-2438.0,6624.0,-74.0,-6.0,62.0,
1647599754780501604,-0.166687011719,0.325866699219,-0.274719238281,0.889099121094,-2554.0,-2522.0,6724.0,-76.0,-7.0,65.0,
1647599754781163930,-0.169555664062,0.326904296875,-0.26953125,0.889770507812,-2489.0,-2611.0,6823.0,-78.0,-8.0,67.0,
1647599754781825065,-0.172546386719,0.327880859375,-0.264221191406,0.890441894531,-2438.0,-2727.0,6929.0,-80.0,-10.0,69.0,
1647599754782680273,-0.175537109375,0.328735351562,-0.2587890625,0.89111328125,-2386.0,-2904.0,7047.0,-80.0,-11.0,71.0,
1647599754786644935,-0.178527832031,0.329467773438,-0.253295898438,0.891845703125,-2344.0,-3141.0,7193.0,-78.0,-13.0,72.0,
1647599754791522502,-0.181396484375,0.330017089844,-0.247863769531,0.892578125,-2298.0,-3411.0,7334.0,-74.0,-15.0,73.0,
