1649340876078829288,-0.117309570312,-0.398254394531,0.537292480469,0.734069824219,3743.0,-5238.0,5148.0,6.0,-4.0,-13.0,
1649340876092952251,-0.116516113281,-0.398376464844,0.536926269531,0.734436035156,3773.0,-5229.0,5162.0,7.0,-5.0,-14.0,
1649340876098649740,-0.114807128906,-0.3984375,0.536193847656,0.735229492188,3803.0,-5200.0,5192.0,10.0,-5.0,-14.0,
1649340876103252649,-0.113830566406,-0.3984375,0.535888671875,0.735595703125,3814.0,-5177.0,5195.0,11.0,-5.0,-14.0,
1649340876105272054,-0.11279296875,-0.398376464844,0.535522460938,0.736022949219,3824.0,-5148.0,5202.0,12.0,-5.0,-15.0,
1649340876124588727,-0.111755371094,-0.398315429688,0.535217285156,0.736450195312,3827.0,-5114.0,5200.0,12.0,-5.0,-15.0,
1649340876139370679,-0.0935668945312,-0.3984375,0.530883789062,0.742004394531,4183.0,-5060.0,5175.0,20.0,-9.0,-12.0,
1649340876144795656,-0.0886840820312,-0.397521972656,0.531311035156,0.742797851562,4239.0,-5064.0,5310.0,26.0,-8.0,-11.0,
1649340876156940698,-0.0613403320312,-0.389038085938,0.537963867188,0.745239257812,4004.0,-4549.0,5795.0,32.0,-12.0,-8.0,
1649340876162689685,-0.0593872070312,-0.388427734375,0.538452148438,0.745361328125,3982.0,-4513.0,5822.0,32.0,-12.0,-8.0,
1649340876172317028,-0.0136108398438,-0.369812011719,0.5576171875,0.742980957031,4232.0,-3345.0,6091.0,31.0,-6.0,3.0,
1649340876176493644,-0.0015869140625,-0.364135742188,0.562072753906,0.742553710938,4367.0,-3381.0,6119.0,24.0,-6.0,-4.0,
1649340876183883666,0.0013427734375,-0.362854003906,0.56298828125,0.742492675781,4439.0,-3495.0,6124.0,28.0,-6.0,-4.0,
1649340876214510679,0.0064697265625,-0.360107421875,0.564697265625,0.742492675781,4477.0,-3423.0,6180.0,34.0,-5.0,-4.0,
1649340876218327760,0.0155029296875,-0.354919433594,0.567626953125,0.742614746094,4331.0,-2995.0,6228.0,30.0,-6.0,-4.0,
1649340876229690074,0.0234985351562,-0.351013183594,0.569580078125,0.742797851562,4205.0,-2784.0,6252.0,17.0,-6.0,-4.0,
1649340876287202358,0.0253295898438,-0.350219726562,0.569885253906,0.742858886719,4166.0,-2714.0,6244.0,13.0,-5.0,-4.0,
1649340876294666290,0.0260620117188,-0.349914550781,0.570007324219,0.742919921875,4129.0,-2676.0,6228.0,11.0,-5.0,-4.0,
1649340876304735898,0.0286865234375,-0.348449707031,0.5703125,0.743286132812,3798.0,-2704.0,6193.0,2.0,-2.0,-3.0,
1649340876309154748,0.02880859375,-0.348327636719,0.570251464844,0.743347167969,3793.0,-2701.0,6195.0,2.0,-2.0,-3.0,
1649340876313074111,0.029052734375,-0.347290039062,0.569946289062,0.744079589844,3958.0,-2846.0,6220.0,2.0,1.0,-3.0,
1649340876325213909,0.0291137695312,-0.346984863281,0.569946289062,0.744201660156,3998.0,-2881.0,6229.0,4.0,1.0,-3.0,
1649340876346844196,0.029296875,-0.3466796875,0.570007324219,0.744323730469,4036.0,-2897.0,6235.0,5.0,2.0,-3.0,
1649340876723420381,0.029541015625,-0.346313476562,0.570068359375,0.744445800781,4075.0,-2905.0,6257.0,6.0,2.0,-3.0,
1649340876728891372,0.0298461914062,-0.345825195312,0.570129394531,0.744567871094,4114.0,-2912.0,6270.0,8.0,2.0,-3.0,
1649340876734589338,0.0301513671875,-0.345336914062,0.570251464844,0.744689941406,4151.0,-2917.0,6294.0,9.0,2.0,-3.0,
1649340876743982553,0.0305786132812,-0.344787597656,0.570434570312,0.744812011719,4192.0,-2930.0,6313.0,10.0,2.0,-3.0,
1649340876754260778,0.0320434570312,-0.343078613281,0.571044921875,0.7451171875,4289.0,-2945.0,6362.0,13.0,2.0,-3.0,
1649340876765294075,0.0326538085938,-0.342407226562,0.571228027344,0.745178222656,4318.0,-2945.0,6378.0,13.0,2.0,-3.0,
1649340876770845174,0.033203125,-0.341796875,0.571411132812,0.745300292969,4338.0,-2951.0,6407.0,14.0,2.0,-3.0,
1649340876791595220,0.0374755859375,-0.337951660156,0.57275390625,0.745849609375,4483.0,-3083.0,6588.0,14.0,0.0,-4.0,
1649340876797911882,0.0381469726562,-0.33740234375,0.572937011719,0.745910644531,4495.0,-3092.0,6620.0,14.0,-1.0,-4.0,
1649340876823766469,0.0388793945312,-0.3369140625,0.573059082031,0.745971679688,4503.0,-3097.0,6636.0,14.0,-1.0,-5.0,
1649340876827909946,0.0396118164062,-0.33642578125,0.573181152344,0.74609375,4496.0,-3105.0,6657.0,15.0,-1.0,-5.0,
1649340876841495513,0.0418701171875,-0.334777832031,0.573486328125,0.746459960938,4453.0,-3091.0,6675.0,15.0,-2.0,-7.0,
1649340876849218845,0.0426635742188,-0.334289550781,0.573547363281,0.746643066406,4440.0,-3076.0,6673.0,15.0,-2.0,-7.0,
1649340876852960586,0.04345703125,-0.333740234375,0.573547363281,0.746826171875,4437.0,-3061.0,6671.0,15.0,-2.0,-8.0,
1649340876862586975,0.0443725585938,-0.333190917969,0.573486328125,0.747009277344,4439.0,-3044.0,6680.0,15.0,-2.0,-9.0,
1649340876878176450,0.05029296875,-0.329345703125,0.572814941406,0.748901367188,4514.0,-2982.0,6648.0,20.0,0.0,-13.0,
1649340876881924152,0.0514526367188,-0.32861328125,0.572631835938,0.749267578125,4541.0,-2955.0,6650.0,21.0,0.0,-14.0,
1649340876987835645,0.0728149414062,-0.312805175781,0.5703125,0.755981445312,4644.0,-2193.0,6525.0,37.0,4.0,-19.0,
1649340876995386362,0.07861328125,-0.307800292969,0.570129394531,0.757629394531,4594.0,-1988.0,6571.0,37.0,5.0,-17.0,
1649340876997456073,0.0804443359375,-0.306030273438,0.570129394531,0.758117675781,4565.0,-1909.0,6595.0,37.0,6.0,-17.0,
1649340877017141103,0.0823364257812,-0.304260253906,0.570129394531,0.758605957031,4530.0,-1831.0,6626.0,37.0,6.0,-16.0,
1649340877022667407,0.0841674804688,-0.302490234375,0.570190429688,0.759094238281,4495.0,-1759.0,6651.0,37.0,5.0,-15.0,
1649340877038937807,0.0935668945312,-0.293029785156,0.570495605469,0.761474609375,4331.0,-1521.0,6916.0,29.0,4.0,-12.0,
1649340877041000366,0.100463867188,-0.284912109375,0.553649902344,0.775939941406,4407.0,-1786.0,6779.0,-4.0,-2.0,-3.0,
1649340877044664621,0.100341796875,-0.285095214844,0.553527832031,0.776000976562,4414.0,-1763.0,6763.0,-3.0,-2.0,-4.0,
1649340877053951025,0.100280761719,-0.285217285156,0.553344726562,0.776123046875,4420.0,-1734.0,6745.0,-2.0,-2.0,-4.0,
1649340877059625387,0.100341796875,-0.285400390625,0.553039550781,0.776245117188,4441.0,-1670.0,6711.0,-1.0,-2.0,-4.0,
1649340877065024137,0.100463867188,-0.285583496094,0.552673339844,0.776428222656,4512.0,-1614.0,6678.0,0.0,-2.0,-4.0,
1649340877069641113,0.1005859375,-0.28564453125,0.552490234375,0.776489257812,4561.0,-1603.0,6669.0,0.0,-2.0,-4.0,
1649340877075916767,0.100708007812,-0.285705566406,0.552307128906,0.776611328125,4618.0,-1593.0,6659.0,0.0,-1.0,-4.0,
1649340877085411310,0.100830078125,-0.285766601562,0.552124023438,0.776672363281,4676.0,-1582.0,6646.0,1.0,-1.0,-5.0,
1649340877101342678,0.101013183594,-0.285766601562,0.551940917969,0.776794433594,4723.0,-1574.0,6642.0,1.0,0.0,-5.0,
1649340877163868904,0.101379394531,-0.28564453125,0.551574707031,0.777038574219,4813.0,-1551.0,6648.0,3.0,0.0,-5.0,
1649340877169416189,0.101684570312,-0.285522460938,0.551452636719,0.777160644531,4842.0,-1527.0,6658.0,4.0,1.0,-5.0,
1649340877175359010,0.102294921875,-0.285034179688,0.551208496094,0.777404785156,4857.0,-1469.0,6719.0,6.0,1.0,-5.0,
1649340877184332370,0.104248046875,-0.283020019531,0.550903320312,0.778137207031,4744.0,-1456.0,6973.0,10.0,1.0,-6.0,
1649340877196554660,0.104797363281,-0.282470703125,0.550903320312,0.778259277344,4722.0,-1456.0,7010.0,11.0,1.0,-6.0,
1649340877198519945,0.106079101562,-0.281372070312,0.550903320312,0.778442382812,4707.0,-1413.0,7084.0,13.0,0.0,-6.0,
1649340877200900554,0.106750488281,-0.280822753906,0.550903320312,0.778564453125,4706.0,-1378.0,7110.0,14.0,0.0,-6.0,
1649340877205972671,0.107543945312,-0.280212402344,0.550964355469,0.778686523438,4701.0,-1342.0,7136.0,14.0,0.0,-6.0,
1649340877227317333,0.108337402344,-0.279602050781,0.550964355469,0.778747558594,4698.0,-1309.0,7151.0,15.0,0.0,-6.0,
1649340877300415277,0.11083984375,-0.277893066406,0.550903320312,0.779052734375,4677.0,-1253.0,7194.0,15.0,-1.0,-6.0,
1649340877322875976,0.111694335938,-0.277282714844,0.550903320312,0.779113769531,4671.0,-1249.0,7202.0,16.0,-1.0,-6.0,
1649340877328283548,0.112609863281,-0.276733398438,0.550903320312,0.779174804688,4657.0,-1248.0,7209.0,17.0,-2.0,-7.0,
1649340877332054853,0.114624023438,-0.275390625,0.550964355469,0.779296875,4659.0,-1236.0,7238.0,19.0,-2.0,-7.0,
1649340877367920875,0.13671875,-0.259460449219,0.552612304688,0.780090332031,4872.0,-299.0,6807.0,9.0,4.0,-4.0,
1649340877386306285,0.137084960938,-0.258911132812,0.552612304688,0.780212402344,4846.0,-342.0,6868.0,9.0,4.0,-4.0,
1649340877422048091,0.137451171875,-0.25830078125,0.552612304688,0.780334472656,4817.0,-392.0,6920.0,9.0,4.0,-4.0,
1649340877427477598,0.137756347656,-0.257751464844,0.552673339844,0.780456542969,4785.0,-444.0,6972.0,9.0,4.0,-4.0,
1649340877463817358,0.138549804688,-0.256164550781,0.552795410156,0.780700683594,4701.0,-584.0,7090.0,8.0,3.0,-3.0,
1649340877495749235,0.139709472656,-0.254211425781,0.553039550781,0.780944824219,4597.0,-685.0,7125.0,9.0,2.0,-3.0,
1649340877498365640,0.140014648438,-0.253784179688,0.553161621094,0.781005859375,4582.0,-686.0,7081.0,9.0,2.0,-3.0,
1649340877525437116,0.141235351562,-0.252258300781,0.553344726562,0.781127929688,4529.0,-603.0,6882.0,10.0,3.0,-3.0,
1649340877530956983,0.141723632812,-0.251708984375,0.553405761719,0.781188964844,4495.0,-564.0,6825.0,10.0,3.0,-3.0,
1649340877542484045,0.142456054688,-0.250549316406,0.553527832031,0.781311035156,4423.0,-519.0,6743.0,9.0,4.0,-4.0,
1649340877563797712,0.143005371094,-0.249572753906,0.553466796875,0.781616210938,4360.0,-550.0,6721.0,7.0,4.0,-5.0,
1649340877576652765,0.144104003906,-0.244873046875,0.552612304688,0.783447265625,4071.0,-767.0,6817.0,7.0,4.0,-6.0,
1649340877611622095,0.146423339844,-0.240356445312,0.551513671875,0.785217285156,4167.0,-569.0,7032.0,9.0,3.0,-8.0,
1649340877619130134,0.146911621094,-0.23974609375,0.551330566406,0.785461425781,4203.0,-484.0,7068.0,8.0,2.0,-8.0,
1649340877628804445,0.147277832031,-0.2392578125,0.551086425781,0.785705566406,4243.0,-405.0,7095.0,7.0,2.0,-8.0,
1649340877637830972,0.148376464844,-0.238037109375,0.55029296875,0.786376953125,4381.0,-170.0,7107.0,3.0,1.0,-7.0,
1649340877645432472,0.148559570312,-0.23779296875,0.550048828125,0.78662109375,4416.0,-124.0,7095.0,2.0,1.0,-7.0,
1649340877652651309,0.148742675781,-0.237609863281,0.549743652344,0.786804199219,4453.0,-93.0,7092.0,1.0,1.0,-6.0,
1649340877673878431,0.148376464844,-0.237243652344,0.548522949219,0.787902832031,4638.0,-65.0,7066.0,-3.0,2.0,-3.0,
1649340877678041696,0.143676757812,-0.238586425781,0.546691894531,0.789611816406,4367.0,-200.0,7226.0,-14.0,-1.0,-1.0,
1649340877685986995,0.14013671875,-0.2412109375,0.545532226562,0.790283203125,4310.0,-346.0,7337.0,-15.0,-3.0,-1.0,
1649340877700153350,0.139526367188,-0.241760253906,0.545288085938,0.790344238281,4309.0,-386.0,7327.0,-14.0,-4.0,-1.0,
1649340877708950996,0.135314941406,-0.246215820312,0.543212890625,0.791137695312,4337.0,-407.0,6901.0,-13.0,-2.0,-2.0,
1649340877712453842,0.133361816406,-0.247619628906,0.542297363281,0.791687011719,4227.0,-186.0,6753.0,-18.0,-1.0,-2.0,
1649340877717847585,0.123291015625,-0.254211425781,0.538696289062,0.793640136719,4013.0,-754.0,6749.0,-26.0,-1.0,-2.0,
1649340877774736404,0.117736816406,-0.257507324219,0.53759765625,0.794189453125,4062.0,-1154.0,6745.0,0.0,0.0,0.0,
1649340877790161609,0.117797851562,-0.257446289062,0.537658691406,0.794128417969,4064.0,-1074.0,6745.0,2.0,-1.0,0.0,
1649340877832020521,0.118225097656,-0.257141113281,0.538024902344,0.7939453125,4113.0,-836.0,6785.0,0.0,-2.0,1.0,
1649340877837332248,0.1181640625,-0.257202148438,0.5380859375,0.793884277344,4143.0,-816.0,6801.0,-1.0,-2.0,1.0,
1649340877847307920,0.118103027344,-0.25732421875,0.5380859375,0.793884277344,4174.0,-813.0,6814.0,-3.0,-2.0,1.0,
1649340877852892637,0.117919921875,-0.257507324219,0.5380859375,0.793823242188,4209.0,-821.0,6838.0,-4.0,-2.0,0.0,
1649340877861421585,0.116882324219,-0.258605957031,0.537780761719,0.793823242188,4323.0,-836.0,6952.0,-8.0,-2.0,0.0,
1649340877873054265,0.116516113281,-0.258972167969,0.537658691406,0.793884277344,4360.0,-826.0,6978.0,-9.0,-2.0,0.0,
1649340877878574371,0.116088867188,-0.259399414062,0.537536621094,0.793884277344,4395.0,-813.0,6994.0,-10.0,-3.0,0.0,
1649340877906346082,0.115173339844,-0.260375976562,0.537231445312,0.793884277344,4464.0,-812.0,7023.0,-12.0,-3.0,1.0,
1649340877909965753,0.112976074219,-0.2626953125,0.53662109375,0.793884277344,4556.0,-1030.0,6993.0,-12.0,-3.0,0.0,
1649340877969605207,0.110473632812,-0.266052246094,0.535522460938,0.793823242188,4726.0,-1250.0,6819.0,-2.0,-1.0,-2.0,
1649340877988034963,0.110473632812,-0.26611328125,0.535400390625,0.793884277344,4691.0,-1188.0,6794.0,0.0,0.0,-2.0,
1649340877993269443,0.110534667969,-0.265930175781,0.535217285156,0.794006347656,4618.0,-1087.0,6799.0,0.0,1.0,-3.0,
1649340878027055025,0.110595703125,-0.265686035156,0.535095214844,0.794250488281,4542.0,-1005.0,6845.0,0.0,1.0,-2.0,
1649340878030788183,0.110534667969,-0.265625,0.534973144531,0.794311523438,4511.0,-971.0,6874.0,-1.0,1.0,-2.0,
1649340878034991264,0.110290527344,-0.265563964844,0.534729003906,0.794555664062,4463.0,-922.0,6911.0,-4.0,0.0,-2.0,
1649340878037038326,0.110107421875,-0.265625,0.534545898438,0.794677734375,4446.0,-911.0,6923.0,-5.0,0.0,-2.0,
1649340878047568559,0.109191894531,-0.266052246094,0.534057617188,0.794982910156,4413.0,-909.0,6970.0,-7.0,0.0,-2.0,
1649340878129944801,0.108581542969,-0.266357421875,0.533752441406,0.795166015625,4382.0,-915.0,6985.0,-7.0,0.0,-2.0,
1649340878132139682,0.108276367188,-0.266540527344,0.533569335938,0.795288085938,4369.0,-908.0,7001.0,-7.0,-1.0,-2.0,
1649340878135896682,0.107727050781,-0.266845703125,0.533325195312,0.79541015625,4342.0,-857.0,7033.0,-6.0,-1.0,-1.0,
1649340878141349554,0.107543945312,-0.267028808594,0.533203125,0.795471191406,4334.0,-809.0,7044.0,-6.0,-2.0,-1.0,
1649340878168725013,0.107299804688,-0.267150878906,0.533081054688,0.795532226562,4334.0,-743.0,7048.0,-7.0,-2.0,-1.0,
1649340878178758859,0.106872558594,-0.267517089844,0.532775878906,0.795654296875,4325.0,-598.0,7032.0,-8.0,-2.0,0.0,
1649340878184118509,0.106567382812,-0.267761230469,0.532592773438,0.795776367188,4315.0,-549.0,7019.0,-10.0,-2.0,0.0,
1649340878194857835,0.100341796875,-0.273193359375,0.530395507812,0.796203613281,4311.0,-698.0,7009.0,-26.0,-4.0,1.0,
1649340878229777097,0.097900390625,-0.275329589844,0.529602050781,0.796264648438,4350.0,-745.0,6998.0,-29.0,-5.0,2.0,
1649340878327231884,0.080078125,-0.290283203125,0.524780273438,0.796142578125,4471.0,-1424.0,6793.0,-29.0,-4.0,3.0,
1649340878350507020,0.07470703125,-0.29443359375,0.523315429688,0.796142578125,4415.0,-1417.0,6860.0,-30.0,-4.0,2.0,
1649340878445564270,0.0671997070312,-0.300354003906,0.520812988281,0.796203613281,4382.0,-1571.0,6830.0,-35.0,-5.0,1.0,
1649340878450981616,0.0596923828125,-0.306640625,0.517822265625,0.79638671875,4440.0,-1828.0,6744.0,-31.0,-4.0,-1.0,
1649340878455272436,0.0582885742188,-0.307800292969,0.517150878906,0.796447753906,4453.0,-1794.0,6720.0,-32.0,-4.0,-1.0,
1649340878460806131,0.056884765625,-0.308959960938,0.516479492188,0.796508789062,4471.0,-1749.0,6679.0,-33.0,-4.0,-1.0,
1649340878479030132,0.0416259765625,-0.321411132812,0.509887695312,0.796813964844,4648.0,-2453.0,6400.0,-17.0,-1.0,0.0,
1649340878491486549,0.0388793945312,-0.323303222656,0.508911132812,0.796813964844,4587.0,-2258.0,6451.0,-15.0,-1.0,0.0,
1649340878500633001,0.0314331054688,-0.329467773438,0.505187988281,0.796997070312,4716.0,-2356.0,6323.0,-24.0,-2.0,-2.0,
1649340878508807182,0.0303955078125,-0.330322265625,0.504638671875,0.796997070312,4733.0,-2436.0,6311.0,-22.0,-2.0,-2.0,
1649340878519654750,0.0294189453125,-0.331115722656,0.504150390625,0.796997070312,4747.0,-2494.0,6288.0,-20.0,-2.0,-2.0,
1649340878525753259,0.0286254882812,-0.331787109375,0.503784179688,0.797058105469,4754.0,-2529.0,6254.0,-18.0,-2.0,-2.0,
1649340878534805059,0.0279541015625,-0.332336425781,0.50341796875,0.796997070312,4759.0,-2541.0,6220.0,-15.0,-1.0,-1.0,
1649340878538999319,0.0243530273438,-0.334289550781,0.502014160156,0.797241210938,4558.0,-2455.0,6324.0,-1.0,1.0,1.0,
1649340878544265031,0.0242309570312,-0.333740234375,0.502624511719,0.797119140625,4351.0,-2382.0,6402.0,2.0,0.0,2.0,
1649340878555444717,0.0242309570312,-0.333557128906,0.502807617188,0.796997070312,4296.0,-2345.0,6413.0,1.0,-1.0,2.0,
1649340878562661886,0.0242309570312,-0.333435058594,0.502990722656,0.796936035156,4239.0,-2316.0,6408.0,1.0,-1.0,3.0,
1649340878566397905,0.0235595703125,-0.333679199219,0.504272460938,0.796081542969,4066.0,-2333.0,6367.0,-3.0,-4.0,5.0,
1649340878572646617,0.0233764648438,-0.333862304688,0.504516601562,0.7958984375,4053.0,-2354.0,6366.0,-3.0,-4.0,5.0,
1649340878576741218,0.023193359375,-0.334045410156,0.504760742188,0.795654296875,4040.0,-2376.0,6370.0,-3.0,-4.0,5.0,
1649340878580565929,0.0230102539062,-0.334167480469,0.505004882812,0.79541015625,4031.0,-2395.0,6348.0,-3.0,-4.0,5.0,
1649340878587754487,0.0225219726562,-0.334655761719,0.505493164062,0.794921875,4019.0,-2380.0,6319.0,-4.0,-4.0,6.0,
1649340878609423637,0.0191650390625,-0.337707519531,0.506469726562,0.793090820312,4109.0,-2415.0,6197.0,-14.0,-5.0,6.0,
1649340878623326778,0.0184326171875,-0.338317871094,0.506530761719,0.792785644531,4145.0,-2424.0,6162.0,-14.0,-5.0,7.0,
1649340878629365205,0.005126953125,-0.350036621094,0.509643554688,0.785888671875,4378.0,-2689.0,6274.0,-17.0,-7.0,9.0,
1649340878646250486,0.00323486328125,-0.351745605469,0.509704589844,0.785095214844,4390.0,-2659.0,6377.0,-22.0,-7.0,8.0,
1649340878655642509,-0.00152587890625,-0.35595703125,0.508850097656,0.783752441406,4465.0,-2833.0,6411.0,-28.0,-7.0,6.0,
1649340878663114070,-0.0029296875,-0.361206054688,0.510009765625,0.780639648438,5164.0,-3832.0,6643.0,23.0,-3.0,-1.0,
1649340878677056312,0.00787353515625,-0.355285644531,0.513916015625,0.78076171875,5322.0,-3264.0,6694.0,41.0,-2.0,-3.0,
1649340878709000587,0.0101318359375,-0.35400390625,0.514709472656,0.78076171875,5404.0,-3280.0,6634.0,44.0,-1.0,-3.0,
1649340878761290550,0.012451171875,-0.352661132812,0.515625,0.78076171875,5514.0,-3297.0,6512.0,47.0,0.0,-2.0,
1649340878777384042,0.0148315429688,-0.351318359375,0.516479492188,0.78076171875,5623.0,-3297.0,6500.0,48.0,2.0,-2.0,
1649340878796965837,0.025634765625,-0.344116210938,0.520629882812,0.780883789062,5595.0,-3374.0,6483.0,65.0,4.0,-5.0,
1649340878808083772,0.035888671875,-0.336791992188,0.524169921875,0.781311035156,5470.0,-3397.0,6451.0,77.0,4.0,-9.0,
1649340878810557603,0.0396728515625,-0.334228515625,0.525451660156,0.781372070312,5539.0,-3400.0,6440.0,80.0,4.0,-8.0,
1649340878835224151,0.0436401367188,-0.33154296875,0.526733398438,0.781433105469,5603.0,-3421.0,6425.0,83.0,5.0,-8.0,
1649340878841146230,0.0476684570312,-0.328735351562,0.528076171875,0.781494140625,5647.0,-3429.0,6397.0,86.0,6.0,-9.0,
1649340878850253820,0.0557861328125,-0.322814941406,0.530700683594,0.781616210938,5638.0,-3347.0,6320.0,88.0,8.0,-11.0,
1649340878858617782,0.0598754882812,-0.31982421875,0.531921386719,0.78173828125,5600.0,-3250.0,6328.0,88.0,8.0,-11.0,
1649340878862596511,0.06787109375,-0.313598632812,0.534240722656,0.782043457031,5474.0,-2961.0,6541.0,84.0,8.0,-12.0,
1649340878870784521,0.0718383789062,-0.310485839844,0.535339355469,0.782165527344,5406.0,-2798.0,6681.0,83.0,7.0,-12.0,
1649340878893009424,0.0758056640625,-0.307434082031,0.536315917969,0.782287597656,5326.0,-2627.0,6849.0,82.0,5.0,-12.0,
1649340878943994998,0.079833984375,-0.304443359375,0.537292480469,0.782409667969,5245.0,-2471.0,7031.0,81.0,3.0,-13.0,
1649340878950251102,0.0838012695312,-0.301574707031,0.538208007812,0.782470703125,5164.0,-2321.0,7177.0,79.0,1.0,-13.0,
1649340878974669218,0.0918579101562,-0.296081542969,0.539978027344,0.782470703125,5016.0,-2063.0,7336.0,78.0,-3.0,-13.0,
1649340878982138633,0.0997924804688,-0.291137695312,0.541625976562,0.7822265625,4990.0,-1839.0,7283.0,75.0,-5.0,-11.0,
1649340878994779109,0.103637695312,-0.288940429688,0.542419433594,0.781982421875,5030.0,-1714.0,7174.0,72.0,-6.0,-10.0,
1649340878996546030,0.110961914062,-0.284912109375,0.543701171875,0.781555175781,5156.0,-1229.0,6863.0,64.0,-4.0,-10.0,
1649340879301982879,0.123352050781,-0.278198242188,0.544860839844,0.781311035156,5158.0,-232.0,6321.0,44.0,-2.0,-9.0,
1649340879307678699,0.133666992188,-0.272521972656,0.545532226562,0.781188964844,4791.0,-764.0,6216.0,49.0,-3.0,-15.0,
1649340879312160015,0.144287109375,-0.265258789062,0.545715332031,0.781616210938,4538.0,-1235.0,6711.0,55.0,-2.0,-21.0,
1649340879318627595,0.147094726562,-0.263244628906,0.545776367188,0.78173828125,4541.0,-1142.0,6840.0,55.0,-2.0,-20.0,
1649340879402735471,0.159973144531,-0.255065917969,0.545715332031,0.781982421875,4588.0,-563.0,7213.0,37.0,-6.0,-16.0,
1649340879418231725,0.168518066406,-0.251647949219,0.541809082031,0.783996582031,4589.0,-396.0,6984.0,12.0,-9.0,-21.0,
1649340879434703111,0.169677734375,-0.251525878906,0.540954589844,0.784362792969,4645.0,-410.0,6863.0,12.0,-9.0,-21.0,
1649340879444953441,0.189270019531,-0.243896484375,0.5302734375,0.78955078125,4806.0,298.0,6278.0,26.0,-3.0,-19.0,
1649340879448752164,0.194274902344,-0.240905761719,0.528747558594,0.790283203125,4725.0,938.0,6178.0,20.0,-1.0,-15.0,
1649340879469031095,0.195678710938,-0.240051269531,0.528198242188,0.790588378906,4676.0,1139.0,6185.0,16.0,-1.0,-14.0,
1649340879473614454,0.196716308594,-0.239379882812,0.527648925781,0.790893554688,4631.0,1300.0,6200.0,10.0,-1.0,-13.0,
1649340879495368957,0.197448730469,-0.238891601562,0.527038574219,0.791259765625,4594.0,1400.0,6216.0,4.0,-2.0,-12.0,
1649340879514453649,0.196533203125,-0.239807128906,0.522521972656,0.794189453125,4529.0,1225.0,6462.0,-16.0,-3.0,-9.0,
1649340879528566122,0.194152832031,-0.241638183594,0.520324707031,0.795654296875,4528.0,911.0,6491.0,-15.0,-2.0,-5.0,
1649340879562485694,0.192565917969,-0.242553710938,0.519409179688,0.79638671875,4477.0,811.0,6323.0,-11.0,0.0,-2.0,
1649340879570209264,0.191101074219,-0.242919921875,0.518676757812,0.797119140625,4392.0,782.0,6167.0,-8.0,2.0,-2.0,
1649340879573899269,0.185302734375,-0.243225097656,0.518188476562,0.798706054688,4419.0,989.0,6760.0,-19.0,3.0,6.0,
1649340879595382452,0.18408203125,-0.24365234375,0.518249511719,0.798828125,4429.0,953.0,6856.0,-22.0,2.0,6.0,
1649340879610559940,0.174865722656,-0.248291015625,0.517761230469,0.799743652344,4496.0,741.0,7074.0,-33.0,-1.0,6.0,
1649340879612629413,0.173156738281,-0.249389648438,0.517578125,0.799926757812,4496.0,752.0,7055.0,-36.0,-1.0,7.0,
1649340879628478050,0.169128417969,-0.252014160156,0.516906738281,0.800354003906,4493.0,737.0,7033.0,-44.0,-2.0,7.0,
1649340879632212877,0.166870117188,-0.253540039062,0.516540527344,0.800659179688,4505.0,696.0,7026.0,-47.0,-3.0,7.0,
1649340879669697761,0.164489746094,-0.255187988281,0.516052246094,0.800903320312,4528.0,618.0,7009.0,-49.0,-3.0,7.0,
1649340879673279047,0.0565185546875,-0.320678710938,0.502624511719,0.800842285156,3093.0,-1808.0,6576.0,-29.0,-6.0,10.0,
1649340879709186553,0.0548095703125,-0.321594238281,0.502624511719,0.800537109375,2996.0,-1783.0,6555.0,-31.0,-7.0,11.0,
1649340879714909791,0.052978515625,-0.322692871094,0.502563476562,0.800231933594,2929.0,-1751.0,6543.0,-34.0,-8.0,11.0,
1649340879724976301,0.051025390625,-0.323974609375,0.50244140625,0.799926757812,2895.0,-1712.0,6509.0,-38.0,-9.0,11.0,
1649340879753590345,0.0489501953125,-0.325378417969,0.502258300781,0.799621582031,2870.0,-1665.0,6445.0,-42.0,-9.0,10.0,
1649340879758987188,0.03857421875,-0.332397460938,0.500183105469,0.798583984375,2696.0,-1568.0,6063.0,-61.0,-9.0,9.0,
1649340879830938339,-0.0477905273438,-0.382141113281,0.469360351562,0.794555664062,2179.0,-3135.0,3794.0,-159.0,10.0,2.0,
1649340879835396051,-0.0753784179688,-0.395141601562,0.457153320312,0.793151855469,2255.0,-2951.0,3218.0,-185.0,17.0,2.0,
1649340879863227128,-0.0958251953125,-0.404235839844,0.447692871094,0.791809082031,2381.0,-2767.0,2876.0,-199.0,21.0,4.0,
1649340879866938114,-0.1064453125,-0.408752441406,0.442749023438,0.790893554688,2455.0,-2676.0,2688.0,-204.0,24.0,6.0,
1649340879921446800,-0.152038574219,-0.426391601562,0.422668457031,0.785095214844,2797.0,-2648.0,1778.0,-218.0,32.0,20.0,
1649340879958397388,-0.164184570312,-0.430603027344,0.417602539062,0.783081054688,2872.0,-2708.0,1555.0,-221.0,34.0,24.0,
1649340879979960203,-0.176574707031,-0.434692382812,0.412475585938,0.780822753906,2922.0,-2790.0,1339.0,-224.0,36.0,27.0,
1649340879984181165,-0.228271484375,-0.449157714844,0.392211914062,0.769592285156,2918.0,-3264.0,624.0,-227.0,44.0,42.0,
1649340879985664844,-0.241394042969,-0.452209472656,0.387451171875,0.766235351562,2912.0,-3376.0,480.0,-225.0,45.0,47.0,
1649340879993970155,-0.293762207031,-0.461608886719,0.370361328125,0.750610351562,3048.0,-3684.0,15.0,-215.0,48.0,67.0,
1649340880030144453,-0.306823730469,-0.463317871094,0.366577148438,0.746215820312,3098.0,-3754.0,-87.0,-213.0,49.0,73.0,
1649340880053134441,-0.359313964844,-0.467529296875,0.353210449219,0.726318359375,3169.0,-4326.0,-292.0,-207.0,51.0,93.0,
1649340880056998491,-0.398498535156,-0.467529296875,0.345520019531,0.709350585938,2975.0,-5005.0,-30.0,-201.0,50.0,106.0,
1649340880068129539,-0.424011230469,-0.466064453125,0.341552734375,0.697448730469,2741.0,-5511.0,266.0,-194.0,48.0,113.0,
1649340880078491926,-0.483947753906,-0.459045410156,0.335327148438,0.665344238281,2192.0,-6937.0,372.0,-175.0,40.0,123.0,
1649340880100596904,-0.517639160156,-0.453125,0.332946777344,0.644836425781,1927.0,-7807.0,116.0,-166.0,37.0,126.0,
1649340880142077207,-0.549743652344,-0.4462890625,0.3310546875,0.623718261719,1820.0,-8883.0,-191.0,-161.0,35.0,127.0,
1649340880145774602,-0.56005859375,-0.44384765625,0.330322265625,0.616577148438,1800.0,-9332.0,-300.0,-160.0,35.0,127.0,
1649340880157621622,-0.625061035156,-0.425720214844,0.323974609375,0.568420410156,1281.0,-12265.0,-952.0,-135.0,33.0,107.0,
1649340880161787509,-0.672729492188,-0.406799316406,0.31689453125,0.530639648438,1384.0,-12396.0,-1838.0,-105.0,34.0,89.0,
1649340880167305946,-0.678771972656,-0.404235839844,0.3154296875,0.525756835938,1466.0,-12268.0,-1972.0,-105.0,35.0,87.0,
1649340880173668146,-0.684814453125,-0.401733398438,0.313720703125,0.520812988281,1547.0,-12146.0,-2091.0,-106.0,36.0,85.0,
1649340880179193973,-0.690734863281,-0.399291992188,0.311828613281,0.515930175781,1597.0,-12019.0,-2163.0,-107.0,38.0,83.0,
1649340880202287912,-0.727233886719,-0.38330078125,0.298156738281,0.485107421875,881.0,-12608.0,-1481.0,-91.0,33.0,61.0,
1649340880213336229,-0.734558105469,-0.37939453125,0.295349121094,0.478881835938,703.0,-12714.0,-1528.0,-76.0,29.0,51.0,
1649340880218749284,-0.767211914062,-0.363403320312,0.274719238281,0.451538085938,7.0,-9779.0,-2079.0,-40.0,23.0,24.0,
1649340880220983505,-0.768920898438,-0.362121582031,0.273681640625,0.450256347656,-70.0,-9460.0,-2067.0,-37.0,22.0,25.0,
1649340880231824636,-0.777038574219,-0.354736328125,0.270263671875,0.444274902344,-593.0,-8066.0,-2256.0,-30.0,18.0,28.0,
