1648647604108963251,0.276733398438,0.269287109375,-0.899108886719,0.206237792969,-4975.0,-2243.0,5032.0,41.0,44.0,7.0,
1648647604113783597,0.280029296875,0.266540527344,-0.899047851562,0.205444335938,-5205.0,-1654.0,5144.0,48.0,41.0,9.0,
1648647604118190526,0.283447265625,0.263427734375,-0.898986816406,0.205078125,-5400.0,-913.0,5174.0,46.0,38.0,11.0,
1648647604123398542,0.286804199219,0.260681152344,-0.898742675781,0.205139160156,-5542.0,-308.0,5313.0,34.0,36.0,12.0,
1648647604127462863,0.289733886719,0.258850097656,-0.898254394531,0.205444335938,-5594.0,61.0,5361.0,17.0,34.0,11.0,
1648647604132232904,0.292358398438,0.257934570312,-0.897521972656,0.205993652344,-5619.0,141.0,5397.0,3.0,35.0,12.0,
1648647604136976718,0.294860839844,0.257629394531,-0.896667480469,0.206604003906,-5662.0,9.0,5488.0,-4.0,35.0,14.0,
1648647604143888235,0.297180175781,0.257507324219,-0.895812988281,0.207214355469,-5645.0,-44.0,5470.0,-4.0,34.0,16.0,
1648647604148605346,0.299560546875,0.257141113281,-0.894958496094,0.207885742188,-5519.0,-47.0,5130.0,-1.0,33.0,18.0,
1648647604153353452,0.302124023438,0.257019042969,-0.893920898438,0.208740234375,-5545.0,-342.0,5365.0,-2.0,33.0,20.0,
1648647604158102750,0.30419921875,0.256774902344,-0.893127441406,0.209289550781,-5801.0,-936.0,5737.0,0.0,33.0,18.0,
1648647604162799835,0.306274414062,0.256652832031,-0.892456054688,0.209350585938,-6138.0,-1572.0,6134.0,6.0,32.0,13.0,
1648647604168186187,0.308288574219,0.255859375,-0.892028808594,0.209167480469,-6344.0,-2184.0,6287.0,20.0,29.0,13.0,
1648647604174034118,0.310424804688,0.254211425781,-0.891906738281,0.208618164062,-6331.0,-2720.0,6235.0,39.0,26.0,14.0,
1648647604178872346,0.312683105469,0.251281738281,-0.892211914062,0.20751953125,-6158.0,-3166.0,6107.0,64.0,24.0,13.0,
1648647604183397293,0.315124511719,0.247009277344,-0.892944335938,0.205688476562,-5962.0,-3526.0,5899.0,91.0,24.0,11.0,
1648647604188244581,0.317932128906,0.241271972656,-0.894104003906,0.203186035156,-5824.0,-3864.0,5693.0,119.0,26.0,8.0,
1648647604192818880,0.321228027344,0.234191894531,-0.895568847656,0.199951171875,-5744.0,-4217.0,5477.0,147.0,27.0,6.0,
1648647604197496414,0.324890136719,0.225646972656,-0.897277832031,0.195922851562,-5681.0,-4483.0,5236.0,176.0,29.0,4.0,
1648647604202315330,0.329040527344,0.215454101562,-0.899291992188,0.191162109375,-5620.0,-4561.0,4986.0,207.0,30.0,3.0,
1648647604209440708,0.333557128906,0.203552246094,-0.901550292969,0.185852050781,-5578.0,-4448.0,4812.0,236.0,31.0,2.0,
1648647604214156866,0.338317871094,0.190002441406,-0.903869628906,0.180053710938,-5549.0,-4213.0,4691.0,260.0,31.0,2.0,
1648647604218762636,0.34326171875,0.175170898438,-0.90625,0.173767089844,-5556.0,-3853.0,4660.0,281.0,31.0,0.0,
1648647604223626613,0.348266601562,0.159057617188,-0.908569335938,0.1669921875,-5578.0,-3349.0,4566.0,299.0,31.0,-1.0,
1648647604228223800,0.353332519531,0.142028808594,-0.910705566406,0.160034179688,-5681.0,-2860.0,4857.0,311.0,29.0,-2.0,
1648647604232886791,0.357849121094,0.124206542969,-0.912780761719,0.152770996094,-5729.0,-2338.0,5106.0,321.0,25.0,-4.0,
1648647604237618923,0.362060546875,0.105895996094,-0.914672851562,0.145202636719,-5731.0,-1842.0,5240.0,327.0,22.0,-6.0,
1648647604242715835,0.366149902344,0.0874633789062,-0.916198730469,0.137512207031,-5688.0,-1505.0,5290.0,329.0,21.0,-7.0,
1648647604247341156,0.369995117188,0.06884765625,-0.917358398438,0.129577636719,-5569.0,-1322.0,5341.0,335.0,19.0,-7.0,
1648647604254164695,0.373474121094,0.0499267578125,-0.918334960938,0.121337890625,-5338.0,-1255.0,5293.0,343.0,16.0,-8.0,
1648647604258795022,0.376708984375,0.0306396484375,-0.9189453125,0.112670898438,-5102.0,-1304.0,5307.0,352.0,15.0,-9.0,
1648647604263475179,0.379516601562,0.0108642578125,-0.919311523438,0.103515625,-4830.0,-1399.0,5328.0,364.0,12.0,-11.0,
1648647604267981052,0.382080078125,-0.00946044921875,-0.919311523438,0.0938720703125,-4590.0,-1545.0,5450.0,376.0,10.0,-13.0,
1648647604274487495,0.384155273438,-0.0302124023438,-0.9189453125,0.083740234375,-4389.0,-1782.0,5505.0,388.0,8.0,-15.0,
1648647604279698371,0.386047363281,-0.0512084960938,-0.918151855469,0.0732421875,-4281.0,-1909.0,5473.0,396.0,5.0,-17.0,
1648647604284396171,0.3876953125,-0.0723266601562,-0.916809082031,0.0625610351562,-4202.0,-1916.0,5332.0,398.0,4.0,-18.0,
1648647604289170026,0.389282226562,-0.0932006835938,-0.914978027344,0.0519409179688,-4204.0,-1855.0,5161.0,393.0,3.0,-19.0,
1648647604293604135,0.390686035156,-0.113830566406,-0.912536621094,0.0413208007812,-4258.0,-1718.0,4854.0,389.0,3.0,-20.0,
1648647604298254251,0.39208984375,-0.134216308594,-0.909606933594,0.03076171875,-4331.0,-1515.0,4544.0,384.0,3.0,-22.0,
1648647604303016185,0.393371582031,-0.154174804688,-0.906188964844,0.0201416015625,-4422.0,-1215.0,4341.0,378.0,3.0,-26.0,
1648647604307868719,0.394348144531,-0.173767089844,-0.90234375,0.00933837890625,-4540.0,-917.0,4300.0,373.0,2.0,-30.0,
1648647604312449216,0.395080566406,-0.193176269531,-0.898132324219,-0.00164794921875,-4670.0,-668.0,4196.0,373.0,1.0,-34.0,
1648647604316862821,0.395629882812,-0.212524414062,-0.893432617188,-0.0128173828125,-4797.0,-502.0,4076.0,375.0,1.0,-37.0,
1648647604324182033,0.396118164062,-0.231872558594,-0.888122558594,-0.0243530273438,-4904.0,-228.0,3981.0,380.0,1.0,-39.0,
1648647604328962564,0.396423339844,-0.25146484375,-0.882263183594,-0.0359497070312,-4987.0,195.0,3813.0,385.0,3.0,-41.0,
1648647604333775520,0.396545410156,-0.271057128906,-0.875793457031,-0.04736328125,-5039.0,751.0,3587.0,383.0,5.0,-41.0,
1648647604339060306,0.396606445312,-0.290405273438,-0.868896484375,-0.058349609375,-5173.0,1813.0,3418.0,376.0,6.0,-39.0,
1648647604343272924,0.396179199219,-0.308898925781,-0.861999511719,-0.068115234375,-5364.0,3210.0,3266.0,348.0,5.0,-35.0,
1648647604348074913,0.395446777344,-0.325561523438,-0.85546875,-0.0763549804688,-5730.0,4802.0,3192.0,306.0,3.0,-31.0,
1648647604352910518,0.394409179688,-0.339965820312,-0.849731445312,-0.0830688476562,-6166.0,6162.0,3022.0,257.0,-1.0,-26.0,
1648647604358433246,0.393493652344,-0.351745605469,-0.844787597656,-0.0884399414062,-6403.0,7243.0,2658.0,207.0,-5.0,-22.0,
1648647604364865064,0.392761230469,-0.361267089844,-0.840698242188,-0.0927124023438,-6429.0,8099.0,2340.0,162.0,-7.0,-21.0,
1648647604369134426,0.391845703125,-0.368774414062,-0.837463378906,-0.0958862304688,-6403.0,8395.0,2185.0,124.0,-9.0,-18.0,
1648647604375409126,0.391174316406,-0.374206542969,-0.835021972656,-0.0988159179688,-6356.0,8103.0,2117.0,94.0,-10.0,-21.0,
1648647604380461215,0.390930175781,-0.377746582031,-0.833129882812,-0.101806640625,-6298.0,7524.0,2001.0,73.0,-9.0,-26.0,
1648647604386832952,0.39111328125,-0.380432128906,-0.831481933594,-0.104614257812,-6221.0,6908.0,1835.0,60.0,-6.0,-25.0,
1648647604389810323,0.391479492188,-0.383056640625,-0.829833984375,-0.107116699219,-6145.0,6301.0,1794.0,57.0,-3.0,-21.0,
1648647604394992828,0.391845703125,-0.385681152344,-0.828063964844,-0.109619140625,-6074.0,5933.0,1569.0,60.0,1.0,-19.0,
1648647604399500131,0.392517089844,-0.388427734375,-0.826171875,-0.11181640625,-6005.0,5640.0,1431.0,57.0,4.0,-19.0,
1648647604403913974,0.393249511719,-0.390930175781,-0.824401855469,-0.113891601562,-5999.0,5321.0,1381.0,52.0,6.0,-20.0,
1648647604408893585,0.394226074219,-0.393005371094,-0.822631835938,-0.116027832031,-6043.0,5062.0,1353.0,47.0,8.0,-23.0,
1648647604414552688,0.395385742188,-0.394897460938,-0.820861816406,-0.118103027344,-6117.0,4890.0,1380.0,45.0,11.0,-24.0,
1648647604418098211,0.396545410156,-0.396606445312,-0.819213867188,-0.120056152344,-6209.0,4805.0,1551.0,41.0,12.0,-24.0,
1648647604422634124,0.397644042969,-0.398010253906,-0.817749023438,-0.121765136719,-6332.0,4901.0,1850.0,36.0,12.0,-23.0,
1648647604427470684,0.398498535156,-0.399169921875,-0.816589355469,-0.123168945312,-6469.0,5136.0,2168.0,29.0,12.0,-20.0,
1648647604431944131,0.399169921875,-0.39990234375,-0.815673828125,-0.124145507812,-6579.0,5352.0,2504.0,20.0,11.0,-18.0,
1648647604436870336,0.399780273438,-0.400085449219,-0.815246582031,-0.124816894531,-6626.0,5501.0,2803.0,8.0,8.0,-17.0,
1648647604443977117,0.400207519531,-0.399536132812,-0.815185546875,-0.125244140625,-6597.0,5556.0,2972.0,-4.0,6.0,-16.0,
1648647604448730468,0.400634765625,-0.398498535156,-0.815490722656,-0.125366210938,-6489.0,5533.0,3048.0,-16.0,3.0,-15.0,
1648647604453332185,0.401062011719,-0.397094726562,-0.815979003906,-0.125244140625,-6331.0,5417.0,3048.0,-25.0,1.0,-13.0,
1648647604457922220,0.401428222656,-0.395324707031,-0.816711425781,-0.124938964844,-6156.0,5207.0,2988.0,-31.0,0.0,-12.0,
1648647604475463867,0.401977539062,-0.393310546875,-0.817443847656,-0.124633789062,-5974.0,4961.0,2919.0,-36.0,0.0,-12.0,
1648647604475980281,0.402526855469,-0.391174316406,-0.818298339844,-0.124328613281,-5816.0,4658.0,2894.0,-38.0,0.0,-13.0,
1648647604480073451,0.403625488281,-0.386962890625,-0.819763183594,-0.123962402344,-5641.0,4209.0,2881.0,-32.0,0.0,-12.0,
1648647604486255645,0.404174804688,-0.385192871094,-0.820373535156,-0.123901367188,-5624.0,4086.0,2910.0,-29.0,0.0,-11.0,
1648647604491303682,0.404602050781,-0.383544921875,-0.820922851562,-0.123779296875,-5637.0,3987.0,2962.0,-26.0,0.0,-10.0,
1648647604496318817,0.404907226562,-0.382019042969,-0.821472167969,-0.123718261719,-5680.0,3893.0,3010.0,-25.0,-1.0,-9.0,
1648647604500544071,0.405334472656,-0.380432128906,-0.822082519531,-0.123596191406,-5736.0,3813.0,3089.0,-25.0,-1.0,-9.0,
1648647604505454301,0.405639648438,-0.378723144531,-0.822692871094,-0.123474121094,-5799.0,3745.0,3185.0,-27.0,-1.0,-8.0,
1648647604510240554,0.405944824219,-0.376892089844,-0.823425292969,-0.123229980469,-5859.0,3689.0,3242.0,-29.0,-2.0,-8.0,
1648647604514375209,0.406311035156,-0.374816894531,-0.82421875,-0.122863769531,-5901.0,3664.0,3203.0,-34.0,-2.0,-7.0,
1648647604521435022,0.406799316406,-0.37255859375,-0.825134277344,-0.122192382812,-5943.0,3665.0,3129.0,-41.0,-1.0,-6.0,
1648647604524018287,0.407348632812,-0.369995117188,-0.826110839844,-0.121276855469,-5971.0,3697.0,3006.0,-48.0,-1.0,-5.0,
1648647604528654813,0.407958984375,-0.367248535156,-0.827270507812,-0.1201171875,-5980.0,3798.0,2889.0,-55.0,-1.0,-4.0,
1648647604533142805,0.408569335938,-0.364135742188,-0.828552246094,-0.118591308594,-6000.0,3932.0,2788.0,-64.0,0.0,-2.0,
1648647604537742853,0.409118652344,-0.360778808594,-0.830017089844,-0.116638183594,-6038.0,4094.0,2743.0,-72.0,0.0,0.0,
1648647604542979955,0.40966796875,-0.356994628906,-0.831665039062,-0.114440917969,-6037.0,4324.0,2670.0,-81.0,-1.0,2.0,
1648647604547712802,0.41015625,-0.352783203125,-0.833618164062,-0.11181640625,-6041.0,4575.0,2637.0,-92.0,-2.0,3.0,
1648647604552274465,0.41064453125,-0.347839355469,-0.835815429688,-0.108764648438,-6082.0,4752.0,2634.0,-107.0,-2.0,3.0,
1648647604559938907,0.411315917969,-0.341979980469,-0.83837890625,-0.105346679688,-6145.0,4831.0,2670.0,-124.0,-3.0,3.0,
1648647604564618587,0.412048339844,-0.335144042969,-0.841186523438,-0.101623535156,-6211.0,4820.0,2656.0,-140.0,-2.0,2.0,
1648647604568565845,0.412963867188,-0.327453613281,-0.84423828125,-0.0975952148438,-6275.0,4736.0,2815.0,-155.0,-3.0,1.0,
1648647604573923349,0.413696289062,-0.319152832031,-0.847534179688,-0.0934448242188,-6338.0,4694.0,3059.0,-163.0,-4.0,1.0,
1648647604580643415,0.414245605469,-0.310546875,-0.850952148438,-0.089111328125,-6427.0,4675.0,3311.0,-168.0,-5.0,3.0,
1648647604585938215,0.414672851562,-0.301635742188,-0.854370117188,-0.0845947265625,-6512.0,4636.0,3526.0,-173.0,-6.0,4.0,
1648647604591057062,0.4150390625,-0.29248046875,-0.857849121094,-0.079833984375,-6568.0,4516.0,3634.0,-178.0,-7.0,5.0,
1648647604595389604,0.415466308594,-0.283142089844,-0.861206054688,-0.0750732421875,-6589.0,4301.0,3658.0,-181.0,-7.0,6.0,
1648647604600790262,0.415954589844,-0.273498535156,-0.864440917969,-0.0702514648438,-6557.0,4023.0,3621.0,-185.0,-7.0,5.0,
1648647604604663610,0.416625976562,-0.263488769531,-0.867614746094,-0.0653686523438,-6520.0,3736.0,3532.0,-190.0,-5.0,4.0,
1648647604609516143,0.417358398438,-0.253295898438,-0.870666503906,-0.0604248046875,-6484.0,3432.0,3514.0,-192.0,-4.0,3.0,
1648647604614005327,0.418029785156,-0.242980957031,-0.873596191406,-0.0555419921875,-6439.0,3119.0,3569.0,-193.0,-4.0,3.0,
1648647604618504762,0.418640136719,-0.232421875,-0.87646484375,-0.05078125,-6387.0,2848.0,3611.0,-193.0,-3.0,1.0,
1648647604623172044,0.419311523438,-0.221618652344,-0.879211425781,-0.0460205078125,-6378.0,2631.0,3762.0,-197.0,-3.0,-2.0,
1648647604627669811,0.419799804688,-0.210327148438,-0.881958007812,-0.041259765625,-6377.0,2482.0,4061.0,-203.0,-3.0,-4.0,
1648647604632461071,0.420043945312,-0.19873046875,-0.884765625,-0.036376953125,-6330.0,2436.0,4436.0,-208.0,-5.0,-6.0,
1648647604637130022,0.420104980469,-0.186645507812,-0.887573242188,-0.03125,-6343.0,2371.0,4784.0,-217.0,-4.0,-7.0,
1648647604643864154,0.420043945312,-0.174133300781,-0.890258789062,-0.0260009765625,-6406.0,2316.0,5072.0,-223.0,-4.0,-6.0,
1648647604648269653,0.419921875,-0.16162109375,-0.892822265625,-0.0206909179688,-6407.0,2262.0,5243.0,-224.0,-6.0,-6.0,
1648647604652951240,0.419738769531,-0.148986816406,-0.895263671875,-0.0153198242188,-6374.0,2165.0,5268.0,-227.0,-7.0,-7.0,
1648647604658153057,0.419616699219,-0.136047363281,-0.897399902344,-0.010009765625,-6306.0,2001.0,5250.0,-230.0,-5.0,-9.0,
1648647604663395643,0.419616699219,-0.122985839844,-0.899353027344,-0.00482177734375,-6201.0,1748.0,5185.0,-230.0,-4.0,-11.0,
1648647604669836759,0.419555664062,-0.110046386719,-0.901062011719,0.00018310546875,-6063.0,1370.0,5067.0,-226.0,-3.0,-12.0,
1648647604673931837,0.419677734375,-0.0972900390625,-0.902465820312,0.00482177734375,-5927.0,902.0,4939.0,-218.0,-1.0,-13.0,
1648647604680076122,0.419799804688,-0.0849609375,-0.903625488281,0.00909423828125,-5815.0,405.0,4843.0,-207.0,2.0,-14.0,
1648647604685318708,0.419982910156,-0.0732421875,-0.904479980469,0.012939453125,-5773.0,-87.0,4876.0,-193.0,3.0,-14.0,
1648647604690115928,0.419982910156,-0.0623168945312,-0.9052734375,0.0164794921875,-5761.0,-460.0,4982.0,-178.0,2.0,-13.0,
1648647604695006132,0.419860839844,-0.0521850585938,-0.905883789062,0.0197143554688,-5761.0,-641.0,5107.0,-165.0,1.0,-12.0,
1648647604699958562,0.419677734375,-0.0428466796875,-0.906372070312,0.0227661132812,-5769.0,-537.0,5241.0,-154.0,2.0,-12.0,
1648647604704443931,0.419494628906,-0.0340576171875,-0.906799316406,0.0260009765625,-5794.0,-174.0,5396.0,-151.0,2.0,-11.0,
1648647604709221601,0.419189453125,-0.0253295898438,-0.907104492188,0.0296630859375,-5807.0,381.0,5512.0,-158.0,2.0,-9.0,
1648647604713729619,0.418823242188,-0.0161743164062,-0.907287597656,0.0338745117188,-5828.0,1051.0,5660.0,-173.0,2.0,-9.0,
1648647604718255519,0.418334960938,-0.00616455078125,-0.907470703125,0.0386962890625,-5845.0,1714.0,5823.0,-194.0,2.0,-10.0,
1648647604722984075,0.417663574219,0.00518798828125,-0.907531738281,0.044189453125,-5841.0,2241.0,5970.0,-219.0,2.0,-12.0,
1648647604727578163,0.416870117188,0.0179443359375,-0.907409667969,0.0501098632812,-5787.0,2471.0,6049.0,-244.0,2.0,-14.0,
1648647604732104539,0.415954589844,0.0321655273438,-0.907104492188,0.05615234375,-5697.0,2339.0,6016.0,-263.0,3.0,-18.0,
1648647604739660978,0.414978027344,0.0474853515625,-0.906494140625,0.0621948242188,-5582.0,1941.0,5946.0,-275.0,5.0,-21.0,
1648647604744345426,0.413940429688,0.0633544921875,-0.905578613281,0.068115234375,-5435.0,1433.0,5838.0,-278.0,5.0,-20.0,
1648647604748945474,0.412780761719,0.0790405273438,-0.904357910156,0.073974609375,-5284.0,916.0,5717.0,-273.0,6.0,-17.0,
1648647604753736257,0.411682128906,0.093994140625,-0.902954101562,0.0796508789062,-5143.0,464.0,5551.0,-261.0,7.0,-13.0,
1648647604758608341,0.41064453125,0.108093261719,-0.9013671875,0.0850219726562,-5024.0,200.0,5304.0,-246.0,7.0,-11.0,
1648647604763336896,0.409729003906,0.121276855469,-0.899597167969,0.0901489257812,-4953.0,118.0,5073.0,-233.0,8.0,-11.0,
1648647604769549369,0.408874511719,0.133544921875,-0.897766113281,0.0951538085938,-4948.0,335.0,4894.0,-221.0,8.0,-10.0,
1648647604772192716,0.408020019531,0.145446777344,-0.895690917969,0.100341796875,-4923.0,651.0,4633.0,-222.0,8.0,-10.0,
1648647604779756069,0.4072265625,0.157775878906,-0.893371582031,0.105834960938,-4951.0,987.0,4487.0,-232.0,8.0,-11.0,
1648647604786762714,0.406188964844,0.170532226562,-0.890747070312,0.111572265625,-4949.0,1141.0,4470.0,-244.0,8.0,-12.0,
1648647604791542291,0.404846191406,0.184204101562,-0.887878417969,0.117492675781,-4899.0,1022.0,4456.0,-258.0,9.0,-13.0,
1648647604796375513,0.4033203125,0.19873046875,-0.884643554688,0.12353515625,-4862.0,611.0,4570.0,-270.0,10.0,-14.0,
1648647604801066398,0.401428222656,0.213623046875,-0.881164550781,0.129455566406,-4814.0,-12.0,4733.0,-272.0,11.0,-12.0,
1648647604805752038,0.399291992188,0.228454589844,-0.877563476562,0.135131835938,-4747.0,-716.0,4775.0,-268.0,10.0,-10.0,
1648647604810765743,0.397094726562,0.243103027344,-0.873779296875,0.140625,-4696.0,-1330.0,4681.0,-261.0,10.0,-9.0,
1648647604815613508,0.39501953125,0.256958007812,-0.869873046875,0.145690917969,-4662.0,-1831.0,4520.0,-247.0,9.0,-9.0,
1648647604820212125,0.39306640625,0.269592285156,-0.866149902344,0.150329589844,-4658.0,-2321.0,4342.0,-226.0,8.0,-8.0,
1648647604824848890,0.391296386719,0.281005859375,-0.862609863281,0.154357910156,-4686.0,-2822.0,4271.0,-202.0,7.0,-7.0,
1648647604829586029,0.389526367188,0.291137695312,-0.859436035156,0.157897949219,-4718.0,-3291.0,4292.0,-180.0,6.0,-6.0,
1648647604835087299,0.387817382812,0.299926757812,-0.856567382812,0.161071777344,-4744.0,-3557.0,4430.0,-158.0,4.0,-4.0,
1648647604838546514,0.386108398438,0.307434082031,-0.854125976562,0.1640625,-4769.0,-3560.0,4671.0,-139.0,2.0,-1.0,
1648647604843435049,0.384399414062,0.313720703125,-0.851989746094,0.167053222656,-4827.0,-3473.0,4895.0,-125.0,-1.0,2.0,
1648647604847979784,0.382690429688,0.319274902344,-0.85009765625,0.169982910156,-4949.0,-3382.0,5158.0,-114.0,-4.0,3.0,
1648647604852735280,0.381042480469,0.324157714844,-0.848449707031,0.1728515625,-5067.0,-3386.0,5415.0,-105.0,-6.0,4.0,
1648647604857496738,0.379211425781,0.32861328125,-0.846984863281,0.175476074219,-5147.0,-3496.0,5640.0,-97.0,-9.0,4.0,
1648647604862205266,0.377319335938,0.332641601562,-0.845764160156,0.177917480469,-5201.0,-3662.0,5833.0,-87.0,-11.0,4.0,
1648647604869178295,0.375366210938,0.336120605469,-0.844787597656,0.180114746094,-5248.0,-3791.0,5984.0,-75.0,-14.0,5.0,
1648647604873734951,0.373413085938,0.338806152344,-0.844177246094,0.182067871094,-5312.0,-3814.0,6094.0,-62.0,-17.0,5.0,
1648647604878220558,0.371520996094,0.3408203125,-0.843811035156,0.183959960938,-5387.0,-3735.0,6137.0,-51.0,-20.0,6.0,
1648647604885290861,0.369689941406,0.342163085938,-0.843627929688,0.185729980469,-5439.0,-3649.0,6100.0,-41.0,-23.0,6.0,
1648647604889718770,0.367858886719,0.343200683594,-0.843688964844,0.187377929688,-5461.0,-3641.0,5951.0,-34.0,-26.0,5.0,
1648647604895349025,0.365966796875,0.344116210938,-0.843811035156,0.188781738281,-5492.0,-3692.0,5809.0,-28.0,-28.0,3.0,
1648647604899644851,0.364074707031,0.3447265625,-0.844116210938,0.18994140625,-5475.0,-3681.0,5549.0,-22.0,-29.0,3.0,
1648647604904239416,0.3623046875,0.345520019531,-0.844299316406,0.191101074219,-5489.0,-3567.0,5000.0,-23.0,-28.0,1.0,
1648647604908797740,0.360961914062,0.3466796875,-0.844116210938,0.192260742188,-5467.0,-3508.0,4556.0,-26.0,-26.0,1.0,
1648647604913537502,0.359741210938,0.347534179688,-0.844055175781,0.193359375,-5348.0,-3650.0,4215.0,-21.0,-24.0,2.0,
1648647604918079137,0.358581542969,0.347900390625,-0.84423828125,0.194030761719,-5257.0,-3941.0,3965.0,-8.0,-23.0,4.0,
1648647604922701597,0.357543945312,0.347534179688,-0.844787597656,0.194213867188,-5224.0,-4213.0,3800.0,9.0,-22.0,4.0,
1648647604927388906,0.356689453125,0.34619140625,-0.845764160156,0.193969726562,-5215.0,-4369.0,3811.0,28.0,-22.0,4.0,
1648647604934445381,0.356018066406,0.343811035156,-0.847106933594,0.193420410156,-5175.0,-4327.0,3813.0,45.0,-22.0,4.0,
1648647604939314603,0.355529785156,0.340698242188,-0.848754882812,0.192810058594,-5144.0,-4031.0,3857.0,55.0,-22.0,4.0,
1648647604944028615,0.355163574219,0.337219238281,-0.850341796875,0.192321777344,-5178.0,-3607.0,3957.0,57.0,-21.0,4.0,
1648647604948748826,0.354919433594,0.333862304688,-0.851867675781,0.192016601562,-5256.0,-3219.0,4063.0,51.0,-20.0,3.0,
1648647604953799962,0.354553222656,0.330993652344,-0.853149414062,0.19189453125,-5341.0,-2980.0,4164.0,41.0,-20.0,2.0,
1648647604966818332,0.354064941406,0.328735351562,-0.854248046875,0.191833496094,-5411.0,-2930.0,4194.0,31.0,-19.0,1.0,
1648647604967545032,0.353393554688,0.327087402344,-0.855163574219,0.191833496094,-5468.0,-3033.0,4169.0,24.0,-19.0,1.0,
1648647604969001054,0.352661132812,0.325866699219,-0.85595703125,0.191833496094,-5503.0,-3205.0,4094.0,19.0,-20.0,1.0,
1648647604973919153,0.351928710938,0.324890136719,-0.856628417969,0.19189453125,-5509.0,-3372.0,3967.0,17.0,-20.0,1.0,
1648647604978474378,0.351196289062,0.323913574219,-0.857299804688,0.19189453125,-5499.0,-3521.0,3817.0,18.0,-20.0,2.0,
1648647604983137607,0.350646972656,0.322814941406,-0.85791015625,0.191833496094,-5490.0,-3650.0,3711.0,21.0,-19.0,3.0,
1648647604989943027,0.350219726562,0.321350097656,-0.858642578125,0.191711425781,-5482.0,-3799.0,3638.0,28.0,-17.0,5.0,
1648647604994868516,0.350036621094,0.319458007812,-0.859558105469,0.191345214844,-5476.0,-3979.0,3569.0,37.0,-15.0,6.0,
1648647604999550104,0.349975585938,0.316955566406,-0.860595703125,0.190673828125,-5475.0,-4141.0,3545.0,50.0,-14.0,6.0,
1648647605004456520,0.350219726562,0.313659667969,-0.861999511719,0.189575195312,-5488.0,-4299.0,3567.0,66.0,-13.0,5.0,
1648647605009007215,0.3505859375,0.309326171875,-0.86376953125,0.18798828125,-5523.0,-4452.0,3635.0,85.0,-12.0,4.0,
1648647605014737367,0.351196289062,0.303955078125,-0.865844726562,0.185852050781,-5558.0,-4594.0,3688.0,105.0,-11.0,3.0,
1648647605018610715,0.352111816406,0.297607421875,-0.868286132812,0.183166503906,-5590.0,-4703.0,3700.0,126.0,-10.0,1.0,
1648647605023847818,0.353271484375,0.290100097656,-0.871032714844,0.179931640625,-5604.0,-4760.0,3684.0,148.0,-8.0,0.0,
1648647605028254985,0.354736328125,0.281494140625,-0.8740234375,0.176147460938,-5600.0,-4802.0,3606.0,170.0,-7.0,-1.0,
1648647605035317420,0.356628417969,0.271667480469,-0.877258300781,0.171752929688,-5592.0,-4849.0,3509.0,193.0,-5.0,-1.0,
1648647605041061401,0.35888671875,0.260375976562,-0.880676269531,0.166625976562,-5605.0,-4951.0,3444.0,221.0,-1.0,-1.0,
1648647605044549942,0.361572265625,0.247253417969,-0.884460449219,0.160583496094,-5684.0,-5055.0,3474.0,257.0,1.0,-1.0,
1648647605049494981,0.364562988281,0.232177734375,-0.888610839844,0.153686523438,-5776.0,-5160.0,3531.0,292.0,2.0,-2.0,
1648647605053821086,0.36767578125,0.215209960938,-0.892883300781,0.145874023438,-5886.0,-5182.0,3555.0,327.0,2.0,-3.0,
1648647605058419704,0.370971679688,0.1962890625,-0.897277832031,0.137084960938,-6020.0,-5310.0,3551.0,362.0,1.0,-6.0,
1648647605063203811,0.374267578125,0.17578125,-0.901611328125,0.127075195312,-6168.0,-5519.0,3321.0,395.0,1.0,-12.0,
1648647605067560195,0.377868652344,0.153930664062,-0.905639648438,0.11572265625,-6408.0,-5844.0,3129.0,426.0,3.0,-19.0,
1648647605074551820,0.381408691406,0.13037109375,-0.909362792969,0.103149414062,-6693.0,-6267.0,2959.0,462.0,3.0,-24.0,
1648647605079489469,0.384948730469,0.105041503906,-0.91259765625,0.0894165039062,-6963.0,-6653.0,2760.0,497.0,2.0,-26.0,
1648647605084155321,0.388427734375,0.077880859375,-0.915161132812,0.07470703125,-7205.0,-6842.0,2489.0,530.0,3.0,-27.0,
1648647605089737892,0.391845703125,0.0486450195312,-0.916870117188,0.0592651367188,-7387.0,-6808.0,2211.0,564.0,4.0,-24.0,
1648647605095261335,0.394958496094,0.0172729492188,-0.917541503906,0.0433349609375,-7475.0,-6623.0,1922.0,595.0,4.0,-20.0,
1648647605100418090,0.397705078125,-0.0156860351562,-0.9169921875,0.02685546875,-7453.0,-6383.0,1640.0,618.0,5.0,-18.0,
1648647605113556146,0.399963378906,-0.0494995117188,-0.915161132812,0.009765625,-7303.0,-6136.0,1300.0,634.0,6.0,-21.0,
1648647605114250659,0.401733398438,-0.0834350585938,-0.911926269531,-0.00787353515625,-7088.0,-5939.0,981.0,640.0,10.0,-28.0,
1648647605126361131,0.403198242188,-0.11669921875,-0.907287597656,-0.0260009765625,-6850.0,-5772.0,525.0,635.0,14.0,-37.0,
1648647605127451896,0.404541015625,-0.148986816406,-0.901245117188,-0.044189453125,-6695.0,-5414.0,-6.0,622.0,18.0,-45.0,
1648647605127689123,0.405578613281,-0.180236816406,-0.893981933594,-0.06201171875,-6572.0,-4850.0,-618.0,602.0,20.0,-49.0,
1648647605128402948,0.406433105469,-0.210021972656,-0.8857421875,-0.0791015625,-6574.0,-4120.0,-952.0,573.0,21.0,-52.0,
1648647605133063077,0.406921386719,-0.237670898438,-0.876831054688,-0.0952758789062,-6703.0,-3108.0,-1153.0,536.0,23.0,-56.0,
1648647605137941598,0.407165527344,-0.263366699219,-0.867614746094,-0.110412597656,-6934.0,-1999.0,-1151.0,497.0,23.0,-59.0,
1648647605142478942,0.407104492188,-0.286926269531,-0.858215332031,-0.124389648438,-7250.0,-930.0,-1081.0,459.0,23.0,-59.0,
1648647605148633241,0.406799316406,-0.308837890625,-0.848693847656,-0.137573242188,-7550.0,-45.0,-890.0,431.0,22.0,-59.0,
1648647605154936552,0.406127929688,-0.329467773438,-0.839050292969,-0.150451660156,-7742.0,632.0,-791.0,413.0,20.0,-60.0,
1648647605159686803,0.405334472656,-0.349243164062,-0.828979492188,-0.1630859375,-7886.0,1148.0,-790.0,404.0,20.0,-61.0,
1648647605164174795,0.404418945312,-0.368591308594,-0.818420410156,-0.175598144531,-7944.0,1668.0,-972.0,400.0,20.0,-62.0,
1648647605168660879,0.403442382812,-0.387329101562,-0.807495117188,-0.187622070312,-7919.0,2243.0,-1396.0,390.0,22.0,-62.0,
1648647605173058986,0.402587890625,-0.405395507812,-0.796264648438,-0.198852539062,-7942.0,3141.0,-1937.0,372.0,24.0,-60.0,
1648647605177755832,0.401611328125,-0.422607421875,-0.785217285156,-0.208679199219,-7933.0,4399.0,-2549.0,346.0,24.0,-55.0,
1648647605182487726,0.400451660156,-0.438659667969,-0.774719238281,-0.216918945312,-7885.0,5960.0,-3048.0,311.0,24.0,-48.0,
1648647605189875125,0.399169921875,-0.452880859375,-0.765319824219,-0.223327636719,-7792.0,7524.0,-3371.0,266.0,22.0,-43.0,
1648647605198951959,0.397216796875,-0.473693847656,-0.751098632812,-0.231872558594,-7480.0,9794.0,-3534.0,162.0,16.0,-40.0,
1648647605205514192,0.396911621094,-0.480163574219,-0.746337890625,-0.234375,-7302.0,10372.0,-3429.0,112.0,15.0,-39.0,
1648647605210260629,0.397094726562,-0.484619140625,-0.742919921875,-0.23583984375,-7156.0,10560.0,-3229.0,72.0,14.0,-35.0,
1648647605220314741,0.397583007812,-0.487548828125,-0.740478515625,-0.236572265625,-7007.0,10449.0,-2947.0,44.0,15.0,-28.0,
1648647605220961809,0.398315429688,-0.489501953125,-0.738708496094,-0.236755371094,-6853.0,10128.0,-2557.0,25.0,16.0,-21.0,
1648647605223483562,0.399108886719,-0.490844726562,-0.737487792969,-0.236633300781,-6679.0,9696.0,-2095.0,14.0,17.0,-16.0,
1648647605228302955,0.39990234375,-0.49169921875,-0.736511230469,-0.236389160156,-6495.0,9168.0,-1584.0,8.0,18.0,-13.0,
1648647605233768701,0.400695800781,-0.492370605469,-0.735778808594,-0.236145019531,-6326.0,8603.0,-1062.0,7.0,18.0,-11.0,
1648647605237935543,0.4013671875,-0.492919921875,-0.735107421875,-0.23583984375,-6194.0,8097.0,-547.0,7.0,18.0,-8.0,
1648647605242869853,0.401916503906,-0.493530273438,-0.734497070312,-0.235534667969,-6115.0,7681.0,-63.0,8.0,18.0,-5.0,
1648647605249601364,0.402221679688,-0.494262695312,-0.733947753906,-0.235168457031,-6103.0,7419.0,365.0,10.0,17.0,-2.0,
1648647605255365610,0.402404785156,-0.495056152344,-0.733459472656,-0.234680175781,-6143.0,7317.0,762.0,10.0,16.0,1.0,
1648647605258935689,0.40234375,-0.495849609375,-0.733215332031,-0.233947753906,-6211.0,7305.0,1128.0,8.0,14.0,4.0,
1648647605263617515,0.402099609375,-0.496337890625,-0.733276367188,-0.233093261719,-6293.0,7296.0,1478.0,1.0,11.0,6.0,
1648647605268087863,0.401794433594,-0.496337890625,-0.733764648438,-0.232055664062,-6369.0,7237.0,1809.0,-8.0,7.0,7.0,
1648647605272616147,0.401489257812,-0.495788574219,-0.734741210938,-0.230773925781,-6447.0,7113.0,2110.0,-20.0,4.0,9.0,
1648647605277416944,0.401184082031,-0.494567871094,-0.736083984375,-0.229431152344,-6533.0,6956.0,2390.0,-31.0,0.0,10.0,
1648647605284344673,0.40087890625,-0.492858886719,-0.737915039062,-0.227844238281,-6613.0,6834.0,2631.0,-41.0,-3.0,12.0,
1648647605290219783,0.400451660156,-0.490661621094,-0.740173339844,-0.22607421875,-6690.0,6786.0,2828.0,-52.0,-6.0,14.0,
1648647605294556140,0.400024414062,-0.487976074219,-0.742797851562,-0.223999023438,-6757.0,6810.0,3002.0,-64.0,-10.0,15.0,
1648647605300322055,0.399536132812,-0.484619140625,-0.746032714844,-0.221557617188,-6837.0,6894.0,3148.0,-78.0,-14.0,16.0,
1648647605305195808,0.398986816406,-0.48046875,-0.749755859375,-0.21875,-6941.0,6998.0,3255.0,-95.0,-18.0,17.0,
1648647605309954166,0.398559570312,-0.475402832031,-0.754150390625,-0.215515136719,-7059.0,7096.0,3289.0,-114.0,-21.0,17.0,
1648647605314971208,0.398254394531,-0.469543457031,-0.759033203125,-0.211853027344,-7191.0,7191.0,3238.0,-134.0,-25.0,19.0,
1648647605319684982,0.398071289062,-0.462707519531,-0.764465332031,-0.207580566406,-7325.0,7307.0,3137.0,-155.0,-27.0,21.0,
1648647605324209451,0.398010253906,-0.454895019531,-0.7705078125,-0.202697753906,-7452.0,7471.0,3007.0,-178.0,-30.0,23.0,
1648647605329013824,0.39794921875,-0.445983886719,-0.777160644531,-0.197082519531,-7578.0,7618.0,2919.0,-202.0,-33.0,26.0,
1648647605333642244,0.39794921875,-0.435913085938,-0.784423828125,-0.190856933594,-7690.0,7715.0,2829.0,-227.0,-37.0,28.0,
1648647605338562726,0.398071289062,-0.424438476562,-0.792236328125,-0.18408203125,-7779.0,7738.0,2789.0,-253.0,-40.0,27.0,
1648647605347450971,0.398193359375,-0.411499023438,-0.800598144531,-0.1767578125,-7845.0,7729.0,2794.0,-279.0,-43.0,27.0,
1648647605349795579,0.398315429688,-0.397216796875,-0.809387207031,-0.168884277344,-7891.0,7670.0,2807.0,-303.0,-47.0,28.0,
1648647605354285717,0.398315429688,-0.381774902344,-0.818481445312,-0.160400390625,-7917.0,7595.0,2824.0,-324.0,-50.0,30.0,
1648647605359517335,0.398193359375,-0.365234375,-0.827758789062,-0.1513671875,-7913.0,7503.0,2836.0,-344.0,-53.0,32.0,
1648647605364097356,0.39794921875,-0.347595214844,-0.837097167969,-0.141784667969,-7900.0,7397.0,2822.0,-364.0,-56.0,33.0,
1648647605368465185,0.397583007812,-0.328674316406,-0.846557617188,-0.131652832031,-7876.0,7254.0,2767.0,-386.0,-59.0,33.0,
1648647605372967243,0.397094726562,-0.308288574219,-0.85595703125,-0.121032714844,-7831.0,7041.0,2656.0,-409.0,-62.0,32.0,
1648647605377789258,0.396545410156,-0.286499023438,-0.865234375,-0.10986328125,-7777.0,6749.0,2475.0,-433.0,-65.0,31.0,
1648647605384714841,0.395751953125,-0.263427734375,-0.874267578125,-0.0982666015625,-7661.0,6406.0,2294.0,-452.0,-68.0,30.0,
1648647605389444351,0.394714355469,-0.239196777344,-0.882934570312,-0.0862426757812,-7470.0,5987.0,2160.0,-469.0,-70.0,30.0,
1648647605394650697,0.393432617188,-0.213745117188,-0.89111328125,-0.073974609375,-7250.0,5511.0,2154.0,-485.0,-70.0,27.0,
1648647605401027441,0.391845703125,-0.187072753906,-0.898742675781,-0.0615234375,-6971.0,4969.0,2181.0,-499.0,-69.0,23.0,
1648647605407793998,0.390075683594,-0.1591796875,-0.905639648438,-0.0490112304688,-6673.0,4333.0,2272.0,-513.0,-68.0,18.0,
1648647605410894393,0.388000488281,-0.130432128906,-0.911682128906,-0.0365600585938,-6367.0,3669.0,2402.0,-521.0,-66.0,12.0,
1648647605415571212,0.385620117188,-0.101135253906,-0.916809082031,-0.0244140625,-6067.0,2988.0,2640.0,-523.0,-64.0,7.0,
1648647605420357227,0.3828125,-0.0714721679688,-0.921020507812,-0.0123901367188,-5721.0,2283.0,2789.0,-524.0,-62.0,3.0,
1648647605424847602,0.379821777344,-0.041748046875,-0.924133300781,-0.0006103515625,-5409.0,1509.0,2936.0,-521.0,-58.0,1.0,
1648647605430200099,0.376708984375,-0.0123901367188,-0.926208496094,0.0108032226562,-5093.0,664.0,3099.0,-509.0,-54.0,0.0,
1648647605434044837,0.373352050781,0.0159912109375,-0.927307128906,0.0216064453125,-4726.0,-133.0,3180.0,-488.0,-50.0,0.0,
1648647605438667297,0.369934082031,0.043212890625,-0.927551269531,0.0318603515625,-4358.0,-853.0,3167.0,-466.0,-45.0,0.0,
1648647605443454742,0.366638183594,0.0690307617188,-0.926879882812,0.04150390625,-4012.0,-1369.0,3221.0,-441.0,-38.0,0.0,
1648647605448114156,0.363342285156,0.0928955078125,-0.925659179688,0.050537109375,-3661.0,-1614.0,3318.0,-411.0,-34.0,1.0,
1648647605453183174,0.360046386719,0.114929199219,-0.923950195312,0.05908203125,-3309.0,-1677.0,3406.0,-385.0,-30.0,2.0,
1648647605460698843,0.356811523438,0.135375976562,-0.921875,0.0671997070312,-3024.0,-1602.0,3596.0,-363.0,-25.0,2.0,
1648647605464897871,0.353759765625,0.154418945312,-0.919494628906,0.074951171875,-2841.0,-1351.0,3874.0,-342.0,-22.0,3.0,
1648647605469542503,0.3505859375,0.172241210938,-0.916870117188,0.0825805664062,-2687.0,-1018.0,4017.0,-329.0,-21.0,5.0,
1648647605473939895,0.347595214844,0.189514160156,-0.913879394531,0.0902709960938,-2614.0,-661.0,4051.0,-323.0,-19.0,8.0,
1648647605478724718,0.344848632812,0.206115722656,-0.910522460938,0.0979614257812,-2576.0,-281.0,4064.0,-315.0,-16.0,10.0,
1648647605483425378,0.342468261719,0.221984863281,-0.906799316406,0.105529785156,-2540.0,4.0,4079.0,-306.0,-12.0,14.0,
1648647605488248348,0.340270996094,0.237243652344,-0.90283203125,0.113098144531,-2553.0,189.0,4141.0,-297.0,-7.0,18.0,
1648647605492644548,0.338317871094,0.251953125,-0.898620605469,0.120544433594,-2583.0,306.0,4164.0,-289.0,-3.0,22.0,
1648647605501504659,0.336486816406,0.266418457031,-0.89404296875,0.128173828125,-2622.0,341.0,4112.0,-287.0,0.0,26.0,
1648647605508268833,0.333374023438,0.295166015625,-0.883850097656,0.143249511719,-2571.0,-88.0,3642.0,-281.0,6.0,31.0,
1648647605515139102,0.332092285156,0.309204101562,-0.878356933594,0.150390625,-2576.0,-447.0,3477.0,-273.0,10.0,34.0,
1648647605519271373,0.330810546875,0.322814941406,-0.872680664062,0.157470703125,-2560.0,-859.0,3148.0,-266.0,11.0,37.0,
1648647605523943901,0.329895019531,0.336059570312,-0.866760253906,0.164367675781,-2550.0,-1362.0,2794.0,-256.0,14.0,41.0,
1648647605528636455,0.329162597656,0.3486328125,-0.860717773438,0.1708984375,-2555.0,-1937.0,2482.0,-242.0,17.0,43.0,
1648647605533324480,0.328735351562,0.360473632812,-0.854797363281,0.177001953125,-2583.0,-2612.0,2138.0,-227.0,21.0,45.0,
1648647605537898302,0.328674316406,0.371520996094,-0.848876953125,0.1826171875,-2666.0,-3363.0,1902.0,-208.0,24.0,46.0,
1648647605542657136,0.328857421875,0.381469726562,-0.84326171875,0.187622070312,-2851.0,-4016.0,1848.0,-186.0,27.0,47.0,
1648647605549765586,0.329223632812,0.390197753906,-0.838073730469,0.1923828125,-3065.0,-4498.0,1757.0,-166.0,27.0,49.0,
1648647605554648160,0.329956054688,0.397705078125,-0.833190917969,0.196899414062,-3317.0,-4814.0,1764.0,-147.0,27.0,52.0,
1648647605562733173,0.330993652344,0.404052734375,-0.828674316406,0.201171875,-3574.0,-5011.0,1862.0,-128.0,27.0,53.0,
1648647605564050674,0.332275390625,0.409301757812,-0.824584960938,0.205261230469,-3859.0,-5100.0,2060.0,-111.0,27.0,55.0,
1648647605568282842,0.333679199219,0.41357421875,-0.820922851562,0.209106445312,-4154.0,-5030.0,2225.0,-96.0,26.0,55.0,
1648647605572817325,0.335327148438,0.416931152344,-0.817565917969,0.212890625,-4434.0,-4801.0,2327.0,-82.0,25.0,55.0,
1648647605577836751,0.337219238281,0.419616699219,-0.814453125,0.216552734375,-4684.0,-4443.0,2403.0,-71.0,24.0,56.0,
1648647605584939002,0.339294433594,0.421691894531,-0.811462402344,0.220336914062,-4875.0,-4036.0,2338.0,-64.0,23.0,57.0,
1648647605589684486,0.341552734375,0.423583984375,-0.808532714844,0.223999023438,-5018.0,-3670.0,2190.0,-59.0,24.0,58.0,
1648647605594155311,0.343933105469,0.425415039062,-0.805541992188,0.227600097656,-5193.0,-3471.0,2074.0,-57.0,24.0,57.0,
1648647605598927974,0.346252441406,0.427185058594,-0.802673339844,0.231018066406,-5341.0,-3368.0,2018.0,-54.0,24.0,56.0,
1648647605605020761,0.3486328125,0.428588867188,-0.799987792969,0.234069824219,-5473.0,-3435.0,1897.0,-46.0,25.0,54.0,
1648647605610089540,0.351013183594,0.429870605469,-0.797424316406,0.236755371094,-5592.0,-3747.0,1790.0,-38.0,26.0,52.0,
1648647605615042924,0.353454589844,0.430847167969,-0.795227050781,0.23876953125,-5768.0,-4148.0,1826.0,-25.0,28.0,49.0,
1648647605619395017,0.355834960938,0.431030273438,-0.793640136719,0.240234375,-5943.0,-4570.0,1843.0,-8.0,27.0,46.0,
1648647605624155998,0.358337402344,0.430358886719,-0.792602539062,0.241027832031,-6155.0,-4936.0,1962.0,12.0,25.0,43.0,
1648647605629034757,0.360961914062,0.428649902344,-0.792297363281,0.241333007812,-6387.0,-5193.0,1944.0,33.0,23.0,40.0,
1648647605633866786,0.363830566406,0.426147460938,-0.792358398438,0.241271972656,-6568.0,-5269.0,1709.0,51.0,22.0,38.0,
1648647605638494729,0.367126464844,0.422729492188,-0.792785644531,0.240661621094,-6730.0,-5240.0,1527.0,70.0,21.0,36.0,
1648647605643129587,0.370849609375,0.418273925781,-0.793762207031,0.239685058594,-6840.0,-5151.0,1286.0,91.0,21.0,36.0,
1648647605647602319,0.374938964844,0.412719726562,-0.795166015625,0.238159179688,-6921.0,-4937.0,1017.0,113.0,23.0,36.0,
1648647605654962062,0.379638671875,0.405944824219,-0.797058105469,0.236145019531,-6970.0,-4611.0,671.0,138.0,24.0,37.0,
1648647605660261392,0.385009765625,0.397888183594,-0.79931640625,0.233520507812,-6972.0,-4239.0,233.0,163.0,27.0,39.0,
1648647605664590358,0.391174316406,0.388610839844,-0.801818847656,0.230285644531,-6935.0,-3934.0,-229.0,189.0,33.0,41.0,
1648647605669437646,0.398254394531,0.3779296875,-0.804626464844,0.22607421875,-6878.0,-3839.0,-715.0,219.0,42.0,43.0,
1648647605673743963,0.40625,0.365600585938,-0.807861328125,0.220581054688,-6895.0,-4086.0,-1016.0,259.0,52.0,45.0,
1648647605678497076,0.415100097656,0.350769042969,-0.811889648438,0.213317871094,-7060.0,-4614.0,-1006.0,313.0,60.0,46.0,
1648647605683120012,0.424377441406,0.332885742188,-0.817016601562,0.204040527344,-7367.0,-5388.0,-845.0,376.0,63.0,45.0,
1648647605687978982,0.433776855469,0.311767578125,-0.823120117188,0.192565917969,-7822.0,-6328.0,-618.0,443.0,61.0,42.0,
1648647605694994211,0.443237304688,0.287109375,-0.830200195312,0.178527832031,-8341.0,-7234.0,-386.0,516.0,55.0,35.0,
1648647605699941158,0.452453613281,0.2587890625,-0.837951660156,0.161865234375,-8824.0,-8046.0,-303.0,589.0,47.0,24.0,
1648647605706031560,0.461364746094,0.226867675781,-0.845825195312,0.142333984375,-9205.0,-8550.0,-464.0,662.0,42.0,13.0,
1648647605711313724,0.470031738281,0.19091796875,-0.853332519531,0.1201171875,-9410.0,-8688.0,-895.0,736.0,37.0,4.0,
1648647605716234683,0.478393554688,0.151184082031,-0.859741210938,0.095703125,-9439.0,-8531.0,-1466.0,801.0,35.0,0.0,
1648647605720448255,0.486022949219,0.107971191406,-0.864440917969,0.0694580078125,-9300.0,-8104.0,-2237.0,856.0,34.0,-1.0,
1648647605725374937,0.492858886719,0.06201171875,-0.866882324219,0.041748046875,-9094.0,-7393.0,-3162.0,899.0,35.0,-2.0,
1648647605730519771,0.498657226562,0.013916015625,-0.866577148438,0.01318359375,-8853.0,-6491.0,-4167.0,928.0,38.0,-2.0,
1648647605734764575,0.503234863281,-0.0354614257812,-0.86328125,-0.0158081054688,-8588.0,-5381.0,-5200.0,942.0,40.0,-1.0,
1648647605739576339,0.50634765625,-0.0850219726562,-0.856994628906,-0.0443725585938,-8233.0,-4032.0,-6222.0,937.0,42.0,-1.0,
1648647605743827342,0.508117675781,-0.13330078125,-0.847900390625,-0.0717163085938,-7886.0,-2531.0,-7061.0,907.0,45.0,-1.0,
1648647605748747587,0.508483886719,-0.179260253906,-0.836547851562,-0.0972290039062,-7470.0,-716.0,-7729.0,860.0,48.0,-2.0,
1648647605754335403,0.5078125,-0.222595214844,-0.823547363281,-0.120178222656,-6980.0,1300.0,-7940.0,801.0,52.0,0.0,
1648647605767173290,0.505859375,-0.262817382812,-0.8095703125,-0.140258789062,-6571.0,3284.0,-7797.0,737.0,58.0,5.0,
1648647605767782449,0.503173828125,-0.299133300781,-0.795349121094,-0.157409667969,-6181.0,5012.0,-7441.0,665.0,60.0,8.0,
1648647605780201196,0.5,-0.331359863281,-0.781372070312,-0.172241210938,-5941.0,6484.0,-6926.0,594.0,60.0,7.0,
1648647605780886888,0.496643066406,-0.35986328125,-0.767883300781,-0.185119628906,-5744.0,7581.0,-6338.0,532.0,58.0,4.0,
1648647605781439542,0.493225097656,-0.385009765625,-0.7548828125,-0.196533203125,-5656.0,8469.0,-5652.0,478.0,55.0,0.0,
1648647605785423040,0.489807128906,-0.4072265625,-0.74267578125,-0.206604003906,-5592.0,9175.0,-4997.0,430.0,53.0,-1.0,
1648647605791321277,0.486511230469,-0.426940917969,-0.731323242188,-0.215026855469,-5595.0,9693.0,-4319.0,382.0,52.0,1.0,
1648647605794774770,0.483093261719,-0.444519042969,-0.720947265625,-0.222106933594,-5588.0,10037.0,-3696.0,343.0,49.0,8.0,
1648647605799433231,0.479614257812,-0.460388183594,-0.71142578125,-0.227844238281,-5598.0,10124.0,-3048.0,307.0,45.0,16.0,
1648647605804435968,0.476135253906,-0.474426269531,-0.703002929688,-0.232543945312,-5646.0,9935.0,-2382.0,273.0,41.0,22.0,
1648647605811095952,0.472900390625,-0.486511230469,-0.695434570312,-0.236694335938,-5779.0,9607.0,-1733.0,241.0,38.0,22.0,
1648647605816499948,0.470092773438,-0.496826171875,-0.688903808594,-0.240173339844,-6006.0,9254.0,-1054.0,208.0,34.0,21.0,
1648647605820739746,0.467529296875,-0.505432128906,-0.683349609375,-0.243041992188,-6310.0,8971.0,-410.0,176.0,31.0,20.0,
1648647605825225114,0.465209960938,-0.512390136719,-0.678955078125,-0.245178222656,-6672.0,8822.0,191.0,144.0,27.0,19.0,
1648647605829871416,0.463134765625,-0.517944335938,-0.675659179688,-0.24658203125,-7021.0,8779.0,703.0,113.0,22.0,19.0,
1648647605834504842,0.461120605469,-0.522277832031,-0.673461914062,-0.247253417969,-7333.0,8790.0,1147.0,84.0,17.0,20.0,
1648647605839184045,0.459289550781,-0.525390625,-0.672241210938,-0.247314453125,-7601.0,8776.0,1516.0,59.0,11.0,20.0,
1648647605843830823,0.457641601562,-0.527526855469,-0.671813964844,-0.247009277344,-7853.0,8701.0,1821.0,36.0,7.0,19.0,
1648647605848362207,0.456176757812,-0.528747558594,-0.672058105469,-0.246459960938,-8129.0,8536.0,2087.0,18.0,2.0,17.0,
1648647605853284120,0.454895019531,-0.529235839844,-0.672790527344,-0.245788574219,-8453.0,8336.0,2344.0,5.0,-2.0,17.0,
1648647605858112335,0.45361328125,-0.529174804688,-0.673950195312,-0.2451171875,-8769.0,8119.0,2615.0,-4.0,-6.0,17.0,
1648647605865345954,0.452331542969,-0.528625488281,-0.675476074219,-0.244445800781,-9065.0,7915.0,2857.0,-12.0,-10.0,17.0,
1648647605869757413,0.450988769531,-0.527770996094,-0.67724609375,-0.243774414062,-9294.0,7727.0,3010.0,-18.0,-13.0,17.0,
1648647605874040603,0.449584960938,-0.526794433594,-0.679260253906,-0.243103027344,-9427.0,7551.0,3068.0,-22.0,-17.0,17.0,
1648647605878952503,0.448181152344,-0.525695800781,-0.681274414062,-0.242370605469,-9474.0,7369.0,3067.0,-24.0,-20.0,17.0,
1648647605883538007,0.446716308594,-0.524475097656,-0.683410644531,-0.241638183594,-9448.0,7137.0,3031.0,-27.0,-22.0,17.0,
1648647605888867139,0.445251464844,-0.523132324219,-0.685607910156,-0.241027832031,-9386.0,6875.0,2945.0,-29.0,-25.0,16.0,
1648647605892120122,0.443908691406,-0.521728515625,-0.687744140625,-0.240478515625,-9280.0,6649.0,2798.0,-29.0,-26.0,15.0,
1648647605900550603,0.442504882812,-0.520385742188,-0.689819335938,-0.239990234375,-9157.0,6531.0,2594.0,-29.0,-28.0,15.0,
1648647605905032157,0.441040039062,-0.51904296875,-0.691955566406,-0.239318847656,-9024.0,6553.0,2374.0,-31.0,-29.0,15.0,
1648647605911332845,0.439514160156,-0.517700195312,-0.694274902344,-0.238403320312,-8887.0,6712.0,2149.0,-36.0,-30.0,16.0,
1648647605916430234,0.43798828125,-0.515991210938,-0.696960449219,-0.237121582031,-8761.0,6962.0,1997.0,-46.0,-32.0,16.0,
1648647605920975685,0.436462402344,-0.513671875,-0.7001953125,-0.235473632812,-8651.0,7237.0,1877.0,-61.0,-35.0,16.0,
1648647605925607681,0.43505859375,-0.510498046875,-0.704040527344,-0.233337402344,-8545.0,7521.0,1785.0,-79.0,-37.0,15.0,
1648647605930205345,0.433776855469,-0.506408691406,-0.708679199219,-0.230712890625,-8425.0,7778.0,1634.0,-101.0,-40.0,15.0,
1648647605934762239,0.432739257812,-0.501342773438,-0.713928222656,-0.227416992188,-8297.0,7980.0,1418.0,-125.0,-42.0,15.0,
1648647605939491033,0.432006835938,-0.495178222656,-0.719909667969,-0.223449707031,-8189.0,8130.0,1138.0,-151.0,-45.0,16.0,
1648647605944431304,0.431579589844,-0.487731933594,-0.726745605469,-0.218688964844,-8079.0,8232.0,869.0,-181.0,-48.0,17.0,
1648647605950592517,0.431213378906,-0.478820800781,-0.734436035156,-0.213195800781,-7981.0,8357.0,649.0,-212.0,-53.0,19.0,
1648647605953978776,0.430969238281,-0.468627929688,-0.742980957031,-0.206787109375,-7910.0,8445.0,514.0,-241.0,-57.0,22.0,
1648647605959482908,0.4306640625,-0.457214355469,-0.752136230469,-0.199645996094,-7878.0,8498.0,420.0,-266.0,-59.0,26.0,
1648647605963608026,0.430358886719,-0.444763183594,-0.761779785156,-0.191650390625,-7848.0,8499.0,264.0,-290.0,-60.0,31.0,
1648647605968059301,0.430114746094,-0.431213378906,-0.771850585938,-0.182861328125,-7783.0,8426.0,43.0,-313.0,-61.0,35.0,
1648647605971433639,0.429992675781,-0.416442871094,-0.782165527344,-0.173278808594,-7647.0,8276.0,-238.0,-338.0,-62.0,37.0,
1648647605980035781,0.430114746094,-0.400085449219,-0.792724609375,-0.162902832031,-7455.0,8078.0,-553.0,-368.0,-62.0,36.0,
1648647605985084533,0.430541992188,-0.381713867188,-0.8037109375,-0.151672363281,-7216.0,7805.0,-799.0,-404.0,-63.0,32.0,
1648647605989787578,0.431091308594,-0.361206054688,-0.815002441406,-0.139770507812,-6951.0,7492.0,-999.0,-439.0,-64.0,28.0,
1648647605994335174,0.431701660156,-0.338623046875,-0.826354980469,-0.127197265625,-6670.0,7172.0,-1193.0,-472.0,-65.0,22.0,
1648647605998858928,0.432373046875,-0.313842773438,-0.837646484375,-0.113952636719,-6411.0,6813.0,-1355.0,-507.0,-65.0,16.0,
1648647606003452777,0.432983398438,-0.286926269531,-0.848693847656,-0.0999145507812,-6160.0,6415.0,-1457.0,-539.0,-63.0,12.0,
1648647606008895635,0.433532714844,-0.258117675781,-0.859191894531,-0.0851440429688,-5939.0,5983.0,-1470.0,-567.0,-61.0,9.0,
1648647606015958309,0.433898925781,-0.227478027344,-0.869018554688,-0.06982421875,-5732.0,5440.0,-1416.0,-592.0,-57.0,6.0,
1648647606020941495,0.434020996094,-0.195190429688,-0.877868652344,-0.0541381835938,-5548.0,4815.0,-1356.0,-612.0,-53.0,1.0,
1648647606025545358,0.433959960938,-0.161315917969,-0.885559082031,-0.0381469726562,-5383.0,4065.0,-1328.0,-631.0,-48.0,-4.0,
1648647606030547142,0.433715820312,-0.126220703125,-0.891906738281,-0.0220947265625,-5240.0,3336.0,-1256.0,-642.0,-43.0,-8.0,
1648647606034774541,0.433044433594,-0.0906982421875,-0.896789550781,-0.00604248046875,-5068.0,2654.0,-1206.0,-644.0,-38.0,-10.0,
1648647606039596080,0.431945800781,-0.054931640625,-0.900207519531,0.010009765625,-4896.0,1950.0,-1244.0,-644.0,-33.0,-10.0,
1648647606044208288,0.430541992188,-0.01953125,-0.901977539062,0.02587890625,-4694.0,1244.0,-1249.0,-633.0,-28.0,-9.0,
1648647606049636840,0.4287109375,0.014892578125,-0.902404785156,0.0411987304688,-4457.0,551.0,-1170.0,-613.0,-23.0,-8.0,
1648647606053529739,0.426513671875,0.0482177734375,-0.901489257812,0.055908203125,-4201.0,-114.0,-1010.0,-591.0,-18.0,-7.0,
1648647606058504104,0.423950195312,0.080078125,-0.8994140625,0.0699462890625,-3960.0,-675.0,-712.0,-564.0,-13.0,-5.0,
1648647606061715364,0.421142578125,0.109985351562,-0.896423339844,0.0834350585938,-3752.0,-1080.0,-301.0,-534.0,-9.0,-1.0,
1648647606066544532,0.41796875,0.137878417969,-0.892761230469,0.0963745117188,-3578.0,-1311.0,149.0,-504.0,-7.0,6.0,
1648647606074871540,0.414672851562,0.163757324219,-0.888488769531,0.109008789062,-3455.0,-1435.0,560.0,-476.0,-6.0,12.0,
1648647606079560041,0.411315917969,0.187683105469,-0.883666992188,0.121154785156,-3434.0,-1386.0,896.0,-447.0,-4.0,17.0,
1648647606084285736,0.408142089844,0.209777832031,-0.878479003906,0.1328125,-3514.0,-1069.0,1253.0,-422.0,-3.0,21.0,
1648647606089099407,0.404907226562,0.230346679688,-0.872985839844,0.144470214844,-3567.0,-674.0,1384.0,-404.0,-5.0,24.0,
1648647606093901157,0.401916503906,0.249572753906,-0.867126464844,0.155700683594,-3568.0,-407.0,1407.0,-385.0,-3.0,27.0,
1648647606098548889,0.399169921875,0.26806640625,-0.86083984375,0.166381835938,-3537.0,-461.0,1398.0,-371.0,2.0,26.0,
1648647606103869676,0.396606445312,0.286071777344,-0.854248046875,0.17626953125,-3493.0,-864.0,1406.0,-356.0,8.0,26.0,
1648647606106577873,0.394165039062,0.30322265625,-0.847595214844,0.185302734375,-3482.0,-1537.0,1495.0,-333.0,14.0,27.0,
1648647606114462375,0.391845703125,0.318969726562,-0.841003417969,0.193359375,-3559.0,-2272.0,1730.0,-303.0,17.0,29.0,
1648647606118540287,0.3896484375,0.332885742188,-0.834899902344,0.20068359375,-3686.0,-2935.0,1942.0,-271.0,16.0,31.0,
1648647606125163555,0.387634277344,0.345031738281,-0.829345703125,0.207153320312,-3816.0,-3440.0,2082.0,-237.0,13.0,31.0,
1648647606129912853,0.385986328125,0.355224609375,-0.824340820312,0.212829589844,-3944.0,-3759.0,2198.0,-203.0,12.0,31.0,
1648647606134193897,0.384643554688,0.363647460938,-0.819946289062,0.217834472656,-4054.0,-3896.0,2315.0,-171.0,10.0,31.0,
1648647606139071941,0.383666992188,0.370544433594,-0.816101074219,0.222351074219,-4154.0,-3954.0,2331.0,-146.0,9.0,31.0,
1648647606143840789,0.383056640625,0.376342773438,-0.812622070312,0.226318359375,-4292.0,-4032.0,2325.0,-123.0,10.0,31.0,
1648647606148888111,0.382751464844,0.381164550781,-0.8095703125,0.229797363281,-4486.0,-4216.0,2341.0,-103.0,10.0,30.0,
1648647606153343439,0.382446289062,0.385192871094,-0.806945800781,0.232727050781,-4685.0,-4525.0,2487.0,-86.0,8.0,28.0,
1648647606156587839,0.382263183594,0.388244628906,-0.804931640625,0.234985351562,-4899.0,-5028.0,2691.0,-64.0,7.0,26.0,
1648647606166045427,0.381958007812,0.390319824219,-0.803588867188,0.236572265625,-5118.0,-5705.0,2976.0,-42.0,5.0,24.0,
1648647606170367240,0.381530761719,0.391418457031,-0.803039550781,0.2373046875,-5325.0,-6301.0,3291.0,-18.0,1.0,20.0,
1648647606174741744,0.380981445312,0.391296386719,-0.803344726562,0.237365722656,-5513.0,-6667.0,3539.0,7.0,-5.0,15.0,
1648647606179450988,0.380554199219,0.389892578125,-0.804382324219,0.236877441406,-5681.0,-6794.0,3746.0,30.0,-10.0,11.0,
1648647606184669733,0.380187988281,0.387451171875,-0.805969238281,0.236145019531,-5833.0,-6690.0,3908.0,48.0,-15.0,8.0,
1648647606188954591,0.3798828125,0.38427734375,-0.807922363281,0.235168457031,-6013.0,-6423.0,4224.0,61.0,-19.0,5.0,
1648647606194138288,0.379333496094,0.380432128906,-0.810241699219,0.234191894531,-6199.0,-6137.0,4358.0,67.0,-23.0,1.0,
1648647606198493003,0.378845214844,0.376892089844,-0.812438964844,0.233154296875,-6388.0,-5651.0,4051.0,64.0,-24.0,-3.0,
1648647606201697587,0.378723144531,0.373901367188,-0.814147949219,0.232238769531,-6492.0,-5008.0,3683.0,56.0,-23.0,-3.0,
1648647606206671953,0.378967285156,0.37060546875,-0.815673828125,0.231628417969,-6466.0,-4398.0,3398.0,58.0,-22.0,0.0,
1648647606216720819,0.379516601562,0.366638183594,-0.817443847656,0.23095703125,-6286.0,-4213.0,3123.0,67.0,-20.0,4.0,
1648647606224343299,0.380798339844,0.357666015625,-0.821960449219,0.226928710938,-5899.0,-4809.0,2765.0,104.0,-12.0,-2.0,
1648647606231393098,0.381896972656,0.3515625,-0.825012207031,0.223266601562,-5851.0,-5198.0,2621.0,136.0,-9.0,-4.0,
1648647606235727548,0.383666992188,0.343566894531,-0.828796386719,0.218688964844,-5873.0,-5546.0,2414.0,175.0,-8.0,-2.0,
1648647606241715908,0.386169433594,0.33349609375,-0.833190917969,0.213195800781,-5936.0,-5882.0,2119.0,215.0,-6.0,0.0,
1648647606245365858,0.389465332031,0.321472167969,-0.838012695312,0.206604003906,-6046.0,-6232.0,1716.0,257.0,-2.0,0.0,
1648647606250505447,0.393615722656,0.307556152344,-0.843200683594,0.19873046875,-6239.0,-6778.0,1401.0,299.0,3.0,0.0,
1648647606255229949,0.398315429688,0.29150390625,-0.848876953125,0.189270019531,-6531.0,-7460.0,1140.0,345.0,8.0,-3.0,
1648647606260075807,0.403442382812,0.273315429688,-0.854858398438,0.17822265625,-6876.0,-8024.0,817.0,391.0,11.0,-6.0,
1648647606264880180,0.409057617188,0.253112792969,-0.86083984375,0.166015625,-7214.0,-8292.0,397.0,431.0,13.0,-8.0,
1648647606270060777,0.415100097656,0.230712890625,-0.866638183594,0.152954101562,-7511.0,-8213.0,-95.0,466.0,15.0,-6.0,
1648647606273995637,0.421569824219,0.205993652344,-0.8720703125,0.139282226562,-7763.0,-7981.0,-543.0,500.0,16.0,-1.0,
1648647606278597593,0.428100585938,0.178771972656,-0.877075195312,0.124755859375,-7998.0,-7578.0,-808.0,538.0,16.0,3.0,
1648647606282152891,0.434265136719,0.149047851562,-0.881652832031,0.109191894531,-8159.0,-7055.0,-976.0,576.0,13.0,3.0,
1648647606286547660,0.439880371094,0.1171875,-0.885559082031,0.092529296875,-8301.0,-6461.0,-1002.0,610.0,10.0,-1.0,
1648647606296571493,0.444702148438,0.0833129882812,-0.888671875,0.074462890625,-8398.0,-5845.0,-969.0,642.0,7.0,-8.0,
1648647606299706220,0.448791503906,0.0480346679688,-0.890625,0.05517578125,-8424.0,-5356.0,-828.0,668.0,5.0,-17.0,
1648647606304128408,0.451965332031,0.0119018554688,-0.891296386719,0.0343627929688,-8438.0,-5017.0,-697.0,690.0,5.0,-29.0,
1648647606309371709,0.454345703125,-0.0248413085938,-0.890380859375,0.01220703125,-8405.0,-4924.0,-545.0,710.0,5.0,-41.0,
1648647606314218759,0.455871582031,-0.0617065429688,-0.887817382812,-0.0112915039062,-8288.0,-5049.0,-632.0,724.0,6.0,-53.0,
1648647606319344282,0.456970214844,-0.09814453125,-0.883361816406,-0.0355224609375,-8116.0,-5222.0,-1150.0,728.0,11.0,-62.0,
1648647606325584411,0.4580078125,-0.1337890625,-0.876831054688,-0.0596313476562,-7987.0,-5020.0,-1992.0,718.0,17.0,-65.0,
1648647606330249547,0.458801269531,-0.168884277344,-0.868469238281,-0.0823364257812,-7833.0,-4350.0,-3018.0,697.0,22.0,-56.0,
1648647606335039377,0.459228515625,-0.203247070312,-0.858642578125,-0.102905273438,-7644.0,-3112.0,-3961.0,664.0,27.0,-41.0,
1648647606339712858,0.459045410156,-0.236389160156,-0.847839355469,-0.120849609375,-7494.0,-1430.0,-4625.0,622.0,32.0,-27.0,
1648647606344266176,0.458190917969,-0.267761230469,-0.836486816406,-0.136474609375,-7419.0,524.0,-4971.0,576.0,36.0,-18.0,
1648647606348835229,0.456726074219,-0.296875,-0.825073242188,-0.150085449219,-7369.0,2469.0,-5183.0,526.0,36.0,-14.0,
1648647606353579998,0.454956054688,-0.323181152344,-0.813842773438,-0.161926269531,-7330.0,4227.0,-5288.0,474.0,35.0,-16.0,
1648647606356819152,0.453063964844,-0.346618652344,-0.803039550781,-0.172485351562,-7318.0,5684.0,-5253.0,424.0,32.0,-19.0,
1648647606362019777,0.451232910156,-0.367126464844,-0.792846679688,-0.181884765625,-7321.0,6919.0,-5054.0,376.0,29.0,-24.0,
1648647606370013236,0.449523925781,-0.384582519531,-0.783569335938,-0.190063476562,-7328.0,7927.0,-4708.0,325.0,26.0,-28.0,
1648647606374830484,0.447998046875,-0.399230957031,-0.775329589844,-0.196899414062,-7325.0,8747.0,-4248.0,274.0,25.0,-28.0,
1648647606379516839,0.446716308594,-0.411315917969,-0.768371582031,-0.202270507812,-7278.0,9412.0,-3703.0,225.0,24.0,-25.0,
1648647606383930683,0.445556640625,-0.421142578125,-0.7626953125,-0.206115722656,-7205.0,9917.0,-3104.0,179.0,24.0,-19.0,
1648647606388643503,0.444519042969,-0.428955078125,-0.758239746094,-0.208557128906,-7114.0,10234.0,-2461.0,136.0,22.0,-13.0,
1648647606392612695,0.443664550781,-0.434814453125,-0.755004882812,-0.210083007812,-7030.0,10346.0,-1769.0,100.0,19.0,-9.0,
1648647606405758142,0.44287109375,-0.439086914062,-0.752746582031,-0.210876464844,-6975.0,10236.0,-1009.0,71.0,15.0,-6.0,
1648647606406557083,0.442077636719,-0.442016601562,-0.751342773438,-0.21142578125,-6953.0,9958.0,-267.0,50.0,11.0,-4.0,
1648647606421105384,0.441284179688,-0.444091796875,-0.750549316406,-0.211730957031,-6982.0,9579.0,406.0,36.0,7.0,-2.0,
1648647606422866344,0.440368652344,-0.445617675781,-0.750122070312,-0.2119140625,-7045.0,9178.0,1066.0,27.0,3.0,2.0,
1648647606425923109,0.437866210938,-0.447631835938,-0.750427246094,-0.211791992188,-7213.0,8507.0,2367.0,16.0,-5.0,10.0,
1648647606433986902,0.434448242188,-0.447937011719,-0.75244140625,-0.2109375,-7359.0,7879.0,3468.0,-3.0,-14.0,16.0,
1648647606440342426,0.4326171875,-0.447143554688,-0.754150390625,-0.210205078125,-7412.0,7544.0,3874.0,-15.0,-19.0,17.0,
1648647606444849014,0.430847167969,-0.445678710938,-0.75634765625,-0.209228515625,-7480.0,7200.0,4142.0,-29.0,-23.0,18.0,
1648647606449679851,0.429138183594,-0.443603515625,-0.758850097656,-0.2080078125,-7530.0,6917.0,4222.0,-42.0,-26.0,18.0,
1648647606455936431,0.427673339844,-0.440856933594,-0.76171875,-0.206420898438,-7595.0,6707.0,4156.0,-57.0,-29.0,18.0,
1648647606459472656,0.426330566406,-0.4375,-0.764892578125,-0.204467773438,-7663.0,6590.0,3967.0,-74.0,-31.0,18.0,
1648647606464541196,0.425231933594,-0.433349609375,-0.7685546875,-0.201904296875,-7735.0,6575.0,3729.0,-92.0,-34.0,19.0,
1648647606469021797,0.424133300781,-0.428405761719,-0.772766113281,-0.19873046875,-7783.0,6660.0,3463.0,-113.0,-37.0,21.0,
1648647606473728418,0.423217773438,-0.422424316406,-0.777526855469,-0.194763183594,-7848.0,6776.0,3233.0,-138.0,-40.0,22.0,
1648647606478806257,0.422302246094,-0.415222167969,-0.783020019531,-0.190185546875,-7902.0,6887.0,3067.0,-163.0,-43.0,24.0,
1648647606481668949,0.421508789062,-0.40673828125,-0.789123535156,-0.184936523438,-7973.0,6959.0,2978.0,-189.0,-47.0,25.0,
1648647606486576795,0.420715332031,-0.396911621094,-0.7958984375,-0.179077148438,-8019.0,6976.0,2931.0,-215.0,-50.0,25.0,
1648647606494938850,0.419921875,-0.385803222656,-0.803161621094,-0.172668457031,-8022.0,6928.0,2872.0,-238.0,-54.0,26.0,
1648647606499706029,0.419250488281,-0.373474121094,-0.810791015625,-0.165710449219,-7987.0,6819.0,2772.0,-261.0,-56.0,26.0,
1648647606504486799,0.418640136719,-0.360046386719,-0.818603515625,-0.158203125,-7906.0,6672.0,2649.0,-282.0,-58.0,26.0,
1648647606509008646,0.418029785156,-0.345642089844,-0.826599121094,-0.150329589844,-7786.0,6459.0,2523.0,-299.0,-59.0,26.0,
1648647606513877153,0.417419433594,-0.330322265625,-0.834594726562,-0.14208984375,-7608.0,6181.0,2393.0,-313.0,-60.0,25.0,
1648647606517298221,0.416870117188,-0.314147949219,-0.842468261719,-0.133666992188,-7449.0,5814.0,2337.0,-325.0,-60.0,23.0,
1648647606523452520,0.416259765625,-0.297058105469,-0.850219726562,-0.125183105469,-7336.0,5420.0,2262.0,-337.0,-61.0,19.0,
1648647606530961990,0.41552734375,-0.279174804688,-0.857849121094,-0.116516113281,-7139.0,5002.0,2227.0,-348.0,-64.0,17.0,
1648647606533467531,0.414794921875,-0.260437011719,-0.865234375,-0.107666015625,-6988.0,4686.0,2218.0,-359.0,-62.0,15.0,
1648647606538260698,0.413940429688,-0.240966796875,-0.872314453125,-0.0983276367188,-6803.0,4452.0,2224.0,-372.0,-62.0,16.0,
1648647606543195486,0.412902832031,-0.220825195312,-0.879211425781,-0.0884399414062,-6609.0,4306.0,2225.0,-385.0,-60.0,16.0,
1648647606547691822,0.411865234375,-0.19970703125,-0.885681152344,-0.078125,-6380.0,4147.0,2202.0,-401.0,-58.0,16.0,
1648647606552517890,0.410766601562,-0.177368164062,-0.891784667969,-0.0673217773438,-6115.0,3919.0,2224.0,-421.0,-56.0,13.0,
1648647606557151317,0.409729003906,-0.153442382812,-0.8974609375,-0.0562744140625,-5837.0,3568.0,2245.0,-444.0,-53.0,6.0,
1648647606561686038,0.408630371094,-0.127990722656,-0.902587890625,-0.0451049804688,-5590.0,3155.0,2292.0,-464.0,-49.0,-1.0,
1648647606569813728,0.407470703125,-0.101196289062,-0.906982421875,-0.0338745117188,-5363.0,2637.0,2374.0,-481.0,-46.0,-7.0,
1648647606574420690,0.406127929688,-0.0735473632812,-0.910583496094,-0.0225219726562,-5181.0,2093.0,2433.0,-490.0,-43.0,-10.0,
1648647606579713821,0.404602050781,-0.0455932617188,-0.913330078125,-0.0111083984375,-4976.0,1546.0,2494.0,-493.0,-41.0,-9.0,
1648647606582852840,0.40283203125,-0.0173950195312,-0.915100097656,0.00042724609375,-4803.0,1024.0,2569.0,-496.0,-37.0,-7.0,
1648647606587262392,0.400939941406,0.0106201171875,-0.915954589844,0.0120849609375,-4667.0,625.0,2772.0,-493.0,-33.0,-5.0,
1648647606592316865,0.398681640625,0.0380249023438,-0.916015625,0.0237426757812,-4536.0,407.0,3052.0,-485.0,-30.0,-2.0,
1648647606596850872,0.396118164062,0.064697265625,-0.915222167969,0.0354614257812,-4407.0,378.0,3354.0,-478.0,-28.0,1.0,
1648647606604952573,0.393188476562,0.0906982421875,-0.913757324219,0.0472412109375,-4303.0,476.0,3699.0,-473.0,-27.0,3.0,
1648647606609797954,0.389953613281,0.115905761719,-0.91162109375,0.0590209960938,-4208.0,636.0,4003.0,-466.0,-28.0,5.0,
1648647606614971637,0.386413574219,0.140686035156,-0.908813476562,0.0707397460938,-4101.0,742.0,4195.0,-462.0,-28.0,6.0,
1648647606619192361,0.382690429688,0.165161132812,-0.9052734375,0.082275390625,-3975.0,706.0,4253.0,-458.0,-26.0,6.0,
1648647606626395940,0.379028320312,0.189208984375,-0.901000976562,0.093505859375,-3874.0,604.0,4247.0,-449.0,-22.0,7.0,
1648647606628309488,0.375305175781,0.212341308594,-0.896179199219,0.1044921875,-3682.0,360.0,4053.0,-436.0,-20.0,10.0,
1648647606632322072,0.371826171875,0.234558105469,-0.890747070312,0.115112304688,-3511.0,-19.0,3890.0,-419.0,-16.0,15.0,
1648647606637036561,0.368408203125,0.255676269531,-0.885009765625,0.125183105469,-3352.0,-533.0,3706.0,-397.0,-11.0,18.0,
1648647606641519546,0.365234375,0.275573730469,-0.878967285156,0.134460449219,-3199.0,-1178.0,3550.0,-373.0,-6.0,19.0,
1648647606650080680,0.362426757812,0.293823242188,-0.872863769531,0.142883300781,-3092.0,-1907.0,3511.0,-342.0,-1.0,21.0,
1648647606654782056,0.359802246094,0.310180664062,-0.867004394531,0.150329589844,-3069.0,-2535.0,3567.0,-305.0,3.0,23.0,
1648647606659391403,0.357482910156,0.324462890625,-0.861511230469,0.1572265625,-3111.0,-2936.0,3660.0,-271.0,4.0,26.0,
1648647606664050579,0.355407714844,0.336853027344,-0.856384277344,0.163635253906,-3187.0,-3002.0,3512.0,-242.0,3.0,28.0,
1648647606668758630,0.353942871094,0.347839355469,-0.851440429688,0.169677734375,-3238.0,-2804.0,3187.0,-218.0,4.0,28.0,
1648647606671922922,0.353088378906,0.357482910156,-0.8466796875,0.175354003906,-3266.0,-2577.0,2877.0,-197.0,6.0,29.0,
1648647606680302858,0.352600097656,0.366088867188,-0.841979980469,0.180786132812,-3323.0,-2488.0,2625.0,-180.0,10.0,33.0,
1648647606685118198,0.3525390625,0.3740234375,-0.83740234375,0.185913085938,-3474.0,-2680.0,2484.0,-166.0,15.0,37.0,
1648647606689461946,0.352722167969,0.381408691406,-0.832946777344,0.190612792969,-3687.0,-3120.0,2462.0,-152.0,18.0,38.0,
1648647606693999052,0.352966308594,0.388122558594,-0.828735351562,0.194763183594,-3920.0,-3686.0,2503.0,-136.0,20.0,39.0,
1648647606698805093,0.353271484375,0.393981933594,-0.824951171875,0.198425292969,-4158.0,-4259.0,2564.0,-118.0,20.0,38.0,
1648647606702111005,0.353698730469,0.398986816406,-0.821594238281,0.20166015625,-4390.0,-4727.0,2608.0,-101.0,19.0,38.0,
1648647606706835985,0.354248046875,0.403198242188,-0.818603515625,0.20458984375,-4598.0,-5028.0,2566.0,-85.0,18.0,37.0,
1648647606711432218,0.35498046875,0.406677246094,-0.81591796875,0.207153320312,-4764.0,-5213.0,2386.0,-72.0,17.0,36.0,
1648647606720116853,0.355895996094,0.409729003906,-0.813415527344,0.209350585938,-4953.0,-5476.0,2263.0,-61.0,17.0,32.0,
1648647606724812269,0.356750488281,0.412536621094,-0.811157226562,0.211059570312,-5199.0,-5924.0,2129.0,-51.0,17.0,27.0,
1648647606733738899,0.357482910156,0.415100097656,-0.809265136719,0.212097167969,-5557.0,-6544.0,2361.0,-41.0,16.0,21.0,
1648647606737191677,0.357666015625,0.416931152344,-0.80810546875,0.212585449219,-5784.0,-7012.0,2369.0,-26.0,10.0,15.0,
1648647606740893840,0.357849121094,0.41796875,-0.807434082031,0.212646484375,-5937.0,-7349.0,2733.0,-9.0,6.0,12.0,
1648647606745916604,0.357788085938,0.417785644531,-0.807678222656,0.212463378906,-6022.0,-7537.0,3201.0,9.0,1.0,10.0,
1648647606750952482,0.357482910156,0.41650390625,-0.808532714844,0.211975097656,-6078.0,-7335.0,3607.0,25.0,-4.0,7.0,
1648647606755352973,0.357177734375,0.414428710938,-0.809875488281,0.211486816406,-6154.0,-6668.0,4067.0,36.0,-9.0,4.0,
1648647606759915828,0.35693359375,0.41162109375,-0.811462402344,0.21142578125,-6240.0,-5662.0,4449.0,38.0,-13.0,4.0,
1648647606764784097,0.356750488281,0.408996582031,-0.812744140625,0.211975097656,-6280.0,-4482.0,4324.0,26.0,-15.0,4.0,
1648647606769502162,0.356750488281,0.407775878906,-0.813049316406,0.213073730469,-6316.0,-3347.0,3896.0,1.0,-13.0,2.0,
1648647606773972988,0.356994628906,0.408020019531,-0.812377929688,0.214721679688,-6305.0,-2600.0,3452.0,-24.0,-9.0,2.0,
1648647606778412342,0.357116699219,0.409362792969,-0.811157226562,0.216552734375,-6264.0,-2427.0,3211.0,-41.0,-6.0,5.0,
1648647606782063007,0.357055664062,0.4111328125,-0.809875488281,0.21826171875,-6295.0,-2716.0,3156.0,-44.0,-3.0,8.0,
1648647606786997795,0.356811523438,0.412719726562,-0.808776855469,0.219543457031,-6451.0,-3113.0,3016.0,-36.0,-2.0,9.0,
1648647606791887283,0.356872558594,0.413757324219,-0.807983398438,0.220458984375,-6729.0,-3361.0,2714.0,-22.0,-2.0,10.0,
1648647606796480178,0.357482910156,0.414245605469,-0.807250976562,0.221252441406,-7035.0,-3423.0,2163.0,-9.0,-2.0,11.0,
1648647606804769277,0.358764648438,0.414245605469,-0.806518554688,0.221801757812,-7272.0,-3404.0,1588.0,3.0,1.0,12.0,
1648647606809500217,0.360595703125,0.413635253906,-0.805908203125,0.22216796875,-7409.0,-3458.0,1084.0,16.0,5.0,15.0,
1648647606814628601,0.362731933594,0.412414550781,-0.805603027344,0.222045898438,-7440.0,-3570.0,637.0,31.0,8.0,16.0,
1648647606819016218,0.365173339844,0.410522460938,-0.805603027344,0.221496582031,-7423.0,-3587.0,200.0,46.0,12.0,17.0,
1648647606823558568,0.368225097656,0.407836914062,-0.805847167969,0.220520019531,-7363.0,-3453.0,-277.0,63.0,17.0,19.0,
1648647606827035665,0.371948242188,0.404235839844,-0.806335449219,0.21923828125,-7255.0,-3191.0,-745.0,82.0,22.0,22.0,
1648647606834232568,0.376342773438,0.399475097656,-0.807067871094,0.217651367188,-7066.0,-2935.0,-1160.0,101.0,27.0,26.0,
1648647606841177940,0.381225585938,0.393859863281,-0.80810546875,0.215576171875,-6835.0,-2756.0,-1424.0,120.0,32.0,29.0,
1648647606846284866,0.386474609375,0.387451171875,-0.809387207031,0.213012695312,-6601.0,-2657.0,-1541.0,135.0,37.0,30.0,
1648647606850460767,0.391967773438,0.38037109375,-0.810913085938,0.210021972656,-6402.0,-2580.0,-1584.0,149.0,42.0,30.0,
1648647606855041742,0.397827148438,0.372375488281,-0.812683105469,0.206481933594,-6280.0,-2543.0,-1429.0,166.0,46.0,32.0,
1648647606859628438,0.403930664062,0.363037109375,-0.814880371094,0.202514648438,-6206.0,-2630.0,-1190.0,188.0,49.0,35.0,
1648647606864567279,0.410217285156,0.352416992188,-0.817565917969,0.19775390625,-6231.0,-2801.0,-778.0,214.0,50.0,36.0,
1648647606868923902,0.416625976562,0.340209960938,-0.82080078125,0.192199707031,-6344.0,-3071.0,-324.0,244.0,50.0,34.0,
1648647606872200250,0.423095703125,0.326171875,-0.82470703125,0.185485839844,-6508.0,-3484.0,87.0,280.0,49.0,32.0,
1648647606876920223,0.429809570312,0.309875488281,-0.829406738281,0.177124023438,-6714.0,-4081.0,487.0,329.0,48.0,29.0,
1648647606881465435,0.436645507812,0.290588378906,-0.834899902344,0.166748046875,-6897.0,-4759.0,841.0,391.0,45.0,25.0,
1648647606889581203,0.443481445312,0.268005371094,-0.841247558594,0.154174804688,-7056.0,-5341.0,1112.0,459.0,41.0,21.0,
1648647606894121408,0.450378417969,0.241760253906,-0.848083496094,0.139404296875,-7143.0,-5638.0,1186.0,528.0,37.0,17.0,
1648647606898669004,0.457214355469,0.211853027344,-0.85498046875,0.122741699219,-7177.0,-5523.0,898.0,593.0,33.0,15.0,
1648647606902137041,0.464233398438,0.178588867188,-0.861206054688,0.104370117188,-7235.0,-4900.0,457.0,650.0,31.0,13.0,
1648647606907466650,0.471008300781,0.14208984375,-0.866455078125,0.0850219726562,-7257.0,-3913.0,17.0,694.0,28.0,14.0,
1648647606911840200,0.47705078125,0.103271484375,-0.870361328125,0.0650634765625,-7196.0,-2607.0,-629.0,722.0,26.0,15.0,
1648647606916787147,0.482604980469,0.0634155273438,-0.872375488281,0.0449829101562,-7194.0,-1049.0,-1156.0,727.0,27.0,14.0,
1648647606924480438,0.4873046875,0.0230102539062,-0.87255859375,0.025390625,-7275.0,597.0,-1415.0,723.0,28.0,18.0,
1648647606929227352,0.490661621094,-0.0177612304688,-0.871154785156,0.0064697265625,-7224.0,2119.0,-1539.0,715.0,25.0,25.0,
1648647606936092853,0.492797851562,-0.0578002929688,-0.8681640625,-0.0115966796875,-7153.0,3299.0,-1222.0,697.0,23.0,29.0,
1648647606940688610,0.493408203125,-0.09619140625,-0.863952636719,-0.029296875,-7047.0,4186.0,-666.0,674.0,20.0,27.0,
1648647606945563316,0.492614746094,-0.132629394531,-0.858825683594,-0.0465698242188,-6808.0,4933.0,-175.0,648.0,16.0,22.0,
1648647606950134277,0.490905761719,-0.167175292969,-0.852722167969,-0.0629272460938,-6602.0,5420.0,400.0,618.0,14.0,22.0,
1648647606954756498,0.48828125,-0.2001953125,-0.845825195312,-0.0782470703125,-6374.0,5686.0,982.0,595.0,12.0,29.0,
1648647606959364652,0.484741210938,-0.231872558594,-0.838317871094,-0.0924682617188,-6007.0,5541.0,1506.0,573.0,10.0,39.0,
1648647606964177846,0.48095703125,-0.261535644531,-0.830139160156,-0.105895996094,-5772.0,5096.0,1789.0,548.0,14.0,42.0,
1648647606968803644,0.477355957031,-0.289123535156,-0.8212890625,-0.118713378906,-5577.0,4421.0,2152.0,520.0,17.0,39.0,
1648647606972127676,0.473571777344,-0.314819335938,-0.812072753906,-0.131164550781,-5437.0,3918.0,2543.0,499.0,19.0,37.0,
1648647606978837728,0.469543457031,-0.339233398438,-0.802551269531,-0.142761230469,-5372.0,3885.0,2812.0,477.0,21.0,38.0,
1648647606982464075,0.465209960938,-0.362426757812,-0.793029785156,-0.152770996094,-5319.0,4430.0,3026.0,447.0,22.0,44.0,
1648647606991756439,0.460388183594,-0.384094238281,-0.784057617188,-0.160766601562,-5228.0,5356.0,3185.0,406.0,19.0,51.0,
1648647606995294094,0.455261230469,-0.403259277344,-0.776123046875,-0.166809082031,-5140.0,6176.0,3361.0,351.0,14.0,52.0,
1648647607002886772,0.450256347656,-0.419494628906,-0.769348144531,-0.171569824219,-5206.0,6545.0,3578.0,297.0,9.0,48.0,
1648647607004377126,0.445739746094,-0.432922363281,-0.763549804688,-0.175964355469,-5413.0,6320.0,3849.0,255.0,3.0,42.0,
1648647607008884906,0.441772460938,-0.444030761719,-0.758422851562,-0.180419921875,-5609.0,5693.0,3922.0,225.0,-1.0,34.0,
1648647607012623310,0.4384765625,-0.453918457031,-0.753295898438,-0.185119628906,-6023.0,5181.0,3591.0,210.0,0.0,27.0,
1648647607017417669,0.435852050781,-0.463256835938,-0.748046875,-0.189636230469,-6661.0,5360.0,3762.0,195.0,-2.0,24.0,
1648647607021916866,0.432312011719,-0.471984863281,-0.74365234375,-0.193359375,-7379.0,6188.0,3942.0,182.0,-5.0,30.0,
1648647607026588916,0.428405761719,-0.480224609375,-0.739990234375,-0.195739746094,-7848.0,7125.0,3947.0,160.0,-7.0,36.0,
1648647607035350084,0.424621582031,-0.487243652344,-0.737182617188,-0.197143554688,-7978.0,7694.0,3829.0,129.0,-9.0,36.0,
1648647607041864156,0.421264648438,-0.492797851562,-0.735168457031,-0.198181152344,-7928.0,7775.0,3634.0,100.0,-13.0,30.0,
1648647607059787988,0.416137695312,-0.500549316406,-0.732238769531,-0.200439453125,-7672.0,7328.0,3176.0,70.0,-15.0,19.0,
1648647607060692071,0.413940429688,-0.503784179688,-0.73095703125,-0.201538085938,-7516.0,7137.0,2897.0,64.0,-14.0,18.0,
1648647607061578273,0.411926269531,-0.5068359375,-0.729675292969,-0.202514648438,-7361.0,7054.0,2593.0,59.0,-13.0,17.0,
1648647607072795629,0.410095214844,-0.509643554688,-0.728637695312,-0.203186035156,-7229.0,7016.0,2313.0,51.0,-12.0,16.0,
1648647607073726177,0.408447265625,-0.511901855469,-0.727783203125,-0.203674316406,-7134.0,6962.0,2083.0,40.0,-12.0,13.0,
1648647607074045896,0.407104492188,-0.513610839844,-0.727233886719,-0.204040527344,-7073.0,6873.0,1887.0,30.0,-11.0,10.0,
1648647607076721429,0.406066894531,-0.514831542969,-0.726867675781,-0.204406738281,-7023.0,6795.0,1677.0,22.0,-11.0,7.0,
1648647607081574440,0.405151367188,-0.515869140625,-0.726623535156,-0.204528808594,-6990.0,6760.0,1480.0,16.0,-9.0,6.0,
1648647607090061664,0.404357910156,-0.516723632812,-0.726440429688,-0.20458984375,-6935.0,6771.0,1281.0,11.0,-8.0,6.0,
1648647607094913721,0.403686523438,-0.517395019531,-0.726379394531,-0.204345703125,-6875.0,6767.0,1132.0,6.0,-7.0,6.0,
1648647607099588871,0.403076171875,-0.517822265625,-0.726501464844,-0.204040527344,-6818.0,6745.0,1043.0,1.0,-7.0,5.0,
1648647607106492757,0.402587890625,-0.51806640625,-0.726745605469,-0.203674316406,-6783.0,6569.0,1083.0,-3.0,-6.0,5.0,
1648647607107299804,0.402099609375,-0.518188476562,-0.726989746094,-0.203430175781,-6748.0,6278.0,1177.0,-1.0,-5.0,6.0,
1648647607112674236,0.401611328125,-0.518371582031,-0.727111816406,-0.203308105469,-6719.0,5972.0,1262.0,3.0,-4.0,7.0,
1648647607117259263,0.401123046875,-0.518798828125,-0.72705078125,-0.203430175781,-6656.0,5723.0,1341.0,9.0,-4.0,7.0,
1648647607121615409,0.400451660156,-0.519592285156,-0.726806640625,-0.203674316406,-6577.0,5569.0,1398.0,16.0,-4.0,7.0,
1648647607126575946,0.399719238281,-0.520568847656,-0.726379394531,-0.204040527344,-6512.0,5521.0,1430.0,21.0,-4.0,7.0,
1648647607137689590,0.39892578125,-0.521728515625,-0.725891113281,-0.204345703125,-6446.0,5580.0,1423.0,23.0,-4.0,6.0,
1648647607141402006,0.398132324219,-0.522888183594,-0.725524902344,-0.204528808594,-6380.0,5694.0,1401.0,20.0,-4.0,6.0,
1648647607146235704,0.397338867188,-0.523681640625,-0.725341796875,-0.204528808594,-6335.0,5812.0,1400.0,13.0,-5.0,6.0,
1648647607151113986,0.396606445312,-0.524108886719,-0.725463867188,-0.204345703125,-6304.0,5926.0,1381.0,4.0,-6.0,6.0,
1648647607155954122,0.395935058594,-0.524108886719,-0.725952148438,-0.203979492188,-6288.0,6019.0,1373.0,-6.0,-7.0,5.0,
1648647607160500764,0.395324707031,-0.523620605469,-0.726745605469,-0.203369140625,-6281.0,6098.0,1341.0,-15.0,-8.0,6.0,
1648647607165402412,0.394836425781,-0.522827148438,-0.727905273438,-0.202514648438,-6292.0,6159.0,1319.0,-25.0,-9.0,7.0,
1648647607169720649,0.394348144531,-0.521606445312,-0.729309082031,-0.201538085938,-6287.0,6209.0,1272.0,-33.0,-11.0,7.0,
1648647607174490928,0.393920898438,-0.52001953125,-0.73095703125,-0.200317382812,-6258.0,6219.0,1212.0,-41.0,-12.0,8.0,
1648647607179125070,0.393615722656,-0.517944335938,-0.733032226562,-0.198913574219,-6209.0,6173.0,1154.0,-52.0,-13.0,7.0,
1648647607183989286,0.393432617188,-0.515319824219,-0.7353515625,-0.197326660156,-6168.0,6066.0,1079.0,-63.0,-14.0,7.0,
1648647607187420368,0.393432617188,-0.51220703125,-0.737976074219,-0.195617675781,-6135.0,5915.0,916.0,-73.0,-15.0,6.0,
1648647607192294597,0.3935546875,-0.508728027344,-0.740844726562,-0.193786621094,-6099.0,5771.0,663.0,-82.0,-16.0,6.0,
1648647607196921348,0.393920898438,-0.504821777344,-0.743896484375,-0.191589355469,-6055.0,5677.0,388.0,-94.0,-16.0,6.0,
1648647607201643466,0.394470214844,-0.500366210938,-0.747253417969,-0.18896484375,-6039.0,5606.0,197.0,-107.0,-16.0,7.0,
1648647607209863424,0.395080566406,-0.495300292969,-0.751037597656,-0.18603515625,-6040.0,5562.0,78.0,-120.0,-16.0,7.0,
1648647607214920997,0.395751953125,-0.48974609375,-0.755126953125,-0.182800292969,-6021.0,5490.0,-58.0,-131.0,-16.0,8.0,
1648647607219132661,0.396606445312,-0.483642578125,-0.759460449219,-0.179260253906,-6006.0,5351.0,-12.0,-142.0,-15.0,8.0,
1648647607223832130,0.397521972656,-0.476928710938,-0.764038085938,-0.175537109375,-6025.0,5247.0,153.0,-150.0,-13.0,8.0,
1648647607227362394,0.398559570312,-0.469909667969,-0.768737792969,-0.171630859375,-6071.0,5227.0,411.0,-156.0,-10.0,8.0,
1648647607232257127,0.399536132812,-0.462646484375,-0.773559570312,-0.167419433594,-6195.0,5403.0,710.0,-160.0,-8.0,10.0,
1648647607237013101,0.400329589844,-0.455139160156,-0.778564453125,-0.162658691406,-6320.0,5725.0,1010.0,-168.0,-8.0,15.0,
1648647607243440628,0.40087890625,-0.447204589844,-0.783996582031,-0.1572265625,-6406.0,6075.0,1374.0,-181.0,-9.0,20.0,
1648647607248514652,0.401306152344,-0.438293457031,-0.789978027344,-0.151306152344,-6461.0,6377.0,1736.0,-199.0,-11.0,21.0,
1648647607253230333,0.401733398438,-0.428283691406,-0.79638671875,-0.144897460938,-6434.0,6523.0,1938.0,-220.0,-14.0,20.0,
1648647607258080005,0.402282714844,-0.417053222656,-0.803283691406,-0.13818359375,-6355.0,6450.0,2003.0,-243.0,-16.0,18.0,
1648647607267021656,0.403076171875,-0.404479980469,-0.810424804688,-0.131103515625,-6212.0,6167.0,1975.0,-266.0,-18.0,16.0,
1648647607267601013,0.404052734375,-0.390625,-0.81787109375,-0.123718261719,-6067.0,5749.0,1951.0,-287.0,-19.0,13.0,
1648647607271701097,0.405151367188,-0.375732421875,-0.825378417969,-0.116088867188,-5922.0,5205.0,1962.0,-302.0,-20.0,12.0,
1648647607276514291,0.40625,-0.360046386719,-0.832824707031,-0.1083984375,-5813.0,4596.0,2030.0,-311.0,-20.0,11.0,
1648647607284460783,0.407287597656,-0.344116210938,-0.840026855469,-0.100830078125,-5699.0,4002.0,2083.0,-310.0,-19.0,10.0,
1648647607289266586,0.408264160156,-0.328430175781,-0.846618652344,-0.0933227539062,-5604.0,3443.0,2175.0,-302.0,-17.0,10.0,
1648647607295494556,0.4091796875,-0.313232421875,-0.852722167969,-0.0861206054688,-5543.0,2949.0,2285.0,-289.0,-14.0,11.0,
1648647607297281265,0.410034179688,-0.298828125,-0.858093261719,-0.0792236328125,-5463.0,2535.0,2360.0,-272.0,-11.0,11.0,
1648647607302070379,0.410827636719,-0.285339355469,-0.862915039062,-0.0726318359375,-5399.0,2192.0,2489.0,-255.0,-8.0,11.0,
1648647607306641578,0.411499023438,-0.272827148438,-0.867126464844,-0.0665283203125,-5342.0,1932.0,2700.0,-235.0,-6.0,11.0,
1648647607311397075,0.411987304688,-0.261474609375,-0.870788574219,-0.0609130859375,-5279.0,1760.0,2965.0,-211.0,-4.0,11.0,
1648647607319696187,0.412292480469,-0.251342773438,-0.873901367188,-0.0558471679688,-5178.0,1703.0,3207.0,-187.0,-3.0,11.0,
1648647607324653863,0.412536621094,-0.242248535156,-0.876647949219,-0.0511474609375,-5085.0,1656.0,3516.0,-170.0,-1.0,10.0,
1648647607330697298,0.412658691406,-0.23388671875,-0.879150390625,-0.0468139648438,-5058.0,1630.0,3799.0,-155.0,0.0,10.0,
1648647607332344055,0.41259765625,-0.2265625,-0.881286621094,-0.0429077148438,-5015.0,1737.0,4008.0,-136.0,-1.0,10.0,
1648647607337427377,0.412475585938,-0.219787597656,-0.883239746094,-0.0391845703125,-4950.0,1952.0,4137.0,-128.0,-2.0,10.0,
1648647607342949628,0.412353515625,-0.213134765625,-0.885070800781,-0.0352783203125,-4917.0,2280.0,4254.0,-130.0,-1.0,9.0,
1648647607349211692,0.412170410156,-0.206420898438,-0.886901855469,-0.03125,-4908.0,2711.0,4385.0,-133.0,-2.0,9.0,
1648647607353698730,0.411804199219,-0.19970703125,-0.888732910156,-0.027099609375,-4910.0,3197.0,4492.0,-137.0,-3.0,8.0,
1648647607358452558,0.411437988281,-0.192626953125,-0.890625,-0.022705078125,-4925.0,3684.0,4558.0,-146.0,-5.0,7.0,
1648647607363765716,0.410949707031,-0.184753417969,-0.892578125,-0.01806640625,-4953.0,4077.0,4614.0,-161.0,-6.0,5.0,
1648647607368119955,0.410461425781,-0.175842285156,-0.894653320312,-0.0130004882812,-5001.0,4337.0,4717.0,-179.0,-7.0,3.0,
1648647607372630596,0.409851074219,-0.165954589844,-0.896911621094,-0.00775146484375,-5036.0,4419.0,4871.0,-195.0,-8.0,2.0,
1648647607377089977,0.409118652344,-0.155029296875,-0.899230957031,-0.002197265625,-5079.0,4286.0,5043.0,-209.0,-10.0,2.0,
1648647607381765842,0.408264160156,-0.143310546875,-0.901550292969,0.00341796875,-5133.0,3974.0,5185.0,-219.0,-10.0,1.0,
1648647607387030839,0.407348632812,-0.130920410156,-0.90380859375,0.009033203125,-5201.0,3521.0,5327.0,-225.0,-11.0,1.0,
1648647607395009994,0.406433105469,-0.118286132812,-0.905883789062,0.0145874023438,-5261.0,3048.0,5469.0,-226.0,-11.0,1.0,
1648647607400450229,0.405334472656,-0.10546875,-0.907836914062,0.02001953125,-5275.0,2600.0,5505.0,-227.0,-12.0,0.0,
1648647607403999805,0.404296875,-0.0925903320312,-0.909606933594,0.0254516601562,-5321.0,2182.0,5507.0,-228.0,-11.0,0.0,
1648647607407350301,0.403259277344,-0.0797119140625,-0.9111328125,0.03076171875,-5400.0,1828.0,5545.0,-226.0,-11.0,-1.0,
1648647607412821531,0.402099609375,-0.0667114257812,-0.912475585938,0.0360717773438,-5487.0,1565.0,5621.0,-228.0,-12.0,-3.0,
1648647607417257547,0.400817871094,-0.05322265625,-0.913696289062,0.0414428710938,-5556.0,1323.0,5637.0,-237.0,-13.0,-5.0,
1648647607423695802,0.399475097656,-0.0391845703125,-0.914733886719,0.0469360351562,-5651.0,1028.0,5593.0,-245.0,-12.0,-7.0,
1648647607430347442,0.398132324219,-0.02490234375,-0.91552734375,0.0523681640625,-5706.0,726.0,5519.0,-248.0,-12.0,-9.0,
1648647607434946537,0.396789550781,-0.0104370117188,-0.916076660156,0.0576782226562,-5710.0,438.0,5425.0,-250.0,-11.0,-10.0,
1648647607439641714,0.395385742188,0.00408935546875,-0.916381835938,0.06298828125,-5665.0,211.0,5261.0,-250.0,-10.0,-10.0,
1648647607445051193,0.394104003906,0.0184326171875,-0.916381835938,0.0684204101562,-5587.0,81.0,5074.0,-249.0,-8.0,-9.0,
1648647607451245069,0.392822265625,0.0325927734375,-0.916076660156,0.0739135742188,-5495.0,53.0,4766.0,-248.0,-5.0,-7.0,
1648647607456107854,0.391845703125,0.046630859375,-0.915405273438,0.0794067382812,-5419.0,110.0,4480.0,-248.0,-2.0,-7.0,
1648647607460783958,0.390869140625,0.0604858398438,-0.91455078125,0.0848999023438,-5363.0,272.0,4280.0,-247.0,0.0,-9.0,
1648647607465642452,0.389892578125,0.07421875,-0.913452148438,0.0902709960938,-5336.0,427.0,4271.0,-247.0,1.0,-11.0,
1648647607470056295,0.388671875,0.0880126953125,-0.912170410156,0.0956420898438,-5303.0,553.0,4193.0,-249.0,1.0,-14.0,
1648647607474355220,0.387390136719,0.10205078125,-0.910705566406,0.100952148438,-5302.0,580.0,4281.0,-252.0,2.0,-15.0,
1648647607479084968,0.385925292969,0.116149902344,-0.908996582031,0.106262207031,-5327.0,416.0,4441.0,-254.0,2.0,-14.0,
1648647607482375621,0.38427734375,0.130187988281,-0.907165527344,0.111511230469,-5354.0,34.0,4700.0,-250.0,1.0,-12.0,
1648647607487042903,0.382263183594,0.144104003906,-0.9052734375,0.116577148438,-5377.0,-391.0,4989.0,-245.0,-1.0,-11.0,
1648647607491842031,0.380004882812,0.157775878906,-0.9033203125,0.121459960938,-5420.0,-762.0,5264.0,-241.0,-3.0,-12.0,
1648647607496731996,0.377502441406,0.171081542969,-0.901245117188,0.126220703125,-5444.0,-1004.0,5495.0,-235.0,-6.0,-11.0,
1648647607501481533,0.374877929688,0.183776855469,-0.899169921875,0.131103515625,-5421.0,-1235.0,5641.0,-229.0,-9.0,-8.0,
1648647607510223388,0.372253417969,0.195739746094,-0.897033691406,0.135803222656,-5429.0,-1436.0,5751.0,-217.0,-10.0,-6.0,
1648647607514978647,0.369567871094,0.206970214844,-0.894958496094,0.140258789062,-5437.0,-1585.0,5739.0,-204.0,-12.0,-5.0,
1648647607517824172,0.367004394531,0.217407226562,-0.892822265625,0.14453125,-5440.0,-1712.0,5668.0,-193.0,-14.0,-5.0,
1648647607522949218,0.364501953125,0.227233886719,-0.890747070312,0.148498535156,-5413.0,-1858.0,5674.0,-181.0,-15.0,-5.0,
1648647607527438163,0.36181640625,0.236511230469,-0.888854980469,0.152160644531,-5380.0,-2068.0,5689.0,-171.0,-16.0,-6.0,
1648647607532942056,0.359130859375,0.245300292969,-0.886962890625,0.155456542969,-5351.0,-2305.0,5776.0,-161.0,-17.0,-8.0,
1648647607536892652,0.356262207031,0.25341796875,-0.885314941406,0.158447265625,-5334.0,-2521.0,5914.0,-150.0,-18.0,-9.0,
1648647607541925668,0.353332519531,0.260864257812,-0.8837890625,0.161254882812,-5282.0,-2621.0,6066.0,-139.0,-21.0,-8.0,
1648647607547741651,0.350341796875,0.267639160156,-0.882446289062,0.163940429688,-5190.0,-2659.0,6172.0,-130.0,-23.0,-8.0,
1648647607553663730,0.347290039062,0.273803710938,-0.881286621094,0.166564941406,-5057.0,-2725.0,6239.0,-120.0,-25.0,-7.0,
1648647607558638811,0.34423828125,0.279357910156,-0.880310058594,0.1689453125,-4905.0,-2817.0,6268.0,-109.0,-26.0,-7.0,
1648647607562758684,0.34130859375,0.284240722656,-0.879455566406,0.171081542969,-4776.0,-2900.0,6304.0,-97.0,-27.0,-5.0,
1648647607567784547,0.33837890625,0.288330078125,-0.878845214844,0.173095703125,-4662.0,-2928.0,6295.0,-83.0,-29.0,-4.0,
1648647607572249650,0.335632324219,0.291625976562,-0.878479003906,0.174865722656,-4590.0,-2874.0,6237.0,-69.0,-30.0,-2.0,
1648647607576770782,0.3330078125,0.294067382812,-0.878356933594,0.176513671875,-4597.0,-2757.0,6415.0,-56.0,-32.0,-2.0,
1648647607581637620,0.330322265625,0.295837402344,-0.87841796875,0.178100585938,-4622.0,-2509.0,6281.0,-48.0,-34.0,-2.0,
1648647607589796781,0.327880859375,0.297668457031,-0.87841796875,0.179748535156,-4608.0,-2266.0,6021.0,-49.0,-34.0,-3.0,
1648647607594344377,0.325561523438,0.299743652344,-0.878173828125,0.181457519531,-4527.0,-2191.0,5827.0,-52.0,-33.0,-2.0,
1648647607597588539,0.3232421875,0.301818847656,-0.878051757812,0.183044433594,-4417.0,-2451.0,5809.0,-50.0,-32.0,-1.0,
1648647607602818250,0.320678710938,0.303894042969,-0.877990722656,0.184265136719,-4417.0,-2999.0,5434.0,-45.0,-31.0,-3.0,
1648647607607539892,0.318298339844,0.307067871094,-0.877624511719,0.184997558594,-4582.0,-3368.0,4803.0,-50.0,-28.0,-9.0,
1648647607612482070,0.31640625,0.310668945312,-0.876892089844,0.185668945312,-4801.0,-3385.0,4026.0,-55.0,-26.0,-11.0,
1648647607616757869,0.315185546875,0.31396484375,-0.875915527344,0.186706542969,-5021.0,-3326.0,3354.0,-53.0,-22.0,-7.0,
1648647607621347904,0.314575195312,0.316772460938,-0.874877929688,0.187927246094,-5167.0,-3349.0,2881.0,-46.0,-17.0,0.0,
1648647607629676103,0.314208984375,0.318786621094,-0.8740234375,0.18896484375,-5270.0,-3491.0,2607.0,-33.0,-13.0,4.0,
1648647607634327888,0.314208984375,0.319946289062,-0.873474121094,0.189636230469,-5409.0,-3685.0,2544.0,-15.0,-9.0,6.0,
1648647607639082670,0.314392089844,0.319946289062,-0.873352050781,0.18994140625,-5564.0,-3837.0,2573.0,5.0,-7.0,8.0,
1648647607642574548,0.31494140625,0.318786621094,-0.87353515625,0.18994140625,-5701.0,-3865.0,2633.0,25.0,-5.0,9.0,
1648647607650016307,0.315795898438,0.316711425781,-0.874084472656,0.189697265625,-5821.0,-3791.0,2688.0,40.0,-4.0,9.0,
1648647607654172897,0.316833496094,0.314025878906,-0.874755859375,0.189208984375,-5925.0,-3698.0,2772.0,51.0,-3.0,8.0,
1648647607659057140,0.317993164062,0.310791015625,-0.875610351562,0.188598632812,-6048.0,-3633.0,2920.0,59.0,-1.0,8.0,
1648647607663731813,0.3193359375,0.307189941406,-0.876586914062,0.187805175781,-6192.0,-3598.0,3090.0,66.0,0.0,8.0,
1648647607668622255,0.320678710938,0.30322265625,-0.877685546875,0.186828613281,-6354.0,-3552.0,3253.0,72.0,0.0,8.0,
1648647607673167467,0.322082519531,0.299011230469,-0.878784179688,0.185791015625,-6488.0,-3470.0,3310.0,77.0,0.0,7.0,
1648647607677763700,0.323608398438,0.294677734375,-0.880004882812,0.184631347656,-6558.0,-3319.0,3359.0,80.0,-1.0,6.0,
1648647607682483673,0.325012207031,0.290222167969,-0.881164550781,0.183471679688,-6537.0,-3065.0,3438.0,80.0,-1.0,6.0,
1648647607698398828,0.326354980469,0.285705566406,-0.882385253906,0.182495117188,-6429.0,-2735.0,3559.0,79.0,-1.0,6.0,
1648647607699077844,0.32763671875,0.281188964844,-0.883544921875,0.181701660156,-6272.0,-2396.0,3700.0,74.0,-2.0,8.0,
1648647607699378252,0.328674316406,0.276977539062,-0.884582519531,0.181091308594,-6097.0,-2125.0,3867.0,67.0,-1.0,9.0,
1648647607712654352,0.32958984375,0.273254394531,-0.885498046875,0.180603027344,-5936.0,-2006.0,4008.0,58.0,-1.0,8.0,
1648647607713048934,0.330383300781,0.270080566406,-0.886291503906,0.180053710938,-5812.0,-2120.0,4142.0,50.0,0.0,6.0,
1648647607713710308,0.3310546875,0.267272949219,-0.887023925781,0.179321289062,-5767.0,-2422.0,4386.0,50.0,1.0,5.0,
1648647607717273235,0.331604003906,0.264343261719,-0.887878417969,0.178283691406,-5790.0,-2772.0,4628.0,56.0,0.0,4.0,
1648647607721868038,0.332214355469,0.260864257812,-0.888977050781,0.176940917969,-5840.0,-3038.0,4870.0,67.0,-1.0,3.0,
1648647607726486206,0.332824707031,0.256591796875,-0.890319824219,0.17529296875,-5882.0,-3126.0,5101.0,80.0,-3.0,1.0,
1648647607731317520,0.333435058594,0.251708984375,-0.891845703125,0.173522949219,-5864.0,-2967.0,5314.0,89.0,-6.0,0.0,
1648647607736436128,0.333862304688,0.246459960938,-0.893432617188,0.171875,-5800.0,-2645.0,5475.0,90.0,-8.0,0.0,
1648647607745277881,0.334167480469,0.241394042969,-0.894958496094,0.170532226562,-5705.0,-2277.0,5590.0,83.0,-10.0,0.0,
1648647607749832153,0.334228515625,0.236938476562,-0.896362304688,0.16943359375,-5574.0,-1937.0,5633.0,69.0,-12.0,-1.0,
1648647607756683588,0.334045410156,0.233520507812,-0.8974609375,0.168762207031,-5436.0,-1692.0,5632.0,51.0,-13.0,-1.0,
1648647607763409137,0.3330078125,0.229797363281,-0.89892578125,0.168090820312,-5193.0,-1711.0,5477.0,18.0,-14.0,-3.0,
1648647607768623590,0.332336425781,0.229248046875,-0.899353027344,0.167846679688,-5109.0,-1955.0,5327.0,9.0,-13.0,-4.0,
1648647607772999286,0.331604003906,0.229064941406,-0.899719238281,0.167541503906,-5049.0,-2305.0,5118.0,6.0,-12.0,-5.0,
1648647607777889728,0.3310546875,0.229064941406,-0.900024414062,0.1669921875,-5032.0,-2678.0,4902.0,8.0,-11.0,-6.0,
1648647607782498359,0.33056640625,0.228881835938,-0.900390625,0.166198730469,-5070.0,-2987.0,4694.0,15.0,-10.0,-7.0,
1648647607787258386,0.330261230469,0.228332519531,-0.900817871094,0.165283203125,-5134.0,-3165.0,4499.0,22.0,-10.0,-8.0,
1648647607791845798,0.330139160156,0.227355957031,-0.901306152344,0.164245605469,-5216.0,-3176.0,4341.0,28.0,-9.0,-8.0,
1648647607796783208,0.330139160156,0.225952148438,-0.90185546875,0.163208007812,-5300.0,-3055.0,4220.0,31.0,-9.0,-8.0,
1648647607804877996,0.330261230469,0.224487304688,-0.90234375,0.162231445312,-5401.0,-2833.0,4144.0,31.0,-8.0,-8.0,
1648647607809460163,0.330383300781,0.223083496094,-0.902770996094,0.161376953125,-5530.0,-2569.0,4093.0,27.0,-7.0,-9.0,
1648647607812847614,0.330627441406,0.221923828125,-0.903137207031,0.160705566406,-5658.0,-2313.0,4088.0,21.0,-7.0,-9.0,
1648647607817414283,0.330810546875,0.221008300781,-0.903381347656,0.16015625,-5773.0,-2113.0,4130.0,15.0,-5.0,-8.0,
1648647607822253465,0.330993652344,0.220458984375,-0.903503417969,0.159790039062,-5861.0,-1960.0,4223.0,9.0,-4.0,-7.0,
1648647607827092885,0.331115722656,0.220092773438,-0.903564453125,0.159545898438,-5923.0,-1870.0,4347.0,4.0,-4.0,-6.0,
1648647607832020998,0.331115722656,0.219970703125,-0.903625488281,0.159423828125,-5954.0,-1821.0,4494.0,1.0,-4.0,-5.0,
1648647607836565256,0.330993652344,0.219909667969,-0.903747558594,0.159301757812,-5952.0,-1803.0,4640.0,-1.0,-5.0,-5.0,
1648647607844494104,0.330810546875,0.219848632812,-0.90380859375,0.1591796875,-5935.0,-1746.0,4808.0,-1.0,-6.0,-6.0,
1648647607849348783,0.330444335938,0.219787597656,-0.903991699219,0.159118652344,-5911.0,-1578.0,5035.0,-3.0,-7.0,-6.0,
1648647607854776859,0.329895019531,0.219909667969,-0.904113769531,0.159301757812,-5854.0,-1280.0,5178.0,-9.0,-9.0,-6.0,
1648647607861128807,0.329284667969,0.220397949219,-0.904174804688,0.159729003906,-5808.0,-894.0,5364.0,-20.0,-10.0,-6.0,
1648647607866132020,0.328491210938,0.221374511719,-0.904052734375,0.160583496094,-5744.0,-603.0,5538.0,-33.0,-11.0,-5.0,
1648647607870415925,0.327453613281,0.223083496094,-0.90380859375,0.161743164062,-5662.0,-490.0,5739.0,-45.0,-12.0,-4.0,
1648647607875109672,0.326171875,0.225463867188,-0.903442382812,0.163024902344,-5584.0,-562.0,5893.0,-56.0,-12.0,-4.0,
1648647607879798173,0.324768066406,0.228332519531,-0.902954101562,0.164428710938,-5505.0,-807.0,6020.0,-61.0,-13.0,-4.0,
1648647607884349584,0.323181152344,0.2314453125,-0.902526855469,0.165649414062,-5433.0,-1190.0,6073.0,-61.0,-14.0,-3.0,
1648647607888159036,0.321594238281,0.234497070312,-0.902099609375,0.166687011719,-5390.0,-1615.0,6044.0,-56.0,-15.0,-4.0,
1648647607892667055,0.320007324219,0.2373046875,-0.901794433594,0.167541503906,-5320.0,-2022.0,5903.0,-48.0,-17.0,-5.0,
1648647607897473335,0.318420410156,0.23974609375,-0.901611328125,0.168090820312,-5232.0,-2333.0,5670.0,-39.0,-18.0,-6.0,
1648647607902029991,0.316955566406,0.241760253906,-0.901489257812,0.16845703125,-5114.0,-2547.0,5332.0,-32.0,-19.0,-7.0,
1648647607906768083,0.315673828125,0.243591308594,-0.901428222656,0.168762207031,-5010.0,-2717.0,5022.0,-28.0,-18.0,-7.0,
1648647607911506891,0.314453125,0.245300292969,-0.9013671875,0.1689453125,-4931.0,-2848.0,4775.0,-24.0,-17.0,-7.0,
1648647607916367292,0.313415527344,0.246826171875,-0.901245117188,0.169128417969,-4872.0,-2932.0,4605.0,-23.0,-16.0,-7.0,
1648647607924544572,0.312377929688,0.248229980469,-0.901184082031,0.169372558594,-4856.0,-2959.0,4465.0,-22.0,-15.0,-5.0,
1648647607929375410,0.3115234375,0.249633789062,-0.901000976562,0.169677734375,-4845.0,-2960.0,4363.0,-22.0,-13.0,-5.0,
1648647607933141231,0.310791015625,0.250915527344,-0.90087890625,0.169982910156,-4840.0,-2929.0,4361.0,-21.0,-11.0,-4.0,
1648647607937731981,0.31005859375,0.252136230469,-0.900695800781,0.170349121094,-4834.0,-2862.0,4495.0,-21.0,-10.0,-4.0,
1648647607942281246,0.309326171875,0.253234863281,-0.900573730469,0.170776367188,-4831.0,-2752.0,4653.0,-22.0,-10.0,-3.0,
1648647607946823596,0.308532714844,0.254211425781,-0.900451660156,0.171325683594,-4825.0,-2580.0,4814.0,-22.0,-9.0,-2.0,
1648647607951579570,0.307861328125,0.255065917969,-0.900329589844,0.171936035156,-4798.0,-2383.0,4975.0,-22.0,-9.0,-1.0,
1648647607957163810,0.30712890625,0.255798339844,-0.900268554688,0.172607421875,-4731.0,-2264.0,5096.0,-22.0,-9.0,0.0,
1648647607964056015,0.306396484375,0.256591796875,-0.900146484375,0.17333984375,-4668.0,-2260.0,5209.0,-22.0,-8.0,1.0,
1648647607968648433,0.3056640625,0.257446289062,-0.900024414062,0.173889160156,-4642.0,-2336.0,5333.0,-20.0,-8.0,1.0,
1648647607973485231,0.304931640625,0.258239746094,-0.899963378906,0.174438476562,-4656.0,-2373.0,5440.0,-18.0,-8.0,1.0,
1648647607978051185,0.304321289062,0.2587890625,-0.89990234375,0.174987792969,-4694.0,-2295.0,5508.0,-15.0,-8.0,3.0,
1648647607982593059,0.303833007812,0.259033203125,-0.899841308594,0.175720214844,-4668.0,-2136.0,5470.0,-12.0,-8.0,5.0,
1648647607987124204,0.303527832031,0.259033203125,-0.899780273438,0.176574707031,-4632.0,-2141.0,5467.0,-11.0,-7.0,8.0,
1648647607992115974,0.303344726562,0.259094238281,-0.899658203125,0.177368164062,-4587.0,-2256.0,5430.0,-8.0,-5.0,9.0,
1648647607998106479,0.303161621094,0.258972167969,-0.899658203125,0.177978515625,-4581.0,-2477.0,5438.0,-2.0,-4.0,9.0,
1648647608001627206,0.303161621094,0.258544921875,-0.899658203125,0.178405761719,-4624.0,-2727.0,5463.0,6.0,-3.0,11.0,
1648647608006473064,0.30322265625,0.257629394531,-0.899841308594,0.1787109375,-4681.0,-2975.0,5463.0,15.0,-3.0,12.0,
1648647608022191524,0.303466796875,0.256225585938,-0.900207519531,0.178833007812,-4730.0,-3298.0,5534.0,26.0,-4.0,12.0,
1648647608022958517,0.303588867188,0.25439453125,-0.900695800781,0.178588867188,-4773.0,-3604.0,5598.0,35.0,-4.0,10.0,
1648647608023501157,0.303771972656,0.252258300781,-0.901306152344,0.178161621094,-4812.0,-3713.0,5605.0,42.0,-4.0,8.0,
1648647608030472993,0.304077148438,0.249816894531,-0.901977539062,0.177673339844,-4827.0,-3630.0,5551.0,46.0,-4.0,8.0,
1648647608033143281,0.304565429688,0.2470703125,-0.902648925781,0.17724609375,-4820.0,-3511.0,5284.0,48.0,-3.0,8.0,
1648647608037870883,0.305297851562,0.244506835938,-0.903198242188,0.176635742188,-4882.0,-3603.0,5117.0,47.0,-1.0,5.0,
1648647608042652606,0.305969238281,0.242065429688,-0.903869628906,0.175659179688,-4986.0,-4028.0,5149.0,51.0,0.0,2.0,
1648647608048592090,0.306457519531,0.239440917969,-0.904663085938,0.174133300781,-5126.0,-4609.0,5375.0,61.0,-1.0,-2.0,
1648647608051974296,0.306762695312,0.236022949219,-0.905883789062,0.172058105469,-5224.0,-5099.0,5609.0,78.0,-4.0,-5.0,
1648647608063173294,0.306884765625,0.231689453125,-0.907409667969,0.169555664062,-5301.0,-5278.0,5799.0,96.0,-7.0,-7.0,
1648647608064475059,0.30712890625,0.226318359375,-0.9091796875,0.166870117188,-5338.0,-5076.0,5880.0,108.0,-10.0,-9.0,
1648647608069500446,0.307434082031,0.220275878906,-0.911071777344,0.164245605469,-5344.0,-4660.0,5832.0,114.0,-11.0,-10.0,
1648647608073847055,0.307861328125,0.213989257812,-0.912841796875,0.16162109375,-5387.0,-4208.0,5790.0,114.0,-12.0,-11.0,
1648647608078539609,0.308349609375,0.207824707031,-0.91455078125,0.159118652344,-5448.0,-3725.0,5949.0,110.0,-12.0,-12.0,
1648647608083400011,0.308654785156,0.201416015625,-0.916320800781,0.156799316406,-5451.0,-3195.0,6005.0,110.0,-13.0,-10.0,
1648647608088007926,0.308959960938,0.195190429688,-0.917907714844,0.154541015625,-5466.0,-2608.0,6038.0,104.0,-13.0,-11.0,
1648647608092747688,0.309265136719,0.189514160156,-0.919372558594,0.152526855469,-5461.0,-2135.0,6052.0,92.0,-12.0,-12.0,
1648647608097311019,0.309387207031,0.1845703125,-0.920593261719,0.150634765625,-5446.0,-1954.0,6127.0,80.0,-12.0,-13.0,
1648647608101944923,0.309326171875,0.180358886719,-0.921813964844,0.148742675781,-5434.0,-2037.0,6234.0,73.0,-12.0,-14.0,
1648647608106739759,0.309020996094,0.176513671875,-0.922973632812,0.146606445312,-5443.0,-2229.0,6256.0,72.0,-13.0,-15.0,
1648647608111468076,0.308715820312,0.172546386719,-0.924194335938,0.144348144531,-5454.0,-2379.0,6256.0,77.0,-15.0,-16.0,
1648647608116347312,0.308410644531,0.168212890625,-0.925476074219,0.141967773438,-5445.0,-2436.0,6248.0,84.0,-16.0,-16.0,
1648647608124517679,0.308166503906,0.163269042969,-0.926818847656,0.139526367188,-5422.0,-2401.0,6218.0,93.0,-17.0,-14.0,
1648647608127757072,0.307983398438,0.157653808594,-0.928161621094,0.137023925781,-5398.0,-2304.0,6175.0,102.0,-17.0,-13.0,
1648647608132814645,0.307922363281,0.151550292969,-0.929626464844,0.134399414062,-5366.0,-2194.0,6106.0,109.0,-17.0,-13.0,
1648647608137495279,0.307922363281,0.145202636719,-0.931030273438,0.131713867188,-5345.0,-2082.0,6011.0,114.0,-17.0,-13.0,
1648647608142123222,0.307983398438,0.138732910156,-0.932373046875,0.128845214844,-5357.0,-1946.0,5964.0,116.0,-16.0,-15.0,
1648647608146911382,0.30810546875,0.132019042969,-0.933715820312,0.125915527344,-5368.0,-1783.0,5879.0,120.0,-16.0,-15.0,
1648647608151471614,0.308288574219,0.125061035156,-0.934997558594,0.122985839844,-5371.0,-1586.0,5774.0,123.0,-16.0,-14.0,
1648647608162289857,0.308471679688,0.117919921875,-0.936218261719,0.120056152344,-5318.0,-1423.0,5618.0,125.0,-16.0,-13.0,
1648647608165187358,0.308715820312,0.110656738281,-0.937438964844,0.117126464844,-5243.0,-1237.0,5425.0,127.0,-15.0,-13.0,
1648647608173332691,0.309265136719,0.0963134765625,-0.939514160156,0.111389160156,-5059.0,-669.0,5066.0,122.0,-15.0,-11.0,
1648647608178005456,0.309509277344,0.0892333984375,-0.9404296875,0.108947753906,-4951.0,-244.0,4901.0,118.0,-14.0,-9.0,
1648647608182499408,0.309814453125,0.0822143554688,-0.941223144531,0.106750488281,-4827.0,195.0,4806.0,112.0,-13.0,-6.0,
1648647608187363862,0.309997558594,0.0755004882812,-0.941955566406,0.104797363281,-4691.0,596.0,4788.0,105.0,-13.0,-4.0,
1648647608192074060,0.31005859375,0.0693359375,-0.942565917969,0.103088378906,-4556.0,932.0,4823.0,94.0,-13.0,-5.0,
1648647608196584224,0.309936523438,0.0639038085938,-0.943176269531,0.1015625,-4451.0,1196.0,4955.0,82.0,-13.0,-6.0,
1648647608201286077,0.309692382812,0.0589599609375,-0.943725585938,0.100158691406,-4313.0,1321.0,5113.0,74.0,-13.0,-5.0,
1648647608208436965,0.309326171875,0.0543823242188,-0.944274902344,0.0988159179688,-4141.0,1316.0,5310.0,70.0,-12.0,-4.0,
1648647608213560581,0.308776855469,0.050048828125,-0.94482421875,0.0975341796875,-3948.0,1254.0,5488.0,67.0,-13.0,-4.0,
