1649340986337728977,-0.339050292969,0.0645751953125,0.804565429688,0.483215332031,-5155.0,-1835.0,6278.0,-12.0,-7.0,-9.0,
1649340986345229148,-0.337951660156,0.05078125,0.8017578125,0.490234375,-4927.0,-2162.0,6685.0,-1.0,-6.0,-12.0,
1649340986350850820,-0.337646484375,0.0504150390625,0.801574707031,0.490783691406,-4930.0,-2084.0,6697.0,-2.0,-6.0,-12.0,
1649340986354676008,-0.337219238281,0.0493774414062,0.801086425781,0.491943359375,-4968.0,-2053.0,6712.0,-4.0,-6.0,-14.0,
1649340986379546403,-0.336853027344,0.048095703125,0.800537109375,0.493225097656,-4911.0,-2102.0,6708.0,-4.0,-7.0,-15.0,
1649340986383312940,-0.335998535156,0.046142578125,0.799560546875,0.495544433594,-4720.0,-2145.0,6722.0,-2.0,-6.0,-16.0,
1649340986477455854,-0.335083007812,0.04443359375,0.798400878906,0.498229980469,-4633.0,-2194.0,6733.0,0.0,-6.0,-18.0,
1649340986497347354,-0.334777832031,0.0439453125,0.797973632812,0.499206542969,-4639.0,-2197.0,6756.0,1.0,-5.0,-19.0,
1649340986523633003,-0.333312988281,0.0423583984375,0.795532226562,0.504150390625,-4765.0,-2009.0,6759.0,3.0,-3.0,-20.0,
1649340986529692649,-0.333129882812,0.0421142578125,0.794982910156,0.505187988281,-4789.0,-1986.0,6725.0,2.0,-3.0,-21.0,
1649340986562438249,-0.332946777344,0.0418090820312,0.79443359375,0.506164550781,-4805.0,-1987.0,6694.0,1.0,-3.0,-21.0,
1649340986568068027,-0.332397460938,0.0388793945312,0.788635253906,0.515747070312,-4834.0,-2459.0,6625.0,6.0,0.0,-25.0,
1649340986599826335,-0.329467773438,0.0262451171875,0.765930175781,0.551452636719,-4950.0,-3169.0,6841.0,6.0,-6.0,-25.0,
1649340986603525876,-0.32763671875,0.02490234375,0.762634277344,0.557067871094,-4687.0,-3230.0,6580.0,12.0,-6.0,-27.0,
1649340986630284786,-0.320739746094,0.0238647460938,0.748107910156,0.580383300781,-4599.0,-2488.0,6618.0,4.0,0.0,-18.0,
1649340986687438488,-0.320922851562,0.0231323242188,0.746276855469,0.582641601562,-4588.0,-2593.0,6621.0,-3.0,-1.0,-19.0,
1649340986693412542,-0.321166992188,0.0225219726562,0.74560546875,0.583435058594,-4534.0,-2715.0,6538.0,-5.0,-1.0,-20.0,
1649340986703720808,-0.321533203125,0.0217895507812,0.744812011719,0.584228515625,-4458.0,-2909.0,6405.0,-6.0,0.0,-21.0,
1649340986706850290,-0.321472167969,0.0226440429688,0.73681640625,0.594299316406,-3662.0,-3996.0,5931.0,43.0,14.0,-23.0,
1649340986708992719,-0.319763183594,0.027099609375,0.734497070312,0.597900390625,-3684.0,-3350.0,5913.0,43.0,18.0,-20.0,
1649340986718830585,-0.345947265625,0.017578125,0.684631347656,0.641235351562,-4047.0,-3679.0,6428.0,-3.0,2.0,-17.0,
1649340986724506855,-0.34619140625,0.0171508789062,0.683898925781,0.641906738281,-4039.0,-3712.0,6439.0,-2.0,2.0,-17.0,
1649340986745884418,-0.344543457031,0.0162353515625,0.670959472656,0.656311035156,-4344.0,-3557.0,6390.0,9.0,1.0,-13.0,
1649340986850188493,-0.345581054688,0.0139770507812,0.665710449219,0.6611328125,-4198.0,-3690.0,6313.0,-5.0,0.0,-12.0,
1649340986863849639,-0.34716796875,0.01220703125,0.661499023438,0.664611816406,-4147.0,-3926.0,6237.0,0.0,2.0,-10.0,
1649340986876669168,-0.348754882812,0.01025390625,0.655395507812,0.669799804688,-4124.0,-4105.0,6489.0,3.0,2.0,-13.0,
1649340986882476329,-0.348754882812,0.0101928710938,0.654296875,0.6708984375,-4121.0,-4052.0,6504.0,3.0,2.0,-13.0,
1649340986886254072,-0.348754882812,0.0101928710938,0.653686523438,0.671447753906,-4112.0,-4029.0,6520.0,2.0,2.0,-13.0,
1649340986923214912,-0.348815917969,0.0100708007812,0.653137207031,0.671997070312,-4101.0,-3998.0,6521.0,1.0,3.0,-13.0,
1649340986934376716,-0.349426269531,0.009521484375,0.650329589844,0.674438476562,-4046.0,-3885.0,6527.0,-1.0,3.0,-12.0,
1649340986938255310,-0.349548339844,0.0093994140625,0.649780273438,0.674865722656,-4034.0,-3887.0,6530.0,0.0,3.0,-12.0,
1649340986949714183,-0.350402832031,0.008544921875,0.642028808594,0.681823730469,-3898.0,-4031.0,6623.0,5.0,1.0,-8.0,
1649340986965215921,-0.349670410156,0.0089111328125,0.640747070312,0.683410644531,-3842.0,-4013.0,6560.0,5.0,1.0,-7.0,
1649340986998966693,-0.348815917969,0.009765625,0.639526367188,0.684997558594,-3892.0,-3874.0,6506.0,4.0,1.0,-5.0,
1649340987002880334,-0.348693847656,0.0098876953125,0.639282226562,0.685241699219,-3899.0,-3848.0,6495.0,3.0,1.0,-5.0,
1649340987044657230,-0.3486328125,0.010009765625,0.638671875,0.685852050781,-3890.0,-3791.0,6482.0,-1.0,1.0,-4.0,
1649340987064939498,-0.348876953125,0.00982666015625,0.638305664062,0.68603515625,-3892.0,-3802.0,6495.0,-2.0,0.0,-3.0,
1649340987074688911,-0.348937988281,0.009765625,0.638244628906,0.686096191406,-3889.0,-3796.0,6499.0,-2.0,0.0,-2.0,
1649340987078373193,-0.348999023438,0.00970458984375,0.63818359375,0.686157226562,-3886.0,-3791.0,6497.0,-2.0,0.0,-2.0,
1649340987096713066,-0.349182128906,0.00927734375,0.63818359375,0.686096191406,-3870.0,-3825.0,6478.0,-3.0,-1.0,-1.0,
1649340987100488424,-0.349731445312,0.0086669921875,0.638488769531,0.685485839844,-3952.0,-3900.0,6427.0,-4.0,-2.0,1.0,
1649340987104182243,-0.350280761719,0.00738525390625,0.639038085938,0.684692382812,-4068.0,-4170.0,6473.0,-3.0,-3.0,1.0,
1649340987107989549,-0.350158691406,0.00653076171875,0.639404296875,0.684387207031,-4012.0,-4224.0,6384.0,-1.0,-4.0,0.0,
1649340987111578702,-0.350036621094,0.00634765625,0.639526367188,0.684387207031,-3982.0,-4188.0,6361.0,-1.0,-4.0,0.0,
1649340987115285158,-0.349914550781,0.00604248046875,0.639709472656,0.684265136719,-3922.0,-4105.0,6327.0,-2.0,-4.0,0.0,
1649340987135475635,-0.349853515625,0.005859375,0.639831542969,0.684204101562,-3891.0,-4059.0,6315.0,-2.0,-4.0,0.0,
1649340987137662410,-0.349792480469,0.00567626953125,0.639953613281,0.684143066406,-3867.0,-4012.0,6303.0,-3.0,-4.0,0.0,
1649340987139448642,-0.349792480469,0.0054931640625,0.640075683594,0.684020996094,-3847.0,-3966.0,6297.0,-3.0,-3.0,1.0,
1649340987144958257,-0.349792480469,0.00531005859375,0.640197753906,0.683898925781,-3841.0,-3925.0,6312.0,-4.0,-3.0,1.0,
1649340987148646354,-0.349792480469,0.005126953125,0.640319824219,0.683776855469,-3845.0,-3896.0,6317.0,-4.0,-3.0,1.0,
1649340987154027462,-0.349914550781,0.00439453125,0.640991210938,0.683044433594,-3930.0,-3815.0,6364.0,-5.0,-4.0,2.0,
1649340987176218986,-0.351501464844,-0.00238037109375,0.643737792969,0.6796875,-3825.0,-4175.0,6381.0,-4.0,-3.0,0.0,
1649340987202076196,-0.3515625,-0.00311279296875,0.643920898438,0.679504394531,-3852.0,-4141.0,6375.0,-3.0,-3.0,-1.0,
1649340987223200321,-0.351684570312,-0.0037841796875,0.643981933594,0.679382324219,-3858.0,-4067.0,6383.0,-5.0,-3.0,-2.0,
1649340987238719940,-0.351806640625,-0.0040283203125,0.643981933594,0.679321289062,-3855.0,-4046.0,6385.0,-5.0,-3.0,-2.0,
1649340987263622283,-0.351867675781,-0.00433349609375,0.643981933594,0.679260253906,-3847.0,-4023.0,6388.0,-6.0,-3.0,-2.0,
1649340987272176265,-0.35302734375,-0.00750732421875,0.644165039062,0.678466796875,-3713.0,-3918.0,6343.0,-9.0,-3.0,-1.0,
1649340987275894165,-0.353454589844,-0.00848388671875,0.644226074219,0.678161621094,-3651.0,-3916.0,6353.0,-10.0,-3.0,-1.0,
1649340987283296823,-0.353942871094,-0.0093994140625,0.644287109375,0.677856445312,-3600.0,-3942.0,6377.0,-10.0,-3.0,-1.0,
1649340987299901247,-0.354187011719,-0.0098876953125,0.644348144531,0.677673339844,-3581.0,-3964.0,6391.0,-10.0,-2.0,-1.0,
1649340987311357259,-0.356018066406,-0.01318359375,0.645080566406,0.675903320312,-3691.0,-4194.0,6573.0,-4.0,-2.0,1.0,
1649340987316846370,-0.356018066406,-0.0133666992188,0.645202636719,0.67578125,-3721.0,-4192.0,6580.0,-4.0,-2.0,1.0,
1649340987322289943,-0.356506347656,-0.0148315429688,0.645812988281,0.674926757812,-3762.0,-4259.0,6441.0,-4.0,-2.0,0.0,
1649340987354624271,-0.35693359375,-0.0156860351562,0.645874023438,0.674621582031,-3734.0,-4282.0,6274.0,-1.0,0.0,-1.0,
1649340987359097242,-0.357055664062,-0.0156860351562,0.645812988281,0.674621582031,-3758.0,-4167.0,6296.0,-3.0,0.0,-1.0,
1649340987396101236,-0.357177734375,-0.0157470703125,0.645812988281,0.674560546875,-3774.0,-4148.0,6303.0,-4.0,0.0,-1.0,
1649340987399836063,-0.357360839844,-0.015869140625,0.645812988281,0.674499511719,-3791.0,-4138.0,6321.0,-4.0,0.0,-1.0,
1649340987406779766,-0.357482910156,-0.0159912109375,0.645812988281,0.674438476562,-3809.0,-4139.0,6336.0,-4.0,0.0,-1.0,
1649340987413568019,-0.357666015625,-0.01611328125,0.645812988281,0.67431640625,-3820.0,-4152.0,6343.0,-5.0,0.0,-1.0,
1649340987428125619,-0.357788085938,-0.0162353515625,0.645751953125,0.674255371094,-3832.0,-4173.0,6347.0,-5.0,0.0,-1.0,
1649340987431783199,-0.358276367188,-0.0166625976562,0.645751953125,0.674011230469,-3840.0,-4260.0,6360.0,-2.0,-1.0,-1.0,
1649340987438213348,-0.358337402344,-0.0167236328125,0.645751953125,0.673950195312,-3828.0,-4282.0,6353.0,-2.0,-1.0,0.0,
1649340987454264640,-0.3583984375,-0.0167846679688,0.645812988281,0.673950195312,-3822.0,-4299.0,6354.0,-2.0,-1.0,0.0,
1649340987469317197,-0.3583984375,-0.016845703125,0.645812988281,0.673889160156,-3825.0,-4306.0,6360.0,-1.0,-1.0,0.0,
1649340987478982686,-0.358459472656,-0.016845703125,0.645812988281,0.673828125,-3824.0,-4317.0,6349.0,-1.0,-1.0,0.0,
1649340987482695341,-0.358764648438,-0.0172119140625,0.645812988281,0.673706054688,-3769.0,-4416.0,6286.0,-2.0,-1.0,0.0,
1649340987486314535,-0.359130859375,-0.017578125,0.645751953125,0.673522949219,-3733.0,-4405.0,6260.0,-2.0,0.0,0.0,
1649340987489931106,-0.359252929688,-0.0176391601562,0.645751953125,0.673461914062,-3747.0,-4412.0,6271.0,-2.0,0.0,-1.0,
1649340987501090526,-0.359436035156,-0.017822265625,0.645690917969,0.673400878906,-3796.0,-4383.0,6305.0,-1.0,-1.0,-1.0,
1649340987516287565,-0.359558105469,-0.0178833007812,0.645812988281,0.673278808594,-3812.0,-4251.0,6295.0,-1.0,-1.0,-1.0,
1649340987524057626,-0.359558105469,-0.0178833007812,0.645812988281,0.673278808594,-3794.0,-4277.0,6288.0,0.0,-1.0,0.0,
1649340987532077074,-0.359497070312,-0.0178833007812,0.645812988281,0.673278808594,-3778.0,-4291.0,6289.0,0.0,-1.0,0.0,
1649340987555356264,-0.359497070312,-0.017822265625,0.645812988281,0.673278808594,-3755.0,-4290.0,6284.0,1.0,0.0,0.0,
1649340987574175119,-0.359313964844,-0.0175170898438,0.645935058594,0.673278808594,-3740.0,-4245.0,6311.0,0.0,0.0,0.0,
1649340987581853389,-0.359436035156,-0.0174560546875,0.64599609375,0.673156738281,-3773.0,-4247.0,6331.0,-2.0,0.0,0.0,
1649340987584721803,-0.359436035156,-0.0174560546875,0.646057128906,0.673095703125,-3785.0,-4251.0,6336.0,-2.0,0.0,0.0,
1649340987629278659,-0.359680175781,-0.0176391601562,0.646179199219,0.6728515625,-3797.0,-4280.0,6343.0,-1.0,-1.0,0.0,
1649340987638818502,-0.359619140625,-0.017578125,0.646240234375,0.672790527344,-3816.0,-4259.0,6364.0,-1.0,-1.0,0.0,
1649340987643213272,-0.359619140625,-0.0176391601562,0.646423339844,0.672668457031,-3834.0,-4260.0,6329.0,-2.0,-2.0,0.0,
1649340987648476362,-0.359680175781,-0.0177001953125,0.646484375,0.672546386719,-3830.0,-4283.0,6300.0,-2.0,-2.0,0.0,
1649340987667127132,-0.359741210938,-0.017822265625,0.646545410156,0.672485351562,-3813.0,-4300.0,6272.0,-2.0,-2.0,0.0,
1649340987679949283,-0.359924316406,-0.0185546875,0.646789550781,0.672119140625,-3754.0,-4367.0,6129.0,-1.0,-2.0,0.0,
1649340987685939311,-0.359985351562,-0.0186157226562,0.646789550781,0.672058105469,-3740.0,-4372.0,6097.0,-1.0,-1.0,0.0,
1649340987689783096,-0.359985351562,-0.0186157226562,0.646789550781,0.672058105469,-3721.0,-4354.0,6086.0,0.0,-1.0,0.0,
1649340987706258773,-0.359985351562,-0.0186157226562,0.646850585938,0.671997070312,-3723.0,-4317.0,6084.0,0.0,-1.0,0.0,
1649340987711114406,-0.359985351562,-0.0185546875,0.646850585938,0.671997070312,-3739.0,-4276.0,6085.0,0.0,0.0,0.0,
1649340987715411424,-0.360168457031,-0.0184936523438,0.647033691406,0.671752929688,-3781.0,-4217.0,6099.0,-3.0,-1.0,0.0,
1649340987769970178,-0.360290527344,-0.0185546875,0.647033691406,0.671691894531,-3781.0,-4211.0,6129.0,-3.0,-1.0,0.0,
1649340987815520524,-0.36083984375,-0.0191650390625,0.647216796875,0.671142578125,-3757.0,-4174.0,6242.0,-6.0,-1.0,1.0,
1649340987830294609,-0.361389160156,-0.019775390625,0.647399902344,0.670715332031,-3766.0,-4236.0,6327.0,-6.0,-1.0,0.0,
1649340987835893392,-0.361694335938,-0.0202026367188,0.6474609375,0.670471191406,-3745.0,-4315.0,6393.0,-5.0,-1.0,0.0,
1649340987838779687,-0.361755371094,-0.0204467773438,0.6474609375,0.670349121094,-3721.0,-4343.0,6395.0,-5.0,-1.0,0.0,
1649340987844988584,-0.361877441406,-0.0206298828125,0.647521972656,0.670288085938,-3694.0,-4364.0,6408.0,-3.0,-1.0,0.0,
1649340987881628513,-0.361877441406,-0.0208129882812,0.647583007812,0.670227050781,-3666.0,-4364.0,6433.0,-1.0,-1.0,0.0,
1649340987889860153,-0.36181640625,-0.0208129882812,0.647583007812,0.670227050781,-3667.0,-4358.0,6442.0,-1.0,-1.0,0.0,
1649340987894525766,-0.361755371094,-0.0208129882812,0.647644042969,0.670227050781,-3693.0,-4374.0,6463.0,0.0,-1.0,0.0,
1649340987900841951,-0.361633300781,-0.020751953125,0.647705078125,0.670227050781,-3746.0,-4372.0,6487.0,0.0,-1.0,0.0,
1649340987905158281,-0.361511230469,-0.0206909179688,0.647766113281,0.670227050781,-3771.0,-4364.0,6512.0,1.0,-1.0,0.0,
1649340987909027099,-0.360961914062,-0.0203857421875,0.648071289062,0.670288085938,-3878.0,-4437.0,6482.0,2.0,-2.0,0.0,
1649340987911890268,-0.360595703125,-0.0203247070312,0.648132324219,0.67041015625,-3873.0,-4445.0,6435.0,2.0,-2.0,-1.0,
1649340987939629077,-0.360290527344,-0.020263671875,0.648193359375,0.670471191406,-3855.0,-4414.0,6387.0,2.0,-3.0,0.0,
1649340987942440986,-0.360107421875,-0.020263671875,0.648254394531,0.670532226562,-3847.0,-4408.0,6357.0,2.0,-3.0,-1.0,
1649340987951563358,-0.359985351562,-0.0203247070312,0.648315429688,0.670593261719,-3837.0,-4400.0,6325.0,1.0,-3.0,-1.0,
1649340987964875221,-0.35986328125,-0.0203857421875,0.648315429688,0.670593261719,-3826.0,-4404.0,6292.0,0.0,-3.0,-1.0,
1649340987967664718,-0.359802246094,-0.0205078125,0.648315429688,0.670654296875,-3798.0,-4413.0,6242.0,0.0,-3.0,-1.0,
1649340987974411249,-0.359313964844,-0.0209350585938,0.648193359375,0.670959472656,-3640.0,-4323.0,6107.0,1.0,-1.0,-2.0,
1649340987989725351,-0.359191894531,-0.0208129882812,0.648071289062,0.671142578125,-3629.0,-4275.0,6116.0,2.0,0.0,-2.0,
1649340987994596719,-0.359069824219,-0.0206298828125,0.648071289062,0.671264648438,-3635.0,-4236.0,6134.0,2.0,0.0,-1.0,
1649340987996700763,-0.358947753906,-0.0205078125,0.648071289062,0.671325683594,-3642.0,-4206.0,6161.0,2.0,0.0,-1.0,
1649340987998822927,-0.358703613281,-0.0200805664062,0.648010253906,0.671569824219,-3671.0,-4160.0,6250.0,1.0,0.0,-1.0,
1649340988003409624,-0.358459472656,-0.019775390625,0.64794921875,0.671752929688,-3709.0,-4097.0,6368.0,0.0,0.0,-1.0,
1649340988005825519,-0.3583984375,-0.0197143554688,0.64794921875,0.671752929688,-3721.0,-4099.0,6407.0,0.0,0.0,-1.0,
1649340988009783506,-0.358337402344,-0.0196533203125,0.648010253906,0.671752929688,-3725.0,-4124.0,6428.0,-1.0,0.0,-1.0,
1649340988013684034,-0.358337402344,-0.0197143554688,0.648010253906,0.671752929688,-3727.0,-4195.0,6469.0,-1.0,-1.0,0.0,
1649340988017667293,-0.358276367188,-0.019775390625,0.648071289062,0.671752929688,-3725.0,-4219.0,6479.0,-1.0,-1.0,0.0,
1649340988021418809,-0.358276367188,-0.019775390625,0.648071289062,0.671691894531,-3724.0,-4249.0,6485.0,0.0,-1.0,0.0,
1649340988023418903,-0.357482910156,-0.0189819335938,0.648071289062,0.672180175781,-3723.0,-4384.0,6276.0,3.0,0.0,0.0,
1649340988031597375,-0.357421875,-0.0186767578125,0.648010253906,0.672302246094,-3738.0,-4352.0,6229.0,2.0,1.0,-1.0,
1649340988034286022,-0.357421875,-0.0184936523438,0.64794921875,0.67236328125,-3755.0,-4332.0,6216.0,2.0,1.0,-1.0,
1649340988037117242,-0.357788085938,-0.0177612304688,0.647583007812,0.672485351562,-3812.0,-4222.0,6281.0,-1.0,1.0,-1.0,
1649340988040822505,-0.35791015625,-0.0176391601562,0.6474609375,0.672546386719,-3774.0,-4250.0,6294.0,-1.0,1.0,-1.0,
1649340988066715717,-0.357971191406,-0.017578125,0.647399902344,0.672546386719,-3763.0,-4268.0,6301.0,0.0,1.0,-1.0,
1649340988069454193,-0.357971191406,-0.0175170898438,0.647399902344,0.672607421875,-3744.0,-4281.0,6305.0,1.0,1.0,-1.0,
1649340988078147411,-0.357971191406,-0.0174560546875,0.647338867188,0.672668457031,-3732.0,-4278.0,6297.0,1.0,1.0,-1.0,
1649340988089204549,-0.35791015625,-0.017333984375,0.647277832031,0.672668457031,-3721.0,-4264.0,6299.0,2.0,1.0,0.0,
1649340988096901893,-0.357727050781,-0.016357421875,0.647277832031,0.672912597656,-3725.0,-4204.0,6256.0,1.0,1.0,0.0,
1649340988100317478,-0.357727050781,-0.01611328125,0.647277832031,0.6728515625,-3752.0,-4177.0,6284.0,1.0,0.0,0.0,
1649340988105912685,-0.357666015625,-0.0159912109375,0.647338867188,0.6728515625,-3762.0,-4170.0,6295.0,0.0,0.0,0.0,
1649340988118168830,-0.357727050781,-0.0159301757812,0.647338867188,0.672790527344,-3774.0,-4161.0,6302.0,-1.0,0.0,0.0,
1649340988122547388,-0.357727050781,-0.015869140625,0.647399902344,0.672729492188,-3781.0,-4157.0,6304.0,-1.0,0.0,0.0,
1649340988125860929,-0.357849121094,-0.015869140625,0.647399902344,0.672668457031,-3786.0,-4153.0,6306.0,-2.0,0.0,0.0,
1649340988129028797,-0.35791015625,-0.015869140625,0.6474609375,0.672607421875,-3792.0,-4151.0,6305.0,-3.0,0.0,1.0,
1649340988134422779,-0.358703613281,-0.0164794921875,0.647644042969,0.671936035156,-3804.0,-4280.0,6309.0,-5.0,-1.0,0.0,
1649340988137364625,-0.35888671875,-0.0166015625,0.647644042969,0.671875,-3799.0,-4319.0,6303.0,-4.0,-1.0,0.0,
1649340988140341758,-0.359069824219,-0.0167846679688,0.647644042969,0.671752929688,-3795.0,-4341.0,6295.0,-4.0,0.0,0.0,
1649340988146417856,-0.359497070312,-0.0170288085938,0.647644042969,0.671508789062,-3777.0,-4389.0,6258.0,-2.0,0.0,0.0,
1649340988158116579,-0.359680175781,-0.01708984375,0.647583007812,0.671447753906,-3757.0,-4415.0,6235.0,0.0,0.0,0.0,
1649340988162348270,-0.359741210938,-0.0167236328125,0.647521972656,0.671569824219,-3761.0,-4371.0,6239.0,2.0,1.0,0.0,
1649340988166112661,-0.359741210938,-0.0165405273438,0.6474609375,0.671569824219,-3771.0,-4348.0,6252.0,1.0,1.0,0.0,
1649340988173647165,-0.359741210938,-0.016357421875,0.6474609375,0.671630859375,-3783.0,-4326.0,6264.0,1.0,2.0,0.0,
1649340988178086757,-0.359741210938,-0.0162353515625,0.6474609375,0.671630859375,-3792.0,-4310.0,6275.0,1.0,2.0,0.0,
1649340988181950092,-0.359802246094,-0.0160522460938,0.647399902344,0.671630859375,-3805.0,-4293.0,6280.0,1.0,1.0,0.0,
1649340988189833402,-0.359802246094,-0.0159301757812,0.647399902344,0.671630859375,-3810.0,-4274.0,6287.0,0.0,1.0,0.0,
1649340988198578119,-0.35986328125,-0.0158081054688,0.647399902344,0.671630859375,-3814.0,-4246.0,6287.0,0.0,1.0,0.0,
1649340988202573060,-0.35986328125,-0.0156860351562,0.647399902344,0.671630859375,-3822.0,-4223.0,6289.0,0.0,1.0,0.0,
1649340988205378055,-0.359924316406,-0.0155639648438,0.647399902344,0.671569824219,-3829.0,-4196.0,6302.0,-1.0,1.0,0.0,
1649340988210040330,-0.359985351562,-0.0154418945312,0.647399902344,0.671569824219,-3832.0,-4184.0,6314.0,-1.0,1.0,0.0,
1649340988216241121,-0.360046386719,-0.0154418945312,0.647399902344,0.671508789062,-3839.0,-4173.0,6325.0,-2.0,1.0,0.0,
1649340988221072912,-0.360168457031,-0.015380859375,0.647399902344,0.671447753906,-3836.0,-4173.0,6335.0,-2.0,1.0,0.0,
1649340988225521802,-0.360595703125,-0.015380859375,0.647399902344,0.671264648438,-3781.0,-4239.0,6315.0,-1.0,0.0,0.0,
1649340988276969432,-0.360595703125,-0.0153198242188,0.647399902344,0.671264648438,-3747.0,-4261.0,6296.0,0.0,1.0,0.0,
1649340988282217502,-0.360656738281,-0.0151977539062,0.647338867188,0.671264648438,-3730.0,-4275.0,6276.0,0.0,1.0,0.0,
1649340988290510177,-0.360717773438,-0.0150146484375,0.647277832031,0.671264648438,-3738.0,-4273.0,6270.0,0.0,1.0,0.0,
1649340988314850568,-0.360778808594,-0.014892578125,0.647277832031,0.671264648438,-3751.0,-4270.0,6264.0,0.0,1.0,0.0,
1649340988332530736,-0.361083984375,-0.0147705078125,0.647155761719,0.671203613281,-3771.0,-4270.0,6241.0,-1.0,1.0,0.0,
1649340988357561588,-0.361206054688,-0.0147705078125,0.647155761719,0.671203613281,-3776.0,-4278.0,6241.0,-1.0,1.0,0.0,
1649340988361968278,-0.361267089844,-0.0147094726562,0.647094726562,0.671142578125,-3793.0,-4280.0,6241.0,-1.0,1.0,0.0,
1649340988365296602,-0.361389160156,-0.0147094726562,0.647094726562,0.671142578125,-3806.0,-4283.0,6251.0,-1.0,1.0,0.0,
1649340988372960567,-0.361511230469,-0.0146484375,0.647033691406,0.671081542969,-3819.0,-4278.0,6250.0,-1.0,1.0,0.0,
1649340988387763023,-0.361572265625,-0.0146484375,0.647033691406,0.671081542969,-3835.0,-4277.0,6245.0,-2.0,1.0,-1.0,
1649340988405928850,-0.361694335938,-0.0145874023438,0.64697265625,0.671020507812,-3844.0,-4280.0,6256.0,-2.0,1.0,-1.0,
1649340988408898591,-0.361877441406,-0.0146484375,0.646911621094,0.671020507812,-3849.0,-4267.0,6284.0,-2.0,0.0,-1.0,
1649340988413935184,-0.361938476562,-0.0146484375,0.646911621094,0.670959472656,-3849.0,-4270.0,6288.0,-2.0,0.0,-1.0,
1649340988419661760,-0.361999511719,-0.0147094726562,0.646911621094,0.670959472656,-3846.0,-4266.0,6282.0,-2.0,0.0,-1.0,
1649340988429657459,-0.362121582031,-0.0147094726562,0.646850585938,0.670959472656,-3841.0,-4263.0,6297.0,-2.0,0.0,-1.0,
1649340988437519073,-0.362182617188,-0.0147094726562,0.646850585938,0.670959472656,-3828.0,-4262.0,6299.0,-2.0,0.0,-1.0,
1649340988440318822,-0.362243652344,-0.0147705078125,0.646789550781,0.670959472656,-3811.0,-4259.0,6301.0,-1.0,0.0,-1.0,
1649340988462024688,-0.362243652344,-0.0147705078125,0.646789550781,0.670959472656,-3798.0,-4264.0,6304.0,-1.0,0.0,-1.0,
