1649755230353389024,0.436828613281,-0.8349609375,-0.0394897460938,0.332397460938,3388.0,2733.0,-6458.0,-1.0,11.0,-46.0,
1649755230418092250,0.441589355469,-0.831848144531,-0.0403442382812,0.333862304688,3467.0,2787.0,-6421.0,0.0,19.0,-45.0,
1649755230425353527,0.443786621094,-0.830383300781,-0.0406494140625,0.334411621094,3611.0,2894.0,-6381.0,3.0,16.0,-42.0,
1649755230427317857,0.445861816406,-0.8291015625,-0.0408325195312,0.334777832031,3731.0,3011.0,-6334.0,6.0,11.0,-38.0,
1649755230431276798,0.447875976562,-0.828002929688,-0.0410766601562,0.334777832031,3802.0,3072.0,-6276.0,9.0,4.0,-36.0,
1649755230434641838,0.449829101562,-0.8271484375,-0.0413208007812,0.334350585938,3803.0,3065.0,-6234.0,11.0,-2.0,-34.0,
1649755230440861940,0.451599121094,-0.826416015625,-0.0415649414062,0.333618164062,3767.0,3071.0,-6213.0,12.0,-7.0,-32.0,
1649755230449102878,0.4599609375,-0.823486328125,-0.0443115234375,0.329223632812,3366.0,3260.0,-6256.0,10.0,-15.0,-43.0,
1649755230451280832,0.462524414062,-0.822509765625,-0.0453491210938,0.327941894531,3270.0,3298.0,-6291.0,8.0,-13.0,-47.0,
1649755230456481218,0.465148925781,-0.8212890625,-0.0465087890625,0.326965332031,3207.0,3384.0,-6335.0,6.0,-10.0,-50.0,
1649755230458902120,0.467956542969,-0.819946289062,-0.0477905273438,0.326171875,3176.0,3499.0,-6369.0,4.0,-8.0,-53.0,
1649755230471177577,0.473693847656,-0.816955566406,-0.0506591796875,0.325073242188,3199.0,3784.0,-6406.0,2.0,-5.0,-56.0,
1649755230554836034,0.476623535156,-0.815307617188,-0.0521240234375,0.324584960938,3203.0,3944.0,-6381.0,1.0,-5.0,-56.0,
1649755230564803600,0.482299804688,-0.812072753906,-0.0551147460938,0.323913574219,3211.0,4313.0,-6281.0,2.0,-3.0,-55.0,
1649755230702243089,0.485107421875,-0.810302734375,-0.0564575195312,0.323791503906,3230.0,4503.0,-6236.0,3.0,0.0,-54.0,
1649755230710674285,0.51708984375,-0.7880859375,-0.061279296875,0.328308105469,3352.0,5582.0,-5186.0,17.0,19.0,-52.0,
1649755230774742603,0.522705078125,-0.783874511719,-0.0613403320312,0.329528808594,3320.0,5512.0,-5058.0,16.0,20.0,-48.0,
1649755230786290168,0.539428710938,-0.770202636719,-0.06005859375,0.334899902344,2948.0,4958.0,-5141.0,9.0,24.0,-34.0,
1649755230804583072,0.557250976562,-0.752197265625,-0.0538330078125,0.347534179688,2932.0,5053.0,-4600.0,12.0,47.0,-31.0,
1649755230807229518,0.551513671875,-0.743286132812,-0.0511474609375,0.375122070312,4043.0,3441.0,-5349.0,-37.0,0.0,16.0,
1649755230808296203,0.550048828125,-0.74365234375,-0.0523071289062,0.37646484375,3996.0,3391.0,-5421.0,-38.0,2.0,14.0,
1649755230847504615,0.548583984375,-0.743896484375,-0.0534057617188,0.3779296875,3960.0,3381.0,-5507.0,-38.0,6.0,12.0,
1649755230855204582,0.535034179688,-0.743713378906,-0.0597534179688,0.396301269531,4756.0,2211.0,-6779.0,-53.0,18.0,14.0,
1649755230858843088,0.530944824219,-0.744079589844,-0.0613403320312,0.400939941406,4903.0,2217.0,-6942.0,-53.0,19.0,18.0,
1649755230860858440,0.52880859375,-0.744262695312,-0.06201171875,0.403259277344,4961.0,2266.0,-6978.0,-51.0,20.0,19.0,
1649755231016757249,0.509521484375,-0.744018554688,-0.06689453125,0.427062988281,5316.0,1657.0,-6822.0,-47.0,15.0,0.0,
1649755231089552402,0.508117675781,-0.743835449219,-0.0679321289062,0.428894042969,5308.0,1589.0,-6842.0,-51.0,15.0,1.0,
1649755231091479539,0.506591796875,-0.74365234375,-0.0691528320312,0.430786132812,5281.0,1552.0,-6854.0,-54.0,15.0,2.0,
1649755231102492094,0.504943847656,-0.743469238281,-0.0704345703125,0.432800292969,5247.0,1556.0,-6858.0,-56.0,15.0,3.0,
1649755231110565423,0.503234863281,-0.743286132812,-0.07177734375,0.434875488281,5212.0,1594.0,-6864.0,-57.0,16.0,5.0,
1649755231112601041,0.50146484375,-0.743103027344,-0.0731201171875,0.436950683594,5186.0,1655.0,-6863.0,-57.0,17.0,6.0,
1649755231121095895,0.499694824219,-0.742980957031,-0.0743408203125,0.439025878906,5168.0,1740.0,-6864.0,-56.0,17.0,7.0,
1649755231154581069,0.497863769531,-0.742858886719,-0.0755004882812,0.441162109375,5146.0,1852.0,-6860.0,-54.0,18.0,9.0,
1649755231551120281,0.496032714844,-0.742797851562,-0.076416015625,0.443176269531,5115.0,1986.0,-6848.0,-51.0,19.0,11.0,
1649755231558351278,0.494201660156,-0.742736816406,-0.0772094726562,0.445190429688,5086.0,2119.0,-6839.0,-47.0,20.0,13.0,
1649755231562120199,0.492431640625,-0.74267578125,-0.0776977539062,0.447082519531,5090.0,2261.0,-6832.0,-43.0,21.0,16.0,
1649755231564740419,0.490661621094,-0.742736816406,-0.077880859375,0.448913574219,5130.0,2414.0,-6835.0,-38.0,22.0,18.0,
1649755231570773601,0.488952636719,-0.742858886719,-0.0778198242188,0.450561523438,5162.0,2566.0,-6834.0,-33.0,20.0,20.0,
1649755231573164701,0.46435546875,-0.7509765625,-0.0662231445312,0.46484375,5148.0,3133.0,-5893.0,-20.0,2.0,36.0,
1649755231604267358,0.459533691406,-0.753540039062,-0.0654907226562,0.465515136719,5083.0,3180.0,-5810.0,-20.0,-4.0,41.0,
1649755231606895923,0.411499023438,-0.79150390625,-0.0308227539062,0.450866699219,4582.0,2709.0,-4697.0,14.0,11.0,22.0,
1649755231845994710,0.409545898438,-0.791931152344,-0.0263671875,0.4521484375,4852.0,2740.0,-4538.0,9.0,15.0,18.0,
1649755231847793579,0.395935058594,-0.797790527344,-0.0054931640625,0.454650878906,6401.0,2698.0,-3807.0,15.0,8.0,33.0,
1649755231853706121,0.393249511719,-0.798522949219,-0.00115966796875,0.455749511719,6532.0,2521.0,-3685.0,14.0,14.0,32.0,
1649755231855457305,0.387145996094,-0.799255371094,0.00732421875,0.459594726562,6985.0,2091.0,-3664.0,5.0,19.0,32.0,
1649755231857678890,0.385314941406,-0.799438476562,0.00927734375,0.460815429688,7136.0,1970.0,-3700.0,1.0,20.0,33.0,
1649755231859565496,0.383361816406,-0.799621582031,0.010986328125,0.462097167969,7295.0,1861.0,-3748.0,-3.0,20.0,33.0,
1649755231863453865,0.373779296875,-0.800598144531,0.0167236328125,0.468017578125,7887.0,1638.0,-3972.0,-16.0,20.0,39.0,
1649755231865532636,0.364685058594,-0.801940917969,0.0206909179688,0.47265625,8231.0,1584.0,-4135.0,-19.0,19.0,49.0,
1649755231878815412,0.361328125,-0.802551269531,0.0220947265625,0.474182128906,8323.0,1605.0,-4158.0,-19.0,19.0,51.0,
1649755231885073900,0.35791015625,-0.803161621094,0.0235595703125,0.475646972656,8391.0,1623.0,-4184.0,-18.0,18.0,54.0,
1649755231895245552,0.128051757812,-0.941162109375,0.0078125,0.312683105469,3577.0,2588.0,-5557.0,-123.0,-174.0,45.0,
1649755231897363185,0.123657226562,-0.944885253906,-0.0006103515625,0.303100585938,3506.0,2687.0,-5583.0,-125.0,-181.0,40.0,
1649755231899244546,0.11962890625,-0.948608398438,-0.00927734375,0.29296875,3395.0,2816.0,-5565.0,-125.0,-191.0,33.0,
1649755231908962726,0.116088867188,-0.9521484375,-0.01806640625,0.2822265625,3259.0,2961.0,-5520.0,-124.0,-200.0,25.0,
1649755231910777807,0.112854003906,-0.955627441406,-0.0269775390625,0.270874023438,3019.0,3018.0,-5432.0,-122.0,-209.0,18.0,
1649755231920063972,0.10986328125,-0.958984375,-0.0358276367188,0.258850097656,2713.0,3050.0,-5301.0,-119.0,-217.0,15.0,
1649755231929405927,0.106994628906,-0.962158203125,-0.0445556640625,0.246643066406,2405.0,3136.0,-5191.0,-118.0,-218.0,11.0,
1649755231931735515,0.104370117188,-0.965026855469,-0.0534057617188,0.234436035156,1982.0,3214.0,-5120.0,-117.0,-216.0,7.0,
1649755231982706546,0.0911254882812,-0.975463867188,-0.101135253906,0.172973632812,111.0,3850.0,-5682.0,-91.0,-132.0,7.0,
1649755231984645605,0.056884765625,-0.947998046875,-0.00469970703125,0.313232421875,4543.0,-1233.0,-4725.0,91.0,39.0,3.0,
1649755231992350816,0.0593872070312,-0.947143554688,0.00738525390625,0.315246582031,5260.0,-1232.0,-4928.0,95.0,3.0,7.0,
1649755232003036022,0.0606079101562,-0.947326660156,0.0135498046875,0.314208984375,5301.0,-1357.0,-5000.0,98.0,-21.0,10.0,
1649755232012473344,0.0617065429688,-0.947937011719,0.0198364257812,0.311828613281,5128.0,-1584.0,-5013.0,98.0,-39.0,10.0,
1649755232014329433,0.062744140625,-0.94873046875,0.0259399414062,0.308776855469,4880.0,-1811.0,-5034.0,94.0,-48.0,10.0,
1649755232016670227,0.064453125,-0.950439453125,0.037109375,0.301818847656,4424.0,-2191.0,-5182.0,81.0,-53.0,10.0,
1649755232024330377,0.0665893554688,-0.953735351562,0.0531616210938,0.288452148438,3315.0,-2673.0,-5277.0,44.0,-42.0,7.0,
1649755232030406475,0.0555419921875,-0.95263671875,0.0753173828125,0.289489746094,3319.0,-1632.0,-4365.0,22.0,-32.0,28.0,
1649755232034611463,0.0524291992188,-0.974609375,0.0949096679688,0.196105957031,163.0,-1528.0,-5391.0,-16.0,40.0,-16.0,
1649755232036404371,0.05322265625,-0.974182128906,0.0939331054688,0.198303222656,270.0,-1505.0,-5367.0,-17.0,40.0,-21.0,
1649755232045243024,0.0541381835938,-0.973815917969,0.0927124023438,0.200622558594,374.0,-1467.0,-5458.0,-20.0,40.0,-25.0,
1649755232047303676,0.0552368164062,-0.973327636719,0.0914306640625,0.203063964844,314.0,-1362.0,-5565.0,-20.0,44.0,-28.0,
1649755232055546283,0.0565795898438,-0.972839355469,0.0900268554688,0.205688476562,160.0,-1244.0,-5594.0,-18.0,49.0,-32.0,
1649755232065308332,0.0581665039062,-0.972290039062,0.0885620117188,0.208618164062,118.0,-1247.0,-5550.0,-19.0,56.0,-37.0,
1649755232074133872,0.0596923828125,-0.971557617188,0.087158203125,0.212097167969,246.0,-1267.0,-5495.0,-22.0,63.0,-38.0,
1649755232076059103,0.0609741210938,-0.970703125,0.0856323242188,0.216247558594,460.0,-1181.0,-5468.0,-25.0,70.0,-35.0,
1649755232078532457,0.0621337890625,-0.9697265625,0.0838623046875,0.220764160156,681.0,-1086.0,-5449.0,-27.0,75.0,-33.0,
1649755232205215454,0.0631713867188,-0.96875,0.0821533203125,0.225402832031,931.0,-1030.0,-5418.0,-27.0,76.0,-30.0,
1649755232209224462,0.0639038085938,-0.9677734375,0.0804443359375,0.230041503906,1225.0,-950.0,-5428.0,-28.0,76.0,-25.0,
1649755232213299989,0.0643310546875,-0.966735839844,0.0786743164062,0.234802246094,1549.0,-827.0,-5439.0,-30.0,76.0,-21.0,
1649755232276921510,0.0645751953125,-0.965759277344,0.0767822265625,0.239318847656,1798.0,-751.0,-5491.0,-31.0,71.0,-18.0,
1649755232286608457,0.0648803710938,-0.964904785156,0.0750122070312,0.243225097656,1988.0,-599.0,-5678.0,-29.0,63.0,-16.0,
1649755232288736104,0.0654907226562,-0.964111328125,0.0733642578125,0.246765136719,2000.0,-401.0,-5889.0,-23.0,58.0,-20.0,
1649755232297922372,0.0668334960938,-0.963317871094,0.0720825195312,0.249877929688,1850.0,-300.0,-5919.0,-13.0,56.0,-30.0,
1649755232303572416,0.0708618164062,-0.961242675781,0.0701293945312,0.257141113281,1600.0,-454.0,-5719.0,-10.0,73.0,-45.0,
1649755232307967424,0.0729370117188,-0.959838867188,0.0689697265625,0.262084960938,1751.0,-459.0,-5586.0,-15.0,85.0,-47.0,
1649755232309951782,0.0979614257812,-0.945739746094,0.0496826171875,0.305786132812,2894.0,-448.0,-3862.0,-26.0,54.0,-53.0,
1649755232318394422,0.100158691406,-0.9443359375,0.0478515625,0.309753417969,2888.0,-441.0,-3633.0,-25.0,62.0,-50.0,
1649755232324626684,0.10546875,-0.938720703125,0.0423583984375,0.325439453125,3269.0,-77.0,-3133.0,-27.0,86.0,-42.0,
1649755232328713893,0.107116699219,-0.936584472656,0.0404052734375,0.331176757812,3500.0,37.0,-3099.0,-28.0,88.0,-42.0,
1649755232330738782,0.108642578125,-0.9345703125,0.0383911132812,0.336730957031,3788.0,110.0,-3140.0,-29.0,83.0,-41.0,
1649755232336359977,0.110107421875,-0.9326171875,0.0362548828125,0.341735839844,4065.0,128.0,-3200.0,-32.0,75.0,-40.0,
1649755232338303804,0.111389160156,-0.930969238281,0.0338134765625,0.346130371094,4300.0,96.0,-3240.0,-36.0,63.0,-39.0,
1649755232359407663,0.112548828125,-0.929504394531,0.0310668945312,0.349914550781,4476.0,36.0,-3263.0,-43.0,51.0,-39.0,
1649755232363225936,0.113586425781,-0.928283691406,0.0277099609375,0.353088378906,4523.0,-34.0,-3267.0,-52.0,42.0,-41.0,
1649755232374268531,0.114624023438,-0.927185058594,0.0238037109375,0.355895996094,4473.0,-50.0,-3231.0,-61.0,35.0,-43.0,
1649755232393008708,0.115600585938,-0.926147460938,0.0192260742188,0.358520507812,4425.0,44.0,-3220.0,-69.0,33.0,-46.0,
1649755232408475160,0.116577148438,-0.925048828125,0.0140991210938,0.361267089844,4398.0,216.0,-3212.0,-77.0,34.0,-48.0,
1649755232415139436,0.117736816406,-0.923828125,0.00848388671875,0.364135742188,4454.0,444.0,-3188.0,-81.0,35.0,-52.0,
1649755232432031631,0.122253417969,-0.920104980469,-0.00927734375,0.3720703125,4617.0,916.0,-3120.0,-82.0,25.0,-61.0,
1649755232514188289,0.1240234375,-0.9189453125,-0.0151977539062,0.374145507812,4562.0,1120.0,-3154.0,-80.0,21.0,-62.0,
1649755232518103361,0.125793457031,-0.917785644531,-0.0211181640625,0.376037597656,4512.0,1297.0,-3198.0,-78.0,21.0,-62.0,
1649755232590357780,0.12939453125,-0.915344238281,-0.0324096679688,0.380004882812,4551.0,1612.0,-3353.0,-74.0,23.0,-60.0,
1649755232596976041,0.186706542969,-0.874389648438,-0.120178222656,0.431457519531,5392.0,4360.0,-2516.0,-19.0,66.0,-77.0,
1649755232599518775,0.191162109375,-0.871520996094,-0.122436523438,0.434692382812,5550.0,4401.0,-2436.0,-9.0,60.0,-79.0,
1649755232601793766,0.195922851562,-0.868835449219,-0.124267578125,0.437377929688,5722.0,4436.0,-2349.0,2.0,51.0,-81.0,
1649755232611289739,0.282470703125,-0.844299316406,-0.111511230469,0.441589355469,6194.0,4034.0,-1054.0,79.0,29.0,-90.0,
1649755232615353107,0.294372558594,-0.840454101562,-0.108337402344,0.44189453125,6678.0,3702.0,-1062.0,61.0,15.0,-83.0,
1649755232621480941,0.303894042969,-0.837280273438,-0.107299804688,0.441711425781,6895.0,3348.0,-998.0,36.0,4.0,-75.0,
1649755232623641014,0.307739257812,-0.835693359375,-0.107849121094,0.441955566406,6950.0,3219.0,-987.0,21.0,3.0,-71.0,
1649755232643933296,0.31103515625,-0.834045410156,-0.108947753906,0.442504882812,6987.0,3163.0,-1005.0,6.0,5.0,-67.0,
1649755232646130800,0.313842773438,-0.832214355469,-0.110656738281,0.443542480469,6988.0,3194.0,-1048.0,-7.0,10.0,-64.0,
1649755232654300212,0.316223144531,-0.830139160156,-0.112731933594,0.445190429688,6963.0,3302.0,-1097.0,-18.0,18.0,-60.0,
1649755232656081676,0.318237304688,-0.827758789062,-0.115112304688,0.447509765625,6917.0,3493.0,-1159.0,-28.0,28.0,-56.0,
1649755232658146142,0.320007324219,-0.825134277344,-0.117553710938,0.450561523438,6895.0,3751.0,-1262.0,-35.0,40.0,-51.0,
1649755232664700508,0.321533203125,-0.822082519531,-0.119995117188,0.454345703125,6931.0,4024.0,-1387.0,-40.0,53.0,-47.0,
1649755232666806936,0.322937011719,-0.818603515625,-0.122314453125,0.458984375,7065.0,4286.0,-1532.0,-45.0,68.0,-45.0,
1649755232670687198,0.324157714844,-0.814758300781,-0.12451171875,0.46435546875,7310.0,4538.0,-1713.0,-49.0,81.0,-43.0,
1649755232674706697,0.325256347656,-0.810607910156,-0.12646484375,0.470275878906,7657.0,4781.0,-1929.0,-51.0,90.0,-41.0,
1649755232681049823,0.326904296875,-0.802062988281,-0.130004882812,0.482666015625,8563.0,5270.0,-2361.0,-53.0,95.0,-38.0,
1649755232687290191,0.327453613281,-0.797973632812,-0.131530761719,0.488586425781,9030.0,5506.0,-2616.0,-51.0,90.0,-35.0,
1649755232691597461,0.328247070312,-0.790954589844,-0.13427734375,0.498657226562,9774.0,5906.0,-3058.0,-43.0,71.0,-28.0,
1649755232695766687,0.328552246094,-0.788024902344,-0.135375976562,0.502746582031,10041.0,6041.0,-3260.0,-37.0,62.0,-25.0,
1649755232698107719,0.329528808594,-0.781127929688,-0.1376953125,0.51220703125,10453.0,6346.0,-3811.0,-23.0,43.0,-21.0,
1649755232706958770,0.33154296875,-0.775756835938,-0.138610839844,0.518737792969,10522.0,6560.0,-4487.0,-9.0,37.0,-21.0,
1649755232709123611,0.33251953125,-0.774291992188,-0.138488769531,0.520324707031,10454.0,6625.0,-4733.0,-4.0,33.0,-20.0,
1649755232712898731,0.334899902344,-0.77197265625,-0.137573242188,0.5224609375,10041.0,6592.0,-5222.0,7.0,29.0,-17.0,
1649755232716788053,0.336242675781,-0.770874023438,-0.136657714844,0.5234375,9738.0,6494.0,-5440.0,11.0,33.0,-14.0,
1649755232718695163,0.337646484375,-0.769775390625,-0.135314941406,0.524597167969,9447.0,6394.0,-5623.0,15.0,40.0,-11.0,
1649755232726455926,0.349487304688,-0.747253417969,-0.0917358398438,0.557678222656,7962.0,4876.0,-5587.0,13.0,32.0,11.0,
1649755232728482961,0.349548339844,-0.746765136719,-0.0899047851562,0.55859375,7888.0,4809.0,-5585.0,11.0,32.0,12.0,
1649755232730430603,0.356628417969,-0.749267578125,-0.0573120117188,0.555114746094,7501.0,4372.0,-5606.0,60.0,-4.0,19.0,
1649755232734278678,0.357727050781,-0.750305175781,-0.0540161132812,0.553344726562,7358.0,4251.0,-5393.0,58.0,-7.0,18.0,
1649755232749110221,0.359558105469,-0.752075195312,-0.0479125976562,0.550231933594,7315.0,3968.0,-4980.0,51.0,-6.0,18.0,
1649755232751542568,0.360107421875,-0.752990722656,-0.0450439453125,0.548950195312,7317.0,3804.0,-4782.0,46.0,-7.0,19.0,
1649755232803012132,0.360412597656,-0.754821777344,-0.0400390625,0.546508789062,7311.0,3525.0,-4416.0,35.0,-9.0,21.0,
1649755232811615705,0.360290527344,-0.755798339844,-0.0379028320312,0.54541015625,7350.0,3468.0,-4253.0,30.0,-11.0,21.0,
1649755232813316106,0.359985351562,-0.7568359375,-0.0359497070312,0.544311523438,7513.0,3519.0,-4097.0,27.0,-14.0,22.0,
1649755232821579694,0.359436035156,-0.758117675781,-0.0341186523438,0.543090820312,7683.0,3599.0,-3980.0,26.0,-20.0,27.0,
1649755232825866699,0.357116699219,-0.764587402344,-0.0287475585938,0.535705566406,7749.0,3635.0,-3906.0,34.0,-52.0,37.0,
1649755232831563949,0.3564453125,-0.767395019531,-0.0269165039062,0.532287597656,7658.0,3617.0,-3931.0,38.0,-58.0,38.0,
1649755232834270238,0.355895996094,-0.770385742188,-0.0250244140625,0.528442382812,7478.0,3579.0,-3944.0,41.0,-63.0,38.0,
1649755232874157905,0.355529785156,-0.773315429688,-0.0231323242188,0.5244140625,7261.0,3498.0,-3970.0,44.0,-65.0,36.0,
1649755232881947278,0.355285644531,-0.776245117188,-0.021240234375,0.520324707031,7017.0,3394.0,-4025.0,45.0,-64.0,33.0,
1649755232885804176,0.355285644531,-0.778930664062,-0.0193481445312,0.516357421875,6789.0,3272.0,-4084.0,45.0,-60.0,30.0,
1649755232887719154,0.35546875,-0.781311035156,-0.0175170898438,0.5126953125,6580.0,3133.0,-4118.0,45.0,-53.0,26.0,
1649755232898262262,0.355712890625,-0.783325195312,-0.0155639648438,0.509582519531,6509.0,2989.0,-4192.0,43.0,-43.0,22.0,
1649755232902319431,0.355895996094,-0.784973144531,-0.0136108398438,0.506896972656,6498.0,2829.0,-4218.0,40.0,-34.0,20.0,
1649755232905670642,0.35595703125,-0.786499023438,-0.0117797851562,0.504516601562,6430.0,2642.0,-4213.0,35.0,-32.0,19.0,
1649755232909950256,0.355773925781,-0.788024902344,-0.0101928710938,0.502380371094,6358.0,2531.0,-4197.0,28.0,-31.0,19.0,
1649755232911748647,0.355285644531,-0.789428710938,-0.0089111328125,0.50048828125,6353.0,2528.0,-4165.0,21.0,-28.0,21.0,
1649755232917640924,0.353576660156,-0.791931152344,-0.0069580078125,0.497741699219,6316.0,2669.0,-4167.0,11.0,-22.0,27.0,
1649755232919501543,0.352478027344,-0.793151855469,-0.0059814453125,0.49658203125,6364.0,2654.0,-4157.0,11.0,-19.0,29.0,
1649755232962288379,0.351196289062,-0.79443359375,-0.004638671875,0.495483398438,6469.0,2627.0,-4138.0,12.0,-18.0,32.0,
1649755232966220140,0.349792480469,-0.795837402344,-0.003173828125,0.494262695312,6634.0,2649.0,-4093.0,14.0,-22.0,36.0,
1649755232968077659,0.348266601562,-0.79736328125,-0.001708984375,0.492858886719,6841.0,2708.0,-4085.0,15.0,-26.0,39.0,
1649755232970141887,0.346557617188,-0.799133300781,-0.00018310546875,0.491149902344,6938.0,2714.0,-4088.0,16.0,-31.0,42.0,
1649755232972119808,0.344787597656,-0.801147460938,0.0013427734375,0.489196777344,6949.0,2681.0,-4133.0,16.0,-37.0,45.0,
1649755232980312108,0.342895507812,-0.803283691406,0.0029296875,0.486999511719,6934.0,2659.0,-4216.0,17.0,-38.0,47.0,
1649755232982446908,0.341003417969,-0.805358886719,0.004638671875,0.484802246094,6950.0,2671.0,-4303.0,19.0,-36.0,49.0,
1649755232986009120,0.339111328125,-0.807495117188,0.00653076171875,0.482666015625,6978.0,2678.0,-4412.0,21.0,-35.0,51.0,
1649755232991826534,0.323547363281,-0.825439453125,0.0232543945312,0.461975097656,5598.0,1822.0,-4260.0,5.0,-24.0,24.0,
1649755233000076770,0.321472167969,-0.827514648438,0.0230102539062,0.459716796875,5506.0,1695.0,-3944.0,-8.0,-25.0,16.0,
1649755233001578569,0.320251464844,-0.828491210938,0.022216796875,0.458862304688,5465.0,1647.0,-3802.0,-16.0,-26.0,14.0,
1649755233009460449,0.31884765625,-0.829406738281,0.02099609375,0.458251953125,5478.0,1670.0,-3689.0,-25.0,-24.0,13.0,
1649755233011224985,0.317260742188,-0.830200195312,0.0193481445312,0.457946777344,5569.0,1804.0,-3622.0,-32.0,-21.0,13.0,
1649755233013375997,0.315551757812,-0.8310546875,0.0174560546875,0.457702636719,5727.0,1964.0,-3585.0,-36.0,-23.0,15.0,
1649755233017230749,0.294555664062,-0.844421386719,0.001953125,0.447387695312,5910.0,2407.0,-4472.0,-28.0,-34.0,29.0,
1649755233023258209,0.292602539062,-0.845825195312,0.0006103515625,0.446044921875,5797.0,2355.0,-4565.0,-26.0,-33.0,26.0,
1649755233030513048,0.290710449219,-0.847045898438,-0.0006103515625,0.445007324219,5794.0,2239.0,-4680.0,-26.0,-27.0,24.0,
1649755233034723520,0.288757324219,-0.848205566406,-0.001708984375,0.444091796875,5811.0,2114.0,-4798.0,-27.0,-25.0,22.0,
1649755233054422855,0.286865234375,-0.849365234375,-0.00286865234375,0.442993164062,5781.0,2001.0,-4919.0,-28.0,-27.0,21.0,
1649755233086935281,0.284973144531,-0.850708007812,-0.00421142578125,0.441650390625,5703.0,1920.0,-5055.0,-28.0,-33.0,20.0,
1649755233092724323,0.283203125,-0.852172851562,-0.00567626953125,0.43994140625,5611.0,1900.0,-5202.0,-28.0,-37.0,20.0,
1649755233094608306,0.281433105469,-0.853820800781,-0.00714111328125,0.437927246094,5483.0,1882.0,-5306.0,-26.0,-42.0,21.0,
1649755233096996068,0.279724121094,-0.855529785156,-0.00848388671875,0.435668945312,5250.0,1814.0,-5433.0,-23.0,-46.0,22.0,
1649755233105288505,0.277954101562,-0.857299804688,-0.00946044921875,0.433227539062,4821.0,1869.0,-5613.0,-18.0,-44.0,25.0,
1649755233106890201,0.276611328125,-0.858947753906,-0.0101318359375,0.430847167969,4471.0,1913.0,-5758.0,-10.0,-35.0,25.0,
1649755233114992856,0.275573730469,-0.859985351562,-0.01025390625,0.429382324219,4370.0,1826.0,-5738.0,-3.0,-17.0,21.0,
1649755233124682903,0.26904296875,-0.863586425781,-0.00830078125,0.426391601562,5587.0,2081.0,-5106.0,-3.0,-24.0,21.0,
1649755233126782655,0.267883300781,-0.864501953125,-0.00830078125,0.42529296875,5640.0,2055.0,-5100.0,-3.0,-24.0,21.0,
1649755233129268884,0.266723632812,-0.865356445312,-0.0081787109375,0.424133300781,5785.0,2042.0,-5121.0,-2.0,-22.0,21.0,
1649755233135579109,0.265625,-0.866333007812,-0.0079345703125,0.422912597656,5928.0,2043.0,-5184.0,1.0,-25.0,21.0,
1649755233137423753,0.264526367188,-0.867492675781,-0.007568359375,0.421264648438,6061.0,2047.0,-5171.0,4.0,-31.0,21.0,
1649755233150110006,0.263488769531,-0.86865234375,-0.00701904296875,0.419494628906,6260.0,2044.0,-5118.0,8.0,-34.0,23.0,
1649755233154137134,0.262390136719,-0.869934082031,-0.00634765625,0.41748046875,6297.0,2036.0,-5079.0,12.0,-40.0,25.0,
1649755233157826185,0.261291503906,-0.871459960938,-0.00567626953125,0.414978027344,6112.0,1973.0,-5082.0,13.0,-47.0,26.0,
1649755233159595727,0.260192871094,-0.873107910156,-0.00494384765625,0.412292480469,5885.0,1878.0,-5130.0,13.0,-45.0,26.0,
1649755233170383453,0.259155273438,-0.874450683594,-0.00421142578125,0.410034179688,5749.0,1803.0,-5207.0,12.0,-37.0,25.0,
1649755233182045221,0.25830078125,-0.875549316406,-0.0032958984375,0.408264160156,5763.0,1738.0,-5249.0,12.0,-27.0,22.0,
1649755233187889575,0.257568359375,-0.876342773438,-0.0023193359375,0.406982421875,5883.0,1685.0,-5361.0,14.0,-20.0,18.0,
1649755233189791679,0.257141113281,-0.877136230469,-0.001220703125,0.405639648438,5915.0,1570.0,-5407.0,16.0,-20.0,15.0,
1649755233191914796,0.2568359375,-0.877868652344,-6.103515625e-05,0.404174804688,5921.0,1473.0,-5459.0,18.0,-23.0,12.0,
1649755233197810411,0.256652832031,-0.878662109375,0.0009765625,0.402526855469,5877.0,1412.0,-5504.0,18.0,-25.0,10.0,
1649755233199772119,0.256591796875,-0.879516601562,0.00201416015625,0.400756835938,5883.0,1343.0,-5533.0,19.0,-26.0,9.0,
1649755233201610088,0.256530761719,-0.88037109375,0.00311279296875,0.39892578125,5803.0,1280.0,-5542.0,20.0,-28.0,9.0,
1649755233221923351,0.256408691406,-0.881286621094,0.00408935546875,0.396911621094,5631.0,1224.0,-5569.0,20.0,-31.0,10.0,
1649755233241936445,0.254516601562,-0.885925292969,0.00958251953125,0.387634277344,4817.0,904.0,-5912.0,4.0,-6.0,8.0,
1649755233253299474,0.254272460938,-0.88623046875,0.0098876953125,0.387084960938,4762.0,919.0,-5951.0,3.0,-4.0,6.0,
1649755233255657672,0.254150390625,-0.886474609375,0.0101318359375,0.386657714844,4746.0,954.0,-6001.0,2.0,-2.0,3.0,
1649755233259020090,0.254211425781,-0.886535644531,0.0103149414062,0.386413574219,4739.0,994.0,-6062.0,2.0,0.0,1.0,
1649755233265134811,0.254333496094,-0.886657714844,0.0106201171875,0.386108398438,4697.0,1000.0,-6063.0,4.0,0.0,-1.0,
1649755233273871898,0.254638671875,-0.88671875,0.0109252929688,0.385681152344,4639.0,1010.0,-6039.0,6.0,-2.0,-3.0,
1649755233282799720,0.255065917969,-0.886779785156,0.0111694335938,0.38525390625,4586.0,1048.0,-5978.0,7.0,-2.0,-5.0,
1649755233284847259,0.25634765625,-0.886657714844,0.0119018554688,0.384765625,4581.0,1090.0,-5846.0,10.0,2.0,-8.0,
1649755233286656856,0.257080078125,-0.886413574219,0.012451171875,0.384704589844,4635.0,1135.0,-5752.0,12.0,4.0,-9.0,
1649755233290819883,0.257934570312,-0.88623046875,0.0131225585938,0.384643554688,4807.0,1276.0,-5757.0,15.0,3.0,-9.0,
1649755233296938180,0.258911132812,-0.886108398438,0.0138549804688,0.384216308594,4849.0,1279.0,-5787.0,20.0,-3.0,-9.0,
1649755233306035995,0.260192871094,-0.886169433594,0.0148315429688,0.383178710938,4823.0,1169.0,-5766.0,26.0,-10.0,-12.0,
1649755233316103458,0.263000488281,-0.886352539062,0.017333984375,0.380615234375,4711.0,937.0,-5857.0,31.0,-12.0,-15.0,
1649755233318186521,0.264709472656,-0.886352539062,0.0186767578125,0.379455566406,4624.0,782.0,-5909.0,31.0,-8.0,-19.0,
1649755233322078466,0.2666015625,-0.886108398438,0.0199584960938,0.378601074219,4469.0,615.0,-5951.0,29.0,-1.0,-23.0,
1649755233325903654,0.2685546875,-0.885681152344,0.02099609375,0.378173828125,4298.0,410.0,-5961.0,24.0,6.0,-27.0,
1649755233327977895,0.270446777344,-0.884948730469,0.0216674804688,0.378540039062,4143.0,205.0,-5884.0,14.0,18.0,-31.0,
1649755233337767362,0.273254394531,-0.882385253906,0.0213012695312,0.382507324219,4748.0,185.0,-5773.0,-16.0,43.0,-32.0,
1649755233347882986,0.273864746094,-0.880920410156,0.0202026367188,0.385375976562,5071.0,229.0,-5787.0,-27.0,41.0,-27.0,
1649755233349381923,0.274108886719,-0.879821777344,0.0186767578125,0.387817382812,5276.0,280.0,-5826.0,-35.0,31.0,-23.0,
1649755233353375434,0.273986816406,-0.879028320312,0.0167236328125,0.389892578125,5440.0,434.0,-5926.0,-41.0,25.0,-18.0,
1649755233359213590,0.273559570312,-0.878356933594,0.0146484375,0.391723632812,5694.0,663.0,-6025.0,-42.0,21.0,-13.0,
1649755233363322019,0.272888183594,-0.877868652344,0.0126953125,0.393310546875,5994.0,885.0,-6122.0,-40.0,16.0,-6.0,
1649755233366958856,0.272033691406,-0.877746582031,0.0109252929688,0.394348144531,6223.0,1006.0,-6196.0,-36.0,5.0,0.0,
1649755233381102800,0.269958496094,-0.878479003906,0.008056640625,0.394226074219,6476.0,1238.0,-6405.0,-26.0,-16.0,7.0,
1649755233385046005,0.268432617188,-0.879943847656,0.0057373046875,0.391967773438,6532.0,1467.0,-6468.0,-13.0,-31.0,6.0,
1649755233388982295,0.267944335938,-0.880920410156,0.00494384765625,0.390075683594,6372.0,1453.0,-6420.0,-7.0,-38.0,6.0,
1649755233391000509,0.2666015625,-0.883850097656,0.00323486328125,0.384399414062,5942.0,1377.0,-5966.0,-6.0,-32.0,5.0,
1649755233421309471,0.26611328125,-0.884582519531,0.00244140625,0.383056640625,5824.0,1397.0,-5784.0,-8.0,-29.0,4.0,
1649755233423205137,0.265747070312,-0.885192871094,0.0015869140625,0.381896972656,5679.0,1444.0,-5595.0,-10.0,-27.0,2.0,
1649755233430886745,0.265441894531,-0.8857421875,0.00054931640625,0.380859375,5513.0,1524.0,-5444.0,-11.0,-25.0,0.0,
1649755233433120012,0.265258789062,-0.886169433594,-0.00054931640625,0.379943847656,5326.0,1615.0,-5303.0,-12.0,-22.0,-2.0,
1649755233490416526,0.265258789062,-0.886779785156,-0.002685546875,0.378540039062,5037.0,1714.0,-5138.0,-11.0,-15.0,-4.0,
1649755233493960857,0.265380859375,-0.886962890625,-0.00360107421875,0.378051757812,4918.0,1727.0,-5108.0,-10.0,-13.0,-5.0,
1649755233495916843,0.265502929688,-0.887084960938,-0.0045166015625,0.377563476562,4741.0,1718.0,-5101.0,-9.0,-12.0,-6.0,
1649755233505537033,0.265747070312,-0.887268066406,-0.00537109375,0.377075195312,4517.0,1682.0,-5111.0,-9.0,-10.0,-7.0,
1649755233513647556,0.265991210938,-0.887329101562,-0.0062255859375,0.376708984375,4260.0,1646.0,-5109.0,-10.0,-6.0,-9.0,
1649755233515524148,0.266418457031,-0.887145996094,-0.00714111328125,0.376708984375,4035.0,1620.0,-5099.0,-11.0,2.0,-11.0,
1649755233517611742,0.266967773438,-0.886779785156,-0.00799560546875,0.377319335938,3879.0,1632.0,-5100.0,-12.0,12.0,-14.0,
1649755233521553754,0.267578125,-0.886108398438,-0.0087890625,0.37841796875,3748.0,1646.0,-5105.0,-13.0,21.0,-16.0,
1649755233528185367,0.268310546875,-0.88525390625,-0.00958251953125,0.379821777344,3675.0,1638.0,-5117.0,-14.0,27.0,-17.0,
1649755233536282539,0.268920898438,-0.88427734375,-0.01025390625,0.381591796875,3690.0,1583.0,-5148.0,-15.0,33.0,-17.0,
1649755233538361549,0.269470214844,-0.883239746094,-0.0108642578125,0.383605957031,3780.0,1470.0,-5193.0,-16.0,36.0,-16.0,
1649755233546605110,0.269714355469,-0.882263183594,-0.0114135742188,0.385681152344,4031.0,1375.0,-5233.0,-18.0,36.0,-14.0,
1649755233548753499,0.269226074219,-0.880737304688,-0.0125732421875,0.389465332031,4729.0,1336.0,-5357.0,-22.0,23.0,-3.0,
1649755233552865505,0.268371582031,-0.880493164062,-0.0133666992188,0.390563964844,4971.0,1451.0,-5586.0,-23.0,11.0,3.0,
1649755233558638572,0.267395019531,-0.880615234375,-0.01416015625,0.390930175781,4997.0,1660.0,-5889.0,-21.0,2.0,9.0,
1649755233560662984,0.266723632812,-0.880920410156,-0.0148315429688,0.390686035156,5169.0,1808.0,-6107.0,-13.0,-3.0,9.0,
1649755233566351890,0.266235351562,-0.881286621094,-0.0150146484375,0.390258789062,5387.0,1853.0,-6307.0,-4.0,-8.0,8.0,
1649755233574202299,0.265808105469,-0.8818359375,-0.0147705078125,0.389221191406,5519.0,1816.0,-6411.0,3.0,-17.0,9.0,
1649755233578002452,0.265380859375,-0.882629394531,-0.014404296875,0.387756347656,5569.0,1719.0,-6438.0,7.0,-24.0,9.0,
1649755233580078601,0.264953613281,-0.883483886719,-0.0139770507812,0.386108398438,5619.0,1614.0,-6417.0,8.0,-25.0,9.0,
1649755233588661909,0.264526367188,-0.884155273438,-0.0134887695312,0.384826660156,5704.0,1563.0,-6371.0,7.0,-22.0,9.0,
1649755233594766378,0.26416015625,-0.884704589844,-0.0130615234375,0.3837890625,5830.0,1539.0,-6299.0,5.0,-17.0,8.0,
1649755233598513364,0.262634277344,-0.886047363281,-0.0133056640625,0.381774902344,6126.0,1659.0,-5479.0,-6.0,-7.0,1.0,
1649755233600937843,0.262145996094,-0.886169433594,-0.0137329101562,0.381896972656,6098.0,1855.0,-5396.0,-9.0,-8.0,4.0,
1649755233608881235,0.26171875,-0.886352539062,-0.0142822265625,0.381713867188,5964.0,2008.0,-5325.0,-7.0,-10.0,5.0,
1649755233616446971,0.261474609375,-0.886535644531,-0.0146484375,0.381408691406,5867.0,2027.0,-5243.0,-3.0,-10.0,5.0,
1649755233618616819,0.260070800781,-0.8896484375,-0.0139770507812,0.375061035156,4273.0,1538.0,-5588.0,-2.0,1.0,-5.0,
1649755233620599746,0.260803222656,-0.889343261719,-0.0146484375,0.375305175781,4188.0,1530.0,-5725.0,-6.0,7.0,-9.0,
1649755233626438617,0.26123046875,-0.889099121094,-0.0150756835938,0.375610351562,4291.0,1587.0,-5791.0,-7.0,8.0,-10.0,
1649755233630523443,0.262145996094,-0.888732910156,-0.0159912109375,0.375793457031,4554.0,1703.0,-5919.0,-4.0,-2.0,-10.0,
1649755233632913351,0.262634277344,-0.888854980469,-0.0164794921875,0.375183105469,4584.0,1646.0,-5947.0,-2.0,-11.0,-10.0,
1649755233636929035,0.263061523438,-0.88916015625,-0.0169677734375,0.374084472656,4496.0,1491.0,-5985.0,-1.0,-17.0,-9.0,
1649755233638856649,0.263427734375,-0.889526367188,-0.0173950195312,0.372924804688,4397.0,1332.0,-5931.0,-3.0,-17.0,-9.0,
1649755233640962362,0.263732910156,-0.889770507812,-0.0180053710938,0.372131347656,4551.0,1163.0,-5931.0,-8.0,-13.0,-10.0,
1649755233649201154,0.263916015625,-0.889770507812,-0.0187377929688,0.371948242188,4582.0,1063.0,-5844.0,-13.0,-6.0,-11.0,
1649755233651170730,0.264099121094,-0.8896484375,-0.0198364257812,0.371948242188,4456.0,1233.0,-5811.0,-19.0,-4.0,-14.0,
1649755233662184238,0.264465332031,-0.889343261719,-0.021484375,0.372375488281,4351.0,1491.0,-5809.0,-23.0,4.0,-14.0,
1649755233672264099,0.264831542969,-0.888732910156,-0.0230712890625,0.373413085938,4316.0,1630.0,-5803.0,-23.0,15.0,-14.0,
1649755233674714565,0.265258789062,-0.887939453125,-0.0243530273438,0.375061035156,4346.0,1653.0,-5791.0,-22.0,26.0,-15.0,
1649755233689262866,0.265686035156,-0.886962890625,-0.0252685546875,0.377014160156,4417.0,1683.0,-5761.0,-21.0,32.0,-16.0,
1649755233693248987,0.26611328125,-0.885925292969,-0.0260620117188,0.378967285156,4546.0,1759.0,-5687.0,-19.0,32.0,-15.0,
1649755233694977998,0.266296386719,-0.885070800781,-0.02685546875,0.380798339844,4702.0,1915.0,-5613.0,-18.0,27.0,-11.0,
1649755233704717874,0.266235351562,-0.884399414062,-0.02783203125,0.382385253906,4769.0,2061.0,-5546.0,-19.0,21.0,-6.0,
1649755233717176437,0.265991210938,-0.883850097656,-0.0287475585938,0.383728027344,4707.0,2139.0,-5507.0,-19.0,17.0,-3.0,
1649755233720890998,0.265625,-0.883361816406,-0.029541015625,0.385009765625,4577.0,2292.0,-5658.0,-18.0,19.0,1.0,
1649755233723172664,0.265563964844,-0.882873535156,-0.030029296875,0.38623046875,4393.0,2272.0,-5677.0,-11.0,24.0,1.0,
1649755233725055456,0.265686035156,-0.882263183594,-0.0299072265625,0.387451171875,4432.0,2123.0,-5686.0,-3.0,28.0,-2.0,
1649755233734631061,0.265808105469,-0.881591796875,-0.029296875,0.388977050781,4584.0,2084.0,-5661.0,-1.0,30.0,-1.0,
1649755233737916231,0.265869140625,-0.880981445312,-0.0286865234375,0.390380859375,4915.0,2131.0,-5680.0,2.0,26.0,0.0,
1649755233745961189,0.265930175781,-0.880554199219,-0.0280151367188,0.391296386719,4881.0,2134.0,-5618.0,6.0,15.0,1.0,
1649755233758771181,0.26611328125,-0.880615234375,-0.0277099609375,0.39111328125,4712.0,2070.0,-5552.0,6.0,-1.0,1.0,
1649755233789927959,0.266052246094,-0.880859375,-0.027587890625,0.390625,4644.0,2071.0,-5511.0,3.0,-5.0,3.0,
1649755233799214839,0.265930175781,-0.881103515625,-0.0277099609375,0.390197753906,4523.0,2037.0,-5440.0,-1.0,-7.0,2.0,
1649755233801422357,0.265991210938,-0.88134765625,-0.0282592773438,0.389465332031,4420.0,1942.0,-5368.0,-4.0,-12.0,-3.0,
1649755233808793067,0.266235351562,-0.881652832031,-0.029052734375,0.388610839844,4167.0,1838.0,-5301.0,-9.0,-15.0,-8.0,
1649755233883261919,0.266662597656,-0.881774902344,-0.0303955078125,0.387939453125,3887.0,1793.0,-5213.0,-16.0,-11.0,-14.0,
1649755233885432243,0.267272949219,-0.881530761719,-0.0322875976562,0.387817382812,3697.0,1810.0,-5095.0,-24.0,-4.0,-21.0,
1649755233892213582,0.268127441406,-0.880859375,-0.03466796875,0.388610839844,3432.0,1864.0,-4954.0,-33.0,10.0,-28.0,
1649755233904403209,0.269104003906,-0.879516601562,-0.0375366210938,0.390747070312,3290.0,2068.0,-4877.0,-44.0,33.0,-34.0,
1649755233905726671,0.270080566406,-0.877380371094,-0.04052734375,0.394592285156,3407.0,2276.0,-4875.0,-53.0,60.0,-35.0,
1649755233914448022,0.27099609375,-0.874633789062,-0.0433959960938,0.399597167969,3630.0,2391.0,-4967.0,-55.0,79.0,-37.0,
1649755233924912452,0.272155761719,-0.871704101562,-0.0458374023438,0.404968261719,3874.0,2512.0,-5058.0,-53.0,88.0,-40.0,
1649755233937213182,0.273559570312,-0.868530273438,-0.0479736328125,0.410522460938,4161.0,2690.0,-5087.0,-47.0,92.0,-42.0,
1649755234116742134,0.275085449219,-0.865356445312,-0.0498046875,0.416015625,4503.0,2872.0,-5066.0,-40.0,91.0,-42.0,
1649755234134873867,0.276550292969,-0.862243652344,-0.05126953125,0.421203613281,4857.0,2973.0,-5001.0,-34.0,87.0,-38.0,
1649755234136817693,0.277709960938,-0.859436035156,-0.0523681640625,0.426025390625,5181.0,2975.0,-4929.0,-29.0,79.0,-33.0,
1649755234188843250,0.279113769531,-0.854736328125,-0.0538330078125,0.434326171875,5725.0,2931.0,-4773.0,-25.0,63.0,-21.0,
1649755234193497896,0.279418945312,-0.852844238281,-0.054443359375,0.437805175781,5889.0,2909.0,-4743.0,-24.0,54.0,-16.0,
1649755234197315931,0.279479980469,-0.849792480469,-0.055419921875,0.443542480469,5938.0,2782.0,-4730.0,-20.0,44.0,-9.0,
1649755234199482679,0.279479980469,-0.848388671875,-0.0557250976562,0.446166992188,6004.0,2671.0,-4776.0,-19.0,45.0,-7.0,
1649755234252992868,0.279541015625,-0.847045898438,-0.0557861328125,0.448669433594,6130.0,2570.0,-4819.0,-16.0,43.0,-8.0,
1649755234260591506,0.279663085938,-0.845764160156,-0.0557250976562,0.450927734375,6133.0,2507.0,-4818.0,-13.0,39.0,-9.0,
1649755234272080898,0.279968261719,-0.844482421875,-0.0557250976562,0.453186035156,6022.0,2448.0,-4809.0,-11.0,40.0,-11.0,
1649755234281386137,0.280334472656,-0.843017578125,-0.0556640625,0.455627441406,6099.0,2347.0,-4953.0,-11.0,46.0,-11.0,
1649755234283766508,0.280700683594,-0.841613769531,-0.05517578125,0.458068847656,6215.0,2252.0,-4890.0,-8.0,48.0,-9.0,
1649755234294881582,0.281066894531,-0.84033203125,-0.0546875,0.460327148438,6238.0,2185.0,-4905.0,-5.0,41.0,-10.0,
1649755234303463459,0.28173828125,-0.837646484375,-0.053466796875,0.464904785156,6227.0,2083.0,-5086.0,-3.0,49.0,-7.0,
1649755234314413547,0.287414550781,-0.829284667969,-0.038330078125,0.477722167969,6832.0,2257.0,-5063.0,40.0,29.0,2.0,
1649755234323977470,0.288513183594,-0.828918457031,-0.0353393554688,0.477905273438,6959.0,2277.0,-5000.0,47.0,18.0,5.0,
1649755234326233386,0.289733886719,-0.829040527344,-0.0322265625,0.477172851562,6934.0,2260.0,-4868.0,53.0,2.0,5.0,
1649755234335135936,0.291076660156,-0.829467773438,-0.029296875,0.475830078125,6809.0,2278.0,-4780.0,55.0,-10.0,3.0,
1649755234337552070,0.296752929688,-0.822875976562,-0.010009765625,0.484497070312,6605.0,1328.0,-4589.0,-18.0,26.0,-9.0,
1649755234344308376,0.296569824219,-0.821838378906,-0.0106201171875,0.486328125,6651.0,1340.0,-4595.0,-22.0,30.0,-12.0,
1649755234346234798,0.296447753906,-0.820739746094,-0.0114135742188,0.48828125,6733.0,1376.0,-4622.0,-25.0,31.0,-14.0,
1649755234407536983,0.296325683594,-0.818542480469,-0.0132446289062,0.492004394531,6876.0,1525.0,-4744.0,-24.0,27.0,-16.0,
1649755234438615083,0.296508789062,-0.816955566406,-0.0147705078125,0.494445800781,6836.0,1652.0,-4782.0,-16.0,18.0,-13.0,
1649755234442476987,0.296936035156,-0.815795898438,-0.0154418945312,0.49609375,6623.0,1760.0,-4750.0,-8.0,16.0,-10.0,
1649755234494537115,0.297180175781,-0.815185546875,-0.0154418945312,0.496887207031,6553.0,1817.0,-4686.0,-4.0,18.0,-8.0,
1649755234498320579,0.297668457031,-0.81396484375,-0.0147705078125,0.498657226562,6552.0,1897.0,-4495.0,1.0,19.0,-4.0,
1649755234502114295,0.295776367188,-0.830810546875,-0.0111083984375,0.471313476562,6593.0,2357.0,-4076.0,10.0,-51.0,19.0,
1649755234515226602,0.291320800781,-0.837158203125,-0.0107421875,0.462829589844,5947.0,2277.0,-3995.0,1.0,-39.0,21.0,
1649755234518849372,0.287353515625,-0.841735839844,-0.013427734375,0.456848144531,6198.0,2185.0,-5381.0,-7.0,-17.0,8.0,
1649755234521844625,0.285522460938,-0.843994140625,-0.0137329101562,0.453796386719,6165.0,2125.0,-5580.0,-3.0,-30.0,18.0,
1649755234534998178,0.283020019531,-0.846740722656,-0.0137329101562,0.450317382812,6272.0,2076.0,-5648.0,-4.0,-32.0,22.0,
1649755234537107944,0.281799316406,-0.848083496094,-0.0138549804688,0.448486328125,6282.0,2116.0,-5635.0,-4.0,-35.0,21.0,
1649755234542634010,0.271911621094,-0.860656738281,-0.0194091796875,0.430053710938,5549.0,2125.0,-4917.0,-8.0,-32.0,11.0,
1649755234547302722,0.270263671875,-0.862426757812,-0.0208740234375,0.427490234375,5518.0,2072.0,-4922.0,-12.0,-26.0,9.0,
1649755234553985595,0.268798828125,-0.863830566406,-0.0228271484375,0.425415039062,5485.0,2085.0,-5058.0,-15.0,-23.0,5.0,
1649755234558355569,0.267761230469,-0.865173339844,-0.0250854492188,0.423278808594,5472.0,2112.0,-5168.0,-16.0,-23.0,1.0,
1649755234563402414,0.267333984375,-0.865783691406,-0.0263061523438,0.422302246094,5505.0,2175.0,-5201.0,-16.0,-23.0,0.0,
1649755234567301750,0.266845703125,-0.866394042969,-0.0275268554688,0.421142578125,5500.0,2195.0,-5213.0,-15.0,-25.0,1.0,
1649755234571494340,0.266357421875,-0.867126464844,-0.0286254882812,0.419921875,5500.0,2195.0,-5210.0,-14.0,-28.0,2.0,
1649755234577521562,0.264221191406,-0.869812011719,-0.03125,0.415466308594,5523.0,2210.0,-5037.0,-9.0,-32.0,9.0,
1649755234585536479,0.262634277344,-0.871765136719,-0.03271484375,0.412353515625,5613.0,2084.0,-4871.0,-8.0,-38.0,9.0,
1649755234589257717,0.261779785156,-0.872924804688,-0.0335083007812,0.410339355469,5423.0,1993.0,-4784.0,-10.0,-43.0,7.0,
1649755234593256711,0.260498046875,-0.875061035156,-0.0363159179688,0.406311035156,4968.0,2122.0,-4773.0,-17.0,-39.0,3.0,
1649755234596984624,0.260009765625,-0.875793457031,-0.037841796875,0.404907226562,4807.0,2145.0,-4814.0,-18.0,-29.0,1.0,
1649755234607772827,0.259704589844,-0.876281738281,-0.0391845703125,0.403991699219,4679.0,2185.0,-4880.0,-18.0,-20.0,-1.0,
1649755234610046863,0.25830078125,-0.87646484375,-0.0472412109375,0.403564453125,4711.0,2146.0,-5400.0,-13.0,3.0,-3.0,
1649755234672523498,0.257507324219,-0.874938964844,-0.0546264648438,0.406433105469,5265.0,2197.0,-5187.0,-23.0,-13.0,-9.0,
1649755234680001258,0.254211425781,-0.874572753906,-0.0745849609375,0.406127929688,4784.0,3156.0,-5495.0,-26.0,-8.0,-6.0,
1649755234735963344,0.254150390625,-0.874389648438,-0.0762939453125,0.40625,4648.0,3242.0,-5479.0,-24.0,-1.0,-8.0,
1649755234743533134,0.25439453125,-0.873962402344,-0.0779418945312,0.40673828125,4528.0,3346.0,-5476.0,-23.0,7.0,-11.0,
1649755234764282226,0.2548828125,-0.873291015625,-0.0794677734375,0.407592773438,4454.0,3446.0,-5483.0,-21.0,15.0,-15.0,
1649755234766241550,0.255615234375,-0.872375488281,-0.0808715820312,0.408752441406,4444.0,3514.0,-5506.0,-19.0,21.0,-18.0,
1649755234774977445,0.256530761719,-0.871398925781,-0.0822143554688,0.410034179688,4481.0,3535.0,-5532.0,-18.0,24.0,-21.0,
1649755234777061223,0.257690429688,-0.870361328125,-0.08349609375,0.411254882812,4454.0,3531.0,-5581.0,-17.0,23.0,-25.0,
1649755234798582553,0.259094238281,-0.869323730469,-0.0848999023438,0.412292480469,4331.0,3575.0,-5641.0,-16.0,22.0,-29.0,
1649755234805786132,0.262634277344,-0.867004394531,-0.087890625,0.414367675781,4117.0,3824.0,-5834.0,-13.0,27.0,-34.0,
1649755235026464223,0.264587402344,-0.865661621094,-0.0892333984375,0.41552734375,4081.0,3907.0,-5943.0,-11.0,29.0,-35.0,
1649755235028591632,0.266662597656,-0.864379882812,-0.09033203125,0.416687011719,4062.0,3954.0,-6044.0,-8.0,31.0,-36.0,
1649755235037891149,0.268798828125,-0.862976074219,-0.09130859375,0.41796875,4062.0,4028.0,-6112.0,-6.0,33.0,-36.0,
1649755235040039539,0.27099609375,-0.861511230469,-0.092041015625,0.419372558594,4093.0,4129.0,-6178.0,-3.0,36.0,-36.0,
1649755235055380582,0.273254394531,-0.860046386719,-0.0925903320312,0.420837402344,4136.0,4229.0,-6244.0,0.0,39.0,-35.0,
