1648135071631264925,0.706909179688,-0.230590820312,-0.400817871094,0.53515625,-2736.0,7340.0,-582.0,12.0,-4.0,-2.0,
1648135071637779474,0.707336425781,-0.230895996094,-0.400756835938,0.534484863281,-2716.0,7386.0,-632.0,14.0,-3.0,-2.0,
1648135071642413139,0.707763671875,-0.231323242188,-0.400756835938,0.533752441406,-2704.0,7465.0,-677.0,14.0,-3.0,-2.0,
1648135071647007465,0.708190917969,-0.231689453125,-0.400695800781,0.533081054688,-2703.0,7563.0,-712.0,14.0,-3.0,-2.0,
1648135071651481628,0.708618164062,-0.232116699219,-0.400634765625,0.532409667969,-2703.0,7651.0,-733.0,14.0,-3.0,-2.0,
1648135071656250000,0.708923339844,-0.232482910156,-0.400634765625,0.531799316406,-2705.0,7709.0,-737.0,13.0,-4.0,-1.0,
1648135071663010358,0.709228515625,-0.232849121094,-0.400634765625,0.531188964844,-2702.0,7750.0,-737.0,12.0,-4.0,-1.0,
1648135071667680025,0.70947265625,-0.233215332031,-0.400695800781,0.530700683594,-2709.0,7780.0,-730.0,11.0,-4.0,-1.0,
1648135071672342777,0.709716796875,-0.233581542969,-0.400756835938,0.530212402344,-2718.0,7799.0,-710.0,10.0,-4.0,-1.0,
1648135071676946401,0.709838867188,-0.23388671875,-0.40087890625,0.52978515625,-2720.0,7816.0,-691.0,9.0,-5.0,-1.0,
1648135071681334257,0.7099609375,-0.234191894531,-0.401000976562,0.529418945312,-2718.0,7825.0,-663.0,7.0,-5.0,0.0,
1648135071686479568,0.710021972656,-0.234497070312,-0.401123046875,0.529174804688,-2723.0,7829.0,-641.0,6.0,-5.0,0.0,
1648135071694568157,0.710021972656,-0.234741210938,-0.401306152344,0.528869628906,-2722.0,7815.0,-617.0,5.0,-5.0,0.0,
1648135071701041936,0.7099609375,-0.234985351562,-0.401550292969,0.528686523438,-2733.0,7792.0,-586.0,4.0,-6.0,-1.0,
1648135071704235553,0.709838867188,-0.235168457031,-0.401794433594,0.528503417969,-2740.0,7771.0,-548.0,3.0,-6.0,-1.0,
1648135071708724737,0.709716796875,-0.235412597656,-0.402160644531,0.5283203125,-2740.0,7756.0,-517.0,3.0,-7.0,-1.0,
1648135071713387489,0.709594726562,-0.235595703125,-0.402465820312,0.528198242188,-2743.0,7749.0,-502.0,2.0,-7.0,-1.0,
1648135071717764377,0.709411621094,-0.235778808594,-0.40283203125,0.528015136719,-2748.0,7759.0,-480.0,2.0,-7.0,-1.0,
1648135071722462177,0.709289550781,-0.235961914062,-0.403198242188,0.527893066406,-2762.0,7788.0,-469.0,2.0,-7.0,-1.0,
1648135071727746725,0.709106445312,-0.236206054688,-0.403564453125,0.527770996094,-2770.0,7819.0,-461.0,1.0,-7.0,-1.0,
1648135071732061147,0.708862304688,-0.236389160156,-0.403930664062,0.527648925781,-2775.0,7845.0,-465.0,1.0,-8.0,-1.0,
1648135071737102746,0.708679199219,-0.236572265625,-0.404296875,0.527587890625,-2767.0,7875.0,-473.0,0.0,-7.0,-1.0,
1648135071750509500,0.708435058594,-0.236755371094,-0.404663085938,0.527526855469,-2760.0,7896.0,-488.0,0.0,-7.0,-1.0,
1648135071751066684,0.708251953125,-0.236999511719,-0.404968261719,0.527404785156,-2754.0,7918.0,-483.0,0.0,-7.0,-1.0,
1648135071763746976,0.708068847656,-0.237182617188,-0.4052734375,0.527404785156,-2756.0,7929.0,-469.0,0.0,-7.0,0.0,
1648135071764997482,0.707824707031,-0.237426757812,-0.405578613281,0.52734375,-2750.0,7915.0,-448.0,0.0,-7.0,0.0,
1648135071765640974,0.707580566406,-0.237609863281,-0.405883789062,0.527282714844,-2747.0,7892.0,-436.0,0.0,-7.0,0.0,
1648135071767744779,0.707397460938,-0.237854003906,-0.406188964844,0.527282714844,-2739.0,7863.0,-434.0,1.0,-7.0,0.0,
1648135071772261381,0.707214355469,-0.238098144531,-0.406433105469,0.527221679688,-2732.0,7835.0,-437.0,1.0,-6.0,1.0,
1648135071776705503,0.707092285156,-0.238342285156,-0.406616210938,0.527099609375,-2722.0,7809.0,-447.0,2.0,-6.0,1.0,
1648135071781250238,0.706970214844,-0.238586425781,-0.406860351562,0.527038574219,-2709.0,7782.0,-459.0,2.0,-6.0,1.0,
1648135071788264274,0.706848144531,-0.238891601562,-0.407043457031,0.526916503906,-2698.0,7762.0,-476.0,2.0,-6.0,1.0,
1648135071792945623,0.706726074219,-0.239135742188,-0.4072265625,0.526794433594,-2694.0,7738.0,-479.0,2.0,-6.0,1.0,
1648135071799839735,0.706604003906,-0.239379882812,-0.407409667969,0.526672363281,-2697.0,7718.0,-464.0,2.0,-6.0,0.0,
1648135071804939031,0.706481933594,-0.239624023438,-0.407653808594,0.526550292969,-2702.0,7712.0,-439.0,2.0,-6.0,0.0,
1648135071809307813,0.706359863281,-0.239868164062,-0.407897949219,0.526428222656,-2715.0,7733.0,-404.0,2.0,-6.0,0.0,
1648135071813881874,0.706176757812,-0.240051269531,-0.408203125,0.5263671875,-2726.0,7757.0,-372.0,2.0,-6.0,0.0,
1648135071818298578,0.705932617188,-0.240234375,-0.408508300781,0.526306152344,-2722.0,7784.0,-344.0,1.0,-6.0,0.0,
1648135071823049545,0.705688476562,-0.240478515625,-0.408813476562,0.5263671875,-2715.0,7802.0,-335.0,0.0,-7.0,0.0,
1648135071827594041,0.705383300781,-0.240600585938,-0.4091796875,0.5263671875,-2709.0,7828.0,-342.0,-1.0,-7.0,0.0,
1648135071832194089,0.705139160156,-0.240783691406,-0.409484863281,0.526428222656,-2700.0,7837.0,-365.0,-1.0,-7.0,0.0,
1648135071836357831,0.704895019531,-0.240905761719,-0.409790039062,0.526428222656,-2678.0,7824.0,-372.0,-2.0,-7.0,-1.0,
1648135071841022014,0.70458984375,-0.241088867188,-0.41015625,0.526489257812,-2649.0,7781.0,-391.0,-2.0,-7.0,-1.0,
1648135071847708940,0.704345703125,-0.2412109375,-0.410461425781,0.526489257812,-2623.0,7735.0,-405.0,-2.0,-7.0,-1.0,
1648135071852706193,0.7041015625,-0.241394042969,-0.410827636719,0.526428222656,-2598.0,7700.0,-400.0,-1.0,-7.0,-1.0,
1648135071857127666,0.703918457031,-0.241516113281,-0.411193847656,0.5263671875,-2568.0,7678.0,-388.0,-1.0,-7.0,-2.0,
1648135071861696720,0.703674316406,-0.241638183594,-0.411499023438,0.5263671875,-2546.0,7677.0,-355.0,0.0,-7.0,-2.0,
1648135071868320703,0.703430175781,-0.241760253906,-0.411865234375,0.5263671875,-2513.0,7695.0,-272.0,-1.0,-7.0,-2.0,
1648135071873780965,0.703125,-0.241943359375,-0.412292480469,0.5263671875,-2471.0,7711.0,-176.0,-1.0,-7.0,-2.0,
1648135071877856254,0.702758789062,-0.242065429688,-0.412780761719,0.526428222656,-2439.0,7711.0,-86.0,-1.0,-8.0,-3.0,
1648135071888893365,0.702392578125,-0.242248535156,-0.413269042969,0.526489257812,-2417.0,7694.0,-17.0,0.0,-9.0,-3.0,
1648135071889454841,0.702026367188,-0.242431640625,-0.413818359375,0.526428222656,-2393.0,7675.0,43.0,0.0,-9.0,-3.0,
1648135071891870021,0.701721191406,-0.242614746094,-0.414306640625,0.526306152344,-2366.0,7662.0,74.0,2.0,-9.0,-3.0,
1648135071897415637,0.701477050781,-0.242919921875,-0.414794921875,0.526123046875,-2331.0,7656.0,78.0,4.0,-9.0,-3.0,
1648135071904119014,0.701354980469,-0.243286132812,-0.415161132812,0.52587890625,-2303.0,7654.0,55.0,6.0,-9.0,-3.0,
1648135071908288240,0.701293945312,-0.24365234375,-0.415588378906,0.525451660156,-2261.0,7658.0,7.0,7.0,-10.0,-3.0,
1648135071912969112,0.701293945312,-0.244140625,-0.415893554688,0.525024414062,-2192.0,7648.0,-52.0,9.0,-10.0,-4.0,
1648135071917665243,0.701354980469,-0.244689941406,-0.416198730469,0.5244140625,-2114.0,7636.0,-126.0,11.0,-10.0,-4.0,
1648135071922735929,0.701538085938,-0.245300292969,-0.416381835938,0.523681640625,-2038.0,7648.0,-206.0,14.0,-9.0,-4.0,
1648135071929517269,0.701904296875,-0.245971679688,-0.416442871094,0.522888183594,-1967.0,7696.0,-305.0,17.0,-8.0,-4.0,
1648135071931900978,0.702331542969,-0.246643066406,-0.416442871094,0.52197265625,-1905.0,7760.0,-395.0,19.0,-8.0,-4.0,
1648135071936082839,0.702819824219,-0.247375488281,-0.416320800781,0.52099609375,-1865.0,7848.0,-459.0,20.0,-7.0,-5.0,
1648135071943171024,0.703308105469,-0.248107910156,-0.416259765625,0.520080566406,-1824.0,7929.0,-508.0,20.0,-6.0,-5.0,
1648135071948510408,0.703796386719,-0.248779296875,-0.416198730469,0.519104003906,-1790.0,8001.0,-539.0,20.0,-6.0,-5.0,
1648135071953106403,0.704284667969,-0.249389648438,-0.416137695312,0.518188476562,-1760.0,8045.0,-549.0,20.0,-6.0,-6.0,
1648135071957745552,0.704772949219,-0.250061035156,-0.416137695312,0.517272949219,-1726.0,8078.0,-530.0,20.0,-6.0,-6.0,
1648135071962635040,0.705200195312,-0.250732421875,-0.416076660156,0.516357421875,-1695.0,8108.0,-492.0,21.0,-6.0,-6.0,
1648135071967267751,0.705627441406,-0.251342773438,-0.416137695312,0.515441894531,-1650.0,8127.0,-439.0,21.0,-7.0,-6.0,
1648135071972492218,0.706115722656,-0.252014160156,-0.416137695312,0.514465332031,-1603.0,8106.0,-384.0,22.0,-7.0,-7.0,
1648135071977133512,0.70654296875,-0.252746582031,-0.416198730469,0.513488769531,-1584.0,8055.0,-336.0,23.0,-7.0,-7.0,
1648135071981258869,0.707092285156,-0.25341796875,-0.416259765625,0.512329101562,-1576.0,8020.0,-292.0,25.0,-7.0,-7.0,
1648135071991118907,0.707702636719,-0.254211425781,-0.416259765625,0.511108398438,-1577.0,8034.0,-249.0,27.0,-8.0,-7.0,
1648135071993108034,0.708312988281,-0.255004882812,-0.416320800781,0.509826660156,-1552.0,8088.0,-244.0,29.0,-8.0,-7.0,
1648135072000445365,0.708923339844,-0.255981445312,-0.416259765625,0.508544921875,-1539.0,8171.0,-261.0,30.0,-9.0,-6.0,
1648135072005370140,0.709533691406,-0.257019042969,-0.416137695312,0.507263183594,-1526.0,8243.0,-297.0,30.0,-9.0,-5.0,
1648135072010238170,0.710083007812,-0.258056640625,-0.416076660156,0.505981445312,-1526.0,8271.0,-338.0,29.0,-10.0,-5.0,
1648135072015807390,0.710571289062,-0.259094238281,-0.416076660156,0.504760742188,-1532.0,8281.0,-334.0,27.0,-10.0,-4.0,
1648135072019589662,0.710998535156,-0.260070800781,-0.416137695312,0.503601074219,-1519.0,8268.0,-310.0,26.0,-11.0,-4.0,
1648135072024360418,0.71142578125,-0.261047363281,-0.416198730469,0.502502441406,-1481.0,8218.0,-324.0,27.0,-11.0,-5.0,
1648135072029348850,0.711853027344,-0.262084960938,-0.416259765625,0.501281738281,-1461.0,8117.0,-398.0,27.0,-11.0,-5.0,
1648135072034171819,0.712463378906,-0.263061523438,-0.416259765625,0.499938964844,-1471.0,7921.0,-481.0,28.0,-11.0,-5.0,
1648135072038322448,0.713195800781,-0.264099121094,-0.416259765625,0.498291015625,-1536.0,7633.0,-458.0,33.0,-11.0,-6.0,
1648135072043674468,0.714111328125,-0.26513671875,-0.416442871094,0.496276855469,-1493.0,7460.0,-540.0,39.0,-12.0,-8.0,
1648135072047779083,0.715209960938,-0.266235351562,-0.416259765625,0.494262695312,-1499.0,7492.0,-714.0,41.0,-9.0,-9.0,
1648135072053275346,0.716430664062,-0.267272949219,-0.415893554688,0.492248535156,-1533.0,7739.0,-819.0,40.0,-6.0,-8.0,
1648135072057898998,0.717407226562,-0.268371582031,-0.415588378906,0.490539550781,-1546.0,8049.0,-841.0,37.0,-7.0,-7.0,
1648135072061475276,0.718078613281,-0.269409179688,-0.415344238281,0.489074707031,-1561.0,8238.0,-834.0,33.0,-8.0,-6.0,
1648135072067509651,0.718627929688,-0.270324707031,-0.415344238281,0.487854003906,-1588.0,8308.0,-861.0,28.0,-9.0,-6.0,
1648135072075052499,0.718994140625,-0.27099609375,-0.415466308594,0.486755371094,-1623.0,8394.0,-885.0,22.0,-10.0,-7.0,
1648135072080714702,0.71923828125,-0.271545410156,-0.415649414062,0.486022949219,-1671.0,8531.0,-903.0,16.0,-9.0,-7.0,
1648135072089845657,0.71875,-0.272094726562,-0.416564941406,0.485534667969,-1798.0,8829.0,-833.0,-1.0,-11.0,-6.0,
1648135072094496488,0.718017578125,-0.272094726562,-0.417419433594,0.485900878906,-1855.0,8853.0,-783.0,-10.0,-12.0,-6.0,
1648135072099630355,0.717041015625,-0.271850585938,-0.418395996094,0.486633300781,-1921.0,8808.0,-728.0,-18.0,-14.0,-6.0,
1648135072106614828,0.715881347656,-0.271423339844,-0.419677734375,0.487548828125,-1998.0,8738.0,-681.0,-25.0,-15.0,-7.0,
1648135072110490322,0.714538574219,-0.270812988281,-0.421081542969,0.488647460938,-2065.0,8656.0,-668.0,-31.0,-16.0,-8.0,
1648135072115109920,0.713073730469,-0.270080566406,-0.422607421875,0.489868164062,-2099.0,8576.0,-688.0,-35.0,-16.0,-8.0,
1648135072120741844,0.711547851562,-0.269287109375,-0.424194335938,0.491149902344,-2104.0,8484.0,-730.0,-38.0,-17.0,-9.0,
1648135072124784946,0.710021972656,-0.268432617188,-0.425720214844,0.492492675781,-2095.0,8368.0,-785.0,-40.0,-17.0,-10.0,
1648135072129153251,0.70849609375,-0.267517089844,-0.42724609375,0.493835449219,-2080.0,8250.0,-866.0,-41.0,-16.0,-10.0,
1648135072136578559,0.707092285156,-0.266662597656,-0.428649902344,0.4951171875,-2068.0,8157.0,-953.0,-39.0,-15.0,-10.0,
1648135072138415575,0.705810546875,-0.265808105469,-0.429931640625,0.496276855469,-2066.0,8084.0,-1044.0,-37.0,-13.0,-10.0,
1648135072143119573,0.704711914062,-0.264953613281,-0.431091308594,0.497314453125,-2091.0,8041.0,-1137.0,-34.0,-11.0,-10.0,
1648135072147809505,0.703735351562,-0.264099121094,-0.43212890625,0.498229980469,-2117.0,8060.0,-1215.0,-31.0,-10.0,-10.0,
1648135072152368307,0.702819824219,-0.263305664062,-0.43310546875,0.499145507812,-2149.0,8148.0,-1222.0,-30.0,-8.0,-11.0,
1648135072157357215,0.701904296875,-0.262451171875,-0.434020996094,0.500061035156,-2141.0,8234.0,-1178.0,-29.0,-7.0,-11.0,
1648135072161964893,0.700988769531,-0.261596679688,-0.434875488281,0.501037597656,-2149.0,8244.0,-1136.0,-28.0,-6.0,-11.0,
1648135072166653871,0.700256347656,-0.2607421875,-0.435607910156,0.501892089844,-2224.0,8147.0,-1113.0,-26.0,-4.0,-10.0,
1648135072172485351,0.69970703125,-0.259887695312,-0.436279296875,0.502502441406,-2350.0,8026.0,-1150.0,-21.0,-2.0,-9.0,
1648135072178497076,0.699340820312,-0.259094238281,-0.436828613281,0.5029296875,-2520.0,8043.0,-1201.0,-17.0,-1.0,-8.0,
1648135072183387041,0.699096679688,-0.258361816406,-0.437255859375,0.503295898438,-2673.0,8221.0,-1227.0,-16.0,-1.0,-8.0,
1648135072187338352,0.698669433594,-0.257629394531,-0.437744140625,0.503845214844,-2750.0,8448.0,-1275.0,-19.0,-1.0,-7.0,
1648135072192200899,0.698059082031,-0.256774902344,-0.438232421875,0.504699707031,-2769.0,8620.0,-1371.0,-25.0,-1.0,-7.0,
1648135072197125434,0.697265625,-0.255798339844,-0.438781738281,0.505859375,-2760.0,8720.0,-1471.0,-32.0,-1.0,-7.0,
1648135072201856374,0.696228027344,-0.254699707031,-0.439392089844,0.507263183594,-2752.0,8757.0,-1519.0,-39.0,-1.0,-7.0,
1648135072208191156,0.695129394531,-0.253479003906,-0.440063476562,0.508850097656,-2769.0,8740.0,-1461.0,-43.0,-1.0,-6.0,
1648135072213210582,0.693786621094,-0.252197265625,-0.440795898438,0.510559082031,-2830.0,8700.0,-1357.0,-45.0,-1.0,-5.0,
1648135072217909574,0.6923828125,-0.250915527344,-0.441650390625,0.512390136719,-2933.0,8660.0,-1216.0,-46.0,-2.0,-3.0,
1648135072222457885,0.69091796875,-0.249633789062,-0.442565917969,0.514221191406,-3054.0,8617.0,-1033.0,-46.0,-3.0,-3.0,
1648135072227440834,0.689331054688,-0.248413085938,-0.443603515625,0.516052246094,-3170.0,8521.0,-803.0,-45.0,-5.0,-2.0,
1648135072231537580,0.687622070312,-0.247253417969,-0.44482421875,0.517822265625,-3240.0,8297.0,-596.0,-44.0,-7.0,-1.0,
1648135072240213871,0.685974121094,-0.246154785156,-0.446044921875,0.519470214844,-3256.0,8014.0,-381.0,-43.0,-10.0,-1.0,
1648135072243568420,0.684265136719,-0.245178222656,-0.447387695312,0.52099609375,-3254.0,7823.0,-209.0,-40.0,-11.0,-1.0,
1648135072248297452,0.682739257812,-0.244384765625,-0.448608398438,0.522399902344,-3248.0,7787.0,-120.0,-37.0,-11.0,-1.0,
1648135072253139734,0.681213378906,-0.243713378906,-0.44970703125,0.523742675781,-3272.0,7867.0,-110.0,-34.0,-11.0,0.0,
1648135072257566213,0.679809570312,-0.243103027344,-0.45068359375,0.525024414062,-3313.0,7987.0,-137.0,-34.0,-12.0,0.0,
1648135072262325525,0.678344726562,-0.242614746094,-0.45166015625,0.526245117188,-3337.0,8093.0,-169.0,-34.0,-13.0,1.0,
1648135072267168045,0.676879882812,-0.242126464844,-0.45263671875,0.527526855469,-3328.0,8176.0,-212.0,-34.0,-13.0,2.0,
1648135072271819114,0.675415039062,-0.241760253906,-0.453491210938,0.52880859375,-3307.0,8244.0,-311.0,-34.0,-12.0,3.0,
1648135072276837587,0.674072265625,-0.241394042969,-0.454223632812,0.530090332031,-3269.0,8348.0,-459.0,-34.0,-11.0,4.0,
1648135072283219337,0.672790527344,-0.241027832031,-0.454711914062,0.531433105469,-3224.0,8472.0,-665.0,-35.0,-9.0,5.0,
1648135072288224935,0.671630859375,-0.240661621094,-0.455017089844,0.532897949219,-3185.0,8586.0,-882.0,-36.0,-6.0,6.0,
1648135072292866230,0.670349121094,-0.240173339844,-0.455261230469,0.534423828125,-3148.0,8633.0,-1046.0,-40.0,-5.0,7.0,
1648135072297450542,0.669067382812,-0.239501953125,-0.455505371094,0.5361328125,-3118.0,8603.0,-1166.0,-43.0,-3.0,6.0,
1648135072302285909,0.667785644531,-0.238708496094,-0.455749511719,0.537963867188,-3098.0,8502.0,-1260.0,-46.0,-1.0,6.0,
1648135072307288885,0.666442871094,-0.237670898438,-0.455932617188,0.539855957031,-3087.0,8376.0,-1312.0,-47.0,2.0,6.0,
1648135072313980102,0.665161132812,-0.236511230469,-0.4560546875,0.541809082031,-3084.0,8263.0,-1307.0,-48.0,4.0,6.0,
1648135072318781375,0.663879394531,-0.235229492188,-0.456176757812,0.543823242188,-3083.0,8143.0,-1248.0,-48.0,6.0,5.0,
1648135072323374509,0.66259765625,-0.23388671875,-0.456298828125,0.5458984375,-3092.0,8023.0,-1128.0,-48.0,7.0,5.0,
1648135072327867984,0.661315917969,-0.232482910156,-0.456420898438,0.547973632812,-3118.0,7906.0,-983.0,-48.0,8.0,5.0,
1648135072332339286,0.660034179688,-0.231018066406,-0.45654296875,0.550048828125,-3168.0,7807.0,-840.0,-47.0,9.0,5.0,
1648135072336835622,0.658752441406,-0.2294921875,-0.456665039062,0.552062988281,-3212.0,7726.0,-718.0,-47.0,9.0,5.0,
1648135072341516494,0.657470703125,-0.22802734375,-0.456787109375,0.554077148438,-3222.0,7646.0,-627.0,-46.0,9.0,5.0,
1648135072346341133,0.65625,-0.2265625,-0.456909179688,0.556091308594,-3235.0,7589.0,-546.0,-46.0,10.0,5.0,
1648135072353363037,0.655029296875,-0.225158691406,-0.456909179688,0.558044433594,-3259.0,7564.0,-474.0,-45.0,10.0,5.0,
1648135072357976675,0.653869628906,-0.223754882812,-0.456909179688,0.559936523438,-3301.0,7540.0,-422.0,-43.0,10.0,5.0,
1648135072362784624,0.65283203125,-0.222351074219,-0.456909179688,0.561767578125,-3345.0,7507.0,-395.0,-42.0,10.0,5.0,
1648135072367405652,0.651794433594,-0.220947265625,-0.456848144531,0.563537597656,-3383.0,7465.0,-368.0,-41.0,11.0,5.0,
1648135072372190713,0.65087890625,-0.219604492188,-0.456726074219,0.565246582031,-3409.0,7427.0,-323.0,-39.0,11.0,5.0,
1648135072377302885,0.649963378906,-0.21826171875,-0.456604003906,0.56689453125,-3438.0,7410.0,-261.0,-38.0,12.0,5.0,
1648135072381745100,0.649108886719,-0.216979980469,-0.456481933594,0.568481445312,-3464.0,7404.0,-181.0,-36.0,12.0,5.0,
1648135072386067867,0.648315429688,-0.215759277344,-0.456298828125,0.570007324219,-3488.0,7386.0,-106.0,-34.0,12.0,6.0,
1648135072405037403,0.647521972656,-0.214538574219,-0.456115722656,0.571472167969,-3508.0,7333.0,-25.0,-32.0,11.0,6.0,
1648135072405702352,0.646850585938,-0.21337890625,-0.455932617188,0.572814941406,-3517.0,7252.0,54.0,-30.0,11.0,5.0,
1648135072406114339,0.646179199219,-0.212280273438,-0.455810546875,0.574096679688,-3524.0,7144.0,140.0,-28.0,11.0,5.0,
1648135072409425973,0.645629882812,-0.211181640625,-0.455688476562,0.575256347656,-3524.0,7036.0,226.0,-25.0,11.0,4.0,
1648135072414626836,0.645141601562,-0.210205078125,-0.455505371094,0.576232910156,-3530.0,6936.0,296.0,-21.0,10.0,4.0,
1648135072420518159,0.644836425781,-0.209350585938,-0.455322265625,0.577026367188,-3530.0,6873.0,359.0,-18.0,10.0,3.0,
1648135072425339698,0.644592285156,-0.208557128906,-0.455139160156,0.577758789062,-3534.0,6845.0,421.0,-15.0,10.0,3.0,
1648135072429691791,0.644470214844,-0.207885742188,-0.454895019531,0.578369140625,-3541.0,6864.0,479.0,-12.0,9.0,3.0,
1648135072434641122,0.644348144531,-0.207214355469,-0.454650878906,0.578857421875,-3554.0,6912.0,515.0,-10.0,9.0,3.0,
1648135072439225435,0.644287109375,-0.206665039062,-0.454406738281,0.579345703125,-3570.0,6989.0,543.0,-9.0,9.0,3.0,
1648135072444194316,0.644287109375,-0.206176757812,-0.4541015625,0.579772949219,-3585.0,7072.0,567.0,-8.0,8.0,4.0,
1648135072448726177,0.644226074219,-0.205688476562,-0.453796386719,0.580261230469,-3604.0,7146.0,578.0,-9.0,8.0,4.0,
1648135072453326225,0.644165039062,-0.205139160156,-0.453552246094,0.580749511719,-3616.0,7204.0,578.0,-9.0,8.0,4.0,
1648135072458038330,0.64404296875,-0.204650878906,-0.453308105469,0.581237792969,-3633.0,7240.0,567.0,-10.0,7.0,4.0,
1648135072462874174,0.643859863281,-0.2041015625,-0.453063964844,0.581787109375,-3644.0,7258.0,556.0,-12.0,7.0,4.0,
1648135072467628955,0.643615722656,-0.203491210938,-0.452941894531,0.582397460938,-3632.0,7257.0,569.0,-14.0,6.0,4.0,
1648135072472577333,0.643249511719,-0.202819824219,-0.452819824219,0.583068847656,-3613.0,7227.0,601.0,-16.0,6.0,3.0,
1648135072477104425,0.642883300781,-0.2021484375,-0.452758789062,0.583801269531,-3596.0,7179.0,636.0,-17.0,6.0,3.0,
1648135072481545209,0.642456054688,-0.201416015625,-0.452758789062,0.584533691406,-3579.0,7125.0,669.0,-17.0,5.0,2.0,
1648135072486471652,0.642028808594,-0.200744628906,-0.452819824219,0.585205078125,-3566.0,7086.0,697.0,-16.0,5.0,2.0,
1648135072493191003,0.641662597656,-0.200012207031,-0.452819824219,0.585815429688,-3543.0,7056.0,725.0,-15.0,5.0,1.0,
1648135072497839450,0.641357421875,-0.199401855469,-0.452819824219,0.586364746094,-3514.0,7028.0,748.0,-14.0,5.0,1.0,
1648135072502636194,0.641052246094,-0.198791503906,-0.452880859375,0.586853027344,-3483.0,7012.0,779.0,-12.0,5.0,0.0,
1648135072507410526,0.640869140625,-0.1982421875,-0.452880859375,0.587280273438,-3448.0,6994.0,808.0,-10.0,5.0,0.0,
1648135072512649536,0.640747070312,-0.19775390625,-0.452819824219,0.587585449219,-3421.0,6982.0,833.0,-8.0,5.0,0.0,
1648135072519510746,0.640686035156,-0.197265625,-0.452819824219,0.587829589844,-3399.0,6973.0,856.0,-6.0,4.0,-1.0,
1648135072525318622,0.640686035156,-0.196838378906,-0.452758789062,0.588012695312,-3375.0,6968.0,874.0,-4.0,5.0,-1.0,
1648135072528913259,0.640747070312,-0.196472167969,-0.452697753906,0.588073730469,-3357.0,6980.0,885.0,-2.0,5.0,-1.0,
1648135072533605813,0.640869140625,-0.196166992188,-0.45263671875,0.588134765625,-3339.0,7018.0,900.0,-1.0,5.0,-1.0,
1648135072537986278,0.641052246094,-0.195861816406,-0.452514648438,0.588134765625,-3314.0,7059.0,914.0,0.0,5.0,-1.0,
1648135072542397022,0.641174316406,-0.195556640625,-0.452453613281,0.588134765625,-3288.0,7101.0,932.0,0.0,5.0,-1.0,
1648135072547165155,0.641296386719,-0.195251464844,-0.452331542969,0.588195800781,-3262.0,7128.0,940.0,-1.0,4.0,-1.0,
1648135072551871538,0.641418457031,-0.195007324219,-0.452270507812,0.588195800781,-3231.0,7141.0,949.0,-1.0,4.0,-2.0,
1648135072556387186,0.641540527344,-0.194702148438,-0.452209472656,0.588195800781,-3197.0,7148.0,954.0,-1.0,4.0,-2.0,
1648135072563280582,0.641662597656,-0.194396972656,-0.4521484375,0.588195800781,-3153.0,7162.0,931.0,0.0,4.0,-2.0,
1648135072568035840,0.641845703125,-0.194213867188,-0.452087402344,0.588134765625,-3107.0,7193.0,908.0,0.0,4.0,-2.0,
1648135072573019027,0.642028808594,-0.193969726562,-0.451965332031,0.588073730469,-3066.0,7237.0,878.0,1.0,4.0,-3.0,
1648135072577448129,0.642272949219,-0.193786621094,-0.451843261719,0.587951660156,-3031.0,7285.0,839.0,1.0,4.0,-3.0,
1648135072582265377,0.642517089844,-0.193603515625,-0.451721191406,0.587829589844,-2995.0,7335.0,807.0,1.0,4.0,-3.0,
1648135072586590290,0.642761230469,-0.193420410156,-0.451599121094,0.587707519531,-2970.0,7384.0,785.0,1.0,4.0,-3.0,
1648135072591342449,0.643005371094,-0.193237304688,-0.451538085938,0.587585449219,-2951.0,7418.0,769.0,1.0,3.0,-3.0,
1648135072596836090,0.643188476562,-0.193054199219,-0.451477050781,0.587463378906,-2931.0,7442.0,770.0,1.0,3.0,-3.0,
1648135072603157997,0.643432617188,-0.19287109375,-0.451416015625,0.58740234375,-2920.0,7462.0,772.0,1.0,3.0,-4.0,
1648135072607836723,0.643615722656,-0.192687988281,-0.451354980469,0.587219238281,-2909.0,7465.0,770.0,2.0,3.0,-4.0,
1648135072616023063,0.643859863281,-0.192565917969,-0.451293945312,0.587036132812,-2904.0,7461.0,763.0,3.0,3.0,-4.0,
1648135072619353055,0.644165039062,-0.1923828125,-0.451293945312,0.586791992188,-2897.0,7469.0,755.0,4.0,3.0,-4.0,
1648135072624619483,0.64453125,-0.192260742188,-0.451232910156,0.586547851562,-2891.0,7488.0,746.0,5.0,3.0,-4.0,
1648135072628652334,0.644897460938,-0.192199707031,-0.451110839844,0.586181640625,-2885.0,7521.0,734.0,6.0,3.0,-4.0,
1648135072633333206,0.645324707031,-0.192077636719,-0.450988769531,0.585876464844,-2878.0,7565.0,731.0,6.0,4.0,-4.0,
1648135072637836456,0.645751953125,-0.192016601562,-0.450805664062,0.585571289062,-2871.0,7614.0,715.0,7.0,4.0,-4.0,
1648135072642327547,0.646179199219,-0.191955566406,-0.45068359375,0.585205078125,-2865.0,7660.0,716.0,6.0,4.0,-4.0,
1648135072647014379,0.646545410156,-0.19189453125,-0.450500488281,0.5849609375,-2858.0,7695.0,721.0,6.0,4.0,-4.0,
1648135072651737689,0.646911621094,-0.191772460938,-0.450378417969,0.584655761719,-2854.0,7723.0,724.0,5.0,4.0,-4.0,
1648135072656268835,0.647216796875,-0.191650390625,-0.450256347656,0.584411621094,-2858.0,7732.0,728.0,5.0,4.0,-4.0,
1648135072663468360,0.647583007812,-0.191528320312,-0.450134277344,0.584228515625,-2854.0,7732.0,725.0,4.0,4.0,-4.0,
1648135072668405294,0.647888183594,-0.191345214844,-0.450012207031,0.583984375,-2855.0,7738.0,706.0,4.0,4.0,-4.0,
1648135072673083305,0.648254394531,-0.191223144531,-0.449890136719,0.583740234375,-2854.0,7757.0,666.0,4.0,4.0,-4.0,
1648135072677670001,0.648620605469,-0.191040039062,-0.44970703125,0.58349609375,-2856.0,7792.0,611.0,4.0,5.0,-4.0,
1648135072682717323,0.649047851562,-0.19091796875,-0.449462890625,0.583251953125,-2849.0,7823.0,551.0,5.0,5.0,-4.0,
1648135072687031269,0.649536132812,-0.190795898438,-0.44921875,0.5830078125,-2848.0,7858.0,482.0,4.0,5.0,-4.0,
1648135072691790819,0.649963378906,-0.190673828125,-0.448913574219,0.582763671875,-2838.0,7887.0,404.0,4.0,6.0,-3.0,
1648135072696571588,0.650390625,-0.190490722656,-0.448608398438,0.582580566406,-2821.0,7910.0,324.0,3.0,6.0,-3.0,
1648135072701233148,0.65087890625,-0.190246582031,-0.4482421875,0.582397460938,-2793.0,7916.0,241.0,3.0,7.0,-3.0,
1648135072708085060,0.6513671875,-0.190063476562,-0.447814941406,0.582275390625,-2768.0,7914.0,172.0,2.0,8.0,-3.0,
1648135072712924242,0.65185546875,-0.189758300781,-0.447448730469,0.582092285156,-2739.0,7888.0,112.0,2.0,9.0,-4.0,
1648135072719287395,0.65234375,-0.189453125,-0.447021484375,0.581970214844,-2706.0,7843.0,63.0,2.0,9.0,-4.0,
1648135072724860668,0.652893066406,-0.189086914062,-0.446533203125,0.581848144531,-2676.0,7818.0,63.0,2.0,10.0,-4.0,
1648135072730137825,0.653442382812,-0.188720703125,-0.446105957031,0.581726074219,-2651.0,7824.0,90.0,2.0,11.0,-4.0,
1648135072734873771,0.653930664062,-0.188293457031,-0.445556640625,0.581604003906,-2625.0,7855.0,124.0,3.0,12.0,-4.0,
1648135072739192485,0.654479980469,-0.187927246094,-0.445068359375,0.581604003906,-2611.0,7899.0,163.0,2.0,12.0,-4.0,
1648135072744002819,0.654907226562,-0.187561035156,-0.444519042969,0.581604003906,-2594.0,7948.0,194.0,1.0,12.0,-3.0,
1648135072748485803,0.655334472656,-0.187133789062,-0.443908691406,0.581726074219,-2575.0,7985.0,208.0,0.0,12.0,-2.0,
1648135072753372669,0.655700683594,-0.186767578125,-0.443298339844,0.581848144531,-2556.0,8006.0,190.0,-1.0,13.0,-2.0,
1648135072757956027,0.656127929688,-0.186401367188,-0.442687988281,0.58203125,-2541.0,8016.0,153.0,-1.0,13.0,-1.0,
1648135072762602090,0.656494140625,-0.185974121094,-0.442016601562,0.582214355469,-2525.0,8028.0,98.0,-2.0,13.0,-1.0,
1648135072767162799,0.656921386719,-0.185546875,-0.441345214844,0.582397460938,-2499.0,8048.0,25.0,-2.0,13.0,-1.0,
1648135072772661924,0.657348632812,-0.185180664062,-0.440612792969,0.582641601562,-2464.0,8073.0,-49.0,-3.0,14.0,0.0,
1648135072776820421,0.65771484375,-0.184692382812,-0.439819335938,0.582946777344,-2432.0,8103.0,-120.0,-4.0,15.0,-1.0,
1648135072781686067,0.658081054688,-0.184204101562,-0.439025878906,0.583251953125,-2395.0,8122.0,-175.0,-6.0,15.0,-1.0,
1648135072788357973,0.658386230469,-0.18359375,-0.438293457031,0.583618164062,-2354.0,8112.0,-224.0,-7.0,15.0,-2.0,
1648135072793344259,0.658752441406,-0.182922363281,-0.437561035156,0.584045410156,-2311.0,8079.0,-254.0,-8.0,16.0,-2.0,
1648135072797998428,0.659057617188,-0.182250976562,-0.436828613281,0.584411621094,-2270.0,8034.0,-270.0,-8.0,17.0,-3.0,
1648135072802562475,0.659423828125,-0.181518554688,-0.436096191406,0.584777832031,-2221.0,8007.0,-269.0,-7.0,17.0,-3.0,
1648135072807362318,0.659851074219,-0.180786132812,-0.435302734375,0.585144042969,-2175.0,7997.0,-270.0,-6.0,18.0,-4.0,
1648135072811865091,0.660339355469,-0.180053710938,-0.434448242188,0.58544921875,-2133.0,8018.0,-253.0,-4.0,19.0,-3.0,
1648135072817054986,0.660888671875,-0.179382324219,-0.433532714844,0.585754394531,-2085.0,8061.0,-240.0,-4.0,20.0,-3.0,
1648135072823627233,0.661437988281,-0.1787109375,-0.432556152344,0.586059570312,-2056.0,8093.0,-212.0,-3.0,21.0,-3.0,
1648135072828425884,0.661926269531,-0.178039550781,-0.431579589844,0.58642578125,-2027.0,8119.0,-189.0,-4.0,21.0,-2.0,
1648135072833078384,0.662414550781,-0.177368164062,-0.430541992188,0.586791992188,-1999.0,8134.0,-178.0,-4.0,21.0,-2.0,
1648135072837396383,0.662963867188,-0.176635742188,-0.429443359375,0.587219238281,-1984.0,8131.0,-170.0,-4.0,22.0,-1.0,
1648135072842163562,0.663452148438,-0.175964355469,-0.428344726562,0.587646484375,-1971.0,8137.0,-155.0,-4.0,22.0,-1.0,
1648135072847380876,0.663940429688,-0.175231933594,-0.42724609375,0.588134765625,-1976.0,8143.0,-144.0,-5.0,23.0,0.0,
1648135072852225303,0.664428710938,-0.174438476562,-0.426147460938,0.588623046875,-1971.0,8141.0,-148.0,-6.0,23.0,0.0,
1648135072856507301,0.664855957031,-0.173645019531,-0.424987792969,0.589172363281,-1967.0,8151.0,-143.0,-7.0,24.0,0.0,
1648135072863582134,0.665283203125,-0.172790527344,-0.423889160156,0.589782714844,-1974.0,8174.0,-134.0,-8.0,24.0,0.0,
1648135072868516445,0.665588378906,-0.171875,-0.422729492188,0.590515136719,-1988.0,8209.0,-93.0,-10.0,25.0,0.0,
1648135072873166799,0.665832519531,-0.1708984375,-0.421630859375,0.59130859375,-2031.0,8261.0,-46.0,-12.0,25.0,0.0,
1648135072877766370,0.665954589844,-0.169860839844,-0.420593261719,0.592224121094,-2079.0,8341.0,3.0,-14.0,24.0,0.0,
1648135072882056474,0.666015625,-0.168762207031,-0.419555664062,0.593200683594,-2108.0,8410.0,72.0,-17.0,24.0,1.0,
1648135072886760473,0.665954589844,-0.167663574219,-0.418518066406,0.594360351562,-2133.0,8411.0,127.0,-18.0,24.0,1.0,
1648135072891397476,0.665832519531,-0.166442871094,-0.41748046875,0.595520019531,-2160.0,8372.0,167.0,-21.0,24.0,1.0,
1648135072898582220,0.665649414062,-0.165222167969,-0.41650390625,0.596740722656,-2188.0,8319.0,212.0,-22.0,24.0,1.0,
1648135072903117418,0.665466308594,-0.164001464844,-0.41552734375,0.597961425781,-2199.0,8289.0,253.0,-22.0,24.0,2.0,
1648135072907935142,0.665283203125,-0.162780761719,-0.41455078125,0.599182128906,-2199.0,8283.0,279.0,-21.0,25.0,2.0,
1648135072912554502,0.665100097656,-0.16162109375,-0.413452148438,0.600463867188,-2200.0,8275.0,296.0,-21.0,25.0,3.0,
1648135072917476415,0.664916992188,-0.160400390625,-0.412353515625,0.601745605469,-2206.0,8269.0,300.0,-22.0,25.0,3.0,
1648135072922523498,0.664733886719,-0.1591796875,-0.411254882812,0.60302734375,-2213.0,8258.0,300.0,-23.0,26.0,4.0,
1648135072929397106,0.664489746094,-0.157958984375,-0.410095214844,0.604370117188,-2203.0,8218.0,308.0,-24.0,26.0,4.0,
1648135072934144258,0.664245605469,-0.156677246094,-0.408935546875,0.605773925781,-2200.0,8162.0,330.0,-24.0,27.0,4.0,
1648135072938741922,0.664001464844,-0.155334472656,-0.407775878906,0.607177734375,-2211.0,8102.0,350.0,-25.0,27.0,4.0,
1648135072943437337,0.663757324219,-0.153991699219,-0.406616210938,0.608520507812,-2220.0,8060.0,378.0,-24.0,28.0,4.0,
1648135072948614358,0.66357421875,-0.152587890625,-0.405456542969,0.609924316406,-2216.0,8034.0,409.0,-24.0,28.0,4.0,
1648135072952751874,0.663330078125,-0.151184082031,-0.404235839844,0.611328125,-2212.0,8017.0,434.0,-25.0,29.0,3.0,
1648135072957590103,0.6630859375,-0.149658203125,-0.402954101562,0.61279296875,-2221.0,8020.0,472.0,-25.0,30.0,3.0,
1648135072962160825,0.662841796875,-0.148132324219,-0.401733398438,0.6142578125,-2237.0,8020.0,510.0,-26.0,31.0,3.0,
1648135072967018127,0.662475585938,-0.146484375,-0.400451660156,0.615783691406,-2265.0,8030.0,581.0,-28.0,31.0,3.0,
1648135072974169492,0.662109375,-0.144836425781,-0.399230957031,0.617431640625,-2301.0,8031.0,655.0,-29.0,31.0,3.0,
1648135072978278160,0.66162109375,-0.143127441406,-0.398010253906,0.619140625,-2325.0,8030.0,746.0,-31.0,32.0,3.0,
1648135072982860803,0.661071777344,-0.141357421875,-0.396850585938,0.620910644531,-2355.0,8014.0,835.0,-32.0,32.0,3.0,
1648135072987930059,0.660461425781,-0.139526367188,-0.395690917969,0.622680664062,-2395.0,7987.0,925.0,-33.0,32.0,3.0,
1648135072992502927,0.659790039062,-0.1376953125,-0.39453125,0.62451171875,-2427.0,7947.0,1002.0,-34.0,31.0,3.0,
1648135072996963024,0.659118652344,-0.135803222656,-0.393432617188,0.626342773438,-2455.0,7903.0,1052.0,-34.0,31.0,3.0,
1648135073001430988,0.658447265625,-0.133972167969,-0.392333984375,0.628112792969,-2495.0,7867.0,1088.0,-34.0,31.0,3.0,
1648135073008710145,0.657775878906,-0.132080078125,-0.391296386719,0.629821777344,-2538.0,7827.0,1122.0,-34.0,31.0,2.0,
1648135073014078140,0.657165527344,-0.130187988281,-0.390258789062,0.631530761719,-2579.0,7784.0,1168.0,-33.0,30.0,2.0,
1648135073018036842,0.656494140625,-0.128295898438,-0.389282226562,0.633239746094,-2625.0,7745.0,1210.0,-33.0,30.0,2.0,
1648135073024095773,0.655822753906,-0.126403808594,-0.388305664062,0.634887695312,-2669.0,7717.0,1262.0,-34.0,30.0,1.0,
1648135073029840469,0.655090332031,-0.124450683594,-0.387329101562,0.636596679688,-2724.0,7713.0,1343.0,-34.0,30.0,1.0,
1648135073043147802,0.654296875,-0.122497558594,-0.386413574219,0.638366699219,-2768.0,7729.0,1410.0,-35.0,29.0,1.0,
1648135073043737888,0.653442382812,-0.120544433594,-0.385498046875,0.64013671875,-2813.0,7731.0,1476.0,-36.0,29.0,1.0,
1648135073044478416,0.652526855469,-0.118591308594,-0.384643554688,0.641967773438,-2846.0,7720.0,1539.0,-37.0,29.0,2.0,
1648135073057720661,0.651550292969,-0.116577148438,-0.3837890625,0.643859863281,-2872.0,7700.0,1598.0,-39.0,28.0,2.0,
1648135073058391809,0.650451660156,-0.114562988281,-0.382934570312,0.645812988281,-2911.0,7678.0,1656.0,-40.0,28.0,2.0,
1648135073059343099,0.649353027344,-0.112487792969,-0.382141113281,0.647827148438,-2956.0,7653.0,1710.0,-42.0,27.0,2.0,
1648135073064011573,0.648132324219,-0.110412597656,-0.38134765625,0.649841308594,-3000.0,7627.0,1758.0,-43.0,27.0,2.0,
1648135073069060087,0.646850585938,-0.108337402344,-0.380615234375,0.65185546875,-3035.0,7595.0,1816.0,-44.0,27.0,2.0,
1648135073073897838,0.6455078125,-0.106201171875,-0.3798828125,0.653991699219,-3058.0,7538.0,1869.0,-45.0,27.0,2.0,
1648135073078423023,0.644165039062,-0.104064941406,-0.379150390625,0.656066894531,-3087.0,7457.0,1925.0,-46.0,27.0,2.0,
1648135073082899808,0.642822265625,-0.101867675781,-0.37841796875,0.658142089844,-3139.0,7395.0,1974.0,-46.0,26.0,1.0,
1648135073087662696,0.641418457031,-0.0996704101562,-0.377807617188,0.660217285156,-3195.0,7370.0,2029.0,-46.0,26.0,1.0,
1648135073092580080,0.640014648438,-0.0975341796875,-0.377136230469,0.662231445312,-3254.0,7366.0,2077.0,-45.0,25.0,1.0,
1648135073097108840,0.638671875,-0.0953979492188,-0.376525878906,0.664245605469,-3310.0,7369.0,2127.0,-45.0,25.0,1.0,
1648135073101726055,0.637268066406,-0.0933227539062,-0.375915527344,0.666198730469,-3367.0,7363.0,2185.0,-44.0,24.0,2.0,
1648135073108864068,0.635864257812,-0.0912475585938,-0.375305175781,0.668212890625,-3423.0,7345.0,2236.0,-44.0,24.0,2.0,
1648135073113664865,0.634460449219,-0.0892944335938,-0.374694824219,0.670104980469,-3481.0,7332.0,2278.0,-43.0,23.0,2.0,
1648135073118483304,0.633117675781,-0.0873413085938,-0.374145507812,0.671936035156,-3532.0,7312.0,2309.0,-42.0,22.0,2.0,
1648135073127356052,0.631774902344,-0.0853881835938,-0.373596191406,0.673767089844,-3578.0,7278.0,2352.0,-41.0,21.0,2.0,
1648135073129637956,0.63037109375,-0.08349609375,-0.373107910156,0.675537109375,-3613.0,7227.0,2382.0,-41.0,21.0,2.0,
1648135073134905576,0.629089355469,-0.0816650390625,-0.372619628906,0.677307128906,-3643.0,7176.0,2416.0,-40.0,20.0,2.0,
1648135073139512538,0.627746582031,-0.0798950195312,-0.372192382812,0.678955078125,-3675.0,7133.0,2433.0,-39.0,19.0,2.0,
1648135073145275831,0.62646484375,-0.078125,-0.371765136719,0.680541992188,-3697.0,7100.0,2448.0,-38.0,18.0,1.0,
1648135073171472549,0.625244140625,-0.076416015625,-0.371398925781,0.682067871094,-3710.0,7069.0,2457.0,-37.0,17.0,1.0,
1648135073174494504,0.6240234375,-0.0747680664062,-0.371032714844,0.68359375,-3716.0,7020.0,2462.0,-36.0,17.0,1.0,
1648135073177050590,0.622802734375,-0.0731201171875,-0.370727539062,0.68505859375,-3711.0,6954.0,2459.0,-35.0,16.0,0.0,
1648135073177735567,0.621643066406,-0.0714721679688,-0.370422363281,0.686462402344,-3705.0,6889.0,2438.0,-34.0,16.0,0.0,
1648135073180561780,0.620544433594,-0.0698852539062,-0.3701171875,0.687744140625,-3693.0,6841.0,2414.0,-33.0,15.0,0.0,
1648135073181592464,0.619506835938,-0.068359375,-0.369873046875,0.689025878906,-3678.0,6803.0,2393.0,-32.0,15.0,-1.0,
1648135073184361696,0.618469238281,-0.06689453125,-0.369567871094,0.690185546875,-3666.0,6801.0,2374.0,-30.0,14.0,-1.0,
1648135073185533523,0.617553710938,-0.0654296875,-0.369323730469,0.691284179688,-3655.0,6802.0,2351.0,-29.0,14.0,-1.0,
1648135073191065788,0.61669921875,-0.0640869140625,-0.369018554688,0.692321777344,-3656.0,6803.0,2342.0,-27.0,14.0,-1.0,
1648135073194375514,0.615905761719,-0.062744140625,-0.368774414062,0.693298339844,-3660.0,6802.0,2359.0,-25.0,13.0,-1.0,
1648135073199393272,0.615173339844,-0.0614624023438,-0.368530273438,0.694213867188,-3679.0,6813.0,2391.0,-24.0,13.0,-1.0,
1648135073204379081,0.614379882812,-0.0602416992188,-0.368347167969,0.695129394531,-3698.0,6845.0,2439.0,-22.0,12.0,-1.0,
1648135073208194255,0.613647460938,-0.0591430664062,-0.368103027344,0.695983886719,-3702.0,6892.0,2490.0,-21.0,11.0,0.0,
1648135073212949752,0.612854003906,-0.0580444335938,-0.367919921875,0.696838378906,-3708.0,6935.0,2529.0,-22.0,10.0,0.0,
1648135073220645189,0.612060546875,-0.0570068359375,-0.367736816406,0.69775390625,-3712.0,6987.0,2565.0,-22.0,10.0,0.0,
1648135073225212812,0.611206054688,-0.0560302734375,-0.367553710938,0.698669433594,-3707.0,7029.0,2578.0,-23.0,9.0,0.0,
1648135073230542182,0.610290527344,-0.0550537109375,-0.367431640625,0.699584960938,-3686.0,7072.0,2576.0,-23.0,8.0,0.0,
1648135073235481023,0.609436035156,-0.0541381835938,-0.367248535156,0.700561523438,-3658.0,7102.0,2566.0,-24.0,7.0,0.0,
1648135073241138458,0.608459472656,-0.05322265625,-0.367126464844,0.701477050781,-3622.0,7117.0,2545.0,-24.0,7.0,1.0,
1648135073245155096,0.607543945312,-0.0523071289062,-0.366943359375,0.702453613281,-3575.0,7119.0,2521.0,-25.0,7.0,1.0,
1648135073250492811,0.606567382812,-0.0514526367188,-0.366760253906,0.703430175781,-3523.0,7118.0,2504.0,-25.0,6.0,1.0,
1648135073254894495,0.605590820312,-0.0505981445312,-0.366638183594,0.704406738281,-3459.0,7096.0,2485.0,-25.0,6.0,0.0,
1648135073259290456,0.604614257812,-0.0496826171875,-0.366455078125,0.705444335938,-3388.0,7060.0,2450.0,-26.0,6.0,0.0,
1648135073265551805,0.603637695312,-0.048828125,-0.366333007812,0.706420898438,-3315.0,6999.0,2421.0,-26.0,6.0,0.0,
1648135073268365859,0.602661132812,-0.0478515625,-0.3662109375,0.707336425781,-3236.0,6933.0,2401.0,-26.0,6.0,-1.0,
1648135073272830247,0.601684570312,-0.0469360351562,-0.366149902344,0.708312988281,-3159.0,6865.0,2383.0,-25.0,7.0,-2.0,
1648135073278924226,0.600769042969,-0.0459594726562,-0.366027832031,0.709167480469,-3074.0,6812.0,2363.0,-24.0,7.0,-4.0,
1648135073284660816,0.599975585938,-0.0449829101562,-0.365966796875,0.7099609375,-2999.0,6778.0,2320.0,-23.0,8.0,-4.0,
1648135073289958715,0.599243164062,-0.0438842773438,-0.365844726562,0.710693359375,-2938.0,6777.0,2287.0,-22.0,9.0,-5.0,
1648135073294913053,0.598571777344,-0.0428466796875,-0.365783691406,0.711364746094,-2904.0,6803.0,2269.0,-22.0,10.0,-6.0,
1648135073298854112,0.597839355469,-0.0416870117188,-0.36572265625,0.712097167969,-2875.0,6844.0,2287.0,-22.0,10.0,-7.0,
1648135073304200410,0.597045898438,-0.04052734375,-0.365661621094,0.712829589844,-2870.0,6910.0,2335.0,-24.0,10.0,-8.0,
1648135073308576822,0.59619140625,-0.0393676757812,-0.365661621094,0.713623046875,-2883.0,6990.0,2401.0,-25.0,10.0,-8.0,
1648135073312273263,0.595275878906,-0.0381469726562,-0.365661621094,0.714416503906,-2921.0,7069.0,2472.0,-26.0,9.0,-8.0,
1648135073316960334,0.594299316406,-0.036865234375,-0.36572265625,0.715270996094,-2975.0,7123.0,2548.0,-27.0,9.0,-8.0,
1648135073324963331,0.593200683594,-0.03564453125,-0.365844726562,0.716186523438,-3034.0,7173.0,2619.0,-27.0,8.0,-8.0,
1648135073328571081,0.592102050781,-0.0344848632812,-0.366027832031,0.717102050781,-3092.0,7215.0,2680.0,-28.0,7.0,-7.0,
1648135073335119247,0.590881347656,-0.0332641601562,-0.366149902344,0.718078613281,-3147.0,7247.0,2741.0,-29.0,6.0,-7.0,
1648135073339560508,0.589660644531,-0.0321044921875,-0.366333007812,0.719055175781,-3197.0,7263.0,2807.0,-31.0,5.0,-7.0,
1648135073344305515,0.588256835938,-0.0309448242188,-0.366516113281,0.720153808594,-3254.0,7260.0,2857.0,-32.0,4.0,-6.0,
1648135073348683118,0.586853027344,-0.02978515625,-0.366760253906,0.72119140625,-3297.0,7253.0,2888.0,-33.0,3.0,-6.0,
1648135073353879690,0.58544921875,-0.0286865234375,-0.367004394531,0.722290039062,-3323.0,7247.0,2896.0,-33.0,3.0,-5.0,
1648135073358766078,0.584045410156,-0.0276489257812,-0.3671875,0.723327636719,-3333.0,7251.0,2903.0,-32.0,2.0,-5.0,
1648135073362931251,0.582702636719,-0.0266723632812,-0.367370605469,0.724365234375,-3337.0,7273.0,2897.0,-31.0,2.0,-5.0,
1648135073368698835,0.581420898438,-0.0258178710938,-0.367492675781,0.725341796875,-3366.0,7247.0,2981.0,-30.0,1.0,-4.0,
1648135073372546672,0.580200195312,-0.0249633789062,-0.36767578125,0.726318359375,-3400.0,7209.0,2911.0,-27.0,1.0,-4.0,
1648135073377478599,0.579223632812,-0.0242309570312,-0.367797851562,0.72705078125,-3432.0,7221.0,2861.0,-24.0,1.0,-3.0,
1648135073384219884,0.578552246094,-0.0236206054688,-0.367858886719,0.727600097656,-3429.0,7318.0,2814.0,-18.0,1.0,-1.0,
1648135073389905214,0.578002929688,-0.0233154296875,-0.367736816406,0.72802734375,-3376.0,7443.0,2811.0,-14.0,1.0,0.0,
1648135073394338607,0.577575683594,-0.0230712890625,-0.367614746094,0.728454589844,-3320.0,7505.0,2834.0,-12.0,1.0,0.0,
1648135073398914813,0.577087402344,-0.0228881835938,-0.367492675781,0.728881835938,-3259.0,7463.0,2830.0,-12.0,1.0,0.0,
1648135073404004573,0.576599121094,-0.0225830078125,-0.367431640625,0.729370117188,-3220.0,7334.0,2846.0,-12.0,1.0,-1.0,
1648135073408390760,0.576110839844,-0.0222778320312,-0.367492675781,0.729736328125,-3162.0,7185.0,2856.0,-11.0,1.0,-1.0,
1648135073413196563,0.575622558594,-0.02197265625,-0.367553710938,0.730041503906,-3114.0,7094.0,2849.0,-9.0,0.0,-2.0,
1648135073418789148,0.575317382812,-0.021728515625,-0.367553710938,0.730346679688,-3059.0,7065.0,2822.0,-7.0,1.0,-2.0,
1648135073423633575,0.575073242188,-0.0215454101562,-0.367553710938,0.730529785156,-2997.0,7082.0,2798.0,-7.0,1.0,-2.0,
1648135073429163694,0.574768066406,-0.0213623046875,-0.367553710938,0.730773925781,-2952.0,7119.0,2788.0,-8.0,1.0,-3.0,
1648135073434081554,0.574340820312,-0.0211181640625,-0.367553710938,0.731140136719,-2939.0,7160.0,2764.0,-10.0,1.0,-3.0,
1648135073439362049,0.573913574219,-0.0208129882812,-0.367492675781,0.7314453125,-2948.0,7216.0,2749.0,-12.0,1.0,-3.0,
1648135073443983554,0.573425292969,-0.0204467773438,-0.367492675781,0.731872558594,-2953.0,7272.0,2744.0,-13.0,1.0,-2.0,
1648135073448690414,0.572875976562,-0.0200805664062,-0.367492675781,0.732360839844,-2955.0,7302.0,2750.0,-15.0,1.0,-2.0,
1648135073453240156,0.572204589844,-0.0197143554688,-0.367431640625,0.73291015625,-2970.0,7292.0,2768.0,-17.0,1.0,-2.0,
1648135073458104848,0.571472167969,-0.019287109375,-0.367431640625,0.733459472656,-2995.0,7293.0,2768.0,-18.0,1.0,-2.0,
1648135073462871551,0.570739746094,-0.018798828125,-0.367431640625,0.734069824219,-3021.0,7306.0,2777.0,-18.0,1.0,-2.0,
1648135073467208147,0.569946289062,-0.018310546875,-0.367431640625,0.734680175781,-3036.0,7310.0,2793.0,-19.0,1.0,-2.0,
1648135073472347497,0.569152832031,-0.017822265625,-0.367431640625,0.735290527344,-3057.0,7318.0,2789.0,-20.0,1.0,-2.0,
1648135073479133605,0.568359375,-0.0172729492188,-0.367431640625,0.735961914062,-3064.0,7337.0,2758.0,-20.0,1.0,-2.0,
1648135073483475208,0.567565917969,-0.0167236328125,-0.367309570312,0.736633300781,-3036.0,7334.0,2746.0,-21.0,2.0,-2.0,
1648135073488050937,0.566711425781,-0.0161743164062,-0.367248535156,0.737365722656,-3025.0,7295.0,2764.0,-22.0,2.0,-2.0,
1648135073492657661,0.565734863281,-0.0155639648438,-0.367248535156,0.738098144531,-3058.0,7243.0,2807.0,-23.0,2.0,-2.0,
1648135073497377634,0.564697265625,-0.0149536132812,-0.367248535156,0.738891601562,-3134.0,7234.0,2867.0,-23.0,2.0,-1.0,
1648135073503031730,0.563720703125,-0.0142822265625,-0.367248535156,0.739624023438,-3201.0,7264.0,2915.0,-23.0,2.0,-1.0,
1648135073506773710,0.562744140625,-0.013671875,-0.3671875,0.740417480469,-3219.0,7297.0,2965.0,-24.0,2.0,-1.0,
1648135073513669967,0.561706542969,-0.0130615234375,-0.367126464844,0.741271972656,-3221.0,7289.0,3012.0,-25.0,2.0,-1.0,
1648135073518219470,0.560485839844,-0.0123901367188,-0.367126464844,0.7421875,-3241.0,7256.0,3089.0,-27.0,1.0,-1.0,
1648135073522922515,0.559143066406,-0.01171875,-0.3671875,0.7431640625,-3282.0,7179.0,3144.0,-29.0,0.0,-1.0,
1648135073528345108,0.557800292969,-0.0109252929688,-0.367248535156,0.744201660156,-3344.0,7087.0,3198.0,-30.0,0.0,-1.0,
1648135073532616853,0.556396484375,-0.0101928710938,-0.367370605469,0.745239257812,-3393.0,7079.0,3281.0,-30.0,-1.0,0.0,
1648135073539509773,0.554992675781,-0.0096435546875,-0.367370605469,0.746276855469,-3425.0,7196.0,3364.0,-29.0,-1.0,1.0,
1648135073544888496,0.553588867188,-0.0091552734375,-0.367309570312,0.747314453125,-3420.0,7366.0,3408.0,-29.0,-1.0,3.0,
1648135073549692630,0.552124023438,-0.0086669921875,-0.367065429688,0.74853515625,-3389.0,7471.0,3415.0,-32.0,-1.0,4.0,
1648135073553680896,0.550598144531,-0.0081787109375,-0.366760253906,0.749816894531,-3362.0,7465.0,3396.0,-36.0,0.0,5.0,
1648135073558458089,0.548828125,-0.00750732421875,-0.366516113281,0.751220703125,-3349.0,7350.0,3362.0,-39.0,0.0,5.0,
1648135073562886476,0.547058105469,-0.00677490234375,-0.366271972656,0.752624511719,-3335.0,7192.0,3319.0,-40.0,0.0,4.0,
1648135073568281173,0.545227050781,-0.0059814453125,-0.366088867188,0.754028320312,-3309.0,7037.0,3252.0,-40.0,0.0,4.0,
1648135073572623729,0.54345703125,-0.005126953125,-0.365905761719,0.755432128906,-3282.0,6898.0,3195.0,-40.0,1.0,4.0,
1648135073580336332,0.541748046875,-0.0042724609375,-0.365661621094,0.756774902344,-3258.0,6769.0,3138.0,-40.0,2.0,4.0,
1648135073584258079,0.540100097656,-0.00335693359375,-0.365417480469,0.758117675781,-3238.0,6657.0,3088.0,-39.0,2.0,3.0,
1648135073588790416,0.538452148438,-0.00238037109375,-0.365173339844,0.759338378906,-3221.0,6578.0,3057.0,-38.0,3.0,3.0,
1648135073593022346,0.536926269531,-0.00146484375,-0.364929199219,0.760559082031,-3183.0,6521.0,3040.0,-37.0,3.0,2.0,
1648135073597040653,0.535400390625,-0.00048828125,-0.364685058594,0.76171875,-3134.0,6480.0,3027.0,-36.0,4.0,1.0,
1648135073604541301,0.533935546875,0.00048828125,-0.364440917969,0.762939453125,-3097.0,6458.0,3025.0,-36.0,5.0,0.0,
1648135073608724832,0.532348632812,0.00152587890625,-0.3642578125,0.764099121094,-3084.0,6446.0,3046.0,-38.0,4.0,0.0,
1648135073614038944,0.530639648438,0.00262451171875,-0.364135742188,0.765380859375,-3075.0,6417.0,3073.0,-41.0,4.0,-1.0,
1648135073617894649,0.528747558594,0.00384521484375,-0.364074707031,0.766723632812,-3098.0,6369.0,3123.0,-43.0,4.0,-2.0,
1648135073623753547,0.526794433594,0.005126953125,-0.364013671875,0.76806640625,-3137.0,6363.0,3212.0,-44.0,3.0,-2.0,
1648135073627841711,0.524780273438,0.00634765625,-0.364013671875,0.769409179688,-3167.0,6432.0,3300.0,-44.0,3.0,-3.0,
1648135073634080410,0.522766113281,0.00750732421875,-0.364013671875,0.770751953125,-3173.0,6550.0,3354.0,-44.0,3.0,-2.0,
1648135073641631603,0.520874023438,0.00860595703125,-0.363830566406,0.772094726562,-3176.0,6689.0,3364.0,-44.0,3.0,-2.0,
1648135073648000001,0.517272949219,0.0108032226562,-0.363342285156,0.774780273438,-3200.0,6910.0,3346.0,-44.0,4.0,0.0,
1648135073655114889,0.515502929688,0.0118408203125,-0.362976074219,0.776062011719,-3186.0,6966.0,3323.0,-43.0,4.0,1.0,
1648135073659482002,0.513793945312,0.0128173828125,-0.362609863281,0.77734375,-3164.0,7003.0,3314.0,-42.0,5.0,2.0,
1648135073663244247,0.51220703125,0.0137329101562,-0.362121582031,0.778625488281,-3136.0,7017.0,3287.0,-40.0,5.0,3.0,
1648135073667898654,0.510681152344,0.0146484375,-0.361511230469,0.779846191406,-3111.0,6993.0,3276.0,-39.0,6.0,4.0,
1648135073673407554,0.50927734375,0.0155639648438,-0.360961914062,0.781066894531,-3093.0,6936.0,3274.0,-38.0,6.0,5.0,
1648135073676969528,0.507873535156,0.0164794921875,-0.3603515625,0.7822265625,-3067.0,6844.0,3284.0,-36.0,7.0,5.0,
1648135073684809446,0.506469726562,0.0173950195312,-0.359741210938,0.783386230469,-3050.0,6739.0,3294.0,-35.0,7.0,5.0,
1648135073697181940,0.505126953125,0.018310546875,-0.359191894531,0.784484863281,-3029.0,6645.0,3317.0,-34.0,8.0,5.0,
1648135073697831392,0.503845214844,0.0192260742188,-0.358581542969,0.785522460938,-3024.0,6569.0,3327.0,-33.0,8.0,5.0,
1648135073710071086,0.502624511719,0.0201416015625,-0.358032226562,0.786560058594,-3018.0,6514.0,3334.0,-32.0,8.0,4.0,
1648135073710652351,0.501403808594,0.0210571289062,-0.357482910156,0.78759765625,-3008.0,6458.0,3349.0,-32.0,8.0,4.0,
1648135073711432695,0.500122070312,0.02197265625,-0.35693359375,0.788635253906,-2995.0,6387.0,3372.0,-32.0,8.0,4.0,
1648135073713525772,0.498840332031,0.02294921875,-0.3564453125,0.789611816406,-2990.0,6313.0,3430.0,-32.0,8.0,4.0,
1648135073718194961,0.49755859375,0.0238647460938,-0.355895996094,0.790649414062,-2990.0,6250.0,3523.0,-32.0,8.0,4.0,
1648135073722854375,0.496276855469,0.0247802734375,-0.355407714844,0.791687011719,-3006.0,6209.0,3623.0,-31.0,7.0,4.0,
1648135073727960824,0.494995117188,0.025634765625,-0.35498046875,0.792663574219,-3043.0,6195.0,3720.0,-30.0,7.0,4.0,
1648135073732472658,0.493713378906,0.0264892578125,-0.3544921875,0.793579101562,-3063.0,6202.0,3815.0,-29.0,7.0,4.0,
1648135073737668514,0.492431640625,0.02734375,-0.354064941406,0.794616699219,-3065.0,6216.0,3891.0,-30.0,6.0,4.0,
1648135073748865842,0.489501953125,0.0289916992188,-0.353149414062,0.796752929688,-3029.0,6262.0,4031.0,-34.0,6.0,3.0,
1648135073755676507,0.487854003906,0.0299072265625,-0.352722167969,0.797912597656,-3017.0,6280.0,4101.0,-37.0,5.0,3.0,
1648135073759854078,0.486022949219,0.0308227539062,-0.352294921875,0.799133300781,-2989.0,6327.0,4138.0,-39.0,5.0,3.0,
1648135073764643430,0.484130859375,0.0317993164062,-0.351806640625,0.800476074219,-2971.0,6323.0,4234.0,-42.0,5.0,3.0,
1648135073769146442,0.482116699219,0.0328369140625,-0.351379394531,0.801818847656,-2934.0,6252.0,4235.0,-43.0,6.0,2.0,
1648135073773726940,0.480102539062,0.0339965820312,-0.351013183594,0.803161621094,-2886.0,6093.0,4243.0,-44.0,6.0,1.0,
1648135073778761386,0.478088378906,0.0352172851562,-0.350646972656,0.804443359375,-2850.0,5958.0,4258.0,-43.0,7.0,1.0,
1648135073782565355,0.476196289062,0.0363159179688,-0.350280761719,0.8056640625,-2835.0,5920.0,4281.0,-40.0,7.0,1.0,
1648135073787399530,0.474609375,0.0372924804688,-0.349853515625,0.806762695312,-2844.0,5940.0,4320.0,-36.0,7.0,2.0,
1648135073791998624,0.47314453125,0.0382080078125,-0.349487304688,0.807800292969,-2891.0,5970.0,4377.0,-33.0,6.0,2.0,
1648135073798967361,0.471618652344,0.0391235351562,-0.349182128906,0.808715820312,-2913.0,6011.0,4464.0,-33.0,5.0,1.0,
1648135073804125070,0.470031738281,0.0400390625,-0.348876953125,0.809753417969,-2933.0,6014.0,4565.0,-34.0,5.0,0.0,
1648135073808320522,0.468383789062,0.0409545898438,-0.3486328125,0.810791015625,-2977.0,5967.0,4667.0,-34.0,5.0,0.0,
1648135073812768697,0.466735839844,0.0418701171875,-0.348449707031,0.811767578125,-3057.0,5885.0,4805.0,-33.0,4.0,0.0,
1648135073817380666,0.465087890625,0.0427856445312,-0.348327636719,0.812683105469,-3156.0,5783.0,4962.0,-30.0,3.0,-1.0,
1648135073822597980,0.463562011719,0.0435791015625,-0.348388671875,0.8134765625,-3262.0,5660.0,5111.0,-27.0,2.0,-1.0,
1648135073829334974,0.462219238281,0.0443115234375,-0.348510742188,0.814147949219,-3349.0,5522.0,5222.0,-22.0,1.0,-2.0,
1648135073833232879,0.461120605469,0.044921875,-0.348754882812,0.814636230469,-3392.0,5393.0,5281.0,-17.0,0.0,-3.0,
1648135073838125705,0.460205078125,0.04541015625,-0.348999023438,0.815002441406,-3389.0,5297.0,5293.0,-12.0,-1.0,-3.0,
1648135073843120574,0.459594726562,0.0457153320312,-0.349304199219,0.815246582031,-3342.0,5248.0,5259.0,-8.0,-2.0,-4.0,
1648135073849546194,0.459228515625,0.0458374023438,-0.349609375,0.815307617188,-3274.0,5244.0,5187.0,-4.0,-2.0,-4.0,
1648135073854172945,0.458984375,0.0459594726562,-0.349914550781,0.815307617188,-3221.0,5255.0,5082.0,-2.0,-2.0,-5.0,
1648135073859092235,0.458862304688,0.0460205078125,-0.350219726562,0.815246582031,-3182.0,5263.0,4983.0,-1.0,-2.0,-6.0,
1648135073864176034,0.458740234375,0.046142578125,-0.3505859375,0.815124511719,-3142.0,5223.0,4894.0,-2.0,-2.0,-7.0,
1648135073868321895,0.458557128906,0.0463256835938,-0.351013183594,0.815063476562,-3094.0,5134.0,4820.0,-2.0,-2.0,-8.0,
1648135073872769832,0.458312988281,0.0465698242188,-0.3515625,0.81494140625,-3059.0,5049.0,4771.0,-2.0,-2.0,-9.0,
1648135073877415657,0.458068847656,0.046875,-0.352111816406,0.814819335938,-3022.0,5112.0,4737.0,-2.0,-2.0,-10.0,
1648135073884362459,0.457824707031,0.047119140625,-0.352661132812,0.814697265625,-2956.0,5346.0,4689.0,-4.0,-2.0,-11.0,
1648135073890596151,0.45751953125,0.0474243164062,-0.35302734375,0.814697265625,-2868.0,5631.0,4604.0,-8.0,0.0,-11.0,
1648135073893619298,0.457092285156,0.0477905273438,-0.353271484375,0.814819335938,-2843.0,5827.0,4498.0,-13.0,1.0,-11.0,
1648135073898074150,0.456481933594,0.04833984375,-0.353515625,0.815002441406,-2871.0,5815.0,4426.0,-17.0,1.0,-11.0,
1648135073902857780,0.455627441406,0.049072265625,-0.353881835938,0.815246582031,-2929.0,5799.0,4397.0,-19.0,2.0,-11.0,
1648135073907874345,0.454895019531,0.0498046875,-0.354187011719,0.815551757812,-3004.0,5901.0,4408.0,-18.0,2.0,-9.0,
1648135073912297010,0.454345703125,0.0504150390625,-0.354370117188,0.815734863281,-3052.0,6044.0,4431.0,-15.0,2.0,-7.0,
1648135073919028043,0.453857421875,0.0509643554688,-0.354431152344,0.81591796875,-3092.0,6168.0,4483.0,-14.0,3.0,-7.0,
1648135073923686504,0.453308105469,0.0514526367188,-0.354553222656,0.816162109375,-3136.0,6218.0,4573.0,-15.0,3.0,-7.0,
1648135073928129196,0.452697753906,0.052001953125,-0.354675292969,0.81640625,-3169.0,6175.0,4683.0,-15.0,2.0,-6.0,
1648135073932533979,0.452026367188,0.0525512695312,-0.354858398438,0.816650390625,-3164.0,6073.0,4780.0,-13.0,2.0,-6.0,
1648135073937243223,0.451477050781,0.052978515625,-0.355041503906,0.81689453125,-3137.0,5952.0,4880.0,-11.0,2.0,-6.0,
1648135073940800189,0.450927734375,0.0533447265625,-0.355285644531,0.817016601562,-3110.0,5848.0,4970.0,-8.0,1.0,-6.0,
1648135073951074361,0.450561523438,0.0535888671875,-0.355529785156,0.817138671875,-3084.0,5778.0,5032.0,-5.0,1.0,-6.0,
1648135073955675601,0.450317382812,0.0537719726562,-0.355834960938,0.817138671875,-3033.0,5748.0,5067.0,-2.0,0.0,-6.0,
1648135073961268186,0.4501953125,0.0538330078125,-0.356079101562,0.817016601562,-2971.0,5741.0,5084.0,0.0,0.0,-7.0,
1648135073964969635,0.450256347656,0.0538940429688,-0.356384277344,0.81689453125,-2915.0,5761.0,5116.0,2.0,0.0,-7.0,
1648135073969475507,0.450256347656,0.0538940429688,-0.356689453125,0.816772460938,-2850.0,5814.0,5076.0,2.0,0.0,-8.0,
1648135073974399328,0.450256347656,0.0538940429688,-0.356994628906,0.816589355469,-2804.0,5830.0,5015.0,0.0,0.0,-8.0,
1648135073978766918,0.4501953125,0.0540161132812,-0.357360839844,0.816467285156,-2751.0,5735.0,4973.0,-2.0,0.0,-9.0,
1648135073983270883,0.449951171875,0.05419921875,-0.357788085938,0.81640625,-2705.0,5688.0,4947.0,-3.0,0.0,-10.0,
1648135073987728834,0.449645996094,0.0543212890625,-0.358215332031,0.81640625,-2718.0,5780.0,4958.0,-3.0,-1.0,-9.0,
1648135073991042375,0.449523925781,0.054443359375,-0.358520507812,0.816345214844,-2740.0,5914.0,4955.0,-3.0,-1.0,-8.0,
1648135073995682001,0.449462890625,0.0545654296875,-0.358764648438,0.816223144531,-2777.0,6019.0,4899.0,-4.0,0.0,-9.0,
1648135074003892421,0.449401855469,0.0548095703125,-0.359069824219,0.816101074219,-2854.0,6048.0,4819.0,-4.0,1.0,-9.0,
1648135074008436203,0.449401855469,0.0552368164062,-0.359375,0.815979003906,-2939.0,5989.0,4723.0,-4.0,2.0,-9.0,
1648135074013181209,0.449401855469,0.0557250976562,-0.359680175781,0.815795898438,-3038.0,5887.0,4634.0,-3.0,3.0,-10.0,
1648135074017528295,0.449523925781,0.0562744140625,-0.360046386719,0.815490722656,-3130.0,5779.0,4578.0,-1.0,4.0,-10.0,
1648135074020616292,0.449768066406,0.0568237304688,-0.360473632812,0.815185546875,-3211.0,5670.0,4532.0,1.0,4.0,-10.0,
1648135074028993129,0.450073242188,0.057373046875,-0.36083984375,0.814758300781,-3268.0,5589.0,4502.0,4.0,5.0,-10.0,
1648135074033468246,0.450500488281,0.0579223632812,-0.361267089844,0.814331054688,-3307.0,5539.0,4500.0,5.0,5.0,-11.0,
1648135074037665605,0.450866699219,0.0584106445312,-0.361633300781,0.813903808594,-3343.0,5500.0,4519.0,5.0,6.0,-11.0,
1648135074042341470,0.451232910156,0.0589599609375,-0.361999511719,0.813537597656,-3354.0,5468.0,4556.0,4.0,6.0,-11.0,
1648135074048143148,0.451477050781,0.0595703125,-0.362365722656,0.813171386719,-3350.0,5449.0,4621.0,3.0,6.0,-10.0,
1648135074053898096,0.451538085938,0.0601196289062,-0.362670898438,0.812927246094,-3323.0,5474.0,4667.0,1.0,6.0,-11.0,
1648135074058648347,0.451538085938,0.0606689453125,-0.362976074219,0.812744140625,-3241.0,5502.0,4622.0,-2.0,6.0,-11.0,
1648135074063924074,0.451477050781,0.0613403320312,-0.36328125,0.812683105469,-3249.0,5486.0,4663.0,-6.0,7.0,-12.0,
1648135074069112777,0.451110839844,0.0621337890625,-0.363647460938,0.812622070312,-3185.0,5335.0,4653.0,-9.0,6.0,-12.0,
1648135074073769330,0.450561523438,0.0630493164062,-0.364074707031,0.812683105469,-3126.0,5157.0,4691.0,-11.0,6.0,-13.0,
1648135074076786756,0.449951171875,0.0639038085938,-0.364562988281,0.812683105469,-3082.0,5091.0,4787.0,-10.0,6.0,-13.0,
1648135074081837654,0.449523925781,0.0646362304688,-0.365051269531,0.812683105469,-3086.0,5168.0,4919.0,-7.0,5.0,-13.0,
1648135074089255332,0.449157714844,0.065185546875,-0.365478515625,0.812622070312,-3078.0,5413.0,5031.0,-5.0,4.0,-13.0,
1648135074094720602,0.448913574219,0.0657348632812,-0.365844726562,0.812561035156,-3140.0,5663.0,5167.0,-7.0,4.0,-13.0,
1648135074099245309,0.448547363281,0.0662231445312,-0.366333007812,0.8125,-3098.0,5624.0,5193.0,-8.0,3.0,-13.0,
1648135074103835105,0.447998046875,0.0668334960938,-0.366882324219,0.8125,-3050.0,5338.0,5202.0,-9.0,2.0,-15.0,
1648135074108893871,0.447387695312,0.0675048828125,-0.367736816406,0.812438964844,-3038.0,5060.0,5238.0,-6.0,1.0,-16.0,
1648135074112696647,0.447082519531,0.06787109375,-0.368591308594,0.812133789062,-3084.0,5018.0,5311.0,2.0,-1.0,-15.0,
1648135074120528697,0.447326660156,0.06787109375,-0.369384765625,0.811645507812,-3155.0,5302.0,5441.0,11.0,-2.0,-13.0,
1648135074125558614,0.447814941406,0.0675659179688,-0.369995117188,0.811157226562,-3224.0,5733.0,5553.0,13.0,-3.0,-12.0,
1648135074128680706,0.448364257812,0.0670776367188,-0.370544433594,0.810607910156,-3238.0,6016.0,5566.0,12.0,-4.0,-11.0,
1648135074134920120,0.448669433594,0.066650390625,-0.371032714844,0.810241699219,-3254.0,5950.0,5552.0,7.0,-5.0,-11.0,
1648135074138724327,0.44873046875,0.0664672851562,-0.371765136719,0.809936523438,-3246.0,5740.0,5503.0,6.0,-6.0,-11.0,
1648135074143301963,0.448791503906,0.066162109375,-0.37255859375,0.809509277344,-3243.0,5620.0,5424.0,9.0,-7.0,-10.0,
1648135074147188901,0.44921875,0.065673828125,-0.373168945312,0.809020996094,-3241.0,5683.0,5324.0,14.0,-7.0,-8.0,
1648135074154971122,0.449951171875,0.0650634765625,-0.373718261719,0.808471679688,-3260.0,5926.0,5239.0,17.0,-7.0,-7.0,
1648135074161386966,0.45068359375,0.0642700195312,-0.374084472656,0.807922363281,-3299.0,6248.0,5171.0,15.0,-8.0,-6.0,
1648135074167441606,0.451354980469,0.0634765625,-0.374267578125,0.807556152344,-3336.0,6491.0,5108.0,10.0,-8.0,-4.0,
1648135074169317483,0.451721191406,0.0628662109375,-0.374450683594,0.807312011719,-3379.0,6571.0,5036.0,5.0,-8.0,-3.0,
1648135074175065994,0.451843261719,0.0623779296875,-0.374633789062,0.807189941406,-3412.0,6512.0,4951.0,2.0,-7.0,-3.0,
1648135074178636074,0.451843261719,0.0620727539062,-0.374816894531,0.80712890625,-3418.0,6405.0,4854.0,0.0,-7.0,-2.0,
1648135074183950424,0.451843261719,0.061767578125,-0.374877929688,0.80712890625,-3390.0,6308.0,4743.0,0.0,-6.0,-1.0,
1648135074188138484,0.451843261719,0.0615234375,-0.374938964844,0.80712890625,-3399.0,6210.0,4627.0,-1.0,-5.0,0.0,
1648135074192912817,0.451782226562,0.0613403320312,-0.374938964844,0.80712890625,-3455.0,6054.0,4656.0,-3.0,-4.0,0.0,
1648135074197592735,0.451538085938,0.0612182617188,-0.375061035156,0.807250976562,-3474.0,5773.0,4738.0,-2.0,-5.0,0.0,
1648135074205380916,0.451232910156,0.0611572265625,-0.375366210938,0.807250976562,-3454.0,5485.0,4791.0,-1.0,-4.0,-2.0,
1648135074210213899,0.450988769531,0.0610961914062,-0.375671386719,0.807250976562,-3442.0,5313.0,4817.0,2.0,-4.0,-2.0,
1648135074214018583,0.450988769531,0.0609741210938,-0.3759765625,0.80712890625,-3429.0,5228.0,4811.0,4.0,-4.0,-2.0,
1648135074220389127,0.451110839844,0.060791015625,-0.376281738281,0.806945800781,-3440.0,5207.0,4815.0,6.0,-4.0,-3.0,
1648135074223553180,0.451232910156,0.060546875,-0.376525878906,0.806762695312,-3476.0,5232.0,4822.0,6.0,-4.0,-3.0,
1648135074227667093,0.451477050781,0.060302734375,-0.376831054688,0.806518554688,-3519.0,5273.0,4819.0,7.0,-4.0,-3.0,
1648135074231637001,0.451782226562,0.06005859375,-0.377014160156,0.806274414062,-3552.0,5305.0,4842.0,7.0,-4.0,-2.0,
1648135074240188598,0.452087402344,0.0597534179688,-0.377258300781,0.806030273438,-3578.0,5303.0,4892.0,9.0,-4.0,-2.0,
1648135074244481325,0.452575683594,0.0593872070312,-0.377502441406,0.8056640625,-3608.0,5289.0,4968.0,12.0,-3.0,-2.0,
1648135074249143123,0.453125,0.0589599609375,-0.377746582031,0.805297851562,-3634.0,5324.0,5051.0,15.0,-4.0,-1.0,
1648135074255254983,0.453796386719,0.0584106445312,-0.3779296875,0.804809570312,-3666.0,5384.0,5121.0,18.0,-4.0,-1.0,
1648135074260563135,0.45458984375,0.057861328125,-0.378173828125,0.804321289062,-3663.0,5442.0,5133.0,19.0,-3.0,-1.0,
1648135074265124559,0.455444335938,0.0573120117188,-0.378356933594,0.803771972656,-3627.0,5480.0,5112.0,19.0,-3.0,-1.0,
1648135074269611120,0.456237792969,0.0567626953125,-0.378601074219,0.803283691406,-3600.0,5449.0,5068.0,18.0,-3.0,-2.0,
1648135074274433135,0.45703125,0.0563354492188,-0.378845214844,0.802734375,-3561.0,5386.0,5003.0,18.0,-2.0,-4.0,
1648135074278773069,0.457824707031,0.0559692382812,-0.379211425781,0.802124023438,-3505.0,5353.0,4969.0,18.0,-2.0,-4.0,
1648135074284721612,0.458557128906,0.0556030273438,-0.379455566406,0.801574707031,-3442.0,5436.0,4945.0,17.0,-2.0,-4.0,
1648135074287169218,0.459350585938,0.05517578125,-0.379699707031,0.801086425781,-3392.0,5645.0,4946.0,17.0,-1.0,-5.0,
1648135074296556472,0.460144042969,0.0547485351562,-0.3798828125,0.800598144531,-3344.0,5871.0,4938.0,15.0,0.0,-5.0,
1648135074299402713,0.460815429688,0.0543823242188,-0.380004882812,0.800170898438,-3307.0,6031.0,4929.0,12.0,0.0,-5.0,
1648135074304084777,0.461364746094,0.05419921875,-0.380126953125,0.7998046875,-3279.0,6151.0,4949.0,8.0,1.0,-6.0,
1648135074308551073,0.461730957031,0.0540771484375,-0.380249023438,0.799560546875,-3275.0,6243.0,5011.0,6.0,1.0,-5.0,
1648135074311889886,0.461975097656,0.0540161132812,-0.380310058594,0.79931640625,-3287.0,6331.0,5096.0,5.0,2.0,-5.0,
1648135074318334102,0.462219238281,0.0540161132812,-0.380432128906,0.799194335938,-3322.0,6408.0,5203.0,4.0,2.0,-5.0,
1648135074335998058,0.46240234375,0.053955078125,-0.380493164062,0.799072265625,-3329.0,6443.0,5258.0,3.0,2.0,-4.0,
1648135074336382389,0.462585449219,0.053955078125,-0.380493164062,0.798889160156,-3360.0,6380.0,5298.0,4.0,3.0,-4.0,
1648135074336680412,0.462829589844,0.0540771484375,-0.380554199219,0.798706054688,-3369.0,6203.0,5301.0,5.0,3.0,-4.0,
1648135074348840475,0.463134765625,0.05419921875,-0.380737304688,0.798461914062,-3404.0,5987.0,5281.0,7.0,4.0,-4.0,
1648135074349356889,0.463562011719,0.0543823242188,-0.380920410156,0.798156738281,-3439.0,5838.0,5266.0,11.0,4.0,-4.0,
1648135074350024461,0.464233398438,0.054443359375,-0.381042480469,0.797668457031,-3474.0,5791.0,5234.0,14.0,5.0,-4.0,
1648135074355659961,0.465087890625,0.0543823242188,-0.381042480469,0.797119140625,-3511.0,5794.0,5186.0,17.0,6.0,-3.0,
1648135074361405849,0.466186523438,0.0543823242188,-0.381042480469,0.796569824219,-3584.0,5825.0,5138.0,19.0,7.0,-3.0,
1648135074365988016,0.467224121094,0.054443359375,-0.380981445312,0.7958984375,-3703.0,5866.0,5101.0,18.0,8.0,-3.0,
1648135074370809555,0.46826171875,0.0545654296875,-0.380920410156,0.795349121094,-3788.0,5941.0,5004.0,16.0,8.0,-2.0,
1648135074375060081,0.469116210938,0.0548706054688,-0.380859375,0.794860839844,-3922.0,5986.0,4954.0,12.0,9.0,-3.0,
