1647355252485786676,0.086669921875,-0.311401367188,0.88427734375,-0.336975097656,-247.0,1244.0,6066.0,-60.0,-39.0,220.0,
1647355252522869348,0.0855102539062,-0.314819335938,0.878234863281,-0.349609375,-251.0,912.0,5830.0,-64.0,-37.0,226.0,
1647355252656587839,0.0842895507812,-0.318603515625,0.871826171875,-0.362243652344,-318.0,614.0,5563.0,-72.0,-35.0,230.0,
1647355252718971252,0.0831909179688,-0.323120117188,0.864929199219,-0.374938964844,-469.0,325.0,5286.0,-83.0,-34.0,233.0,
1647355252792348384,0.0822143554688,-0.328430175781,0.857360839844,-0.3876953125,-637.0,-45.0,5082.0,-99.0,-34.0,235.0,
1647355252814290523,0.0816040039062,-0.334594726562,0.849243164062,-0.400268554688,-833.0,-483.0,4865.0,-114.0,-34.0,237.0,
1647355252907761812,0.0812377929688,-0.341491699219,0.840515136719,-0.412719726562,-1103.0,-1020.0,4694.0,-126.0,-34.0,238.0,
1647355252910916566,0.0809936523438,-0.348876953125,0.831237792969,-0.425170898438,-1423.0,-1776.0,4499.0,-133.0,-35.0,240.0,
1647355252929985523,0.080810546875,-0.356384277344,0.821655273438,-0.4375,-1781.0,-2731.0,4384.0,-132.0,-36.0,241.0,
1647355252936535120,0.0804443359375,-0.363525390625,0.811889648438,-0.449645996094,-2103.0,-3755.0,4322.0,-122.0,-36.0,241.0,
1647355252972084999,0.0796508789062,-0.369934082031,0.802307128906,-0.461608886719,-2388.0,-4863.0,4362.0,-105.0,-35.0,240.0,
1647355252976376056,0.0781860351562,-0.375244140625,0.793029785156,-0.473510742188,-2627.0,-5850.0,4486.0,-82.0,-33.0,240.0,
1647355252991719961,0.075927734375,-0.379211425781,0.784240722656,-0.485229492188,-2557.0,-6682.0,4629.0,-56.0,-30.0,239.0,
1647355252994924068,0.0731201171875,-0.381652832031,0.776123046875,-0.49658203125,-2910.0,-7245.0,4753.0,-29.0,-27.0,235.0,
1647355252999408721,0.0689697265625,-0.383178710938,0.768493652344,-0.5078125,-3244.0,-7619.0,4995.0,-7.0,-22.0,231.0,
1647355253005621910,0.0643310546875,-0.383972167969,0.761169433594,-0.518737792969,-3528.0,-7879.0,5135.0,5.0,-19.0,226.0,
1647355253008429765,0.0595092773438,-0.384521484375,0.754028320312,-0.529174804688,-3969.0,-7991.0,5156.0,9.0,-16.0,219.0,
1647355253011728048,0.0546875,-0.385375976562,0.746887207031,-0.539123535156,-4356.0,-7965.0,5105.0,6.0,-13.0,211.0,
1647355253017755031,0.0502319335938,-0.386657714844,0.73974609375,-0.548461914062,-4731.0,-7918.0,4959.0,-4.0,-12.0,200.0,
1647355253022009134,0.0465087890625,-0.388549804688,0.732421875,-0.557189941406,-5134.0,-7969.0,4717.0,-19.0,-12.0,191.0,
1647355253030651807,0.0433349609375,-0.391174316406,0.724914550781,-0.565368652344,-5570.0,-8257.0,4424.0,-31.0,-11.0,182.0,
1647355253031564474,0.0405883789062,-0.394287109375,0.717346191406,-0.572998046875,-5998.0,-8742.0,4061.0,-35.0,-11.0,175.0,
1647355253033394098,0.0244750976562,-0.405151367188,0.686218261719,-0.603637695312,-7585.0,-11037.0,3607.0,30.0,0.0,138.0,
1647355253038329601,-0.057373046875,-0.381408691406,0.665222167969,-0.639343261719,-7660.0,-6778.0,6000.0,48.0,37.0,53.0,
1647355253042607307,-0.0950927734375,-0.392700195312,0.635986328125,-0.657470703125,-6176.0,-3306.0,5476.0,-16.0,10.0,24.0,
1647355253053282022,-0.125793457031,-0.385681152344,0.628540039062,-0.663635253906,-6400.0,-2596.0,5362.0,12.0,-2.0,3.0,
1647355253055725574,-0.126831054688,-0.386047363281,0.627624511719,-0.6640625,-6091.0,-2621.0,5404.0,-11.0,-1.0,-3.0,
1647355253059198617,-0.123474121094,-0.389404296875,0.626708984375,-0.663635253906,-6068.0,-2656.0,5489.0,-19.0,-2.0,-8.0,
1647355253063505411,-0.119262695312,-0.391723632812,0.626892089844,-0.662780761719,-6030.0,-3286.0,5731.0,-12.0,-5.0,-9.0,
1647355253069963216,-0.115234375,-0.393188476562,0.626831054688,-0.662780761719,-5660.0,-2950.0,5570.0,-10.0,-2.0,-1.0,
1647355253079880237,-0.111633300781,-0.396423339844,0.624938964844,-0.663269042969,-5772.0,-3198.0,5544.0,-6.0,-3.0,-2.0,
1647355253090944766,-0.111328125,-0.396606445312,0.624877929688,-0.663269042969,-5767.0,-3206.0,5572.0,-4.0,-2.0,-1.0,
1647355253096535921,-0.110778808594,-0.396667480469,0.624755859375,-0.663391113281,-5760.0,-3192.0,5588.0,-3.0,-3.0,0.0,
1647355253101035594,-0.110412597656,-0.396728515625,0.624633789062,-0.66357421875,-5768.0,-3167.0,5595.0,-3.0,-3.0,0.0,
1647355253106227874,-0.109680175781,-0.396728515625,0.62451171875,-0.663818359375,-5709.0,-3176.0,5643.0,-3.0,-4.0,0.0,
1647355253110227346,-0.109130859375,-0.396301269531,0.624145507812,-0.664489746094,-5651.0,-3040.0,5612.0,-1.0,-4.0,3.0,
1647355253113153219,-0.109130859375,-0.396118164062,0.6240234375,-0.664672851562,-5639.0,-2950.0,5578.0,-1.0,-3.0,3.0,
1647355253123465299,-0.109252929688,-0.39599609375,0.623413085938,-0.665344238281,-5634.0,-2682.0,5461.0,-4.0,-2.0,3.0,
1647355253128522396,-0.109191894531,-0.396057128906,0.623107910156,-0.66552734375,-5635.0,-2633.0,5440.0,-6.0,-2.0,3.0,
1647355253132311582,-0.109008789062,-0.396240234375,0.622802734375,-0.665771484375,-5641.0,-2595.0,5459.0,-7.0,-2.0,2.0,
1647355253135960102,-0.108764648438,-0.396484375,0.622436523438,-0.666015625,-5641.0,-2587.0,5492.0,-10.0,-2.0,2.0,
1647355253139810323,-0.1083984375,-0.396789550781,0.6220703125,-0.666259765625,-5640.0,-2600.0,5519.0,-12.0,-2.0,2.0,
1647355253143757343,-0.10791015625,-0.397155761719,0.621643066406,-0.66650390625,-5645.0,-2636.0,5528.0,-13.0,-2.0,2.0,
1647355253152045249,-0.107482910156,-0.397583007812,0.621215820312,-0.666748046875,-5658.0,-2688.0,5512.0,-14.0,-2.0,3.0,
1647355253155862092,-0.106994628906,-0.398010253906,0.620727539062,-0.6669921875,-5683.0,-2739.0,5479.0,-13.0,-2.0,3.0,
1647355253158835411,-0.106567382812,-0.398498535156,0.620239257812,-0.667175292969,-5712.0,-2810.0,5467.0,-13.0,-1.0,3.0,
1647355253167488098,-0.106201171875,-0.39892578125,0.619812011719,-0.667419433594,-5737.0,-2875.0,5497.0,-11.0,-1.0,4.0,
1647355253170020580,-0.105895996094,-0.399230957031,0.619384765625,-0.667663574219,-5762.0,-2925.0,5561.0,-10.0,-2.0,4.0,
1647355253174664258,-0.105590820312,-0.3994140625,0.619079589844,-0.667907714844,-5770.0,-2932.0,5612.0,-8.0,-3.0,4.0,
1647355253181171894,-0.105346679688,-0.399475097656,0.618774414062,-0.668212890625,-5782.0,-2892.0,5648.0,-7.0,-3.0,4.0,
1647355253185161113,-0.105224609375,-0.3994140625,0.618469238281,-0.668518066406,-5797.0,-2823.0,5662.0,-6.0,-4.0,4.0,
1647355253185775041,-0.105102539062,-0.3994140625,0.618103027344,-0.668884277344,-5828.0,-2742.0,5705.0,-6.0,-4.0,5.0,
1647355253195692539,-0.104919433594,-0.3994140625,0.61767578125,-0.669311523438,-5868.0,-2663.0,5763.0,-8.0,-5.0,5.0,
1647355253230219602,-0.1044921875,-0.399475097656,0.6171875,-0.669799804688,-5907.0,-2575.0,5804.0,-13.0,-6.0,4.0,
1647355253232170581,-0.103820800781,-0.399780273438,0.616577148438,-0.670288085938,-5932.0,-2505.0,5838.0,-18.0,-7.0,3.0,
1647355253235859394,-0.102844238281,-0.400268554688,0.615783691406,-0.670837402344,-5949.0,-2469.0,5874.0,-25.0,-8.0,3.0,
1647355253245594263,-0.100036621094,-0.401733398438,0.614013671875,-0.672058105469,-5913.0,-2516.0,5867.0,-34.0,-9.0,3.0,
1647355253248656749,-0.098388671875,-0.402709960938,0.613037109375,-0.672607421875,-5883.0,-2564.0,5840.0,-37.0,-8.0,2.0,
1647355253252120256,-0.0966186523438,-0.403747558594,0.612060546875,-0.673095703125,-5848.0,-2578.0,5821.0,-38.0,-8.0,2.0,
1647355253253074169,-0.0948486328125,-0.40478515625,0.611022949219,-0.673706054688,-5828.0,-2554.0,5829.0,-40.0,-9.0,2.0,
1647355253256106138,-0.0930786132812,-0.405883789062,0.60986328125,-0.67431640625,-5827.0,-2513.0,5835.0,-42.0,-9.0,2.0,
1647355253258724212,-0.0911865234375,-0.407043457031,0.608703613281,-0.674926757812,-5827.0,-2500.0,5826.0,-44.0,-9.0,2.0,
1647355253261991262,-0.0891723632812,-0.408264160156,0.607482910156,-0.675537109375,-5809.0,-2534.0,5814.0,-47.0,-9.0,1.0,
1647355253270107030,-0.0870361328125,-0.40966796875,0.606262207031,-0.676086425781,-5786.0,-2616.0,5786.0,-48.0,-8.0,1.0,
1647355253273116111,-0.0847778320312,-0.4111328125,0.605041503906,-0.676574707031,-5752.0,-2723.0,5760.0,-49.0,-8.0,0.0,
1647355253279621839,-0.0825805664062,-0.41259765625,0.603820800781,-0.677001953125,-5727.0,-2840.0,5743.0,-49.0,-7.0,1.0,
1647355253282991647,-0.0804443359375,-0.4140625,0.602661132812,-0.677429199219,-5706.0,-2944.0,5738.0,-47.0,-7.0,1.0,
1647355253290762424,-0.0784301757812,-0.415405273438,0.601501464844,-0.677856445312,-5697.0,-3041.0,5743.0,-44.0,-6.0,2.0,
1647355253297766685,-0.07666015625,-0.416625976562,0.600402832031,-0.678283691406,-5696.0,-3097.0,5734.0,-41.0,-5.0,2.0,
1647355253301640748,-0.0750122070312,-0.417846679688,0.599365234375,-0.6787109375,-5712.0,-3125.0,5735.0,-38.0,-5.0,2.0,
1647355253376606941,-0.0734252929688,-0.4189453125,0.598327636719,-0.679077148438,-5708.0,-3154.0,5692.0,-37.0,-5.0,2.0,
1647355253380427122,-0.072021484375,-0.420043945312,0.597290039062,-0.679443359375,-5698.0,-3195.0,5637.0,-35.0,-4.0,3.0,
1647355253385073423,-0.07080078125,-0.421020507812,0.596374511719,-0.679809570312,-5686.0,-3252.0,5580.0,-30.0,-3.0,4.0,
1647355253385884046,-0.06982421875,-0.421813964844,0.595520019531,-0.680114746094,-5675.0,-3322.0,5538.0,-25.0,-2.0,4.0,
1647355253389514446,-0.0691528320312,-0.422424316406,0.594848632812,-0.680419921875,-5698.0,-3338.0,5515.0,-18.0,-2.0,5.0,
1647355253392674922,-0.06884765625,-0.422790527344,0.59423828125,-0.680725097656,-5729.0,-3283.0,5476.0,-12.0,-1.0,6.0,
1647355253459054231,-0.0687866210938,-0.423034667969,0.593688964844,-0.681030273438,-5791.0,-3168.0,5457.0,-9.0,-1.0,7.0,
1647355253468930959,-0.0689086914062,-0.423217773438,0.593139648438,-0.681457519531,-5874.0,-3019.0,5465.0,-8.0,-1.0,7.0,
1647355253473434686,-0.06884765625,-0.423461914062,0.592468261719,-0.681884765625,-5955.0,-2885.0,5555.0,-11.0,-2.0,6.0,
1647355253474259376,-0.0686645507812,-0.423706054688,0.591796875,-0.682312011719,-5994.0,-2804.0,5616.0,-15.0,-3.0,5.0,
1647355253475256919,-0.0640869140625,-0.427795410156,0.5869140625,-0.684387207031,-6130.0,-2370.0,5808.0,-46.0,-2.0,2.0,
1647355253475790739,-0.0621948242188,-0.429443359375,0.585327148438,-0.684936523438,-6167.0,-2330.0,5781.0,-54.0,-3.0,2.0,
1647355253476333141,-0.0599365234375,-0.431396484375,0.583557128906,-0.685424804688,-6174.0,-2352.0,5748.0,-62.0,-3.0,1.0,
1647355253476619482,-0.0572509765625,-0.433654785156,0.581604003906,-0.685852050781,-6174.0,-2423.0,5683.0,-69.0,-3.0,0.0,
1647355253477083444,-0.0543823242188,-0.436157226562,0.57958984375,-0.686279296875,-6191.0,-2506.0,5582.0,-73.0,-2.0,1.0,
1647355253477411746,-0.0513305664062,-0.438781738281,0.577392578125,-0.686645507812,-6246.0,-2598.0,5468.0,-78.0,-2.0,0.0,
1647355253477640628,-0.048095703125,-0.441650390625,0.575134277344,-0.686950683594,-6352.0,-2740.0,5380.0,-82.0,-3.0,-1.0,
1647355253489470481,-0.0446166992188,-0.444519042969,0.572814941406,-0.687255859375,-6524.0,-2956.0,5337.0,-83.0,-5.0,-2.0,
1647355253490075349,-0.0408935546875,-0.447143554688,0.570739746094,-0.6875,-6704.0,-3294.0,5248.0,-82.0,-10.0,-5.0,
1647355253490452289,-0.0369873046875,-0.449645996094,0.56884765625,-0.687622070312,-6867.0,-3743.0,5193.0,-78.0,-14.0,-10.0,
1647355253490793228,-0.0328369140625,-0.451904296875,0.567443847656,-0.687622070312,-7021.0,-4262.0,5188.0,-73.0,-18.0,-15.0,
1647355253503652572,-0.0286254882812,-0.453674316406,0.566467285156,-0.687377929688,-7187.0,-4826.0,5214.0,-65.0,-22.0,-20.0,
1647355253504137039,-0.0244750976562,-0.455017089844,0.565979003906,-0.687072753906,-7407.0,-5411.0,5310.0,-55.0,-26.0,-25.0,
1647355253504676580,-0.020263671875,-0.455810546875,0.566101074219,-0.686645507812,-7656.0,-6011.0,5461.0,-46.0,-32.0,-32.0,
1647355253505154132,-0.015869140625,-0.4560546875,0.566711425781,-0.68603515625,-7943.0,-6647.0,5669.0,-38.0,-39.0,-40.0,
1647355253505657196,-0.0111694335938,-0.455871582031,0.56787109375,-0.685302734375,-8252.0,-7287.0,5897.0,-34.0,-45.0,-48.0,
1647355253506190061,0.006103515625,-0.454650878906,0.573059082031,-0.681823730469,-9127.0,-8897.0,6347.0,-43.0,-61.0,-76.0,
1647355253506688117,0.115112304688,-0.446838378906,0.616088867188,-0.638366699219,-11783.0,-14833.0,6504.0,-45.0,-91.0,-216.0,
1647355253507433176,0.126220703125,-0.444885253906,0.622314453125,-0.631591796875,-11669.0,-14923.0,6245.0,-44.0,-89.0,-225.0,
1647355253507842779,0.137451171875,-0.44287109375,0.628662109375,-0.624328613281,-11465.0,-14941.0,5892.0,-44.0,-87.0,-233.0,
1647355253508331298,0.148742675781,-0.440856933594,0.635192871094,-0.616516113281,-11159.0,-14901.0,5502.0,-43.0,-83.0,-241.0,
1647355253508963346,0.159973144531,-0.438781738281,0.641906738281,-0.608154296875,-10793.0,-14778.0,5085.0,-42.0,-78.0,-248.0,
1647355253509516477,0.268676757812,-0.410400390625,0.7294921875,-0.476623535156,-4372.0,-8375.0,1012.0,-18.0,14.0,-273.0,
1647355253509916305,0.2802734375,-0.405151367188,0.744323730469,-0.450805664062,-3551.0,-7144.0,633.0,-9.0,30.0,-269.0,
1647355253510096073,0.285278320312,-0.40234375,0.751770019531,-0.437744140625,-3153.0,-6508.0,475.0,-6.0,36.0,-267.0,
1647355253510517835,0.289916992188,-0.399475097656,0.759033203125,-0.424499511719,-2824.0,-5889.0,339.0,-5.0,41.0,-264.0,
1647355253510880470,0.294189453125,-0.396667480469,0.766174316406,-0.411193847656,-2539.0,-5345.0,254.0,-5.0,46.0,-262.0,
1647355253511273384,0.298034667969,-0.393859863281,0.773193359375,-0.397766113281,-2252.0,-4892.0,138.0,-5.0,51.0,-260.0,
1647355253511752605,0.301635742188,-0.391052246094,0.780090332031,-0.384216308594,-1985.0,-4506.0,72.0,-4.0,56.0,-257.0,
1647355253520611286,0.310913085938,-0.379455566406,0.806640625,-0.329650878906,-1286.0,-2721.0,-3.0,1.0,79.0,-243.0,
1647355253528021335,0.313049316406,-0.374328613281,0.818786621094,-0.302429199219,-951.0,-1648.0,128.0,-8.0,89.0,-231.0,
1647355253531355381,0.313598632812,-0.372314453125,0.824401855469,-0.288696289062,-876.0,-1126.0,135.0,-15.0,94.0,-225.0,
1647355253536025285,0.313781738281,-0.370971679688,0.82958984375,-0.275024414062,-749.0,-715.0,222.0,-26.0,100.0,-218.0,
1647355253540606498,0.313598632812,-0.3701171875,0.83447265625,-0.26123046875,-635.0,-327.0,342.0,-34.0,106.0,-211.0,
1647355253545336484,0.31298828125,-0.36962890625,0.839111328125,-0.247497558594,-606.0,36.0,478.0,-40.0,112.0,-205.0,
1647355253550120353,0.311950683594,-0.369445800781,0.843505859375,-0.233764648438,-565.0,359.0,561.0,-45.0,116.0,-200.0,
1647355253555836439,0.310607910156,-0.369567871094,0.847595214844,-0.220153808594,-526.0,596.0,666.0,-49.0,120.0,-194.0,
1647355253562575101,0.308837890625,-0.369812011719,0.851501464844,-0.206726074219,-410.0,753.0,799.0,-50.0,123.0,-187.0,
1647355253566871881,0.306762695312,-0.3701171875,0.855224609375,-0.193542480469,-372.0,898.0,987.0,-49.0,127.0,-181.0,
1647355253571715116,0.30419921875,-0.370300292969,0.85888671875,-0.1806640625,-376.0,995.0,1295.0,-47.0,130.0,-173.0,
1647355253622468233,0.301025390625,-0.370300292969,0.862487792969,-0.168273925781,-408.0,1052.0,1685.0,-43.0,131.0,-165.0,
1647355253629476308,0.297424316406,-0.369995117188,0.866088867188,-0.156433105469,-409.0,1080.0,2096.0,-37.0,133.0,-157.0,
1647355253632434844,0.293395996094,-0.369445800781,0.869689941406,-0.145080566406,-354.0,1119.0,2526.0,-30.0,134.0,-149.0,
1647355253634041070,0.289001464844,-0.368469238281,0.873291015625,-0.134216308594,-268.0,1178.0,2957.0,-23.0,135.0,-140.0,
1647355253634920358,0.284362792969,-0.367126464844,0.876892089844,-0.123840332031,-154.0,1225.0,3315.0,-17.0,135.0,-132.0,
1647355253635234832,0.279479980469,-0.365661621094,0.880432128906,-0.113952636719,-62.0,1206.0,3611.0,-12.0,135.0,-123.0,
1647355253635597229,0.274353027344,-0.364074707031,0.883850097656,-0.104736328125,2.0,1185.0,3840.0,-7.0,134.0,-114.0,
1647355253637266635,0.26904296875,-0.362426757812,0.887145996094,-0.0960083007812,56.0,1249.0,4021.0,-3.0,133.0,-106.0,
1647355253638722658,0.263610839844,-0.360778808594,0.890319824219,-0.0877075195312,138.0,1413.0,4201.0,-3.0,132.0,-97.0,
1647355253640017509,0.258117675781,-0.359130859375,0.893310546875,-0.079833984375,226.0,1627.0,4358.0,-5.0,130.0,-89.0,
1647355253641711473,0.252563476562,-0.357788085938,0.896057128906,-0.072265625,276.0,1843.0,4548.0,-9.0,129.0,-82.0,
1647355253642045021,0.246948242188,-0.356750488281,0.898620605469,-0.0650024414062,334.0,1982.0,4734.0,-16.0,126.0,-75.0,
1647355253642369270,0.241333007812,-0.356262207031,0.900817871094,-0.0580444335938,384.0,1968.0,4961.0,-24.0,124.0,-69.0,
1647355253642687320,0.235656738281,-0.356201171875,0.902709960938,-0.0513916015625,418.0,1753.0,5288.0,-30.0,121.0,-63.0,
1647355253644841432,0.229858398438,-0.3564453125,0.904418945312,-0.045166015625,432.0,1395.0,5748.0,-33.0,119.0,-57.0,
1647355253653910636,0.223876953125,-0.356689453125,0.906127929688,-0.0394287109375,429.0,948.0,6272.0,-32.0,117.0,-51.0,
1647355253656360387,0.2177734375,-0.356750488281,0.907775878906,-0.0341796875,424.0,389.0,6826.0,-26.0,115.0,-44.0,
1647355253660969734,0.211547851562,-0.356384277344,0.909545898438,-0.0294799804688,421.0,-243.0,7335.0,-17.0,112.0,-39.0,
1647355253665487527,0.205322265625,-0.355529785156,0.911499023438,-0.0254516601562,423.0,-887.0,7764.0,-4.0,109.0,-33.0,
1647355253670238971,0.199096679688,-0.353942871094,0.913513183594,-0.0219116210938,411.0,-1418.0,8123.0,11.0,106.0,-27.0,
1647355253674730777,0.192993164062,-0.3515625,0.915832519531,-0.0189819335938,389.0,-1841.0,8401.0,26.0,102.0,-23.0,
1647355253685490131,0.186950683594,-0.348571777344,0.918273925781,-0.0164794921875,401.0,-2163.0,8610.0,39.0,98.0,-19.0,
1647355253685928344,0.181213378906,-0.345031738281,0.920776367188,-0.0143432617188,425.0,-2353.0,8737.0,48.0,94.0,-15.0,
1647355253690549612,0.175659179688,-0.341247558594,0.92333984375,-0.0125122070312,400.0,-2411.0,8826.0,52.0,90.0,-12.0,
1647355253694862365,0.170288085938,-0.337524414062,0.925720214844,-0.0108642578125,359.0,-2364.0,8860.0,50.0,85.0,-9.0,
1647355253699656009,0.165222167969,-0.334167480469,0.927856445312,-0.00927734375,324.0,-2255.0,8869.0,43.0,80.0,-8.0,
1647355253711304903,0.156005859375,-0.32958984375,0.931091308594,-0.00604248046875,253.0,-2253.0,8866.0,15.0,69.0,-8.0,
1647355253717418432,0.151916503906,-0.328857421875,0.932067871094,-0.00439453125,228.0,-2433.0,8881.0,-1.0,64.0,-8.0,
1647355253720448732,0.148010253906,-0.329040527344,0.9326171875,-0.0028076171875,208.0,-2702.0,8894.0,-16.0,60.0,-7.0,
1647355253725904226,0.144348144531,-0.330078125,0.932861328125,-0.001220703125,184.0,-3000.0,8868.0,-28.0,55.0,-7.0,
1647355253729408979,0.140930175781,-0.331665039062,0.932800292969,0.00030517578125,174.0,-3368.0,8809.0,-37.0,51.0,-6.0,
1647355253737247705,0.1376953125,-0.333618164062,0.932556152344,0.001708984375,153.0,-3816.0,8732.0,-40.0,47.0,-6.0,
1647355253742335557,0.134704589844,-0.335632324219,0.932250976562,0.00299072265625,152.0,-4339.0,8632.0,-38.0,44.0,-5.0,
1647355253746837139,0.1318359375,-0.33740234375,0.932067871094,0.00408935546875,165.0,-4875.0,8534.0,-30.0,40.0,-5.0,
1647355253749969959,0.129211425781,-0.338500976562,0.932006835938,0.0050048828125,202.0,-5325.0,8441.0,-17.0,38.0,-4.0,
1647355253754580736,0.126770019531,-0.338806152344,0.932250976562,0.0057373046875,251.0,-5601.0,8366.0,-2.0,35.0,-4.0,
1647355253759269714,0.124389648438,-0.338134765625,0.932800292969,0.00640869140625,301.0,-5688.0,8308.0,12.0,34.0,-4.0,
1647355253766185283,0.122192382812,-0.336669921875,0.93359375,0.00689697265625,362.0,-5653.0,8226.0,23.0,32.0,-3.0,
1647355253770791769,0.120056152344,-0.334655761719,0.9345703125,0.00732421875,400.0,-5577.0,8128.0,31.0,31.0,-2.0,
1647355253775961875,0.117980957031,-0.332336425781,0.935729980469,0.00762939453125,467.0,-5505.0,8031.0,37.0,31.0,-1.0,
1647355253780086040,0.115966796875,-0.329833984375,0.936828613281,0.00787353515625,532.0,-5428.0,7945.0,41.0,30.0,-1.0,
1647355253784599304,0.114013671875,-0.3271484375,0.93798828125,0.008056640625,593.0,-5328.0,7840.0,43.0,29.0,0.0,
1647355253789195775,0.112121582031,-0.324462890625,0.939147949219,0.00811767578125,653.0,-5188.0,7708.0,44.0,28.0,2.0,
1647355253795967817,0.110229492188,-0.32177734375,0.940307617188,0.00811767578125,712.0,-4985.0,7571.0,43.0,28.0,4.0,
1647355253800852298,0.1083984375,-0.319091796875,0.941467285156,0.00799560546875,766.0,-4743.0,7454.0,42.0,27.0,5.0,
1647355253807671308,0.106628417969,-0.316528320312,0.942504882812,0.00787353515625,803.0,-4508.0,7377.0,39.0,27.0,6.0,
1647355253812023878,0.104797363281,-0.314208984375,0.943481445312,0.00775146484375,825.0,-4328.0,7302.0,34.0,26.0,7.0,
1647355253820085525,0.10302734375,-0.312255859375,0.9443359375,0.007568359375,820.0,-4237.0,7253.0,29.0,25.0,8.0,
1647355253821934938,0.101257324219,-0.310668945312,0.945068359375,0.00738525390625,795.0,-4209.0,7241.0,23.0,25.0,8.0,
1647355253827125072,0.0994262695312,-0.309509277344,0.945617675781,0.00714111328125,755.0,-4196.0,7241.0,17.0,24.0,9.0,
1647355253834121227,0.09765625,-0.30859375,0.946105957031,0.00689697265625,736.0,-4227.0,7233.0,12.0,23.0,9.0,
1647355253836772918,0.0960083007812,-0.308044433594,0.946472167969,0.006591796875,714.0,-4324.0,7230.0,8.0,21.0,10.0,
1647355253845083475,0.0943603515625,-0.3076171875,0.94677734375,0.0062255859375,679.0,-4476.0,7219.0,6.0,21.0,11.0,
1647355253851972341,0.0927124023438,-0.307250976562,0.947082519531,0.00579833984375,634.0,-4642.0,7217.0,7.0,20.0,11.0,
1647355253908937931,0.091064453125,-0.306762695312,0.947387695312,0.00531005859375,589.0,-4858.0,7227.0,10.0,19.0,11.0,
1647355253914287805,0.0894775390625,-0.305908203125,0.947814941406,0.00482177734375,544.0,-5159.0,7246.0,17.0,18.0,11.0,
1647355253952840089,0.0879516601562,-0.3046875,0.948364257812,0.0042724609375,506.0,-5503.0,7296.0,27.0,17.0,10.0,
1647355254004729747,0.0864868164062,-0.302856445312,0.949035644531,0.003662109375,484.0,-5760.0,7339.0,38.0,16.0,9.0,
1647355254075113058,0.0851440429688,-0.300415039062,0.949951171875,0.0030517578125,477.0,-5870.0,7412.0,49.0,15.0,9.0,
1647355254143560886,0.0838012695312,-0.297241210938,0.951110839844,0.0023193359375,480.0,-5807.0,7465.0,58.0,15.0,10.0,
