1647444226049743652,0.930236816406,0.239440917969,0.00439453125,0.277893066406,-882.0,3695.0,-7397.0,12.0,23.0,24.0,
1647444226054121255,0.930908203125,0.238464355469,0.0059814453125,0.276489257812,-772.0,3599.0,-7304.0,13.0,24.0,24.0,
1647444226058669090,0.931518554688,0.237487792969,0.00738525390625,0.275207519531,-677.0,3524.0,-7202.0,14.0,19.0,22.0,
1647444226063117027,0.93212890625,0.236572265625,0.0084228515625,0.273986816406,-615.0,3434.0,-7097.0,13.0,13.0,20.0,
1647444226067699670,0.932678222656,0.235656738281,0.00927734375,0.272705078125,-566.0,3331.0,-6990.0,14.0,11.0,19.0,
1647444226072266578,0.933288574219,0.234802246094,0.0101928710938,0.271362304688,-453.0,3256.0,-6929.0,16.0,13.0,19.0,
1647444226076723814,0.933959960938,0.23388671875,0.0111083984375,0.269836425781,-280.0,3191.0,-6897.0,18.0,12.0,19.0,
1647444226083502531,0.934631347656,0.23291015625,0.0116577148438,0.268249511719,-87.0,3101.0,-6863.0,21.0,5.0,17.0,
1647444226087930679,0.935363769531,0.23193359375,0.0114135742188,0.2666015625,73.0,2974.0,-6790.0,24.0,-8.0,14.0,
1647444226092474699,0.936096191406,0.231018066406,0.0104370117188,0.264892578125,128.0,2817.0,-6718.0,27.0,-19.0,9.0,
1647444226097370147,0.936767578125,0.230224609375,0.00897216796875,0.26318359375,127.0,2679.0,-6651.0,28.0,-24.0,7.0,
1647444226101707458,0.937438964844,0.2294921875,0.0074462890625,0.261535644531,91.0,2595.0,-6627.0,28.0,-24.0,5.0,
1647444226108523607,0.938049316406,0.228881835938,0.00616455078125,0.259948730469,21.0,2588.0,-6621.0,25.0,-20.0,5.0,
1647444226112926244,0.938598632812,0.228271484375,0.00537109375,0.258544921875,-141.0,2704.0,-6503.0,23.0,-12.0,7.0,
1647444226119058847,0.93896484375,0.227783203125,0.0050048828125,0.257507324219,-513.0,2900.0,-6447.0,18.0,-4.0,9.0,
1647444226122096061,0.939208984375,0.227478027344,0.0050048828125,0.256958007812,-1051.0,3127.0,-6515.0,12.0,6.0,8.0,
1647444226126755475,0.939331054688,0.227722167969,0.005859375,0.256286621094,-1557.0,3446.0,-6592.0,8.0,27.0,6.0,
1647444226133397817,0.939392089844,0.228393554688,0.00811767578125,0.255493164062,-1949.0,3843.0,-6576.0,8.0,52.0,4.0,
1647444226138199090,0.939331054688,0.229370117188,0.0117797851562,0.254638671875,-2220.0,4242.0,-6461.0,6.0,74.0,5.0,
1647444226145105361,0.939147949219,0.230407714844,0.0166625976562,0.253967285156,-2301.0,4545.0,-6413.0,2.0,91.0,8.0,
1647444226149621963,0.93896484375,0.2314453125,0.0223388671875,0.253234863281,-2273.0,4766.0,-6539.0,-2.0,102.0,10.0,
1647444226153905153,0.938781738281,0.232543945312,0.028076171875,0.252380371094,-2215.0,4955.0,-6743.0,-2.0,100.0,9.0,
1647444226158512115,0.938598632812,0.233764648438,0.033203125,0.251281738281,-2146.0,5124.0,-6929.0,2.0,92.0,3.0,
1647444226162901401,0.938415527344,0.235290527344,0.0375366210938,0.25,-2037.0,5292.0,-7096.0,8.0,82.0,-3.0,
1647444226167606353,0.938293457031,0.236877441406,0.041259765625,0.248413085938,-1920.0,5454.0,-7240.0,16.0,73.0,-8.0,
1647444226172011852,0.938232421875,0.238525390625,0.0444946289062,0.246459960938,-1826.0,5583.0,-7344.0,24.0,66.0,-10.0,
1647444226176617383,0.938293457031,0.240112304688,0.0473022460938,0.244140625,-1742.0,5672.0,-7378.0,32.0,62.0,-10.0,
1647444226183620452,0.9384765625,0.241638183594,0.0498657226562,0.241455078125,-1636.0,5708.0,-7337.0,40.0,59.0,-9.0,
1647444226188107967,0.938720703125,0.2431640625,0.0520629882812,0.238525390625,-1459.0,5670.0,-7308.0,45.0,54.0,-10.0,
1647444226192620277,0.939025878906,0.244689941406,0.0537719726562,0.235412597656,-1212.0,5545.0,-7294.0,48.0,45.0,-13.0,
1647444226198091983,0.939331054688,0.246337890625,0.0547485351562,0.232177734375,-987.0,5375.0,-7303.0,52.0,33.0,-18.0,
1647444226211248874,0.939636230469,0.248168945312,0.054443359375,0.229064941406,-873.0,5231.0,-7298.0,54.0,12.0,-26.0,
1647444226211717844,0.939880371094,0.250244140625,0.0526733398438,0.226196289062,-816.0,5097.0,-7231.0,55.0,-8.0,-36.0,
1647444226224025487,0.93994140625,0.252685546875,0.0498657226562,0.223754882812,-797.0,4942.0,-7132.0,54.0,-23.0,-45.0,
1647444226224510908,0.939880371094,0.25537109375,0.04638671875,0.221740722656,-868.0,4755.0,-7003.0,50.0,-34.0,-52.0,
1647444226224980115,0.939636230469,0.258361816406,0.0423583984375,0.22021484375,-968.0,4539.0,-6835.0,44.0,-41.0,-60.0,
1647444226228407621,0.939086914062,0.26171875,0.0381469726562,0.219177246094,-1052.0,4355.0,-6600.0,35.0,-44.0,-67.0,
1647444226233168601,0.938354492188,0.265319824219,0.0339965820312,0.218872070312,-1176.0,4192.0,-6312.0,24.0,-45.0,-72.0,
1647444226237881898,0.937255859375,0.269104003906,0.0302734375,0.21923828125,-1298.0,3998.0,-6084.0,12.0,-39.0,-75.0,
1647444226243600845,0.936096191406,0.27294921875,0.0275268554688,0.219970703125,-1323.0,3777.0,-5976.0,0.0,-27.0,-72.0,
1647444226249521732,0.934875488281,0.276489257812,0.0258178710938,0.220764160156,-1231.0,3590.0,-5953.0,-7.0,-13.0,-65.0,
1647444226253807544,0.933837890625,0.279663085938,0.0250854492188,0.221435546875,-1111.0,3417.0,-5939.0,-10.0,-2.0,-57.0,
1647444226258416891,0.932922363281,0.282470703125,0.0249633789062,0.221801757812,-1008.0,3194.0,-5939.0,-9.0,6.0,-47.0,
1647444226262795686,0.932189941406,0.284790039062,0.0254516601562,0.2216796875,-910.0,2966.0,-5985.0,-6.0,16.0,-37.0,
1647444226267675399,0.931762695312,0.28662109375,0.0265502929688,0.221069335938,-799.0,2790.0,-6076.0,-1.0,26.0,-27.0,
1647444226271836519,0.931457519531,0.288208007812,0.0281982421875,0.220031738281,-674.0,2690.0,-6151.0,3.0,34.0,-19.0,
1647444226276565551,0.931335449219,0.289489746094,0.030029296875,0.218688964844,-536.0,2641.0,-6198.0,7.0,37.0,-14.0,
1647444226283452749,0.931213378906,0.290649414062,0.031982421875,0.21728515625,-342.0,2569.0,-6259.0,9.0,38.0,-12.0,
1647444226288069009,0.931213378906,0.291625976562,0.0341186523438,0.215759277344,-92.0,2467.0,-6300.0,10.0,38.0,-9.0,
1647444226292483091,0.931213378906,0.292419433594,0.0362548828125,0.214294433594,190.0,2396.0,-6279.0,8.0,36.0,-7.0,
1647444226297189712,0.931213378906,0.293029785156,0.038330078125,0.213256835938,451.0,2400.0,-6236.0,3.0,31.0,-5.0,
1647444226301903724,0.931091308594,0.293273925781,0.0401000976562,0.212890625,590.0,2448.0,-6265.0,-5.0,22.0,-2.0,
1647444226308588504,0.930969238281,0.29345703125,0.0414428710938,0.213134765625,507.0,2429.0,-6283.0,-12.0,14.0,-2.0,
1647444226313104629,0.9306640625,0.293823242188,0.042724609375,0.213562011719,371.0,2432.0,-6300.0,-17.0,16.0,-3.0,
1647444226317656040,0.930236816406,0.294311523438,0.0444946289062,0.214233398438,322.0,2468.0,-6356.0,-22.0,26.0,-4.0,
1647444226322042465,0.929809570312,0.294799804688,0.0468139648438,0.215026855469,342.0,2482.0,-6429.0,-27.0,32.0,-3.0,
1647444226326724767,0.929321289062,0.295227050781,0.0493774414062,0.215942382812,359.0,2500.0,-6513.0,-31.0,33.0,-1.0,
1647444226333471775,0.928833007812,0.295471191406,0.0519409179688,0.217102050781,319.0,2571.0,-6597.0,-34.0,32.0,0.0,
1647444226338221788,0.928344726562,0.295654296875,0.0545043945312,0.218505859375,234.0,2663.0,-6722.0,-37.0,32.0,2.0,
1647444226342805147,0.927856445312,0.295593261719,0.057373046875,0.219848632812,121.0,2783.0,-6842.0,-38.0,36.0,7.0,
1647444226348973751,0.927429199219,0.295288085938,0.0604858398438,0.221130371094,40.0,2924.0,-6949.0,-38.0,42.0,13.0,
1647444226353875637,0.927124023438,0.294738769531,0.0641479492188,0.222229003906,-10.0,3067.0,-7073.0,-36.0,48.0,19.0,
1647444226358556509,0.926879882812,0.294006347656,0.068115234375,0.223022460938,-62.0,3193.0,-7187.0,-34.0,54.0,24.0,
1647444226362886190,0.926696777344,0.293090820312,0.0723876953125,0.223510742188,-76.0,3313.0,-7277.0,-30.0,60.0,28.0,
1647444226367404937,0.926635742188,0.292114257812,0.0768432617188,0.2236328125,-56.0,3412.0,-7368.0,-26.0,64.0,31.0,
1647444226371920585,0.926635742188,0.291076660156,0.08154296875,0.223449707031,-20.0,3531.0,-7453.0,-22.0,68.0,33.0,
1647444226378662586,0.926635742188,0.2900390625,0.0863647460938,0.222900390625,22.0,3689.0,-7516.0,-17.0,71.0,34.0,
1647444226383174419,0.926696777344,0.288940429688,0.09130859375,0.22216796875,92.0,3866.0,-7530.0,-12.0,74.0,35.0,
1647444226387742042,0.926696777344,0.287902832031,0.0963745117188,0.22119140625,139.0,3992.0,-7512.0,-9.0,77.0,35.0,
1647444226392435312,0.9267578125,0.286926269531,0.101440429688,0.220092773438,195.0,4091.0,-7511.0,-6.0,78.0,35.0,
1647444226397577285,0.9267578125,0.286010742188,0.1064453125,0.218811035156,307.0,4170.0,-7520.0,-4.0,79.0,34.0,
1647444226403828620,0.9267578125,0.28515625,0.111328125,0.217468261719,438.0,4222.0,-7487.0,-2.0,76.0,32.0,
1647444226408422946,0.9267578125,0.284362792969,0.115844726562,0.216186523438,569.0,4203.0,-7442.0,-2.0,70.0,29.0,
1647444226413227081,0.926696777344,0.283630371094,0.119934082031,0.215087890625,695.0,4225.0,-7409.0,-3.0,62.0,26.0,
1647444226417588710,0.926635742188,0.283020019531,0.123474121094,0.214233398438,852.0,4261.0,-7403.0,-5.0,54.0,22.0,
1647444226422209978,0.926574707031,0.282348632812,0.126647949219,0.213623046875,1029.0,4264.0,-7399.0,-5.0,45.0,20.0,
1647444226426623821,0.926513671875,0.281677246094,0.12939453125,0.213073730469,1195.0,4265.0,-7384.0,-5.0,38.0,19.0,
1647444226433466911,0.926513671875,0.280883789062,0.131774902344,0.212707519531,1338.0,4245.0,-7330.0,-6.0,31.0,19.0,
1647444226438215017,0.926574707031,0.279968261719,0.1337890625,0.212463378906,1413.0,4234.0,-7437.0,-7.0,24.0,20.0,
1647444226443139553,0.926574707031,0.279113769531,0.135192871094,0.212585449219,1540.0,4406.0,-7473.0,-11.0,14.0,16.0,
1647444226448131084,0.926574707031,0.278137207031,0.136657714844,0.212890625,1746.0,4438.0,-7446.0,-10.0,13.0,17.0,
1647444226454275608,0.9267578125,0.27685546875,0.138061523438,0.213012695312,1876.0,4331.0,-7461.0,-8.0,10.0,21.0,
1647444226458782911,0.927001953125,0.275390625,0.139099121094,0.212951660156,1968.0,4335.0,-7454.0,-8.0,5.0,24.0,
1647444226463766574,0.927307128906,0.273742675781,0.140075683594,0.213012695312,2022.0,4423.0,-7496.0,-8.0,3.0,27.0,
1647444226468069791,0.927673339844,0.272033691406,0.140930175781,0.213134765625,2034.0,4502.0,-7508.0,-6.0,2.0,28.0,
1647444226472586154,0.928100585938,0.270324707031,0.141723632812,0.213073730469,1995.0,4539.0,-7509.0,-3.0,2.0,30.0,
1647444226477133989,0.928466796875,0.268615722656,0.142639160156,0.212890625,1955.0,4574.0,-7479.0,-2.0,5.0,30.0,
1647444226484446287,0.928833007812,0.26708984375,0.143676757812,0.212768554688,1936.0,4602.0,-7441.0,-3.0,8.0,29.0,
1647444226488269090,0.929077148438,0.265563964844,0.14501953125,0.212585449219,1921.0,4644.0,-7387.0,-4.0,13.0,28.0,
1647444226492861270,0.929260253906,0.264099121094,0.146484375,0.212463378906,1899.0,4696.0,-7355.0,-4.0,15.0,28.0,
1647444226497430086,0.929443359375,0.262634277344,0.148010253906,0.21240234375,1890.0,4762.0,-7340.0,-5.0,16.0,27.0,
1647444226501890420,0.929626464844,0.261169433594,0.149597167969,0.212280273438,1931.0,4817.0,-7324.0,-4.0,18.0,28.0,
1647444226508460760,0.929809570312,0.259704589844,0.1513671875,0.211975097656,1995.0,4873.0,-7314.0,-3.0,19.0,29.0,
1647444226514097929,0.930053710938,0.258239746094,0.153137207031,0.211669921875,2082.0,4941.0,-7297.0,-2.0,20.0,29.0,
1647444226518608570,0.930236816406,0.256713867188,0.154968261719,0.211364746094,2201.0,4986.0,-7272.0,-1.0,19.0,30.0,
1647444226522733211,0.930480957031,0.255065917969,0.15673828125,0.210876464844,2326.0,5015.0,-7235.0,0.0,17.0,31.0,
1647444226527757644,0.930786132812,0.253295898438,0.158325195312,0.21044921875,2427.0,5044.0,-7200.0,0.0,14.0,33.0,
1647444226534809827,0.93115234375,0.251342773438,0.159729003906,0.210083007812,2520.0,5062.0,-7166.0,0.0,10.0,35.0,
1647444226538475990,0.931579589844,0.249267578125,0.160949707031,0.209716796875,2619.0,5065.0,-7116.0,1.0,7.0,36.0,
1647444226543109655,0.932067871094,0.247009277344,0.162048339844,0.209350585938,2750.0,5031.0,-7067.0,0.0,4.0,39.0,
1647444226548114538,0.932678222656,0.244506835938,0.163024902344,0.209045410156,2878.0,4982.0,-7027.0,0.0,-1.0,42.0,
1647444226556553125,0.933288574219,0.241760253906,0.163818359375,0.208740234375,2940.0,4935.0,-6966.0,-1.0,-5.0,45.0,
1647444226561238288,0.934020996094,0.238708496094,0.164489746094,0.208374023438,2961.0,4900.0,-6886.0,-1.0,-6.0,49.0,
1647444226565815925,0.934753417969,0.235534667969,0.165466308594,0.2080078125,2975.0,4867.0,-6776.0,0.0,-3.0,54.0,
1647444226569205999,0.935485839844,0.232116699219,0.166809082031,0.207580566406,2982.0,4848.0,-6643.0,-1.0,3.0,58.0,
1647444226574032306,0.936157226562,0.228576660156,0.16845703125,0.207153320312,2949.0,4837.0,-6512.0,-4.0,8.0,62.0,
1647444226579321861,0.936706542969,0.224853515625,0.170593261719,0.206970214844,2912.0,4829.0,-6403.0,-8.0,14.0,65.0,
1647444226583576202,0.937133789062,0.221008300781,0.173156738281,0.20703125,2913.0,4812.0,-6325.0,-15.0,21.0,68.0,
1647444226587615966,0.937438964844,0.216918945312,0.176147460938,0.207397460938,2942.0,4813.0,-6265.0,-22.0,26.0,71.0,
1647444226592044591,0.937622070312,0.212707519531,0.179443359375,0.208068847656,2969.0,4842.0,-6208.0,-29.0,28.0,74.0,
1647444226598873376,0.937683105469,0.208312988281,0.182983398438,0.209167480469,2989.0,4883.0,-6169.0,-37.0,30.0,75.0,
1647444226603438377,0.937622070312,0.203796386719,0.186645507812,0.210693359375,3033.0,4933.0,-6147.0,-44.0,31.0,76.0,
1647444226608836889,0.937438964844,0.199096679688,0.190490722656,0.212463378906,3096.0,5005.0,-6141.0,-50.0,32.0,78.0,
1647444226612446069,0.937255859375,0.194274902344,0.194274902344,0.214538574219,3151.0,5094.0,-6152.0,-54.0,31.0,79.0,
1647444226617079734,0.936950683594,0.189331054688,0.197937011719,0.216796875,3186.0,5201.0,-6190.0,-57.0,28.0,80.0,
1647444226624198675,0.936645507812,0.184387207031,0.201354980469,0.219116210938,3163.0,5330.0,-6238.0,-58.0,25.0,79.0,
1647444226629012823,0.936340332031,0.179565429688,0.204528808594,0.221496582031,3086.0,5461.0,-6295.0,-56.0,22.0,78.0,
1647444226633190870,0.936096191406,0.174926757812,0.207397460938,0.223754882812,2987.0,5600.0,-6371.0,-53.0,21.0,75.0,
1647444226637919664,0.935791015625,0.170471191406,0.210021972656,0.225891113281,2852.0,5756.0,-6442.0,-49.0,18.0,72.0,
1647444226642465353,0.935546875,0.166381835938,0.212341308594,0.227783203125,2691.0,5918.0,-6506.0,-44.0,18.0,68.0,
1647444226647109746,0.935302734375,0.16259765625,0.214477539062,0.229370117188,2511.0,6054.0,-6526.0,-37.0,17.0,64.0,
1647444226655955553,0.935119628906,0.1591796875,0.216430664062,0.230773925781,2318.0,6140.0,-6544.0,-31.0,17.0,60.0,
1647444226660511493,0.934997558594,0.156005859375,0.218200683594,0.231811523438,2124.0,6189.0,-6572.0,-26.0,17.0,57.0,
1647444226665107250,0.934875488281,0.153137207031,0.219970703125,0.232666015625,1946.0,6210.0,-6559.0,-22.0,20.0,53.0,
1647444226669558286,0.934631347656,0.150512695312,0.221862792969,0.233459472656,1767.0,6210.0,-6479.0,-21.0,24.0,50.0,
1647444226674196958,0.934265136719,0.148132324219,0.224060058594,0.234375,1614.0,6213.0,-6333.0,-22.0,28.0,46.0,
1647444226678702354,0.933654785156,0.145935058594,0.226623535156,0.235595703125,1486.0,6188.0,-6182.0,-28.0,35.0,44.0,
1647444226683221101,0.932861328125,0.143798828125,0.229614257812,0.2373046875,1371.0,6142.0,-6014.0,-37.0,41.0,42.0,
1647444226687870740,0.931701660156,0.141723632812,0.233032226562,0.239562988281,1376.0,6126.0,-5774.0,-48.0,47.0,40.0,
1647444226692537546,0.930297851562,0.139526367188,0.236877441406,0.242736816406,1463.0,6149.0,-5481.0,-62.0,50.0,39.0,
1647444226697394371,0.928649902344,0.137023925781,0.240295410156,0.2470703125,1424.0,6104.0,-5414.0,-80.0,39.0,36.0,
1647444226704039096,0.927001953125,0.134399414062,0.242614746094,0.252258300781,1297.0,6052.0,-5403.0,-94.0,22.0,31.0,
1647444226708733081,0.92529296875,0.131774902344,0.24462890625,0.257873535156,1245.0,6018.0,-5328.0,-102.0,20.0,29.0,
1647444226712935924,0.923400878906,0.129211425781,0.246826171875,0.263854980469,1212.0,5968.0,-5289.0,-107.0,21.0,26.0,
1647444226717621564,0.921508789062,0.126708984375,0.248596191406,0.27001953125,1106.0,5905.0,-5336.0,-111.0,15.0,22.0,
1647444226722177505,0.919616699219,0.124450683594,0.249694824219,0.276306152344,964.0,5833.0,-5411.0,-111.0,8.0,16.0,
1647444226726994037,0.917785644531,0.122680664062,0.250549316406,0.282348632812,876.0,5751.0,-5495.0,-107.0,7.0,9.0,
1647444226734264850,0.916015625,0.121398925781,0.251037597656,0.288146972656,877.0,5645.0,-5553.0,-101.0,5.0,1.0,
1647444226738635301,0.914367675781,0.12060546875,0.251098632812,0.293640136719,836.0,5485.0,-5588.0,-93.0,-2.0,-8.0,
1647444226743229866,0.912963867188,0.120300292969,0.250305175781,0.298828125,701.0,5322.0,-5586.0,-86.0,-11.0,-19.0,
1647444226747756481,0.911682128906,0.120666503906,0.248657226562,0.303955078125,580.0,5157.0,-5544.0,-79.0,-19.0,-31.0,
1647444226752403497,0.910400390625,0.121887207031,0.246459960938,0.309020996094,517.0,4951.0,-5484.0,-74.0,-24.0,-46.0,
1647444226758750677,0.9091796875,0.123718261719,0.243591308594,0.314086914062,416.0,4760.0,-5386.0,-72.0,-32.0,-61.0,
1647444226763383388,0.907897949219,0.126281738281,0.240112304688,0.319458007812,280.0,4630.0,-5264.0,-72.0,-38.0,-74.0,
1647444226768064498,0.906372070312,0.129455566406,0.236328125,0.3251953125,205.0,4439.0,-5113.0,-74.0,-39.0,-87.0,
1647444226772504329,0.904663085938,0.133178710938,0.232177734375,0.331298828125,239.0,4272.0,-4902.0,-79.0,-42.0,-100.0,
1647444226777231216,0.902709960938,0.13720703125,0.227661132812,0.338134765625,266.0,4261.0,-5065.0,-88.0,-50.0,-111.0,
1647444226783949375,0.900634765625,0.141357421875,0.222351074219,0.345336914062,476.0,4292.0,-5144.0,-96.0,-58.0,-120.0,
1647444226788491010,0.8984375,0.1455078125,0.217712402344,0.352355957031,756.0,4168.0,-5077.0,-93.0,-51.0,-118.0,
1647444226792989492,0.896240234375,0.149291992188,0.212890625,0.359252929688,1006.0,4133.0,-5116.0,-94.0,-59.0,-116.0,
1647444226797543525,0.894104003906,0.152465820312,0.206970214844,0.366638183594,1081.0,4179.0,-5099.0,-101.0,-79.0,-115.0,
1647444226802043199,0.891906738281,0.1552734375,0.200073242188,0.37451171875,922.0,4144.0,-5007.0,-104.0,-96.0,-115.0,
1647444226808746337,0.889587402344,0.158142089844,0.192443847656,0.382690429688,639.0,4147.0,-4947.0,-109.0,-104.0,-118.0,
1647444226813278913,0.886962890625,0.161254882812,0.184631347656,0.391296386719,352.0,4221.0,-4984.0,-115.0,-102.0,-123.0,
1647444226818763256,0.884033203125,0.164733886719,0.1767578125,0.399963378906,124.0,4347.0,-5156.0,-118.0,-99.0,-128.0,
1647444226822406768,0.880981445312,0.168579101562,0.1689453125,0.408386230469,-1.0,4454.0,-5375.0,-116.0,-96.0,-133.0,
1647444226829139709,0.877990722656,0.172668457031,0.161254882812,0.416198730469,-41.0,4524.0,-5558.0,-110.0,-91.0,-136.0,
1647444226833549737,0.875,0.176940917969,0.153747558594,0.423400878906,-54.0,4599.0,-5675.0,-100.0,-88.0,-137.0,
1647444226838284730,0.872192382812,0.181335449219,0.146179199219,0.430114746094,-70.0,4672.0,-5802.0,-91.0,-87.0,-138.0,
1647444226842744827,0.869384765625,0.185791015625,0.138488769531,0.436279296875,-89.0,4755.0,-5916.0,-83.0,-88.0,-139.0,
1647444226847201824,0.866760253906,0.190246582031,0.130432128906,0.442016601562,-114.0,4845.0,-6026.0,-76.0,-92.0,-141.0,
1647444226855117321,0.8642578125,0.194702148438,0.1220703125,0.447387695312,-152.0,4947.0,-6131.0,-68.0,-96.0,-142.0,
1647444226862448930,0.861877441406,0.199096679688,0.113464355469,0.452209472656,-200.0,5051.0,-6245.0,-60.0,-99.0,-141.0,
1647444226870603322,0.857788085938,0.207702636719,0.0960693359375,0.460205078125,-250.0,5254.0,-6445.0,-40.0,-100.0,-137.0,
1647444226875092029,0.856018066406,0.211791992188,0.0872802734375,0.463317871094,-279.0,5355.0,-6518.0,-31.0,-101.0,-134.0,
1647444226879628896,0.8544921875,0.215637207031,0.0784301757812,0.465942382812,-331.0,5476.0,-6577.0,-22.0,-103.0,-130.0,
1647444226884391784,0.853149414062,0.219177246094,0.0695190429688,0.468078613281,-358.0,5589.0,-6625.0,-14.0,-104.0,-125.0,
1647444226888824939,0.852111816406,0.222351074219,0.0606079101562,0.469848632812,-362.0,5692.0,-6660.0,-6.0,-107.0,-120.0,
1647444226893221855,0.851257324219,0.225158691406,0.0516967773438,0.471069335938,-417.0,5784.0,-6704.0,2.0,-110.0,-113.0,
1647444226897843122,0.850708007812,0.2275390625,0.0429077148438,0.471801757812,-459.0,5878.0,-6787.0,11.0,-108.0,-105.0,
1647444226902520895,0.8505859375,0.229675292969,0.03466796875,0.4716796875,-464.0,5979.0,-6888.0,23.0,-101.0,-96.0,
1647444226907183885,0.850891113281,0.231567382812,0.0269775390625,0.470703125,-478.0,6103.0,-7017.0,36.0,-93.0,-87.0,
1647444226914020061,0.851745605469,0.233276367188,0.0197143554688,0.468688964844,-476.0,6226.0,-7162.0,52.0,-86.0,-79.0,
1647444226918861389,0.853149414062,0.234741210938,0.012939453125,0.465576171875,-410.0,6317.0,-7318.0,71.0,-77.0,-70.0,
1647444226923322200,0.855285644531,0.23583984375,0.00677490234375,0.461181640625,-304.0,6402.0,-7483.0,90.0,-68.0,-59.0,
1647444226927937984,0.858093261719,0.236633300781,0.00128173828125,0.455627441406,-153.0,6478.0,-7641.0,110.0,-58.0,-48.0,
1647444226932296991,0.861633300781,0.236938476562,-0.0035400390625,0.448791503906,79.0,6554.0,-7771.0,130.0,-48.0,-35.0,
1647444226936920642,0.86572265625,0.236450195312,-0.00775146484375,0.44091796875,273.0,6650.0,-7868.0,148.0,-42.0,-20.0,
1647444226943545818,0.870422363281,0.235229492188,-0.011474609375,0.432189941406,264.0,6770.0,-7950.0,164.0,-39.0,-3.0,
1647444226948156595,0.875549316406,0.233459472656,-0.0145874023438,0.422668457031,89.0,6872.0,-7980.0,178.0,-28.0,14.0,
1647444226952862739,0.881042480469,0.231506347656,-0.0162353515625,0.412170410156,-80.0,6934.0,-7947.0,190.0,-1.0,31.0,
1647444226957488536,0.886840820312,0.229370117188,-0.0155639648438,0.400695800781,-174.0,6935.0,-7841.0,199.0,35.0,49.0,
1647444226964026927,0.892883300781,0.227111816406,-0.0125732421875,0.388549804688,-248.0,6882.0,-7689.0,203.0,72.0,68.0,
1647444226968949079,0.898864746094,0.224609375,-0.0072021484375,0.376098632812,-316.0,6790.0,-7497.0,200.0,106.0,86.0,
1647444226973388195,0.904663085938,0.222045898438,0.0003662109375,0.363525390625,-300.0,6621.0,-7242.0,194.0,140.0,102.0,
1647444226977796792,0.910217285156,0.219177246094,0.0103759765625,0.35107421875,-135.0,6365.0,-6963.0,182.0,173.0,118.0,
1647444226982493877,0.915344238281,0.216003417969,0.0223999023438,0.338989257812,162.0,6087.0,-6696.0,166.0,198.0,132.0,
1647444226987042903,0.919860839844,0.212341308594,0.035888671875,0.32763671875,514.0,5822.0,-6430.0,147.0,213.0,144.0,
1647444226993972301,0.923828125,0.208190917969,0.0503540039062,0.317199707031,880.0,5578.0,-6166.0,127.0,220.0,153.0,
1647444226998599052,0.927062988281,0.203552246094,0.0652465820312,0.307861328125,1291.0,5372.0,-5956.0,105.0,221.0,158.0,
1647444227002878904,0.9296875,0.198425292969,0.0801391601562,0.299682617188,1725.0,5222.0,-5806.0,83.0,213.0,162.0,
1647444227007520198,0.931701660156,0.192810058594,0.094482421875,0.292846679688,2154.0,5140.0,-5689.0,63.0,198.0,163.0,
1647444227014390707,0.933227539062,0.186584472656,0.107971191406,0.287231445312,2557.0,5109.0,-5617.0,44.0,178.0,163.0,
1647444227019026756,0.934326171875,0.179931640625,0.120361328125,0.282897949219,2808.0,5134.0,-5570.0,25.0,155.0,162.0,
1647444227023868560,0.935119628906,0.173034667969,0.13134765625,0.27978515625,2922.0,5227.0,-5573.0,9.0,133.0,158.0,
1647444227028287887,0.935546875,0.165954589844,0.141174316406,0.27783203125,2979.0,5371.0,-5619.0,-5.0,115.0,154.0,
1647444227032710552,0.935729980469,0.158874511719,0.150207519531,0.276672363281,3044.0,5543.0,-5660.0,-17.0,102.0,149.0,
1647444227041119813,0.935607910156,0.15185546875,0.158508300781,0.276245117188,3197.0,5774.0,-5621.0,-26.0,90.0,143.0,
1647444227044433832,0.935363769531,0.144897460938,0.165771484375,0.276672363281,3033.0,6035.0,-5636.0,-35.0,71.0,134.0,
1647444227048995733,0.934997558594,0.138732910156,0.170776367188,0.278076171875,2473.0,6250.0,-5821.0,-42.0,44.0,114.0,
1647444227053449153,0.934448242188,0.133666992188,0.174560546875,0.279907226562,2125.0,6443.0,-5903.0,-46.0,40.0,97.0,
1647444227058302640,0.933715820312,0.129211425781,0.178955078125,0.28173828125,2034.0,6643.0,-6027.0,-46.0,50.0,87.0,
1647444227064837455,0.932861328125,0.125305175781,0.183166503906,0.283630371094,1884.0,6879.0,-6157.0,-46.0,46.0,76.0,
1647444227069579124,0.931945800781,0.122009277344,0.186645507812,0.285705566406,1649.0,7094.0,-6214.0,-44.0,40.0,64.0,
1647444227073985099,0.931030273438,0.119323730469,0.189880371094,0.287719726562,1437.0,7283.0,-6237.0,-40.0,40.0,55.0,
1647444227079707622,0.930053710938,0.1171875,0.192687988281,0.289855957031,1283.0,7457.0,-6276.0,-39.0,38.0,46.0,
1647444227083171606,0.929138183594,0.115539550781,0.19482421875,0.292114257812,1125.0,7578.0,-6260.0,-39.0,29.0,33.0,
1647444227088101625,0.92822265625,0.114501953125,0.196044921875,0.294494628906,842.0,7639.0,-6189.0,-37.0,17.0,21.0,
1647444227092406034,0.927368164062,0.114074707031,0.196594238281,0.297058105469,509.0,7677.0,-6155.0,-36.0,12.0,10.0,
1647444227097584009,0.926391601562,0.1142578125,0.196899414062,0.299743652344,287.0,7713.0,-6144.0,-36.0,14.0,0.0,
1647444227104125499,0.925415039062,0.114868164062,0.197204589844,0.302307128906,182.0,7740.0,-6145.0,-35.0,15.0,-8.0,
1647444227108750104,0.924377441406,0.115844726562,0.197387695312,0.304992675781,139.0,7711.0,-6114.0,-35.0,13.0,-15.0,
1647444227113189458,0.923400878906,0.117065429688,0.197143554688,0.307678222656,86.0,7661.0,-6027.0,-35.0,7.0,-22.0,
1647444227117861032,0.92236328125,0.118530273438,0.196472167969,0.310668945312,45.0,7660.0,-5918.0,-37.0,2.0,-29.0,
1647444227122391700,0.921264648438,0.1201171875,0.195617675781,0.313903808594,29.0,7630.0,-5830.0,-40.0,-2.0,-33.0,
1647444227129294872,0.920166015625,0.121643066406,0.194213867188,0.3173828125,48.0,7528.0,-5767.0,-43.0,-11.0,-36.0,
1647444227134051799,0.919067382812,0.123046875,0.192199707031,0.321105957031,68.0,7409.0,-5703.0,-47.0,-22.0,-39.0,
1647444227139248609,0.918029785156,0.124450683594,0.189575195312,0.325134277344,20.0,7303.0,-5615.0,-52.0,-32.0,-43.0,
1647444227143153429,0.916809082031,0.125793457031,0.186645507812,0.329650878906,-37.0,7154.0,-5560.0,-58.0,-37.0,-46.0,
1647444227147814750,0.91552734375,0.127136230469,0.183715820312,0.334350585938,-88.0,6937.0,-5511.0,-64.0,-37.0,-46.0,
1647444227152681827,0.9140625,0.128479003906,0.180969238281,0.339294433594,-169.0,6683.0,-5457.0,-70.0,-34.0,-47.0,
1647444227159288883,0.912353515625,0.130126953125,0.178344726562,0.344604492188,-254.0,6451.0,-5342.0,-78.0,-30.0,-53.0,
1647444227164833545,0.910278320312,0.132263183594,0.175720214844,0.350524902344,-294.0,6222.0,-5227.0,-88.0,-28.0,-61.0,
1647444227170606851,0.907897949219,0.134765625,0.172973632812,0.357177734375,-323.0,5969.0,-5099.0,-99.0,-29.0,-72.0,
1647444227175327777,0.905090332031,0.1376953125,0.170043945312,0.364501953125,-335.0,5716.0,-4984.0,-110.0,-30.0,-83.0,
1647444227179788827,0.901916503906,0.14111328125,0.166687011719,0.372436523438,-347.0,5485.0,-4860.0,-121.0,-34.0,-96.0,
1647444227184425830,0.8984375,0.145080566406,0.162658691406,0.381103515625,-340.0,5285.0,-4815.0,-131.0,-42.0,-111.0,
1647444227189016103,0.894592285156,0.149536132812,0.15771484375,0.390319824219,-278.0,5080.0,-4788.0,-138.0,-53.0,-127.0,
1647444227193946361,0.890625,0.154418945312,0.151794433594,0.399841308594,-206.0,4902.0,-4819.0,-142.0,-67.0,-142.0,
1647444227198577165,0.886474609375,0.159484863281,0.144592285156,0.409545898438,-158.0,4786.0,-4893.0,-143.0,-84.0,-155.0,
1647444227203135251,0.88232421875,0.164794921875,0.13623046875,0.419250488281,-105.0,4723.0,-5020.0,-141.0,-100.0,-165.0,
1647444227207783222,0.878173828125,0.170166015625,0.126770019531,0.428588867188,-99.0,4698.0,-5197.0,-134.0,-115.0,-175.0,
1647444227212426185,0.874145507812,0.17578125,0.115905761719,0.4375,-476.0,4816.0,-6019.0,-123.0,-132.0,-185.0,
1647444227219236373,0.870788574219,0.182006835938,0.104675292969,0.444519042969,-189.0,4724.0,-5855.0,-102.0,-123.0,-184.0,
1647444227223899602,0.867736816406,0.188171386719,0.0970458984375,0.449584960938,437.0,4506.0,-5811.0,-68.0,-77.0,-166.0,
1647444227228502273,0.865295410156,0.19287109375,0.0883178710938,0.4541015625,520.0,4492.0,-5800.0,-58.0,-109.0,-158.0,
1647444227233143806,0.863037109375,0.196838378906,0.0770263671875,0.458679199219,266.0,4559.0,-5892.0,-49.0,-145.0,-158.0,
1647444227237523555,0.861022949219,0.201110839844,0.0645751953125,0.462585449219,108.0,4629.0,-6036.0,-35.0,-153.0,-163.0,
1647444227242183923,0.859375,0.205688476562,0.0527954101562,0.465026855469,62.0,4624.0,-6173.0,-15.0,-140.0,-161.0,
1647444227249302387,0.8583984375,0.210266113281,0.042236328125,0.465881347656,115.0,4542.0,-6277.0,8.0,-119.0,-151.0,
1647444227253795862,0.858215332031,0.214782714844,0.0331420898438,0.464904785156,244.0,4509.0,-6320.0,33.0,-94.0,-137.0,
1647444227258295774,0.858520507812,0.218994140625,0.025146484375,0.462890625,516.0,4627.0,-6298.0,50.0,-79.0,-124.0,
1647444227262917518,0.859252929688,0.222290039062,0.0178833007812,0.460266113281,751.0,4735.0,-6259.0,62.0,-77.0,-108.0,
1647444227269766569,0.860473632812,0.224426269531,0.0109252929688,0.457214355469,884.0,4868.0,-6238.0,71.0,-80.0,-88.0,
1647444227275340080,0.862121582031,0.225402832031,0.00482177734375,0.453674316406,938.0,5063.0,-6287.0,78.0,-75.0,-63.0,
1647444227279752492,0.864318847656,0.225402832031,0.0001220703125,0.449584960938,922.0,5296.0,-6370.0,85.0,-60.0,-35.0,
1647444227284492969,0.866943359375,0.224670410156,-0.00299072265625,0.444763183594,916.0,5533.0,-6425.0,93.0,-39.0,-11.0,
1647444227288866519,0.870056152344,0.223266601562,-0.00433349609375,0.439331054688,916.0,5718.0,-6442.0,100.0,-17.0,13.0,
1647444227293651103,0.873657226562,0.221313476562,-0.00347900390625,0.433166503906,924.0,5824.0,-6452.0,107.0,12.0,38.0,
1647444227298042535,0.877685546875,0.218933105469,-0.00030517578125,0.426208496094,980.0,5866.0,-6438.0,113.0,46.0,62.0,
1647444227302596092,0.882019042969,0.216186523438,0.0050048828125,0.418518066406,1080.0,5888.0,-6405.0,117.0,76.0,83.0,
1647444227309002161,0.886474609375,0.213195800781,0.0120849609375,0.410461425781,1173.0,5917.0,-6373.0,118.0,101.0,100.0,
1647444227313641071,0.890869140625,0.209899902344,0.0204467773438,0.402221679688,1264.0,5915.0,-6370.0,118.0,119.0,112.0,
1647444227318581819,0.895202636719,0.206359863281,0.0298461914062,0.393737792969,1440.0,5864.0,-6324.0,115.0,133.0,123.0,
1647444227322888135,0.8994140625,0.202453613281,0.0401611328125,0.385192871094,1567.0,5796.0,-6222.0,113.0,143.0,133.0,
1647444227327503919,0.9033203125,0.198181152344,0.051025390625,0.376770019531,1615.0,5743.0,-6087.0,109.0,151.0,141.0,
1647444227334542751,0.906921386719,0.193786621094,0.0621948242188,0.368713378906,1662.0,5703.0,-5924.0,102.0,154.0,146.0,
1647444227339089393,0.910095214844,0.189086914062,0.0736083984375,0.361145019531,1760.0,5679.0,-5781.0,93.0,156.0,150.0,
1647444227343701839,0.912902832031,0.184143066406,0.0850830078125,0.354064941406,1902.0,5677.0,-5682.0,82.0,153.0,152.0,
1647444227348390340,0.915344238281,0.178833007812,0.096435546875,0.347473144531,2057.0,5695.0,-5597.0,73.0,148.0,155.0,
1647444227352857828,0.91748046875,0.173217773438,0.107543945312,0.341369628906,2188.0,5741.0,-5532.0,65.0,141.0,157.0,
1647444227357525110,0.919372558594,0.167236328125,0.118103027344,0.335876464844,2281.0,5837.0,-5526.0,56.0,131.0,158.0,
1647444227365170955,0.9208984375,0.160949707031,0.128234863281,0.330871582031,2288.0,5945.0,-5407.0,48.0,123.0,159.0,
1647444227369559526,0.922119140625,0.154663085938,0.137451171875,0.326721191406,2006.0,6103.0,-5447.0,38.0,108.0,153.0,
1647444227374885559,0.923034667969,0.148986816406,0.145385742188,0.323364257812,1735.0,6268.0,-5449.0,27.0,97.0,141.0,
1647444227379543781,0.923522949219,0.143798828125,0.153442382812,0.320617675781,1685.0,6414.0,-5409.0,20.0,102.0,132.0,
1647444227384073495,0.923645019531,0.139038085938,0.161437988281,0.318359375,1598.0,6546.0,-5449.0,11.0,100.0,121.0,
1647444227388537883,0.923583984375,0.134765625,0.168762207031,0.316711425781,1505.0,6646.0,-5425.0,3.0,93.0,110.0,
1647444227393127202,0.923217773438,0.130859375,0.17578125,0.315490722656,1459.0,6746.0,-5374.0,-3.0,91.0,102.0,
1647444227397566318,0.922607421875,0.127197265625,0.182434082031,0.31494140625,1445.0,6821.0,-5351.0,-12.0,86.0,93.0,
1647444227404940843,0.921875,0.123718261719,0.188537597656,0.315002441406,1373.0,6923.0,-5362.0,-21.0,76.0,85.0,
1647444227409589529,0.9208984375,0.12060546875,0.193908691406,0.315673828125,1281.0,7011.0,-5361.0,-28.0,69.0,76.0,
1647444227414397239,0.919799804688,0.117797851562,0.198852539062,0.316833496094,1256.0,7059.0,-5344.0,-34.0,65.0,68.0,
1647444227419002294,0.918579101562,0.115234375,0.203491210938,0.318420410156,1287.0,7167.0,-5378.0,-40.0,60.0,61.0,
1647444227423631906,0.917297363281,0.11279296875,0.207397460938,0.320434570312,1325.0,7331.0,-5407.0,-45.0,49.0,52.0,
1647444227428326606,0.916015625,0.110534667969,0.210327148438,0.322998046875,1314.0,7500.0,-5438.0,-50.0,33.0,44.0,
1647444227433037042,0.914855957031,0.108337402344,0.212036132812,0.325988769531,1165.0,7613.0,-5507.0,-53.0,16.0,36.0,
1647444227437639951,0.913818359375,0.106323242188,0.212524414062,0.329162597656,907.0,7725.0,-5615.0,-54.0,0.0,29.0,
1647444227442379951,0.912902832031,0.1044921875,0.212280273438,0.332458496094,622.0,7826.0,-5736.0,-53.0,-8.0,24.0,
1647444227449557304,0.912109375,0.102966308594,0.211853027344,0.33544921875,318.0,7883.0,-5831.0,-49.0,-8.0,21.0,
1647444227454143762,0.911315917969,0.101806640625,0.211547851562,0.338134765625,3.0,7913.0,-5842.0,-43.0,-1.0,18.0,
1647444227458853721,0.910400390625,0.101135253906,0.211791992188,0.340515136719,-298.0,7858.0,-5779.0,-37.0,10.0,15.0,
1647444227463422775,0.909362792969,0.101013183594,0.213012695312,0.342651367188,-480.0,7799.0,-5670.0,-35.0,29.0,13.0,
1647444227468136787,0.907836914062,0.1015625,0.215881347656,0.3447265625,-397.0,7842.0,-5538.0,-36.0,58.0,11.0,
1647444227474775552,0.906066894531,0.102111816406,0.219543457031,0.346923828125,-364.0,7786.0,-5470.0,-39.0,65.0,11.0,
1647444227479559183,0.904418945312,0.1025390625,0.222106933594,0.349365234375,-505.0,7622.0,-5499.0,-43.0,49.0,6.0,
1647444227484441757,0.902893066406,0.103454589844,0.223876953125,0.351928710938,-556.0,7401.0,-5589.0,-44.0,42.0,-4.0,
1647444227489841461,0.9013671875,0.105041503906,0.225463867188,0.354309082031,-435.0,7098.0,-5703.0,-42.0,44.0,-16.0,
1647444227503475189,0.899963378906,0.107177734375,0.226867675781,0.3564453125,-223.0,6764.0,-5827.0,-38.0,42.0,-28.0,
1647444227504278182,0.898559570312,0.109924316406,0.227661132812,0.358520507812,62.0,6457.0,-5903.0,-35.0,35.0,-43.0,
1647444227504841566,0.897338867188,0.113342285156,0.227355957031,0.360717773438,324.0,6144.0,-5892.0,-32.0,20.0,-61.0,
1647444227518780946,0.896240234375,0.117431640625,0.225402832031,0.363403320312,526.0,5839.0,-5845.0,-32.0,-3.0,-83.0,
1647444227519179821,0.895202636719,0.122253417969,0.221557617188,0.36669921875,688.0,5574.0,-5814.0,-35.0,-28.0,-107.0,
1647444227519329071,0.894226074219,0.127746582031,0.216064453125,0.370544433594,827.0,5334.0,-5758.0,-38.0,-49.0,-130.0,
1647444227523485183,0.893127441406,0.133911132812,0.209045410156,0.374938964844,951.0,5097.0,-5705.0,-41.0,-69.0,-152.0,
1647444227528169870,0.891906738281,0.140686035156,0.200439453125,0.379943847656,1068.0,4926.0,-5663.0,-45.0,-89.0,-172.0,
1647444227533102273,0.890563964844,0.147888183594,0.190246582031,0.385620117188,1188.0,4795.0,-5621.0,-50.0,-112.0,-192.0,
1647444227541016817,0.889038085938,0.1552734375,0.178588867188,0.391845703125,1310.0,4697.0,-5584.0,-55.0,-135.0,-207.0,
1647444227544429302,0.887268066406,0.16259765625,0.16552734375,0.3984375,1408.0,4644.0,-5612.0,-59.0,-156.0,-217.0,
1647444227549076795,0.885437011719,0.169860839844,0.1513671875,0.405151367188,1469.0,4560.0,-5664.0,-59.0,-173.0,-224.0,
1647444227553817510,0.883483886719,0.176940917969,0.136108398438,0.411743164062,1475.0,4408.0,-5699.0,-57.0,-189.0,-230.0,
1647444227558688163,0.881408691406,0.184020996094,0.119995117188,0.41796875,1480.0,4361.0,-5710.0,-52.0,-202.0,-235.0,
1647444227563014745,0.879211425781,0.19091796875,0.103332519531,0.424011230469,1487.0,4349.0,-5749.0,-47.0,-210.0,-236.0,
1647444227567492008,0.876953125,0.197631835938,0.0863647460938,0.429382324219,1001.0,4492.0,-6631.0,-37.0,-214.0,-236.0,
1647444227576182603,0.875061035156,0.204467773438,0.0691528320312,0.43310546875,1282.0,4327.0,-6221.0,-24.0,-206.0,-227.0,
1647444227583138227,0.873413085938,0.210571289062,0.0556030273438,0.435546875,1661.0,4011.0,-6000.0,2.0,-166.0,-201.0,
1647444227589817047,0.869934082031,0.219787597656,0.0286254882812,0.4404296875,1498.0,4275.0,-5679.0,-3.0,-179.0,-174.0,
1647444227593970775,0.868103027344,0.223571777344,0.0147094726562,0.44287109375,1450.0,4437.0,-5774.0,-1.0,-184.0,-167.0,
1647444227598726511,0.86669921875,0.226379394531,0.00201416015625,0.444458007812,1535.0,4507.0,-5933.0,8.0,-173.0,-146.0,
1647444227603634595,0.865966796875,0.227905273438,-0.00958251953125,0.444885253906,1483.0,4618.0,-6133.0,22.0,-165.0,-119.0,
1647444227608582496,0.866027832031,0.228332519531,-0.019775390625,0.444274902344,1293.0,4829.0,-6346.0,38.0,-149.0,-88.0,
1647444227612868070,0.866882324219,0.227722167969,-0.0279541015625,0.442443847656,1006.0,5134.0,-6560.0,54.0,-121.0,-56.0,
1647444227617582082,0.868530273438,0.226440429688,-0.033935546875,0.439453125,747.0,5472.0,-6733.0,71.0,-90.0,-26.0,
1647444227624414682,0.870971679688,0.224426269531,-0.037841796875,0.435302734375,453.0,5811.0,-6836.0,87.0,-60.0,1.0,
1647444227629226922,0.874145507812,0.221862792969,-0.03955078125,0.430053710938,100.0,6076.0,-6872.0,102.0,-27.0,28.0,
1647444227633887529,0.878051757812,0.219055175781,-0.0386352539062,0.423583984375,-281.0,6246.0,-6831.0,116.0,16.0,53.0,
1647444227638948440,0.882568359375,0.216369628906,-0.0347900390625,0.415893554688,-594.0,6329.0,-6717.0,128.0,66.0,76.0,
1647444227643462181,0.887451171875,0.2138671875,-0.0277709960938,0.407287597656,-839.0,6363.0,-6552.0,135.0,117.0,96.0,
1647444227647919178,0.892517089844,0.211608886719,-0.017822265625,0.397827148438,-920.0,6301.0,-6365.0,138.0,165.0,113.0,
1647444227652684211,0.897583007812,0.209289550781,-0.00518798828125,0.387817382812,-787.0,6159.0,-6159.0,137.0,205.0,129.0,
1647444227660722017,0.902587890625,0.206848144531,0.00970458984375,0.377319335938,-504.0,5950.0,-5955.0,136.0,237.0,144.0,
1647444227664283275,0.907287597656,0.204040527344,0.0262451171875,0.366577148438,-73.0,5686.0,-5744.0,131.0,257.0,156.0,
1647444227669325113,0.91162109375,0.200744628906,0.043701171875,0.355895996094,425.0,5437.0,-5592.0,124.0,264.0,164.0,
1647444227679500341,0.915344238281,0.196899414062,0.061279296875,0.345703125,965.0,5242.0,-5458.0,113.0,261.0,171.0,
1647444227680826425,0.918579101562,0.192321777344,0.078369140625,0.336181640625,1522.0,5137.0,-5355.0,100.0,246.0,175.0,
1647444227685544729,0.921264648438,0.186828613281,0.0948486328125,0.327575683594,2095.0,5091.0,-5310.0,86.0,228.0,181.0,
1647444227690237522,0.923522949219,0.180358886719,0.110229492188,0.320007324219,2526.0,5100.0,-5308.0,71.0,202.0,186.0,
1647444227694940328,0.925354003906,0.173095703125,0.1240234375,0.3134765625,2779.0,5182.0,-5343.0,57.0,173.0,188.0,
1647444227700057029,0.926879882812,0.165405273438,0.136169433594,0.308044433594,2909.0,5341.0,-5386.0,43.0,147.0,187.0,
1647444227704720497,0.928100585938,0.1572265625,0.147033691406,0.3037109375,2991.0,5539.0,-5410.0,29.0,125.0,186.0,
1647444227708868980,0.928894042969,0.148864746094,0.156982421875,0.300354003906,2968.0,5717.0,-5429.0,15.0,109.0,183.0,
1647444227713507890,0.929382324219,0.140563964844,0.166381835938,0.297790527344,2805.0,5864.0,-5401.0,3.0,102.0,179.0,
1647444227718219995,0.929443359375,0.132568359375,0.175476074219,0.296142578125,2582.0,6007.0,-5368.0,-9.0,102.0,171.0,
1647444227722855567,0.929016113281,0.125183105469,0.184448242188,0.295288085938,2419.0,6165.0,-5352.0,-22.0,104.0,161.0,
1647444227730911970,0.928100585938,0.118469238281,0.193237304688,0.295288085938,2238.0,6396.0,-5362.0,-36.0,105.0,146.0,
1647444227734433650,0.9267578125,0.112854003906,0.200927734375,0.296508789062,1825.0,6653.0,-5512.0,-48.0,94.0,122.0,
1647444227739259958,0.925231933594,0.108703613281,0.207275390625,0.298522949219,1463.0,6826.0,-5662.0,-55.0,86.0,95.0,
1647444227743769168,0.923400878906,0.105773925781,0.213500976562,0.300720214844,1347.0,6977.0,-5773.0,-57.0,91.0,74.0,
1647444227748406410,0.92138671875,0.103759765625,0.219787597656,0.303161621094,1414.0,7131.0,-5898.0,-58.0,93.0,57.0,
1647444227752893447,0.919372558594,0.102355957031,0.225158691406,0.305725097656,1486.0,7283.0,-6034.0,-57.0,81.0,41.0,
1647444227761271715,0.917602539062,0.101623535156,0.229064941406,0.308471679688,1486.0,7418.0,-6146.0,-54.0,61.0,24.0,
1647444227764536857,0.916076660156,0.101501464844,0.231201171875,0.311340332031,1407.0,7546.0,-6213.0,-49.0,37.0,7.0,
1647444227769200563,0.914916992188,0.101928710938,0.231689453125,0.314331054688,1251.0,7643.0,-6258.0,-43.0,15.0,-9.0,
1647444227773765563,0.913940429688,0.103088378906,0.230895996094,0.317260742188,1054.0,7808.0,-6299.0,-38.0,0.0,-24.0,
1647444227779220581,0.9130859375,0.104858398438,0.2294921875,0.320190429688,815.0,7983.0,-6325.0,-32.0,-5.0,-35.0,
1647444227785106182,0.912353515625,0.107177734375,0.227233886719,0.323059082031,568.0,8093.0,-6372.0,-26.0,-14.0,-45.0,
1647444227789947986,0.911865234375,0.109985351562,0.224060058594,0.325744628906,344.0,8167.0,-6414.0,-21.0,-25.0,-57.0,
1647444227794691801,0.911499023438,0.113159179688,0.220092773438,0.328369140625,144.0,8240.0,-6406.0,-17.0,-35.0,-66.0,
1647444227799041271,0.911193847656,0.116577148438,0.215759277344,0.330932617188,9.0,8281.0,-6377.0,-13.0,-40.0,-71.0,
1647444227803838491,0.910888671875,0.119934082031,0.211242675781,0.333374023438,-116.0,8257.0,-6377.0,-10.0,-44.0,-72.0,
1647444227808258533,0.910766601562,0.123291015625,0.206359863281,0.335693359375,-326.0,8224.0,-6378.0,-9.0,-49.0,-73.0,
1647444227812977075,0.910583496094,0.126708984375,0.201232910156,0.338012695312,-593.0,8192.0,-6346.0,-9.0,-51.0,-75.0,
1647444227817606210,0.910278320312,0.130249023438,0.196166992188,0.340393066406,-870.0,8105.0,-6278.0,-10.0,-48.0,-76.0,
1647444227826054573,0.909790039062,0.134094238281,0.191650390625,0.3427734375,-1124.0,7955.0,-6169.0,-12.0,-38.0,-77.0,
1647444227829495906,0.908996582031,0.138244628906,0.187927246094,0.345275878906,-1315.0,7739.0,-6057.0,-16.0,-23.0,-79.0,
1647444227834515810,0.907897949219,0.142944335938,0.184997558594,0.347900390625,-1356.0,7419.0,-5962.0,-22.0,-8.0,-85.0,
1647444227839080333,0.906372070312,0.148071289062,0.182678222656,0.350769042969,-1198.0,7020.0,-5876.0,-30.0,1.0,-93.0,
1647444227843594312,0.904602050781,0.153625488281,0.180603027344,0.354064941406,-919.0,6560.0,-5723.0,-40.0,3.0,-104.0,
1647444227848727226,0.902465820312,0.159545898438,0.178283691406,0.358093261719,-592.0,6073.0,-5544.0,-51.0,-2.0,-117.0,
1647444227853051900,0.899963378906,0.165832519531,0.175354003906,0.362915039062,-203.0,5624.0,-5369.0,-65.0,-12.0,-132.0,
1647444227857675552,0.897094726562,0.17236328125,0.17138671875,0.368896484375,243.0,5203.0,-5204.0,-80.0,-29.0,-148.0,
1647444227866223335,0.893859863281,0.178955078125,0.166015625,0.375915527344,641.0,4818.0,-5067.0,-94.0,-54.0,-164.0,
1647444227870882034,0.890441894531,0.185485839844,0.158874511719,0.383911132812,921.0,4516.0,-4999.0,-106.0,-84.0,-179.0,
1647444227874683618,0.88671875,0.192016601562,0.14990234375,0.392883300781,1117.0,4313.0,-5003.0,-116.0,-111.0,-192.0,
1647444227879224061,0.882751464844,0.198547363281,0.139404296875,0.402282714844,1282.0,4165.0,-5083.0,-120.0,-134.0,-203.0,
1647444227885837793,0.878662109375,0.205017089844,0.127380371094,0.411865234375,1057.0,4213.0,-5546.0,-120.0,-157.0,-214.0,
1647444227892416715,0.874633789062,0.2119140625,0.114562988281,0.420593261719,1414.0,4063.0,-5447.0,-110.0,-157.0,-216.0,
1647444227896947622,0.870788574219,0.218200683594,0.104125976562,0.427978515625,2179.0,3860.0,-5474.0,-91.0,-133.0,-200.0,
1647444227901779174,0.867370605469,0.223022460938,0.0926513671875,0.434997558594,2299.0,3775.0,-5509.0,-86.0,-165.0,-193.0,
1647444227906302452,0.864013671875,0.227172851562,0.0787963867188,0.442199707031,2017.0,3682.0,-5523.0,-80.0,-197.0,-191.0,
1647444227910838127,0.860595703125,0.231384277344,0.0638427734375,0.449035644531,1872.0,3731.0,-5737.0,-71.0,-205.0,-193.0,
1647444227914391279,0.857421875,0.235168457031,0.0494384765625,0.454956054688,2019.0,3856.0,-6060.0,-61.0,-200.0,-183.0,
1647444227919126272,0.855041503906,0.237915039062,0.0366821289062,0.459167480469,2260.0,3947.0,-6380.0,-40.0,-184.0,-158.0,
1647444227923763513,0.853698730469,0.239501953125,0.0252075195312,0.461669921875,2334.0,4127.0,-6647.0,-15.0,-171.0,-130.0,
1647444227928638696,0.853210449219,0.239990234375,0.0145874023438,0.462768554688,2251.0,4438.0,-6857.0,8.0,-162.0,-102.0,
1647444227933372974,0.853515625,0.239562988281,0.00518798828125,0.462585449219,2045.0,4815.0,-7050.0,30.0,-145.0,-74.0,
1647444227937818765,0.854797363281,0.23828125,-0.002685546875,0.460876464844,1783.0,5188.0,-7232.0,54.0,-122.0,-46.0,
1647444227944631338,0.857177734375,0.236450195312,-0.0084228515625,0.457397460938,1468.0,5530.0,-7399.0,80.0,-89.0,-17.0,
1647444227949476003,0.860595703125,0.234313964844,-0.0115356445312,0.451965332031,1177.0,5856.0,-7510.0,105.0,-46.0,13.0,
1647444227953824520,0.864990234375,0.231872558594,-0.0120239257812,0.444763183594,958.0,6111.0,-7544.0,128.0,-3.0,40.0,
1647444227958555459,0.870056152344,0.229248046875,-0.0101318359375,0.436157226562,765.0,6277.0,-7491.0,147.0,34.0,62.0,
1647444227963142633,0.875732421875,0.226501464844,-0.005859375,0.42626953125,720.0,6335.0,-7233.0,161.0,74.0,83.0,
1647444227968006849,0.881591796875,0.223754882812,0.00079345703125,0.41552734375,529.0,6220.0,-7126.0,170.0,110.0,100.0,
1647444227976094484,0.887451171875,0.221252441406,0.0084228515625,0.404052734375,373.0,6122.0,-6727.0,173.0,132.0,107.0,
1647444227979711532,0.893005371094,0.21923828125,0.0181884765625,0.392517089844,499.0,6035.0,-6367.0,169.0,168.0,113.0,
1647444227985948085,0.898071289062,0.217102050781,0.0293579101562,0.381225585938,774.0,5797.0,-6031.0,159.0,182.0,117.0,
1647444227992690801,0.902709960938,0.214721679688,0.0409545898438,0.370483398438,1001.0,5425.0,-5600.0,146.0,183.0,121.0,
1647444227997274637,0.906677246094,0.212158203125,0.0521850585938,0.360717773438,1029.0,5228.0,-5239.0,127.0,175.0,118.0,
1647444228001990079,0.90966796875,0.2099609375,0.0625,0.352783203125,976.0,5231.0,-5056.0,101.0,161.0,106.0,
1647444228007103443,0.911865234375,0.208251953125,0.0719604492188,0.346252441406,1011.0,5248.0,-4899.0,79.0,149.0,92.0,
1647444228011196851,0.913391113281,0.206909179688,0.0802612304688,0.341186523438,1110.0,5309.0,-4834.0,60.0,127.0,74.0,
1647444228016063928,0.914428710938,0.205505371094,0.0867309570312,0.337646484375,1221.0,5397.0,-4792.0,40.0,95.0,60.0,
1647444228020491361,0.9150390625,0.203857421875,0.091064453125,0.335754394531,1354.0,5528.0,-4746.0,21.0,55.0,49.0,
1647444228023969650,0.915405273438,0.20166015625,0.0933227539062,0.33544921875,1430.0,5696.0,-4693.0,2.0,16.0,42.0,
1647444228028690099,0.91552734375,0.19873046875,0.0933837890625,0.3369140625,1431.0,5899.0,-4633.0,-18.0,-26.0,38.0,
1647444228033306121,0.915405273438,0.19482421875,0.0914306640625,0.340087890625,1183.0,6197.0,-4655.0,-39.0,-64.0,40.0,
1647444228041666030,0.914978027344,0.190307617188,0.0879516601562,0.344665527344,657.0,6522.0,-4716.0,-57.0,-91.0,41.0,
1647444228046316623,0.914245605469,0.185729980469,0.0834350585938,0.350219726562,-51.0,6876.0,-4788.0,-69.0,-103.0,39.0,
1647444228051178216,0.9130859375,0.181579589844,0.07861328125,0.356384277344,-836.0,7308.0,-4904.0,-78.0,-102.0,32.0,
1647444228054464101,0.91162109375,0.17822265625,0.0740966796875,0.362731933594,-1589.0,7741.0,-5048.0,-82.0,-91.0,25.0,
1647444228059285402,0.910034179688,0.175476074219,0.0702514648438,0.368774414062,-2305.0,8100.0,-5230.0,-79.0,-74.0,21.0,
1647444228063785076,0.908508300781,0.173400878906,0.0675659179688,0.3740234375,-2941.0,8369.0,-5424.0,-71.0,-49.0,21.0,
1647444228068264722,0.907104492188,0.171997070312,0.0663452148438,0.378295898438,-3474.0,8576.0,-5599.0,-61.0,-20.0,21.0,
1647444228073024749,0.905822753906,0.171325683594,0.0664672851562,0.381530761719,-3831.0,8754.0,-5854.0,-49.0,6.0,20.0,
1647444228077986240,0.904907226562,0.171203613281,0.0677490234375,0.383666992188,-4100.0,8838.0,-6014.0,-35.0,29.0,20.0,
1647444228086429834,0.904235839844,0.171630859375,0.0701293945312,0.384643554688,-4193.0,8867.0,-6147.0,-19.0,51.0,20.0,
1647444228092984914,0.903869628906,0.172424316406,0.0736694335938,0.384399414062,-4044.0,8782.0,-6214.0,-3.0,70.0,22.0,
1647444228099421977,0.904174804688,0.173950195312,0.0829467773438,0.381103515625,-3431.0,8406.0,-6274.0,22.0,88.0,30.0,
1647444228104388952,0.904724121094,0.174560546875,0.0879516601562,0.37841796875,-3039.0,8091.0,-6271.0,31.0,89.0,33.0,
1647444228108486175,0.905456542969,0.175048828125,0.0927734375,0.375244140625,-2627.0,7726.0,-6236.0,38.0,85.0,32.0,
1647444228113309144,0.906311035156,0.175415039062,0.09716796875,0.371826171875,-2201.0,7336.0,-6150.0,42.0,78.0,30.0,
1647444228117843627,0.9072265625,0.175842285156,0.101196289062,0.368286132812,-1775.0,6915.0,-6000.0,46.0,71.0,27.0,
1647444228126098871,0.908203125,0.176208496094,0.104736328125,0.36474609375,-1366.0,6455.0,-5860.0,47.0,62.0,24.0,
1647444228130579471,0.9091796875,0.176513671875,0.107727050781,0.361328125,-933.0,5988.0,-5775.0,45.0,53.0,20.0,
1647444228134650945,0.910034179688,0.176818847656,0.110412597656,0.358093261719,-421.0,5545.0,-5707.0,41.0,46.0,16.0,
1647444228139117240,0.910827636719,0.177185058594,0.112731933594,0.355224609375,118.0,5143.0,-5619.0,36.0,38.0,10.0,
1647444228144225835,0.911499023438,0.177490234375,0.114624023438,0.352722167969,583.0,4775.0,-5544.0,30.0,28.0,6.0,
1647444228157133817,0.912109375,0.177612304688,0.116088867188,0.350646972656,981.0,4470.0,-5540.0,24.0,20.0,4.0,
1647444228157837629,0.91259765625,0.177734375,0.117126464844,0.348937988281,1320.0,4238.0,-5574.0,19.0,13.0,2.0,
1647444228170210123,0.913024902344,0.177917480469,0.117797851562,0.347473144531,1605.0,4057.0,-5636.0,16.0,7.0,-2.0,
1647444228171578407,0.913452148438,0.178161621094,0.118041992188,0.34619140625,1804.0,3935.0,-5714.0,13.0,0.0,-6.0,
1647444228172583341,0.913818359375,0.178405761719,0.118041992188,0.345031738281,1935.0,3853.0,-5832.0,13.0,-2.0,-7.0,
1647444228177220106,0.914306640625,0.1787109375,0.118225097656,0.343566894531,1993.0,3806.0,-6002.0,16.0,2.0,-6.0,
1647444228181731224,0.914855957031,0.17919921875,0.118713378906,0.341674804688,2147.0,3742.0,-6109.0,23.0,10.0,-5.0,
1647444228186526536,0.915588378906,0.179748535156,0.119689941406,0.339111328125,2278.0,3703.0,-6210.0,32.0,16.0,-2.0,
1647444228194711208,0.916442871094,0.180358886719,0.120300292969,0.336242675781,2315.0,3665.0,-6281.0,40.0,13.0,-4.0,
1647444228204642057,0.918518066406,0.181945800781,0.121643066406,0.3291015625,2223.0,3596.0,-6347.0,55.0,21.0,-2.0,
1647444228207130193,0.919677734375,0.182922363281,0.122863769531,0.324829101562,2125.0,3575.0,-6282.0,62.0,31.0,0.0,
1647444228211809396,0.920776367188,0.184204101562,0.12451171875,0.3203125,2027.0,3532.0,-6174.0,67.0,40.0,-1.0,
1647444228216306447,0.921813964844,0.185791015625,0.126647949219,0.315551757812,1874.0,3486.0,-5965.0,69.0,50.0,-2.0,
1647444228221066713,0.922607421875,0.187683105469,0.129150390625,0.311096191406,1826.0,3516.0,-5761.0,66.0,59.0,-6.0,
1647444228226350307,0.923156738281,0.189819335938,0.132019042969,0.307006835938,1901.0,3498.0,-5594.0,59.0,62.0,-10.0,
1647444228230835199,0.923522949219,0.191772460938,0.134765625,0.303466796875,2038.0,3509.0,-5501.0,49.0,56.0,-11.0,
1647444228234437942,0.923767089844,0.193359375,0.137268066406,0.300659179688,2198.0,3606.0,-5428.0,38.0,48.0,-10.0,
1647444228239210128,0.923828125,0.194519042969,0.139465332031,0.298522949219,2374.0,3713.0,-5377.0,28.0,39.0,-7.0,
1647444228243961334,0.923889160156,0.195190429688,0.1416015625,0.297058105469,2534.0,3866.0,-5363.0,18.0,32.0,-3.0,
1647444228248477220,0.923767089844,0.195495605469,0.143615722656,0.296081542969,2645.0,4107.0,-5415.0,10.0,27.0,2.0,
1647444228252913475,0.923706054688,0.195373535156,0.145080566406,0.295715332031,2622.0,4411.0,-5521.0,3.0,17.0,4.0,
1647444228261080026,0.923645019531,0.195007324219,0.145629882812,0.295837402344,2435.0,4709.0,-5719.0,-1.0,1.0,5.0,
1647444228265732288,0.923767089844,0.194396972656,0.145080566406,0.296142578125,2182.0,4973.0,-5973.0,-2.0,-13.0,6.0,
1647444228269410371,0.924011230469,0.193786621094,0.143920898438,0.29638671875,1953.0,5290.0,-6346.0,2.0,-21.0,6.0,
1647444228273951292,0.924438476562,0.193237304688,0.142150878906,0.296203613281,1619.0,5489.0,-6679.0,11.0,-28.0,3.0,
1647444228278763294,0.925170898438,0.192993164062,0.139587402344,0.295349121094,960.0,5624.0,-6849.0,24.0,-34.0,-1.0,
1647444228283168792,0.925964355469,0.193359375,0.136657714844,0.2939453125,175.0,5779.0,-6868.0,35.0,-28.0,-5.0,
1647444228293003559,0.926635742188,0.194641113281,0.134643554688,0.2919921875,-420.0,5919.0,-6822.0,46.0,-4.0,-10.0,
1647444228300055980,0.927368164062,0.199340820312,0.135681152344,0.286010742188,-921.0,5823.0,-6649.0,58.0,54.0,-16.0,
1647444228304548978,0.927490234375,0.202270507812,0.138366699219,0.282104492188,-980.0,5664.0,-6616.0,59.0,76.0,-17.0,
1647444228309123039,0.927490234375,0.205383300781,0.142333984375,0.277954101562,-866.0,5577.0,-6566.0,57.0,96.0,-14.0,
1647444228313788175,0.92724609375,0.208435058594,0.147583007812,0.273559570312,-538.0,5549.0,-6488.0,56.0,112.0,-11.0,
1647444228318846702,0.927001953125,0.211303710938,0.153259277344,0.269226074219,-132.0,5507.0,-6421.0,55.0,114.0,-8.0,
1647444228323143959,0.9267578125,0.213806152344,0.158447265625,0.265075683594,204.0,5433.0,-6292.0,53.0,102.0,-8.0,
1647444228331299781,0.926452636719,0.216247558594,0.163024902344,0.261169433594,459.0,5314.0,-6139.0,51.0,91.0,-9.0,
1647444228335955381,0.926147460938,0.218566894531,0.167358398438,0.257568359375,727.0,5188.0,-5964.0,48.0,87.0,-9.0,
1647444228341425895,0.925842285156,0.220642089844,0.171813964844,0.254150390625,1043.0,5075.0,-5845.0,43.0,86.0,-6.0,
1647444228344515562,0.925476074219,0.222229003906,0.175964355469,0.2509765625,1348.0,4928.0,-5839.0,38.0,77.0,-2.0,
1647444228349273443,0.92529296875,0.223571777344,0.1796875,0.247924804688,1562.0,4774.0,-5888.0,36.0,68.0,0.0,
1647444228354514360,0.925231933594,0.224731445312,0.182861328125,0.244934082031,1718.0,4646.0,-5992.0,37.0,61.0,1.0,
1647444228358585357,0.925170898438,0.225952148438,0.185546875,0.241821289062,1815.0,4535.0,-6147.0,39.0,54.0,-1.0,
1647444228363568067,0.925231933594,0.227355957031,0.187744140625,0.238525390625,1880.0,4434.0,-6350.0,44.0,50.0,-5.0,
1647444228368488788,0.925354003906,0.229187011719,0.189636230469,0.23486328125,1967.0,4319.0,-6547.0,51.0,48.0,-10.0,
1647444228376179218,0.925476074219,0.231384277344,0.191467285156,0.230590820312,2081.0,4181.0,-6647.0,61.0,50.0,-14.0,
1647444228380884647,0.925659179688,0.23388671875,0.193298339844,0.225769042969,2264.0,4004.0,-6672.0,71.0,53.0,-17.0,
1647444228384094953,0.925903320312,0.236389160156,0.195251464844,0.220336914062,2538.0,3785.0,-6620.0,80.0,54.0,-17.0,
1647444228388813972,0.926330566406,0.238708496094,0.197021484375,0.214538574219,2922.0,3534.0,-6627.0,86.0,49.0,-14.0,
1647444228393712759,0.927001953125,0.240661621094,0.198120117188,0.208312988281,3319.0,3328.0,-6738.0,92.0,36.0,-10.0,
1647444228400269746,0.928039550781,0.242248535156,0.198059082031,0.201782226562,3626.0,3205.0,-6850.0,101.0,16.0,-7.0,
1647444228412274599,0.929443359375,0.243591308594,0.1962890625,0.195190429688,3759.0,3152.0,-6844.0,110.0,-10.0,-7.0,
1647444228413120746,0.93115234375,0.244873046875,0.193054199219,0.188781738281,3760.0,3106.0,-6661.0,117.0,-33.0,-8.0,
1647444228414497375,0.932861328125,0.246154785156,0.18896484375,0.182800292969,3646.0,3024.0,-6417.0,116.0,-48.0,-11.0,
1647444228418749809,0.934387207031,0.247497558594,0.184448242188,0.177490234375,3500.0,2939.0,-6214.0,108.0,-53.0,-15.0,
1647444228423285722,0.935729980469,0.2490234375,0.180053710938,0.172973632812,3401.0,2847.0,-6125.0,95.0,-53.0,-19.0,
1647444228428011894,0.936767578125,0.250549316406,0.176025390625,0.169189453125,3407.0,2741.0,-6087.0,81.0,-50.0,-22.0,
1647444228436438798,0.937622070312,0.251953125,0.172485351562,0.166015625,3507.0,2617.0,-6009.0,67.0,-46.0,-23.0,
1647444228440887212,0.938293457031,0.253051757812,0.169372558594,0.16357421875,3638.0,2528.0,-5933.0,53.0,-46.0,-21.0,
1647444228444505453,0.93896484375,0.253662109375,0.166381835938,0.162048339844,3697.0,2496.0,-5856.0,37.0,-49.0,-16.0,
1647444228449100255,0.939514160156,0.253845214844,0.163635253906,0.161437988281,3710.0,2498.0,-5801.0,22.0,-51.0,-10.0,
1647444228453768253,0.940002441406,0.253356933594,0.1611328125,0.161682128906,3696.0,2508.0,-5791.0,7.0,-51.0,-2.0,
1647444228458302974,0.940490722656,0.252319335938,0.158935546875,0.16259765625,3665.0,2514.0,-5801.0,-7.0,-50.0,6.0,
1647444228463015317,0.941040039062,0.250671386719,0.156921386719,0.164184570312,3577.0,2514.0,-5858.0,-19.0,-51.0,15.0,
1647444228471159696,0.941528320312,0.248474121094,0.154907226562,0.166320800781,3407.0,2546.0,-5929.0,-29.0,-54.0,21.0,
1647444228475634574,0.942077636719,0.245971679688,0.153015136719,0.168884277344,3161.0,2640.0,-6054.0,-38.0,-52.0,28.0,
1647444228479232549,0.942565917969,0.243041992188,0.151306152344,0.171936035156,2924.0,2820.0,-6271.0,-46.0,-49.0,33.0,
1647444228483882665,0.94287109375,0.239990234375,0.150207519531,0.175354003906,2856.0,3138.0,-6480.0,-53.0,-41.0,37.0,
1647444228488585948,0.943115234375,0.236755371094,0.149658203125,0.178894042969,2854.0,3405.0,-6791.0,-56.0,-35.0,39.0,
1647444228493509292,0.943542480469,0.233154296875,0.148681640625,0.182250976562,2673.0,3575.0,-7143.0,-53.0,-44.0,45.0,
1647444228500271081,0.944152832031,0.229309082031,0.146911621094,0.185241699219,2386.0,3802.0,-7425.0,-46.0,-51.0,49.0,
1647444228505013704,0.94482421875,0.225769042969,0.144897460938,0.187866210938,2071.0,4103.0,-7617.0,-38.0,-50.0,47.0,
1647444228509854793,0.945373535156,0.222534179688,0.142944335938,0.190185546875,1694.0,4390.0,-7762.0,-29.0,-46.0,44.0,
1647444228514509201,0.945922851562,0.2197265625,0.140991210938,0.192138671875,1320.0,4633.0,-7892.0,-22.0,-41.0,39.0,
1647444228518979549,0.946411132812,0.217468261719,0.138916015625,0.19384765625,1029.0,4832.0,-8003.0,-16.0,-38.0,32.0,
1647444228523822546,0.946899414062,0.215637207031,0.13671875,0.195251464844,821.0,4972.0,-8123.0,-12.0,-39.0,24.0,
1647444228528580904,0.947326660156,0.214111328125,0.134216308594,0.196533203125,664.0,5055.0,-8239.0,-8.0,-43.0,18.0,
1647444228533105611,0.947814941406,0.212890625,0.13134765625,0.197509765625,487.0,5092.0,-8311.0,-3.0,-47.0,13.0,
1647444228541321754,0.9482421875,0.2119140625,0.12841796875,0.1982421875,305.0,5088.0,-8393.0,1.0,-46.0,9.0,
1647444228546629428,0.94873046875,0.211120605469,0.12548828125,0.198852539062,165.0,5033.0,-8507.0,3.0,-44.0,7.0,
1647444228551048994,0.949157714844,0.210327148438,0.122741699219,0.19921875,212.0,4981.0,-8618.0,5.0,-40.0,8.0,
1647444228555783510,0.949645996094,0.20947265625,0.120544433594,0.19921875,419.0,4962.0,-8627.0,7.0,-35.0,9.0,
1647444228561761379,0.950073242188,0.208557128906,0.11865234375,0.199157714844,619.0,4944.0,-8532.0,9.0,-34.0,10.0,
1647444228563977479,0.950622558594,0.207397460938,0.116638183594,0.199096679688,700.0,4875.0,-8289.0,10.0,-37.0,13.0,
1647444228568474054,0.951049804688,0.206237792969,0.114807128906,0.199157714844,441.0,4758.0,-7967.0,8.0,-35.0,13.0,
1647444228573113918,0.951354980469,0.205505371094,0.112670898438,0.199890136719,-88.0,4665.0,-7842.0,-1.0,-32.0,7.0,
1647444228581255912,0.951416015625,0.205017089844,0.110595703125,0.201171875,-454.0,4656.0,-7849.0,-11.0,-25.0,5.0,
1647444228585794210,0.951416015625,0.204284667969,0.109497070312,0.202453613281,-515.0,4655.0,-7831.0,-15.0,-11.0,11.0,
1647444228589164972,0.951416015625,0.203308105469,0.109436035156,0.203491210938,-520.0,4613.0,-7733.0,-15.0,-2.0,16.0,
1647444228594070434,0.951354980469,0.202270507812,0.109741210938,0.20458984375,-712.0,4567.0,-7623.0,-17.0,2.0,18.0,
1647444228599942922,0.951232910156,0.201416015625,0.109985351562,0.205932617188,-966.0,4550.0,-7537.0,-22.0,6.0,16.0,
1647444228607999086,0.950927734375,0.200744628906,0.110778808594,0.20751953125,-1109.0,4540.0,-7475.0,-27.0,16.0,14.0,
1647444228612693548,0.950500488281,0.200256347656,0.112426757812,0.209167480469,-1027.0,4527.0,-7406.0,-30.0,30.0,14.0,
1647444228617356061,0.949951171875,0.199829101562,0.115173339844,0.210632324219,-730.0,4477.0,-7307.0,-32.0,42.0,14.0,
1647444228622386455,0.949340820312,0.199279785156,0.118408203125,0.212036132812,-339.0,4400.0,-7214.0,-33.0,45.0,15.0,
1647444228627529144,0.94873046875,0.198547363281,0.121520996094,0.213500976562,42.0,4309.0,-7165.0,-35.0,40.0,16.0,
1647444228631785392,0.9482421875,0.197631835938,0.124206542969,0.215087890625,337.0,4215.0,-7132.0,-36.0,31.0,17.0,
1647444228636380434,0.947814941406,0.196594238281,0.126220703125,0.216796875,514.0,4105.0,-7101.0,-37.0,20.0,17.0,
1647444228641059875,0.947387695312,0.195495605469,0.127624511719,0.218688964844,604.0,4062.0,-7115.0,-39.0,11.0,15.0,
1647444228645837068,0.946960449219,0.194519042969,0.128540039062,0.220886230469,656.0,4038.0,-7148.0,-41.0,5.0,13.0,
1647444228649642229,0.946533203125,0.193542480469,0.129333496094,0.223205566406,765.0,3998.0,-7161.0,-42.0,3.0,12.0,
1647444228654364585,0.946044921875,0.192626953125,0.130187988281,0.225402832031,928.0,3966.0,-7138.0,-42.0,4.0,10.0,
1647444228658761978,0.945556640625,0.191833496094,0.131103515625,0.227783203125,1054.0,3956.0,-7128.0,-44.0,3.0,8.0,
1647444228666754722,0.944946289062,0.191101074219,0.131958007812,0.230346679688,1123.0,3993.0,-7133.0,-47.0,1.0,6.0,
1647444228671420097,0.9443359375,0.190368652344,0.1328125,0.233032226562,1129.0,4062.0,-7188.0,-48.0,3.0,6.0,
1647444228676190614,0.943664550781,0.189636230469,0.133972167969,0.235656738281,1084.0,4158.0,-7288.0,-49.0,8.0,7.0,
1647444228680642843,0.94287109375,0.189147949219,0.135498046875,0.238159179688,1016.0,4247.0,-7449.0,-47.0,17.0,7.0,
1647444228684420824,0.942138671875,0.188903808594,0.137573242188,0.240173339844,960.0,4356.0,-7520.0,-42.0,30.0,7.0,
1647444228688866853,0.941284179688,0.188903808594,0.140563964844,0.241760253906,971.0,4493.0,-7519.0,-37.0,45.0,7.0,
1647444228693524837,0.9404296875,0.188903808594,0.143981933594,0.243103027344,984.0,4608.0,-7633.0,-33.0,52.0,9.0,
1647444228702876329,0.939636230469,0.188720703125,0.147399902344,0.244201660156,1067.0,4638.0,-7798.0,-31.0,52.0,12.0,
1647444228710315942,0.9384765625,0.189086914062,0.154418945312,0.244018554688,1171.0,4429.0,-7777.0,-8.0,56.0,7.0,
1647444228715894699,0.938110351562,0.189880371094,0.157287597656,0.243103027344,935.0,4319.0,-7649.0,2.0,53.0,1.0,
1647444228719722986,0.937622070312,0.19140625,0.160095214844,0.241760253906,861.0,4288.0,-7459.0,12.0,61.0,-8.0,
1647444228724484682,0.93701171875,0.193664550781,0.163696289062,0.239929199219,1011.0,4297.0,-7205.0,21.0,75.0,-15.0,
1647444228729043006,0.936401367188,0.196166992188,0.167602539062,0.237731933594,1281.0,4330.0,-7069.0,27.0,77.0,-20.0,
1647444228733525276,0.935974121094,0.198547363281,0.1708984375,0.235168457031,1376.0,4021.0,-6798.0,35.0,65.0,-19.0,
1647444228738246917,0.935791015625,0.200866699219,0.17333984375,0.231872558594,1532.0,4055.0,-6749.0,45.0,56.0,-20.0,
1647444228747009515,0.935668945312,0.203491210938,0.17529296875,0.228637695312,1604.0,3915.0,-6325.0,50.0,49.0,-25.0,
1647444228751215934,0.935607910156,0.206176757812,0.177185058594,0.225158691406,1556.0,3695.0,-6300.0,57.0,47.0,-26.0,
1647444228756066799,0.935546875,0.209289550781,0.178100585938,0.221618652344,1766.0,3463.0,-5736.0,56.0,39.0,-35.0,
1647444228760890007,0.935302734375,0.212158203125,0.179870605469,0.218444824219,2127.0,3173.0,-5448.0,52.0,42.0,-33.0,
1647444228764133691,0.93505859375,0.214782714844,0.180725097656,0.216125488281,2346.0,2867.0,-5282.0,36.0,21.0,-38.0,
1647444228768786668,0.934692382812,0.2177734375,0.180541992188,0.215087890625,2480.0,2622.0,-5155.0,20.0,4.0,-51.0,
1647444228773510694,0.933959960938,0.221252441406,0.179931640625,0.215209960938,2670.0,2535.0,-5126.0,3.0,-2.0,-63.0,
1647444228782265186,0.933044433594,0.224609375,0.179138183594,0.216186523438,2783.0,2543.0,-5130.0,-8.0,-9.0,-66.0,
1647444228796029090,0.93212890625,0.227905273438,0.177917480469,0.217834472656,2850.0,2892.0,-5374.0,-16.0,-18.0,-68.0,
1647444228797072410,0.931213378906,0.231201171875,0.175659179688,0.219970703125,2724.0,2905.0,-5494.0,-16.0,-33.0,-70.0,
1647444228797598838,0.9306640625,0.234436035156,0.172607421875,0.221374511719,2604.0,2857.0,-5630.0,-5.0,-41.0,-69.0,
1647444228810556173,0.930236816406,0.237609863281,0.169372558594,0.222290039062,2581.0,2890.0,-5786.0,1.0,-42.0,-67.0,
1647444228822627782,0.930114746094,0.247619628906,0.15625,0.221618652344,2193.0,3250.0,-6715.0,44.0,-65.0,-73.0,
1647444228830342054,0.931213378906,0.26025390625,0.140014648438,0.213134765625,1458.0,3326.0,-6629.0,83.0,-44.0,-72.0,
1647444228835096120,0.931457519531,0.264343261719,0.135986328125,0.209594726562,1351.0,3245.0,-6781.0,79.0,-30.0,-66.0,
1647444228839584112,0.931701660156,0.267883300781,0.1328125,0.205932617188,1333.0,3264.0,-6983.0,74.0,-20.0,-57.0,
1647444228844035863,0.932067871094,0.270690917969,0.130310058594,0.202087402344,1351.0,3378.0,-7146.0,74.0,-13.0,-42.0,
1647444228848907232,0.932678222656,0.272766113281,0.128356933594,0.197998046875,1471.0,3507.0,-7170.0,77.0,-7.0,-28.0,
1647444228853914022,0.933410644531,0.273986816406,0.126831054688,0.193481445312,1634.0,3568.0,-7082.0,82.0,-6.0,-13.0,
1647444228858461141,0.9345703125,0.274353027344,0.125122070312,0.188659667969,1639.0,3571.0,-6865.0,88.0,-11.0,2.0,
1647444228867965459,0.935791015625,0.274169921875,0.123046875,0.184020996094,1059.0,3600.0,-6494.0,86.0,-18.0,10.0,
1647444228871024131,0.936889648438,0.274047851562,0.120239257812,0.180480957031,-21.0,4257.0,-5940.0,76.0,-21.0,10.0,
1647444228875557899,0.937683105469,0.274353027344,0.115356445312,0.17919921875,-514.0,5074.0,-7221.0,66.0,-48.0,-1.0,
1647444228879169940,0.938537597656,0.275939941406,0.110046386719,0.175354003906,-1243.0,5503.0,-7136.0,100.0,-44.0,-20.0,
1647444228883793592,0.939147949219,0.278503417969,0.108947753906,0.168884277344,-697.0,4753.0,-7247.0,128.0,39.0,-17.0,
1647444228888549327,0.939880371094,0.280212402344,0.110412597656,0.160583496094,-189.0,4075.0,-7452.0,117.0,58.0,-8.0,
1647444228896964311,0.940734863281,0.28125,0.110473632812,0.153869628906,-388.0,4008.0,-7512.0,96.0,27.0,-4.0,
1647444228901931285,0.941223144531,0.282470703125,0.109497070312,0.14892578125,-533.0,3992.0,-7732.0,86.0,19.0,-7.0,
1647444228907949924,0.941650390625,0.28369140625,0.109680175781,0.143859863281,-154.0,3752.0,-8053.0,83.0,36.0,-4.0,
1647444228913768053,0.942321777344,0.284118652344,0.110412597656,0.138122558594,190.0,3445.0,-8354.0,83.0,36.0,7.0,
1647444229010007143,0.943054199219,0.284118652344,0.110656738281,0.132507324219,196.0,3236.0,-8611.0,81.0,25.0,12.0,
1647444229011653900,0.943786621094,0.284240722656,0.110717773438,0.126953125,133.0,3109.0,-8711.0,82.0,30.0,12.0,
1647444229016174793,0.9443359375,0.284545898438,0.111694335938,0.121276855469,175.0,3003.0,-8745.0,83.0,46.0,11.0,
1647444229019883632,0.944763183594,0.284790039062,0.113708496094,0.115417480469,279.0,2861.0,-8675.0,81.0,61.0,13.0,
1647444229024019479,0.945007324219,0.285034179688,0.116760253906,0.109436035156,435.0,2684.0,-8503.0,77.0,77.0,15.0,
1647444229030835390,0.945129394531,0.285217285156,0.12060546875,0.103515625,765.0,2472.0,-8293.0,73.0,86.0,15.0,
1647444229039905309,0.945190429688,0.285461425781,0.124572753906,0.0977172851562,1178.0,2233.0,-8045.0,68.0,84.0,13.0,
1647444229043217658,0.945190429688,0.285583496094,0.128295898438,0.0923461914062,1582.0,1999.0,-7781.0,62.0,74.0,12.0,
1647444229139391899,0.945190429688,0.285522460938,0.131408691406,0.0875854492188,1963.0,1787.0,-7500.0,56.0,61.0,12.0,
1647444229150370121,0.9453125,0.285278320312,0.133911132812,0.083251953125,2325.0,1602.0,-7280.0,51.0,48.0,14.0,
1647444229215421915,0.945617675781,0.284790039062,0.135375976562,0.0795288085938,2654.0,1416.0,-7099.0,47.0,27.0,15.0,
1647444229229885101,0.946044921875,0.284118652344,0.135375976562,0.076416015625,2846.0,1262.0,-6965.0,43.0,1.0,16.0,
1647444229358637332,0.946716308594,0.283203125,0.134338378906,0.0738525390625,2900.0,1205.0,-6918.0,39.0,-17.0,18.0,
