1650632750223906040,-0.467041015625,-0.876220703125,-0.116516113281,0.0247192382812,988.0,943.0,-7857.0,-3.0,0.0,1.0,
1650632750224545001,-0.467163085938,-0.876159667969,-0.116577148438,0.0247192382812,994.0,960.0,-7860.0,-3.0,0.0,2.0,
1650632750226282596,-0.46728515625,-0.876098632812,-0.116577148438,0.024658203125,997.0,975.0,-7853.0,-3.0,0.0,2.0,
1650632750230878829,-0.467407226562,-0.876037597656,-0.116577148438,0.0245971679688,993.0,983.0,-7848.0,-3.0,-1.0,2.0,
1650632750235631942,-0.467590332031,-0.875915527344,-0.116577148438,0.0245361328125,987.0,992.0,-7839.0,-3.0,-1.0,2.0,
1650632750240546464,-0.467712402344,-0.875854492188,-0.116577148438,0.0244750976562,972.0,998.0,-7820.0,-3.0,-1.0,2.0,
1650632750244964599,-0.467834472656,-0.875793457031,-0.116577148438,0.0244140625,965.0,1003.0,-7802.0,-3.0,0.0,2.0,
1650632750249734640,-0.467956542969,-0.875732421875,-0.116577148438,0.0244140625,962.0,1002.0,-7802.0,-2.0,0.0,2.0,
1650632750253199577,-0.468017578125,-0.875671386719,-0.116516113281,0.0243530273438,963.0,997.0,-7793.0,-2.0,0.0,1.0,
1650632750258079051,-0.468139648438,-0.875610351562,-0.116516113281,0.0243530273438,964.0,990.0,-7787.0,-2.0,0.0,1.0,
1650632750266362190,-0.46826171875,-0.875610351562,-0.116516113281,0.0243530273438,969.0,978.0,-7777.0,-2.0,0.0,1.0,
1650632750270986557,-0.468383789062,-0.875549316406,-0.116516113281,0.0243530273438,984.0,965.0,-7767.0,-2.0,0.0,1.0,
1650632750275617361,-0.468444824219,-0.87548828125,-0.116455078125,0.0244140625,1016.0,962.0,-7769.0,-2.0,1.0,1.0,
1650632750281949281,-0.468566894531,-0.875427246094,-0.116516113281,0.0245361328125,1053.0,959.0,-7781.0,-2.0,1.0,1.0,
1650632750287318944,-0.468627929688,-0.875366210938,-0.116516113281,0.0245971679688,1074.0,954.0,-7802.0,-2.0,1.0,1.0,
1650632750292346000,-0.46875,-0.875305175781,-0.116516113281,0.024658203125,1087.0,941.0,-7813.0,-2.0,0.0,1.0,
1650632750296895027,-0.468872070312,-0.875244140625,-0.116455078125,0.0247192382812,1087.0,933.0,-7813.0,-2.0,0.0,1.0,
1650632750301437616,-0.468933105469,-0.875244140625,-0.116455078125,0.0247192382812,1082.0,929.0,-7827.0,-2.0,0.0,1.0,
1650632750306376934,-0.468994140625,-0.875183105469,-0.116394042969,0.0247802734375,1087.0,933.0,-7833.0,-2.0,0.0,1.0,
1650632750311024427,-0.469116210938,-0.875122070312,-0.116394042969,0.0247802734375,1092.0,931.0,-7845.0,-2.0,0.0,1.0,
1650632750315779685,-0.469177246094,-0.875122070312,-0.116394042969,0.0248413085938,1088.0,931.0,-7858.0,-2.0,0.0,1.0,
1650632750320443630,-0.46923828125,-0.875061035156,-0.116333007812,0.0248413085938,1078.0,935.0,-7862.0,-2.0,0.0,1.0,
1650632750325347661,-0.469299316406,-0.875061035156,-0.116333007812,0.0247802734375,1060.0,939.0,-7864.0,-3.0,0.0,1.0,
1650632750329885005,-0.469360351562,-0.875,-0.116333007812,0.0247802734375,1051.0,941.0,-7860.0,-3.0,0.0,0.0,
1650632750334513187,-0.469421386719,-0.875,-0.116333007812,0.0247192382812,1045.0,943.0,-7865.0,-3.0,0.0,0.0,
1650632750337874650,-0.469482421875,-0.874938964844,-0.116394042969,0.0247192382812,1035.0,947.0,-7868.0,-3.0,0.0,0.0,
1650632750346193313,-0.469482421875,-0.874938964844,-0.116394042969,0.024658203125,1022.0,953.0,-7860.0,-3.0,0.0,0.0,
1650632750350780725,-0.469543457031,-0.874877929688,-0.116394042969,0.0245971679688,1013.0,959.0,-7855.0,-3.0,0.0,0.0,
1650632750355397224,-0.469604492188,-0.874877929688,-0.116394042969,0.0245361328125,1002.0,971.0,-7843.0,-3.0,0.0,0.0,
1650632750360244512,-0.469665527344,-0.874816894531,-0.116394042969,0.0245361328125,998.0,978.0,-7826.0,-2.0,0.0,0.0,
1650632750365193128,-0.4697265625,-0.874816894531,-0.116394042969,0.0245361328125,1002.0,992.0,-7813.0,-3.0,0.0,0.0,
1650632750368108987,-0.4697265625,-0.874816894531,-0.116455078125,0.0245361328125,1001.0,998.0,-7806.0,-2.0,1.0,0.0,
1650632750372946739,-0.469787597656,-0.874755859375,-0.116455078125,0.0245361328125,996.0,990.0,-7797.0,-2.0,1.0,0.0,
1650632750382687091,-0.469848632812,-0.874755859375,-0.116455078125,0.0245971679688,995.0,986.0,-7808.0,-2.0,1.0,0.0,
1650632750388073205,-0.469909667969,-0.874694824219,-0.116455078125,0.0245971679688,1001.0,973.0,-7816.0,-2.0,1.0,0.0,
1650632750394548177,-0.469970703125,-0.874694824219,-0.116394042969,0.024658203125,1010.0,958.0,-7829.0,-2.0,0.0,0.0,
1650632750399869680,-0.470031738281,-0.874633789062,-0.116394042969,0.0245971679688,1000.0,952.0,-7836.0,-2.0,0.0,0.0,
1650632750404227495,-0.470092773438,-0.874633789062,-0.116394042969,0.0245971679688,988.0,956.0,-7835.0,-2.0,0.0,0.0,
1650632750409155845,-0.470153808594,-0.874572753906,-0.116333007812,0.0245971679688,981.0,959.0,-7834.0,-2.0,0.0,0.0,
1650632750413864135,-0.47021484375,-0.874572753906,-0.116333007812,0.0245971679688,988.0,966.0,-7829.0,-2.0,1.0,0.0,
1650632750418298482,-0.470275878906,-0.87451171875,-0.116333007812,0.0245971679688,990.0,969.0,-7815.0,-2.0,1.0,0.0,
1650632750423089504,-0.470336914062,-0.87451171875,-0.116333007812,0.0245971679688,991.0,967.0,-7803.0,-2.0,0.0,0.0,
1650632750431127071,-0.470397949219,-0.874450683594,-0.116333007812,0.0245971679688,986.0,960.0,-7803.0,-3.0,0.0,0.0,
1650632750435996770,-0.470397949219,-0.874450683594,-0.116394042969,0.0245971679688,983.0,960.0,-7801.0,-3.0,0.0,0.0,
1650632750440674304,-0.470458984375,-0.874389648438,-0.116394042969,0.024658203125,978.0,951.0,-7796.0,-3.0,1.0,0.0,
1650632750445405721,-0.470520019531,-0.874389648438,-0.116455078125,0.0247192382812,982.0,946.0,-7804.0,-3.0,2.0,0.0,
1650632750449905633,-0.470581054688,-0.874328613281,-0.116516113281,0.0247802734375,997.0,946.0,-7801.0,-3.0,2.0,0.0,
1650632750454691410,-0.470581054688,-0.874328613281,-0.116638183594,0.0248413085938,1009.0,947.0,-7802.0,-3.0,2.0,0.0,
1650632750458077907,-0.470642089844,-0.874267578125,-0.11669921875,0.0248413085938,1017.0,955.0,-7803.0,-3.0,1.0,0.0,
1650632750462978839,-0.470703125,-0.874206542969,-0.116760253906,0.02490234375,1018.0,962.0,-7809.0,-3.0,1.0,1.0,
1650632750471502065,-0.470764160156,-0.874206542969,-0.116821289062,0.02490234375,1032.0,960.0,-7815.0,-3.0,1.0,1.0,
1650632750475772857,-0.470825195312,-0.874145507812,-0.116821289062,0.0249633789062,1044.0,955.0,-7822.0,-3.0,1.0,1.0,
1650632750480748891,-0.470886230469,-0.874084472656,-0.116821289062,0.0249633789062,1047.0,952.0,-7833.0,-2.0,0.0,1.0,
1650632750487023591,-0.471008300781,-0.874084472656,-0.116821289062,0.0249633789062,1051.0,939.0,-7850.0,-2.0,0.0,1.0,
1650632750492280244,-0.471069335938,-0.8740234375,-0.116760253906,0.0249633789062,1048.0,926.0,-7859.0,-2.0,0.0,0.0,
1650632750496794462,-0.471130371094,-0.8740234375,-0.11669921875,0.0249633789062,1044.0,913.0,-7854.0,-2.0,0.0,0.0,
1650632750501631021,-0.47119140625,-0.873962402344,-0.116638183594,0.0249633789062,1035.0,915.0,-7858.0,-2.0,0.0,0.0,
1650632750506342411,-0.471252441406,-0.873962402344,-0.116638183594,0.02490234375,1031.0,916.0,-7846.0,-2.0,0.0,1.0,
1650632750510943889,-0.471313476562,-0.873901367188,-0.116577148438,0.02490234375,1022.0,915.0,-7834.0,-2.0,0.0,1.0,
1650632750516271829,-0.471374511719,-0.873901367188,-0.116577148438,0.02490234375,1024.0,919.0,-7828.0,-2.0,0.0,1.0,
1650632750520656824,-0.471496582031,-0.873840332031,-0.116577148438,0.02490234375,1021.0,938.0,-7827.0,-2.0,0.0,1.0,
1650632750525228023,-0.471557617188,-0.873779296875,-0.116516113281,0.0248413085938,1011.0,947.0,-7824.0,-2.0,0.0,1.0,
1650632750529782056,-0.4716796875,-0.873779296875,-0.116516113281,0.0248413085938,998.0,939.0,-7811.0,-2.0,0.0,1.0,
1650632750534292459,-0.471740722656,-0.873718261719,-0.116394042969,0.0248413085938,981.0,921.0,-7810.0,-2.0,0.0,1.0,
1650632750537886381,-0.471801757812,-0.873657226562,-0.116333007812,0.0248413085938,980.0,924.0,-7801.0,-2.0,0.0,1.0,
1650632750542912483,-0.471923828125,-0.873657226562,-0.116333007812,0.02490234375,992.0,930.0,-7787.0,-2.0,0.0,1.0,
1650632750547979831,-0.471984863281,-0.873596191406,-0.116333007812,0.02490234375,1002.0,940.0,-7784.0,-2.0,0.0,1.0,
1650632750556301832,-0.472106933594,-0.87353515625,-0.116333007812,0.02490234375,1006.0,957.0,-7779.0,-2.0,0.0,1.0,
1650632750561027526,-0.472229003906,-0.873474121094,-0.116333007812,0.0249633789062,997.0,962.0,-7763.0,-2.0,0.0,1.0,
1650632750565895795,-0.472290039062,-0.873413085938,-0.116394042969,0.02490234375,992.0,965.0,-7745.0,-2.0,0.0,1.0,
1650632750570448160,-0.472351074219,-0.873352050781,-0.116394042969,0.0249633789062,992.0,979.0,-7748.0,-3.0,1.0,1.0,
1650632750574672698,-0.472412109375,-0.873352050781,-0.116516113281,0.0250244140625,1010.0,993.0,-7754.0,-3.0,2.0,1.0,
1650632750579427480,-0.472534179688,-0.873291015625,-0.116577148438,0.0250854492188,1026.0,993.0,-7763.0,-2.0,1.0,1.0,
1650632750582877874,-0.472595214844,-0.873229980469,-0.116577148438,0.025146484375,1028.0,987.0,-7769.0,-2.0,1.0,1.0,
1650632750589747190,-0.472717285156,-0.873168945312,-0.116577148438,0.025146484375,1018.0,977.0,-7769.0,-2.0,0.0,1.0,
1650632750596243381,-0.472839355469,-0.873107910156,-0.116516113281,0.0252075195312,1020.0,972.0,-7765.0,-2.0,0.0,1.0,
1650632750601237058,-0.472961425781,-0.873046875,-0.116516113281,0.0252075195312,1028.0,962.0,-7763.0,-2.0,1.0,1.0,
1650632750605779409,-0.473022460938,-0.872985839844,-0.116516113281,0.0252685546875,1034.0,949.0,-7768.0,-2.0,1.0,1.0,
1650632750611060380,-0.47314453125,-0.872924804688,-0.116516113281,0.0252685546875,1040.0,940.0,-7777.0,-2.0,0.0,1.0,
1650632750615703582,-0.473205566406,-0.872863769531,-0.116516113281,0.0253295898438,1043.0,936.0,-7787.0,-2.0,0.0,1.0,
1650632750620421886,-0.473327636719,-0.872863769531,-0.116455078125,0.0253295898438,1046.0,925.0,-7788.0,-2.0,0.0,1.0,
1650632750625160455,-0.473388671875,-0.872802734375,-0.116455078125,0.0253295898438,1049.0,915.0,-7803.0,-2.0,0.0,1.0,
1650632750628305435,-0.473510742188,-0.872741699219,-0.116394042969,0.025390625,1046.0,911.0,-7805.0,-2.0,0.0,1.0,
1650632750633022546,-0.473571777344,-0.872680664062,-0.116333007812,0.025390625,1045.0,912.0,-7811.0,-2.0,0.0,1.0,
1650632750637484312,-0.473693847656,-0.872680664062,-0.116271972656,0.025390625,1050.0,917.0,-7820.0,-2.0,0.0,1.0,
1650632750645879745,-0.473754882812,-0.872619628906,-0.116271972656,0.025390625,1058.0,922.0,-7826.0,-2.0,0.0,1.0,
1650632750650696277,-0.473876953125,-0.87255859375,-0.116271972656,0.0254516601562,1073.0,936.0,-7829.0,-2.0,0.0,1.0,
1650632750655268192,-0.473937988281,-0.87255859375,-0.116271972656,0.0255126953125,1081.0,933.0,-7839.0,-2.0,1.0,1.0,
1650632750659998416,-0.473999023438,-0.872497558594,-0.116271972656,0.0255737304688,1076.0,919.0,-7847.0,-2.0,1.0,0.0,
1650632750665156841,-0.473999023438,-0.872497558594,-0.116271972656,0.025634765625,1081.0,912.0,-7852.0,-2.0,1.0,0.0,
1650632750669539213,-0.474060058594,-0.872436523438,-0.116333007812,0.0256958007812,1098.0,908.0,-7859.0,-3.0,1.0,0.0,
1650632750672679901,-0.474060058594,-0.872436523438,-0.116394042969,0.0257568359375,1111.0,902.0,-7864.0,-3.0,1.0,0.0,
1650632750677576780,-0.474060058594,-0.872436523438,-0.116394042969,0.0258178710938,1120.0,906.0,-7865.0,-3.0,1.0,0.0,
1650632750686007738,-0.474060058594,-0.872436523438,-0.116455078125,0.02587890625,1117.0,909.0,-7875.0,-3.0,1.0,0.0,
1650632750692443609,-0.474060058594,-0.872436523438,-0.116455078125,0.02587890625,1109.0,918.0,-7872.0,-3.0,1.0,0.0,
1650632750699234008,-0.474060058594,-0.872375488281,-0.116577148438,0.0260009765625,1114.0,932.0,-7856.0,-3.0,1.0,-1.0,
1650632750703918218,-0.474060058594,-0.872375488281,-0.116638183594,0.026123046875,1106.0,937.0,-7840.0,-3.0,2.0,-1.0,
1650632750708677530,-0.474060058594,-0.872375488281,-0.116638183594,0.0261840820312,1092.0,942.0,-7831.0,-3.0,2.0,-1.0,
1650632750713476419,-0.473999023438,-0.872375488281,-0.11669921875,0.0262451171875,1079.0,957.0,-7837.0,-2.0,2.0,-1.0,
1650632750718381166,-0.473999023438,-0.872375488281,-0.116821289062,0.0263061523438,1075.0,960.0,-7838.0,-2.0,2.0,-1.0,
1650632750722835302,-0.473999023438,-0.872375488281,-0.116882324219,0.0264282226562,1074.0,954.0,-7844.0,-2.0,2.0,-1.0,
1650632750731658220,-0.473999023438,-0.872375488281,-0.116882324219,0.0265502929688,1067.0,941.0,-7848.0,-2.0,2.0,-1.0,
1650632750735933542,-0.473999023438,-0.872375488281,-0.116882324219,0.026611328125,1047.0,932.0,-7844.0,-2.0,1.0,0.0,
1650632750740928649,-0.473999023438,-0.872375488281,-0.116882324219,0.0266723632812,1020.0,924.0,-7827.0,-2.0,1.0,0.0,
1650632750745672702,-0.473999023438,-0.872375488281,-0.116821289062,0.0266723632812,993.0,923.0,-7812.0,-2.0,1.0,-1.0,
1650632750750201225,-0.473999023438,-0.872375488281,-0.116821289062,0.0266723632812,982.0,933.0,-7799.0,-2.0,1.0,-1.0,
1650632750754751682,-0.473999023438,-0.872375488281,-0.116882324219,0.0266723632812,984.0,932.0,-7794.0,-3.0,1.0,0.0,
1650632750759467363,-0.473999023438,-0.872375488281,-0.116882324219,0.0266723632812,984.0,938.0,-7796.0,-3.0,1.0,0.0,
1650632750763168573,-0.474060058594,-0.872314453125,-0.116943359375,0.0266723632812,978.0,933.0,-7796.0,-3.0,0.0,0.0,
1650632750767999649,-0.47412109375,-0.872314453125,-0.116882324219,0.026611328125,967.0,935.0,-7802.0,-3.0,0.0,0.0,
1650632750772616147,-0.474182128906,-0.872314453125,-0.116882324219,0.0265502929688,970.0,935.0,-7807.0,-3.0,0.0,0.0,
1650632750780670404,-0.474243164062,-0.872253417969,-0.116882324219,0.0265502929688,983.0,927.0,-7807.0,-3.0,0.0,1.0,
1650632750785204172,-0.474304199219,-0.872192382812,-0.116943359375,0.0265502929688,994.0,932.0,-7811.0,-3.0,0.0,1.0,
1650632750790093421,-0.474365234375,-0.872192382812,-0.116943359375,0.0264892578125,1008.0,933.0,-7810.0,-3.0,0.0,1.0,
1650632750797147989,-0.474487304688,-0.872131347656,-0.117004394531,0.0264892578125,1018.0,934.0,-7811.0,-3.0,0.0,1.0,
1650632750802124500,-0.474548339844,-0.8720703125,-0.117004394531,0.0264892578125,1020.0,937.0,-7809.0,-3.0,0.0,1.0,
1650632750806885957,-0.474670410156,-0.872009277344,-0.117004394531,0.0264282226562,1019.0,938.0,-7806.0,-3.0,0.0,1.0,
1650632750811927318,-0.474731445312,-0.871948242188,-0.117004394531,0.0263671875,1025.0,943.0,-7802.0,-3.0,0.0,1.0,
1650632750816935539,-0.474853515625,-0.871887207031,-0.117004394531,0.0263671875,1036.0,954.0,-7798.0,-2.0,0.0,1.0,
1650632750822189807,-0.474914550781,-0.871887207031,-0.117004394531,0.0264282226562,1054.0,963.0,-7810.0,-2.0,1.0,1.0,
1650632750826357364,-0.474975585938,-0.871826171875,-0.117004394531,0.0264282226562,1083.0,966.0,-7832.0,-2.0,1.0,1.0,
1650632750830999135,-0.475036621094,-0.871765136719,-0.117004394531,0.0265502929688,1107.0,964.0,-7843.0,-2.0,1.0,1.0,
1650632750836234569,-0.47509765625,-0.871765136719,-0.117004394531,0.026611328125,1127.0,958.0,-7857.0,-1.0,1.0,1.0,
1650632750849509239,-0.475158691406,-0.871704101562,-0.116943359375,0.0267333984375,1132.0,949.0,-7884.0,-1.0,0.0,0.0,
1650632750850277423,-0.475219726562,-0.871704101562,-0.116821289062,0.0267944335938,1128.0,932.0,-7880.0,-1.0,0.0,0.0,
1650632750850653648,-0.475219726562,-0.871704101562,-0.116760253906,0.02685546875,1134.0,921.0,-7866.0,-1.0,1.0,0.0,
1650632750862655162,-0.475219726562,-0.871704101562,-0.116760253906,0.0269775390625,1138.0,908.0,-7856.0,-2.0,1.0,-1.0,
1650632750863353967,-0.475219726562,-0.871704101562,-0.116760253906,0.0270385742188,1136.0,910.0,-7837.0,-2.0,1.0,-1.0,
1650632750866360664,-0.475158691406,-0.871765136719,-0.116760253906,0.027099609375,1136.0,916.0,-7824.0,-2.0,1.0,-1.0,
1650632750870924711,-0.475158691406,-0.871765136719,-0.116760253906,0.0271606445312,1137.0,912.0,-7797.0,-2.0,1.0,-1.0,
1650632750875166177,-0.47509765625,-0.871765136719,-0.116760253906,0.0271606445312,1144.0,907.0,-7775.0,-2.0,1.0,-1.0,
1650632750879829645,-0.47509765625,-0.871765136719,-0.116821289062,0.0272827148438,1147.0,905.0,-7763.0,-3.0,1.0,-1.0,
1650632750884367704,-0.475036621094,-0.871765136719,-0.116943359375,0.02734375,1150.0,912.0,-7762.0,-3.0,1.0,-1.0,
1650632750889271259,-0.475036621094,-0.871765136719,-0.117065429688,0.0274047851562,1165.0,920.0,-7766.0,-3.0,2.0,-1.0,
1650632750896534442,-0.474975585938,-0.871765136719,-0.1171875,0.0274047851562,1183.0,914.0,-7771.0,-4.0,1.0,-1.0,
1650632750899543046,-0.474975585938,-0.871765136719,-0.117248535156,0.0274658203125,1187.0,901.0,-7779.0,-4.0,1.0,-1.0,
1650632750906204938,-0.474914550781,-0.871765136719,-0.117309570312,0.0274658203125,1178.0,891.0,-7792.0,-4.0,0.0,-1.0,
1650632750911277055,-0.474914550781,-0.871765136719,-0.117431640625,0.0274047851562,1169.0,890.0,-7793.0,-4.0,0.0,-1.0,
1650632750916794538,-0.474853515625,-0.871826171875,-0.117553710938,0.02734375,1164.0,892.0,-7795.0,-5.0,0.0,-2.0,
1650632750920873641,-0.474792480469,-0.871826171875,-0.11767578125,0.0272827148438,1153.0,897.0,-7806.0,-5.0,0.0,-2.0,
1650632750925393581,-0.474792480469,-0.871826171875,-0.117797851562,0.0272216796875,1140.0,903.0,-7811.0,-5.0,0.0,-2.0,
1650632750930057048,-0.474731445312,-0.871826171875,-0.117919921875,0.0271606445312,1134.0,920.0,-7811.0,-5.0,0.0,-1.0,
1650632750934914588,-0.474731445312,-0.871826171875,-0.117980957031,0.0270385742188,1135.0,949.0,-7819.0,-4.0,0.0,-1.0,
1650632750942187547,-0.474731445312,-0.871826171875,-0.118103027344,0.0269775390625,1134.0,973.0,-7832.0,-4.0,0.0,-1.0,
1650632750944118738,-0.474731445312,-0.871826171875,-0.118103027344,0.0269165039062,1136.0,983.0,-7841.0,-3.0,-1.0,-1.0,
1650632750949136972,-0.474731445312,-0.871826171875,-0.118103027344,0.02685546875,1129.0,964.0,-7846.0,-3.0,-1.0,-1.0,
1650632750953965663,-0.474731445312,-0.871826171875,-0.118103027344,0.02685546875,1119.0,955.0,-7853.0,-3.0,0.0,0.0,
1650632750959151983,-0.474731445312,-0.871826171875,-0.118103027344,0.02685546875,1116.0,954.0,-7858.0,-2.0,0.0,-1.0,
1650632750962701082,-0.474731445312,-0.871826171875,-0.118041992188,0.0267944335938,1107.0,951.0,-7852.0,-2.0,0.0,-1.0,
1650632750967909574,-0.474731445312,-0.871826171875,-0.118041992188,0.0267944335938,1092.0,944.0,-7836.0,-2.0,0.0,-1.0,
1650632750975761651,-0.474731445312,-0.871826171875,-0.117980957031,0.0267333984375,1077.0,934.0,-7817.0,-2.0,0.0,-1.0,
1650632750980401515,-0.474731445312,-0.871826171875,-0.117980957031,0.0267333984375,1058.0,923.0,-7798.0,-3.0,0.0,-1.0,
1650632750985118627,-0.474731445312,-0.871826171875,-0.117980957031,0.0266723632812,1041.0,915.0,-7795.0,-3.0,0.0,-1.0,
1650632750989936113,-0.474731445312,-0.871826171875,-0.117980957031,0.0266723632812,1030.0,919.0,-7794.0,-3.0,0.0,-1.0,
1650632750994744539,-0.474670410156,-0.871826171875,-0.118041992188,0.026611328125,1031.0,928.0,-7789.0,-3.0,1.0,-1.0,
1650632751001284122,-0.474670410156,-0.871887207031,-0.118103027344,0.026611328125,1033.0,939.0,-7793.0,-3.0,1.0,-1.0,
1650632751006417036,-0.474609375,-0.871887207031,-0.1181640625,0.026611328125,1022.0,947.0,-7795.0,-3.0,1.0,-1.0,
1650632751010930776,-0.474609375,-0.871887207031,-0.1181640625,0.026611328125,1014.0,954.0,-7798.0,-3.0,1.0,-1.0,
1650632751015393495,-0.474609375,-0.871887207031,-0.118225097656,0.0265502929688,1003.0,965.0,-7785.0,-3.0,0.0,-1.0,
1650632751020401000,-0.474609375,-0.871887207031,-0.118286132812,0.0264892578125,977.0,967.0,-7786.0,-3.0,0.0,-1.0,
1650632751024948120,-0.474548339844,-0.871887207031,-0.118286132812,0.0264282226562,945.0,966.0,-7778.0,-3.0,0.0,-1.0,
1650632751029601097,-0.474548339844,-0.871887207031,-0.118347167969,0.0263671875,932.0,953.0,-7783.0,-4.0,1.0,-1.0,
1650632751034236431,-0.474487304688,-0.871887207031,-0.118408203125,0.0263061523438,929.0,946.0,-7795.0,-4.0,1.0,-1.0,
1650632751039270162,-0.474487304688,-0.871887207031,-0.118469238281,0.0263061523438,936.0,948.0,-7813.0,-4.0,1.0,-1.0,
1650632751043769121,-0.474487304688,-0.871887207031,-0.118530273438,0.0263061523438,942.0,954.0,-7818.0,-3.0,1.0,-1.0,
1650632751047211885,-0.474426269531,-0.871887207031,-0.118591308594,0.0263061523438,955.0,964.0,-7834.0,-3.0,1.0,-1.0,
1650632751052259922,-0.474426269531,-0.871887207031,-0.11865234375,0.0263061523438,969.0,976.0,-7840.0,-3.0,1.0,-1.0,
1650632751060623407,-0.474426269531,-0.871887207031,-0.118713378906,0.0263061523438,980.0,989.0,-7854.0,-3.0,1.0,0.0,
1650632751065477371,-0.474487304688,-0.871887207031,-0.118774414062,0.0263061523438,992.0,1009.0,-7864.0,-2.0,1.0,0.0,
1650632751069988012,-0.474487304688,-0.871887207031,-0.118774414062,0.0263671875,997.0,1026.0,-7859.0,-2.0,1.0,0.0,
1650632751074492454,-0.474487304688,-0.871826171875,-0.118774414062,0.0263671875,992.0,1026.0,-7844.0,-2.0,1.0,0.0,
1650632751079753637,-0.474487304688,-0.871826171875,-0.118774414062,0.0264282226562,987.0,1016.0,-7828.0,-1.0,1.0,0.0,
1650632751084039449,-0.474487304688,-0.871887207031,-0.118713378906,0.0264892578125,988.0,1000.0,-7817.0,-1.0,1.0,-1.0,
1650632751088839530,-0.474487304688,-0.871887207031,-0.118713378906,0.026611328125,993.0,975.0,-7808.0,-2.0,1.0,-1.0,
1650632751092166662,-0.474487304688,-0.871887207031,-0.11865234375,0.0266723632812,995.0,955.0,-7810.0,-2.0,1.0,0.0,
1650632751097259044,-0.474548339844,-0.871826171875,-0.11865234375,0.0266723632812,996.0,930.0,-7799.0,-2.0,1.0,0.0,
1650632751103787660,-0.474548339844,-0.871826171875,-0.118591308594,0.0267333984375,1003.0,918.0,-7805.0,-2.0,1.0,0.0,
1650632751110529422,-0.474548339844,-0.871826171875,-0.118591308594,0.0267944335938,1016.0,921.0,-7809.0,-2.0,1.0,0.0,
1650632751115259885,-0.474609375,-0.871826171875,-0.11865234375,0.02685546875,1031.0,924.0,-7810.0,-3.0,1.0,0.0,
1650632751120116472,-0.474670410156,-0.871765136719,-0.11865234375,0.02685546875,1040.0,927.0,-7813.0,-3.0,1.0,0.0,
1650632751124510765,-0.474670410156,-0.871765136719,-0.118713378906,0.02685546875,1043.0,935.0,-7805.0,-3.0,0.0,0.0,
1650632751129162549,-0.474731445312,-0.871704101562,-0.118713378906,0.02685546875,1038.0,942.0,-7802.0,-3.0,0.0,0.0,
1650632751133992433,-0.474792480469,-0.871704101562,-0.118774414062,0.0267944335938,1036.0,957.0,-7795.0,-3.0,0.0,0.0,
1650632751139026165,-0.474792480469,-0.871643066406,-0.118835449219,0.0266723632812,1039.0,972.0,-7770.0,-3.0,-1.0,0.0,
1650632751143900632,-0.474853515625,-0.871643066406,-0.118835449219,0.0265502929688,1037.0,995.0,-7751.0,-3.0,-2.0,0.0,
1650632751147187471,-0.474853515625,-0.871643066406,-0.118835449219,0.0263061523438,1032.0,1003.0,-7746.0,-3.0,-3.0,-1.0,
1650632751155608177,-0.474853515625,-0.871704101562,-0.118774414062,0.0260620117188,1031.0,1010.0,-7740.0,-3.0,-4.0,-1.0,
1650632751160282135,-0.474792480469,-0.871704101562,-0.118591308594,0.025634765625,1036.0,1015.0,-7750.0,-3.0,-6.0,-2.0,
1650632751165086269,-0.474731445312,-0.871826171875,-0.118408203125,0.025146484375,1052.0,1005.0,-7773.0,-3.0,-8.0,-3.0,
1650632751170149803,-0.474670410156,-0.871887207031,-0.1181640625,0.0247192382812,1080.0,1004.0,-7808.0,-2.0,-8.0,-3.0,
1650632751174584627,-0.474609375,-0.872009277344,-0.117919921875,0.0242919921875,1113.0,1009.0,-7845.0,-2.0,-8.0,-3.0,
1650632751178867340,-0.474548339844,-0.8720703125,-0.117614746094,0.0239868164062,1146.0,1001.0,-7880.0,-1.0,-7.0,-2.0,
1650632751183597326,-0.474548339844,-0.8720703125,-0.117309570312,0.023681640625,1173.0,977.0,-7912.0,-1.0,-7.0,-2.0,
1650632751186984300,-0.474609375,-0.872131347656,-0.117004394531,0.0234375,1184.0,956.0,-7923.0,0.0,-7.0,-1.0,
1650632751195309400,-0.474731445312,-0.872131347656,-0.116638183594,0.0231323242188,1177.0,936.0,-7925.0,0.0,-7.0,0.0,
1650632751202302694,-0.474853515625,-0.8720703125,-0.116333007812,0.0228271484375,1158.0,932.0,-7935.0,-1.0,-7.0,1.0,
1650632751206618785,-0.475036621094,-0.8720703125,-0.115966796875,0.0225219726562,1118.0,930.0,-7924.0,-1.0,-7.0,1.0,
1650632751211709022,-0.475158691406,-0.872009277344,-0.11572265625,0.022216796875,1082.0,919.0,-7912.0,-1.0,-6.0,1.0,
1650632751216365337,-0.475341796875,-0.871948242188,-0.115539550781,0.02197265625,1049.0,906.0,-7893.0,-2.0,-5.0,2.0,
1650632751221248626,-0.475463867188,-0.871887207031,-0.115356445312,0.021728515625,1021.0,897.0,-7889.0,-2.0,-4.0,2.0,
1650632751225817918,-0.475646972656,-0.871826171875,-0.115234375,0.021484375,988.0,889.0,-7874.0,-3.0,-4.0,2.0,
1650632751230552673,-0.475891113281,-0.871765136719,-0.115112304688,0.0213012695312,949.0,884.0,-7868.0,-3.0,-3.0,3.0,
1650632751235053777,-0.47607421875,-0.871643066406,-0.114990234375,0.0210571289062,904.0,892.0,-7848.0,-4.0,-3.0,3.0,
1650632751239587545,-0.476318359375,-0.871520996094,-0.114990234375,0.0208740234375,865.0,903.0,-7830.0,-4.0,-2.0,3.0,
1650632751244440793,-0.4765625,-0.871398925781,-0.114990234375,0.0206298828125,829.0,916.0,-7803.0,-4.0,-2.0,3.0,
1650632751249253034,-0.476745605469,-0.871276855469,-0.114990234375,0.0204467773438,805.0,925.0,-7782.0,-5.0,-2.0,3.0,
1650632751252608537,-0.476928710938,-0.871154785156,-0.115051269531,0.020263671875,788.0,931.0,-7763.0,-5.0,-1.0,3.0,
1650632751257479906,-0.477172851562,-0.871032714844,-0.115173339844,0.0200805664062,789.0,927.0,-7755.0,-5.0,-1.0,3.0,
1650632751262384891,-0.477355957031,-0.870971679688,-0.115356445312,0.0199584960938,799.0,930.0,-7750.0,-6.0,0.0,3.0,
1650632751270865917,-0.4775390625,-0.870849609375,-0.115478515625,0.0198974609375,810.0,951.0,-7744.0,-6.0,0.0,3.0,
1650632751275204658,-0.477661132812,-0.870727539062,-0.11572265625,0.019775390625,816.0,972.0,-7745.0,-6.0,1.0,3.0,
1650632751280366897,-0.477844238281,-0.87060546875,-0.115966796875,0.0197143554688,841.0,995.0,-7759.0,-6.0,1.0,2.0,
1650632751284405469,-0.477966308594,-0.870483398438,-0.116149902344,0.0197143554688,885.0,1016.0,-7776.0,-5.0,2.0,2.0,
1650632751288973569,-0.478149414062,-0.870361328125,-0.116333007812,0.0197143554688,923.0,1027.0,-7792.0,-5.0,1.0,2.0,
1650632751293952703,-0.478271484375,-0.870239257812,-0.116455078125,0.0196533203125,951.0,1037.0,-7816.0,-4.0,0.0,2.0,
1650632751298395872,-0.478454589844,-0.870178222656,-0.116577148438,0.0195922851562,964.0,1030.0,-7844.0,-4.0,-1.0,2.0,
1650632751301931858,-0.478637695312,-0.870056152344,-0.116577148438,0.01953125,978.0,1020.0,-7871.0,-3.0,-1.0,2.0,
1650632751308660507,-0.478759765625,-0.869995117188,-0.116577148438,0.01953125,989.0,1005.0,-7891.0,-3.0,-1.0,2.0,
1650632751313561916,-0.478881835938,-0.869934082031,-0.116516113281,0.01953125,1003.0,994.0,-7912.0,-2.0,0.0,1.0,
1650632751318335294,-0.478942871094,-0.869873046875,-0.116516113281,0.01953125,1012.0,987.0,-7919.0,-2.0,0.0,1.0,
1650632751322669744,-0.479064941406,-0.869873046875,-0.116455078125,0.0195922851562,1014.0,982.0,-7922.0,-2.0,0.0,1.0,
1650632751327568531,-0.479064941406,-0.869812011719,-0.116455078125,0.0195922851562,1006.0,979.0,-7923.0,-2.0,0.0,0.0,
1650632751332122325,-0.479125976562,-0.869812011719,-0.116394042969,0.0196533203125,992.0,971.0,-7928.0,-2.0,1.0,0.0,
1650632751340257883,-0.479187011719,-0.869812011719,-0.116333007812,0.0197143554688,980.0,960.0,-7932.0,-2.0,1.0,0.0,
1650632751345241785,-0.479187011719,-0.869812011719,-0.116333007812,0.019775390625,967.0,941.0,-7921.0,-2.0,1.0,0.0,
1650632751349756956,-0.479187011719,-0.869812011719,-0.116333007812,0.0198974609375,951.0,931.0,-7907.0,-2.0,1.0,0.0,
1650632751354633569,-0.479187011719,-0.869812011719,-0.116333007812,0.0199584960938,933.0,917.0,-7892.0,-2.0,2.0,0.0,
1650632751359450101,-0.479187011719,-0.869750976562,-0.116333007812,0.0199584960938,920.0,910.0,-7864.0,-3.0,2.0,0.0,
1650632751364024639,-0.479187011719,-0.869750976562,-0.116394042969,0.02001953125,902.0,903.0,-7830.0,-3.0,2.0,0.0,
1650632751369096755,-0.479248046875,-0.869750976562,-0.116516113281,0.02001953125,887.0,906.0,-7789.0,-4.0,2.0,0.0,
1650632751373423576,-0.479187011719,-0.869750976562,-0.116638183594,0.02001953125,881.0,909.0,-7750.0,-4.0,2.0,0.0,
1650632751380488395,-0.479187011719,-0.869689941406,-0.116760253906,0.0200805664062,883.0,919.0,-7722.0,-5.0,2.0,0.0,
1650632751385286808,-0.479248046875,-0.869689941406,-0.117004394531,0.0200805664062,885.0,941.0,-7701.0,-5.0,2.0,0.0,
1650632751390430212,-0.479248046875,-0.86962890625,-0.117248535156,0.0200805664062,885.0,968.0,-7679.0,-6.0,2.0,0.0,
1650632751394689798,-0.479248046875,-0.869567871094,-0.117492675781,0.0200805664062,888.0,1006.0,-7668.0,-6.0,2.0,0.0,
1650632751399458885,-0.479248046875,-0.869567871094,-0.117797851562,0.0200805664062,890.0,1043.0,-7679.0,-6.0,3.0,0.0,
1650632751408896923,-0.479309082031,-0.869506835938,-0.118041992188,0.0200805664062,906.0,1076.0,-7692.0,-5.0,3.0,0.0,
1650632751410859584,-0.479309082031,-0.869445800781,-0.118286132812,0.0201416015625,926.0,1104.0,-7715.0,-5.0,3.0,0.0,
1650632751415962934,-0.479370117188,-0.869384765625,-0.118530273438,0.0202026367188,961.0,1114.0,-7761.0,-4.0,3.0,0.0,
1650632751420658111,-0.479370117188,-0.869384765625,-0.118713378906,0.0203857421875,984.0,1111.0,-7808.0,-3.0,3.0,0.0,
1650632751425278663,-0.479431152344,-0.869323730469,-0.118835449219,0.0205078125,1003.0,1097.0,-7850.0,-3.0,3.0,0.0,
1650632751429709672,-0.479431152344,-0.869262695312,-0.118835449219,0.0206298828125,1019.0,1071.0,-7892.0,-2.0,2.0,0.0,
1650632751434807062,-0.4794921875,-0.869262695312,-0.118835449219,0.0208129882812,1029.0,1043.0,-7924.0,-2.0,2.0,0.0,
1650632751439409255,-0.479553222656,-0.869262695312,-0.118835449219,0.0209350585938,1046.0,1017.0,-7948.0,-2.0,2.0,0.0,
1650632751444257259,-0.479553222656,-0.869201660156,-0.118774414062,0.0211181640625,1055.0,999.0,-7973.0,-1.0,2.0,0.0,
1650632751448920249,-0.479614257812,-0.869201660156,-0.118774414062,0.021240234375,1057.0,965.0,-7980.0,-1.0,2.0,0.0,
1650632751453609228,-0.479675292969,-0.869201660156,-0.11865234375,0.0214233398438,1050.0,925.0,-7981.0,-1.0,2.0,0.0,
1650632751456655025,-0.479675292969,-0.869201660156,-0.118591308594,0.0215454101562,1057.0,895.0,-7981.0,-1.0,2.0,0.0,
1650632751465323209,-0.479736328125,-0.869140625,-0.118530273438,0.021728515625,1063.0,876.0,-7965.0,-1.0,2.0,0.0,
1650632751470339775,-0.479797363281,-0.869140625,-0.118530273438,0.0218505859375,1061.0,862.0,-7949.0,-2.0,1.0,1.0,
1650632751475003480,-0.479858398438,-0.869079589844,-0.118469238281,0.02197265625,1048.0,858.0,-7915.0,-2.0,1.0,1.0,
1650632751479442834,-0.479919433594,-0.869018554688,-0.118408203125,0.0220336914062,1032.0,851.0,-7867.0,-2.0,1.0,1.0,
1650632751484075307,-0.480041503906,-0.869018554688,-0.118408203125,0.0220947265625,1021.0,851.0,-7806.0,-2.0,1.0,1.0,
1650632751489530086,-0.480102539062,-0.868957519531,-0.118469238281,0.0221557617188,1003.0,852.0,-7750.0,-3.0,1.0,1.0,
1650632751503094196,-0.480163574219,-0.868896484375,-0.118530273438,0.0221557617188,990.0,865.0,-7699.0,-4.0,1.0,1.0,
1650632751503732681,-0.480224609375,-0.868835449219,-0.118713378906,0.0221557617188,980.0,887.0,-7657.0,-4.0,2.0,1.0,
1650632751505508899,-0.480224609375,-0.868835449219,-0.118896484375,0.0221557617188,975.0,908.0,-7626.0,-5.0,2.0,0.0,
1650632751512093782,-0.480285644531,-0.868774414062,-0.119079589844,0.0221557617188,977.0,931.0,-7592.0,-5.0,2.0,0.0,
1650632751519360780,-0.48046875,-0.868591308594,-0.119506835938,0.022216796875,978.0,968.0,-7584.0,-5.0,2.0,1.0,
1650632751525613784,-0.480590820312,-0.868530273438,-0.11962890625,0.022216796875,968.0,998.0,-7588.0,-4.0,1.0,2.0,
1650632751530952453,-0.480712890625,-0.868408203125,-0.119750976562,0.0221557617188,958.0,1028.0,-7595.0,-4.0,1.0,3.0,
1650632751535044670,-0.48095703125,-0.868286132812,-0.119812011719,0.0221557617188,958.0,1047.0,-7623.0,-3.0,1.0,3.0,
1650632751539863824,-0.481140136719,-0.8681640625,-0.119812011719,0.0221557617188,963.0,1071.0,-7659.0,-2.0,0.0,4.0,
1650632751544391632,-0.4814453125,-0.868041992188,-0.119812011719,0.0221557617188,964.0,1103.0,-7710.0,-2.0,0.0,4.0,
1650632751549201250,-0.481689453125,-0.867919921875,-0.119812011719,0.022216796875,958.0,1121.0,-7759.0,-1.0,0.0,4.0,
1650632751554024219,-0.481872558594,-0.867797851562,-0.119689941406,0.0222778320312,957.0,1129.0,-7811.0,0.0,1.0,4.0,
1650632751559149503,-0.482116699219,-0.86767578125,-0.119567871094,0.0224609375,970.0,1127.0,-7863.0,0.0,1.0,4.0,
1650632751563989400,-0.482299804688,-0.867553710938,-0.119506835938,0.0226440429688,989.0,1113.0,-7909.0,1.0,2.0,3.0,
1650632751568851947,-0.482482910156,-0.867492675781,-0.119384765625,0.0228881835938,1005.0,1089.0,-7958.0,1.0,2.0,3.0,
1650632751573569536,-0.482604980469,-0.867431640625,-0.119201660156,0.0231323242188,1029.0,1066.0,-8004.0,1.0,2.0,3.0,
1650632751579872846,-0.482788085938,-0.867370605469,-0.119018554688,0.0233764648438,1034.0,1027.0,-8036.0,1.0,2.0,3.0,
1650632751584672451,-0.48291015625,-0.867309570312,-0.118835449219,0.0236206054688,1047.0,980.0,-8055.0,1.0,2.0,2.0,
1650632751589498043,-0.483032226562,-0.867248535156,-0.11865234375,0.0238647460938,1059.0,936.0,-8042.0,1.0,2.0,2.0,
1650632751594896793,-0.483154296875,-0.8671875,-0.118530273438,0.0241088867188,1069.0,899.0,-8021.0,0.0,2.0,2.0,
1650632751598757266,-0.483276367188,-0.867126464844,-0.118408203125,0.0243530273438,1077.0,863.0,-8000.0,0.0,2.0,1.0,
1650632751603365421,-0.483337402344,-0.867126464844,-0.118347167969,0.0245361328125,1088.0,834.0,-7964.0,-1.0,2.0,1.0,
1650632751606933593,-0.483459472656,-0.867065429688,-0.118286132812,0.0247192382812,1094.0,822.0,-7926.0,-2.0,2.0,1.0,
1650632751613846778,-0.483520507812,-0.867004394531,-0.118347167969,0.0248413085938,1090.0,823.0,-7879.0,-3.0,1.0,1.0,
1650632751621278047,-0.483581542969,-0.866943359375,-0.118408203125,0.0248413085938,1078.0,829.0,-7823.0,-4.0,1.0,1.0,
1650632751625643491,-0.483642578125,-0.866882324219,-0.118530273438,0.02490234375,1065.0,841.0,-7780.0,-4.0,1.0,0.0,
1650632751630370855,-0.483703613281,-0.866821289062,-0.118713378906,0.0248413085938,1062.0,859.0,-7746.0,-5.0,1.0,0.0,
1650632751635120630,-0.483764648438,-0.866821289062,-0.118957519531,0.0248413085938,1062.0,878.0,-7715.0,-6.0,2.0,0.0,
1650632751639816284,-0.483764648438,-0.866760253906,-0.119201660156,0.0247802734375,1063.0,900.0,-7697.0,-6.0,1.0,0.0,
1650632751644551277,-0.483825683594,-0.866638183594,-0.119445800781,0.0247192382812,1070.0,923.0,-7682.0,-6.0,1.0,0.0,
1650632751649355411,-0.48388671875,-0.866577148438,-0.11962890625,0.0245971679688,1077.0,946.0,-7673.0,-6.0,1.0,1.0,
1650632751654071331,-0.484008789062,-0.866516113281,-0.119873046875,0.0245361328125,1082.0,975.0,-7685.0,-6.0,0.0,1.0,
1650632751659116983,-0.484069824219,-0.866455078125,-0.1201171875,0.0244140625,1084.0,993.0,-7709.0,-6.0,0.0,1.0,
1650632751663704872,-0.484191894531,-0.866394042969,-0.120300292969,0.0242919921875,1083.0,1016.0,-7726.0,-5.0,0.0,1.0,
1650632751668636083,-0.484313964844,-0.866271972656,-0.120422363281,0.0242309570312,1080.0,1043.0,-7757.0,-5.0,0.0,1.0,
1650632751673169851,-0.484375,-0.8662109375,-0.120544433594,0.024169921875,1090.0,1062.0,-7805.0,-4.0,0.0,1.0,
1650632751676411867,-0.484436035156,-0.866149902344,-0.120666503906,0.024169921875,1107.0,1083.0,-7858.0,-3.0,1.0,1.0,
1650632751684811115,-0.484497070312,-0.866149902344,-0.120727539062,0.0242309570312,1133.0,1087.0,-7897.0,-3.0,1.0,1.0,
1650632751689280748,-0.484558105469,-0.866088867188,-0.120788574219,0.0242919921875,1150.0,1077.0,-7945.0,-2.0,1.0,0.0,
1650632751694285392,-0.484558105469,-0.866088867188,-0.120788574219,0.0243530273438,1159.0,1063.0,-7965.0,-2.0,1.0,0.0,
1650632751698894500,-0.484558105469,-0.866088867188,-0.120727539062,0.0244750976562,1162.0,1049.0,-7974.0,-1.0,1.0,0.0,
1650632751703434467,-0.484558105469,-0.866088867188,-0.120666503906,0.0245971679688,1171.0,1035.0,-7981.0,-1.0,1.0,-1.0,
1650632751708236455,-0.484558105469,-0.866088867188,-0.120666503906,0.024658203125,1172.0,1026.0,-7969.0,-1.0,1.0,-1.0,
1650632751713942289,-0.484558105469,-0.866088867188,-0.12060546875,0.0247802734375,1162.0,1019.0,-7946.0,-1.0,1.0,-1.0,
1650632751718378543,-0.484558105469,-0.866088867188,-0.120544433594,0.0247802734375,1147.0,1009.0,-7894.0,-1.0,0.0,-1.0,
1650632751725234746,-0.484558105469,-0.866149902344,-0.120483398438,0.0247802734375,1119.0,992.0,-7856.0,-2.0,0.0,-1.0,
1650632751729915618,-0.484497070312,-0.866149902344,-0.120422363281,0.0247192382812,1100.0,965.0,-7835.0,-2.0,0.0,-1.0,
1650632751734748840,-0.484497070312,-0.866149902344,-0.120422363281,0.0247192382812,1090.0,954.0,-7824.0,-3.0,0.0,-1.0,
1650632751739301681,-0.484497070312,-0.866149902344,-0.120422363281,0.024658203125,1075.0,938.0,-7820.0,-3.0,0.0,-1.0,
1650632751744078636,-0.484436035156,-0.8662109375,-0.120422363281,0.0245971679688,1061.0,912.0,-7809.0,-4.0,0.0,-2.0,
1650632751749068260,-0.484375,-0.8662109375,-0.120544433594,0.0245361328125,1047.0,887.0,-7799.0,-5.0,0.0,-2.0,
1650632751753663778,-0.484252929688,-0.866271972656,-0.120666503906,0.0244750976562,1045.0,880.0,-7776.0,-6.0,1.0,-3.0,
1650632751758516073,-0.484130859375,-0.866333007812,-0.120910644531,0.0244140625,1038.0,884.0,-7746.0,-7.0,1.0,-3.0,
1650632751763189554,-0.483947753906,-0.866394042969,-0.121215820312,0.0242919921875,1041.0,901.0,-7711.0,-8.0,2.0,-4.0,
1650632751766407251,-0.483764648438,-0.866455078125,-0.121643066406,0.024169921875,1059.0,944.0,-7680.0,-9.0,2.0,-4.0,
1650632751774997472,-0.483520507812,-0.866455078125,-0.122131347656,0.0241088867188,1076.0,997.0,-7646.0,-9.0,3.0,-4.0,
1650632751779711246,-0.483337402344,-0.866516113281,-0.122619628906,0.0239868164062,1077.0,1051.0,-7631.0,-9.0,3.0,-4.0,
1650632751784260511,-0.483154296875,-0.866577148438,-0.123046875,0.0238647460938,1067.0,1102.0,-7618.0,-8.0,2.0,-4.0,
1650632751788906335,-0.482971191406,-0.866638183594,-0.123474121094,0.0237426757812,1064.0,1146.0,-7613.0,-7.0,2.0,-4.0,
1650632751793628215,-0.482788085938,-0.86669921875,-0.123779296875,0.023681640625,1062.0,1185.0,-7627.0,-6.0,2.0,-3.0,
1650632751798429012,-0.482666015625,-0.86669921875,-0.124084472656,0.023681640625,1056.0,1199.0,-7651.0,-5.0,2.0,-3.0,
1650632751802973985,-0.482543945312,-0.866760253906,-0.124206542969,0.0236206054688,1052.0,1192.0,-7679.0,-4.0,2.0,-2.0,
1650632751806421756,-0.482482910156,-0.866760253906,-0.124328613281,0.0236206054688,1050.0,1176.0,-7715.0,-3.0,1.0,-2.0,
1650632751816666603,-0.482482910156,-0.866760253906,-0.124328613281,0.0236206054688,1050.0,1151.0,-7761.0,-2.0,0.0,-1.0,
1650632751823845148,-0.482543945312,-0.866760253906,-0.1240234375,0.0234985351562,1010.0,1073.0,-7833.0,-2.0,-2.0,0.0,
1650632751830463647,-0.482604980469,-0.866760253906,-0.123840332031,0.0233764648438,983.0,1045.0,-7877.0,-1.0,-2.0,1.0,
1650632751834935665,-0.482727050781,-0.866760253906,-0.123657226562,0.0232543945312,957.0,1040.0,-7910.0,-1.0,-2.0,1.0,
1650632751839690446,-0.482849121094,-0.86669921875,-0.123474121094,0.023193359375,933.0,1030.0,-7929.0,-1.0,-1.0,1.0,
1650632751844439029,-0.48291015625,-0.86669921875,-0.123352050781,0.0231323242188,922.0,1013.0,-7936.0,-1.0,-1.0,1.0,
1650632751849393844,-0.483032226562,-0.866638183594,-0.123229980469,0.0230712890625,914.0,993.0,-7930.0,-2.0,-1.0,1.0,
1650632751853841781,-0.483154296875,-0.866577148438,-0.123107910156,0.0230102539062,915.0,975.0,-7921.0,-2.0,0.0,1.0,
1650632751858365535,-0.483276367188,-0.866516113281,-0.123046875,0.0230102539062,918.0,941.0,-7903.0,-3.0,0.0,1.0,
1650632751863207578,-0.4833984375,-0.866455078125,-0.123046875,0.02294921875,908.0,908.0,-7878.0,-4.0,0.0,1.0,
1650632751866408586,-0.483520507812,-0.866394042969,-0.123046875,0.02294921875,897.0,887.0,-7840.0,-5.0,1.0,1.0,
1650632751875279903,-0.483581542969,-0.866333007812,-0.123229980469,0.0228881835938,892.0,880.0,-7801.0,-6.0,2.0,1.0,
1650632751879731178,-0.483581542969,-0.866271972656,-0.12353515625,0.0228881835938,898.0,892.0,-7766.0,-7.0,3.0,0.0,
1650632751884221076,-0.483581542969,-0.8662109375,-0.123962402344,0.0228881835938,906.0,908.0,-7738.0,-8.0,4.0,0.0,
1650632751888876914,-0.483581542969,-0.866149902344,-0.124450683594,0.02294921875,927.0,930.0,-7706.0,-9.0,5.0,-1.0,
1650632751893527984,-0.483520507812,-0.866088867188,-0.125,0.0230102539062,957.0,971.0,-7678.0,-9.0,6.0,-1.0,
1650632751898264169,-0.483459472656,-0.866027832031,-0.125610351562,0.0231323242188,999.0,1008.0,-7661.0,-9.0,7.0,-1.0,
1650632751902972698,-0.4833984375,-0.865966796875,-0.126220703125,0.0233154296875,1043.0,1057.0,-7663.0,-9.0,7.0,-1.0,
1650632751908162117,-0.4833984375,-0.865905761719,-0.126770019531,0.0234985351562,1091.0,1105.0,-7680.0,-8.0,7.0,0.0,
1650632751911123752,-0.4833984375,-0.865844726562,-0.127319335938,0.023681640625,1141.0,1145.0,-7699.0,-7.0,6.0,0.0,
1650632751922035932,-0.4833984375,-0.86572265625,-0.127746582031,0.0238037109375,1174.0,1167.0,-7713.0,-6.0,5.0,1.0,
1650632751928049325,-0.483520507812,-0.865600585938,-0.128295898438,0.0241088867188,1182.0,1188.0,-7727.0,-4.0,4.0,1.0,
1650632751936338186,-0.483581542969,-0.865539550781,-0.128479003906,0.0242309570312,1193.0,1195.0,-7745.0,-4.0,4.0,1.0,
1650632751939294576,-0.483581542969,-0.865478515625,-0.128662109375,0.0244140625,1204.0,1199.0,-7770.0,-3.0,4.0,1.0,
1650632751944181442,-0.483642578125,-0.865478515625,-0.128784179688,0.0245971679688,1212.0,1194.0,-7803.0,-2.0,4.0,0.0,
1650632751948822021,-0.483642578125,-0.865417480469,-0.128845214844,0.0248413085938,1216.0,1178.0,-7827.0,-2.0,4.0,0.0,
1650632751953418016,-0.483642578125,-0.865417480469,-0.12890625,0.0250854492188,1218.0,1155.0,-7851.0,-1.0,4.0,0.0,
1650632751958149433,-0.483703613281,-0.865356445312,-0.12890625,0.025390625,1214.0,1131.0,-7869.0,0.0,4.0,0.0,
1650632751962902307,-0.483703613281,-0.865356445312,-0.128845214844,0.0256958007812,1224.0,1110.0,-7880.0,0.0,4.0,0.0,
1650632751970251798,-0.483703613281,-0.865356445312,-0.128784179688,0.0260009765625,1225.0,1090.0,-7891.0,0.0,4.0,0.0,
1650632751974514484,-0.483703613281,-0.865356445312,-0.128723144531,0.0263671875,1227.0,1056.0,-7890.0,1.0,4.0,0.0,
1650632751979118347,-0.483703613281,-0.865356445312,-0.128601074219,0.0266723632812,1230.0,1011.0,-7878.0,1.0,4.0,0.0,
1650632751983924150,-0.483703613281,-0.865356445312,-0.128479003906,0.0269775390625,1227.0,971.0,-7854.0,1.0,3.0,0.0,
1650632751988622665,-0.483764648438,-0.865356445312,-0.128356933594,0.0271606445312,1217.0,941.0,-7827.0,0.0,2.0,0.0,
1650632751993360042,-0.483764648438,-0.865356445312,-0.128234863281,0.02734375,1197.0,905.0,-7800.0,-1.0,2.0,0.0,
1650632751997763633,-0.483825683594,-0.865356445312,-0.128173828125,0.0274658203125,1176.0,872.0,-7761.0,-2.0,1.0,0.0,
1650632752004979372,-0.48388671875,-0.865356445312,-0.128112792969,0.0275268554688,1165.0,858.0,-7722.0,-3.0,1.0,0.0,
1650632752009964704,-0.48388671875,-0.865295410156,-0.128173828125,0.027587890625,1159.0,870.0,-7689.0,-4.0,2.0,0.0,
1650632752014521360,-0.48388671875,-0.865295410156,-0.128295898438,0.0276489257812,1168.0,904.0,-7659.0,-4.0,2.0,0.0,
1650632752021276473,-0.483947753906,-0.865234375,-0.128479003906,0.0277099609375,1179.0,956.0,-7633.0,-5.0,2.0,0.0,
1650632752025736331,-0.483947753906,-0.865173339844,-0.128723144531,0.0277099609375,1194.0,1015.0,-7617.0,-5.0,2.0,0.0,
1650632752030663490,-0.484008789062,-0.865112304688,-0.12890625,0.0277099609375,1207.0,1069.0,-7606.0,-4.0,1.0,0.0,
1650632752035466670,-0.484008789062,-0.865112304688,-0.129089355469,0.0277099609375,1219.0,1117.0,-7608.0,-4.0,1.0,0.0,
1650632752040246248,-0.484069824219,-0.865051269531,-0.129272460938,0.0276489257812,1221.0,1164.0,-7613.0,-4.0,0.0,1.0,
1650632752044939041,-0.484191894531,-0.864990234375,-0.12939453125,0.027587890625,1220.0,1200.0,-7624.0,-3.0,0.0,1.0,
1650632752049351692,-0.484252929688,-0.864929199219,-0.129455566406,0.0275268554688,1202.0,1219.0,-7638.0,-3.0,-1.0,1.0,
1650632752054181098,-0.484375,-0.864868164062,-0.12939453125,0.0274047851562,1175.0,1230.0,-7656.0,-2.0,-1.0,1.0,
1650632752059183120,-0.484436035156,-0.864807128906,-0.12939453125,0.0272827148438,1144.0,1234.0,-7676.0,-2.0,-1.0,1.0,
1650632752063857555,-0.484558105469,-0.86474609375,-0.129272460938,0.0271606445312,1130.0,1238.0,-7702.0,-1.0,-1.0,1.0,
1650632752068830966,-0.484680175781,-0.86474609375,-0.129211425781,0.027099609375,1133.0,1238.0,-7738.0,-1.0,-1.0,1.0,
1650632752073263406,-0.484741210938,-0.864685058594,-0.129089355469,0.0271606445312,1138.0,1230.0,-7780.0,0.0,-1.0,1.0,
1650632752077904224,-0.48486328125,-0.864685058594,-0.12890625,0.0271606445312,1153.0,1218.0,-7818.0,0.0,-1.0,1.0,
1650632752082598447,-0.484985351562,-0.864624023438,-0.128723144531,0.0272216796875,1166.0,1200.0,-7857.0,1.0,0.0,1.0,
1650632752089581251,-0.485046386719,-0.864624023438,-0.128540039062,0.02734375,1175.0,1173.0,-7885.0,1.0,0.0,1.0,
1650632752094237089,-0.485046386719,-0.864624023438,-0.128356933594,0.0274658203125,1185.0,1134.0,-7907.0,1.0,0.0,0.0,
1650632752099003553,-0.485046386719,-0.864624023438,-0.128173828125,0.0276489257812,1204.0,1083.0,-7929.0,1.0,2.0,-1.0,
1650632752103670120,-0.485046386719,-0.864685058594,-0.128051757812,0.02783203125,1238.0,1035.0,-7940.0,0.0,2.0,-1.0,
1650632752108498573,-0.484985351562,-0.864685058594,-0.1279296875,0.028076171875,1255.0,976.0,-7952.0,0.0,2.0,-2.0,
1650632752113330364,-0.484924316406,-0.86474609375,-0.127807617188,0.0283203125,1262.0,931.0,-7946.0,-1.0,2.0,-2.0,
1650632752118017435,-0.484802246094,-0.864807128906,-0.127746582031,0.0285034179688,1264.0,892.0,-7938.0,-1.0,2.0,-3.0,
1650632752123540163,-0.484680175781,-0.864868164062,-0.127746582031,0.0286254882812,1259.0,872.0,-7919.0,-2.0,2.0,-3.0,
1650632752128727197,-0.484558105469,-0.864929199219,-0.127746582031,0.02880859375,1261.0,859.0,-7881.0,-2.0,3.0,-3.0,
1650632752141936779,-0.484375,-0.865051269531,-0.127807617188,0.0289916992188,1276.0,865.0,-7832.0,-3.0,3.0,-3.0,
1650632752142510414,-0.484252929688,-0.865112304688,-0.1279296875,0.0291748046875,1289.0,886.0,-7776.0,-3.0,3.0,-3.0,
1650632752155228853,-0.484130859375,-0.865112304688,-0.128051757812,0.029296875,1288.0,917.0,-7725.0,-3.0,3.0,-3.0,
1650632752155793428,-0.484008789062,-0.865173339844,-0.128173828125,0.0293579101562,1284.0,955.0,-7679.0,-3.0,2.0,-3.0,
1650632752156789064,-0.48388671875,-0.865234375,-0.128234863281,0.0293579101562,1270.0,998.0,-7639.0,-3.0,1.0,-3.0,
1650632752158781766,-0.483764648438,-0.865295410156,-0.128295898438,0.0293579101562,1253.0,1029.0,-7608.0,-2.0,0.0,-3.0,
1650632752163374662,-0.483703613281,-0.865356445312,-0.128295898438,0.0293579101562,1239.0,1071.0,-7594.0,-2.0,0.0,-2.0,
1650632752168122529,-0.483581542969,-0.865417480469,-0.128356933594,0.029296875,1225.0,1104.0,-7598.0,-2.0,0.0,-2.0,
1650632752172516345,-0.483459472656,-0.865478515625,-0.128295898438,0.029296875,1212.0,1131.0,-7623.0,-1.0,0.0,-2.0,
1650632752176004648,-0.4833984375,-0.865478515625,-0.128295898438,0.0293579101562,1203.0,1160.0,-7668.0,-1.0,1.0,-2.0,
1650632752184325218,-0.483276367188,-0.865539550781,-0.128173828125,0.0294189453125,1188.0,1182.0,-7713.0,0.0,1.0,-2.0,
1650632752189136981,-0.483215332031,-0.865661621094,-0.128112792969,0.0294799804688,1171.0,1198.0,-7761.0,1.0,1.0,-2.0,
1650632752194021701,-0.483093261719,-0.86572265625,-0.1279296875,0.0296630859375,1156.0,1204.0,-7807.0,2.0,2.0,-2.0,
1650632752198861598,-0.482971191406,-0.865783691406,-0.127746582031,0.0298461914062,1130.0,1201.0,-7849.0,2.0,2.0,-2.0,
1650632752203391313,-0.482849121094,-0.865905761719,-0.127563476562,0.030029296875,1125.0,1186.0,-7861.0,3.0,3.0,-3.0,
1650632752208005189,-0.482666015625,-0.866027832031,-0.127380371094,0.0302734375,1126.0,1166.0,-7853.0,3.0,3.0,-3.0,
1650632752212834835,-0.482543945312,-0.866088867188,-0.127258300781,0.030517578125,1128.0,1139.0,-7865.0,2.0,3.0,-3.0,
1650632752217738866,-0.482421875,-0.8662109375,-0.127075195312,0.03076171875,1128.0,1102.0,-7871.0,2.0,3.0,-3.0,
1650632752226024866,-0.482299804688,-0.866271972656,-0.126953125,0.0309448242188,1115.0,1056.0,-7863.0,1.0,3.0,-3.0,
1650632752231204748,-0.482177734375,-0.866333007812,-0.126831054688,0.0311279296875,1088.0,1014.0,-7845.0,0.0,2.0,-3.0,
1650632752237687349,-0.48193359375,-0.866455078125,-0.126647949219,0.0314331054688,1047.0,940.0,-7804.0,-1.0,3.0,-2.0,
1650632752243944644,-0.481811523438,-0.866516113281,-0.126647949219,0.0316162109375,1040.0,927.0,-7789.0,-2.0,4.0,-2.0,
1650632752248675584,-0.481689453125,-0.866577148438,-0.126770019531,0.0318603515625,1058.0,930.0,-7778.0,-2.0,5.0,-2.0,
1650632752253428936,-0.481567382812,-0.866638183594,-0.126831054688,0.0321655273438,1092.0,946.0,-7760.0,-2.0,6.0,-2.0,
1650632752258423805,-0.4814453125,-0.866638183594,-0.127014160156,0.0325317382812,1140.0,952.0,-7756.0,-1.0,6.0,-2.0,
1650632752262910127,-0.481384277344,-0.86669921875,-0.127136230469,0.0328979492188,1189.0,944.0,-7754.0,-1.0,6.0,-2.0,
1650632752267571926,-0.481323242188,-0.86669921875,-0.127258300781,0.033203125,1244.0,934.0,-7754.0,-2.0,5.0,-1.0,
1650632752274660110,-0.481262207031,-0.86669921875,-0.127319335938,0.0335083007812,1289.0,928.0,-7754.0,-2.0,4.0,-1.0,
1650632752279565811,-0.481262207031,-0.866638183594,-0.127380371094,0.03369140625,1304.0,926.0,-7757.0,-2.0,3.0,0.0,
1650632752283918857,-0.481323242188,-0.866638183594,-0.12744140625,0.0338134765625,1302.0,934.0,-7765.0,-2.0,2.0,0.0,
1650632752288490056,-0.481323242188,-0.866638183594,-0.12744140625,0.033935546875,1302.0,939.0,-7776.0,-2.0,1.0,0.0,
1650632752293453216,-0.481384277344,-0.866577148438,-0.12744140625,0.0339965820312,1310.0,956.0,-7787.0,-2.0,2.0,0.0,
1650632752298885822,-0.4814453125,-0.866577148438,-0.12744140625,0.0341186523438,1338.0,982.0,-7800.0,-2.0,2.0,0.0,
1650632752302864074,-0.481506347656,-0.866516113281,-0.127502441406,0.0343017578125,1366.0,1011.0,-7819.0,-1.0,2.0,1.0,
1650632752307558298,-0.481567382812,-0.866455078125,-0.12744140625,0.034423828125,1392.0,1039.0,-7839.0,-1.0,1.0,1.0,
1650632752312319755,-0.481628417969,-0.866394042969,-0.12744140625,0.0345458984375,1408.0,1066.0,-7854.0,0.0,1.0,1.0,
1650632752319637537,-0.481750488281,-0.866394042969,-0.127319335938,0.03466796875,1409.0,1081.0,-7857.0,0.0,0.0,1.0,
1650632752324531316,-0.481872558594,-0.866333007812,-0.127197265625,0.0347900390625,1396.0,1083.0,-7854.0,0.0,0.0,2.0,
1650632752330845355,-0.481994628906,-0.866271972656,-0.127075195312,0.0348510742188,1364.0,1069.0,-7835.0,1.0,0.0,2.0,
1650632752335664272,-0.482055664062,-0.8662109375,-0.126892089844,0.034912109375,1326.0,1046.0,-7810.0,0.0,0.0,1.0,
1650632752340553760,-0.482177734375,-0.8662109375,-0.126770019531,0.0349731445312,1281.0,1011.0,-7779.0,-1.0,0.0,1.0,
1650632752345244407,-0.482238769531,-0.866149902344,-0.126708984375,0.0349731445312,1238.0,979.0,-7740.0,-2.0,0.0,1.0,
1650632752350050449,-0.482299804688,-0.866149902344,-0.126647949219,0.0349731445312,1211.0,959.0,-7711.0,-2.0,1.0,0.0,
1650632752354837656,-0.482360839844,-0.866149902344,-0.126708984375,0.0349731445312,1192.0,964.0,-7686.0,-3.0,1.0,0.0,
1650632752359182596,-0.482360839844,-0.866088867188,-0.126770019531,0.0349731445312,1182.0,978.0,-7662.0,-4.0,1.0,0.0,
1650632752363971471,-0.482421875,-0.866027832031,-0.126831054688,0.034912109375,1182.0,992.0,-7638.0,-4.0,1.0,0.0,
1650632752369898080,-0.482482910156,-0.866027832031,-0.126953125,0.034912109375,1177.0,996.0,-7627.0,-3.0,0.0,0.0,
1650632752373546600,-0.482543945312,-0.865966796875,-0.126953125,0.0348510742188,1175.0,997.0,-7622.0,-3.0,0.0,0.0,
1650632752378207921,-0.482604980469,-0.865905761719,-0.127014160156,0.0348510742188,1180.0,996.0,-7632.0,-3.0,1.0,1.0,
1650632752383118391,-0.482727050781,-0.865844726562,-0.127014160156,0.034912109375,1194.0,995.0,-7652.0,-2.0,1.0,1.0,
1650632752387668371,-0.482788085938,-0.865844726562,-0.127014160156,0.0349731445312,1210.0,991.0,-7678.0,-2.0,1.0,1.0,
1650632752392536640,-0.482849121094,-0.865783691406,-0.126953125,0.0350341796875,1248.0,987.0,-7716.0,-1.0,1.0,1.0,
1650632752395769119,-0.482971191406,-0.86572265625,-0.126953125,0.03515625,1280.0,974.0,-7758.0,-1.0,1.0,1.0,
1650632752404277563,-0.483032226562,-0.865661621094,-0.126831054688,0.0352783203125,1312.0,958.0,-7813.0,-1.0,0.0,1.0,
1650632752408793687,-0.483154296875,-0.865661621094,-0.126708984375,0.035400390625,1338.0,945.0,-7859.0,0.0,0.0,1.0,
1650632752413410663,-0.483215332031,-0.865600585938,-0.126525878906,0.0355224609375,1367.0,936.0,-7891.0,0.0,0.0,1.0,
1650632752418591260,-0.483337402344,-0.865600585938,-0.126403808594,0.03564453125,1394.0,932.0,-7917.0,0.0,0.0,1.0,
1650632752422973871,-0.4833984375,-0.865600585938,-0.126220703125,0.0357666015625,1429.0,933.0,-7932.0,1.0,0.0,1.0,
1650632752427857160,-0.483459472656,-0.865539550781,-0.126037597656,0.0359497070312,1458.0,941.0,-7939.0,1.0,0.0,0.0,
1650632752437233448,-0.483520507812,-0.865539550781,-0.125854492188,0.0361328125,1472.0,951.0,-7937.0,1.0,0.0,0.0,
1650632752438850879,-0.483520507812,-0.865539550781,-0.125732421875,0.0361938476562,1466.0,953.0,-7922.0,1.0,0.0,0.0,
1650632752443635463,-0.483581542969,-0.865539550781,-0.125549316406,0.0363159179688,1455.0,954.0,-7920.0,0.0,0.0,0.0,
1650632752448555469,-0.483581542969,-0.865539550781,-0.125427246094,0.0364379882812,1438.0,947.0,-7900.0,0.0,0.0,0.0,
1650632752453363656,-0.483642578125,-0.865539550781,-0.125366210938,0.0364990234375,1419.0,938.0,-7869.0,-1.0,1.0,-1.0,
1650632752458406925,-0.483642578125,-0.865539550781,-0.125305175781,0.0365600585938,1389.0,934.0,-7840.0,-2.0,1.0,-1.0,
1650632752462754726,-0.483642578125,-0.865539550781,-0.125305175781,0.0365600585938,1352.0,927.0,-7821.0,-2.0,1.0,-1.0,
1650632752467711687,-0.483642578125,-0.865539550781,-0.125366210938,0.0365600585938,1303.0,937.0,-7794.0,-3.0,1.0,-1.0,
1650632752472974300,-0.483642578125,-0.865539550781,-0.12548828125,0.0364990234375,1237.0,941.0,-7768.0,-4.0,1.0,-1.0,
1650632752475621223,-0.483581542969,-0.865539550781,-0.125549316406,0.0364379882812,1189.0,946.0,-7733.0,-5.0,1.0,-1.0,
1650632752484214544,-0.483520507812,-0.865539550781,-0.125732421875,0.0363159179688,1150.0,958.0,-7689.0,-5.0,2.0,-1.0,
1650632752488856554,-0.483459472656,-0.865539550781,-0.1259765625,0.0362548828125,1114.0,967.0,-7664.0,-6.0,2.0,-2.0,
1650632752493574142,-0.4833984375,-0.865539550781,-0.126159667969,0.0361328125,1086.0,976.0,-7633.0,-6.0,2.0,-2.0,
1650632752498573780,-0.4833984375,-0.865539550781,-0.126342773438,0.0360717773438,1086.0,981.0,-7622.0,-6.0,2.0,-1.0,
1650632752503421068,-0.4833984375,-0.865539550781,-0.126525878906,0.0359497070312,1102.0,998.0,-7611.0,-5.0,1.0,-1.0,
1650632752507975578,-0.483459472656,-0.865478515625,-0.126647949219,0.0358276367188,1117.0,1019.0,-7622.0,-5.0,0.0,0.0,
1650632752512803554,-0.483520507812,-0.865417480469,-0.126708984375,0.0357055664062,1133.0,1029.0,-7640.0,-4.0,-1.0,1.0,
1650632752517699003,-0.483642578125,-0.865356445312,-0.126708984375,0.0355834960938,1155.0,1036.0,-7668.0,-3.0,-2.0,1.0,
1650632752520787477,-0.483764648438,-0.865295410156,-0.126647949219,0.0354614257812,1176.0,1037.0,-7713.0,-2.0,-2.0,1.0,
1650632752525746107,-0.48388671875,-0.865295410156,-0.126525878906,0.035400390625,1200.0,1036.0,-7768.0,-1.0,-2.0,1.0,
1650632752535858392,-0.484008789062,-0.865234375,-0.126403808594,0.035400390625,1224.0,1027.0,-7839.0,-1.0,-1.0,1.0,
1650632752542637348,-0.484252929688,-0.865173339844,-0.1259765625,0.0354614257812,1272.0,969.0,-7933.0,1.0,-1.0,1.0,
1650632752549402713,-0.484375,-0.865112304688,-0.125671386719,0.0355224609375,1283.0,935.0,-7960.0,1.0,-1.0,1.0,
1650632752554612159,-0.484436035156,-0.865112304688,-0.125427246094,0.0355834960938,1288.0,904.0,-7961.0,1.0,-1.0,1.0,
1650632752558430910,-0.484497070312,-0.865112304688,-0.125183105469,0.0357055664062,1297.0,881.0,-7955.0,1.0,-1.0,1.0,
1650632752563034534,-0.484619140625,-0.865051269531,-0.124938964844,0.0357666015625,1298.0,873.0,-7923.0,0.0,-1.0,1.0,
1650632752567578554,-0.484680175781,-0.865051269531,-0.124816894531,0.0358276367188,1291.0,877.0,-7895.0,-1.0,-1.0,1.0,
1650632752572608470,-0.484802246094,-0.864990234375,-0.124694824219,0.0358276367188,1278.0,888.0,-7861.0,-1.0,0.0,1.0,
1650632752577064752,-0.48486328125,-0.864990234375,-0.124633789062,0.0358276367188,1254.0,909.0,-7822.0,-1.0,0.0,1.0,
1650632752580559968,-0.484924316406,-0.864929199219,-0.124633789062,0.035888671875,1225.0,935.0,-7790.0,-2.0,1.0,1.0,
1650632752589130163,-0.484924316406,-0.864929199219,-0.124694824219,0.0359497070312,1209.0,959.0,-7761.0,-2.0,2.0,0.0,
1650632752593698740,-0.484924316406,-0.864929199219,-0.124755859375,0.0360717773438,1207.0,980.0,-7731.0,-2.0,3.0,0.0,
1650632752598440647,-0.484924316406,-0.864868164062,-0.124877929688,0.0361938476562,1215.0,985.0,-7703.0,-2.0,4.0,-1.0,
1650632752603327035,-0.48486328125,-0.864868164062,-0.125061035156,0.036376953125,1225.0,984.0,-7687.0,-3.0,4.0,-1.0,
1650632752607796907,-0.48486328125,-0.864868164062,-0.125183105469,0.0365600585938,1218.0,982.0,-7666.0,-3.0,4.0,-1.0,
1650632752612646579,-0.484802246094,-0.864868164062,-0.125305175781,0.0366821289062,1188.0,970.0,-7649.0,-3.0,4.0,-1.0,
1650632752617595911,-0.484802246094,-0.864868164062,-0.125427246094,0.0368041992188,1165.0,966.0,-7640.0,-3.0,3.0,-1.0,
1650632752624238252,-0.484802246094,-0.864807128906,-0.125549316406,0.0369262695312,1175.0,965.0,-7649.0,-3.0,4.0,0.0,
1650632752628940105,-0.484802246094,-0.864807128906,-0.125671386719,0.0370483398438,1203.0,959.0,-7662.0,-3.0,3.0,0.0,
1650632752635510683,-0.48486328125,-0.86474609375,-0.125732421875,0.0371704101562,1228.0,955.0,-7696.0,-3.0,3.0,0.0,
1650632752640450716,-0.484924316406,-0.864685058594,-0.125793457031,0.037353515625,1245.0,951.0,-7726.0,-2.0,2.0,1.0,
1650632752645135164,-0.485046386719,-0.864685058594,-0.125732421875,0.0374145507812,1275.0,964.0,-7754.0,-1.0,1.0,1.0,
1650632752650790214,-0.485168457031,-0.864624023438,-0.125671386719,0.0375366210938,1302.0,960.0,-7768.0,-1.0,1.0,2.0,
1650632752655078887,-0.485290527344,-0.864501953125,-0.125549316406,0.0376586914062,1313.0,949.0,-7791.0,0.0,0.0,2.0,
1650632752659506797,-0.485412597656,-0.864501953125,-0.125366210938,0.0377197265625,1323.0,944.0,-7844.0,0.0,0.0,2.0,
1650632752664218664,-0.485534667969,-0.864440917969,-0.125183105469,0.037841796875,1330.0,941.0,-7852.0,0.0,0.0,2.0,
1650632752669400215,-0.485656738281,-0.864379882812,-0.125061035156,0.0379028320312,1338.0,933.0,-7864.0,0.0,0.0,2.0,
1650632752674275875,-0.485778808594,-0.864318847656,-0.124938964844,0.0380249023438,1350.0,926.0,-7874.0,0.0,0.0,2.0,
1650632752678243398,-0.485900878906,-0.8642578125,-0.124755859375,0.0381469726562,1349.0,919.0,-7859.0,0.0,0.0,2.0,
1650632752683038949,-0.486022949219,-0.864196777344,-0.124633789062,0.0382080078125,1342.0,895.0,-7828.0,-1.0,0.0,1.0,
1650632752687907934,-0.486145019531,-0.864196777344,-0.124572753906,0.0382690429688,1322.0,881.0,-7807.0,-1.0,0.0,1.0,
1650632752692645788,-0.486267089844,-0.864135742188,-0.124450683594,0.038330078125,1298.0,887.0,-7775.0,-1.0,0.0,1.0,
1650632752697278499,-0.486328125,-0.864074707031,-0.124450683594,0.038330078125,1287.0,910.0,-7745.0,-2.0,1.0,1.0,
1650632752702190637,-0.486389160156,-0.864013671875,-0.124450683594,0.0383911132812,1283.0,927.0,-7736.0,-2.0,1.0,1.0,
1650632752709204196,-0.486450195312,-0.864013671875,-0.124450683594,0.0385131835938,1289.0,936.0,-7721.0,-1.0,2.0,1.0,
1650632752714364051,-0.486511230469,-0.863952636719,-0.124450683594,0.0386352539062,1299.0,939.0,-7713.0,-1.0,2.0,1.0,
1650632752718725442,-0.486572265625,-0.863952636719,-0.124389648438,0.0387573242188,1304.0,928.0,-7707.0,-1.0,1.0,0.0,
1650632752723604202,-0.486572265625,-0.863891601562,-0.124389648438,0.038818359375,1295.0,921.0,-7694.0,-1.0,1.0,0.0,
1650632752728203773,-0.486572265625,-0.863891601562,-0.124328613281,0.0389404296875,1294.0,915.0,-7702.0,-1.0,1.0,0.0,
1650632752732798814,-0.486572265625,-0.863891601562,-0.124389648438,0.0390625,1309.0,912.0,-7705.0,-2.0,2.0,-1.0,
1650632752738196849,-0.486572265625,-0.863891601562,-0.124389648438,0.0392456054688,1322.0,902.0,-7721.0,-2.0,3.0,-1.0,
1650632752745202064,-0.486511230469,-0.863891601562,-0.124450683594,0.0394287109375,1342.0,888.0,-7729.0,-2.0,3.0,-1.0,
1650632752750150918,-0.486511230469,-0.863891601562,-0.124450683594,0.0396728515625,1357.0,886.0,-7743.0,-1.0,3.0,-1.0,
1650632752754983186,-0.486450195312,-0.863891601562,-0.12451171875,0.0399169921875,1391.0,896.0,-7760.0,-1.0,3.0,-1.0,
1650632752759382724,-0.486450195312,-0.863891601562,-0.124572753906,0.0401611328125,1424.0,907.0,-7760.0,-1.0,3.0,-1.0,
1650632752764363765,-0.486389160156,-0.863891601562,-0.124572753906,0.0403442382812,1458.0,911.0,-7755.0,-1.0,3.0,-1.0,
1650632752769056081,-0.486389160156,-0.863891601562,-0.124633789062,0.0405883789062,1484.0,927.0,-7770.0,-1.0,3.0,-1.0,
1650632752773813724,-0.486328125,-0.863891601562,-0.124633789062,0.0408325195312,1492.0,932.0,-7787.0,-1.0,2.0,-1.0,
1650632752778199195,-0.486328125,-0.863891601562,-0.124572753906,0.041015625,1471.0,915.0,-7785.0,0.0,2.0,-1.0,
1650632752783627748,-0.486328125,-0.863952636719,-0.12451171875,0.0411376953125,1441.0,896.0,-7786.0,-1.0,2.0,-1.0,
1650632752795696973,-0.486328125,-0.863952636719,-0.124450683594,0.041259765625,1407.0,868.0,-7770.0,-1.0,2.0,-1.0,
1650632752796317100,-0.486267089844,-0.863952636719,-0.124389648438,0.0413818359375,1368.0,848.0,-7747.0,-1.0,2.0,-1.0,
1650632752808976650,-0.486206054688,-0.864013671875,-0.124389648438,0.0414428710938,1336.0,834.0,-7727.0,-2.0,2.0,-1.0,
1650632752809606075,-0.486206054688,-0.864013671875,-0.124389648438,0.0414428710938,1303.0,834.0,-7703.0,-3.0,2.0,-1.0,
1650632752810806035,-0.486206054688,-0.864013671875,-0.124450683594,0.0414428710938,1276.0,846.0,-7685.0,-3.0,1.0,-1.0,
1650632752813316106,-0.486206054688,-0.864013671875,-0.12451171875,0.0414428710938,1256.0,870.0,-7680.0,-3.0,1.0,0.0,
1650632752818153381,-0.486206054688,-0.863952636719,-0.124633789062,0.0414428710938,1237.0,896.0,-7686.0,-3.0,1.0,0.0,
1650632752823102235,-0.486267089844,-0.863952636719,-0.124633789062,0.0413818359375,1228.0,929.0,-7691.0,-3.0,1.0,0.0,
1650632752828226566,-0.486267089844,-0.863891601562,-0.124755859375,0.0413818359375,1228.0,948.0,-7712.0,-3.0,1.0,0.0,
1650632752832236051,-0.486328125,-0.863891601562,-0.124755859375,0.0413208007812,1242.0,953.0,-7748.0,-2.0,1.0,0.0,
1650632752837127685,-0.486328125,-0.863891601562,-0.124755859375,0.0413818359375,1256.0,947.0,-7792.0,-2.0,1.0,0.0,
1650632752844494104,-0.486389160156,-0.863830566406,-0.124755859375,0.0414428710938,1260.0,932.0,-7845.0,-2.0,1.0,0.0,
1650632752850193262,-0.486450195312,-0.863830566406,-0.124694824219,0.0414428710938,1262.0,904.0,-7883.0,-2.0,1.0,0.0,
1650632752854357719,-0.486450195312,-0.863830566406,-0.124572753906,0.0415649414062,1265.0,872.0,-7918.0,-2.0,1.0,0.0,
1650632752859374046,-0.486511230469,-0.863830566406,-0.124572753906,0.0416259765625,1271.0,846.0,-7944.0,-2.0,1.0,0.0,
1650632752864093065,-0.486511230469,-0.86376953125,-0.12451171875,0.041748046875,1283.0,823.0,-7954.0,-2.0,2.0,0.0,
1650632752868801116,-0.486572265625,-0.86376953125,-0.12451171875,0.0418701171875,1304.0,816.0,-7969.0,-3.0,3.0,0.0,
1650632752873531818,-0.486572265625,-0.86376953125,-0.124572753906,0.0420532226562,1338.0,832.0,-7976.0,-2.0,3.0,0.0,
1650632752878513336,-0.486572265625,-0.863708496094,-0.124633789062,0.0422973632812,1374.0,851.0,-7970.0,-2.0,3.0,0.0,
1650632752882778644,-0.486633300781,-0.863647460938,-0.124694824219,0.04248046875,1403.0,861.0,-7947.0,-2.0,3.0,1.0,
1650632752887298822,-0.486755371094,-0.863586425781,-0.124755859375,0.0426635742188,1416.0,865.0,-7919.0,-1.0,3.0,1.0,
1650632752892552852,-0.48681640625,-0.863525390625,-0.124694824219,0.0428466796875,1406.0,863.0,-7900.0,-1.0,2.0,1.0,
1650632752897063493,-0.486938476562,-0.863464355469,-0.124694824219,0.0429077148438,1384.0,866.0,-7866.0,-1.0,1.0,2.0,
1650632752901897907,-0.487121582031,-0.863403320312,-0.124633789062,0.04296875,1348.0,864.0,-7826.0,-1.0,1.0,2.0,
1650632752908957004,-0.487243652344,-0.86328125,-0.124572753906,0.0430297851562,1302.0,865.0,-7777.0,-2.0,1.0,2.0,
1650632752913862466,-0.487426757812,-0.863220214844,-0.124572753906,0.04296875,1253.0,863.0,-7725.0,-2.0,0.0,2.0,
1650632752918441295,-0.487548828125,-0.863159179688,-0.12451171875,0.0429077148438,1211.0,872.0,-7676.0,-3.0,0.0,2.0,
1650632752923136949,-0.487670898438,-0.863037109375,-0.124572753906,0.0428466796875,1182.0,887.0,-7641.0,-3.0,1.0,2.0,
1650632752927761077,-0.487854003906,-0.862976074219,-0.124633789062,0.0428466796875,1168.0,911.0,-7635.0,-4.0,1.0,2.0,
1650632752932593822,-0.488037109375,-0.862854003906,-0.124694824219,0.0427856445312,1164.0,938.0,-7637.0,-4.0,1.0,2.0,
1650632752937147140,-0.488159179688,-0.86279296875,-0.124755859375,0.0426635742188,1156.0,953.0,-7632.0,-3.0,0.0,3.0,
1650632752942798852,-0.488403320312,-0.862670898438,-0.124755859375,0.0426025390625,1153.0,965.0,-7629.0,-3.0,0.0,3.0,
1650632752949468851,-0.488586425781,-0.862548828125,-0.124755859375,0.0425415039062,1163.0,961.0,-7631.0,-3.0,-1.0,3.0,
1650632752953870534,-0.48876953125,-0.862426757812,-0.124755859375,0.04248046875,1183.0,961.0,-7642.0,-3.0,0.0,3.0,
1650632752959547281,-0.488952636719,-0.862365722656,-0.124755859375,0.04248046875,1211.0,961.0,-7660.0,-3.0,0.0,3.0,
1650632752963427305,-0.489135742188,-0.862243652344,-0.124816894531,0.04248046875,1240.0,963.0,-7687.0,-3.0,0.0,3.0,
1650632752968526601,-0.489318847656,-0.862182617188,-0.124755859375,0.04248046875,1277.0,952.0,-7720.0,-2.0,0.0,2.0,
1650632752972991943,-0.489440917969,-0.862060546875,-0.124755859375,0.0425415039062,1310.0,936.0,-7749.0,-2.0,0.0,2.0,
1650632752977857351,-0.489562988281,-0.861999511719,-0.124755859375,0.0426025390625,1349.0,912.0,-7785.0,-2.0,1.0,2.0,
1650632752982190847,-0.48974609375,-0.861877441406,-0.124694824219,0.042724609375,1397.0,889.0,-7826.0,-2.0,1.0,2.0,
1650632752987121105,-0.489868164062,-0.86181640625,-0.124694824219,0.0429077148438,1449.0,878.0,-7856.0,-2.0,1.0,2.0,
1650632752991816043,-0.489990234375,-0.861755371094,-0.124633789062,0.0430297851562,1485.0,871.0,-7869.0,-1.0,1.0,2.0,
1650632752998979330,-0.490051269531,-0.861694335938,-0.124572753906,0.043212890625,1514.0,861.0,-7886.0,-1.0,1.0,1.0,
1650632753003574132,-0.490173339844,-0.861633300781,-0.12451171875,0.0433349609375,1553.0,846.0,-7893.0,-1.0,1.0,1.0,
1650632753008446216,-0.490234375,-0.861572265625,-0.12451171875,0.0435180664062,1578.0,838.0,-7894.0,-1.0,1.0,1.0,
1650632753013006925,-0.490356445312,-0.861511230469,-0.124450683594,0.0436401367188,1583.0,833.0,-7895.0,-1.0,1.0,1.0,
1650632753017533779,-0.490417480469,-0.861511230469,-0.124389648438,0.0437622070312,1573.0,832.0,-7901.0,-2.0,1.0,1.0,
1650632753022261142,-0.490478515625,-0.861450195312,-0.124389648438,0.0438842773438,1562.0,835.0,-7912.0,-2.0,1.0,1.0,
1650632753026830434,-0.490539550781,-0.861450195312,-0.124328613281,0.0439453125,1554.0,831.0,-7913.0,-1.0,1.0,0.0,
1650632753031688690,-0.490539550781,-0.861389160156,-0.124328613281,0.0441284179688,1543.0,818.0,-7897.0,-1.0,1.0,0.0,
1650632753038711309,-0.490600585938,-0.861389160156,-0.124328613281,0.0442504882812,1525.0,804.0,-7881.0,-2.0,2.0,0.0,
1650632753044973373,-0.490539550781,-0.861389160156,-0.124328613281,0.0443115234375,1514.0,782.0,-7865.0,-2.0,2.0,-1.0,
1650632753051562547,-0.490539550781,-0.861389160156,-0.124328613281,0.04443359375,1497.0,775.0,-7842.0,-3.0,2.0,-1.0,
1650632753055270195,-0.490539550781,-0.861389160156,-0.124389648438,0.0444946289062,1480.0,772.0,-7821.0,-3.0,2.0,-1.0,
1650632753059898376,-0.490478515625,-0.861389160156,-0.124450683594,0.0445556640625,1471.0,779.0,-7809.0,-3.0,2.0,-1.0,
1650632753064649105,-0.490417480469,-0.861450195312,-0.124572753906,0.044677734375,1481.0,786.0,-7787.0,-3.0,2.0,-1.0,
1650632753069570541,-0.490417480469,-0.861450195312,-0.124694824219,0.0447387695312,1482.0,795.0,-7776.0,-4.0,2.0,-1.0,
1650632753073730707,-0.490356445312,-0.861389160156,-0.124816894531,0.0447998046875,1480.0,811.0,-7766.0,-3.0,2.0,-1.0,
1650632753078385829,-0.490356445312,-0.861389160156,-0.124877929688,0.0447998046875,1471.0,833.0,-7754.0,-3.0,1.0,-1.0,
1650632753083180904,-0.490417480469,-0.861389160156,-0.124938964844,0.0448608398438,1452.0,881.0,-7741.0,-3.0,1.0,0.0,
1650632753087742805,-0.490417480469,-0.861389160156,-0.125,0.0448608398438,1430.0,922.0,-7735.0,-2.0,1.0,0.0,
1650632753092389822,-0.490417480469,-0.861328125,-0.125,0.0448608398438,1404.0,924.0,-7722.0,-1.0,1.0,0.0,
1650632753097380876,-0.490478515625,-0.861328125,-0.124938964844,0.044921875,1359.0,902.0,-7692.0,-1.0,0.0,0.0,
1650632753102220296,-0.490539550781,-0.861328125,-0.124877929688,0.0448608398438,1309.0,879.0,-7664.0,-2.0,0.0,0.0,
1650632753106799602,-0.490539550781,-0.861328125,-0.124816894531,0.0448608398438,1271.0,866.0,-7656.0,-3.0,1.0,0.0,
1650632753111949682,-0.490600585938,-0.861267089844,-0.124877929688,0.0447998046875,1257.0,864.0,-7653.0,-4.0,1.0,0.0,
1650632753118808984,-0.490661621094,-0.861206054688,-0.125,0.0447998046875,1259.0,884.0,-7671.0,-4.0,2.0,0.0,
1650632753123814105,-0.49072265625,-0.861145019531,-0.125183105469,0.0447998046875,1269.0,908.0,-7690.0,-4.0,1.0,1.0,
1650632753128292560,-0.490844726562,-0.861083984375,-0.125305175781,0.0447387695312,1286.0,936.0,-7705.0,-4.0,1.0,1.0,
1650632753133044242,-0.490905761719,-0.861022949219,-0.125366210938,0.044677734375,1291.0,962.0,-7734.0,-4.0,1.0,2.0,
1650632753137868404,-0.491088867188,-0.860961914062,-0.12548828125,0.044677734375,1302.0,980.0,-7759.0,-3.0,1.0,2.0,
1650632753142498970,-0.4912109375,-0.86083984375,-0.12548828125,0.044677734375,1322.0,982.0,-7795.0,-3.0,1.0,2.0,
1650632753147358655,-0.491333007812,-0.860778808594,-0.125549316406,0.0447998046875,1345.0,964.0,-7828.0,-2.0,2.0,2.0,
1650632753154075384,-0.491455078125,-0.860656738281,-0.125549316406,0.0448608398438,1360.0,933.0,-7866.0,-2.0,1.0,2.0,
1650632753159109830,-0.491577148438,-0.860595703125,-0.12548828125,0.044921875,1355.0,887.0,-7883.0,-2.0,1.0,2.0,
1650632753163869380,-0.491760253906,-0.860534667969,-0.125427246094,0.0449829101562,1331.0,841.0,-7884.0,-3.0,0.0,2.0,
1650632753168600320,-0.491882324219,-0.860473632812,-0.125366210938,0.0449829101562,1304.0,805.0,-7866.0,-3.0,0.0,1.0,
1650632753173088788,-0.491943359375,-0.860412597656,-0.125366210938,0.0449829101562,1302.0,784.0,-7841.0,-3.0,1.0,1.0,
1650632753177619218,-0.492004394531,-0.8603515625,-0.125427246094,0.0450439453125,1333.0,781.0,-7834.0,-4.0,2.0,1.0,
1650632753182391405,-0.492126464844,-0.860290527344,-0.125549316406,0.0451049804688,1378.0,800.0,-7831.0,-4.0,2.0,1.0,
1650632753186919927,-0.4921875,-0.860229492188,-0.125610351562,0.045166015625,1427.0,817.0,-7832.0,-3.0,1.0,1.0,
1650632753191603660,-0.492370605469,-0.860168457031,-0.125671386719,0.0452270507812,1457.0,827.0,-7826.0,-3.0,0.0,2.0,
1650632753195022344,-0.492492675781,-0.860046386719,-0.125671386719,0.0452270507812,1461.0,836.0,-7816.0,-2.0,-1.0,2.0,
1650632753200543403,-0.49267578125,-0.859985351562,-0.125610351562,0.045166015625,1443.0,842.0,-7805.0,-2.0,-1.0,2.0,
1650632753208753585,-0.492797851562,-0.859924316406,-0.125549316406,0.0451049804688,1426.0,842.0,-7784.0,-3.0,-1.0,2.0,
1650632753213351011,-0.492919921875,-0.85986328125,-0.125549316406,0.0450439453125,1399.0,836.0,-7759.0,-3.0,-1.0,2.0,
1650632753218064546,-0.493041992188,-0.859741210938,-0.125610351562,0.0449829101562,1371.0,816.0,-7717.0,-4.0,0.0,1.0,
1650632753222883939,-0.4931640625,-0.859680175781,-0.125671386719,0.0448608398438,1350.0,814.0,-7661.0,-5.0,0.0,1.0,
1650632753227483749,-0.493225097656,-0.859619140625,-0.125793457031,0.0447387695312,1335.0,824.0,-7604.0,-6.0,0.0,1.0,
1650632753231989145,-0.493286132812,-0.859558105469,-0.126098632812,0.0446166992188,1331.0,837.0,-7566.0,-7.0,1.0,1.0,
1650632753236679077,-0.493408203125,-0.859497070312,-0.126403808594,0.0444946289062,1342.0,861.0,-7536.0,-8.0,1.0,1.0,
1650632753241259574,-0.493469238281,-0.859375,-0.126831054688,0.0443725585938,1369.0,907.0,-7518.0,-8.0,1.0,1.0,
1650632753250244140,-0.493591308594,-0.859252929688,-0.127197265625,0.0442504882812,1389.0,951.0,-7517.0,-8.0,1.0,1.0,
1650632753258458852,-0.493835449219,-0.859008789062,-0.127807617188,0.0440063476562,1429.0,1032.0,-7594.0,-6.0,1.0,2.0,
1650632753263864755,-0.494018554688,-0.85888671875,-0.127990722656,0.0440063476562,1461.0,1055.0,-7647.0,-5.0,1.0,2.0,
1650632753268389225,-0.494140625,-0.858825683594,-0.128112792969,0.0440063476562,1488.0,1059.0,-7707.0,-3.0,1.0,2.0,
1650632753273027181,-0.494323730469,-0.858703613281,-0.128173828125,0.0440673828125,1509.0,1038.0,-7768.0,-2.0,1.0,2.0,
1650632753277352094,-0.494445800781,-0.858642578125,-0.128112792969,0.044189453125,1521.0,986.0,-7825.0,-2.0,1.0,2.0,
1650632753282103300,-0.49462890625,-0.858520507812,-0.128051757812,0.0443115234375,1514.0,918.0,-7878.0,-1.0,1.0,2.0,
1650632753287018060,-0.494750976562,-0.858459472656,-0.127868652344,0.04443359375,1506.0,853.0,-7922.0,-1.0,1.0,2.0,
1650632753291635513,-0.494812011719,-0.858459472656,-0.127746582031,0.0446166992188,1515.0,804.0,-7932.0,-1.0,2.0,1.0,
1650632753296730518,-0.494934082031,-0.8583984375,-0.127685546875,0.0447998046875,1526.0,772.0,-7966.0,-1.0,2.0,1.0,
1650632753301382541,-0.494995117188,-0.858337402344,-0.127624511719,0.0449829101562,1541.0,775.0,-7965.0,-1.0,2.0,1.0,
1650632753309424877,-0.495056152344,-0.858337402344,-0.127563476562,0.0452270507812,1555.0,763.0,-7989.0,-1.0,2.0,1.0,
1650632753313113689,-0.495056152344,-0.858276367188,-0.127502441406,0.0454711914062,1577.0,753.0,-7949.0,0.0,3.0,1.0,
1650632753317908763,-0.4951171875,-0.858215332031,-0.12744140625,0.0457763671875,1587.0,753.0,-7940.0,-1.0,3.0,1.0,
1650632753322796821,-0.495178222656,-0.858215332031,-0.12744140625,0.0460205078125,1589.0,761.0,-7926.0,-1.0,3.0,1.0,
1650632753327382564,-0.495239257812,-0.858154296875,-0.127502441406,0.0462646484375,1584.0,760.0,-7848.0,-1.0,3.0,1.0,
1650632753331808328,-0.495300292969,-0.858093261719,-0.127563476562,0.0464477539062,1542.0,728.0,-7814.0,-3.0,3.0,1.0,
1650632753336509227,-0.495361328125,-0.858032226562,-0.127685546875,0.0465698242188,1489.0,705.0,-7731.0,-4.0,3.0,0.0,
1650632753341283559,-0.495422363281,-0.857971191406,-0.127868652344,0.0465698242188,1430.0,695.0,-7640.0,-6.0,3.0,0.0,
1650632753348521947,-0.495483398438,-0.85791015625,-0.128173828125,0.0465087890625,1373.0,705.0,-7558.0,-8.0,2.0,0.0,
1650632753355054378,-0.495544433594,-0.857849121094,-0.128601074219,0.0463256835938,1331.0,754.0,-7485.0,-10.0,2.0,0.0,
1650632753361861228,-0.495666503906,-0.857604980469,-0.129760742188,0.0458374023438,1313.0,963.0,-7415.0,-11.0,2.0,1.0,
1650632753368506431,-0.495727539062,-0.857482910156,-0.130310058594,0.0455932617188,1318.0,1074.0,-7462.0,-10.0,1.0,1.0,
1650632753373095750,-0.495910644531,-0.857299804688,-0.130798339844,0.0453491210938,1337.0,1166.0,-7520.0,-8.0,1.0,2.0,
1650632753377540111,-0.49609375,-0.857177734375,-0.131103515625,0.0451049804688,1341.0,1214.0,-7590.0,-6.0,0.0,3.0,
1650632753382052183,-0.496337890625,-0.856994628906,-0.131225585938,0.044921875,1341.0,1214.0,-7678.0,-5.0,-1.0,4.0,
1650632753386933326,-0.496643066406,-0.856872558594,-0.131225585938,0.0447998046875,1337.0,1187.0,-7760.0,-4.0,-1.0,5.0,
1650632753391726732,-0.496948242188,-0.856689453125,-0.131225585938,0.044677734375,1326.0,1142.0,-7842.0,-3.0,-1.0,5.0,
1650632753396788597,-0.497253417969,-0.856506347656,-0.131103515625,0.0445556640625,1319.0,1089.0,-7940.0,-3.0,-1.0,5.0,
1650632753400106668,-0.49755859375,-0.856384277344,-0.131042480469,0.0444946289062,1315.0,1030.0,-8019.0,-3.0,-1.0,5.0,
1650632753405354022,-0.497863769531,-0.856201171875,-0.130920410156,0.0444946289062,1319.0,962.0,-8081.0,-3.0,0.0,5.0,
1650632753410119533,-0.498168945312,-0.856018066406,-0.130859375,0.0445556640625,1352.0,909.0,-8148.0,-3.0,1.0,4.0,
1650632753414848089,-0.498413085938,-0.855895996094,-0.130798339844,0.044677734375,1396.0,876.0,-8208.0,-3.0,2.0,5.0,
