1648734155863255977,0.767639160156,0.141906738281,0.568176269531,-0.260070800781,6764.0,-1456.0,-1887.0,-19.0,32.0,-6.0,
1648734155867831468,0.766723632812,0.14111328125,0.570007324219,-0.259216308594,6726.0,-1446.0,-1880.0,-18.0,34.0,-6.0,
1648734155872110366,0.765747070312,0.140197753906,0.571899414062,-0.258483886719,6680.0,-1485.0,-1842.0,-18.0,35.0,-6.0,
1648734155876715660,0.764709472656,0.13916015625,0.573852539062,-0.257751464844,6649.0,-1504.0,-1777.0,-19.0,38.0,-5.0,
1648734155881317615,0.763488769531,0.138000488281,0.576110839844,-0.257019042969,6679.0,-1487.0,-1716.0,-21.0,43.0,-5.0,
1648734155886100530,0.762084960938,0.136779785156,0.57861328125,-0.256225585938,6760.0,-1468.0,-1649.0,-22.0,47.0,-6.0,
1648734155890457153,0.760620117188,0.135559082031,0.581237792969,-0.255249023438,6835.0,-1464.0,-1603.0,-23.0,48.0,-7.0,
1648734155897557258,0.759155273438,0.134338378906,0.583862304688,-0.254272460938,6921.0,-1440.0,-1545.0,-24.0,49.0,-8.0,
1648734155902143001,0.757568359375,0.133178710938,0.586669921875,-0.253234863281,7040.0,-1393.0,-1459.0,-23.0,51.0,-9.0,
1648734155906593322,0.755859375,0.132141113281,0.589477539062,-0.252258300781,7136.0,-1342.0,-1382.0,-23.0,51.0,-10.0,
1648734155911276578,0.754211425781,0.131225585938,0.59228515625,-0.251220703125,7193.0,-1307.0,-1292.0,-21.0,50.0,-11.0,
1648734155915740251,0.752502441406,0.130432128906,0.594970703125,-0.250244140625,7227.0,-1320.0,-1185.0,-19.0,48.0,-13.0,
1648734155920240879,0.750793457031,0.129699707031,0.597778320312,-0.249267578125,7247.0,-1372.0,-1076.0,-19.0,49.0,-15.0,
1648734155926971673,0.748840332031,0.12890625,0.600769042969,-0.248229980469,7290.0,-1423.0,-975.0,-20.0,53.0,-17.0,
1648734155931636810,0.74658203125,0.127990722656,0.604248046875,-0.247192382812,7385.0,-1453.0,-883.0,-21.0,64.0,-19.0,
1648734155936249256,0.743713378906,0.126953125,0.6083984375,-0.24609375,7518.0,-1494.0,-791.0,-22.0,77.0,-21.0,
1648734155941197633,0.740295410156,0.125610351562,0.61328125,-0.244934082031,7702.0,-1535.0,-760.0,-25.0,93.0,-23.0,
1648734155948418855,0.736328125,0.124084472656,0.618835449219,-0.243713378906,7987.0,-1535.0,-757.0,-27.0,109.0,-24.0,
1648734155953344345,0.732055664062,0.122436523438,0.624694824219,-0.242492675781,8358.0,-1510.0,-670.0,-27.0,116.0,-23.0,
1648734155957947969,0.727783203125,0.120910644531,0.630432128906,-0.241271972656,8653.0,-1484.0,-561.0,-25.0,112.0,-23.0,
1648734155962769508,0.7236328125,0.11962890625,0.635925292969,-0.239929199219,8768.0,-1488.0,-452.0,-25.0,106.0,-26.0,
1648734155966928958,0.71923828125,0.118408203125,0.641662597656,-0.238525390625,8830.0,-1561.0,-399.0,-25.0,112.0,-31.0,
1648734155972577571,0.714111328125,0.116943359375,0.64794921875,-0.237487792969,9012.0,-1586.0,-315.0,-21.0,129.0,-30.0,
1648734155976605653,0.708679199219,0.115478515625,0.654418945312,-0.23681640625,9276.0,-1517.0,-189.0,-16.0,136.0,-25.0,
1648734155980663061,0.703308105469,0.114196777344,0.66064453125,-0.236206054688,9393.0,-1429.0,-28.0,-12.0,130.0,-23.0,
1648734156118658542,0.698059082031,0.113220214844,0.66650390625,-0.235656738281,9213.0,-1418.0,129.0,-9.0,122.0,-25.0,
1648734156147434949,0.693298339844,0.112426757812,0.671875,-0.235107421875,9000.0,-1382.0,234.0,-8.0,111.0,-27.0,
1648734156151747941,0.689453125,0.112243652344,0.676025390625,-0.234313964844,9020.0,-1269.0,352.0,-5.0,86.0,-29.0,
1648734156154898881,0.68701171875,0.112854003906,0.678771972656,-0.2333984375,9127.0,-1181.0,474.0,-1.0,50.0,-29.0,
1648734156163106441,0.685974121094,0.113891601562,0.679992675781,-0.232360839844,9105.0,-1177.0,591.0,1.0,16.0,-27.0,
1648734156164739370,0.685913085938,0.115112304688,0.680236816406,-0.231140136719,8943.0,-1254.0,680.0,-1.0,-8.0,-28.0,
1648734156168612718,0.686401367188,0.116271972656,0.680053710938,-0.229675292969,8776.0,-1378.0,718.0,-6.0,-19.0,-29.0,
1648734156170102834,0.686950683594,0.1171875,0.679931640625,-0.228088378906,8689.0,-1474.0,728.0,-11.0,-16.0,-30.0,
1648734156170665502,0.68701171875,0.117736816406,0.680358886719,-0.226379394531,8613.0,-1512.0,682.0,-15.0,-4.0,-30.0,
1648734156171571969,0.686462402344,0.117980957031,0.681396484375,-0.224670410156,8492.0,-1508.0,623.0,-17.0,12.0,-30.0,
1648734156172535181,0.685485839844,0.118103027344,0.682922363281,-0.222961425781,8309.0,-1491.0,569.0,-18.0,24.0,-29.0,
1648734156174907684,0.684020996094,0.117980957031,0.684936523438,-0.221313476562,8137.0,-1463.0,493.0,-19.0,36.0,-29.0,
1648734156175419569,0.682373046875,0.117797851562,0.687133789062,-0.2197265625,8145.0,-1419.0,362.0,-18.0,41.0,-29.0,
1648734156177699565,0.6806640625,0.117736816406,0.689270019531,-0.218383789062,8051.0,-1372.0,274.0,-14.0,43.0,-26.0,
1648734156178068876,0.6787109375,0.117736816406,0.691528320312,-0.217346191406,7955.0,-1335.0,177.0,-9.0,47.0,-24.0,
1648734156179531574,0.676513671875,0.117797851562,0.693908691406,-0.216552734375,7859.0,-1311.0,86.0,-5.0,51.0,-24.0,
1648734156179925680,0.674194335938,0.118103027344,0.6962890625,-0.215942382812,7791.0,-1273.0,-8.0,0.0,54.0,-24.0,
1648734156190308094,0.671691894531,0.118591308594,0.69873046875,-0.215454101562,7658.0,-1227.0,-28.0,4.0,56.0,-26.0,
1648734156190738677,0.669006347656,0.119323730469,0.701354980469,-0.214965820312,7519.0,-1200.0,-52.0,7.0,58.0,-29.0,
1648734156191457509,0.666198730469,0.120239257812,0.704040527344,-0.214416503906,7441.0,-1177.0,-67.0,8.0,59.0,-32.0,
1648734156192245244,0.663269042969,0.121276855469,0.706787109375,-0.2138671875,7403.0,-1126.0,-84.0,11.0,62.0,-35.0,
1648734156193001747,0.660095214844,0.122497558594,0.709716796875,-0.213317871094,7364.0,-1057.0,-84.0,14.0,66.0,-37.0,
1648734156193411350,0.656677246094,0.123962402344,0.712768554688,-0.212768554688,7335.0,-986.0,-57.0,17.0,70.0,-40.0,
1648734156194980144,0.6396484375,0.1337890625,0.727416992188,-0.209167480469,7470.0,-804.0,135.0,22.0,58.0,-51.0,
1648734156196042537,0.623657226562,0.146423339844,0.741027832031,-0.200988769531,7711.0,-678.0,642.0,8.0,37.0,-52.0,
1648734156196777582,0.621704101562,0.148193359375,0.742797851562,-0.199279785156,7766.0,-676.0,780.0,5.0,32.0,-51.0,
1648734156197289705,0.620056152344,0.149658203125,0.744323730469,-0.197448730469,7772.0,-677.0,939.0,1.0,26.0,-49.0,
1648734156197869300,0.61865234375,0.150939941406,0.745788574219,-0.195434570312,7720.0,-647.0,1078.0,-4.0,22.0,-48.0,
1648734156198365688,0.617248535156,0.151977539062,0.747314453125,-0.193298339844,7675.0,-545.0,1197.0,-8.0,22.0,-47.0,
1648734156199208021,0.61572265625,0.152954101562,0.748901367188,-0.191162109375,7720.0,-419.0,1295.0,-10.0,24.0,-45.0,
1648734156199695348,0.614196777344,0.153869628906,0.75048828125,-0.189025878906,7813.0,-311.0,1364.0,-10.0,25.0,-43.0,
1648734156200222730,0.612915039062,0.154724121094,0.751892089844,-0.186950683594,7889.0,-219.0,1417.0,-11.0,22.0,-41.0,
1648734156200887203,0.611755371094,0.155639648438,0.753173828125,-0.184936523438,7946.0,-132.0,1427.0,-10.0,18.0,-40.0,
1648734156201476335,0.610778808594,0.156616210938,0.754211425781,-0.182983398438,8010.0,-41.0,1419.0,-8.0,15.0,-39.0,
1648734156202075242,0.610046386719,0.157775878906,0.755004882812,-0.181091308594,8072.0,36.0,1409.0,-5.0,10.0,-38.0,
1648734156205934286,0.609497070312,0.158996582031,0.755615234375,-0.179382324219,8122.0,105.0,1425.0,-3.0,6.0,-36.0,
1648734156210557937,0.609069824219,0.160278320312,0.756103515625,-0.177795410156,8150.0,168.0,1457.0,-1.0,3.0,-35.0,
1648734156215213537,0.608764648438,0.161560058594,0.756408691406,-0.17626953125,8163.0,227.0,1487.0,0.0,-1.0,-33.0,
1648734156221945762,0.608581542969,0.162841796875,0.756591796875,-0.1748046875,8173.0,273.0,1506.0,1.0,-4.0,-31.0,
1648734156226605892,0.608581542969,0.164184570312,0.756652832031,-0.173461914062,8162.0,314.0,1515.0,2.0,-6.0,-30.0,
1648734156231129169,0.608581542969,0.165466308594,0.756652832031,-0.172119140625,8156.0,338.0,1529.0,2.0,-8.0,-29.0,
1648734156236023187,0.608642578125,0.166809082031,0.756591796875,-0.1708984375,8164.0,347.0,1541.0,3.0,-8.0,-28.0,
1648734156240316867,0.608703613281,0.168029785156,0.756530761719,-0.169677734375,8188.0,357.0,1551.0,3.0,-8.0,-27.0,
1648734156244982719,0.608703613281,0.169250488281,0.756530761719,-0.168579101562,8209.0,365.0,1548.0,3.0,-7.0,-26.0,
1648734156252304553,0.608703613281,0.170349121094,0.756469726562,-0.167541503906,8240.0,378.0,1539.0,3.0,-6.0,-25.0,
1648734156268544435,0.608764648438,0.17138671875,0.756408691406,-0.16650390625,8279.0,380.0,1534.0,2.0,-7.0,-23.0,
1648734156269199132,0.608947753906,0.17236328125,0.756286621094,-0.16552734375,8314.0,384.0,1530.0,2.0,-9.0,-22.0,
1648734156269688844,0.609252929688,0.173278808594,0.756042480469,-0.164489746094,8327.0,383.0,1527.0,1.0,-11.0,-21.0,
1648734156281578302,0.609619140625,0.174133300781,0.755798339844,-0.163513183594,8321.0,392.0,1534.0,-1.0,-12.0,-20.0,
1648734156282410144,0.609985351562,0.174865722656,0.755554199219,-0.162475585938,8328.0,405.0,1534.0,-2.0,-12.0,-20.0,
1648734156282944440,0.610290527344,0.175476074219,0.755432128906,-0.161376953125,8351.0,431.0,1512.0,-4.0,-10.0,-19.0,
1648734156285658836,0.610473632812,0.176025390625,0.755310058594,-0.160339355469,8384.0,468.0,1472.0,-5.0,-7.0,-18.0,
1648734156290271520,0.610595703125,0.176452636719,0.75537109375,-0.159301757812,8431.0,504.0,1434.0,-6.0,-4.0,-17.0,
1648734156297157049,0.610656738281,0.176818847656,0.755432128906,-0.158325195312,8481.0,545.0,1386.0,-6.0,-2.0,-16.0,
1648734156301694869,0.610595703125,0.177185058594,0.755554199219,-0.157470703125,8514.0,596.0,1359.0,-5.0,0.0,-15.0,
1648734156306363105,0.610473632812,0.177490234375,0.755737304688,-0.15673828125,8544.0,642.0,1334.0,-4.0,1.0,-13.0,
1648734156311101436,0.610412597656,0.177856445312,0.755859375,-0.156127929688,8555.0,690.0,1331.0,-3.0,1.0,-11.0,
1648734156315874576,0.6103515625,0.178161621094,0.755920410156,-0.155700683594,8558.0,719.0,1334.0,-1.0,0.0,-9.0,
1648734156320276021,0.610473632812,0.178588867188,0.755798339844,-0.155395507812,8571.0,723.0,1331.0,1.0,-4.0,-7.0,
1648734156326999664,0.610778808594,0.178955078125,0.755493164062,-0.1552734375,8583.0,713.0,1327.0,3.0,-8.0,-5.0,
1648734156331584692,0.611328125,0.179443359375,0.754943847656,-0.155212402344,8579.0,691.0,1331.0,5.0,-12.0,-3.0,
1648734156336094141,0.611938476562,0.179931640625,0.754272460938,-0.155334472656,8555.0,674.0,1337.0,7.0,-15.0,-1.0,
1648734156340747833,0.612609863281,0.180480957031,0.753601074219,-0.155456542969,8520.0,654.0,1351.0,8.0,-16.0,-1.0,
1648734156345406532,0.613159179688,0.181030273438,0.7529296875,-0.155639648438,8473.0,631.0,1372.0,9.0,-14.0,-1.0,
1648734156350287914,0.613586425781,0.181518554688,0.75244140625,-0.155883789062,8418.0,599.0,1377.0,8.0,-11.0,-1.0,
1648734156354729175,0.613891601562,0.181945800781,0.752075195312,-0.156127929688,8389.0,558.0,1389.0,8.0,-8.0,-1.0,
1648734156361412525,0.614074707031,0.182189941406,0.751770019531,-0.156433105469,8371.0,531.0,1392.0,6.0,-6.0,0.0,
1648734156365800142,0.6142578125,0.182434082031,0.751525878906,-0.156616210938,8347.0,512.0,1380.0,4.0,-5.0,0.0,
1648734156370331287,0.614501953125,0.182556152344,0.751281738281,-0.15673828125,8316.0,504.0,1368.0,3.0,-5.0,0.0,
1648734156374927043,0.61474609375,0.182678222656,0.751037597656,-0.156799316406,8293.0,499.0,1358.0,2.0,-5.0,-1.0,
1648734156379892110,0.615051269531,0.182800292969,0.750793457031,-0.156799316406,8256.0,499.0,1366.0,1.0,-6.0,-1.0,
1648734156386729717,0.615234375,0.182800292969,0.750610351562,-0.156677246094,8200.0,504.0,1366.0,-1.0,-6.0,-1.0,
1648734156391242504,0.615539550781,0.182800292969,0.750427246094,-0.156494140625,8144.0,502.0,1360.0,-3.0,-6.0,-2.0,
1648734156395885229,0.615844726562,0.182678222656,0.750244140625,-0.156311035156,8110.0,502.0,1362.0,-4.0,-6.0,-1.0,
1648734156400481462,0.616149902344,0.182495117188,0.750061035156,-0.156066894531,8090.0,504.0,1367.0,-5.0,-7.0,-1.0,
1648734156405003070,0.616638183594,0.182250976562,0.749816894531,-0.155700683594,8059.0,513.0,1372.0,-7.0,-9.0,-1.0,
1648734156412367343,0.617126464844,0.181945800781,0.749572753906,-0.155334472656,8029.0,523.0,1361.0,-9.0,-10.0,0.0,
1648734156416859865,0.61767578125,0.181518554688,0.749328613281,-0.154907226562,8004.0,537.0,1336.0,-11.0,-10.0,0.0,
1648734156421223878,0.618286132812,0.181091308594,0.7490234375,-0.154357910156,7989.0,562.0,1321.0,-12.0,-11.0,0.0,
1648734156426400423,0.618957519531,0.180603027344,0.748657226562,-0.153869628906,7982.0,588.0,1304.0,-13.0,-12.0,1.0,
1648734156430421352,0.619812011719,0.180114746094,0.748229980469,-0.153259277344,7975.0,629.0,1284.0,-13.0,-15.0,1.0,
1648734156434820890,0.620727539062,0.179809570312,0.747619628906,-0.152709960938,7950.0,670.0,1280.0,-12.0,-18.0,1.0,
1648734156441802263,0.621765136719,0.179565429688,0.746948242188,-0.152099609375,7905.0,695.0,1274.0,-10.0,-21.0,0.0,
1648734156446318387,0.622863769531,0.179382324219,0.746215820312,-0.151489257812,7849.0,715.0,1273.0,-9.0,-22.0,0.0,
1648734156450935125,0.623901367188,0.179321289062,0.745483398438,-0.150939941406,7785.0,714.0,1280.0,-8.0,-23.0,-1.0,
1648734156457114219,0.624938964844,0.179321289062,0.744689941406,-0.150329589844,7719.0,716.0,1294.0,-7.0,-23.0,-2.0,
1648734156462393283,0.625915527344,0.179321289062,0.744018554688,-0.149719238281,7660.0,713.0,1319.0,-7.0,-22.0,-3.0,
1648734156466984987,0.626831054688,0.179260253906,0.743408203125,-0.149047851562,7618.0,711.0,1333.0,-8.0,-21.0,-4.0,
1648734156471381902,0.627685546875,0.179138183594,0.742858886719,-0.148315429688,7590.0,720.0,1311.0,-10.0,-20.0,-4.0,
1648734156476081371,0.628540039062,0.179016113281,0.742309570312,-0.147521972656,7576.0,728.0,1298.0,-11.0,-19.0,-4.0,
1648734156480589866,0.62939453125,0.178833007812,0.741821289062,-0.146667480469,7578.0,750.0,1286.0,-12.0,-18.0,-5.0,
1648734156485159635,0.630249023438,0.178649902344,0.741333007812,-0.145751953125,7584.0,774.0,1274.0,-13.0,-18.0,-5.0,
1648734156489826917,0.630981445312,0.178405761719,0.740905761719,-0.144775390625,7581.0,793.0,1262.0,-14.0,-17.0,-6.0,
1648734156496994256,0.631652832031,0.178161621094,0.740600585938,-0.143798828125,7572.0,817.0,1250.0,-15.0,-15.0,-7.0,
1648734156501675605,0.632202148438,0.177856445312,0.740417480469,-0.142761230469,7566.0,843.0,1225.0,-15.0,-11.0,-7.0,
1648734156506149291,0.632568359375,0.177551269531,0.740356445312,-0.141784667969,7561.0,864.0,1190.0,-16.0,-8.0,-6.0,
1648734156511107683,0.632934570312,0.177185058594,0.740356445312,-0.140869140625,7561.0,866.0,1148.0,-15.0,-7.0,-6.0,
1648734156515658140,0.633239746094,0.176818847656,0.740356445312,-0.140014648438,7569.0,859.0,1124.0,-15.0,-6.0,-5.0,
1648734156520237207,0.633483886719,0.176391601562,0.740356445312,-0.13916015625,7584.0,857.0,1097.0,-15.0,-5.0,-5.0,
1648734156524523735,0.633728027344,0.175964355469,0.740417480469,-0.138305664062,7581.0,857.0,1069.0,-16.0,-4.0,-5.0,
1648734156531611442,0.633972167969,0.175476074219,0.740478515625,-0.137451171875,7567.0,872.0,1037.0,-16.0,-3.0,-4.0,
1648734156536108732,0.634094238281,0.175048828125,0.740600585938,-0.136657714844,7573.0,882.0,1013.0,-15.0,-2.0,-4.0,
1648734156540589094,0.634216308594,0.174621582031,0.74072265625,-0.135925292969,7600.0,894.0,999.0,-14.0,-1.0,-4.0,
1648734156545287609,0.63427734375,0.174194335938,0.740905761719,-0.135314941406,7632.0,886.0,1011.0,-13.0,-1.0,-3.0,
1648734156550081729,0.634460449219,0.173706054688,0.741027832031,-0.134704589844,7659.0,868.0,1029.0,-13.0,-2.0,-2.0,
1648734156554861068,0.634643554688,0.173095703125,0.741088867188,-0.134094238281,7687.0,835.0,1040.0,-15.0,-2.0,0.0,
1648734156563787221,0.634826660156,0.172302246094,0.741149902344,-0.133605957031,7725.0,817.0,1030.0,-17.0,-2.0,2.0,
1648734156568459272,0.635131835938,0.17138671875,0.7412109375,-0.133056640625,7771.0,799.0,1021.0,-18.0,-2.0,4.0,
1648734156572922945,0.635498046875,0.170349121094,0.741271972656,-0.132568359375,7825.0,775.0,1015.0,-19.0,-3.0,5.0,
1648734156578087329,0.635864257812,0.169311523438,0.741271972656,-0.132080078125,7870.0,744.0,1020.0,-19.0,-3.0,5.0,
1648734156582550525,0.63623046875,0.168212890625,0.741271972656,-0.131591796875,7880.0,723.0,1037.0,-20.0,-5.0,6.0,
1648734156587131977,0.636657714844,0.167114257812,0.741271972656,-0.131103515625,7884.0,717.0,1062.0,-20.0,-5.0,6.0,
1648734156591507911,0.636962890625,0.166015625,0.741333007812,-0.130615234375,7882.0,721.0,1086.0,-20.0,-3.0,6.0,
1648734156596338033,0.637084960938,0.164916992188,0.741516113281,-0.130065917969,7882.0,716.0,1121.0,-20.0,0.0,5.0,
1648734156600806474,0.637084960938,0.163757324219,0.741882324219,-0.129516601562,7886.0,707.0,1150.0,-21.0,4.0,4.0,
1648734156605535507,0.636962890625,0.162658691406,0.742370605469,-0.128967285156,7899.0,700.0,1172.0,-21.0,6.0,4.0,
1648734156610219717,0.63671875,0.161499023438,0.742919921875,-0.12841796875,7921.0,701.0,1183.0,-21.0,8.0,3.0,
1648734156614895343,0.636535644531,0.160278320312,0.743408203125,-0.127868652344,7939.0,709.0,1206.0,-21.0,8.0,4.0,
1648734156621615886,0.636291503906,0.159057617188,0.743957519531,-0.127380371094,7955.0,716.0,1236.0,-22.0,8.0,5.0,
1648734156626178503,0.635986328125,0.157775878906,0.74462890625,-0.126831054688,7967.0,719.0,1249.0,-23.0,10.0,5.0,
1648734156630840539,0.635620117188,0.156372070312,0.745300292969,-0.126403808594,7935.0,724.0,1249.0,-24.0,13.0,6.0,
1648734156635366439,0.635070800781,0.154907226562,0.746154785156,-0.1259765625,7912.0,724.0,1253.0,-24.0,16.0,7.0,
1648734156640103578,0.634399414062,0.153381347656,0.747131347656,-0.125610351562,7953.0,735.0,1247.0,-24.0,20.0,8.0,
1648734156644634723,0.633605957031,0.151794433594,0.748168945312,-0.125366210938,8024.0,750.0,1227.0,-24.0,22.0,10.0,
1648734156651491165,0.6328125,0.150207519531,0.749145507812,-0.125244140625,8095.0,771.0,1200.0,-23.0,23.0,11.0,
1648734156656119108,0.632080078125,0.148681640625,0.750061035156,-0.125122070312,8148.0,784.0,1169.0,-21.0,22.0,11.0,
1648734156662965297,0.631469726562,0.147277832031,0.750854492188,-0.125122070312,8196.0,791.0,1148.0,-19.0,19.0,12.0,
1648734156671810865,0.630554199219,0.144836425781,0.752136230469,-0.125183105469,8284.0,812.0,1102.0,-15.0,14.0,12.0,
1648734156678098440,0.630249023438,0.143859863281,0.752502441406,-0.125305175781,8320.0,824.0,1089.0,-12.0,11.0,11.0,
1648734156682790994,0.630126953125,0.143005371094,0.752807617188,-0.12548828125,8328.0,824.0,1095.0,-10.0,8.0,11.0,
1648734156687381744,0.630065917969,0.142272949219,0.7529296875,-0.125671386719,8297.0,811.0,1097.0,-8.0,5.0,10.0,
1648734156691861152,0.630004882812,0.141662597656,0.753051757812,-0.125915527344,8253.0,787.0,1112.0,-6.0,4.0,10.0,
1648734156696488857,0.629943847656,0.140991210938,0.753173828125,-0.126220703125,8234.0,770.0,1151.0,-5.0,4.0,10.0,
1648734156700916051,0.629943847656,0.140380859375,0.753234863281,-0.126586914062,8260.0,773.0,1183.0,-6.0,3.0,11.0,
1648734156706284523,0.630065917969,0.139709472656,0.753173828125,-0.126770019531,8291.0,787.0,1211.0,-6.0,-1.0,11.0,
1648734156710237741,0.630432128906,0.139099121094,0.752990722656,-0.126892089844,8286.0,792.0,1230.0,-7.0,-5.0,10.0,
1648734156715067625,0.630798339844,0.138549804688,0.752807617188,-0.126953125,8247.0,778.0,1244.0,-7.0,-6.0,9.0,
1648734156721659421,0.631103515625,0.138000488281,0.752624511719,-0.127014160156,8210.0,756.0,1261.0,-7.0,-4.0,7.0,
1648734156726274251,0.631225585938,0.137451171875,0.752624511719,-0.127014160156,8204.0,730.0,1258.0,-8.0,-2.0,6.0,
1648734156731055259,0.631408691406,0.136901855469,0.752624511719,-0.126953125,8195.0,716.0,1258.0,-8.0,-1.0,6.0,
1648734156735547542,0.631469726562,0.136352539062,0.752624511719,-0.126831054688,8172.0,704.0,1267.0,-9.0,0.0,5.0,
1648734156740293741,0.631530761719,0.135803222656,0.752685546875,-0.126708984375,8129.0,696.0,1275.0,-9.0,0.0,5.0,
1648734156744722366,0.631591796875,0.135314941406,0.752807617188,-0.126586914062,8090.0,692.0,1285.0,-8.0,1.0,4.0,
1648734156749379158,0.631591796875,0.134948730469,0.752868652344,-0.12646484375,8055.0,693.0,1282.0,-7.0,1.0,3.0,
1648734156756228446,0.631591796875,0.134582519531,0.7529296875,-0.126342773438,8021.0,683.0,1278.0,-6.0,1.0,3.0,
1648734156761153459,0.631652832031,0.13427734375,0.752990722656,-0.126281738281,7991.0,672.0,1278.0,-5.0,0.0,3.0,
1648734156768009901,0.631652832031,0.134033203125,0.752990722656,-0.126281738281,7977.0,662.0,1278.0,-4.0,0.0,3.0,
1648734156772503376,0.631652832031,0.1337890625,0.753051757812,-0.126281738281,7972.0,654.0,1272.0,-3.0,0.0,3.0,
1648734156777200698,0.631713867188,0.133728027344,0.752990722656,-0.126342773438,7951.0,636.0,1271.0,-2.0,-1.0,3.0,
1648734156781802654,0.6318359375,0.133605957031,0.7529296875,-0.126403808594,7915.0,613.0,1285.0,-1.0,-2.0,2.0,
1648734156786435365,0.631896972656,0.133544921875,0.752868652344,-0.12646484375,7871.0,584.0,1293.0,-1.0,-2.0,2.0,
1648734156790971755,0.631958007812,0.133483886719,0.752807617188,-0.126586914062,7843.0,560.0,1313.0,0.0,-1.0,2.0,
1648734156795565605,0.631958007812,0.133422851562,0.752807617188,-0.126708984375,7835.0,544.0,1326.0,0.0,-1.0,2.0,
1648734156800159931,0.631958007812,0.133361816406,0.752746582031,-0.126831054688,7836.0,537.0,1340.0,0.0,-1.0,2.0,
1648734156804702520,0.632080078125,0.13330078125,0.752685546875,-0.126953125,7819.0,532.0,1343.0,0.0,-2.0,2.0,
1648734156809182643,0.632141113281,0.133361816406,0.752563476562,-0.127075195312,7815.0,520.0,1358.0,1.0,-3.0,2.0,
1648734156816207647,0.63232421875,0.133361816406,0.75244140625,-0.127136230469,7829.0,512.0,1371.0,1.0,-4.0,2.0,
1648734156820476055,0.632507324219,0.133422851562,0.752258300781,-0.127197265625,7845.0,505.0,1365.0,0.0,-5.0,1.0,
1648734156824992656,0.632690429688,0.133422851562,0.752075195312,-0.127197265625,7842.0,504.0,1347.0,0.0,-5.0,1.0,
1648734156829714059,0.632873535156,0.133483886719,0.751892089844,-0.127197265625,7841.0,504.0,1330.0,0.0,-5.0,0.0,
1648734156834252834,0.633056640625,0.133605957031,0.751770019531,-0.127197265625,7861.0,510.0,1318.0,1.0,-4.0,0.0,
1648734156841256618,0.633178710938,0.1337890625,0.751647949219,-0.127197265625,7885.0,520.0,1302.0,1.0,-3.0,-1.0,
1648734156845843791,0.633239746094,0.133972167969,0.751525878906,-0.127197265625,7901.0,526.0,1280.0,1.0,-3.0,-1.0,
1648734156850405216,0.63330078125,0.134094238281,0.75146484375,-0.127136230469,7919.0,535.0,1258.0,1.0,-2.0,-1.0,
1648734156854868888,0.633361816406,0.134338378906,0.751403808594,-0.127136230469,7944.0,550.0,1235.0,2.0,-1.0,-2.0,
1648734156859492778,0.633361816406,0.134582519531,0.751342773438,-0.127075195312,7979.0,567.0,1227.0,2.0,-1.0,-3.0,
1648734156867129325,0.633361816406,0.134887695312,0.751281738281,-0.127014160156,8007.0,583.0,1222.0,3.0,-1.0,-3.0,
1648734156873598575,0.633361816406,0.13525390625,0.751220703125,-0.126953125,8008.0,596.0,1213.0,3.0,-2.0,-3.0,
1648734156878134489,0.633361816406,0.135620117188,0.751159667969,-0.126892089844,8004.0,606.0,1229.0,3.0,-1.0,-4.0,
1648734156882704496,0.63330078125,0.135925292969,0.751159667969,-0.126770019531,8013.0,599.0,1237.0,3.0,0.0,-4.0,
1648734156887307882,0.633239746094,0.136169433594,0.751220703125,-0.126770019531,8013.0,604.0,1241.0,2.0,1.0,-3.0,
1648734156892796993,0.633117675781,0.136474609375,0.751281738281,-0.126708984375,8015.0,614.0,1253.0,2.0,1.0,-3.0,
1648734156907182455,0.632995605469,0.13671875,0.751342773438,-0.126647949219,8021.0,609.0,1259.0,2.0,0.0,-3.0,
1648734156908006668,0.632995605469,0.137023925781,0.751281738281,-0.126586914062,8015.0,594.0,1287.0,2.0,-1.0,-3.0,
1648734156908574819,0.632934570312,0.137268066406,0.751281738281,-0.12646484375,8006.0,578.0,1310.0,1.0,-2.0,-3.0,
1648734156920341253,0.632995605469,0.137390136719,0.751281738281,-0.126342773438,7993.0,551.0,1324.0,0.0,-2.0,-3.0,
1648734156920704841,0.632995605469,0.137451171875,0.751281738281,-0.126220703125,7994.0,531.0,1320.0,-2.0,-2.0,-3.0,
1648734156921000480,0.633117675781,0.137390136719,0.751220703125,-0.1259765625,8005.0,530.0,1331.0,-3.0,-2.0,-2.0,
1648734156926423788,0.633239746094,0.137268066406,0.751159667969,-0.125793457031,8007.0,528.0,1343.0,-4.0,-3.0,-1.0,
1648734156930971145,0.633361816406,0.137145996094,0.751098632812,-0.125549316406,7986.0,519.0,1370.0,-5.0,-3.0,-1.0,
1648734156935556888,0.633483886719,0.136962890625,0.751098632812,-0.125305175781,7968.0,529.0,1375.0,-5.0,-3.0,-1.0,
1648734156940114021,0.633666992188,0.136779785156,0.751037597656,-0.125061035156,7964.0,552.0,1368.0,-5.0,-4.0,-1.0,
1648734156944535255,0.633911132812,0.13671875,0.750854492188,-0.124877929688,7963.0,572.0,1375.0,-4.0,-5.0,0.0,
1648734156949329614,0.634155273438,0.136657714844,0.750671386719,-0.124694824219,7939.0,574.0,1380.0,-3.0,-6.0,0.0,
1648734156956112861,0.634399414062,0.136657714844,0.75048828125,-0.12451171875,7910.0,567.0,1393.0,-2.0,-6.0,0.0,
1648734156960935115,0.634582519531,0.136657714844,0.750366210938,-0.124389648438,7883.0,550.0,1403.0,-2.0,-6.0,0.0,
1648734156965259075,0.634765625,0.136657714844,0.750244140625,-0.124328613281,7865.0,548.0,1415.0,-2.0,-5.0,0.0,
1648734156972219944,0.634887695312,0.136596679688,0.750183105469,-0.124267578125,7852.0,553.0,1423.0,-2.0,-4.0,0.0,
1648734156977264165,0.634887695312,0.136596679688,0.750122070312,-0.124145507812,7835.0,555.0,1421.0,-2.0,-3.0,0.0,
1648734156981877326,0.634948730469,0.136596679688,0.750122070312,-0.124084472656,7818.0,557.0,1418.0,-2.0,-2.0,-1.0,
1648734156986806631,0.634948730469,0.136535644531,0.750183105469,-0.123962402344,7808.0,561.0,1407.0,-2.0,-1.0,-1.0,
1648734156991109609,0.634948730469,0.136474609375,0.750183105469,-0.123840332031,7802.0,569.0,1402.0,-3.0,0.0,-1.0,
1648734156995788335,0.634887695312,0.136413574219,0.750305175781,-0.123718261719,7791.0,577.0,1390.0,-3.0,0.0,-1.0,
1648734157000476598,0.634826660156,0.136352539062,0.750366210938,-0.12353515625,7774.0,569.0,1381.0,-3.0,1.0,-1.0,
1648734157005114316,0.634704589844,0.13623046875,0.75048828125,-0.123352050781,7752.0,560.0,1370.0,-4.0,2.0,-1.0,
1648734157009804248,0.634582519531,0.136047363281,0.750671386719,-0.123168945312,7752.0,554.0,1357.0,-5.0,3.0,-1.0,
1648734157014499664,0.634399414062,0.1357421875,0.750915527344,-0.122985839844,7772.0,569.0,1336.0,-7.0,4.0,0.0,
1648734157019120216,0.63427734375,0.135437011719,0.751159667969,-0.122741699219,7782.0,588.0,1307.0,-7.0,4.0,0.0,
1648734157025969266,0.634094238281,0.135192871094,0.751342773438,-0.12255859375,7783.0,593.0,1294.0,-6.0,4.0,0.0,
1648734157030539751,0.633972167969,0.134887695312,0.751525878906,-0.122375488281,7789.0,599.0,1273.0,-6.0,4.0,0.0,
1648734157034989356,0.633850097656,0.134643554688,0.751708984375,-0.122253417969,7799.0,605.0,1248.0,-5.0,3.0,1.0,
1648734157039453268,0.633728027344,0.134460449219,0.751892089844,-0.122131347656,7811.0,614.0,1237.0,-5.0,3.0,1.0,
1648734157044023990,0.633605957031,0.134216308594,0.752014160156,-0.1220703125,7819.0,624.0,1229.0,-4.0,4.0,1.0,
1648734157050982713,0.633422851562,0.134094238281,0.752197265625,-0.122009277344,7813.0,628.0,1215.0,-3.0,4.0,1.0,
1648734157055564403,0.63330078125,0.133972167969,0.752319335938,-0.121948242188,7817.0,632.0,1223.0,-2.0,4.0,1.0,
1648734157060307264,0.633056640625,0.133911132812,0.752563476562,-0.121948242188,7833.0,639.0,1222.0,-2.0,5.0,1.0,
1648734157064642667,0.6328125,0.133850097656,0.752746582031,-0.122009277344,7865.0,642.0,1229.0,-1.0,5.0,0.0,
1648734157071782827,0.632507324219,0.133850097656,0.752990722656,-0.122009277344,7893.0,645.0,1228.0,0.0,6.0,0.0,
1648734157077586412,0.63232421875,0.133850097656,0.753173828125,-0.1220703125,7907.0,661.0,1226.0,0.0,5.0,0.0,
1648734157081905603,0.632080078125,0.133911132812,0.753356933594,-0.122131347656,7921.0,669.0,1236.0,1.0,5.0,0.0,
1648734157086709499,0.631774902344,0.133972167969,0.753601074219,-0.122253417969,7944.0,670.0,1230.0,1.0,5.0,0.0,
1648734157091230154,0.631530761719,0.133972167969,0.753784179688,-0.122314453125,7960.0,673.0,1231.0,0.0,6.0,1.0,
1648734157095711231,0.631225585938,0.133972167969,0.754028320312,-0.122436523438,7986.0,678.0,1233.0,0.0,6.0,1.0,
1648734157100179910,0.630981445312,0.133972167969,0.754211425781,-0.122497558594,8013.0,675.0,1234.0,0.0,6.0,1.0,
1648734157104833126,0.630737304688,0.133972167969,0.75439453125,-0.12255859375,8035.0,666.0,1237.0,0.0,5.0,1.0,
1648734157109331369,0.630493164062,0.133911132812,0.754638671875,-0.12255859375,8054.0,653.0,1244.0,-1.0,5.0,0.0,
1648734157116122007,0.630310058594,0.1337890625,0.754821777344,-0.12255859375,8045.0,633.0,1250.0,-2.0,5.0,0.0,
1648734157120507955,0.630065917969,0.133544921875,0.755065917969,-0.122497558594,8025.0,603.0,1244.0,-4.0,5.0,1.0,
1648734157124811172,0.629821777344,0.133239746094,0.755310058594,-0.122436523438,8023.0,575.0,1229.0,-6.0,7.0,1.0,
1648734157129732847,0.629516601562,0.1328125,0.755615234375,-0.122314453125,8049.0,557.0,1198.0,-7.0,8.0,2.0,
1648734157134182214,0.629272460938,0.132385253906,0.755920410156,-0.122192382812,8077.0,548.0,1178.0,-7.0,8.0,2.0,
1648734157138554573,0.629089355469,0.132019042969,0.756164550781,-0.122131347656,8093.0,537.0,1161.0,-6.0,6.0,1.0,
1648734157145640611,0.628967285156,0.131713867188,0.756408691406,-0.122009277344,8089.0,535.0,1138.0,-6.0,5.0,1.0,
1648734157150087118,0.628845214844,0.131530761719,0.756530761719,-0.121887207031,8089.0,536.0,1118.0,-5.0,4.0,1.0,
1648734157154484987,0.628784179688,0.13134765625,0.756591796875,-0.121826171875,8085.0,529.0,1105.0,-4.0,3.0,0.0,
1648734157159168481,0.628723144531,0.131225585938,0.756713867188,-0.121765136719,8084.0,523.0,1094.0,-3.0,3.0,0.0,
1648734157163887023,0.628662109375,0.131225585938,0.756774902344,-0.121704101562,8082.0,512.0,1086.0,-2.0,3.0,0.0,
1648734157170553445,0.628540039062,0.131164550781,0.7568359375,-0.121643066406,8082.0,495.0,1087.0,-1.0,3.0,-1.0,
1648734157177016973,0.62841796875,0.131164550781,0.756958007812,-0.121704101562,8086.0,487.0,1092.0,-1.0,3.0,-1.0,
1648734157181879520,0.628295898438,0.131103515625,0.757080078125,-0.121704101562,8093.0,477.0,1102.0,-1.0,4.0,0.0,
1648734157186410665,0.628173828125,0.131103515625,0.757202148438,-0.121704101562,8115.0,474.0,1108.0,-1.0,3.0,0.0,
1648734157190864562,0.628112792969,0.131042480469,0.757202148438,-0.121704101562,8141.0,482.0,1112.0,-1.0,2.0,0.0,
1648734157195431709,0.628173828125,0.131042480469,0.757202148438,-0.121643066406,8155.0,481.0,1128.0,-1.0,0.0,0.0,
1648734157199896812,0.628234863281,0.130981445312,0.757141113281,-0.121643066406,8153.0,483.0,1148.0,-1.0,-1.0,1.0,
1648734157204756259,0.62841796875,0.130920410156,0.757019042969,-0.121643066406,8133.0,488.0,1155.0,-1.0,-3.0,1.0,
1648734157209206581,0.628601074219,0.130920410156,0.756896972656,-0.121643066406,8105.0,485.0,1169.0,-1.0,-4.0,1.0,
1648734157214066267,0.628784179688,0.130798339844,0.756713867188,-0.121643066406,8071.0,488.0,1187.0,-2.0,-4.0,1.0,
1648734157220791816,0.628967285156,0.130737304688,0.756591796875,-0.12158203125,8044.0,486.0,1198.0,-2.0,-4.0,1.0,
1648734157225298643,0.629211425781,0.130615234375,0.756408691406,-0.12158203125,8018.0,491.0,1214.0,-2.0,-4.0,2.0,
1648734157229792356,0.62939453125,0.130493164062,0.756286621094,-0.121520996094,7995.0,493.0,1224.0,-3.0,-4.0,1.0,
1648734157234550952,0.629638671875,0.13037109375,0.756164550781,-0.121459960938,7972.0,500.0,1236.0,-3.0,-5.0,1.0,
1648734157239057302,0.6298828125,0.130249023438,0.755920410156,-0.121398925781,7943.0,520.0,1249.0,-3.0,-6.0,1.0,
1648734157246198415,0.630249023438,0.130187988281,0.755676269531,-0.121276855469,7897.0,548.0,1250.0,-3.0,-7.0,1.0,
1648734157250632524,0.630615234375,0.130187988281,0.75537109375,-0.121154785156,7857.0,551.0,1256.0,-2.0,-8.0,1.0,
1648734157255181550,0.630981445312,0.130187988281,0.755065917969,-0.12109375,7827.0,551.0,1272.0,-1.0,-8.0,1.0,
1648734157259587287,0.63134765625,0.130187988281,0.754821777344,-0.120971679688,7809.0,565.0,1287.0,-2.0,-8.0,1.0,
1648734157264438629,0.631652832031,0.130187988281,0.754577636719,-0.120849609375,7783.0,582.0,1281.0,-2.0,-8.0,0.0,
1648734157268637180,0.631958007812,0.130187988281,0.754333496094,-0.120727539062,7760.0,595.0,1280.0,-2.0,-7.0,0.0,
1648734157276271343,0.632263183594,0.130249023438,0.754089355469,-0.12060546875,7740.0,605.0,1290.0,-2.0,-7.0,0.0,
1648734157283829212,0.632568359375,0.130249023438,0.753845214844,-0.120483398438,7722.0,602.0,1309.0,-2.0,-6.0,0.0,
1648734157291877269,0.6328125,0.130249023438,0.753662109375,-0.120300292969,7718.0,595.0,1370.0,-2.0,-4.0,-1.0,
1648734157296468496,0.632934570312,0.130310058594,0.753601074219,-0.120178222656,7737.0,602.0,1372.0,-1.0,-3.0,-1.0,
1648734157300923347,0.633056640625,0.130310058594,0.753479003906,-0.1201171875,7750.0,613.0,1388.0,-1.0,-4.0,0.0,
1648734157305839538,0.633117675781,0.130432128906,0.75341796875,-0.120056152344,7755.0,610.0,1377.0,0.0,-4.0,0.0,
1648734157310326337,0.63330078125,0.130554199219,0.753234863281,-0.119995117188,7766.0,610.0,1382.0,0.0,-5.0,-1.0,
1648734157314796209,0.633483886719,0.130676269531,0.753112792969,-0.119995117188,7760.0,597.0,1396.0,1.0,-5.0,-1.0,
1648734157319244146,0.633544921875,0.130798339844,0.752990722656,-0.119934082031,7746.0,572.0,1402.0,0.0,-4.0,-1.0,
1648734157324194908,0.633605957031,0.130798339844,0.752990722656,-0.119812011719,7741.0,537.0,1418.0,-1.0,-3.0,-1.0,
1648734157331166982,0.633666992188,0.130737304688,0.752990722656,-0.119750976562,7762.0,520.0,1422.0,-2.0,-2.0,-1.0,
1648734157335586547,0.633666992188,0.130615234375,0.752990722656,-0.119567871094,7799.0,517.0,1419.0,-3.0,-1.0,-1.0,
1648734157340228796,0.6337890625,0.130493164062,0.7529296875,-0.119445800781,7826.0,533.0,1417.0,-4.0,-2.0,0.0,
1648734157344767570,0.633911132812,0.13037109375,0.752868652344,-0.119323730469,7833.0,545.0,1416.0,-3.0,-3.0,0.0,
1648734157349299907,0.634033203125,0.130310058594,0.752807617188,-0.119201660156,7837.0,553.0,1405.0,-3.0,-3.0,0.0,
1648734157353860616,0.634094238281,0.130187988281,0.752807617188,-0.119079589844,7836.0,555.0,1404.0,-3.0,-2.0,0.0,
1648734157360824108,0.634155273438,0.130126953125,0.752746582031,-0.118957519531,7839.0,555.0,1388.0,-3.0,-2.0,0.0,
1648734157365349292,0.634216308594,0.130065917969,0.752746582031,-0.118835449219,7844.0,555.0,1365.0,-2.0,-1.0,0.0,
1648734157369833230,0.634216308594,0.130004882812,0.752807617188,-0.118774414062,7843.0,547.0,1347.0,-2.0,0.0,0.0,
1648734157374489784,0.634155273438,0.129943847656,0.752807617188,-0.118713378906,7828.0,540.0,1344.0,-2.0,1.0,0.0,
1648734157381605386,0.634094238281,0.1298828125,0.7529296875,-0.118713378906,7814.0,535.0,1348.0,-2.0,2.0,0.0,
1648734157386611938,0.633911132812,0.129821777344,0.753051757812,-0.11865234375,7809.0,530.0,1337.0,-2.0,3.0,0.0,
1648734157391600608,0.633728027344,0.129699707031,0.753234863281,-0.118591308594,7803.0,529.0,1325.0,-2.0,3.0,0.0,
1648734157396172046,0.633544921875,0.129638671875,0.75341796875,-0.118530273438,7792.0,523.0,1315.0,-2.0,4.0,-1.0,
1648734157400844812,0.633361816406,0.129577636719,0.753601074219,-0.118469238281,7787.0,513.0,1311.0,-2.0,4.0,-1.0,
1648734157405218601,0.633178710938,0.129516601562,0.753784179688,-0.118408203125,7776.0,506.0,1325.0,-2.0,4.0,-1.0,
1648734157410016536,0.632934570312,0.129455566406,0.754028320312,-0.118347167969,7761.0,500.0,1333.0,-2.0,5.0,-1.0,
1648734157414672851,0.632629394531,0.12939453125,0.754333496094,-0.118225097656,7755.0,490.0,1342.0,-2.0,6.0,-2.0,
1648734157419008493,0.632263183594,0.129272460938,0.754638671875,-0.118103027344,7766.0,484.0,1357.0,-3.0,7.0,-2.0,
1648734157423227071,0.631896972656,0.129150390625,0.755004882812,-0.117919921875,7786.0,474.0,1352.0,-4.0,7.0,-2.0,
1648734157430199384,0.631530761719,0.128967285156,0.75537109375,-0.117736816406,7802.0,475.0,1345.0,-5.0,8.0,-2.0,
1648734157434845447,0.631103515625,0.128723144531,0.755798339844,-0.117553710938,7827.0,481.0,1326.0,-6.0,9.0,-2.0,
1648734157439600706,0.630676269531,0.12841796875,0.756225585938,-0.117309570312,7870.0,489.0,1299.0,-6.0,10.0,-2.0,
1648734157444009542,0.630310058594,0.128173828125,0.756652832031,-0.117065429688,7929.0,504.0,1271.0,-6.0,10.0,-2.0,
1648734157448774099,0.629943847656,0.127990722656,0.757019042969,-0.116821289062,7966.0,525.0,1240.0,-6.0,9.0,-2.0,
1648734157453473329,0.629699707031,0.127807617188,0.757263183594,-0.116577148438,7998.0,540.0,1197.0,-6.0,7.0,-2.0,
1648734157460322856,0.629516601562,0.127624511719,0.757507324219,-0.116333007812,8023.0,546.0,1167.0,-5.0,6.0,-1.0,
1648734157464886665,0.629272460938,0.127502441406,0.757751464844,-0.1162109375,8055.0,540.0,1141.0,-4.0,6.0,-1.0,
1648734157469410896,0.629150390625,0.127319335938,0.757873535156,-0.116088867188,8089.0,533.0,1120.0,-4.0,5.0,0.0,
1648734157474080801,0.629028320312,0.127197265625,0.757995605469,-0.116088867188,8121.0,531.0,1112.0,-3.0,4.0,0.0,
1648734157478617668,0.629028320312,0.127014160156,0.758056640625,-0.116027832031,8146.0,519.0,1111.0,-3.0,2.0,1.0,
1648734157485145092,0.629028320312,0.126892089844,0.758056640625,-0.116027832031,8163.0,515.0,1121.0,-3.0,1.0,1.0,
1648734157490211725,0.629211425781,0.126708984375,0.757995605469,-0.116027832031,8165.0,509.0,1141.0,-3.0,-1.0,2.0,
1648734157494732618,0.629333496094,0.126525878906,0.757873535156,-0.115966796875,8168.0,512.0,1177.0,-3.0,-3.0,2.0,
1648734157499445199,0.629577636719,0.126342773438,0.757751464844,-0.115905761719,8166.0,514.0,1207.0,-4.0,-4.0,2.0,
1648734157503884553,0.629821777344,0.126159667969,0.757568359375,-0.115783691406,8150.0,524.0,1234.0,-4.0,-4.0,2.0,
1648734157508445024,0.630004882812,0.1259765625,0.757446289062,-0.115661621094,8133.0,537.0,1264.0,-4.0,-4.0,1.0,
1648734157515562534,0.630187988281,0.125793457031,0.75732421875,-0.115539550781,8114.0,540.0,1297.0,-4.0,-4.0,1.0,
1648734157519763708,0.63037109375,0.125610351562,0.757263183594,-0.115417480469,8095.0,538.0,1310.0,-5.0,-3.0,1.0,
1648734157524386405,0.630493164062,0.125427246094,0.757202148438,-0.115295410156,8077.0,544.0,1313.0,-5.0,-3.0,1.0,
1648734157528832674,0.630615234375,0.125244140625,0.757202148438,-0.115112304688,8063.0,545.0,1311.0,-4.0,-2.0,1.0,
1648734157533699035,0.630676269531,0.125061035156,0.757141113281,-0.114990234375,8046.0,553.0,1300.0,-4.0,-1.0,1.0,
1648734157540817260,0.630798339844,0.124877929688,0.757141113281,-0.114868164062,8036.0,565.0,1283.0,-4.0,-1.0,1.0,
1648734157545106887,0.630859375,0.124755859375,0.757080078125,-0.11474609375,8034.0,580.0,1281.0,-4.0,-1.0,1.0,
1648734157561263084,0.630981445312,0.124633789062,0.757019042969,-0.114685058594,8022.0,592.0,1269.0,-3.0,-2.0,1.0,
1648734157562324285,0.631103515625,0.124572753906,0.756958007812,-0.114562988281,8006.0,595.0,1258.0,-3.0,-2.0,1.0,
1648734157563153505,0.631225585938,0.12451171875,0.756896972656,-0.114501953125,7986.0,583.0,1252.0,-2.0,-2.0,1.0,
1648734157574116706,0.63134765625,0.124389648438,0.7568359375,-0.114440917969,7979.0,569.0,1252.0,-2.0,-2.0,1.0,
1648734157574528217,0.631408691406,0.124328613281,0.756713867188,-0.114440917969,7977.0,559.0,1254.0,-2.0,-2.0,1.0,
1648734157574915647,0.631530761719,0.124267578125,0.756652832031,-0.114440917969,7976.0,559.0,1257.0,-2.0,-2.0,1.0,
1648734157578710556,0.631713867188,0.124206542969,0.756530761719,-0.114440917969,7972.0,565.0,1268.0,-1.0,-3.0,1.0,
1648734157583488702,0.631896972656,0.124145507812,0.75634765625,-0.114440917969,7954.0,573.0,1291.0,-1.0,-4.0,1.0,
1648734157590201854,0.632141113281,0.124145507812,0.756225585938,-0.114379882812,7934.0,571.0,1310.0,-2.0,-5.0,1.0,
1648734157594857215,0.63232421875,0.124084472656,0.756042480469,-0.114318847656,7911.0,568.0,1319.0,-2.0,-5.0,1.0,
1648734157627759933,0.632568359375,0.1240234375,0.755859375,-0.1142578125,7881.0,558.0,1334.0,-2.0,-5.0,1.0,
1648734157628705024,0.632751464844,0.123962402344,0.755737304688,-0.114135742188,7861.0,558.0,1330.0,-3.0,-5.0,1.0,
1648734157629938125,0.632995605469,0.123840332031,0.755554199219,-0.114013671875,7840.0,561.0,1317.0,-3.0,-5.0,1.0,
1648734157630702257,0.633239746094,0.123718261719,0.755432128906,-0.113891601562,7820.0,567.0,1303.0,-4.0,-5.0,1.0,
1648734157632063150,0.633422851562,0.123657226562,0.755310058594,-0.113708496094,7802.0,574.0,1283.0,-4.0,-4.0,0.0,
1648734157632637977,0.633605957031,0.12353515625,0.755187988281,-0.113586425781,7789.0,584.0,1274.0,-4.0,-4.0,0.0,
1648734157633148193,0.6337890625,0.123413085938,0.755065917969,-0.113403320312,7783.0,595.0,1263.0,-4.0,-3.0,0.0,
1648734157634369611,0.633972167969,0.123352050781,0.754943847656,-0.11328125,7775.0,608.0,1258.0,-3.0,-3.0,0.0,
1648734157639085769,0.634094238281,0.123291015625,0.7548828125,-0.113098144531,7775.0,613.0,1253.0,-3.0,-3.0,0.0,
1648734157643671989,0.634216308594,0.123168945312,0.754821777344,-0.112976074219,7777.0,622.0,1253.0,-3.0,-2.0,0.0,
1648734157648295640,0.63427734375,0.123107910156,0.754821777344,-0.11279296875,7786.0,639.0,1247.0,-3.0,-2.0,0.0,
1648734157655386686,0.634399414062,0.123046875,0.754760742188,-0.112670898438,7788.0,658.0,1245.0,-3.0,-2.0,0.0,
1648734157660115242,0.634460449219,0.122985839844,0.754699707031,-0.112548828125,7781.0,665.0,1247.0,-3.0,-2.0,0.0,
1648734157664793968,0.634582519531,0.122985839844,0.754638671875,-0.112426757812,7771.0,661.0,1255.0,-2.0,-2.0,0.0,
1648734157669189691,0.634643554688,0.122924804688,0.754577636719,-0.112365722656,7761.0,654.0,1270.0,-2.0,-2.0,0.0,
1648734157673907995,0.634704589844,0.122924804688,0.754577636719,-0.1123046875,7747.0,638.0,1282.0,-1.0,-1.0,0.0,
1648734157678219556,0.634704589844,0.122863769531,0.754577636719,-0.1123046875,7728.0,625.0,1288.0,-1.0,-1.0,1.0,
1648734157686007499,0.634643554688,0.122802734375,0.754638671875,-0.1123046875,7702.0,601.0,1287.0,-1.0,0.0,1.0,
1648734157696932792,0.634399414062,0.12255859375,0.754821777344,-0.1123046875,7706.0,584.0,1265.0,-3.0,3.0,1.0,
1648734157701695680,0.63427734375,0.122375488281,0.755004882812,-0.1123046875,7700.0,587.0,1253.0,-3.0,4.0,1.0,
1648734157706342935,0.634094238281,0.122253417969,0.755187988281,-0.112243652344,7700.0,580.0,1232.0,-3.0,4.0,1.0,
1648734157710752248,0.633911132812,0.122009277344,0.75537109375,-0.112182617188,7705.0,579.0,1219.0,-4.0,4.0,1.0,
1648734157715379238,0.633728027344,0.121826171875,0.755554199219,-0.112182617188,7710.0,581.0,1201.0,-4.0,5.0,1.0,
1648734157719764232,0.633544921875,0.121643066406,0.755798339844,-0.112121582031,7718.0,576.0,1170.0,-4.0,5.0,1.0,
1648734157724312782,0.63330078125,0.121459960938,0.756042480469,-0.112060546875,7727.0,564.0,1168.0,-3.0,6.0,1.0,
1648734157728791475,0.632995605469,0.121276855469,0.756286621094,-0.111999511719,7749.0,544.0,1162.0,-3.0,7.0,0.0,
1648734157733484745,0.632629394531,0.121154785156,0.756591796875,-0.111938476562,7773.0,533.0,1163.0,-3.0,8.0,-1.0,
1648734157738031148,0.63232421875,0.121032714844,0.756958007812,-0.111877441406,7802.0,527.0,1154.0,-3.0,8.0,-1.0,
1648734157744968652,0.631958007812,0.120971679688,0.757202148438,-0.11181640625,7831.0,532.0,1155.0,-2.0,8.0,-1.0,
1648734157749609231,0.631652832031,0.120910644531,0.757507324219,-0.111755371094,7863.0,541.0,1159.0,-3.0,8.0,-1.0,
1648734157753910541,0.63134765625,0.120788574219,0.7578125,-0.111633300781,7893.0,561.0,1146.0,-3.0,7.0,-1.0,
1648734157758744001,0.631103515625,0.120727539062,0.757995605469,-0.111511230469,7882.0,572.0,1130.0,-3.0,6.0,-1.0,
1648734157763389110,0.630798339844,0.120727539062,0.75830078125,-0.111389160156,7854.0,563.0,1152.0,-2.0,7.0,-2.0,
1648734157769984245,0.630432128906,0.120666503906,0.758605957031,-0.111328125,7832.0,554.0,1145.0,-2.0,8.0,-2.0,
1648734157774421691,0.630065917969,0.120666503906,0.758972167969,-0.111145019531,7813.0,556.0,1149.0,-3.0,9.0,-3.0,
1648734157779107093,0.629455566406,0.120666503906,0.759460449219,-0.110961914062,7904.0,558.0,1144.0,-2.0,12.0,-4.0,
1648734157783760547,0.62890625,0.12060546875,0.759948730469,-0.110961914062,8005.0,570.0,1141.0,-1.0,13.0,-2.0,
1648734157788651227,0.628479003906,0.120666503906,0.760314941406,-0.110900878906,8076.0,562.0,1162.0,-1.0,10.0,-2.0,
1648734157795393943,0.628112792969,0.120666503906,0.760620117188,-0.11083984375,8123.0,568.0,1159.0,-1.0,7.0,-2.0,
1648734157800195693,0.6279296875,0.120727539062,0.7607421875,-0.11083984375,8122.0,565.0,1178.0,0.0,5.0,-1.0,
1648734157805550336,0.627807617188,0.120849609375,0.760864257812,-0.110778808594,8116.0,535.0,1218.0,0.0,3.0,-2.0,
1648734157809255838,0.627685546875,0.120849609375,0.760986328125,-0.110717773438,8114.0,510.0,1251.0,-1.0,3.0,-2.0,
1648734157814110279,0.627563476562,0.120788574219,0.761108398438,-0.110656738281,8123.0,506.0,1278.0,-2.0,3.0,-1.0,
1648734157818125486,0.62744140625,0.120666503906,0.76123046875,-0.110595703125,8155.0,517.0,1309.0,-3.0,2.0,0.0,
1648734157824800968,0.62744140625,0.120544433594,0.761291503906,-0.110473632812,8170.0,529.0,1354.0,-3.0,1.0,0.0,
1648734157829506158,0.62744140625,0.120422363281,0.761291503906,-0.1103515625,8158.0,535.0,1398.0,-4.0,0.0,0.0,
1648734157833877086,0.62744140625,0.120239257812,0.761291503906,-0.110229492188,8140.0,549.0,1428.0,-4.0,-2.0,0.0,
1648734157838291883,0.627502441406,0.120178222656,0.761291503906,-0.110046386719,8127.0,563.0,1462.0,-4.0,-2.0,0.0,
1648734157845667600,0.627563476562,0.1201171875,0.761291503906,-0.109924316406,8117.0,567.0,1492.0,-3.0,-2.0,-1.0,
1648734157850220203,0.627624511719,0.120056152344,0.761291503906,-0.109741210938,8095.0,559.0,1500.0,-3.0,-2.0,-1.0,
1648734157854682683,0.627746582031,0.119934082031,0.76123046875,-0.109497070312,8074.0,543.0,1540.0,-4.0,-2.0,-1.0,
1648734157859620094,0.627807617188,0.119812011719,0.76123046875,-0.109313964844,8067.0,522.0,1554.0,-4.0,-2.0,-1.0,
1648734157864079952,0.627868652344,0.11962890625,0.76123046875,-0.109130859375,8068.0,516.0,1543.0,-5.0,-2.0,-1.0,
1648734157868825912,0.627990722656,0.119445800781,0.761169433594,-0.10888671875,8067.0,521.0,1524.0,-5.0,-3.0,0.0,
1648734157873409986,0.628234863281,0.119201660156,0.761047363281,-0.108703613281,8070.0,530.0,1515.0,-5.0,-4.0,0.0,
1648734157878193855,0.62841796875,0.119018554688,0.760925292969,-0.108520507812,8067.0,530.0,1509.0,-5.0,-4.0,1.0,
1648734157882975339,0.628662109375,0.118835449219,0.760803222656,-0.108337402344,8059.0,525.0,1496.0,-5.0,-5.0,1.0,
1648734157893090724,0.628967285156,0.118591308594,0.760620117188,-0.108154296875,8065.0,520.0,1493.0,-5.0,-5.0,1.0,
1648734157898513555,0.629272460938,0.118408203125,0.760437011719,-0.107971191406,8066.0,525.0,1478.0,-5.0,-6.0,1.0,
1648734157902445793,0.629638671875,0.1181640625,0.760192871094,-0.107849121094,8048.0,533.0,1456.0,-5.0,-7.0,1.0,
1648734157907922267,0.630004882812,0.117980957031,0.759887695312,-0.107666015625,8037.0,546.0,1461.0,-5.0,-8.0,1.0,
1648734157912754058,0.630432128906,0.117797851562,0.759643554688,-0.107482910156,8019.0,560.0,1430.0,-5.0,-8.0,2.0,
1648734157916148424,0.630859375,0.117614746094,0.759338378906,-0.107299804688,7979.0,590.0,1402.0,-6.0,-8.0,2.0,
1648734157920805454,0.631286621094,0.117370605469,0.759033203125,-0.107116699219,7950.0,623.0,1388.0,-5.0,-8.0,2.0,
1648734157926186323,0.631652832031,0.1171875,0.7587890625,-0.10693359375,7923.0,651.0,1360.0,-5.0,-8.0,2.0,
1648734157930692911,0.632080078125,0.117004394531,0.758483886719,-0.106811523438,7878.0,666.0,1352.0,-5.0,-8.0,3.0,
1648734157935438871,0.632507324219,0.116882324219,0.758178710938,-0.106628417969,7812.0,665.0,1332.0,-5.0,-8.0,2.0,
1648734157940078020,0.6328125,0.11669921875,0.757934570312,-0.106506347656,7762.0,645.0,1308.0,-4.0,-6.0,2.0,
1648734157944390296,0.633056640625,0.116577148438,0.7578125,-0.106384277344,7730.0,620.0,1291.0,-3.0,-5.0,1.0,
1648734157949048757,0.633239746094,0.116516113281,0.757690429688,-0.106323242188,7700.0,603.0,1281.0,-3.0,-4.0,0.0,
1648734157954030990,0.633361816406,0.116394042969,0.757568359375,-0.106201171875,7683.0,600.0,1259.0,-3.0,-3.0,0.0,
1648734157960801124,0.633422851562,0.116394042969,0.757507324219,-0.106018066406,7666.0,602.0,1231.0,-3.0,-2.0,-1.0,
1648734157964943170,0.633544921875,0.116394042969,0.757507324219,-0.105895996094,7664.0,610.0,1195.0,-2.0,-1.0,-1.0,
1648734157969973564,0.633544921875,0.116455078125,0.757446289062,-0.105773925781,7670.0,618.0,1161.0,-1.0,-1.0,-1.0,
1648734157974516153,0.633605957031,0.116577148438,0.757385253906,-0.105651855469,7685.0,632.0,1135.0,-1.0,-1.0,-2.0,
1648734157979074001,0.633728027344,0.116760253906,0.75732421875,-0.105590820312,7703.0,655.0,1123.0,0.0,-1.0,-1.0,
1648734157984255552,0.6337890625,0.116943359375,0.757263183594,-0.105529785156,7724.0,678.0,1111.0,1.0,-1.0,-1.0,
1648734157988060474,0.633850097656,0.1171875,0.757141113281,-0.105529785156,7735.0,690.0,1106.0,2.0,-2.0,-1.0,
1648734157996819257,0.633911132812,0.117431640625,0.757080078125,-0.105529785156,7738.0,691.0,1102.0,3.0,-2.0,-1.0,
1648734158003010511,0.633972167969,0.11767578125,0.756958007812,-0.105590820312,7750.0,693.0,1119.0,3.0,-2.0,-1.0,
1648734158007839918,0.633972167969,0.117980957031,0.756896972656,-0.105651855469,7765.0,693.0,1135.0,3.0,-1.0,-1.0,
1648734158011693716,0.633972167969,0.118225097656,0.7568359375,-0.105773925781,7771.0,679.0,1148.0,3.0,-1.0,-1.0,
1648734158015898942,0.633972167969,0.118408203125,0.7568359375,-0.105834960938,7777.0,657.0,1158.0,3.0,0.0,-1.0,
1648734158020103454,0.633850097656,0.118591308594,0.7568359375,-0.10595703125,7788.0,644.0,1164.0,2.0,1.0,0.0,
1648734158024526119,0.6337890625,0.11865234375,0.756896972656,-0.106018066406,7808.0,626.0,1183.0,2.0,2.0,0.0,
1648734158029457330,0.633605957031,0.118774414062,0.757019042969,-0.106079101562,7839.0,617.0,1192.0,1.0,2.0,0.0,
1648734158033788442,0.633483886719,0.118835449219,0.757080078125,-0.106140136719,7861.0,609.0,1201.0,1.0,2.0,-1.0,
1648734158039607286,0.633422851562,0.118957519531,0.757202148438,-0.106140136719,7879.0,602.0,1223.0,1.0,2.0,-1.0,
1648734158044055700,0.633239746094,0.119018554688,0.757263183594,-0.106140136719,7888.0,591.0,1240.0,1.0,2.0,-1.0,
1648734158047646284,0.633117675781,0.119140625,0.757385253906,-0.106140136719,7904.0,579.0,1265.0,1.0,2.0,-1.0,
1648734158055673360,0.632995605469,0.119201660156,0.757507324219,-0.106140136719,7935.0,576.0,1270.0,0.0,2.0,-1.0,
1648734158059318780,0.6328125,0.119262695312,0.757629394531,-0.106079101562,7964.0,571.0,1301.0,0.0,3.0,-1.0,
1648734158063928842,0.632690429688,0.119262695312,0.757751464844,-0.106079101562,7990.0,570.0,1311.0,-1.0,3.0,-1.0,
1648734158068757772,0.632568359375,0.119262695312,0.7578125,-0.106018066406,8018.0,584.0,1303.0,-2.0,2.0,-1.0,
1648734158073607206,0.632507324219,0.119262695312,0.757873535156,-0.10595703125,8041.0,620.0,1292.0,-1.0,1.0,0.0,
1648734158079984664,0.632568359375,0.119323730469,0.7578125,-0.105895996094,8019.0,644.0,1282.0,0.0,-1.0,0.0,
1648734158085533380,0.632507324219,0.119506835938,0.7578125,-0.105895996094,8025.0,672.0,1256.0,1.0,0.0,-1.0,
1648734158089156389,0.632690429688,0.119689941406,0.757690429688,-0.105895996094,7989.0,710.0,1240.0,2.0,-4.0,0.0,
1648734158097170352,0.632995605469,0.120056152344,0.757385253906,-0.105834960938,7868.0,677.0,1276.0,3.0,-7.0,-2.0,
1648734158100552558,0.633117675781,0.120422363281,0.757263183594,-0.105712890625,7716.0,634.0,1307.0,2.0,-6.0,-5.0,
1648734158105920791,0.633056640625,0.12060546875,0.757263183594,-0.10546875,7612.0,597.0,1341.0,0.0,-2.0,-5.0,
1648734158110783815,0.6328125,0.120788574219,0.757507324219,-0.105285644531,7624.0,572.0,1368.0,-1.0,3.0,-5.0,
1648734158115787982,0.632446289062,0.120788574219,0.7578125,-0.105102539062,7704.0,554.0,1399.0,-2.0,6.0,-4.0,
1648734158120405673,0.632141113281,0.120727539062,0.758117675781,-0.10498046875,7746.0,542.0,1427.0,-3.0,5.0,-3.0,
1648734158125157356,0.631958007812,0.120666503906,0.75830078125,-0.104858398438,7766.0,528.0,1464.0,-3.0,3.0,-2.0,
1648734158129980325,0.631774902344,0.12060546875,0.758483886719,-0.104675292969,7791.0,514.0,1494.0,-3.0,2.0,-2.0,
1648734158134572982,0.631591796875,0.120483398438,0.758666992188,-0.104553222656,7845.0,513.0,1509.0,-3.0,3.0,-2.0,
1648734158138141870,0.631469726562,0.120361328125,0.7587890625,-0.104431152344,7907.0,514.0,1507.0,-3.0,2.0,-1.0,
1648734158142668962,0.631408691406,0.120239257812,0.758911132812,-0.104248046875,7951.0,507.0,1515.0,-3.0,1.0,-1.0,
1648734158149712800,0.63134765625,0.1201171875,0.758972167969,-0.104125976562,7966.0,500.0,1513.0,-3.0,0.0,-1.0,
1648734158154171705,0.631286621094,0.119995117188,0.759033203125,-0.10400390625,7981.0,489.0,1507.0,-4.0,1.0,-1.0,
1648734158158848285,0.631164550781,0.119750976562,0.759216308594,-0.103881835938,8016.0,488.0,1469.0,-4.0,2.0,0.0,
1648734158163554668,0.631103515625,0.119567871094,0.759338378906,-0.103759765625,8061.0,499.0,1449.0,-4.0,3.0,0.0,
1648734158168165683,0.631042480469,0.119384765625,0.759399414062,-0.103698730469,8088.0,518.0,1427.0,-4.0,2.0,1.0,
1648734158172729253,0.631042480469,0.119201660156,0.759399414062,-0.103698730469,8070.0,530.0,1388.0,-4.0,0.0,2.0,
1648734158179529905,0.631103515625,0.119018554688,0.759399414062,-0.103698730469,8049.0,532.0,1361.0,-3.0,0.0,2.0,
1648734158184358835,0.631164550781,0.118896484375,0.759399414062,-0.103759765625,8049.0,515.0,1338.0,-2.0,0.0,2.0,
1648734158199652910,0.631164550781,0.118774414062,0.759399414062,-0.103820800781,8052.0,502.0,1315.0,-2.0,0.0,2.0,
1648734158201520204,0.631225585938,0.118591308594,0.759338378906,-0.103942871094,8031.0,488.0,1296.0,-1.0,0.0,2.0,
1648734158211836814,0.631103515625,0.118347167969,0.759460449219,-0.104125976562,7991.0,460.0,1280.0,-1.0,1.0,1.0,
1648734158216520786,0.631103515625,0.118225097656,0.759521484375,-0.104064941406,7986.0,474.0,1271.0,-2.0,1.0,1.0,
1648734158220850467,0.631103515625,0.118103027344,0.759521484375,-0.10400390625,7963.0,487.0,1252.0,-3.0,0.0,1.0,
1648734158225141525,0.631103515625,0.118041992188,0.759521484375,-0.103942871094,7948.0,495.0,1233.0,-3.0,0.0,0.0,
1648734158229932069,0.631164550781,0.117919921875,0.759521484375,-0.103881835938,7935.0,498.0,1218.0,-3.0,0.0,0.0,
1648734158234644889,0.631225585938,0.117858886719,0.759521484375,-0.103759765625,7922.0,500.0,1185.0,-3.0,0.0,0.0,
1648734158239300012,0.631225585938,0.117797851562,0.759460449219,-0.103698730469,7907.0,517.0,1171.0,-3.0,0.0,0.0,
1648734158243905067,0.631225585938,0.117736816406,0.759521484375,-0.103576660156,7903.0,524.0,1156.0,-2.0,1.0,-1.0,
1648734158248520851,0.631225585938,0.117736816406,0.759521484375,-0.103454589844,7904.0,524.0,1144.0,-2.0,1.0,-1.0,
1648734158253312110,0.631286621094,0.117614746094,0.759521484375,-0.103332519531,7915.0,521.0,1132.0,-3.0,0.0,-1.0,
1648734158257862329,0.63134765625,0.117553710938,0.759521484375,-0.103149414062,7928.0,524.0,1130.0,-3.0,0.0,-1.0,
1648734158264614582,0.631469726562,0.117492675781,0.759460449219,-0.10302734375,7935.0,524.0,1130.0,-3.0,-1.0,-1.0,
1648734158269033908,0.631591796875,0.117431640625,0.759399414062,-0.102844238281,7942.0,529.0,1142.0,-4.0,-2.0,-1.0,
1648734158273418903,0.631713867188,0.117309570312,0.759338378906,-0.102661132812,7946.0,530.0,1158.0,-4.0,-2.0,-1.0,
1648734158278630495,0.631774902344,0.1171875,0.75927734375,-0.102416992188,7945.0,541.0,1151.0,-5.0,-2.0,-1.0,
1648734158282777070,0.631896972656,0.117004394531,0.75927734375,-0.102172851562,7941.0,544.0,1155.0,-5.0,-1.0,-1.0,
1648734158287663936,0.631896972656,0.116821289062,0.759338378906,-0.101928710938,7944.0,551.0,1156.0,-6.0,0.0,-1.0,
1648734158294369935,0.631896972656,0.116516113281,0.759399414062,-0.101684570312,7953.0,555.0,1153.0,-7.0,1.0,0.0,
1648734158302586793,0.631896972656,0.1162109375,0.759460449219,-0.101440429688,7971.0,568.0,1147.0,-7.0,2.0,0.0,
1648734158309338092,0.631958007812,0.115539550781,0.759643554688,-0.100891113281,7999.0,615.0,1157.0,-8.0,1.0,0.0,
1648734158315832853,0.632019042969,0.115234375,0.759643554688,-0.100524902344,7994.0,641.0,1166.0,-8.0,0.0,1.0,
1648734158320288419,0.632080078125,0.114868164062,0.759704589844,-0.100219726562,7986.0,660.0,1172.0,-8.0,-1.0,1.0,
1648734158324678897,0.632202148438,0.114562988281,0.759643554688,-0.0999145507812,7984.0,678.0,1183.0,-8.0,-1.0,1.0,
1648734158329512119,0.632385253906,0.114196777344,0.759643554688,-0.099609375,7973.0,699.0,1204.0,-8.0,-2.0,1.0,
1648734158334003686,0.632507324219,0.113891601562,0.759643554688,-0.0993041992188,7956.0,720.0,1214.0,-8.0,-2.0,1.0,
1648734158338686466,0.632690429688,0.113525390625,0.759521484375,-0.0990600585938,7936.0,724.0,1226.0,-8.0,-3.0,1.0,
1648734158343154191,0.632873535156,0.113220214844,0.759460449219,-0.0987548828125,7919.0,733.0,1240.0,-8.0,-3.0,1.0,
1648734158347727298,0.633117675781,0.112915039062,0.759399414062,-0.0984497070312,7905.0,746.0,1247.0,-8.0,-4.0,1.0,
1648734158352547645,0.63330078125,0.112609863281,0.75927734375,-0.09814453125,7886.0,757.0,1262.0,-8.0,-4.0,1.0,
1648734158359290599,0.633483886719,0.112365722656,0.759216308594,-0.097900390625,7879.0,769.0,1261.0,-7.0,-3.0,1.0,
1648734158364129066,0.633605957031,0.112121582031,0.759155273438,-0.0975341796875,7872.0,772.0,1275.0,-7.0,-3.0,0.0,
1648734158368522405,0.633728027344,0.111877441406,0.759155273438,-0.0972290039062,7862.0,768.0,1271.0,-7.0,-2.0,0.0,
1648734158373097896,0.6337890625,0.111633300781,0.759216308594,-0.096923828125,7858.0,763.0,1248.0,-7.0,-1.0,-1.0,
1648734158377501726,0.633850097656,0.111450195312,0.759216308594,-0.0965576171875,7852.0,759.0,1231.0,-7.0,0.0,-1.0,
1648734158384309768,0.633850097656,0.111267089844,0.75927734375,-0.0962524414062,7857.0,750.0,1196.0,-7.0,1.0,-1.0,
1648734158388846397,0.633850097656,0.111022949219,0.759338378906,-0.095947265625,7866.0,756.0,1165.0,-6.0,1.0,-1.0,
1648734158393450260,0.633911132812,0.110900878906,0.759399414062,-0.095703125,7880.0,753.0,1151.0,-5.0,1.0,-1.0,
1648734158398822546,0.633911132812,0.110778808594,0.759399414062,-0.0955200195312,7892.0,756.0,1140.0,-5.0,0.0,-1.0,
1648734158404463291,0.633911132812,0.110717773438,0.759399414062,-0.0953369140625,7911.0,749.0,1138.0,-4.0,0.0,-1.0,
1648734158409679651,0.633972167969,0.110656738281,0.759399414062,-0.0951538085938,7927.0,740.0,1148.0,-3.0,0.0,0.0,
1648734158415254116,0.634033203125,0.110656738281,0.759338378906,-0.0950317382812,7940.0,724.0,1169.0,-2.0,-1.0,0.0,
1648734158419658899,0.634094238281,0.110595703125,0.759338378906,-0.094970703125,7959.0,704.0,1195.0,-2.0,-1.0,0.0,
1648734158423792123,0.634155273438,0.110595703125,0.75927734375,-0.0949096679688,7975.0,688.0,1248.0,-2.0,-2.0,0.0,
1648734158428092479,0.634216308594,0.110473632812,0.75927734375,-0.0948486328125,7982.0,664.0,1309.0,-3.0,-2.0,0.0,
1648734158433434486,0.63427734375,0.1103515625,0.759216308594,-0.0947265625,7981.0,651.0,1358.0,-4.0,-2.0,0.0,
1648734158437720775,0.634338378906,0.110168457031,0.759216308594,-0.0945434570312,7980.0,658.0,1389.0,-4.0,-3.0,0.0,
1648734158443174362,0.634460449219,0.110046386719,0.759155273438,-0.0943603515625,7975.0,671.0,1417.0,-5.0,-3.0,0.0,
1648734158450165510,0.634582519531,0.10986328125,0.759155273438,-0.0941772460938,7954.0,680.0,1445.0,-5.0,-3.0,0.0,
1648734158453942060,0.634643554688,0.109741210938,0.759094238281,-0.093994140625,7924.0,685.0,1453.0,-5.0,-3.0,0.0,
1648734158458441257,0.634765625,0.109558105469,0.759094238281,-0.0938110351562,7893.0,689.0,1466.0,-5.0,-3.0,0.0,
1648734158463952302,0.634826660156,0.109375,0.759094238281,-0.0935668945312,7867.0,699.0,1468.0,-5.0,-2.0,0.0,
1648734158468036890,0.634826660156,0.109252929688,0.759094238281,-0.0933837890625,7847.0,698.0,1475.0,-5.0,-1.0,0.0,
1648734158472276210,0.634765625,0.109069824219,0.759216308594,-0.0931396484375,7831.0,687.0,1484.0,-5.0,0.0,-1.0,
1648734158479256153,0.634704589844,0.10888671875,0.75927734375,-0.0928955078125,7816.0,670.0,1483.0,-5.0,0.0,-1.0,
1648734158484993696,0.634643554688,0.108642578125,0.759399414062,-0.0926513671875,7784.0,654.0,1474.0,-6.0,1.0,-1.0,
1648734158488774061,0.634582519531,0.1083984375,0.759582519531,-0.0923461914062,7751.0,635.0,1472.0,-7.0,2.0,-1.0,
1648734158494493246,0.634460449219,0.108093261719,0.759765625,-0.092041015625,7715.0,622.0,1446.0,-8.0,3.0,-1.0,
1648734158498134374,0.63427734375,0.107788085938,0.760009765625,-0.0916748046875,7680.0,625.0,1417.0,-9.0,4.0,-1.0,
1648734158506031513,0.634094238281,0.107421875,0.76025390625,-0.0912475585938,7651.0,632.0,1397.0,-9.0,5.0,-2.0,
1648734158510595321,0.6337890625,0.107116699219,0.760620117188,-0.0907592773438,7652.0,619.0,1402.0,-10.0,6.0,-3.0,
1648734158515597343,0.633422851562,0.106750488281,0.760986328125,-0.0902709960938,7683.0,597.0,1372.0,-10.0,8.0,-3.0,
1648734158519716024,0.633117675781,0.106323242188,0.761352539062,-0.0897827148438,7684.0,583.0,1397.0,-11.0,7.0,-4.0,
1648734158524261474,0.632995605469,0.10595703125,0.761657714844,-0.089111328125,7616.0,561.0,1437.0,-12.0,3.0,-5.0,
1648734158528933525,0.632995605469,0.105590820312,0.761779785156,-0.088134765625,7421.0,526.0,1466.0,-15.0,-2.0,-9.0,
1648734158534744024,0.632629394531,0.105224609375,0.762268066406,-0.0869750976562,7316.0,512.0,1485.0,-17.0,5.0,-12.0,
1648734158538231611,0.632019042969,0.104858398438,0.763000488281,-0.0857543945312,7339.0,535.0,1487.0,-19.0,13.0,-13.0,
1648734158544101476,0.631286621094,0.104431152344,0.763793945312,-0.0844116210938,7403.0,554.0,1490.0,-20.0,14.0,-14.0,
1648734158548593759,0.630615234375,0.10400390625,0.764587402344,-0.0830078125,7472.0,554.0,1494.0,-21.0,14.0,-15.0,
1648734158554366827,0.630004882812,0.103576660156,0.765258789062,-0.08154296875,7490.0,573.0,1483.0,-21.0,13.0,-16.0,
1648734158559597969,0.629516601562,0.103210449219,0.765930175781,-0.0800170898438,7496.0,596.0,1478.0,-22.0,10.0,-17.0,
1648734158564437866,0.629028320312,0.102844238281,0.766479492188,-0.0784301757812,7520.0,631.0,1483.0,-22.0,9.0,-18.0,
1648734158569038629,0.628601074219,0.1025390625,0.76708984375,-0.0768432617188,7547.0,670.0,1489.0,-21.0,8.0,-17.0,
1648734158573421239,0.628234863281,0.102294921875,0.767517089844,-0.0752563476562,7581.0,694.0,1499.0,-21.0,6.0,-17.0,
1648734158581888437,0.627990722656,0.101989746094,0.767944335938,-0.07373046875,7590.0,733.0,1500.0,-20.0,5.0,-16.0,
1648734158584326505,0.627685546875,0.101745605469,0.768310546875,-0.0723266601562,7595.0,765.0,1538.0,-19.0,5.0,-15.0,
1648734158588917970,0.627380371094,0.101440429688,0.768737792969,-0.0709228515625,7636.0,788.0,1541.0,-18.0,4.0,-14.0,
1648734158593918800,0.627136230469,0.101196289062,0.769104003906,-0.0697021484375,7687.0,836.0,1526.0,-17.0,5.0,-13.0,
1648734158598782300,0.626831054688,0.101013183594,0.769470214844,-0.0685424804688,7745.0,885.0,1531.0,-15.0,5.0,-12.0,
1648734158603538751,0.626647949219,0.100952148438,0.769714355469,-0.0675659179688,7778.0,925.0,1539.0,-13.0,3.0,-11.0,
1648734158609307050,0.62646484375,0.100952148438,0.769958496094,-0.0665893554688,7801.0,949.0,1523.0,-11.0,3.0,-11.0,
1648734158615053892,0.626220703125,0.100952148438,0.770202636719,-0.0657958984375,7847.0,967.0,1508.0,-9.0,4.0,-10.0,
1648734158619019746,0.6259765625,0.101013183594,0.770446777344,-0.0651245117188,7917.0,974.0,1485.0,-8.0,4.0,-8.0,
1648734158623373031,0.625915527344,0.101013183594,0.770568847656,-0.0645141601562,7994.0,973.0,1464.0,-6.0,3.0,-7.0,
1648734158629028081,0.625854492188,0.10107421875,0.770629882812,-0.0640869140625,8073.0,959.0,1428.0,-5.0,1.0,-6.0,
1648734158633727312,0.6259765625,0.101196289062,0.770568847656,-0.063720703125,8145.0,943.0,1393.0,-3.0,-1.0,-5.0,
1648734158638339519,0.626159667969,0.101318359375,0.770385742188,-0.0634765625,8215.0,930.0,1369.0,-2.0,-4.0,-4.0,
1648734158644866228,0.62646484375,0.101501464844,0.770141601562,-0.0633544921875,8300.0,910.0,1340.0,1.0,-6.0,-2.0,
1648734158649738550,0.626892089844,0.101684570312,0.769775390625,-0.0634765625,8413.0,883.0,1301.0,3.0,-8.0,1.0,
1648734158653329849,0.627624511719,0.101867675781,0.769104003906,-0.0637817382812,8509.0,858.0,1243.0,5.0,-13.0,4.0,
1648734158657806873,0.628723144531,0.102111816406,0.768188476562,-0.0642700195312,8492.0,859.0,1196.0,7.0,-20.0,6.0,
1648734158662691593,0.629943847656,0.102416992188,0.767028808594,-0.064697265625,8422.0,875.0,1218.0,8.0,-25.0,6.0,
1648734158667061567,0.631225585938,0.102783203125,0.765930175781,-0.0650634765625,8342.0,813.0,1096.0,8.0,-27.0,5.0,
1648734158674218893,0.632385253906,0.103271484375,0.764831542969,-0.0656127929688,8281.0,720.0,1080.0,11.0,-22.0,5.0,
1648734158678404808,0.633422851562,0.103698730469,0.763854980469,-0.0663452148438,8270.0,627.0,1081.0,13.0,-21.0,5.0,
1648734158683125495,0.634338378906,0.104125976562,0.763000488281,-0.0670776367188,8273.0,590.0,1062.0,13.0,-19.0,5.0,
1648734158687682390,0.635131835938,0.104614257812,0.76220703125,-0.0676879882812,8257.0,585.0,1021.0,12.0,-16.0,3.0,
1648734158692164659,0.635803222656,0.105163574219,0.761535644531,-0.0682373046875,8243.0,583.0,999.0,13.0,-13.0,3.0,
1648734158699143886,0.636413574219,0.105834960938,0.760925292969,-0.06884765625,8258.0,570.0,996.0,14.0,-12.0,2.0,
1648734158703610420,0.636840820312,0.1064453125,0.760375976562,-0.0694580078125,8287.0,557.0,1010.0,14.0,-10.0,1.0,
1648734158710165023,0.63720703125,0.107116699219,0.759948730469,-0.070068359375,8310.0,560.0,1035.0,15.0,-8.0,1.0,
1648734158715190410,0.637512207031,0.107788085938,0.759521484375,-0.0707397460938,8323.0,572.0,1052.0,14.0,-8.0,1.0,
1648734158719762086,0.637939453125,0.108459472656,0.759033203125,-0.0713500976562,8330.0,604.0,1068.0,15.0,-9.0,1.0,
1648734158724180221,0.638427734375,0.109130859375,0.758483886719,-0.0719604492188,8307.0,621.0,1097.0,15.0,-11.0,2.0,
1648734158729036808,0.638916015625,0.109802246094,0.757873535156,-0.0726318359375,8252.0,628.0,1121.0,15.0,-12.0,3.0,
1648734158733443737,0.639343261719,0.110412597656,0.757385253906,-0.0733032226562,8178.0,635.0,1138.0,15.0,-11.0,3.0,
1648734158738049745,0.6396484375,0.111022949219,0.756958007812,-0.0740966796875,8127.0,651.0,1159.0,15.0,-8.0,4.0,
1648734158742611646,0.639892578125,0.111572265625,0.756591796875,-0.0748291015625,8097.0,662.0,1180.0,15.0,-6.0,5.0,
1648734158747106552,0.640075683594,0.111999511719,0.756286621094,-0.0756225585938,8074.0,671.0,1197.0,14.0,-5.0,5.0,
1648734158754026889,0.640197753906,0.112426757812,0.756042480469,-0.0762939453125,8064.0,689.0,1186.0,12.0,-4.0,5.0,
1648734158758657455,0.640380859375,0.112854003906,0.755737304688,-0.076904296875,8048.0,703.0,1153.0,11.0,-5.0,4.0,
1648734158763187885,0.640625,0.11328125,0.755432128906,-0.0774536132812,8027.0,713.0,1109.0,10.0,-5.0,3.0,
1648734158767943143,0.640808105469,0.113708496094,0.755126953125,-0.077880859375,7993.0,699.0,1046.0,10.0,-5.0,2.0,
1648734158772281169,0.640991210938,0.114074707031,0.7548828125,-0.078369140625,7961.0,673.0,964.0,10.0,-3.0,2.0,
1648734158777013540,0.64111328125,0.114562988281,0.754699707031,-0.078857421875,7948.0,651.0,885.0,10.0,-2.0,1.0,
1648734158783915758,0.641235351562,0.114990234375,0.754455566406,-0.079345703125,7956.0,639.0,830.0,11.0,-1.0,1.0,
1648734158788510322,0.641418457031,0.115539550781,0.754150390625,-0.0799560546875,7959.0,640.0,796.0,12.0,-2.0,2.0,
1648734158793204784,0.641723632812,0.116027832031,0.753784179688,-0.0806274414062,7968.0,661.0,778.0,13.0,-5.0,4.0,
1648734158797762393,0.64208984375,0.116516113281,0.753295898438,-0.081298828125,7970.0,682.0,783.0,13.0,-7.0,4.0,
1648734158802453756,0.642517089844,0.117004394531,0.752807617188,-0.0819091796875,7983.0,674.0,828.0,13.0,-10.0,5.0,
1648734158809046983,0.643005371094,0.117492675781,0.752258300781,-0.08251953125,8004.0,640.0,910.0,12.0,-11.0,4.0,
1648734158817116975,0.643432617188,0.117797851562,0.751770019531,-0.0830688476562,8017.0,622.0,971.0,10.0,-10.0,4.0,
1648734158821117639,0.643798828125,0.118103027344,0.751342773438,-0.08349609375,8007.0,630.0,1030.0,8.0,-10.0,3.0,
1648734158825994491,0.644165039062,0.118347167969,0.750915527344,-0.0838623046875,7987.0,651.0,1074.0,7.0,-10.0,2.0,
1648734158830427169,0.644470214844,0.11865234375,0.750610351562,-0.0841064453125,7968.0,675.0,1122.0,6.0,-8.0,2.0,
1648734158835043907,0.644714355469,0.118957519531,0.750366210938,-0.0843505859375,7938.0,706.0,1159.0,6.0,-7.0,1.0,
1648734158840248107,0.644836425781,0.119262695312,0.750122070312,-0.0845947265625,7912.0,744.0,1213.0,6.0,-6.0,1.0,
1648734158853396892,0.64501953125,0.119567871094,0.749938964844,-0.0848388671875,7917.0,790.0,1267.0,6.0,-6.0,1.0,
1648734158853974819,0.645202636719,0.119873046875,0.749633789062,-0.0850830078125,7934.0,837.0,1337.0,6.0,-8.0,2.0,
1648734158854359388,0.645568847656,0.120178222656,0.749267578125,-0.0853881835938,7927.0,880.0,1415.0,6.0,-11.0,3.0,
1648734158866696357,0.646057128906,0.120422363281,0.748779296875,-0.085693359375,7892.0,914.0,1479.0,6.0,-14.0,5.0,
1648734158867265224,0.646545410156,0.120666503906,0.748229980469,-0.0860595703125,7861.0,934.0,1537.0,6.0,-15.0,5.0,
1648734158867966651,0.647155761719,0.120849609375,0.747680664062,-0.08642578125,7866.0,948.0,1573.0,6.0,-17.0,6.0,
1648734158872133970,0.647827148438,0.121032714844,0.747009277344,-0.0867919921875,7857.0,972.0,1579.0,5.0,-18.0,6.0,
1648734158878827571,0.648681640625,0.121215820312,0.746215820312,-0.0870971679688,7820.0,1002.0,1560.0,5.0,-21.0,6.0,
1648734158883517026,0.649536132812,0.121398925781,0.745422363281,-0.08740234375,7767.0,1038.0,1497.0,6.0,-21.0,6.0,
1648734158888025283,0.650390625,0.121704101562,0.744567871094,-0.0877075195312,7729.0,1064.0,1405.0,6.0,-20.0,6.0,
1648734158892748355,0.651184082031,0.1220703125,0.743774414062,-0.0880737304688,7721.0,1053.0,1293.0,8.0,-18.0,5.0,
1648734158897259950,0.651916503906,0.122497558594,0.743041992188,-0.0885009765625,7725.0,1023.0,1188.0,9.0,-16.0,5.0,
1648734158902161359,0.652587890625,0.122924804688,0.742309570312,-0.0889892578125,7734.0,963.0,1058.0,11.0,-15.0,4.0,
1648734158908804893,0.653198242188,0.123413085938,0.741638183594,-0.0895385742188,7758.0,919.0,914.0,11.0,-13.0,4.0,
1648734158917215347,0.653747558594,0.123962402344,0.740966796875,-0.0901489257812,7803.0,880.0,775.0,13.0,-11.0,4.0,
1648734158921084880,0.654235839844,0.124633789062,0.740295410156,-0.0908203125,7865.0,828.0,673.0,15.0,-9.0,3.0,
1648734158925497531,0.654663085938,0.125305175781,0.73974609375,-0.0914916992188,7885.0,784.0,569.0,16.0,-8.0,2.0,
1648734158931064128,0.655029296875,0.126037597656,0.7392578125,-0.0921630859375,7949.0,748.0,489.0,16.0,-6.0,2.0,
1648734158935361385,0.6552734375,0.126770019531,0.738830566406,-0.0928955078125,8049.0,732.0,419.0,17.0,-4.0,2.0,
1648734158940462589,0.655517578125,0.127563476562,0.738342285156,-0.0936889648438,8091.0,742.0,356.0,17.0,-5.0,2.0,
1648734158943874120,0.655883789062,0.12841796875,0.73779296875,-0.0944213867188,8095.0,761.0,322.0,18.0,-6.0,2.0,
1648734158948461294,0.656127929688,0.12939453125,0.7373046875,-0.09521484375,8050.0,751.0,321.0,20.0,-6.0,1.0,
1648734158953462362,0.656311035156,0.130432128906,0.736877441406,-0.0960083007812,8049.0,702.0,355.0,20.0,-5.0,0.0,
1648734158957696676,0.656372070312,0.13134765625,0.736511230469,-0.0967407226562,8130.0,682.0,389.0,19.0,-3.0,0.0,
1648734158962257862,0.656494140625,0.132141113281,0.736206054688,-0.0975341796875,8176.0,717.0,408.0,18.0,-4.0,1.0,
1648734158969439268,0.65673828125,0.132995605469,0.735717773438,-0.09814453125,8165.0,769.0,433.0,17.0,-7.0,1.0,
1648734158973552465,0.656982421875,0.133911132812,0.735229492188,-0.0986938476562,8092.0,791.0,465.0,17.0,-8.0,0.0,
1648734158978526830,0.657287597656,0.134765625,0.734741210938,-0.0991821289062,8066.0,754.0,491.0,16.0,-10.0,-2.0,
1648734158984013795,0.657653808594,0.135498046875,0.734252929688,-0.099609375,8139.0,727.0,508.0,13.0,-9.0,-2.0,
1648734158987630128,0.658020019531,0.136108398438,0.733764648438,-0.0999755859375,8179.0,736.0,484.0,11.0,-10.0,-1.0,
1648734158992197990,0.658630371094,0.136657714844,0.733093261719,-0.100158691406,8144.0,748.0,463.0,9.0,-14.0,-1.0,
1648734158996644258,0.659301757812,0.137268066406,0.732360839844,-0.100280761719,8090.0,735.0,441.0,8.0,-16.0,-2.0,
1648734159004146337,0.659973144531,0.137756347656,0.731628417969,-0.100402832031,8064.0,714.0,416.0,8.0,-15.0,-2.0,
1648734159008203506,0.660583496094,0.138305664062,0.73095703125,-0.100524902344,8064.0,689.0,402.0,8.0,-14.0,-2.0,
1648734159013015985,0.6611328125,0.138793945312,0.730346679688,-0.100646972656,8062.0,668.0,404.0,7.0,-13.0,-2.0,
1648734159020534276,0.661682128906,0.139282226562,0.729736328125,-0.100769042969,8069.0,653.0,395.0,7.0,-13.0,-2.0,
1648734159024968862,0.662231445312,0.139709472656,0.729125976562,-0.100891113281,8114.0,645.0,386.0,6.0,-12.0,-1.0,
1648734159030762195,0.662780761719,0.140075683594,0.728576660156,-0.10107421875,8189.0,654.0,389.0,6.0,-12.0,0.0,
1648734159035062551,0.663391113281,0.140380859375,0.727905273438,-0.101318359375,8284.0,674.0,415.0,6.0,-14.0,2.0,
1648734159039695024,0.664245605469,0.140563964844,0.72705078125,-0.1015625,8362.0,711.0,476.0,5.0,-19.0,4.0,
1648734159043267726,0.665344238281,0.140686035156,0.726013183594,-0.101745605469,8386.0,750.0,527.0,3.0,-25.0,6.0,
1648734159048861980,0.666625976562,0.140686035156,0.724792480469,-0.101928710938,8347.0,787.0,574.0,1.0,-30.0,8.0,
1648734159053381443,0.668090820312,0.140625,0.723449707031,-0.101989746094,8275.0,825.0,590.0,0.0,-33.0,9.0,
1648734159057077169,0.669616699219,0.140563964844,0.722045898438,-0.10205078125,8187.0,852.0,607.0,1.0,-34.0,8.0,
1648734159061746120,0.671020507812,0.140625,0.720703125,-0.102172851562,8099.0,872.0,629.0,1.0,-33.0,8.0,
1648734159069029092,0.672302246094,0.140686035156,0.719482421875,-0.102233886719,7996.0,884.0,643.0,2.0,-30.0,6.0,
1648734159074032068,0.673461914062,0.140808105469,0.718383789062,-0.102233886719,7881.0,885.0,652.0,2.0,-28.0,5.0,
1648734159077627420,0.674499511719,0.140930175781,0.717407226562,-0.102233886719,7790.0,887.0,669.0,1.0,-25.0,4.0,
1648734159082579851,0.675354003906,0.141052246094,0.716552734375,-0.102233886719,7715.0,889.0,660.0,1.0,-22.0,3.0,
1648734159087260484,0.676086425781,0.141235351562,0.7158203125,-0.102111816406,7628.0,890.0,651.0,1.0,-19.0,1.0,
1648734159094460487,0.6767578125,0.141418457031,0.715209960938,-0.101989746094,7547.0,876.0,629.0,1.0,-17.0,0.0,
1648734159099843025,0.677307128906,0.141540527344,0.714721679688,-0.101867675781,7479.0,865.0,598.0,0.0,-13.0,-1.0,
1648734159103762149,0.677673339844,0.141723632812,0.71435546875,-0.101684570312,7449.0,852.0,550.0,0.0,-10.0,-1.0,
1648734159108077287,0.677917480469,0.141906738281,0.714050292969,-0.1015625,7462.0,847.0,506.0,0.0,-8.0,-2.0,
1648734159113589763,0.678161621094,0.142028808594,0.713806152344,-0.101440429688,7499.0,855.0,455.0,0.0,-6.0,-1.0,
1648734159119482278,0.678466796875,0.142150878906,0.713500976562,-0.101379394531,7545.0,879.0,415.0,0.0,-7.0,0.0,
1648734159124575376,0.678771972656,0.142272949219,0.713195800781,-0.101318359375,7576.0,899.0,369.0,1.0,-8.0,1.0,
1648734159129447221,0.679138183594,0.142395019531,0.712829589844,-0.101318359375,7608.0,910.0,336.0,1.0,-8.0,1.0,
1648734159134310722,0.679443359375,0.142517089844,0.712524414062,-0.101318359375,7645.0,907.0,299.0,1.0,-7.0,1.0,
1648734159139373302,0.679748535156,0.142639160156,0.712219238281,-0.101318359375,7687.0,909.0,272.0,1.0,-6.0,1.0,
1648734159143072366,0.679931640625,0.142761230469,0.711975097656,-0.101379394531,7735.0,904.0,245.0,1.0,-5.0,1.0,
1648734159148191213,0.680114746094,0.142883300781,0.711791992188,-0.101379394531,7776.0,892.0,221.0,2.0,-5.0,1.0,
1648734159152019262,0.680297851562,0.143005371094,0.711608886719,-0.101440429688,7806.0,883.0,215.0,2.0,-4.0,0.0,
1648734159158632516,0.680480957031,0.143127441406,0.71142578125,-0.101440429688,7834.0,869.0,211.0,1.0,-4.0,0.0,
1648734159163467407,0.6806640625,0.143188476562,0.711242675781,-0.101440429688,7867.0,856.0,204.0,0.0,-4.0,1.0,
1648734159167837619,0.680908203125,0.143188476562,0.710998535156,-0.101379394531,7914.0,850.0,241.0,-1.0,-5.0,1.0,
1648734159172729969,0.681213378906,0.143127441406,0.710754394531,-0.101318359375,7931.0,846.0,269.0,-2.0,-8.0,1.0,
1648734159177139043,0.681579589844,0.14306640625,0.710388183594,-0.101135253906,7910.0,844.0,269.0,-3.0,-10.0,1.0,
1648734159181720018,0.682006835938,0.142944335938,0.710021972656,-0.100952148438,7856.0,839.0,228.0,-3.0,-10.0,1.0,
1648734159188587427,0.682373046875,0.142944335938,0.709716796875,-0.100769042969,7807.0,832.0,173.0,-2.0,-8.0,1.0,
1648734159193034172,0.682556152344,0.14306640625,0.70947265625,-0.100708007812,7760.0,816.0,92.0,0.0,-4.0,0.0,
1648734159197674989,0.6826171875,0.143310546875,0.709411621094,-0.100769042969,7745.0,792.0,10.0,3.0,-1.0,-2.0,
1648734159202312946,0.682495117188,0.143798828125,0.709411621094,-0.100952148438,7753.0,762.0,-68.0,6.0,3.0,-3.0,
1648734159206690788,0.682250976562,0.144409179688,0.70947265625,-0.101196289062,7770.0,725.0,-169.0,9.0,6.0,-5.0,
1648734159211599349,0.681945800781,0.145141601562,0.709533691406,-0.101501464844,7801.0,684.0,-251.0,12.0,7.0,-5.0,
1648734159218640804,0.681640625,0.145935058594,0.709655761719,-0.101928710938,7828.0,632.0,-315.0,14.0,7.0,-6.0,
1648734159225032091,0.681335449219,0.146728515625,0.709716796875,-0.102478027344,7840.0,572.0,-376.0,15.0,7.0,-6.0,
1648734159229738950,0.680969238281,0.147583007812,0.709777832031,-0.102966308594,7872.0,512.0,-439.0,15.0,8.0,-6.0,
1648734159234117031,0.6806640625,0.148376464844,0.709838867188,-0.103637695312,7940.0,494.0,-489.0,16.0,7.0,-4.0,
1648734159238785982,0.680480957031,0.149108886719,0.709777832031,-0.104309082031,8017.0,517.0,-519.0,16.0,6.0,-2.0,
1648734159243365049,0.680419921875,0.149841308594,0.709533691406,-0.105041503906,8061.0,546.0,-537.0,16.0,1.0,0.0,
1648734159247966051,0.680541992188,0.150512695312,0.709167480469,-0.105773925781,8063.0,556.0,-539.0,16.0,-2.0,2.0,
1648734159252434015,0.680725097656,0.151123046875,0.708801269531,-0.1064453125,8054.0,535.0,-532.0,14.0,-3.0,2.0,
1648734159257385969,0.680908203125,0.151550292969,0.708374023438,-0.107055664062,8036.0,525.0,-526.0,13.0,-4.0,2.0,
1648734159262019634,0.68115234375,0.151977539062,0.7080078125,-0.107666015625,8023.0,542.0,-551.0,11.0,-3.0,3.0,
1648734159266523838,0.681274414062,0.15234375,0.707702636719,-0.108215332031,8028.0,590.0,-557.0,10.0,-2.0,3.0,
1648734159273195505,0.681335449219,0.15283203125,0.707458496094,-0.108764648438,7994.0,612.0,-532.0,11.0,0.0,2.0,
1648734159277933359,0.681335449219,0.153259277344,0.707275390625,-0.109252929688,7950.0,609.0,-506.0,11.0,1.0,1.0,
1648734159282563686,0.681274414062,0.153686523438,0.707153320312,-0.109802246094,7961.0,616.0,-453.0,10.0,2.0,1.0,
1648734159287093877,0.68115234375,0.154052734375,0.707153320312,-0.110290527344,8010.0,641.0,-373.0,9.0,3.0,1.0,
1648734159291758060,0.681030273438,0.154357910156,0.707153320312,-0.110656738281,8030.0,674.0,-292.0,7.0,1.0,1.0,
1648734159297253608,0.681030273438,0.154602050781,0.707092285156,-0.110900878906,8017.0,695.0,-212.0,5.0,0.0,1.0,
1648734159303610563,0.681030273438,0.154724121094,0.70703125,-0.111083984375,7985.0,729.0,-135.0,3.0,-1.0,1.0,
1648734159308233499,0.680969238281,0.154846191406,0.70703125,-0.111206054688,7950.0,792.0,-89.0,2.0,0.0,1.0,
1648734159312793493,0.680847167969,0.154968261719,0.707092285156,-0.111145019531,7899.0,884.0,-94.0,0.0,1.0,0.0,
1648734159318260908,0.6806640625,0.155151367188,0.707214355469,-0.111083984375,7827.0,956.0,-143.0,1.0,4.0,-1.0,
1648734159324754476,0.680358886719,0.155517578125,0.707458496094,-0.111022949219,7788.0,982.0,-167.0,3.0,7.0,-3.0,
1648734159328791379,0.679870605469,0.156005859375,0.707824707031,-0.111083984375,7817.0,974.0,-175.0,5.0,11.0,-5.0,
1648734159333829402,0.679260253906,0.156494140625,0.708312988281,-0.111145019531,7880.0,959.0,-159.0,6.0,12.0,-6.0,
1648734159338274717,0.678649902344,0.156921386719,0.708740234375,-0.111206054688,7917.0,936.0,-119.0,5.0,12.0,-6.0,
1648734159342741250,0.678100585938,0.157287597656,0.709228515625,-0.111206054688,7907.0,913.0,-84.0,3.0,11.0,-6.0,
1648734159347387552,0.677551269531,0.157592773438,0.709655761719,-0.111083984375,7920.0,899.0,-33.0,1.0,11.0,-6.0,
1648734159352102518,0.676940917969,0.157775878906,0.710266113281,-0.110900878906,7965.0,879.0,1.0,-1.0,12.0,-6.0,
1648734159356716394,0.676391601562,0.157836914062,0.710754394531,-0.110778808594,8004.0,864.0,36.0,-2.0,12.0,-5.0,
1648734159361479997,0.675964355469,0.157897949219,0.711242675781,-0.110534667969,8035.0,861.0,83.0,-2.0,10.0,-5.0,
1648734159369127511,0.675476074219,0.158020019531,0.711669921875,-0.1103515625,8071.0,858.0,140.0,-2.0,9.0,-5.0,
1648734159373010396,0.674987792969,0.158081054688,0.712158203125,-0.110168457031,8104.0,862.0,162.0,-2.0,9.0,-5.0,
1648734159377684831,0.674621582031,0.158203125,0.712524414062,-0.109985351562,8139.0,851.0,190.0,-2.0,8.0,-5.0,
1648734159382188796,0.674255371094,0.158325195312,0.712890625,-0.10986328125,8175.0,825.0,195.0,-1.0,7.0,-4.0,
1648734159386712551,0.674011230469,0.158386230469,0.713073730469,-0.109741210938,8202.0,792.0,209.0,-1.0,5.0,-4.0,
1648734159391418457,0.673889160156,0.158447265625,0.713195800781,-0.109680175781,8230.0,750.0,221.0,-1.0,3.0,-3.0,
1648734159398143291,0.673767089844,0.158447265625,0.713317871094,-0.109680175781,8264.0,714.0,225.0,-1.0,1.0,-2.0,
1648734159402905941,0.673767089844,0.158447265625,0.713317871094,-0.109741210938,8327.0,686.0,239.0,0.0,1.0,0.0,
1648734159408670902,0.673767089844,0.158386230469,0.713317871094,-0.109802246094,8393.0,679.0,261.0,0.0,-1.0,0.0,
1648734159412177801,0.673828125,0.158386230469,0.713256835938,-0.109924316406,8451.0,676.0,293.0,1.0,-1.0,1.0,
1648734159416770219,0.673950195312,0.158447265625,0.713073730469,-0.110046386719,8508.0,669.0,338.0,2.0,-4.0,1.0,
1648734159421294450,0.674377441406,0.158569335938,0.712646484375,-0.110168457031,8567.0,695.0,359.0,2.0,-11.0,2.0,
1648734159427492618,0.675109863281,0.15869140625,0.711853027344,-0.110290527344,8610.0,761.0,382.0,3.0,-18.0,3.0,
1648734159435727834,0.676086425781,0.158935546875,0.710876464844,-0.110534667969,8606.0,832.0,420.0,5.0,-23.0,5.0,
1648734159440367698,0.67724609375,0.159240722656,0.709655761719,-0.110778808594,8602.0,867.0,476.0,7.0,-29.0,6.0,
1648734159445038318,0.678588867188,0.159545898438,0.708251953125,-0.111145019531,8609.0,877.0,509.0,8.0,-33.0,8.0,
1648734159449713230,0.680053710938,0.159729003906,0.706726074219,-0.111511230469,8614.0,896.0,534.0,8.0,-36.0,9.0,
1648734159454237699,0.681640625,0.159973144531,0.705078125,-0.111938476562,8569.0,926.0,557.0,8.0,-38.0,11.0,
1648734159458970308,0.683227539062,0.16015625,0.703430175781,-0.112426757812,8473.0,958.0,580.0,9.0,-39.0,12.0,
1648734159463418722,0.684692382812,0.160400390625,0.701843261719,-0.112915039062,8356.0,973.0,597.0,9.0,-36.0,12.0,
1648734159467968940,0.68603515625,0.160583496094,0.700439453125,-0.113525390625,8228.0,974.0,585.0,10.0,-33.0,13.0,
1648734159472387552,0.687133789062,0.160766601562,0.69921875,-0.114196777344,8085.0,956.0,567.0,11.0,-28.0,12.0,
1648734159477668762,0.68798828125,0.161010742188,0.698181152344,-0.114868164062,7930.0,931.0,543.0,11.0,-23.0,11.0,
1648734159492426395,0.688659667969,0.161254882812,0.697326660156,-0.115539550781,7768.0,895.0,536.0,11.0,-18.0,9.0,
1648734159493222713,0.689147949219,0.161499023438,0.69677734375,-0.116149902344,7615.0,860.0,491.0,10.0,-13.0,7.0,
1648734159493939638,0.689514160156,0.161743164062,0.696228027344,-0.116516113281,7486.0,829.0,413.0,8.0,-11.0,4.0,
1648734159505818128,0.689819335938,0.161987304688,0.695861816406,-0.116760253906,7374.0,784.0,313.0,6.0,-9.0,2.0,
1648734159506356954,0.690002441406,0.162353515625,0.695556640625,-0.116882324219,7271.0,716.0,234.0,5.0,-6.0,-2.0,
1648734159507227897,0.690002441406,0.162658691406,0.695495605469,-0.116821289062,7189.0,659.0,119.0,2.0,-1.0,-5.0,
1648734159511873722,0.689819335938,0.162902832031,0.695678710938,-0.116638183594,7173.0,618.0,-45.0,0.0,5.0,-7.0,
1648734159517455101,0.689453125,0.163146972656,0.695983886719,-0.116333007812,7219.0,586.0,-204.0,-1.0,9.0,-8.0,
1648734159521406173,0.68896484375,0.163452148438,0.696472167969,-0.116088867188,7291.0,552.0,-374.0,-1.0,13.0,-10.0,
1648734159526335239,0.688415527344,0.163757324219,0.696960449219,-0.115783691406,7392.0,523.0,-512.0,-1.0,15.0,-10.0,
1648734159538566350,0.687133789062,0.164489746094,0.698120117188,-0.115417480469,7667.0,506.0,-717.0,1.0,17.0,-10.0,
1648734159543248414,0.686584472656,0.164855957031,0.698608398438,-0.115295410156,7826.0,529.0,-764.0,2.0,15.0,-9.0,
1648734159548032760,0.686218261719,0.165283203125,0.698913574219,-0.115173339844,7971.0,577.0,-769.0,3.0,10.0,-8.0,
1648734159552838087,0.685974121094,0.165649414062,0.699035644531,-0.115173339844,8109.0,635.0,-739.0,4.0,6.0,-5.0,
1648734159557205200,0.685913085938,0.166015625,0.699035644531,-0.115173339844,8219.0,665.0,-659.0,3.0,2.0,-3.0,
1648734159562313556,0.685974121094,0.166198730469,0.698852539062,-0.115173339844,8274.0,672.0,-583.0,2.0,-2.0,-1.0,
1648734159566580057,0.686279296875,0.166137695312,0.698608398438,-0.115112304688,8254.0,716.0,-550.0,-1.0,-6.0,1.0,
1648734159573029279,0.686584472656,0.166137695312,0.698303222656,-0.114990234375,8202.0,781.0,-537.0,-2.0,-7.0,1.0,
1648734159577878236,0.686889648438,0.166259765625,0.698059082031,-0.114807128906,8129.0,805.0,-516.0,-2.0,-5.0,-1.0,
1648734159582151889,0.686950683594,0.166381835938,0.697998046875,-0.114562988281,8064.0,788.0,-495.0,-1.0,-2.0,-3.0,
1648734159587209224,0.686950683594,0.166564941406,0.697998046875,-0.114379882812,8054.0,778.0,-470.0,-1.0,1.0,-4.0,
1648734159591634273,0.686889648438,0.166687011719,0.698059082031,-0.114074707031,8046.0,780.0,-459.0,-2.0,2.0,-5.0,
1648734159596317529,0.686767578125,0.166870117188,0.698181152344,-0.113830566406,7977.0,779.0,-451.0,-2.0,2.0,-5.0,
1648734159600915908,0.686584472656,0.167053222656,0.698364257812,-0.113525390625,7948.0,773.0,-428.0,-2.0,4.0,-6.0,
1648734159607915401,0.686279296875,0.167175292969,0.698669433594,-0.11328125,7963.0,768.0,-404.0,-2.0,7.0,-5.0,
1648734159612659454,0.685974121094,0.167297363281,0.698974609375,-0.113098144531,7958.0,770.0,-357.0,-2.0,7.0,-5.0,
1648734159617254495,0.685729980469,0.167358398438,0.699279785156,-0.112854003906,7951.0,778.0,-308.0,-3.0,6.0,-5.0,
1648734159622489690,0.685424804688,0.167419433594,0.699584960938,-0.112609863281,7948.0,791.0,-298.0,-3.0,5.0,-4.0,
1648734159626229047,0.685180664062,0.16748046875,0.699829101562,-0.112365722656,7917.0,808.0,-274.0,-2.0,5.0,-5.0,
1648734159631831645,0.684936523438,0.167724609375,0.700073242188,-0.112060546875,7832.0,772.0,-245.0,-2.0,5.0,-6.0,
1648734159638018131,0.684692382812,0.167846679688,0.700317382812,-0.111755371094,7811.0,700.0,-229.0,-3.0,5.0,-7.0,
1648734159642489671,0.684326171875,0.167724609375,0.700744628906,-0.111511230469,7884.0,693.0,-257.0,-5.0,8.0,-5.0,
1648734159647467613,0.68408203125,0.167541503906,0.701110839844,-0.111083984375,7892.0,740.0,-292.0,-8.0,7.0,-4.0,
1648734159651813268,0.684020996094,0.167419433594,0.701293945312,-0.110534667969,7863.0,775.0,-332.0,-9.0,4.0,-5.0,
1648734159657212018,0.683898925781,0.167358398438,0.701538085938,-0.109924316406,7853.0,777.0,-369.0,-9.0,4.0,-6.0,
1648734159661285161,0.683715820312,0.167236328125,0.701782226562,-0.109375,7863.0,769.0,-406.0,-9.0,5.0,-7.0,
1648734159668556451,0.68359375,0.167175292969,0.702087402344,-0.108764648438,7848.0,769.0,-427.0,-9.0,6.0,-7.0,
1648734159672523498,0.683410644531,0.167053222656,0.702331542969,-0.108154296875,7827.0,790.0,-417.0,-9.0,5.0,-7.0,
1648734159676829099,0.683288574219,0.167053222656,0.702514648438,-0.107543945312,7888.0,831.0,-363.0,-8.0,4.0,-7.0,
1648734159682019233,0.683227539062,0.1669921875,0.702697753906,-0.10693359375,7984.0,873.0,-311.0,-8.0,1.0,-6.0,
1648734159686240911,0.683410644531,0.1669921875,0.702575683594,-0.1064453125,8028.0,900.0,-240.0,-7.0,-4.0,-5.0,
1648734159692411422,0.683715820312,0.167053222656,0.702392578125,-0.105895996094,8035.0,929.0,-168.0,-6.0,-8.0,-5.0,
1648734159698461294,0.684020996094,0.167114257812,0.702087402344,-0.105407714844,8042.0,955.0,-104.0,-5.0,-9.0,-4.0,
1648734159704010725,0.684326171875,0.167236328125,0.701904296875,-0.105041503906,8052.0,970.0,-46.0,-4.0,-8.0,-4.0,
1648734159707958221,0.6845703125,0.167358398438,0.70166015625,-0.104614257812,8083.0,976.0,13.0,-3.0,-8.0,-5.0,
1648734159713609933,0.684814453125,0.167541503906,0.701416015625,-0.104187011719,8131.0,987.0,71.0,-4.0,-9.0,-5.0,
1648734159717115640,0.685119628906,0.167663574219,0.701171875,-0.103637695312,8165.0,999.0,106.0,-5.0,-10.0,-6.0,
1648734159722701549,0.685485839844,0.167724609375,0.700927734375,-0.10302734375,8179.0,1012.0,119.0,-6.0,-10.0,-6.0,
1648734159726998090,0.685852050781,0.167846679688,0.700622558594,-0.102355957031,8191.0,1010.0,108.0,-6.0,-11.0,-7.0,
1648734159736295223,0.686279296875,0.16796875,0.700317382812,-0.101684570312,8201.0,1012.0,104.0,-7.0,-11.0,-7.0,
1648734159741459131,0.686645507812,0.16796875,0.699951171875,-0.101013183594,8196.0,1032.0,96.0,-7.0,-11.0,-6.0,
1648734159745573043,0.687072753906,0.168029785156,0.699645996094,-0.100341796875,8203.0,1068.0,98.0,-8.0,-11.0,-6.0,
1648734159751289606,0.687438964844,0.168029785156,0.699462890625,-0.0996704101562,8200.0,1095.0,92.0,-8.0,-9.0,-5.0,
1648734159755046367,0.687744140625,0.16796875,0.69921875,-0.0989990234375,8157.0,1107.0,91.0,-8.0,-8.0,-5.0,
1648734159759930133,0.687927246094,0.167907714844,0.699096679688,-0.0983276367188,8105.0,1107.0,62.0,-9.0,-7.0,-5.0,
1648734159764924526,0.688110351562,0.167846679688,0.699096679688,-0.09765625,8054.0,1117.0,23.0,-9.0,-4.0,-6.0,
