1647440533845585107,0.760498046875,0.42919921875,0.459594726562,-0.161560058594,6369.0,1523.0,-4121.0,2.0,-7.0,19.0,
1647440533850344181,0.761047363281,0.428466796875,0.459167480469,-0.162109375,6241.0,1461.0,-4094.0,2.0,-3.0,19.0,
1647440533854896068,0.761535644531,0.427734375,0.458862304688,-0.162719726562,6131.0,1410.0,-4073.0,2.0,0.0,18.0,
1647440533859518766,0.761840820312,0.427001953125,0.458801269531,-0.163391113281,6080.0,1379.0,-4068.0,2.0,4.0,17.0,
1647440533869388818,0.762084960938,0.42626953125,0.458862304688,-0.164001464844,6066.0,1352.0,-4076.0,1.0,7.0,15.0,
1647440533871211290,0.76220703125,0.425476074219,0.459106445312,-0.164611816406,6075.0,1330.0,-4103.0,0.0,9.0,14.0,
1647440533876289844,0.762268066406,0.4248046875,0.459411621094,-0.165283203125,6121.0,1327.0,-4144.0,0.0,11.0,13.0,
1647440533880601167,0.762268066406,0.424072265625,0.459838867188,-0.165893554688,6199.0,1347.0,-4209.0,-1.0,12.0,13.0,
1647440533885480880,0.762268066406,0.423461914062,0.460205078125,-0.166442871094,6292.0,1376.0,-4288.0,-1.0,12.0,12.0,
1647440533890140533,0.762268066406,0.422790527344,0.460632324219,-0.166931152344,6345.0,1398.0,-4375.0,-1.0,11.0,11.0,
1647440533894982814,0.762329101562,0.422241210938,0.4609375,-0.167419433594,6394.0,1425.0,-4461.0,-1.0,11.0,11.0,
1647440533899505615,0.762329101562,0.421691894531,0.461242675781,-0.167907714844,6475.0,1450.0,-4522.0,0.0,11.0,11.0,
1647440533904334306,0.762329101562,0.421142578125,0.461547851562,-0.168395996094,6594.0,1469.0,-4552.0,0.0,10.0,11.0,
1647440533911328792,0.762390136719,0.420593261719,0.461791992188,-0.168884277344,6706.0,1466.0,-4547.0,1.0,8.0,11.0,
1647440533915921688,0.762512207031,0.420104980469,0.4619140625,-0.169372558594,6776.0,1441.0,-4487.0,1.0,5.0,11.0,
1647440533920785188,0.7626953125,0.419555664062,0.4619140625,-0.169860839844,6798.0,1383.0,-4423.0,2.0,2.0,12.0,
1647440533925292253,0.762939453125,0.419006347656,0.461791992188,-0.170349121094,6792.0,1302.0,-4347.0,2.0,1.0,12.0,
1647440533930093288,0.76318359375,0.41845703125,0.461669921875,-0.170959472656,6765.0,1219.0,-4280.0,2.0,1.0,13.0,
1647440533935090065,0.763427734375,0.417785644531,0.461608886719,-0.171508789062,6735.0,1144.0,-4213.0,2.0,3.0,13.0,
1647440533939938545,0.763610839844,0.417175292969,0.461669921875,-0.172180175781,6716.0,1087.0,-4158.0,1.0,5.0,13.0,
1647440533944408893,0.763732910156,0.41650390625,0.461853027344,-0.1728515625,6720.0,1048.0,-4106.0,1.0,7.0,12.0,
1647440533949120521,0.763732910156,0.415832519531,0.462097167969,-0.173522949219,6748.0,1024.0,-4074.0,1.0,8.0,12.0,
1647440533956019878,0.763732910156,0.415222167969,0.46240234375,-0.174255371094,6806.0,1011.0,-4060.0,1.0,9.0,12.0,
1647440533961100101,0.763793945312,0.41455078125,0.462707519531,-0.174987792969,6868.0,997.0,-4073.0,1.0,9.0,12.0,
1647440533968315839,0.763793945312,0.413940429688,0.462951660156,-0.175659179688,6920.0,999.0,-4106.0,2.0,8.0,11.0,
1647440533972862243,0.763854980469,0.413452148438,0.463073730469,-0.17626953125,6978.0,1005.0,-4134.0,2.0,7.0,11.0,
1647440533977479457,0.763916015625,0.412963867188,0.463195800781,-0.176940917969,7050.0,1019.0,-4146.0,3.0,6.0,11.0,
1647440533982164144,0.763977050781,0.412475585938,0.463256835938,-0.177551269531,7105.0,1026.0,-4140.0,4.0,4.0,11.0,
1647440533986951589,0.764099121094,0.412048339844,0.463195800781,-0.178161621094,7125.0,1015.0,-4122.0,4.0,2.0,11.0,
1647440533993971347,0.764282226562,0.411682128906,0.462951660156,-0.178771972656,7122.0,989.0,-4105.0,5.0,0.0,11.0,
1647440533996474981,0.764526367188,0.411315917969,0.462646484375,-0.179321289062,7090.0,949.0,-4109.0,5.0,-2.0,11.0,
1647440534001479864,0.764892578125,0.410949707031,0.462280273438,-0.179870605469,7026.0,906.0,-4128.0,5.0,-3.0,11.0,
1647440534006455183,0.765258789062,0.410522460938,0.461791992188,-0.180358886719,6949.0,870.0,-4151.0,5.0,-4.0,12.0,
1647440534010911941,0.765625,0.41015625,0.461364746094,-0.180847167969,6873.0,838.0,-4186.0,4.0,-3.0,12.0,
1647440534015657663,0.765930175781,0.409729003906,0.460998535156,-0.181335449219,6822.0,822.0,-4221.0,3.0,-2.0,11.0,
1647440534020272493,0.766235351562,0.409301757812,0.460693359375,-0.181762695312,6783.0,821.0,-4255.0,3.0,0.0,11.0,
1647440534025238752,0.766418457031,0.408935546875,0.460571289062,-0.182189941406,6772.0,838.0,-4283.0,2.0,1.0,10.0,
1647440534031583309,0.766540527344,0.408569335938,0.460510253906,-0.182556152344,6779.0,871.0,-4315.0,2.0,3.0,9.0,
1647440534034664630,0.766662597656,0.408203125,0.46044921875,-0.182922363281,6795.0,898.0,-4354.0,1.0,3.0,8.0,
1647440534039747476,0.766723632812,0.407897949219,0.460510253906,-0.183227539062,6819.0,919.0,-4385.0,1.0,4.0,7.0,
1647440534046602010,0.766784667969,0.407592773438,0.460571289062,-0.183471679688,6852.0,937.0,-4416.0,1.0,4.0,6.0,
1647440534051290512,0.766906738281,0.407348632812,0.460571289062,-0.183715820312,6919.0,965.0,-4445.0,0.0,3.0,6.0,
1647440534056490898,0.766967773438,0.407043457031,0.460571289062,-0.183959960938,6985.0,993.0,-4460.0,1.0,2.0,6.0,
1647440534060463905,0.767150878906,0.406799316406,0.46044921875,-0.18408203125,7040.0,1012.0,-4459.0,1.0,-1.0,6.0,
1647440534070197105,0.767333984375,0.406616210938,0.460205078125,-0.184265136719,7063.0,999.0,-4438.0,1.0,-3.0,6.0,
1647440534102294921,0.767639160156,0.406433105469,0.459899902344,-0.184387207031,7042.0,960.0,-4407.0,1.0,-5.0,7.0,
1647440534102955818,0.768005371094,0.406188964844,0.459411621094,-0.184509277344,6994.0,898.0,-4373.0,2.0,-7.0,7.0,
1647440534103795528,0.768371582031,0.405944824219,0.458862304688,-0.184692382812,6910.0,838.0,-4343.0,1.0,-8.0,7.0,
1647440534104537963,0.768798828125,0.405700683594,0.458374023438,-0.184814453125,6843.0,791.0,-4307.0,1.0,-7.0,8.0,
1647440534105171203,0.769165039062,0.405395507812,0.457946777344,-0.184936523438,6795.0,751.0,-4281.0,0.0,-6.0,7.0,
1647440534105374813,0.76953125,0.405090332031,0.457580566406,-0.18505859375,6740.0,724.0,-4264.0,0.0,-5.0,7.0,
1647440534105625629,0.769897460938,0.40478515625,0.457275390625,-0.185119628906,6684.0,703.0,-4252.0,0.0,-5.0,7.0,
1647440534109574317,0.770141601562,0.404541015625,0.456970214844,-0.185241699219,6657.0,704.0,-4251.0,-1.0,-4.0,6.0,
1647440534110602140,0.770385742188,0.404296875,0.456726074219,-0.185302734375,6642.0,720.0,-4249.0,-1.0,-3.0,6.0,
1647440534114128112,0.770629882812,0.404052734375,0.45654296875,-0.185302734375,6623.0,741.0,-4255.0,-1.0,-2.0,5.0,
1647440534118976354,0.770751953125,0.403930664062,0.456420898438,-0.185363769531,6599.0,770.0,-4254.0,-1.0,-2.0,4.0,
1647440534123762130,0.770935058594,0.403747558594,0.456298828125,-0.185424804688,6569.0,802.0,-4236.0,0.0,-1.0,4.0,
1647440534130680322,0.77099609375,0.403625488281,0.456237792969,-0.185485839844,6531.0,821.0,-4213.0,0.0,0.0,4.0,
1647440534140159845,0.771118164062,0.403442382812,0.456176757812,-0.185668945312,6485.0,821.0,-4175.0,1.0,1.0,5.0,
1647440534140893459,0.771179199219,0.403198242188,0.456176757812,-0.185913085938,6427.0,818.0,-4143.0,1.0,2.0,5.0,
1647440534144534587,0.771179199219,0.402954101562,0.456298828125,-0.186157226562,6403.0,810.0,-4121.0,1.0,4.0,5.0,
1647440534149032115,0.771057128906,0.402709960938,0.45654296875,-0.1865234375,6429.0,808.0,-4097.0,0.0,7.0,5.0,
1647440534153623342,0.770935058594,0.402404785156,0.456909179688,-0.186828613281,6490.0,794.0,-4086.0,0.0,9.0,4.0,
1647440534160583972,0.770751953125,0.402099609375,0.457336425781,-0.187255859375,6553.0,761.0,-4082.0,0.0,10.0,4.0,
1647440534165196180,0.770568847656,0.401733398438,0.457763671875,-0.187683105469,6618.0,724.0,-4080.0,0.0,10.0,4.0,
1647440534171561956,0.770385742188,0.401428222656,0.458129882812,-0.188110351562,6694.0,689.0,-4073.0,0.0,9.0,4.0,
1647440534176361322,0.770202636719,0.401123046875,0.45849609375,-0.188598632812,6774.0,653.0,-4069.0,1.0,9.0,5.0,
1647440534181079387,0.770141601562,0.400756835938,0.458801269531,-0.189086914062,6845.0,619.0,-4093.0,1.0,7.0,5.0,
1647440534185966253,0.770080566406,0.400390625,0.458984375,-0.189514160156,6912.0,585.0,-4118.0,1.0,6.0,6.0,
1647440534191209793,0.770080566406,0.400085449219,0.459106445312,-0.190002441406,6973.0,557.0,-4158.0,1.0,5.0,6.0,
1647440534195702314,0.770080566406,0.399719238281,0.459167480469,-0.1904296875,7037.0,535.0,-4194.0,2.0,4.0,6.0,
1647440534200219631,0.770141601562,0.399475097656,0.459167480469,-0.190795898438,7082.0,515.0,-4236.0,2.0,2.0,6.0,
1647440534205017566,0.770263671875,0.399169921875,0.459045410156,-0.191162109375,7102.0,505.0,-4290.0,1.0,1.0,6.0,
1647440534209696531,0.770446777344,0.39892578125,0.458862304688,-0.19140625,7086.0,491.0,-4330.0,1.0,-1.0,6.0,
1647440534215484857,0.770690917969,0.398681640625,0.458557128906,-0.191589355469,7039.0,476.0,-4372.0,1.0,-2.0,5.0,
1647440534218964815,0.770935058594,0.398498535156,0.458251953125,-0.191711425781,6984.0,464.0,-4406.0,0.0,-3.0,5.0,
1647440534223851442,0.771179199219,0.398315429688,0.4580078125,-0.191772460938,6939.0,453.0,-4431.0,0.0,-3.0,4.0,
1647440534228727102,0.771423339844,0.398193359375,0.457763671875,-0.191772460938,6890.0,446.0,-4455.0,-1.0,-3.0,3.0,
1647440534236691236,0.771667480469,0.398010253906,0.45751953125,-0.191711425781,6821.0,432.0,-4478.0,-2.0,-3.0,3.0,
1647440534248730897,0.771850585938,0.397888183594,0.457275390625,-0.191589355469,6740.0,414.0,-4495.0,-3.0,-3.0,3.0,
1647440534249299049,0.772094726562,0.397705078125,0.457092285156,-0.191528320312,6679.0,411.0,-4499.0,-3.0,-1.0,3.0,
1647440534261799097,0.772277832031,0.3974609375,0.45703125,-0.191467285156,6635.0,407.0,-4490.0,-3.0,0.0,3.0,
1647440534263054370,0.772399902344,0.397216796875,0.45703125,-0.191467285156,6603.0,409.0,-4485.0,-3.0,1.0,3.0,
1647440534263376474,0.772521972656,0.397033691406,0.45703125,-0.19140625,6569.0,419.0,-4464.0,-3.0,2.0,2.0,
1647440534266089677,0.772521972656,0.396789550781,0.457153320312,-0.19140625,6557.0,442.0,-4431.0,-3.0,3.0,2.0,
1647440534271853685,0.772521972656,0.396606445312,0.457275390625,-0.191467285156,6595.0,472.0,-4397.0,-3.0,4.0,2.0,
1647440534278306245,0.772521972656,0.396423339844,0.45751953125,-0.191467285156,6648.0,495.0,-4363.0,-2.0,4.0,1.0,
1647440534284814119,0.772399902344,0.396179199219,0.457824707031,-0.191589355469,6756.0,525.0,-4319.0,-2.0,3.0,1.0,
1647440534291163682,0.772399902344,0.396057128906,0.457946777344,-0.191650390625,6799.0,539.0,-4302.0,-1.0,2.0,1.0,
1647440534295775175,0.772399902344,0.395935058594,0.4580078125,-0.191711425781,6836.0,548.0,-4278.0,-1.0,1.0,1.0,
1647440534300030708,0.772399902344,0.395812988281,0.458068847656,-0.191772460938,6863.0,547.0,-4270.0,-1.0,1.0,2.0,
1647440534304735898,0.7724609375,0.395690917969,0.458068847656,-0.19189453125,6886.0,544.0,-4264.0,-1.0,0.0,2.0,
1647440534309401512,0.772521972656,0.395568847656,0.458068847656,-0.191955566406,6893.0,549.0,-4269.0,-1.0,0.0,2.0,
1647440534314293146,0.772583007812,0.395446777344,0.4580078125,-0.191955566406,6887.0,543.0,-4276.0,-1.0,0.0,2.0,
1647440534318961858,0.772705078125,0.395263671875,0.4580078125,-0.191955566406,6885.0,535.0,-4275.0,-2.0,0.0,2.0,
1647440534323828458,0.772766113281,0.395141601562,0.4580078125,-0.191955566406,6885.0,527.0,-4281.0,-2.0,0.0,2.0,
1647440534328449249,0.772888183594,0.394958496094,0.4580078125,-0.19189453125,6887.0,513.0,-4282.0,-3.0,0.0,2.0,
1647440534335670471,0.77294921875,0.394775390625,0.4580078125,-0.191833496094,6882.0,496.0,-4276.0,-3.0,0.0,1.0,
1647440534340211153,0.773071289062,0.394592285156,0.4580078125,-0.191711425781,6862.0,482.0,-4267.0,-4.0,-1.0,1.0,
1647440534344668865,0.773193359375,0.394409179688,0.458068847656,-0.191528320312,6829.0,475.0,-4254.0,-5.0,0.0,1.0,
1647440534349830627,0.773315429688,0.394226074219,0.458129882812,-0.19140625,6783.0,475.0,-4244.0,-5.0,0.0,1.0,
1647440534353923797,0.773376464844,0.39404296875,0.458251953125,-0.191162109375,6750.0,482.0,-4236.0,-6.0,1.0,1.0,
1647440534358907938,0.7734375,0.393798828125,0.458435058594,-0.19091796875,6742.0,494.0,-4224.0,-6.0,1.0,1.0,
1647440534363584280,0.773498535156,0.3935546875,0.458618164062,-0.190673828125,6738.0,505.0,-4227.0,-7.0,1.0,1.0,
1647440534370698451,0.773620605469,0.393371582031,0.458801269531,-0.190368652344,6736.0,523.0,-4239.0,-7.0,1.0,0.0,
1647440534377808094,0.773681640625,0.393127441406,0.458984375,-0.190063476562,6737.0,537.0,-4256.0,-7.0,1.0,0.0,
1647440534383196115,0.773742675781,0.392944335938,0.459106445312,-0.189758300781,6730.0,545.0,-4264.0,-7.0,1.0,0.0,
1647440534387528657,0.773864746094,0.392761230469,0.459289550781,-0.189392089844,6706.0,535.0,-4265.0,-7.0,0.0,0.0,
1647440534392116069,0.77392578125,0.392578125,0.459411621094,-0.189147949219,6669.0,524.0,-4247.0,-7.0,1.0,0.0,
1647440534396761894,0.773986816406,0.392333984375,0.459594726562,-0.188903808594,6625.0,519.0,-4218.0,-7.0,1.0,0.0,
1647440534401089429,0.774047851562,0.392150878906,0.459777832031,-0.188720703125,6606.0,513.0,-4188.0,-6.0,2.0,0.0,
1647440534405819416,0.774047851562,0.391906738281,0.460021972656,-0.188537597656,6607.0,525.0,-4154.0,-6.0,3.0,0.0,
1647440534410377502,0.774047851562,0.3916015625,0.460388183594,-0.188415527344,6607.0,524.0,-4136.0,-6.0,4.0,1.0,
1647440534415393590,0.773986816406,0.391357421875,0.460693359375,-0.188354492188,6614.0,527.0,-4120.0,-6.0,5.0,1.0,
1647440534420100927,0.77392578125,0.391052246094,0.461059570312,-0.188293457031,6643.0,530.0,-4119.0,-6.0,6.0,1.0,
1647440534424884557,0.773864746094,0.390747070312,0.461486816406,-0.188232421875,6670.0,533.0,-4118.0,-6.0,6.0,2.0,
1647440534429674386,0.773803710938,0.390380859375,0.4619140625,-0.188232421875,6698.0,558.0,-4125.0,-6.0,6.0,2.0,
1647440534434989213,0.773681640625,0.390075683594,0.462341308594,-0.188110351562,6743.0,579.0,-4126.0,-6.0,6.0,2.0,
1647440534439416646,0.773620605469,0.389770507812,0.462707519531,-0.188049316406,6804.0,591.0,-4133.0,-6.0,6.0,1.0,
1647440534444009780,0.773620605469,0.389465332031,0.463073730469,-0.187927246094,6859.0,591.0,-4140.0,-6.0,4.0,1.0,
1647440534448613166,0.773620605469,0.389221191406,0.463317871094,-0.187805175781,6895.0,592.0,-4145.0,-6.0,3.0,1.0,
1647440534453251600,0.773681640625,0.388916015625,0.463562011719,-0.187622070312,6907.0,584.0,-4157.0,-6.0,2.0,1.0,
1647440534460421323,0.773742675781,0.388671875,0.463684082031,-0.187377929688,6906.0,583.0,-4163.0,-6.0,1.0,1.0,
1647440534464873075,0.773864746094,0.388488769531,0.463806152344,-0.187194824219,6880.0,567.0,-4163.0,-6.0,0.0,1.0,
1647440534469655275,0.773986816406,0.388244628906,0.4638671875,-0.18701171875,6826.0,548.0,-4160.0,-5.0,0.0,1.0,
1647440534476490259,0.774047851562,0.388000488281,0.463928222656,-0.186889648438,6740.0,523.0,-4138.0,-5.0,0.0,2.0,
1647440534484822273,0.774169921875,0.387817382812,0.464050292969,-0.186828613281,6654.0,503.0,-4098.0,-5.0,2.0,2.0,
1647440534486105918,0.774169921875,0.387512207031,0.464233398438,-0.186828613281,6592.0,484.0,-4061.0,-4.0,4.0,2.0,
1647440534491138935,0.774108886719,0.38720703125,0.464538574219,-0.186889648438,6542.0,471.0,-4033.0,-4.0,6.0,2.0,
1647440534495508432,0.773986816406,0.386901855469,0.464904785156,-0.186950683594,6510.0,469.0,-4014.0,-4.0,8.0,2.0,
1647440534500003814,0.773864746094,0.386596679688,0.465393066406,-0.187133789062,6513.0,484.0,-4010.0,-4.0,10.0,2.0,
1647440534504757404,0.773620605469,0.38623046875,0.466003417969,-0.187255859375,6555.0,507.0,-4008.0,-4.0,11.0,2.0,
1647440534509455204,0.773376464844,0.385925292969,0.466613769531,-0.187438964844,6625.0,537.0,-4021.0,-4.0,12.0,2.0,
1647440534514250516,0.773132324219,0.385620117188,0.467224121094,-0.187561035156,6717.0,556.0,-4028.0,-4.0,11.0,2.0,
1647440534519170522,0.772888183594,0.385314941406,0.4677734375,-0.187744140625,6809.0,580.0,-4034.0,-3.0,11.0,2.0,
1647440534523824691,0.772705078125,0.385009765625,0.468322753906,-0.187927246094,6889.0,611.0,-4035.0,-3.0,9.0,2.0,
1647440534528484344,0.772521972656,0.384765625,0.46875,-0.188110351562,6963.0,643.0,-4042.0,-2.0,8.0,2.0,
1647440534535616874,0.772338867188,0.384521484375,0.469116210938,-0.188232421875,7008.0,657.0,-4045.0,-2.0,7.0,3.0,
1647440534540429353,0.772277832031,0.38427734375,0.469421386719,-0.188415527344,7034.0,651.0,-4058.0,-2.0,6.0,3.0,
1647440534544861078,0.772216796875,0.384033203125,0.469665527344,-0.188537597656,7033.0,633.0,-4080.0,-2.0,5.0,3.0,
1647440534549656867,0.772216796875,0.383728027344,0.469848632812,-0.188598632812,7013.0,615.0,-4102.0,-3.0,4.0,3.0,
1647440534554178476,0.772216796875,0.383483886719,0.470031738281,-0.188659667969,6980.0,592.0,-4108.0,-3.0,4.0,2.0,
1647440534558617353,0.772216796875,0.383239746094,0.47021484375,-0.188659667969,6937.0,567.0,-4105.0,-4.0,4.0,2.0,
1647440534563379526,0.772216796875,0.382995605469,0.470458984375,-0.188659667969,6887.0,547.0,-4094.0,-4.0,5.0,1.0,
1647440534569142341,0.772155761719,0.382751464844,0.470764160156,-0.188659667969,6860.0,525.0,-4085.0,-5.0,6.0,1.0,
1647440534576050281,0.772033691406,0.382507324219,0.471130371094,-0.188659667969,6856.0,522.0,-4070.0,-5.0,7.0,0.0,
1647440534583011150,0.771911621094,0.382263183594,0.471557617188,-0.188598632812,6884.0,528.0,-4068.0,-5.0,7.0,0.0,
1647440534587810754,0.771789550781,0.382019042969,0.471984863281,-0.188537597656,6937.0,540.0,-4066.0,-5.0,7.0,0.0,
1647440534594553232,0.771545410156,0.381652832031,0.472778320312,-0.188415527344,7048.0,563.0,-4089.0,-5.0,6.0,-1.0,
1647440534600584030,0.771423339844,0.381469726562,0.47314453125,-0.188293457031,7094.0,576.0,-4103.0,-5.0,4.0,-1.0,
1647440534604980945,0.771362304688,0.38134765625,0.473388671875,-0.188171386719,7129.0,582.0,-4118.0,-5.0,4.0,-1.0,
1647440534609411001,0.771301269531,0.381225585938,0.4736328125,-0.18798828125,7148.0,585.0,-4129.0,-4.0,3.0,-1.0,
1647440534614976882,0.771301269531,0.381164550781,0.473754882812,-0.187866210938,7153.0,587.0,-4131.0,-4.0,2.0,-1.0,
1647440534619254112,0.771301269531,0.381042480469,0.473876953125,-0.187683105469,7137.0,590.0,-4130.0,-4.0,1.0,-1.0,
1647440534623967647,0.771362304688,0.380920410156,0.473937988281,-0.1875,7099.0,598.0,-4129.0,-4.0,0.0,-1.0,
1647440534628510713,0.771423339844,0.380859375,0.473999023438,-0.187316894531,7053.0,615.0,-4117.0,-4.0,0.0,-1.0,
1647440534633527994,0.771484375,0.380798339844,0.474060058594,-0.187133789062,7001.0,618.0,-4097.0,-4.0,0.0,0.0,
1647440534638066768,0.771545410156,0.380737304688,0.47412109375,-0.186950683594,6945.0,613.0,-4071.0,-4.0,0.0,0.0,
1647440534645267963,0.771545410156,0.380615234375,0.474182128906,-0.186828613281,6880.0,605.0,-4041.0,-3.0,0.0,0.0,
1647440534649904012,0.771545410156,0.380554199219,0.474243164062,-0.186706542969,6820.0,610.0,-4007.0,-3.0,1.0,-1.0,
1647440534654411315,0.771545410156,0.380493164062,0.474426269531,-0.186584472656,6777.0,615.0,-3972.0,-3.0,2.0,-1.0,
1647440534659190416,0.771484375,0.38037109375,0.474670410156,-0.186462402344,6746.0,612.0,-3947.0,-3.0,3.0,-1.0,
1647440534664067745,0.771362304688,0.380310058594,0.474914550781,-0.186401367188,6735.0,613.0,-3933.0,-4.0,4.0,-1.0,
1647440534668819904,0.771240234375,0.380187988281,0.475158691406,-0.186340332031,6736.0,625.0,-3932.0,-4.0,5.0,-1.0,
1647440534673383474,0.771179199219,0.380065917969,0.475463867188,-0.186218261719,6750.0,643.0,-3939.0,-4.0,5.0,-1.0,
1647440534683045625,0.771057128906,0.379943847656,0.475769042969,-0.186157226562,6795.0,665.0,-3954.0,-4.0,5.0,-1.0,
1647440534687296628,0.770935058594,0.3798828125,0.47607421875,-0.18603515625,6842.0,686.0,-3969.0,-4.0,4.0,-1.0,
1647440534692282199,0.770874023438,0.379821777344,0.476257324219,-0.185852050781,6879.0,698.0,-3987.0,-4.0,3.0,-1.0,
1647440534696936607,0.770874023438,0.379760742188,0.476440429688,-0.185668945312,6907.0,698.0,-4008.0,-4.0,1.0,-1.0,
1647440534701296091,0.770874023438,0.379699707031,0.4765625,-0.185424804688,6935.0,696.0,-4030.0,-4.0,1.0,-2.0,
1647440534706260442,0.770874023438,0.379638671875,0.476623535156,-0.185241699219,6946.0,693.0,-4049.0,-4.0,0.0,-2.0,
1647440534710783481,0.770935058594,0.379577636719,0.476745605469,-0.184997558594,6952.0,691.0,-4068.0,-4.0,0.0,-2.0,
1647440534715641021,0.770935058594,0.379577636719,0.476806640625,-0.184753417969,6961.0,682.0,-4073.0,-4.0,0.0,-2.0,
1647440534721507787,0.770935058594,0.379577636719,0.476928710938,-0.184509277344,6969.0,669.0,-4063.0,-4.0,0.0,-2.0,
1647440534725315570,0.77099609375,0.379516601562,0.476989746094,-0.184265136719,6972.0,668.0,-4049.0,-4.0,0.0,-2.0,
1647440534730041265,0.77099609375,0.379516601562,0.477111816406,-0.184020996094,6971.0,671.0,-4042.0,-4.0,0.0,-2.0,
1647440534734508752,0.77099609375,0.379455566406,0.477233886719,-0.183776855469,6946.0,671.0,-4030.0,-5.0,0.0,-2.0,
1647440534739469766,0.770935058594,0.379455566406,0.477355957031,-0.183532714844,6936.0,672.0,-4020.0,-4.0,1.0,-2.0,
1647440534744076967,0.770935058594,0.37939453125,0.4775390625,-0.183349609375,6933.0,682.0,-4016.0,-4.0,1.0,-2.0,
1647440534748360395,0.770935058594,0.379333496094,0.477661132812,-0.18310546875,6930.0,687.0,-4006.0,-4.0,1.0,-2.0,
1647440534753189325,0.770935058594,0.379272460938,0.477783203125,-0.182922363281,6937.0,694.0,-3998.0,-4.0,1.0,-2.0,
1647440534758133411,0.770935058594,0.379272460938,0.477905273438,-0.182739257812,6932.0,700.0,-3993.0,-4.0,0.0,-2.0,
1647440534765025854,0.770935058594,0.379211425781,0.47802734375,-0.182556152344,6923.0,701.0,-3989.0,-4.0,0.0,-2.0,
1647440534769594192,0.770935058594,0.379211425781,0.478088378906,-0.182312011719,6924.0,700.0,-3990.0,-4.0,0.0,-2.0,
1647440534775333404,0.770935058594,0.379150390625,0.478149414062,-0.18212890625,6938.0,703.0,-3995.0,-4.0,0.0,-2.0,
1647440534779396057,0.770935058594,0.379150390625,0.478210449219,-0.181945800781,6954.0,702.0,-3998.0,-4.0,0.0,-1.0,
1647440534785533666,0.77099609375,0.379089355469,0.478271484375,-0.181762695312,6962.0,711.0,-4002.0,-3.0,-1.0,-1.0,
1647440534790891408,0.771057128906,0.379089355469,0.478271484375,-0.181579589844,6971.0,714.0,-3997.0,-3.0,-2.0,-1.0,
1647440534795474290,0.771118164062,0.379089355469,0.478210449219,-0.181335449219,6961.0,710.0,-3991.0,-3.0,-2.0,-1.0,
1647440534800029516,0.771240234375,0.379028320312,0.478149414062,-0.18115234375,6938.0,700.0,-3968.0,-3.0,-3.0,-1.0,
1647440534804895162,0.771362304688,0.379028320312,0.478088378906,-0.180969238281,6902.0,683.0,-3958.0,-3.0,-3.0,-1.0,
1647440534809518337,0.771423339844,0.378967285156,0.47802734375,-0.180786132812,6863.0,662.0,-3952.0,-3.0,-2.0,-1.0,
1647440534814098119,0.771545410156,0.378845214844,0.477966308594,-0.180603027344,6832.0,636.0,-3945.0,-4.0,-2.0,0.0,
1647440534818915367,0.771606445312,0.378784179688,0.47802734375,-0.180419921875,6802.0,603.0,-3949.0,-4.0,-1.0,0.0,
1647440534823745965,0.771667480469,0.378601074219,0.478088378906,-0.180236816406,6775.0,570.0,-3941.0,-5.0,1.0,-1.0,
1647440534828477621,0.771728515625,0.378479003906,0.478210449219,-0.180114746094,6776.0,547.0,-3938.0,-5.0,2.0,-1.0,
1647440534832949876,0.771667480469,0.378234863281,0.478454589844,-0.179992675781,6781.0,525.0,-3933.0,-6.0,3.0,-1.0,
1647440534838034152,0.771667480469,0.378051757812,0.478698730469,-0.179870605469,6785.0,508.0,-3928.0,-6.0,3.0,-1.0,
1647440534845289707,0.771606445312,0.377868652344,0.47900390625,-0.179748535156,6793.0,502.0,-3917.0,-6.0,4.0,-1.0,
1647440534849701166,0.771545410156,0.377685546875,0.479309082031,-0.179626464844,6819.0,506.0,-3907.0,-6.0,4.0,-1.0,
1647440534854547023,0.771484375,0.377502441406,0.479614257812,-0.179504394531,6860.0,514.0,-3896.0,-5.0,4.0,-1.0,
1647440534859081268,0.771362304688,0.377380371094,0.479919433594,-0.179382324219,6910.0,522.0,-3891.0,-5.0,4.0,-2.0,
1647440534863807678,0.771240234375,0.377258300781,0.480224609375,-0.179260253906,6971.0,537.0,-3880.0,-4.0,3.0,-2.0,
1647440534868438720,0.771179199219,0.377136230469,0.48046875,-0.179138183594,7026.0,550.0,-3878.0,-4.0,3.0,-2.0,
1647440534873952150,0.771057128906,0.377136230469,0.480712890625,-0.179077148438,7088.0,559.0,-3876.0,-3.0,2.0,-2.0,
1647440534888261795,0.77099609375,0.377075195312,0.480834960938,-0.179016113281,7136.0,570.0,-3875.0,-3.0,1.0,-2.0,
1647440534892418146,0.77099609375,0.377014160156,0.48095703125,-0.178833007812,7168.0,590.0,-3893.0,-2.0,-1.0,-1.0,
1647440534902066230,0.771118164062,0.377014160156,0.480834960938,-0.178649902344,7155.0,599.0,-3920.0,-2.0,-2.0,-1.0,
1647440534906812667,0.771240234375,0.377014160156,0.480773925781,-0.178527832031,7139.0,598.0,-3945.0,-2.0,-2.0,-1.0,
1647440534911232233,0.771301269531,0.377014160156,0.480651855469,-0.178344726562,7114.0,603.0,-3974.0,-2.0,-3.0,-1.0,
1647440534916124343,0.771423339844,0.377014160156,0.480529785156,-0.178161621094,7082.0,611.0,-3989.0,-2.0,-3.0,-1.0,
1647440534920969247,0.771545410156,0.377014160156,0.480407714844,-0.177978515625,7028.0,617.0,-4004.0,-3.0,-3.0,-1.0,
1647440534925584316,0.771667480469,0.377014160156,0.480285644531,-0.177795410156,6983.0,619.0,-4012.0,-3.0,-3.0,-1.0,
1647440534930233955,0.771789550781,0.377014160156,0.480163574219,-0.177673339844,6950.0,627.0,-4013.0,-3.0,-2.0,-1.0,
1647440534935054779,0.771850585938,0.376953125,0.480163574219,-0.177490234375,6934.0,633.0,-4005.0,-3.0,-1.0,-1.0,
1647440534939892530,0.771911621094,0.376953125,0.480163574219,-0.177368164062,6929.0,649.0,-4005.0,-3.0,-1.0,-1.0,
1647440534944600343,0.77197265625,0.376892089844,0.480163574219,-0.177185058594,6936.0,663.0,-4012.0,-3.0,-1.0,-1.0,
1647440534949170351,0.772033691406,0.376892089844,0.480163574219,-0.177001953125,6933.0,673.0,-4018.0,-3.0,-1.0,-1.0,
1647440534953626394,0.772033691406,0.376892089844,0.480163574219,-0.1767578125,6924.0,687.0,-4018.0,-3.0,-1.0,-2.0,
1647440534958384275,0.772094726562,0.376892089844,0.480102539062,-0.176574707031,6910.0,698.0,-4012.0,-3.0,-2.0,-2.0,
1647440534962971925,0.772155761719,0.376892089844,0.480102539062,-0.176391601562,6901.0,712.0,-4009.0,-3.0,-2.0,-2.0,
1647440534968750476,0.772216796875,0.376953125,0.480041503906,-0.176208496094,6881.0,720.0,-4009.0,-3.0,-2.0,-1.0,
1647440534974674224,0.772277832031,0.376953125,0.47998046875,-0.176025390625,6866.0,721.0,-4006.0,-3.0,-2.0,-1.0,
1647440534979586601,0.772338867188,0.376953125,0.47998046875,-0.175842285156,6850.0,719.0,-4009.0,-3.0,-2.0,-1.0,
1647440534984276294,0.7724609375,0.376953125,0.479919433594,-0.175659179688,6833.0,719.0,-4001.0,-3.0,-1.0,-1.0,
1647440534991493701,0.772521972656,0.376892089844,0.479919433594,-0.175415039062,6814.0,714.0,-3993.0,-4.0,-1.0,-1.0,
1647440534995899915,0.772521972656,0.376831054688,0.479919433594,-0.175231933594,6810.0,713.0,-3983.0,-3.0,-1.0,-1.0,
1647440535000421047,0.772583007812,0.376831054688,0.47998046875,-0.175048828125,6821.0,702.0,-3970.0,-3.0,-1.0,-1.0,
1647440535005314350,0.772644042969,0.376770019531,0.47998046875,-0.174926757812,6834.0,696.0,-3945.0,-3.0,-1.0,-1.0,
1647440535009772777,0.772644042969,0.376770019531,0.480041503906,-0.1748046875,6847.0,697.0,-3926.0,-3.0,-1.0,-1.0,
1647440535014492511,0.772644042969,0.376770019531,0.480041503906,-0.174743652344,6863.0,703.0,-3900.0,-2.0,-1.0,-1.0,
1647440535019233465,0.772644042969,0.376770019531,0.480102539062,-0.174621582031,6875.0,698.0,-3879.0,-2.0,0.0,-2.0,
1647440535023835182,0.772583007812,0.376770019531,0.480163574219,-0.174560546875,6881.0,697.0,-3856.0,-1.0,0.0,-1.0,
1647440535028380870,0.772583007812,0.376770019531,0.480224609375,-0.174499511719,6890.0,699.0,-3840.0,-1.0,0.0,-1.0,
1647440535032969474,0.772521972656,0.376770019531,0.480285644531,-0.174499511719,6912.0,704.0,-3827.0,-1.0,0.0,-2.0,
1647440535037831306,0.7724609375,0.376831054688,0.480346679688,-0.174438476562,6942.0,715.0,-3835.0,-1.0,0.0,-2.0,
1647440535045873641,0.7724609375,0.376831054688,0.48046875,-0.174377441406,6961.0,724.0,-3856.0,-1.0,0.0,-2.0,
1647440535049623012,0.772399902344,0.376892089844,0.48046875,-0.17431640625,6966.0,733.0,-3882.0,-2.0,0.0,-2.0,
1647440535054026842,0.772399902344,0.376892089844,0.480529785156,-0.174194335938,6960.0,739.0,-3908.0,-2.0,0.0,-2.0,
1647440535058606863,0.772399902344,0.376953125,0.480529785156,-0.174011230469,6951.0,751.0,-3938.0,-2.0,-1.0,-2.0,
1647440535063434839,0.7724609375,0.377014160156,0.480529785156,-0.173889160156,6935.0,752.0,-3961.0,-2.0,-1.0,-2.0,
1647440535068055629,0.7724609375,0.377014160156,0.480529785156,-0.173706054688,6916.0,759.0,-3985.0,-2.0,-1.0,-2.0,
1647440535073140144,0.7724609375,0.377014160156,0.480529785156,-0.173522949219,6888.0,764.0,-4022.0,-3.0,0.0,-2.0,
1647440535079950094,0.772521972656,0.377014160156,0.480529785156,-0.17333984375,6854.0,769.0,-4042.0,-3.0,0.0,-2.0,
1647440535084470272,0.772521972656,0.377075195312,0.480651855469,-0.173095703125,6823.0,768.0,-4062.0,-4.0,1.0,-2.0,
1647440535091168880,0.7724609375,0.377014160156,0.480773925781,-0.172912597656,6797.0,779.0,-4084.0,-4.0,2.0,-2.0,
1647440535095689296,0.7724609375,0.377014160156,0.480895996094,-0.172668457031,6795.0,790.0,-4102.0,-5.0,2.0,-3.0,
1647440535100508928,0.772399902344,0.377014160156,0.481079101562,-0.172424316406,6820.0,803.0,-4103.0,-5.0,2.0,-3.0,
1647440535105074644,0.772338867188,0.376953125,0.481262207031,-0.172180175781,6864.0,811.0,-4099.0,-5.0,2.0,-3.0,
1647440535109929323,0.772338867188,0.376953125,0.481384277344,-0.171875,6897.0,817.0,-4098.0,-5.0,0.0,-3.0,
1647440535114721059,0.772399902344,0.376953125,0.4814453125,-0.171569824219,6909.0,824.0,-4107.0,-5.0,-1.0,-3.0,
1647440535119990110,0.7724609375,0.377014160156,0.4814453125,-0.171203613281,6910.0,830.0,-4115.0,-5.0,-2.0,-3.0,
1647440535124054431,0.772521972656,0.377075195312,0.481384277344,-0.170837402344,6896.0,829.0,-4120.0,-4.0,-3.0,-3.0,
1647440535129624843,0.772644042969,0.377075195312,0.481323242188,-0.170532226562,6878.0,818.0,-4130.0,-4.0,-3.0,-3.0,
1647440535135508537,0.772705078125,0.377136230469,0.481262207031,-0.170227050781,6847.0,810.0,-4134.0,-4.0,-3.0,-3.0,
1647440535138760805,0.772827148438,0.377197265625,0.481140136719,-0.169860839844,6818.0,792.0,-4141.0,-4.0,-3.0,-3.0,
1647440535143427610,0.77294921875,0.377197265625,0.481018066406,-0.169555664062,6796.0,785.0,-4141.0,-4.0,-3.0,-3.0,
1647440535148060560,0.773071289062,0.377258300781,0.48095703125,-0.169311523438,6775.0,775.0,-4139.0,-4.0,-3.0,-3.0,
1647440535152602910,0.773132324219,0.377319335938,0.480895996094,-0.169006347656,6757.0,770.0,-4132.0,-4.0,-2.0,-3.0,
1647440535157402992,0.773193359375,0.377319335938,0.480834960938,-0.168762207031,6734.0,764.0,-4135.0,-4.0,-2.0,-2.0,
1647440535164633512,0.773315429688,0.377319335938,0.480773925781,-0.168518066406,6731.0,761.0,-4133.0,-4.0,-2.0,-2.0,
1647440535169368028,0.773376464844,0.377319335938,0.480712890625,-0.168273925781,6738.0,769.0,-4120.0,-4.0,-1.0,-2.0,
1647440535174379110,0.7734375,0.377319335938,0.480712890625,-0.168090820312,6748.0,776.0,-4107.0,-3.0,-1.0,-2.0,
1647440535178801298,0.7734375,0.377319335938,0.480712890625,-0.167907714844,6758.0,789.0,-4094.0,-3.0,-1.0,-2.0,
1647440535183874607,0.773498535156,0.377319335938,0.480712890625,-0.167724609375,6767.0,794.0,-4077.0,-3.0,-1.0,-2.0,
1647440535188329696,0.773559570312,0.377319335938,0.480712890625,-0.167602539062,6764.0,799.0,-4054.0,-3.0,-1.0,-2.0,
1647440535194151401,0.773559570312,0.377380371094,0.480712890625,-0.167419433594,6757.0,799.0,-4020.0,-2.0,-1.0,-2.0,
1647440535199976444,0.773559570312,0.377380371094,0.480712890625,-0.167297363281,6758.0,791.0,-3985.0,-2.0,-1.0,-2.0,
1647440535204717874,0.773559570312,0.37744140625,0.480712890625,-0.167175292969,6751.0,782.0,-3950.0,-2.0,0.0,-2.0,
1647440535209294795,0.773559570312,0.37744140625,0.480773925781,-0.167114257812,6747.0,772.0,-3921.0,-2.0,0.0,-2.0,
1647440535214538812,0.773498535156,0.377380371094,0.480895996094,-0.1669921875,6758.0,760.0,-3887.0,-2.0,1.0,-2.0,
1647440535218862295,0.7734375,0.377380371094,0.481018066406,-0.1669921875,6787.0,743.0,-3856.0,-2.0,1.0,-2.0,
1647440535223733663,0.773376464844,0.377319335938,0.481201171875,-0.166931152344,6824.0,733.0,-3823.0,-2.0,2.0,-2.0,
1647440535228357553,0.773315429688,0.377258300781,0.481384277344,-0.166931152344,6851.0,729.0,-3790.0,-2.0,2.0,-1.0,
1647440535233030796,0.773193359375,0.377197265625,0.481567382812,-0.166931152344,6869.0,730.0,-3771.0,-2.0,2.0,-1.0,
1647440535237837791,0.773132324219,0.377136230469,0.481750488281,-0.166931152344,6892.0,731.0,-3759.0,-2.0,2.0,-1.0,
1647440535245359659,0.773010253906,0.377075195312,0.481994628906,-0.166931152344,6912.0,731.0,-3769.0,-2.0,3.0,-1.0,
1647440535250002622,0.772888183594,0.376953125,0.482238769531,-0.1669921875,6921.0,729.0,-3777.0,-2.0,4.0,-1.0,
1647440535254472970,0.772766113281,0.376831054688,0.482482910156,-0.1669921875,6919.0,734.0,-3789.0,-3.0,4.0,-1.0,
1647440535259152889,0.772644042969,0.376708984375,0.482788085938,-0.167053222656,6931.0,744.0,-3811.0,-3.0,5.0,0.0,
1647440535263683080,0.772521972656,0.376586914062,0.483093261719,-0.167053222656,6950.0,762.0,-3831.0,-3.0,5.0,0.0,
1647440535268568515,0.772399902344,0.376403808594,0.4833984375,-0.167114257812,6964.0,777.0,-3835.0,-3.0,5.0,0.0,
1647440535273205757,0.772277832031,0.376281738281,0.483703613281,-0.167114257812,6977.0,787.0,-3837.0,-3.0,5.0,0.0,
1647440535277643918,0.772216796875,0.376098632812,0.483947753906,-0.167175292969,7005.0,803.0,-3834.0,-3.0,4.0,0.0,
1647440535282503128,0.772094726562,0.3759765625,0.484191894531,-0.167175292969,7035.0,802.0,-3829.0,-3.0,3.0,1.0,
1647440535287432432,0.772094726562,0.375793457031,0.484436035156,-0.167175292969,7047.0,793.0,-3847.0,-3.0,3.0,1.0,
1647440535296432495,0.772033691406,0.375610351562,0.484558105469,-0.167236328125,7051.0,799.0,-3854.0,-2.0,2.0,1.0,
1647440535303141593,0.772033691406,0.37548828125,0.484680175781,-0.167236328125,7053.0,803.0,-3874.0,-2.0,2.0,1.0,
1647440535306360721,0.772033691406,0.375366210938,0.484802246094,-0.167236328125,7047.0,813.0,-3888.0,-2.0,2.0,1.0,
1647440535311089754,0.772033691406,0.375244140625,0.48486328125,-0.167175292969,7048.0,818.0,-3898.0,-2.0,1.0,1.0,
1647440535315856456,0.772033691406,0.375122070312,0.484985351562,-0.167175292969,7045.0,827.0,-3919.0,-2.0,1.0,1.0,
1647440535320570468,0.772094726562,0.375,0.484985351562,-0.167114257812,7043.0,836.0,-3939.0,-3.0,1.0,1.0,
1647440535325248241,0.772155761719,0.374938964844,0.485046386719,-0.1669921875,7024.0,846.0,-3973.0,-3.0,0.0,0.0,
1647440535329748392,0.772216796875,0.374816894531,0.484985351562,-0.166870117188,6993.0,858.0,-4001.0,-3.0,-1.0,0.0,
1647440535334519147,0.772338867188,0.374755859375,0.484985351562,-0.166687011719,6954.0,863.0,-4027.0,-3.0,-1.0,0.0,
1647440535339609622,0.772399902344,0.374694824219,0.484924316406,-0.16650390625,6905.0,864.0,-4053.0,-3.0,-1.0,0.0,
1647440535343916654,0.772521972656,0.374633789062,0.48486328125,-0.166320800781,6868.0,859.0,-4081.0,-3.0,-1.0,0.0,
1647440535348854303,0.772644042969,0.374572753906,0.484802246094,-0.166137695312,6847.0,863.0,-4097.0,-4.0,-1.0,0.0,
1647440535353117942,0.772705078125,0.37451171875,0.484741210938,-0.165893554688,6842.0,875.0,-4111.0,-4.0,-1.0,0.0,
1647440535358719825,0.772827148438,0.374450683594,0.484741210938,-0.165710449219,6848.0,888.0,-4137.0,-4.0,-1.0,-1.0,
1647440535362524986,0.77294921875,0.374450683594,0.484680175781,-0.165405273438,6847.0,893.0,-4150.0,-4.0,-2.0,-1.0,
1647440535367193460,0.773010253906,0.374450683594,0.484619140625,-0.165161132812,6858.0,892.0,-4157.0,-4.0,-2.0,-1.0,
1647440535374459028,0.773132324219,0.374450683594,0.484558105469,-0.164916992188,6859.0,879.0,-4149.0,-4.0,-2.0,-1.0,
1647440535379096508,0.773254394531,0.374389648438,0.484497070312,-0.164672851562,6861.0,859.0,-4143.0,-3.0,-3.0,-1.0,
1647440535383768081,0.773376464844,0.374389648438,0.484375,-0.164489746094,6870.0,840.0,-4152.0,-4.0,-3.0,-1.0,
1647440535388783931,0.773498535156,0.374328613281,0.484252929688,-0.164245605469,6883.0,818.0,-4157.0,-4.0,-3.0,-1.0,
1647440535394624710,0.773620605469,0.374328613281,0.484191894531,-0.1640625,6891.0,804.0,-4151.0,-4.0,-3.0,-1.0,
1647440535399624109,0.773742675781,0.374267578125,0.484069824219,-0.163818359375,6889.0,787.0,-4148.0,-4.0,-3.0,-2.0,
1647440535405065298,0.773864746094,0.374267578125,0.483947753906,-0.16357421875,6886.0,770.0,-4130.0,-4.0,-3.0,-2.0,
1647440535409618377,0.773986816406,0.374206542969,0.483825683594,-0.163330078125,6880.0,754.0,-4108.0,-4.0,-3.0,-2.0,
1647440535414659023,0.774108886719,0.374206542969,0.483764648438,-0.163146972656,6867.0,738.0,-4080.0,-4.0,-3.0,-1.0,
1647440535419221401,0.774230957031,0.374145507812,0.483642578125,-0.162902832031,6859.0,731.0,-4040.0,-4.0,-3.0,-1.0,
1647440535423950910,0.774353027344,0.374084472656,0.483581542969,-0.162719726562,6848.0,724.0,-4017.0,-4.0,-3.0,-1.0,
1647440535428733348,0.7744140625,0.3740234375,0.483581542969,-0.162536621094,6832.0,715.0,-4006.0,-4.0,-2.0,-1.0,
1647440535433529615,0.774536132812,0.373962402344,0.483520507812,-0.162353515625,6815.0,710.0,-3996.0,-4.0,-2.0,-1.0,
1647440535438751697,0.774597167969,0.373901367188,0.483581542969,-0.162231445312,6808.0,716.0,-3996.0,-4.0,-1.0,-1.0,
1647440535443462371,0.774658203125,0.373779296875,0.483581542969,-0.162048339844,6807.0,718.0,-3970.0,-4.0,0.0,-1.0,
1647440535447906494,0.774658203125,0.373718261719,0.483703613281,-0.161926269531,6816.0,715.0,-3967.0,-4.0,0.0,-1.0,
1647440535452664136,0.774658203125,0.373657226562,0.483764648438,-0.161743164062,6833.0,714.0,-3939.0,-4.0,0.0,-1.0,
1647440535457354545,0.774719238281,0.37353515625,0.483825683594,-0.161682128906,6837.0,713.0,-3917.0,-3.0,0.0,-1.0,
1647440535462049007,0.774719238281,0.373474121094,0.48388671875,-0.161560058594,6840.0,704.0,-3892.0,-3.0,0.0,-1.0,
1647440535469297170,0.774719238281,0.373413085938,0.483947753906,-0.161499023438,6840.0,696.0,-3860.0,-3.0,0.0,-1.0,
1647440535473817348,0.774780273438,0.373291015625,0.484008789062,-0.161437988281,6839.0,685.0,-3833.0,-3.0,0.0,-1.0,
1647440535478323698,0.774780273438,0.373229980469,0.484069824219,-0.161437988281,6844.0,679.0,-3819.0,-2.0,0.0,0.0,
1647440535483491897,0.774719238281,0.373107910156,0.484130859375,-0.161437988281,6838.0,679.0,-3807.0,-2.0,1.0,0.0,
1647440535488087177,0.774719238281,0.372985839844,0.484252929688,-0.161437988281,6822.0,688.0,-3811.0,-2.0,1.0,0.0,
1647440535492744207,0.774719238281,0.372924804688,0.484313964844,-0.161499023438,6796.0,700.0,-3815.0,-2.0,2.0,0.0,
1647440535497689962,0.774719238281,0.372802734375,0.484436035156,-0.161560058594,6765.0,716.0,-3821.0,-1.0,2.0,1.0,
1647440535505227088,0.774658203125,0.372680664062,0.484558105469,-0.161682128906,6737.0,746.0,-3847.0,-1.0,3.0,1.0,
1647440535509405612,0.774597167969,0.37255859375,0.484741210938,-0.161743164062,6714.0,781.0,-3884.0,-1.0,4.0,1.0,
1647440535514183521,0.774536132812,0.372436523438,0.484924316406,-0.161865234375,6692.0,819.0,-3917.0,-1.0,5.0,1.0,
1647440535519131422,0.774475097656,0.372314453125,0.485046386719,-0.161926269531,6663.0,845.0,-3946.0,-1.0,5.0,1.0,
1647440535523581743,0.774353027344,0.372192382812,0.485229492188,-0.162048339844,6637.0,862.0,-3982.0,-1.0,5.0,1.0,
1647440535529161214,0.774291992188,0.3720703125,0.485412597656,-0.162170410156,6621.0,883.0,-4023.0,-1.0,5.0,1.0,
1647440535541637182,0.774230957031,0.371948242188,0.485595703125,-0.162231445312,6613.0,901.0,-4055.0,-1.0,6.0,1.0,
1647440535554629325,0.774108886719,0.371826171875,0.48583984375,-0.162353515625,6618.0,904.0,-4084.0,-1.0,6.0,1.0,
1647440535555469512,0.773986816406,0.371704101562,0.486083984375,-0.162475585938,6644.0,895.0,-4100.0,-1.0,7.0,1.0,
1647440535555826663,0.773864746094,0.37158203125,0.486328125,-0.16259765625,6672.0,866.0,-4112.0,-1.0,7.0,1.0,
1647440535556101799,0.773742675781,0.371398925781,0.486633300781,-0.162719726562,6705.0,825.0,-4119.0,-2.0,7.0,1.0,
1647440535558765649,0.773620605469,0.371276855469,0.486938476562,-0.162841796875,6748.0,785.0,-4117.0,-2.0,7.0,0.0,
1647440535563311576,0.773498535156,0.37109375,0.487243652344,-0.162963867188,6821.0,755.0,-4107.0,-3.0,7.0,0.0,
1647440535568112373,0.773315429688,0.370910644531,0.487609863281,-0.163024902344,6919.0,726.0,-4092.0,-3.0,7.0,-1.0,
1647440535572955846,0.773193359375,0.370727539062,0.487976074219,-0.1630859375,7032.0,713.0,-4079.0,-4.0,6.0,-1.0,
1647440535577592134,0.773010253906,0.370544433594,0.48828125,-0.163146972656,7137.0,701.0,-4069.0,-4.0,5.0,-1.0,
1647440535582203388,0.77294921875,0.370422363281,0.488525390625,-0.1630859375,7221.0,698.0,-4065.0,-4.0,3.0,-1.0,
1647440535589216470,0.77294921875,0.370300292969,0.488708496094,-0.163024902344,7300.0,700.0,-4073.0,-4.0,2.0,-1.0,
1647440535593734025,0.77294921875,0.370178222656,0.48876953125,-0.162902832031,7367.0,709.0,-4072.0,-4.0,0.0,-1.0,
1647440535598700523,0.773010253906,0.3701171875,0.48876953125,-0.162719726562,7433.0,724.0,-4066.0,-4.0,-2.0,-2.0,
1647440535605039358,0.773132324219,0.3701171875,0.488708496094,-0.162475585938,7490.0,741.0,-4057.0,-4.0,-4.0,-2.0,
1647440535610247850,0.773254394531,0.3701171875,0.488525390625,-0.162231445312,7505.0,757.0,-4061.0,-4.0,-6.0,-2.0,
1647440535615027904,0.773498535156,0.3701171875,0.48828125,-0.161865234375,7486.0,766.0,-4055.0,-4.0,-8.0,-2.0,
1647440535619570732,0.773803710938,0.370178222656,0.487915039062,-0.161499023438,7419.0,779.0,-4049.0,-4.0,-9.0,-2.0,
1647440535624351978,0.774108886719,0.370239257812,0.487487792969,-0.161071777344,7331.0,773.0,-4032.0,-4.0,-10.0,-2.0,
1647440535629252672,0.7744140625,0.370300292969,0.487121582031,-0.160705566406,7247.0,774.0,-4024.0,-4.0,-9.0,-2.0,
1647440535633822441,0.774658203125,0.370300292969,0.48681640625,-0.160278320312,7171.0,780.0,-4001.0,-4.0,-9.0,-2.0,
1647440535638463973,0.77490234375,0.370361328125,0.486511230469,-0.159851074219,7092.0,788.0,-3981.0,-5.0,-8.0,-2.0,
1647440535643234968,0.775146484375,0.370361328125,0.486267089844,-0.159423828125,7008.0,794.0,-3959.0,-5.0,-7.0,-2.0,
1647440535647668123,0.775390625,0.370361328125,0.486022949219,-0.159057617188,6930.0,801.0,-3929.0,-5.0,-7.0,-2.0,
1647440535652443170,0.775573730469,0.370361328125,0.485900878906,-0.15869140625,6858.0,807.0,-3916.0,-5.0,-6.0,-2.0,
1647440535656881332,0.775695800781,0.370361328125,0.485717773438,-0.158325195312,6809.0,824.0,-3914.0,-5.0,-5.0,-2.0,
1647440535663855314,0.77587890625,0.370300292969,0.485656738281,-0.157958984375,6777.0,836.0,-3915.0,-5.0,-4.0,-2.0,
1647440535668471097,0.776000976562,0.370300292969,0.485534667969,-0.157592773438,6747.0,855.0,-3930.0,-5.0,-4.0,-1.0,
1647440535673591613,0.776184082031,0.370239257812,0.485473632812,-0.1572265625,6723.0,879.0,-3962.0,-6.0,-4.0,-1.0,
1647440535677982091,0.7763671875,0.370178222656,0.4853515625,-0.156799316406,6691.0,899.0,-3997.0,-6.0,-4.0,-1.0,
1647440535682645082,0.776550292969,0.3701171875,0.485229492188,-0.156372070312,6668.0,914.0,-4028.0,-6.0,-4.0,-1.0,
1647440535687504529,0.776733398438,0.369995117188,0.485107421875,-0.155944824219,6647.0,915.0,-4061.0,-6.0,-4.0,-1.0,
1647440535692548751,0.776916503906,0.369934082031,0.485046386719,-0.155517578125,6646.0,915.0,-4108.0,-7.0,-4.0,-2.0,
1647440535697016477,0.777099609375,0.369873046875,0.484924316406,-0.155029296875,6655.0,908.0,-4163.0,-7.0,-4.0,-2.0,
1647440535711643695,0.77734375,0.369812011719,0.484802246094,-0.154602050781,6666.0,916.0,-4208.0,-7.0,-4.0,-2.0,
1647440535712445497,0.777526855469,0.369812011719,0.484680175781,-0.154052734375,6691.0,930.0,-4233.0,-7.0,-4.0,-3.0,
1647440535715574502,0.777648925781,0.369750976562,0.484619140625,-0.153503417969,6723.0,943.0,-4248.0,-8.0,-4.0,-3.0,
1647440535720508575,0.777770996094,0.369750976562,0.484558105469,-0.153015136719,6761.0,948.0,-4255.0,-7.0,-4.0,-3.0,
1647440535725285291,0.777954101562,0.369750976562,0.484497070312,-0.152465820312,6813.0,949.0,-4245.0,-7.0,-4.0,-4.0,
1647440535730458021,0.778076171875,0.369750976562,0.484497070312,-0.151977539062,6843.0,946.0,-4242.0,-7.0,-5.0,-4.0,
1647440535734946489,0.778198242188,0.369750976562,0.484375,-0.151428222656,6866.0,951.0,-4226.0,-7.0,-5.0,-4.0,
1647440535740134954,0.778381347656,0.369812011719,0.484313964844,-0.150939941406,6893.0,954.0,-4207.0,-7.0,-5.0,-4.0,
1647440535744692325,0.778503417969,0.369812011719,0.484252929688,-0.150390625,6911.0,955.0,-4184.0,-7.0,-5.0,-4.0,
1647440535749787330,0.778625488281,0.369873046875,0.484130859375,-0.14990234375,6936.0,948.0,-4152.0,-7.0,-5.0,-4.0,
1647440535754498004,0.778747558594,0.369873046875,0.484069824219,-0.1494140625,6965.0,944.0,-4110.0,-6.0,-5.0,-4.0,
1647440535758113861,0.778869628906,0.369873046875,0.484008789062,-0.148986816406,6977.0,945.0,-4049.0,-6.0,-6.0,-4.0,
1647440535762914657,0.778991699219,0.369934082031,0.483947753906,-0.148559570312,6979.0,945.0,-3990.0,-5.0,-6.0,-3.0,
1647440535767533063,0.779113769531,0.369934082031,0.483825683594,-0.148193359375,7000.0,947.0,-3949.0,-5.0,-6.0,-3.0,
1647440535772208929,0.779235839844,0.369995117188,0.483703613281,-0.147827148438,7022.0,950.0,-3908.0,-4.0,-6.0,-3.0,
1647440535776794672,0.779357910156,0.370056152344,0.483581542969,-0.1474609375,7029.0,954.0,-3883.0,-4.0,-7.0,-3.0,
1647440535783813238,0.779541015625,0.3701171875,0.4833984375,-0.147094726562,7009.0,956.0,-3878.0,-4.0,-8.0,-3.0,
1647440535788809776,0.779724121094,0.370178222656,0.483154296875,-0.146667480469,6967.0,949.0,-3892.0,-4.0,-8.0,-3.0,
1647440535793300390,0.779907226562,0.370239257812,0.482849121094,-0.146240234375,6923.0,945.0,-3908.0,-4.0,-8.0,-3.0,
1647440535797977447,0.780090332031,0.370361328125,0.482604980469,-0.145874023438,6884.0,947.0,-3931.0,-4.0,-7.0,-3.0,
1647440535802849531,0.7802734375,0.370422363281,0.482360839844,-0.145446777344,6844.0,953.0,-3953.0,-4.0,-7.0,-3.0,
1647440535807491540,0.780456542969,0.370483398438,0.482177734375,-0.145080566406,6791.0,958.0,-3958.0,-4.0,-6.0,-3.0,
1647440535814330816,0.780578613281,0.370544433594,0.482055664062,-0.144653320312,6733.0,958.0,-3951.0,-5.0,-5.0,-3.0,
1647440535819032669,0.780639648438,0.37060546875,0.481994628906,-0.144287109375,6678.0,962.0,-3942.0,-5.0,-4.0,-3.0,
1647440535823504447,0.780700683594,0.370666503906,0.481994628906,-0.143981933594,6623.0,945.0,-3929.0,-5.0,-2.0,-3.0,
1647440535828104496,0.780700683594,0.37060546875,0.482055664062,-0.143676757812,6580.0,939.0,-3931.0,-5.0,-1.0,-3.0,
1647440535832936048,0.780700683594,0.37060546875,0.482177734375,-0.143310546875,6547.0,939.0,-3931.0,-6.0,1.0,-4.0,
1647440535837790966,0.780639648438,0.37060546875,0.482421875,-0.14306640625,6528.0,941.0,-3936.0,-6.0,2.0,-4.0,
1647440535842457532,0.780517578125,0.370544433594,0.482727050781,-0.142761230469,6534.0,954.0,-3951.0,-6.0,4.0,-3.0,
1647440535847072839,0.780395507812,0.370483398438,0.483093261719,-0.142517089844,6522.0,965.0,-3978.0,-6.0,4.0,-3.0,
1647440535853887796,0.7802734375,0.370422363281,0.4833984375,-0.142272949219,6489.0,977.0,-4007.0,-6.0,5.0,-3.0,
1647440535858297586,0.780151367188,0.370300292969,0.483764648438,-0.141967773438,6457.0,995.0,-4053.0,-7.0,6.0,-3.0,
1647440535864071369,0.779968261719,0.370239257812,0.484191894531,-0.141723632812,6452.0,1024.0,-4098.0,-7.0,7.0,-3.0,
1647440535868015050,0.77978515625,0.3701171875,0.484680175781,-0.141479492188,6471.0,1057.0,-4136.0,-7.0,8.0,-3.0,
1647440535872398614,0.779541015625,0.369995117188,0.485168457031,-0.141235351562,6481.0,1091.0,-4168.0,-7.0,9.0,-3.0,
1647440535877013206,0.779296875,0.369934082031,0.485717773438,-0.140991210938,6500.0,1123.0,-4183.0,-7.0,9.0,-3.0,
1647440535882896423,0.778991699219,0.369812011719,0.486267089844,-0.140747070312,6532.0,1150.0,-4181.0,-6.0,9.0,-3.0,
1647440535889586687,0.778747558594,0.369750976562,0.48681640625,-0.140563964844,6571.0,1177.0,-4159.0,-6.0,9.0,-3.0,
1647440535893976688,0.778442382812,0.369750976562,0.4873046875,-0.140441894531,6598.0,1194.0,-4130.0,-5.0,9.0,-3.0,
1647440535898398160,0.778198242188,0.369689941406,0.487854003906,-0.140380859375,6605.0,1204.0,-4089.0,-4.0,8.0,-3.0,
1647440535902553796,0.777893066406,0.36962890625,0.488342285156,-0.140319824219,6606.0,1201.0,-4040.0,-3.0,8.0,-3.0,
1647440535907453536,0.777648925781,0.369567871094,0.488830566406,-0.140319824219,6588.0,1179.0,-3992.0,-3.0,9.0,-2.0,
1647440535914697885,0.777282714844,0.369506835938,0.489318847656,-0.140380859375,6563.0,1152.0,-3940.0,-3.0,9.0,-2.0,
1647440535919544935,0.776977539062,0.369445800781,0.489929199219,-0.140502929688,6559.0,1126.0,-3905.0,-3.0,11.0,-2.0,
1647440535924153327,0.776550292969,0.369384765625,0.490600585938,-0.140686035156,6585.0,1104.0,-3863.0,-3.0,13.0,-2.0,
1647440535928574323,0.776123046875,0.369262695312,0.491333007812,-0.140869140625,6619.0,1099.0,-3850.0,-3.0,13.0,-2.0,
1647440535933355808,0.775695800781,0.369079589844,0.492004394531,-0.141052246094,6655.0,1097.0,-3851.0,-3.0,13.0,-2.0,
1647440535938094854,0.775329589844,0.368957519531,0.49267578125,-0.141235351562,6699.0,1108.0,-3854.0,-3.0,13.0,-1.0,
1647440535943718671,0.77490234375,0.368774414062,0.493347167969,-0.141418457031,6759.0,1123.0,-3859.0,-3.0,13.0,-1.0,
1647440535947807073,0.774536132812,0.36865234375,0.494018554688,-0.141540527344,6852.0,1131.0,-3868.0,-2.0,13.0,-2.0,
1647440535952570199,0.774108886719,0.368591308594,0.494689941406,-0.141723632812,6971.0,1147.0,-3885.0,-2.0,12.0,-2.0,
1647440535957086801,0.773803710938,0.368530273438,0.495239257812,-0.141845703125,7076.0,1178.0,-3906.0,-2.0,10.0,-2.0,
1647440535961847782,0.773498535156,0.368469238281,0.495666503906,-0.141906738281,7158.0,1211.0,-3925.0,-2.0,8.0,-2.0,
1647440535966313362,0.773315429688,0.368469238281,0.496032714844,-0.141906738281,7203.0,1234.0,-3947.0,-2.0,5.0,-2.0,
1647440535973663806,0.773132324219,0.368530273438,0.496215820312,-0.141845703125,7200.0,1239.0,-3957.0,-1.0,3.0,-2.0,
1647440535978422641,0.773071289062,0.368530273438,0.496276855469,-0.141845703125,7157.0,1223.0,-3957.0,-1.0,2.0,-2.0,
1647440535982695341,0.773010253906,0.368591308594,0.496398925781,-0.141845703125,7090.0,1192.0,-3956.0,-1.0,2.0,-1.0,
1647440535987405538,0.77294921875,0.368591308594,0.496459960938,-0.141845703125,7017.0,1167.0,-3950.0,-1.0,2.0,-1.0,
1647440535992681503,0.772827148438,0.368591308594,0.49658203125,-0.141906738281,6950.0,1157.0,-3937.0,-1.0,4.0,-2.0,
1647440535997042179,0.772705078125,0.368591308594,0.496826171875,-0.141906738281,6890.0,1146.0,-3916.0,-2.0,5.0,-2.0,
1647440536001632928,0.772521972656,0.368591308594,0.497192382812,-0.141906738281,6851.0,1141.0,-3879.0,-2.0,6.0,-2.0,
1647440536008417844,0.772277832031,0.368530273438,0.49755859375,-0.141967773438,6839.0,1130.0,-3849.0,-2.0,7.0,-2.0,
1647440536014809370,0.77197265625,0.368530273438,0.497924804688,-0.142028808594,6862.0,1129.0,-3829.0,-2.0,7.0,-3.0,
1647440536019970893,0.771728515625,0.368530273438,0.498352050781,-0.142028808594,6915.0,1141.0,-3819.0,-2.0,7.0,-3.0,
1647440536024857759,0.771423339844,0.368591308594,0.498779296875,-0.14208984375,6966.0,1153.0,-3811.0,-2.0,6.0,-3.0,
1647440536030327320,0.771179199219,0.36865234375,0.499084472656,-0.14208984375,7018.0,1153.0,-3805.0,-1.0,5.0,-3.0,
1647440536034251689,0.77099609375,0.368713378906,0.499328613281,-0.142150878906,7057.0,1151.0,-3798.0,0.0,4.0,-3.0,
1647440536039027690,0.770812988281,0.368835449219,0.499450683594,-0.142211914062,7074.0,1139.0,-3820.0,0.0,3.0,-3.0,
1647440536044858455,0.770751953125,0.368957519531,0.49951171875,-0.142211914062,7079.0,1126.0,-3854.0,1.0,1.0,-3.0,
1647440536048172950,0.770690917969,0.369140625,0.49951171875,-0.142272949219,7070.0,1128.0,-3897.0,1.0,0.0,-3.0,
1647440536052905559,0.770629882812,0.369323730469,0.499450683594,-0.142211914062,7054.0,1133.0,-3932.0,1.0,0.0,-3.0,
1647440536057674646,0.770629882812,0.369506835938,0.499328613281,-0.142150878906,7014.0,1124.0,-3963.0,1.0,-1.0,-3.0,
1647440536062325000,0.770629882812,0.369689941406,0.499206542969,-0.142028808594,6947.0,1102.0,-3985.0,0.0,-1.0,-4.0,
1647440536067111015,0.770629882812,0.369873046875,0.499084472656,-0.141967773438,6884.0,1083.0,-4004.0,0.0,-1.0,-4.0,
1647440536071895837,0.770629882812,0.370056152344,0.4990234375,-0.141845703125,6820.0,1088.0,-4029.0,-1.0,0.0,-4.0,
1647440536076395034,0.770568847656,0.370178222656,0.4990234375,-0.141723632812,6770.0,1098.0,-4028.0,-1.0,1.0,-4.0,
1647440536083515882,0.770446777344,0.370361328125,0.499145507812,-0.141540527344,6731.0,1105.0,-4009.0,-2.0,3.0,-5.0,
1647440536088249683,0.770202636719,0.370483398438,0.499389648438,-0.141357421875,6721.0,1099.0,-3970.0,-3.0,5.0,-5.0,
1647440536092966556,0.769958496094,0.37060546875,0.499755859375,-0.141235351562,6718.0,1073.0,-3915.0,-3.0,6.0,-6.0,
1647440536097615718,0.769653320312,0.370666503906,0.500244140625,-0.141174316406,6729.0,1032.0,-3838.0,-4.0,8.0,-6.0,
1647440536101940393,0.769226074219,0.370666503906,0.500915527344,-0.141174316406,6782.0,984.0,-3754.0,-4.0,10.0,-6.0,
1647440536106726646,0.768737792969,0.37060546875,0.501647949219,-0.141235351562,6839.0,935.0,-3692.0,-4.0,12.0,-6.0,
1647440536111548662,0.768249511719,0.370483398438,0.50244140625,-0.141357421875,6889.0,891.0,-3643.0,-4.0,13.0,-5.0,
1647440536118039131,0.767761230469,0.370361328125,0.503234863281,-0.141540527344,6926.0,866.0,-3611.0,-4.0,14.0,-4.0,
1647440536123047113,0.767333984375,0.370239257812,0.503967285156,-0.141723632812,6972.0,867.0,-3615.0,-4.0,14.0,-3.0,
1647440536128055334,0.766845703125,0.3701171875,0.504699707031,-0.141906738281,7019.0,899.0,-3642.0,-3.0,13.0,-3.0,
1647440536132999897,0.766479492188,0.369995117188,0.505310058594,-0.142150878906,7037.0,941.0,-3686.0,-2.0,12.0,-3.0,
1647440536137501716,0.76611328125,0.369995117188,0.505798339844,-0.142333984375,7047.0,989.0,-3752.0,-1.0,11.0,-3.0,
1647440536142218828,0.765808105469,0.370056152344,0.506225585938,-0.142456054688,7061.0,1027.0,-3820.0,-1.0,9.0,-3.0,
1647440536147043943,0.765563964844,0.3701171875,0.506530761719,-0.142517089844,7065.0,1060.0,-3915.0,-1.0,7.0,-3.0,
1647440536151413917,0.765380859375,0.370239257812,0.506652832031,-0.142517089844,7033.0,1113.0,-4025.0,-1.0,6.0,-3.0,
1647440536158464670,0.765258789062,0.370422363281,0.506713867188,-0.142456054688,6957.0,1173.0,-4122.0,0.0,4.0,-4.0,
1647440536163186073,0.76513671875,0.370727539062,0.506713867188,-0.142272949219,6887.0,1209.0,-4192.0,0.0,3.0,-5.0,
1647440536180504798,0.765075683594,0.370971679688,0.506713867188,-0.14208984375,6823.0,1210.0,-4251.0,-1.0,3.0,-5.0,
1647440536181349277,0.765014648438,0.371215820312,0.506713867188,-0.141845703125,6760.0,1202.0,-4294.0,-2.0,3.0,-6.0,
1647440536181782007,0.764892578125,0.371459960938,0.506713867188,-0.1416015625,6689.0,1204.0,-4344.0,-3.0,3.0,-6.0,
1647440536193537950,0.764770507812,0.371704101562,0.5068359375,-0.141296386719,6617.0,1232.0,-4368.0,-4.0,4.0,-7.0,
1647440536194543361,0.764587402344,0.371948242188,0.507019042969,-0.140930175781,6556.0,1255.0,-4352.0,-5.0,6.0,-7.0,
1647440536195142507,0.764343261719,0.372131347656,0.507385253906,-0.140563964844,6513.0,1261.0,-4279.0,-5.0,7.0,-8.0,
1647440536199060201,0.763977050781,0.372314453125,0.507934570312,-0.140258789062,6516.0,1239.0,-4147.0,-6.0,9.0,-8.0,
1647440536203905105,0.763549804688,0.372375488281,0.508544921875,-0.140014648438,6558.0,1205.0,-4007.0,-6.0,10.0,-8.0,
1647440536208528280,0.763061523438,0.372314453125,0.509338378906,-0.139892578125,6622.0,1169.0,-3864.0,-6.0,11.0,-7.0,
1647440536213468313,0.762573242188,0.372253417969,0.510192871094,-0.139770507812,6700.0,1147.0,-3754.0,-7.0,12.0,-7.0,
1647440536219888448,0.762023925781,0.372131347656,0.511047363281,-0.1396484375,6796.0,1152.0,-3676.0,-7.0,13.0,-6.0,
1647440536225004434,0.761535644531,0.372009277344,0.511962890625,-0.139587402344,6903.0,1187.0,-3630.0,-7.0,14.0,-6.0,
1647440536230191946,0.760925292969,0.371887207031,0.512939453125,-0.139465332031,7024.0,1228.0,-3592.0,-7.0,15.0,-5.0,
1647440536234680175,0.760375976562,0.371765136719,0.513916015625,-0.139404296875,7139.0,1264.0,-3561.0,-7.0,14.0,-5.0,
1647440536239475727,0.759887695312,0.37158203125,0.514770507812,-0.139282226562,7228.0,1285.0,-3516.0,-7.0,13.0,-5.0,
1647440536244022369,0.759399414062,0.371398925781,0.515686035156,-0.139099121094,7309.0,1295.0,-3459.0,-8.0,12.0,-5.0,
1647440536248679161,0.758972167969,0.37109375,0.516540527344,-0.138916015625,7365.0,1279.0,-3412.0,-10.0,11.0,-4.0,
1647440536253918886,0.758666992188,0.370788574219,0.517395019531,-0.138610839844,7406.0,1296.0,-3394.0,-11.0,10.0,-3.0,
1647440536257832527,0.758361816406,0.370422363281,0.518127441406,-0.138244628906,7450.0,1345.0,-3397.0,-12.0,9.0,-3.0,
1647440536262497425,0.758178710938,0.370056152344,0.518798828125,-0.137756347656,7469.0,1393.0,-3420.0,-13.0,7.0,-3.0,
1647440536267013549,0.758056640625,0.369750976562,0.519348144531,-0.13720703125,7447.0,1434.0,-3429.0,-13.0,4.0,-3.0,
1647440536272087574,0.758056640625,0.369445800781,0.519775390625,-0.136535644531,7408.0,1458.0,-3401.0,-13.0,2.0,-3.0,
1647440536276654958,0.758056640625,0.369140625,0.520080566406,-0.135925292969,7355.0,1445.0,-3352.0,-12.0,0.0,-3.0,
1647440536281241178,0.758117675781,0.368957519531,0.520385742188,-0.135314941406,7276.0,1407.0,-3301.0,-11.0,-2.0,-3.0,
1647440536288361310,0.758117675781,0.368713378906,0.520568847656,-0.134765625,7169.0,1370.0,-3263.0,-10.0,-2.0,-3.0,
1647440536293098926,0.758178710938,0.368591308594,0.520812988281,-0.134338378906,7046.0,1332.0,-3244.0,-9.0,-1.0,-3.0,
1647440536297696352,0.758117675781,0.368469238281,0.521057128906,-0.133972167969,6939.0,1311.0,-3255.0,-8.0,2.0,-4.0,
1647440536302332878,0.757934570312,0.368408203125,0.521362304688,-0.133666992188,6864.0,1301.0,-3282.0,-7.0,4.0,-4.0,
1647440536306906223,0.757751464844,0.368347167969,0.521789550781,-0.133483886719,6803.0,1289.0,-3321.0,-5.0,7.0,-4.0,
1647440536311606645,0.757446289062,0.368347167969,0.522216796875,-0.133422851562,6738.0,1273.0,-3364.0,-5.0,9.0,-4.0,
1647440536316771507,0.757080078125,0.368347167969,0.522766113281,-0.133361816406,6707.0,1270.0,-3399.0,-4.0,11.0,-4.0,
1647440536323810338,0.756713867188,0.368347167969,0.523315429688,-0.133422851562,6737.0,1285.0,-3440.0,-3.0,12.0,-4.0,
1647440536328807115,0.756286621094,0.368347167969,0.523864746094,-0.133483886719,6796.0,1307.0,-3485.0,-2.0,11.0,-4.0,
1647440536333420991,0.755981445312,0.368408203125,0.524291992188,-0.133544921875,6836.0,1348.0,-3523.0,-1.0,10.0,-4.0,
1647440536338292598,0.755615234375,0.368591308594,0.524597167969,-0.133544921875,6886.0,1391.0,-3552.0,0.0,8.0,-4.0,
1647440536343276500,0.75537109375,0.368774414062,0.52490234375,-0.133605957031,6950.0,1415.0,-3568.0,1.0,7.0,-4.0,
1647440536347659587,0.755126953125,0.368957519531,0.525085449219,-0.133728027344,7021.0,1437.0,-3564.0,2.0,5.0,-4.0,
1647440536351994276,0.7548828125,0.369201660156,0.525207519531,-0.133911132812,7100.0,1453.0,-3562.0,3.0,3.0,-4.0,
1647440536356797218,0.754699707031,0.369506835938,0.525207519531,-0.134094238281,7192.0,1457.0,-3548.0,4.0,2.0,-4.0,
1647440536362821340,0.754577636719,0.369812011719,0.525085449219,-0.13427734375,7274.0,1446.0,-3512.0,6.0,0.0,-4.0,
1647440536366513013,0.754455566406,0.370178222656,0.524963378906,-0.134643554688,7332.0,1431.0,-3488.0,8.0,-1.0,-3.0,
1647440536371092081,0.75439453125,0.370544433594,0.524658203125,-0.135009765625,7367.0,1410.0,-3466.0,9.0,-2.0,-2.0,
1647440536378143787,0.75439453125,0.370849609375,0.524353027344,-0.135498046875,7390.0,1390.0,-3444.0,10.0,-3.0,-1.0,
1647440536383068561,0.75439453125,0.371154785156,0.523986816406,-0.135986328125,7403.0,1380.0,-3432.0,10.0,-3.0,0.0,
1647440536387705326,0.75439453125,0.371459960938,0.523620605469,-0.136413574219,7393.0,1371.0,-3447.0,10.0,-4.0,0.0,
1647440536392236471,0.754516601562,0.371765136719,0.523193359375,-0.136840820312,7402.0,1383.0,-3478.0,9.0,-4.0,0.0,
1647440536397064447,0.754577636719,0.372131347656,0.522705078125,-0.137145996094,7426.0,1406.0,-3503.0,9.0,-5.0,0.0,
1647440536401536464,0.754760742188,0.372436523438,0.522155761719,-0.137390136719,7414.0,1410.0,-3532.0,8.0,-7.0,0.0,
1647440536406042575,0.755004882812,0.372802734375,0.521545410156,-0.137573242188,7348.0,1423.0,-3550.0,8.0,-9.0,0.0,
1647440536413116455,0.755249023438,0.373168945312,0.520812988281,-0.1376953125,7256.0,1454.0,-3546.0,7.0,-10.0,-1.0,
1647440536418307542,0.755493164062,0.37353515625,0.520202636719,-0.137756347656,7144.0,1464.0,-3534.0,7.0,-9.0,-1.0,
1647440536424707412,0.755737304688,0.373840332031,0.519653320312,-0.137939453125,7044.0,1463.0,-3509.0,7.0,-8.0,0.0,
1647440536429940700,0.755859375,0.374145507812,0.519165039062,-0.138122558594,6958.0,1470.0,-3482.0,7.0,-6.0,0.0,
1647440536434377908,0.755920410156,0.374389648438,0.518798828125,-0.138427734375,6870.0,1479.0,-3478.0,7.0,-3.0,1.0,
1647440536439080476,0.755920410156,0.374694824219,0.5185546875,-0.138732910156,6792.0,1489.0,-3479.0,8.0,-1.0,0.0,
1647440536443999052,0.755798339844,0.374938964844,0.518371582031,-0.13916015625,6739.0,1507.0,-3485.0,8.0,1.0,0.0,
1647440536448563337,0.755676269531,0.375244140625,0.518188476562,-0.1396484375,6725.0,1515.0,-3501.0,10.0,3.0,1.0,
1647440536453265428,0.755554199219,0.37548828125,0.51806640625,-0.140258789062,6720.0,1510.0,-3524.0,11.0,3.0,2.0,
1647440536457825183,0.755493164062,0.375732421875,0.517822265625,-0.140930175781,6702.0,1479.0,-3534.0,11.0,3.0,3.0,
1647440536462386608,0.755432128906,0.375854492188,0.517578125,-0.141662597656,6673.0,1443.0,-3543.0,11.0,2.0,4.0,
1647440536467222929,0.755432128906,0.3759765625,0.517333984375,-0.142333984375,6646.0,1413.0,-3550.0,10.0,2.0,4.0,
1647440536471844196,0.755310058594,0.376098632812,0.517211914062,-0.143005371094,6626.0,1396.0,-3543.0,9.0,4.0,3.0,
1647440536479708433,0.755126953125,0.376220703125,0.517211914062,-0.143615722656,6633.0,1369.0,-3556.0,8.0,6.0,2.0,
1647440536481418132,0.7548828125,0.376403808594,0.517333984375,-0.144165039062,6682.0,1346.0,-3576.0,7.0,8.0,0.0,
1647440536486179590,0.754516601562,0.376525878906,0.517578125,-0.144653320312,6744.0,1325.0,-3601.0,6.0,10.0,-1.0,
1647440536495743989,0.754089355469,0.376708984375,0.517944335938,-0.145141601562,6799.0,1311.0,-3645.0,5.0,11.0,-3.0,
1647440536497938632,0.753662109375,0.376953125,0.518310546875,-0.1455078125,6862.0,1301.0,-3686.0,4.0,12.0,-4.0,
1647440536502548694,0.753112792969,0.377197265625,0.518798828125,-0.145874023438,6924.0,1278.0,-3728.0,4.0,13.0,-5.0,
1647440536509768486,0.752624511719,0.377380371094,0.519287109375,-0.146179199219,6964.0,1252.0,-3765.0,3.0,13.0,-6.0,
1647440536511269092,0.752197265625,0.377624511719,0.519714355469,-0.146423339844,6983.0,1221.0,-3796.0,2.0,12.0,-6.0,
1647440536516083240,0.751770019531,0.377807617188,0.520141601562,-0.146667480469,7001.0,1194.0,-3821.0,1.0,11.0,-6.0,
1647440536521018028,0.751342773438,0.377990722656,0.520568847656,-0.146789550781,7012.0,1173.0,-3834.0,0.0,11.0,-6.0,
1647440536530390739,0.750915527344,0.378173828125,0.52099609375,-0.146850585938,7028.0,1166.0,-3830.0,-1.0,10.0,-7.0,
1647440536535368680,0.750549316406,0.378356933594,0.521423339844,-0.146850585938,7086.0,1169.0,-3802.0,-1.0,10.0,-7.0,
1647440536539872407,0.750061035156,0.378540039062,0.521911621094,-0.146850585938,7154.0,1173.0,-3763.0,-2.0,10.0,-7.0,
