1650446477419083356,-0.134338378906,0.451049804688,-0.738220214844,0.483276367188,-607.0,-7803.0,5281.0,11.0,56.0,103.0,
1650446477423177480,-0.128967285156,0.452697753906,-0.736083984375,0.486389160156,-707.0,-7968.0,5473.0,11.0,54.0,101.0,
1650446477427705287,-0.123718261719,0.454223632812,-0.734008789062,0.489440917969,-781.0,-8096.0,5568.0,13.0,52.0,100.0,
1650446477434151887,-0.118591308594,0.455749511719,-0.731994628906,0.492370605469,-844.0,-8167.0,5614.0,14.0,51.0,98.0,
1650446477438130378,-0.113525390625,0.457153320312,-0.729919433594,0.495300292969,-906.0,-8190.0,5598.0,14.0,49.0,97.0,
1650446477450716257,-0.108642578125,0.458618164062,-0.727844238281,0.498168945312,-971.0,-8222.0,5544.0,13.0,48.0,96.0,
1650446477451398134,-0.103881835938,0.460021972656,-0.725646972656,0.5009765625,-1042.0,-8287.0,5447.0,12.0,47.0,95.0,
1650446477451879739,-0.0991821289062,0.46142578125,-0.723571777344,0.503662109375,-1098.0,-8393.0,5312.0,14.0,46.0,93.0,
1650446477463922977,-0.0945434570312,0.462890625,-0.721435546875,0.506286621094,-1167.0,-8522.0,5191.0,15.0,46.0,92.0,
1650446477464725017,-0.0899047851562,0.464233398438,-0.719360351562,0.5087890625,-1259.0,-8663.0,5106.0,16.0,46.0,91.0,
1650446477466213941,-0.085205078125,0.465637207031,-0.717407226562,0.511169433594,-1388.0,-8798.0,5044.0,17.0,47.0,89.0,
1650446477470837831,-0.08056640625,0.466918945312,-0.715393066406,0.513488769531,-1551.0,-8889.0,5022.0,18.0,47.0,88.0,
1650446477475307703,-0.0758056640625,0.468200683594,-0.713500976562,0.515686035156,-1736.0,-8927.0,5044.0,18.0,48.0,86.0,
1650446477478800296,-0.0711059570312,0.469482421875,-0.711547851562,0.517883300781,-1939.0,-8895.0,5104.0,17.0,48.0,85.0,
1650446477487717628,-0.0664672851562,0.470764160156,-0.709594726562,0.52001953125,-2152.0,-8815.0,5206.0,14.0,47.0,82.0,
1650446477496531963,-0.06201171875,0.472106933594,-0.707580566406,0.522094726562,-2381.0,-8727.0,5335.0,10.0,47.0,80.0,
1650446477498177051,-0.0578002929688,0.4736328125,-0.705444335938,0.524108886719,-2602.0,-8668.0,5469.0,5.0,45.0,78.0,
1650446477499531984,-0.0537719726562,0.475219726562,-0.703247070312,0.526062011719,-2817.0,-8657.0,5614.0,0.0,44.0,76.0,
1650446477512236118,-0.0501098632812,0.476867675781,-0.700988769531,0.527893066406,-3020.0,-8692.0,5774.0,-4.0,42.0,73.0,
1650446477515490770,-0.0466918945312,0.478576660156,-0.698791503906,0.529602050781,-3189.0,-8765.0,5903.0,-7.0,41.0,70.0,
1650446477518779754,-0.04345703125,0.480285644531,-0.696594238281,0.531188964844,-3338.0,-8838.0,5967.0,-7.0,40.0,67.0,
1650446477523287296,-0.040283203125,0.48193359375,-0.694580078125,0.532653808594,-3459.0,-8889.0,6009.0,-5.0,40.0,65.0,
1650446477529273509,-0.037109375,0.483276367188,-0.692749023438,0.533996582031,-3553.0,-8909.0,6022.0,0.0,39.0,62.0,
1650446477533716440,-0.0338745117188,0.484375,-0.691162109375,0.535217285156,-3632.0,-8898.0,5994.0,5.0,38.0,59.0,
1650446477537164688,-0.0305786132812,0.485229492188,-0.689880371094,0.536376953125,-3699.0,-8859.0,5943.0,11.0,37.0,56.0,
1650446477542650222,-0.0271606445312,0.485900878906,-0.688781738281,0.537414550781,-3765.0,-8807.0,5887.0,16.0,36.0,53.0,
1650446477551544427,-0.0238037109375,0.486267089844,-0.687866210938,0.538330078125,-3827.0,-8734.0,5837.0,20.0,36.0,50.0,
1650446477555029392,-0.0203857421875,0.486511230469,-0.687133789062,0.539184570312,-3887.0,-8668.0,5789.0,24.0,35.0,48.0,
1650446477557385683,-0.0169677734375,0.486694335938,-0.6865234375,0.539916992188,-3959.0,-8629.0,5733.0,25.0,35.0,45.0,
1650446477564459800,-0.0135498046875,0.48681640625,-0.685974121094,0.540588378906,-4025.0,-8615.0,5669.0,27.0,35.0,43.0,
1650446477566513061,-0.0103149414062,0.486877441406,-0.685546875,0.541137695312,-4088.0,-8606.0,5626.0,27.0,34.0,41.0,
1650446477571094036,-0.00714111328125,0.486938476562,-0.685119628906,0.541625976562,-4150.0,-8566.0,5578.0,27.0,34.0,39.0,
1650446477575666427,-0.0040283203125,0.487060546875,-0.684814453125,0.542053222656,-4230.0,-8485.0,5533.0,26.0,33.0,37.0,
1650446477578989982,-0.0010986328125,0.487182617188,-0.684448242188,0.542358398438,-4316.0,-8399.0,5507.0,24.0,33.0,34.0,
1650446477586930036,0.001708984375,0.487365722656,-0.68408203125,0.542602539062,-4391.0,-8297.0,5425.0,22.0,32.0,32.0,
1650446477594256639,0.00433349609375,0.487731933594,-0.683715820312,0.542724609375,-4481.0,-8123.0,5293.0,19.0,32.0,29.0,
1650446477596114873,0.00689697265625,0.488220214844,-0.683288574219,0.542785644531,-4611.0,-7956.0,5289.0,16.0,32.0,27.0,
1650446477600667238,0.00927734375,0.488586425781,-0.682983398438,0.542907714844,-4740.0,-7935.0,5382.0,15.0,28.0,24.0,
1650446477604235172,0.0111694335938,0.488830566406,-0.682739257812,0.54296875,-4843.0,-8116.0,5466.0,13.0,24.0,20.0,
1650446477615803718,0.0126342773438,0.489074707031,-0.6826171875,0.542846679688,-4952.0,-8394.0,5659.0,12.0,21.0,17.0,
1650446477619747400,0.0138549804688,0.489196777344,-0.682739257812,0.542602539062,-5034.0,-8631.0,5841.0,14.0,19.0,12.0,
1650446477625476837,0.0150146484375,0.489074707031,-0.68310546875,0.542175292969,-5092.0,-8728.0,5989.0,16.0,18.0,8.0,
1650446477628877878,0.0161743164062,0.488830566406,-0.68359375,0.541687011719,-5123.0,-8670.0,6080.0,19.0,17.0,5.0,
1650446477633329391,0.017333984375,0.488403320312,-0.684265136719,0.541198730469,-5164.0,-8535.0,6228.0,21.0,17.0,2.0,
1650446477638925552,0.0185546875,0.487670898438,-0.685119628906,0.540710449219,-5170.0,-8421.0,6351.0,23.0,14.0,-1.0,
1650446477642602205,0.0195922851562,0.48681640625,-0.686157226562,0.540161132812,-5154.0,-8286.0,6408.0,25.0,12.0,-3.0,
1650446477648150444,0.0205078125,0.485961914062,-0.687255859375,0.53955078125,-5132.0,-8053.0,6393.0,25.0,11.0,-6.0,
1650446477651927232,0.0215454101562,0.484985351562,-0.688354492188,0.538940429688,-5069.0,-7762.0,6301.0,27.0,11.0,-7.0,
1650446477656751155,0.0226440429688,0.484008789062,-0.689514160156,0.538269042969,-4952.0,-7478.0,6136.0,28.0,10.0,-8.0,
1650446477661521434,0.0236206054688,0.483032226562,-0.690734863281,0.53759765625,-4804.0,-7229.0,5928.0,28.0,10.0,-9.0,
1650446477667070865,0.024658203125,0.482116699219,-0.691955566406,0.536804199219,-4669.0,-7000.0,5731.0,29.0,10.0,-9.0,
1650446477670362472,0.0256958007812,0.481079101562,-0.693237304688,0.536010742188,-4558.0,-6789.0,5564.0,31.0,11.0,-9.0,
1650446477676780462,0.0269165039062,0.47998046875,-0.694519042969,0.535217285156,-4499.0,-6602.0,5452.0,34.0,11.0,-8.0,
1650446477682380437,0.0283203125,0.478759765625,-0.695922851562,0.534545898438,-4474.0,-6429.0,5386.0,37.0,11.0,-8.0,
1650446477686470508,0.0299072265625,0.477355957031,-0.697326660156,0.533874511719,-4481.0,-6217.0,5357.0,40.0,11.0,-7.0,
1650446477691264152,0.0316162109375,0.475830078125,-0.69873046875,0.533264160156,-4508.0,-5935.0,5364.0,42.0,12.0,-6.0,
1650446477696413755,0.0335083007812,0.474182128906,-0.700134277344,0.532775878906,-4529.0,-5656.0,5384.0,42.0,12.0,-5.0,
1650446477703265190,0.035400390625,0.472595214844,-0.701416015625,0.532348632812,-4541.0,-5430.0,5377.0,40.0,12.0,-4.0,
1650446477706736326,0.0372314453125,0.47119140625,-0.702575683594,0.531921386719,-4551.0,-5270.0,5344.0,37.0,12.0,-3.0,
1650446477713951587,0.0388793945312,0.469909667969,-0.703674316406,0.531494140625,-4565.0,-5182.0,5282.0,35.0,12.0,-3.0,
1650446477718798637,0.04052734375,0.46875,-0.704711914062,0.531066894531,-4585.0,-5149.0,5182.0,33.0,12.0,-2.0,
1650446477723365068,0.0421752929688,0.467712402344,-0.705627441406,0.530578613281,-4609.0,-5182.0,5085.0,33.0,12.0,-1.0,
1650446477727835655,0.0437622070312,0.466674804688,-0.706604003906,0.530090332031,-4635.0,-5235.0,5020.0,34.0,12.0,-1.0,
1650446477732584476,0.0453491210938,0.465637207031,-0.707580566406,0.529602050781,-4678.0,-5256.0,4967.0,34.0,12.0,-1.0,
1650446477738249778,0.0470581054688,0.464599609375,-0.70849609375,0.529052734375,-4736.0,-5200.0,4951.0,35.0,12.0,-1.0,
1650446477741684675,0.0487670898438,0.463500976562,-0.70947265625,0.528625488281,-4809.0,-5073.0,4968.0,34.0,12.0,-1.0,
1650446477746180772,0.050537109375,0.462341308594,-0.710327148438,0.5283203125,-4881.0,-4923.0,4993.0,33.0,11.0,0.0,
1650446477750736713,0.0521850585938,0.461242675781,-0.711120605469,0.528076171875,-4936.0,-4825.0,5008.0,30.0,10.0,-1.0,
1650446477756446838,0.0536499023438,0.460205078125,-0.711853027344,0.527770996094,-4984.0,-4806.0,5008.0,27.0,8.0,-1.0,
1650446477758764982,0.0548706054688,0.459289550781,-0.712524414062,0.527587890625,-5018.0,-4831.0,4985.0,25.0,7.0,-1.0,
1650446477779416084,0.0560913085938,0.458435058594,-0.713134765625,0.52734375,-5050.0,-4878.0,4947.0,24.0,6.0,0.0,
1650446477883970260,0.0572509765625,0.457641601562,-0.713684082031,0.527160644531,-5087.0,-4919.0,4928.0,24.0,6.0,1.0,
1650446477886492252,0.058349609375,0.456848144531,-0.714294433594,0.526916503906,-5128.0,-4941.0,4923.0,24.0,6.0,0.0,
1650446477886806964,0.0594482421875,0.455993652344,-0.714904785156,0.526733398438,-5180.0,-4937.0,4937.0,23.0,5.0,0.0,
1650446477887624502,0.0604858398438,0.455200195312,-0.715454101562,0.526550292969,-5243.0,-4894.0,4979.0,22.0,4.0,-1.0,
1650446477888298034,0.0615234375,0.454467773438,-0.715942382812,0.526428222656,-5315.0,-4817.0,4978.0,19.0,4.0,0.0,
1650446477889197111,0.0624389648438,0.453857421875,-0.71630859375,0.526306152344,-5389.0,-4770.0,4983.0,16.0,4.0,-1.0,
1650446477890249490,0.0631713867188,0.453430175781,-0.716613769531,0.526184082031,-5421.0,-4763.0,4993.0,12.0,3.0,-1.0,
1650446477891186237,0.0637817382812,0.453063964844,-0.716857910156,0.526123046875,-5415.0,-4742.0,5015.0,10.0,2.0,-1.0,
1650446477891759634,0.0642700195312,0.452697753906,-0.717041015625,0.526062011719,-5407.0,-4703.0,5069.0,8.0,2.0,-1.0,
1650446477892328977,0.0646362304688,0.452392578125,-0.71728515625,0.526000976562,-5437.0,-4654.0,5174.0,7.0,1.0,-1.0,
1650446477893279314,0.0654907226562,0.45166015625,-0.717712402344,0.525939941406,-5608.0,-4772.0,5239.0,3.0,-1.0,-3.0,
1650446477898046731,0.065673828125,0.451538085938,-0.717834472656,0.525817871094,-5635.0,-4860.0,5230.0,5.0,-1.0,-3.0,
1650446477898619890,0.06591796875,0.451293945312,-0.718078613281,0.525634765625,-5647.0,-4900.0,5269.0,6.0,0.0,-4.0,
1650446477900062799,0.0662231445312,0.450927734375,-0.718444824219,0.525451660156,-5654.0,-4915.0,5328.0,8.0,0.0,-5.0,
1650446477900535345,0.0665283203125,0.450439453125,-0.718872070312,0.525207519531,-5644.0,-4909.0,5371.0,11.0,0.0,-6.0,
1650446477901201963,0.0669555664062,0.449829101562,-0.719421386719,0.524963378906,-5632.0,-4870.0,5383.0,13.0,0.0,-6.0,
1650446477901587724,0.0674438476562,0.449096679688,-0.720031738281,0.524658203125,-5623.0,-4798.0,5404.0,16.0,0.0,-7.0,
1650446477917905807,0.068115234375,0.4482421875,-0.720764160156,0.524353027344,-5608.0,-4707.0,5428.0,18.0,0.0,-7.0,
1650446477924039125,0.06884765625,0.447204589844,-0.721496582031,0.524108886719,-5590.0,-4644.0,5448.0,21.0,0.0,-7.0,
1650446477924504041,0.0695190429688,0.446166992188,-0.722290039062,0.523803710938,-5567.0,-4599.0,5463.0,22.0,0.0,-8.0,
1650446477924883604,0.0701904296875,0.445068359375,-0.72314453125,0.5234375,-5538.0,-4597.0,5456.0,22.0,-1.0,-8.0,
1650446477942801952,0.07080078125,0.444030761719,-0.724060058594,0.523071289062,-5507.0,-4574.0,5445.0,23.0,-1.0,-8.0,
1650446477946548461,0.0714721679688,0.442932128906,-0.724914550781,0.522705078125,-5487.0,-4505.0,5419.0,23.0,-1.0,-9.0,
1650446477948140859,0.0721435546875,0.44189453125,-0.725708007812,0.522338867188,-5474.0,-4394.0,5420.0,22.0,-1.0,-8.0,
1650446477948869228,0.07275390625,0.440856933594,-0.726440429688,0.522094726562,-5459.0,-4272.0,5417.0,19.0,-1.0,-8.0,
1650446477949651241,0.0732421875,0.440002441406,-0.72705078125,0.521911621094,-5457.0,-4178.0,5428.0,15.0,-3.0,-7.0,
1650446477950240373,0.0734252929688,0.439331054688,-0.727478027344,0.521850585938,-5466.0,-4120.0,5449.0,9.0,-4.0,-6.0,
1650446477950803279,0.0734252929688,0.438903808594,-0.727722167969,0.521911621094,-5483.0,-4066.0,5482.0,3.0,-6.0,-6.0,
1650446477951394557,0.0731201171875,0.438659667969,-0.727844238281,0.522033691406,-5519.0,-4018.0,5507.0,-3.0,-8.0,-5.0,
1650446477952053785,0.0726318359375,0.438659667969,-0.727722167969,0.522216796875,-5542.0,-3982.0,5500.0,-10.0,-9.0,-5.0,
1650446477952679157,0.0717163085938,0.439025878906,-0.727416992188,0.522521972656,-5549.0,-3960.0,5459.0,-18.0,-11.0,-5.0,
1650446478036184072,0.070556640625,0.439758300781,-0.726806640625,0.522827148438,-5531.0,-3930.0,5425.0,-26.0,-12.0,-5.0,
1650446478038248300,0.0689697265625,0.440795898438,-0.726013183594,0.523254394531,-5498.0,-3889.0,5364.0,-35.0,-14.0,-5.0,
1650446478045164346,0.0670776367188,0.442138671875,-0.725036621094,0.523742675781,-5498.0,-3823.0,5356.0,-43.0,-15.0,-5.0,
1650446478046741724,0.0648803710938,0.443786621094,-0.723754882812,0.5244140625,-5505.0,-3797.0,5330.0,-53.0,-17.0,-5.0,
1650446478047256231,0.0623168945312,0.445739746094,-0.722290039062,0.525085449219,-5528.0,-3786.0,5319.0,-60.0,-19.0,-4.0,
1650446478048137903,0.0594482421875,0.447875976562,-0.720581054688,0.525939941406,-5539.0,-3804.0,5309.0,-67.0,-21.0,-4.0,
1650446478050180673,0.0563354492188,0.450256347656,-0.71875,0.526794433594,-5538.0,-3851.0,5306.0,-72.0,-24.0,-4.0,
1650446478052490949,0.0529174804688,0.45263671875,-0.716796875,0.527709960938,-5531.0,-3937.0,5308.0,-76.0,-26.0,-4.0,
1650446478053571939,0.0492553710938,0.455200195312,-0.714782714844,0.528686523438,-5522.0,-4057.0,5331.0,-80.0,-28.0,-5.0,
1650446478054597139,0.04541015625,0.457702636719,-0.712707519531,0.529602050781,-5511.0,-4187.0,5378.0,-82.0,-30.0,-5.0,
1650446478055169582,0.0413208007812,0.460266113281,-0.710571289062,0.530578613281,-5513.0,-4320.0,5429.0,-84.0,-32.0,-6.0,
1650446478056620359,0.0371704101562,0.462829589844,-0.708435058594,0.531555175781,-5519.0,-4445.0,5503.0,-86.0,-33.0,-6.0,
1650446478057115554,0.0328369140625,0.465270996094,-0.706298828125,0.532531738281,-5528.0,-4576.0,5582.0,-87.0,-35.0,-7.0,
1650446478058000087,0.0282592773438,0.4677734375,-0.7041015625,0.533508300781,-5527.0,-4713.0,5666.0,-89.0,-37.0,-8.0,
1650446478058701276,0.0234985351562,0.470275878906,-0.701843261719,0.534484863281,-5526.0,-4834.0,5754.0,-92.0,-39.0,-10.0,
1650446478060319185,0.0185546875,0.472839355469,-0.699584960938,0.535400390625,-5519.0,-4921.0,5822.0,-94.0,-41.0,-11.0,
1650446478142682075,0.013427734375,0.475341796875,-0.697204589844,0.536376953125,-5506.0,-4983.0,5876.0,-97.0,-43.0,-12.0,
1650446478145126104,0.0081787109375,0.477905273438,-0.69482421875,0.537292480469,-5485.0,-5034.0,5898.0,-99.0,-44.0,-13.0,
1650446478145678997,0.002685546875,0.480529785156,-0.6923828125,0.538208007812,-5467.0,-5090.0,5886.0,-102.0,-46.0,-15.0,
1650446478146194696,-0.00299072265625,0.483154296875,-0.689880371094,0.5390625,-5446.0,-5160.0,5840.0,-104.0,-48.0,-17.0,
1650446478146895408,-0.0089111328125,0.485900878906,-0.687316894531,0.539855957031,-5419.0,-5266.0,5773.0,-107.0,-49.0,-18.0,
1650446478147839546,-0.0150146484375,0.488586425781,-0.684692382812,0.540588378906,-5382.0,-5412.0,5667.0,-108.0,-51.0,-19.0,
1650446478148416757,-0.021240234375,0.491333007812,-0.682006835938,0.541259765625,-5322.0,-5579.0,5550.0,-108.0,-53.0,-21.0,
1650446478148965358,-0.0275268554688,0.493957519531,-0.679443359375,0.541809082031,-5252.0,-5748.0,5435.0,-107.0,-53.0,-22.0,
1650446478150354146,-0.0338745117188,0.496520996094,-0.676940917969,0.542236328125,-5178.0,-5913.0,5329.0,-105.0,-54.0,-24.0,
1650446478151226997,-0.0402221679688,0.498901367188,-0.674560546875,0.542602539062,-5101.0,-6078.0,5250.0,-102.0,-54.0,-25.0,
1650446478152261972,-0.0465698242188,0.501098632812,-0.672241210938,0.54296875,-5023.0,-6243.0,5206.0,-100.0,-55.0,-27.0,
1650446478153076648,-0.0528564453125,0.503112792969,-0.670043945312,0.543273925781,-4960.0,-6412.0,5164.0,-97.0,-56.0,-28.0,
1650446478153830289,-0.0591430664062,0.505004882812,-0.667907714844,0.543518066406,-4913.0,-6575.0,5140.0,-94.0,-56.0,-29.0,
1650446478154610633,-0.0653686523438,0.506652832031,-0.665893554688,0.543701171875,-4871.0,-6702.0,5132.0,-92.0,-57.0,-30.0,
1650446478155073881,-0.0715942382812,0.508178710938,-0.663940429688,0.543884277344,-4828.0,-6773.0,5120.0,-89.0,-58.0,-31.0,
1650446478155684471,-0.0778198242188,0.509643554688,-0.661987304688,0.544067382812,-4779.0,-6791.0,5082.0,-89.0,-58.0,-32.0,
1650446478156113147,-0.0840454101562,0.511047363281,-0.659973144531,0.544250488281,-4714.0,-6796.0,5012.0,-90.0,-59.0,-33.0,
1650446478157223224,-0.0904541015625,0.512512207031,-0.657897949219,0.544372558594,-4636.0,-6822.0,4910.0,-92.0,-60.0,-33.0,
1650446478157612800,-0.0969848632812,0.513977050781,-0.65576171875,0.54443359375,-4534.0,-6892.0,4808.0,-94.0,-61.0,-34.0,
1650446478158478498,-0.103759765625,0.515502929688,-0.653503417969,0.54443359375,-4422.0,-7015.0,4693.0,-96.0,-63.0,-35.0,
1650446478159042835,-0.110656738281,0.51708984375,-0.651245117188,0.544311523438,-4290.0,-7198.0,4566.0,-98.0,-64.0,-36.0,
1650446478164376735,-0.117858886719,0.518676757812,-0.64892578125,0.544006347656,-4147.0,-7415.0,4423.0,-99.0,-64.0,-38.0,
1650446478166050195,-0.139953613281,0.523193359375,-0.642150878906,0.54248046875,-3757.0,-8137.0,4179.0,-99.0,-65.0,-44.0,
1650446478167356967,-0.147399902344,0.524475097656,-0.640075683594,0.541687011719,-3649.0,-8346.0,4123.0,-97.0,-65.0,-46.0,
1650446478168319463,-0.15478515625,0.525634765625,-0.638122558594,0.540832519531,-3555.0,-8530.0,4073.0,-95.0,-65.0,-49.0,
1650446478169228792,-0.162170410156,0.526611328125,-0.636291503906,0.539916992188,-3464.0,-8699.0,4025.0,-92.0,-65.0,-51.0,
1650446478170529842,-0.16943359375,0.527404785156,-0.634582519531,0.538940429688,-3361.0,-8861.0,3951.0,-88.0,-65.0,-53.0,
1650446478171085834,-0.176696777344,0.528015136719,-0.633056640625,0.537780761719,-3253.0,-9019.0,3866.0,-85.0,-64.0,-56.0,
1650446478171517848,-0.183959960938,0.528442382812,-0.631713867188,0.536499023438,-3140.0,-9173.0,3786.0,-81.0,-64.0,-59.0,
1650446478171983718,-0.191162109375,0.528686523438,-0.630554199219,0.53515625,-3031.0,-9301.0,3703.0,-77.0,-64.0,-62.0,
1650446478176427841,-0.1982421875,0.528747558594,-0.629577636719,0.533630371094,-2923.0,-9407.0,3632.0,-73.0,-63.0,-64.0,
1650446478186385869,-0.205322265625,0.528625488281,-0.628723144531,0.532104492188,-2824.0,-9490.0,3548.0,-70.0,-63.0,-67.0,
1650446478187195539,-0.212341308594,0.528381347656,-0.627990722656,0.530395507812,-2728.0,-9583.0,3460.0,-68.0,-62.0,-69.0,
1650446478189995765,-0.219299316406,0.528015136719,-0.627380371094,0.528625488281,-2635.0,-9698.0,3349.0,-66.0,-61.0,-71.0,
1650446478195017814,-0.226257324219,0.527648925781,-0.626892089844,0.526672363281,-2547.0,-9820.0,3246.0,-64.0,-60.0,-73.0,
1650446478202621936,-0.233215332031,0.527221679688,-0.626403808594,0.524597167969,-2460.0,-9963.0,3129.0,-63.0,-59.0,-76.0,
1650446478206243991,-0.240173339844,0.526733398438,-0.626037597656,0.522399902344,-2353.0,-10098.0,2975.0,-62.0,-58.0,-78.0,
1650446478211973667,-0.247131347656,0.526245117188,-0.625793457031,0.519958496094,-2238.0,-10208.0,2787.0,-61.0,-56.0,-81.0,
1650446478215786457,-0.254028320312,0.525756835938,-0.625610351562,0.517395019531,-2117.0,-10282.0,2603.0,-59.0,-54.0,-83.0,
1650446478218790054,-0.260803222656,0.525207519531,-0.625549316406,0.5146484375,-1984.0,-10324.0,2404.0,-57.0,-52.0,-85.0,
1650446478234688282,-0.273986816406,0.523742675781,-0.625854492188,0.508850097656,-1717.0,-10351.0,2051.0,-49.0,-47.0,-88.0,
1650446478248685359,-0.286499023438,0.521667480469,-0.626953125,0.502624511719,-1492.0,-10428.0,1767.0,-41.0,-44.0,-92.0,
1650446478256746530,-0.29248046875,0.520385742188,-0.627868652344,0.499450683594,-1393.0,-10496.0,1629.0,-36.0,-41.0,-94.0,
1650446478259647846,-0.298278808594,0.518981933594,-0.62890625,0.496154785156,-1297.0,-10533.0,1511.0,-31.0,-39.0,-96.0,
1650446478271674156,-0.303833007812,0.517395019531,-0.630126953125,0.492797851562,-1217.0,-10518.0,1432.0,-27.0,-37.0,-97.0,
1650446478293648719,-0.309265136719,0.515747070312,-0.631530761719,0.489440917969,-1152.0,-10449.0,1352.0,-24.0,-35.0,-98.0,
1650446478297761201,-0.314453125,0.513977050781,-0.632995605469,0.486022949219,-1089.0,-10336.0,1253.0,-21.0,-33.0,-100.0,
1650446478301867008,-0.319580078125,0.51220703125,-0.634582519531,0.482543945312,-1027.0,-10196.0,1132.0,-20.0,-30.0,-100.0,
1650446478302254438,-0.324584960938,0.510437011719,-0.636169433594,0.478881835938,-961.0,-10031.0,1010.0,-20.0,-28.0,-101.0,
1650446478305532932,-0.329528808594,0.5087890625,-0.637817382812,0.475158691406,-868.0,-9855.0,853.0,-20.0,-26.0,-102.0,
1650446478309382200,-0.33447265625,0.507141113281,-0.639404296875,0.471252441406,-838.0,-9621.0,1032.0,-21.0,-24.0,-103.0,
1650446478310011386,-0.339294433594,0.50537109375,-0.64111328125,0.467346191406,-756.0,-9541.0,1001.0,-25.0,-23.0,-105.0,
1650446478310737133,-0.344177246094,0.503723144531,-0.642883300781,0.463195800781,-643.0,-9708.0,786.0,-23.0,-21.0,-106.0,
1650446478311417341,-0.348815917969,0.502075195312,-0.644714355469,0.458923339844,-528.0,-9901.0,512.0,-15.0,-16.0,-106.0,
1650446478311760902,-0.353271484375,0.500366210938,-0.646667480469,0.454650878906,-505.0,-9653.0,499.0,-11.0,-14.0,-106.0,
1650446478312563180,-0.357482910156,0.49853515625,-0.648620605469,0.450500488281,-463.0,-9132.0,556.0,-14.0,-14.0,-106.0,
1650446478316756248,-0.361755371094,0.496887207031,-0.650512695312,0.446228027344,-375.0,-8750.0,486.0,-21.0,-13.0,-105.0,
1650446478320666313,-0.366088867188,0.495483398438,-0.652160644531,0.441711425781,-262.0,-8674.0,276.0,-24.0,-10.0,-104.0,
1650446478332154512,-0.370300292969,0.494384765625,-0.65380859375,0.437072753906,-163.0,-8790.0,97.0,-23.0,-6.0,-104.0,
1650446478332817316,-0.374389648438,0.493103027344,-0.655517578125,0.432373046875,-49.0,-8907.0,-41.0,-19.0,-4.0,-104.0,
1650446478335783720,-0.378173828125,0.491638183594,-0.657531738281,0.427734375,67.0,-8924.0,-104.0,-12.0,-1.0,-104.0,
1650446478340090513,-0.381591796875,0.489868164062,-0.659851074219,0.423156738281,172.0,-8843.0,-130.0,-5.0,2.0,-105.0,
1650446478343513488,-0.384582519531,0.48779296875,-0.662475585938,0.418701171875,261.0,-8734.0,-149.0,3.0,5.0,-104.0,
1650446478350764513,-0.387268066406,0.485473632812,-0.665283203125,0.414428710938,315.0,-8667.0,-122.0,10.0,8.0,-103.0,
1650446478354909896,-0.389526367188,0.48291015625,-0.668395996094,0.410278320312,361.0,-8636.0,-77.0,17.0,10.0,-102.0,
1650446478361909866,-0.391540527344,0.480163574219,-0.671630859375,0.40625,417.0,-8597.0,-27.0,23.0,12.0,-102.0,
1650446478365778446,-0.393249511719,0.477233886719,-0.675109863281,0.402282714844,477.0,-8505.0,4.0,29.0,15.0,-102.0,
1650446478370231628,-0.394775390625,0.47412109375,-0.678771972656,0.398376464844,533.0,-8352.0,38.0,34.0,17.0,-101.0,
1650446478373578310,-0.396057128906,0.470947265625,-0.682434082031,0.394470214844,572.0,-8151.0,54.0,36.0,19.0,-100.0,
1650446478415044784,-0.397277832031,0.4677734375,-0.686157226562,0.390625,616.0,-7908.0,58.0,36.0,20.0,-99.0,
1650446478416007757,-0.3984375,0.464721679688,-0.689758300781,0.386657714844,668.0,-7631.0,55.0,35.0,21.0,-98.0,
1650446478417285680,-0.399597167969,0.461791992188,-0.693298339844,0.382690429688,737.0,-7357.0,20.0,32.0,22.0,-97.0,
1650446478418861150,-0.400756835938,0.459045410156,-0.696716308594,0.378540039062,827.0,-7117.0,-34.0,28.0,24.0,-96.0,
1650446478419777870,-0.401977539062,0.456604003906,-0.699890136719,0.374267578125,923.0,-6912.0,-82.0,23.0,25.0,-94.0,
1650446478421107053,-0.403259277344,0.454406738281,-0.702941894531,0.369873046875,1024.0,-6748.0,-117.0,18.0,26.0,-93.0,
1650446478421925783,-0.404479980469,0.452453613281,-0.705871582031,0.365417480469,1141.0,-6620.0,-151.0,14.0,28.0,-91.0,
1650446478422398567,-0.405639648438,0.450622558594,-0.708679199219,0.36083984375,1265.0,-6510.0,-195.0,11.0,29.0,-90.0,
1650446478422872781,-0.40673828125,0.449035644531,-0.711364746094,0.356201171875,1378.0,-6413.0,-256.0,9.0,32.0,-88.0,
1650446478427653789,-0.40771484375,0.447570800781,-0.714050292969,0.3515625,1477.0,-6354.0,-315.0,7.0,35.0,-86.0,
1650446478431219339,-0.408447265625,0.4462890625,-0.716674804688,0.346923828125,1559.0,-6341.0,-328.0,7.0,38.0,-83.0,
1650446478437282800,-0.408996582031,0.445068359375,-0.719360351562,0.342346191406,1633.0,-6361.0,-322.0,8.0,40.0,-81.0,
1650446478441154956,-0.409240722656,0.443786621094,-0.72216796875,0.337768554688,1692.0,-6398.0,-268.0,11.0,43.0,-80.0,
1650446478445512771,-0.409301757812,0.442443847656,-0.725036621094,0.333312988281,1735.0,-6443.0,-180.0,14.0,45.0,-79.0,
1650446478449700117,-0.409057617188,0.440979003906,-0.72802734375,0.329040527344,1767.0,-6474.0,-80.0,17.0,47.0,-77.0,
1650446478452880144,-0.408630371094,0.439392089844,-0.731079101562,0.324829101562,1776.0,-6518.0,42.0,20.0,49.0,-75.0,
1650446478461638450,-0.407958984375,0.437683105469,-0.734252929688,0.320861816406,1774.0,-6586.0,194.0,24.0,50.0,-73.0,
1650446478472987174,-0.407043457031,0.435791015625,-0.737487792969,0.317016601562,1759.0,-6644.0,363.0,29.0,50.0,-72.0,
1650446478473532915,-0.405944824219,0.433654785156,-0.740905761719,0.313415527344,1730.0,-6657.0,533.0,35.0,50.0,-72.0,
1650446478474198341,-0.404724121094,0.431274414062,-0.744445800781,0.309936523438,1704.0,-6594.0,690.0,39.0,50.0,-71.0,
1650446478480676651,-0.403442382812,0.428771972656,-0.747985839844,0.306579589844,1682.0,-6462.0,858.0,42.0,50.0,-70.0,
1650446478484948158,-0.402038574219,0.426147460938,-0.751525878906,0.303283691406,1683.0,-6283.0,1007.0,43.0,49.0,-68.0,
1650446478497609376,-0.400634765625,0.423522949219,-0.755065917969,0.300048828125,1696.0,-6087.0,1140.0,42.0,49.0,-67.0,
1650446478500139951,-0.399353027344,0.420959472656,-0.758422851562,0.296813964844,1728.0,-5888.0,1235.0,40.0,48.0,-65.0,
1650446478500949144,-0.398132324219,0.418579101562,-0.761657714844,0.293579101562,1784.0,-5706.0,1303.0,37.0,47.0,-64.0,
1650446478506191253,-0.39697265625,0.416381835938,-0.764709472656,0.290344238281,1829.0,-5545.0,1394.0,32.0,46.0,-62.0,
1650446478509853124,-0.395874023438,0.414367675781,-0.767578125,0.287048339844,1877.0,-5381.0,1513.0,28.0,45.0,-60.0,
1650446478516520977,-0.394836425781,0.41259765625,-0.770324707031,0.283752441406,1967.0,-5244.0,1492.0,23.0,44.0,-58.0,
1650446478519934177,-0.393920898438,0.4111328125,-0.772827148438,0.280334472656,2078.0,-5143.0,1416.0,18.0,46.0,-57.0,
1650446478523980140,-0.392944335938,0.410034179688,-0.775207519531,0.276794433594,2154.0,-5057.0,1384.0,15.0,48.0,-55.0,
1650446478534084796,-0.391906738281,0.409118652344,-0.777465820312,0.273254394531,2220.0,-4990.0,1365.0,10.0,49.0,-53.0,
1650446478542316913,-0.390869140625,0.408447265625,-0.779541015625,0.269714355469,2290.0,-4980.0,1351.0,6.0,49.0,-50.0,
1650446478542831182,-0.389770507812,0.408020019531,-0.781494140625,0.266235351562,2348.0,-5069.0,1376.0,3.0,49.0,-48.0,
1650446478549078464,-0.388549804688,0.407775878906,-0.783447265625,0.2626953125,2389.0,-5236.0,1468.0,1.0,50.0,-47.0,
1650446478552036046,-0.38720703125,0.407531738281,-0.785339355469,0.25927734375,2417.0,-5447.0,1597.0,2.0,52.0,-46.0,
1650446478556535959,-0.385681152344,0.407165527344,-0.787353515625,0.255981445312,2430.0,-5676.0,1760.0,5.0,52.0,-45.0,
1650446478566988229,-0.383911132812,0.406555175781,-0.78955078125,0.252990722656,2425.0,-5886.0,1945.0,11.0,53.0,-43.0,
1650446478579612016,-0.381896972656,0.405578613281,-0.791870117188,0.250183105469,2425.0,-6064.0,2135.0,20.0,54.0,-42.0,
1650446478580207824,-0.379699707031,0.404174804688,-0.794494628906,0.247680664062,2426.0,-6164.0,2315.0,28.0,54.0,-41.0,
1650446478580582857,-0.377258300781,0.40234375,-0.797241210938,0.245300292969,2419.0,-6185.0,2454.0,37.0,55.0,-40.0,
1650446478580995559,-0.374694824219,0.400085449219,-0.800231933594,0.243225097656,2403.0,-6137.0,2588.0,45.0,55.0,-39.0,
1650446478609639883,-0.371948242188,0.397521972656,-0.803405761719,0.241333007812,2388.0,-6042.0,2737.0,52.0,55.0,-38.0,
1650446478610607147,-0.369201660156,0.394653320312,-0.806579589844,0.239562988281,2383.0,-5932.0,2850.0,56.0,54.0,-37.0,
1650446478611197948,-0.366394042969,0.391662597656,-0.809814453125,0.237915039062,2406.0,-5820.0,2921.0,58.0,53.0,-36.0,
1650446478613263845,-0.363647460938,0.388610839844,-0.81298828125,0.236328125,2448.0,-5706.0,2949.0,59.0,52.0,-35.0,
1650446478613818407,-0.360900878906,0.385681152344,-0.816040039062,0.234741210938,2514.0,-5572.0,2965.0,59.0,52.0,-34.0,
1650446478614457607,-0.358215332031,0.3828125,-0.819030761719,0.233093261719,2590.0,-5418.0,2971.0,56.0,52.0,-32.0,
1650446478615540504,-0.355651855469,0.380310058594,-0.821838378906,0.231384277344,2671.0,-5238.0,3007.0,50.0,52.0,-31.0,
1650446478622241497,-0.353149414062,0.378051757812,-0.824462890625,0.229553222656,2738.0,-5062.0,3056.0,42.0,52.0,-30.0,
1650446478628103494,-0.350769042969,0.376220703125,-0.826843261719,0.227600097656,2787.0,-4930.0,3132.0,34.0,51.0,-29.0,
1650446478629992008,-0.348388671875,0.374755859375,-0.829040527344,0.2255859375,2826.0,-4861.0,3239.0,27.0,51.0,-27.0,
1650446478638863086,-0.346130371094,0.373657226562,-0.8310546875,0.223571777344,2857.0,-4878.0,3386.0,21.0,50.0,-25.0,
1650446478650574684,-0.341430664062,0.371948242188,-0.834777832031,0.219787597656,2886.0,-5202.0,3721.0,18.0,48.0,-22.0,
1650446478651545524,-0.339050292969,0.370971679688,-0.836547851562,0.218139648438,2896.0,-5444.0,3872.0,21.0,47.0,-21.0,
1650446478655931949,-0.336547851562,0.369750976562,-0.838500976562,0.216796875,2911.0,-5697.0,4005.0,28.0,47.0,-19.0,
1650446478661934614,-0.333862304688,0.368103027344,-0.840576171875,0.215637207031,2936.0,-5912.0,4131.0,38.0,47.0,-18.0,
1650446478665911436,-0.330993652344,0.365966796875,-0.842895507812,0.214782714844,2982.0,-6073.0,4223.0,48.0,48.0,-18.0,
1650446478671676635,-0.328002929688,0.363220214844,-0.845397949219,0.214050292969,3033.0,-6126.0,4298.0,59.0,49.0,-17.0,
1650446478674108982,-0.324768066406,0.359924316406,-0.848205566406,0.213500976562,3087.0,-6084.0,4366.0,69.0,51.0,-17.0,
1650446478681944847,-0.3212890625,0.356201171875,-0.851196289062,0.213073730469,3116.0,-5982.0,4413.0,77.0,52.0,-16.0,
1650446478685847043,-0.317687988281,0.352172851562,-0.854309082031,0.212768554688,3133.0,-5836.0,4453.0,83.0,53.0,-15.0,
1650446478690395832,-0.314025878906,0.347961425781,-0.857421875,0.212463378906,3133.0,-5687.0,4470.0,86.0,54.0,-15.0,
1650446478694963932,-0.310302734375,0.343688964844,-0.860595703125,0.212158203125,3117.0,-5548.0,4477.0,86.0,55.0,-15.0,
1650446478699497461,-0.306518554688,0.339538574219,-0.863647460938,0.211853027344,3092.0,-5463.0,4481.0,85.0,55.0,-15.0,
1650446478703266859,-0.302795410156,0.335510253906,-0.866638183594,0.211486816406,3064.0,-5416.0,4461.0,83.0,55.0,-15.0,
1650446478731149196,-0.299072265625,0.331604003906,-0.869567871094,0.211059570312,3032.0,-5394.0,4441.0,81.0,56.0,-15.0,
1650446478732049226,-0.295349121094,0.327880859375,-0.872375488281,0.210510253906,2986.0,-5393.0,4487.0,79.0,56.0,-15.0,
1650446478732392549,-0.291564941406,0.32421875,-0.875122070312,0.210021972656,2925.0,-5386.0,4568.0,77.0,57.0,-15.0,
1650446478757673740,-0.287719726562,0.320678710938,-0.877807617188,0.209411621094,2862.0,-5362.0,4684.0,74.0,57.0,-15.0,
1650446478759511232,-0.283874511719,0.317260742188,-0.880432128906,0.208862304688,2788.0,-5332.0,4811.0,71.0,57.0,-15.0,
1650446478762141466,-0.280029296875,0.314086914062,-0.882995605469,0.208251953125,2712.0,-5300.0,4963.0,68.0,58.0,-14.0,
1650446478764303445,-0.276062011719,0.310974121094,-0.885437011719,0.207641601562,2628.0,-5250.0,5114.0,65.0,58.0,-13.0,
1650446478767888784,-0.272155761719,0.307983398438,-0.887817382812,0.20703125,2542.0,-5189.0,5260.0,62.0,58.0,-12.0,
1650446478786295652,-0.268249511719,0.30517578125,-0.89013671875,0.206420898438,2468.0,-5116.0,5396.0,60.0,57.0,-11.0,
1650446478790323495,-0.264404296875,0.302490234375,-0.892333984375,0.205932617188,2398.0,-5052.0,5521.0,57.0,56.0,-10.0,
1650446478791755676,-0.260620117188,0.299865722656,-0.894409179688,0.205383300781,2336.0,-4992.0,5638.0,55.0,55.0,-9.0,
1650446478793780326,-0.256896972656,0.297424316406,-0.896423339844,0.204956054688,2292.0,-4916.0,5691.0,53.0,54.0,-7.0,
1650446478797339200,-0.253234863281,0.295104980469,-0.898315429688,0.204467773438,2259.0,-4796.0,5704.0,51.0,54.0,-6.0,
1650446478799021244,-0.249572753906,0.292907714844,-0.900207519531,0.204040527344,2220.0,-4640.0,5695.0,48.0,54.0,-5.0,
1650446478799946784,-0.245910644531,0.290893554688,-0.901916503906,0.20361328125,2174.0,-4442.0,5658.0,45.0,54.0,-3.0,
1650446478801681041,-0.242248535156,0.289001464844,-0.903625488281,0.203247070312,2108.0,-4231.0,5626.0,42.0,54.0,-2.0,
1650446478803841590,-0.238647460938,0.287292480469,-0.905212402344,0.202880859375,2023.0,-4052.0,5611.0,38.0,54.0,0.0,
1650446478806798934,-0.235046386719,0.285888671875,-0.906677246094,0.202575683594,1927.0,-3950.0,5620.0,34.0,53.0,1.0,
1650446478808647155,-0.231567382812,0.284729003906,-0.907958984375,0.202270507812,1840.0,-3937.0,5637.0,29.0,51.0,2.0,
1650446478809848308,-0.228149414062,0.283813476562,-0.9091796875,0.202026367188,1746.0,-4003.0,5686.0,27.0,50.0,3.0,
1650446478811806440,-0.224731445312,0.282958984375,-0.910339355469,0.201782226562,1652.0,-4144.0,5757.0,26.0,49.0,3.0,
1650446478815046548,-0.221374511719,0.282104492188,-0.911437988281,0.20166015625,1549.0,-4363.0,5813.0,28.0,48.0,4.0,
1650446478823976039,-0.218017578125,0.281127929688,-0.91259765625,0.201721191406,1452.0,-4653.0,5898.0,32.0,46.0,4.0,
1650446478824905395,-0.214660644531,0.279846191406,-0.913696289062,0.201782226562,1378.0,-4979.0,5982.0,38.0,45.0,4.0,
1650446478831361770,-0.211242675781,0.278259277344,-0.914978027344,0.202026367188,1309.0,-5294.0,6040.0,46.0,45.0,3.0,
1650446478837818861,-0.207641601562,0.276245117188,-0.916381835938,0.202270507812,1244.0,-5551.0,6065.0,55.0,46.0,3.0,
1650446478843386888,-0.203796386719,0.273559570312,-0.91796875,0.202575683594,1190.0,-5708.0,6100.0,67.0,48.0,2.0,
1650446478847810983,-0.199768066406,0.270263671875,-0.919738769531,0.203002929688,1144.0,-5723.0,6164.0,78.0,50.0,2.0,
1650446478852305412,-0.195556640625,0.266357421875,-0.921691894531,0.203369140625,1106.0,-5617.0,6235.0,85.0,51.0,1.0,
1650446478857209682,-0.191223144531,0.262084960938,-0.923706054688,0.203796386719,1069.0,-5416.0,6339.0,89.0,51.0,1.0,
1650446478861731529,-0.186950683594,0.257568359375,-0.92578125,0.204223632812,1021.0,-5176.0,6434.0,91.0,50.0,1.0,
1650446478866227865,-0.182678222656,0.252990722656,-0.927795410156,0.204650878906,988.0,-4910.0,6508.0,90.0,49.0,2.0,
1650446478870913267,-0.178527832031,0.24853515625,-0.9296875,0.205139160156,942.0,-4618.0,6606.0,87.0,48.0,2.0,
1650446478875711441,-0.174438476562,0.244201660156,-0.931518554688,0.20556640625,889.0,-4312.0,6699.0,82.0,46.0,3.0,
1650446478879949331,-0.170471191406,0.240173339844,-0.933166503906,0.205993652344,827.0,-4020.0,6735.0,76.0,45.0,4.0,
1650446478885211944,-0.166748046875,0.236572265625,-0.934692382812,0.206359863281,760.0,-3772.0,6748.0,68.0,43.0,4.0,
1650446478889778614,-0.163208007812,0.233459472656,-0.93603515625,0.206665039062,691.0,-3593.0,6741.0,59.0,41.0,4.0,
1650446478893279314,-0.159912109375,0.230834960938,-0.937194824219,0.206970214844,636.0,-3488.0,6722.0,51.0,39.0,4.0,
1650446478900816917,-0.156860351562,0.228698730469,-0.938171386719,0.207214355469,580.0,-3429.0,6720.0,44.0,36.0,4.0,
1650446478905417680,-0.153991699219,0.226867675781,-0.939025878906,0.207458496094,531.0,-3388.0,6737.0,38.0,35.0,5.0,
1650446478910784244,-0.151184082031,0.225341796875,-0.939819335938,0.207763671875,475.0,-3355.0,6775.0,33.0,33.0,6.0,
1650446478914376974,-0.148559570312,0.224060058594,-0.940490722656,0.2080078125,409.0,-3335.0,6838.0,29.0,32.0,6.0,
1650446478919647216,-0.145935058594,0.222961425781,-0.941101074219,0.208312988281,349.0,-3333.0,6891.0,25.0,31.0,7.0,
1650446478926351785,-0.143493652344,0.222045898438,-0.941589355469,0.208618164062,293.0,-3352.0,6941.0,22.0,30.0,7.0,
1650446478930492401,-0.14111328125,0.221313476562,-0.942077636719,0.208984375,248.0,-3393.0,6979.0,20.0,28.0,8.0,
1650446478935169458,-0.138793945312,0.220703125,-0.942443847656,0.209350585938,220.0,-3458.0,7013.0,18.0,27.0,9.0,
1650446478941761255,-0.136535644531,0.220092773438,-0.942810058594,0.209777832031,203.0,-3520.0,7031.0,19.0,27.0,9.0,
1650446478947551965,-0.134338378906,0.219421386719,-0.943237304688,0.210266113281,202.0,-3575.0,7038.0,20.0,26.0,10.0,
1650446478955180644,-0.132141113281,0.218688964844,-0.943603515625,0.210754394531,216.0,-3594.0,7053.0,21.0,26.0,10.0,
1650446478956993103,-0.129943847656,0.217895507812,-0.943969726562,0.211242675781,232.0,-3580.0,7048.0,21.0,26.0,10.0,
1650446478962813615,-0.127807617188,0.217102050781,-0.9443359375,0.211730957031,248.0,-3537.0,7039.0,20.0,26.0,11.0,
1650446478966444253,-0.125610351562,0.216369628906,-0.944641113281,0.212280273438,245.0,-3508.0,7022.0,19.0,26.0,11.0,
1650446478970654726,-0.12353515625,0.215759277344,-0.944946289062,0.212768554688,228.0,-3511.0,7001.0,18.0,26.0,11.0,
1650446478974332094,-0.121459960938,0.215270996094,-0.945251464844,0.213256835938,192.0,-3539.0,6999.0,16.0,25.0,11.0,
1650446478977737426,-0.119506835938,0.21484375,-0.945495605469,0.213806152344,159.0,-3584.0,7012.0,15.0,23.0,11.0,
1650446478985838651,-0.117614746094,0.214416503906,-0.945678710938,0.214294433594,118.0,-3672.0,7058.0,14.0,22.0,10.0,
1650446478991712570,-0.115783691406,0.214111328125,-0.945861816406,0.214721679688,74.0,-3815.0,7114.0,13.0,21.0,10.0,
1650446478995279312,-0.114135742188,0.213928222656,-0.946044921875,0.215209960938,35.0,-3995.0,7171.0,13.0,20.0,9.0,
1650446479000435829,-0.112487792969,0.213684082031,-0.946166992188,0.215576171875,18.0,-4167.0,7232.0,13.0,18.0,8.0,
1650446479004256248,-0.110961914062,0.21337890625,-0.946350097656,0.215942382812,14.0,-4283.0,7290.0,15.0,18.0,7.0,
1650446479007910490,-0.109375,0.212890625,-0.946533203125,0.216369628906,6.0,-4333.0,7370.0,18.0,18.0,7.0,
1650446479015787124,-0.107788085938,0.212097167969,-0.946838378906,0.216735839844,-2.0,-4312.0,7448.0,21.0,18.0,6.0,
1650446479020158529,-0.106140136719,0.211181640625,-0.947143554688,0.217041015625,-17.0,-4233.0,7517.0,22.0,17.0,6.0,
1650446479024673461,-0.104553222656,0.210266113281,-0.947448730469,0.217346191406,-44.0,-4131.0,7591.0,21.0,17.0,5.0,
1650446479029555559,-0.10302734375,0.209411621094,-0.94775390625,0.217590332031,-59.0,-4025.0,7636.0,18.0,15.0,4.0,
1650446479034638404,-0.101684570312,0.208679199219,-0.947998046875,0.217834472656,-54.0,-3935.0,7640.0,15.0,14.0,4.0,
1650446479037579536,-0.100463867188,0.208190917969,-0.948181152344,0.218078613281,-25.0,-3865.0,7602.0,11.0,13.0,5.0,
1650446479047529935,-0.099365234375,0.207885742188,-0.948303222656,0.21826171875,18.0,-3803.0,7560.0,8.0,12.0,4.0,
1650446479052284717,-0.098388671875,0.207702636719,-0.948425292969,0.218444824219,78.0,-3756.0,7508.0,6.0,12.0,4.0,
1650446479057553291,-0.097412109375,0.207580566406,-0.948486328125,0.218627929688,132.0,-3721.0,7455.0,5.0,12.0,4.0,
1650446479061777830,-0.0964965820312,0.20751953125,-0.948608398438,0.21875,175.0,-3706.0,7403.0,5.0,12.0,3.0,
1650446479066299438,-0.0955810546875,0.207397460938,-0.948669433594,0.218872070312,216.0,-3704.0,7345.0,6.0,12.0,3.0,
1650446479071719884,-0.0946044921875,0.207275390625,-0.948791503906,0.218933105469,264.0,-3695.0,7217.0,7.0,13.0,3.0,
1650446479075706481,-0.0936279296875,0.207092285156,-0.948913574219,0.219055175781,305.0,-3719.0,7108.0,8.0,14.0,3.0,
1650446479081422805,-0.0925903320312,0.206848144531,-0.949035644531,0.219116210938,331.0,-3801.0,7058.0,10.0,14.0,3.0,
1650446479084771633,-0.0914916992188,0.206298828125,-0.94921875,0.21923828125,399.0,-3890.0,7258.0,16.0,14.0,3.0,
1650446479089778184,-0.0905151367188,0.205627441406,-0.949462890625,0.219360351562,437.0,-4001.0,7515.0,16.0,12.0,3.0,
1650446479094077587,-0.0896606445312,0.204895019531,-0.949645996094,0.219482421875,458.0,-4121.0,7746.0,16.0,10.0,2.0,
1650446479099586486,-0.0887451171875,0.203979492188,-0.949890136719,0.219604492188,486.0,-4264.0,7910.0,19.0,9.0,1.0,
1650446479108625411,-0.0878295898438,0.202880859375,-0.9501953125,0.2197265625,506.0,-4340.0,8006.0,25.0,10.0,2.0,
1650446479112168788,-0.0866088867188,0.201477050781,-0.950561523438,0.219848632812,509.0,-4259.0,8054.0,30.0,12.0,2.0,
1650446479135639667,-0.0852661132812,0.199645996094,-0.951049804688,0.220092773438,503.0,-4068.0,8157.0,34.0,14.0,3.0,
1650446479136860370,-0.0838012695312,0.197631835938,-0.951538085938,0.220275878906,472.0,-3833.0,8350.0,35.0,14.0,3.0,
1650446479137613773,-0.08251953125,0.195678710938,-0.952026367188,0.220458984375,402.0,-3664.0,8360.0,31.0,11.0,2.0,
1650446479138503074,-0.0813598632812,0.193969726562,-0.952392578125,0.220703125,348.0,-3629.0,8288.0,28.0,8.0,2.0,
1650446479138954401,-0.0803833007812,0.1923828125,-0.952758789062,0.221008300781,288.0,-3688.0,8123.0,29.0,7.0,3.0,
1650446479140195608,-0.079345703125,0.190856933594,-0.953063964844,0.221313476562,272.0,-3757.0,7854.0,32.0,7.0,4.0,
1650446479147263288,-0.0782470703125,0.189331054688,-0.953430175781,0.221557617188,275.0,-3712.0,7832.0,33.0,9.0,3.0,
1650446479152380228,-0.0770874023438,0.187683105469,-0.953796386719,0.2216796875,263.0,-3512.0,7887.0,31.0,11.0,1.0,
1650446479156866788,-0.0759887695312,0.186157226562,-0.954162597656,0.221740722656,200.0,-3328.0,7756.0,25.0,10.0,0.0,
1650446479175697326,-0.0750732421875,0.184936523438,-0.954467773438,0.221862792969,111.0,-3308.0,7793.0,20.0,8.0,0.0,
1650446479199157714,-0.0742797851562,0.18408203125,-0.954650878906,0.221923828125,22.0,-3435.0,7844.0,16.0,5.0,0.0,
1650446479200282096,-0.07373046875,0.183532714844,-0.954833984375,0.221923828125,-30.0,-3608.0,7919.0,12.0,3.0,-2.0,
1650446479201051473,-0.0733032226562,0.18310546875,-0.954956054688,0.221801757812,-8.0,-3793.0,7875.0,13.0,2.0,-3.0,
1650446479201862335,-0.07275390625,0.182434082031,-0.955139160156,0.221740722656,56.0,-3959.0,7710.0,18.0,4.0,-3.0,
1650446479202741861,-0.072021484375,0.181335449219,-0.955444335938,0.221557617188,127.0,-4063.0,7522.0,27.0,8.0,-3.0,
1650446479203541040,-0.0708618164062,0.1796875,-0.955871582031,0.221374511719,199.0,-4075.0,7405.0,38.0,13.0,-4.0,
1650446479204627752,-0.0694580078125,0.177612304688,-0.956420898438,0.22119140625,245.0,-3979.0,7275.0,44.0,16.0,-4.0,
1650446479205364227,-0.0679321289062,0.175231933594,-0.95703125,0.220947265625,254.0,-3865.0,7179.0,47.0,16.0,-4.0,
1650446479206049680,-0.0663452148438,0.172790527344,-0.957641601562,0.220764160156,272.0,-3845.0,7220.0,47.0,16.0,-4.0,
1650446479208836555,-0.06494140625,0.170593261719,-0.958190917969,0.220458984375,294.0,-3848.0,7254.0,44.0,15.0,-5.0,
1650446479212182283,-0.0635375976562,0.168518066406,-0.958740234375,0.220153808594,375.0,-3781.0,6929.0,42.0,15.0,-6.0,
1650446479220222234,-0.0621948242188,0.16650390625,-0.959228515625,0.219848632812,461.0,-3697.0,6779.0,43.0,17.0,-5.0,
1650446479224673032,-0.0606079101562,0.164123535156,-0.959777832031,0.219543457031,517.0,-3510.0,7270.0,47.0,19.0,-5.0,
1650446479229239702,-0.0590209960938,0.16162109375,-0.960388183594,0.21923828125,518.0,-3309.0,7776.0,42.0,18.0,-6.0,
1650446479235110044,-0.057861328125,0.15966796875,-0.960876464844,0.218811035156,518.0,-3283.0,7941.0,30.0,13.0,-7.0,
1650446479244640588,-0.056884765625,0.158264160156,-0.961303710938,0.218444824219,569.0,-3387.0,7672.0,26.0,11.0,-7.0,
1650446479251101732,-0.0558471679688,0.15673828125,-0.961669921875,0.218139648438,625.0,-3514.0,7738.0,34.0,14.0,-4.0,
1650446479252705097,-0.0542602539062,0.154479980469,-0.962158203125,0.217956542969,709.0,-3371.0,7378.0,47.0,19.0,-3.0,
1650446479257236719,-0.0524291992188,0.15185546875,-0.962707519531,0.217712402344,744.0,-3132.0,7213.0,52.0,24.0,-3.0,
1650446479261694669,-0.0504760742188,0.148681640625,-0.96337890625,0.217468261719,826.0,-2838.0,7705.0,57.0,23.0,-3.0,
1650446479266882658,-0.0487060546875,0.1455078125,-0.963989257812,0.217224121094,776.0,-2642.0,7639.0,49.0,20.0,-4.0,
1650446479270983457,-0.0471801757812,0.143249511719,-0.964477539062,0.216918945312,708.0,-2677.0,7723.0,39.0,17.0,-4.0,
1650446479275736808,-0.0457153320312,0.140930175781,-0.964904785156,0.216796875,719.0,-2735.0,7590.0,43.0,16.0,-2.0,
1650446479289854049,-0.0440673828125,0.138671875,-0.96533203125,0.216674804688,622.0,-2756.0,7675.0,46.0,20.0,-1.0,
1650446479290432453,-0.0420532226562,0.136047363281,-0.9658203125,0.216552734375,630.0,-2515.0,7514.0,51.0,23.0,-1.0,
1650446479290955305,-0.0399780273438,0.133422851562,-0.966369628906,0.216369628906,478.0,-2267.0,7722.0,47.0,26.0,-2.0,
1650446479292348861,-0.0377807617188,0.130737304688,-0.966857910156,0.216247558594,373.0,-2033.0,8273.0,44.0,24.0,-2.0,
1650446479307972192,-0.0360107421875,0.128723144531,-0.967224121094,0.216003417969,176.0,-1942.0,8377.0,30.0,20.0,-3.0,
1650446479308659791,-0.0344848632812,0.127746582031,-0.967468261719,0.215759277344,26.0,-1967.0,8766.0,17.0,17.0,-4.0,
1650446479309523105,-0.0333251953125,0.127075195312,-0.967651367188,0.215576171875,-28.0,-2053.0,8740.0,12.0,12.0,-3.0,
1650446479316623449,-0.0324096679688,0.126892089844,-0.9677734375,0.21533203125,-123.0,-2127.0,8727.0,6.0,13.0,-3.0,
1650446479322880506,-0.0313110351562,0.126403808594,-0.967895507812,0.215087890625,-192.0,-2160.0,8925.0,12.0,13.0,-3.0,
1650446479324327945,-0.0303955078125,0.125671386719,-0.968078613281,0.214904785156,-310.0,-2149.0,9292.0,14.0,10.0,-4.0,
1650446479328910589,-0.029541015625,0.124938964844,-0.96826171875,0.214660644531,-467.0,-1960.0,9800.0,10.0,7.0,-4.0,
1650446479332303524,-0.0288696289062,0.124267578125,-0.968383789062,0.214538574219,-636.0,-1732.0,10331.0,4.0,3.0,-3.0,
1650446479340477466,-0.0284423828125,0.123779296875,-0.968444824219,0.214538574219,-766.0,-1573.0,10742.0,-2.0,-2.0,-1.0,
1650446479345288991,-0.0285034179688,0.123657226562,-0.968444824219,0.214721679688,-829.0,-1510.0,10973.0,-9.0,-7.0,0.0,
1650446479369638919,-0.0289306640625,0.123962402344,-0.968322753906,0.214904785156,-882.0,-1396.0,11071.0,-14.0,-11.0,1.0,
1650446479370556354,-0.0306396484375,0.125305175781,-0.967956542969,0.215637207031,-791.0,-1233.0,10972.0,-27.0,-18.0,5.0,
1650446479371247768,-0.0321044921875,0.126770019531,-0.967590332031,0.216125488281,-677.0,-1182.0,10808.0,-36.0,-22.0,6.0,
1650446479371714115,-0.033935546875,0.128784179688,-0.967163085938,0.216613769531,-552.0,-1127.0,10645.0,-46.0,-25.0,6.0,
1650446479377590417,-0.0361328125,0.131408691406,-0.966613769531,0.217163085938,-430.0,-1092.0,10506.0,-58.0,-27.0,7.0,
1650446479411284685,-0.0386962890625,0.134765625,-0.965881347656,0.2177734375,-321.0,-1116.0,10377.0,-70.0,-30.0,8.0,
1650446479412213087,-0.04150390625,0.138732910156,-0.965087890625,0.218383789062,-213.0,-1237.0,10331.0,-81.0,-33.0,9.0,
1650446479412932395,-0.044677734375,0.143249511719,-0.964172363281,0.218994140625,-94.0,-1501.0,10267.0,-89.0,-36.0,9.0,
1650446479413568973,-0.0481567382812,0.148193359375,-0.963073730469,0.219604492188,38.0,-1910.0,10086.0,-94.0,-38.0,9.0,
1650446479413980484,-0.0516967773438,0.153259277344,-0.961975097656,0.220336914062,193.0,-2291.0,9515.0,-91.0,-39.0,10.0,
1650446479414363145,-0.054931640625,0.157775878906,-0.960876464844,0.221069335938,298.0,-2540.0,9216.0,-77.0,-36.0,12.0,
1650446479414756059,-0.0577392578125,0.161071777344,-0.9599609375,0.221862792969,470.0,-2726.0,8770.0,-60.0,-33.0,11.0,
1650446479415683746,-0.0603637695312,0.164123535156,-0.959167480469,0.222412109375,578.0,-2870.0,8346.0,-55.0,-29.0,8.0,
1650446479424889326,-0.0626831054688,0.1669921875,-0.958435058594,0.222778320312,647.0,-2937.0,8110.0,-50.0,-25.0,5.0,
1650446479426979780,-0.0648193359375,0.169372558594,-0.957763671875,0.223083496094,717.0,-3065.0,7913.0,-45.0,-25.0,5.0,
1650446479429059267,-0.0670166015625,0.171752929688,-0.957153320312,0.223449707031,751.0,-3343.0,7746.0,-43.0,-25.0,4.0,
1650446479433540821,-0.0691528320312,0.174133300781,-0.956481933594,0.223693847656,778.0,-3681.0,7603.0,-39.0,-25.0,3.0,
1650446479436888217,-0.0711059570312,0.176208496094,-0.955932617188,0.223876953125,821.0,-3983.0,7493.0,-31.0,-23.0,2.0,
1650446479444361448,-0.0728149414062,0.177673339844,-0.955505371094,0.224060058594,893.0,-4166.0,7416.0,-20.0,-20.0,1.0,
1650446479469314813,-0.0740356445312,0.178344726562,-0.955261230469,0.22412109375,976.0,-4196.0,7372.0,-9.0,-15.0,0.0,
1650446479470152139,-0.0748901367188,0.178405761719,-0.955139160156,0.224182128906,1026.0,-4133.0,7334.0,1.0,-10.0,-1.0,
1650446479470933675,-0.075439453125,0.178039550781,-0.955200195312,0.224243164062,1021.0,-4024.0,7284.0,7.0,-7.0,-1.0,
1650446479471604108,-0.0757446289062,0.177429199219,-0.955261230469,0.224365234375,1007.0,-3891.0,7218.0,10.0,-6.0,0.0,
1650446479472239017,-0.0759887695312,0.1767578125,-0.955322265625,0.224548339844,1001.0,-3733.0,7160.0,11.0,-6.0,1.0,
1650446479473628997,-0.076171875,0.176086425781,-0.955322265625,0.224853515625,999.0,-3523.0,7118.0,10.0,-5.0,3.0,
1650446479479844331,-0.0763549804688,0.175659179688,-0.955322265625,0.225158691406,1005.0,-3274.0,7079.0,5.0,-4.0,4.0,
1650446479484093189,-0.0765991210938,0.175537109375,-0.955261230469,0.225463867188,1016.0,-3037.0,7026.0,-3.0,-4.0,5.0,
1650446479505558490,-0.0770874023438,0.176086425781,-0.955078125,0.225769042969,1040.0,-2858.0,6929.0,-14.0,-5.0,5.0,
1650446479506342172,-0.0777587890625,0.177368164062,-0.954711914062,0.22607421875,1068.0,-2751.0,6802.0,-26.0,-5.0,6.0,
1650446479507202863,-0.07861328125,0.179321289062,-0.954162597656,0.226318359375,1104.0,-2710.0,6667.0,-37.0,-5.0,7.0,
1650446479507845640,-0.0795288085938,0.181823730469,-0.953552246094,0.226623535156,1143.0,-2726.0,6529.0,-44.0,-5.0,8.0,
1650446479508492231,-0.0805053710938,0.184631347656,-0.952880859375,0.226867675781,1180.0,-2774.0,6391.0,-48.0,-3.0,8.0,
1650446479513808727,-0.0814208984375,0.187622070312,-0.952209472656,0.22705078125,1212.0,-2820.0,6310.0,-50.0,-2.0,8.0,
