1646734814523326158,-0.238952636719,-0.175964355469,-0.920227050781,0.255249023438,2796.0,4080.0,8867.0,-37.0,54.0,12.0,
1646734814524778604,-0.235168457031,-0.173461914062,-0.921508789062,0.256042480469,2726.0,4354.0,9099.0,-32.0,60.0,14.0,
1646734814526947736,-0.231018066406,-0.171142578125,-0.922729492188,0.256896972656,2693.0,4626.0,9323.0,-29.0,65.0,15.0,
1646734814529589176,-0.226623535156,-0.1689453125,-0.923950195312,0.257873535156,2687.0,4916.0,9541.0,-27.0,70.0,16.0,
1646734814532487392,-0.221862792969,-0.166809082031,-0.925170898438,0.258911132812,2740.0,5235.0,9706.0,-25.0,75.0,15.0,
1646734814533799648,-0.216857910156,-0.164916992188,-0.926452636719,0.259765625,2874.0,5545.0,9802.0,-24.0,80.0,12.0,
1646734814535694122,-0.211791992188,-0.163146972656,-0.927795410156,0.260498046875,3072.0,5814.0,9830.0,-23.0,83.0,8.0,
1646734814537203550,-0.206909179688,-0.161499023438,-0.929016113281,0.260925292969,3291.0,6027.0,9803.0,-23.0,81.0,4.0,
1646734814543368339,-0.202392578125,-0.159912109375,-0.930236816406,0.261169433594,3492.0,6196.0,9769.0,-25.0,77.0,1.0,
1646734814545289754,-0.1982421875,-0.158325195312,-0.931396484375,0.261169433594,3673.0,6316.0,9705.0,-27.0,72.0,-2.0,
1646734814549868345,-0.194458007812,-0.15673828125,-0.932495117188,0.261047363281,3845.0,6410.0,9611.0,-29.0,67.0,-3.0,
1646734814551396846,-0.191101074219,-0.155090332031,-0.933532714844,0.2607421875,3999.0,6466.0,9499.0,-31.0,60.0,-4.0,
1646734814556689500,-0.188415527344,-0.153503417969,-0.934448242188,0.260375976562,4154.0,6490.0,9343.0,-33.0,51.0,-4.0,
1646734814558184385,-0.186340332031,-0.151916503906,-0.935302734375,0.259826660156,4307.0,6477.0,9158.0,-36.0,42.0,-5.0,
1646734814559170484,-0.184875488281,-0.150268554688,-0.93603515625,0.259155273438,4446.0,6407.0,8958.0,-40.0,33.0,-6.0,
1646734814562057733,-0.18408203125,-0.148559570312,-0.936706542969,0.25830078125,4536.0,6302.0,8769.0,-43.0,24.0,-7.0,
1646734814563431978,-0.183715820312,-0.146667480469,-0.937316894531,0.25732421875,4533.0,6205.0,8589.0,-47.0,17.0,-7.0,
1646734814564662694,-0.18359375,-0.144714355469,-0.937927246094,0.256286621094,4443.0,6130.0,8430.0,-49.0,12.0,-7.0,
1646734814565665245,-0.183471679688,-0.142578125,-0.938537597656,0.255310058594,4343.0,6076.0,8255.0,-52.0,11.0,-5.0,
1646734814566955566,-0.183288574219,-0.140380859375,-0.939147949219,0.254455566406,4278.0,6007.0,8073.0,-53.0,12.0,-3.0,
1646734814568474054,-0.18310546875,-0.138000488281,-0.939758300781,0.253723144531,4266.0,5934.0,7872.0,-54.0,15.0,-1.0,
1646734814569415330,-0.182922363281,-0.135681152344,-0.940246582031,0.253173828125,4305.0,5867.0,7648.0,-54.0,16.0,1.0,
1646734814570283412,-0.182800292969,-0.133361816406,-0.940734863281,0.252685546875,4358.0,5809.0,7438.0,-53.0,16.0,3.0,
1646734814573426008,-0.182739257812,-0.131225585938,-0.941162109375,0.252258300781,4386.0,5770.0,7246.0,-51.0,16.0,3.0,
1646734814577281951,-0.182739257812,-0.129272460938,-0.941528320312,0.251831054688,4386.0,5743.0,7111.0,-48.0,14.0,3.0,
1646734814584428787,-0.182739257812,-0.127685546875,-0.94189453125,0.251403808594,4350.0,5732.0,7043.0,-43.0,12.0,3.0,
1646734814589823484,-0.182556152344,-0.12646484375,-0.942199707031,0.251037597656,4277.0,5724.0,7022.0,-37.0,12.0,2.0,
1646734814594306707,-0.181884765625,-0.125427246094,-0.942565917969,0.250671386719,4185.0,5745.0,7033.0,-31.0,16.0,1.0,
1646734814598609447,-0.180786132812,-0.124755859375,-0.942932128906,0.250366210938,4093.0,5767.0,7070.0,-25.0,22.0,0.0,
1646734814603490114,-0.17919921875,-0.124389648438,-0.943359375,0.250122070312,4013.0,5785.0,7098.0,-18.0,28.0,-1.0,
1646734814609788417,-0.177185058594,-0.124267578125,-0.943786621094,0.249877929688,3948.0,5770.0,7119.0,-13.0,33.0,-3.0,
1646734814613656520,-0.174865722656,-0.124328613281,-0.944274902344,0.249633789062,3906.0,5728.0,7126.0,-8.0,37.0,-4.0,
1646734814619251489,-0.172424316406,-0.124450683594,-0.944763183594,0.249389648438,3876.0,5664.0,7112.0,-5.0,39.0,-6.0,
1646734814622796773,-0.169982910156,-0.124694824219,-0.9453125,0.249084472656,3847.0,5580.0,7084.0,-4.0,40.0,-7.0,
1646734814628042697,-0.167602539062,-0.124877929688,-0.94580078125,0.248657226562,3833.0,5475.0,7030.0,-5.0,39.0,-9.0,
1646734814632118463,-0.165405273438,-0.124816894531,-0.9462890625,0.248168945312,3878.0,5344.0,6929.0,-8.0,38.0,-9.0,
1646734814636646032,-0.16357421875,-0.124572753906,-0.946838378906,0.247619628906,3968.0,5164.0,6803.0,-13.0,35.0,-10.0,
1646734814643467187,-0.162231445312,-0.123840332031,-0.947326660156,0.247009277344,4088.0,4975.0,6653.0,-20.0,30.0,-10.0,
1646734814648182153,-0.161376953125,-0.122741699219,-0.94775390625,0.246276855469,4224.0,4813.0,6500.0,-27.0,25.0,-10.0,
1646734814652799606,-0.1611328125,-0.121398925781,-0.9482421875,0.245422363281,4344.0,4659.0,6362.0,-34.0,18.0,-10.0,
1646734814657303094,-0.161376953125,-0.119812011719,-0.948608398438,0.244445800781,4430.0,4517.0,6250.0,-40.0,12.0,-10.0,
1646734814661703824,-0.161865234375,-0.118103027344,-0.949035644531,0.243469238281,4479.0,4379.0,6133.0,-43.0,7.0,-10.0,
1646734814666558742,-0.162658691406,-0.116271972656,-0.949401855469,0.242370605469,4504.0,4247.0,6033.0,-45.0,3.0,-10.0,
1646734814673029661,-0.163635253906,-0.114440917969,-0.94970703125,0.241333007812,4493.0,4117.0,5962.0,-45.0,-1.0,-9.0,
1646734814677906751,-0.164733886719,-0.112731933594,-0.949951171875,0.240356445312,4426.0,4001.0,5931.0,-44.0,-4.0,-7.0,
1646734814682393312,-0.165649414062,-0.111145019531,-0.9501953125,0.239562988281,4309.0,3907.0,5936.0,-40.0,-3.0,-5.0,
1646734814687424182,-0.166198730469,-0.109802246094,-0.950378417969,0.239013671875,4163.0,3846.0,5955.0,-35.0,0.0,-3.0,
1646734814693605422,-0.166259765625,-0.108703613281,-0.950622558594,0.238647460938,4019.0,3792.0,5961.0,-28.0,6.0,0.0,
1646734814698653221,-0.165832519531,-0.108032226562,-0.950805664062,0.238525390625,3881.0,3716.0,5961.0,-20.0,13.0,1.0,
1646734814702985286,-0.164916992188,-0.107604980469,-0.950988769531,0.238586425781,3754.0,3612.0,5973.0,-12.0,19.0,3.0,
1646734814708412885,-0.16357421875,-0.107421875,-0.951171875,0.238830566406,3653.0,3495.0,5985.0,-6.0,24.0,3.0,
1646734814714119911,-0.161987304688,-0.107482910156,-0.951354980469,0.239196777344,3573.0,3385.0,6017.0,0.0,28.0,4.0,
1646734814718843460,-0.160095214844,-0.107727050781,-0.951538085938,0.239685058594,3511.0,3272.0,6055.0,5.0,32.0,4.0,
1646734814723353147,-0.158020019531,-0.108154296875,-0.95166015625,0.240173339844,3485.0,3139.0,6105.0,8.0,34.0,4.0,
1646734814727871894,-0.155822753906,-0.108581542969,-0.951843261719,0.24072265625,3487.0,2987.0,6153.0,10.0,36.0,3.0,
1646734814732543706,-0.153625488281,-0.109008789062,-0.952026367188,0.2412109375,3490.0,2836.0,6215.0,11.0,37.0,3.0,
1646734814737189769,-0.151489257812,-0.109436035156,-0.952209472656,0.24169921875,3473.0,2702.0,6289.0,11.0,37.0,2.0,
1646734814741857767,-0.149353027344,-0.109741210938,-0.952392578125,0.242065429688,3479.0,2605.0,6378.0,11.0,36.0,1.0,
1646734814748357534,-0.147155761719,-0.110046386719,-0.95263671875,0.242431640625,3522.0,2534.0,6453.0,9.0,37.0,0.0,
1646734814753106832,-0.14501953125,-0.1103515625,-0.952880859375,0.242614746094,3574.0,2471.0,6514.0,8.0,38.0,-2.0,
1646734814757562637,-0.143005371094,-0.110534667969,-0.953125,0.24267578125,3592.0,2404.0,6583.0,7.0,35.0,-4.0,
1646734814762453556,-0.141174316406,-0.110717773438,-0.953369140625,0.24267578125,3569.0,2322.0,6673.0,5.0,33.0,-5.0,
1646734814766863107,-0.139465332031,-0.110656738281,-0.953674316406,0.242614746094,3549.0,2260.0,6758.0,3.0,31.0,-5.0,
1646734814771903276,-0.1376953125,-0.110534667969,-0.953979492188,0.242553710938,3553.0,2234.0,6847.0,0.0,31.0,-5.0,
1646734814778507471,-0.136108398438,-0.1103515625,-0.954223632812,0.242553710938,3558.0,2232.0,6939.0,-1.0,30.0,-4.0,
1646734814783177137,-0.134582519531,-0.110168457031,-0.954406738281,0.24267578125,3531.0,2244.0,7046.0,-1.0,28.0,-2.0,
1646734814787652969,-0.133117675781,-0.110046386719,-0.95458984375,0.242858886719,3480.0,2251.0,7156.0,-1.0,27.0,1.0,
1646734814792148113,-0.131713867188,-0.109985351562,-0.954711914062,0.243225097656,3420.0,2262.0,7253.0,1.0,25.0,3.0,
1646734814797104358,-0.13037109375,-0.110046386719,-0.954772949219,0.243591308594,3342.0,2264.0,7337.0,2.0,24.0,4.0,
1646734814803230047,-0.129028320312,-0.110168457031,-0.954833984375,0.244018554688,3268.0,2262.0,7420.0,4.0,22.0,5.0,
1646734814808276891,-0.127746582031,-0.1103515625,-0.954895019531,0.244506835938,3210.0,2262.0,7493.0,5.0,22.0,5.0,
1646734814815145015,-0.126403808594,-0.110656738281,-0.954895019531,0.245056152344,3153.0,2247.0,7540.0,6.0,21.0,6.0,
1646734814823127508,-0.123901367188,-0.111267089844,-0.954833984375,0.246154785156,3015.0,2167.0,7624.0,7.0,19.0,6.0,
1646734814827807903,-0.122802734375,-0.111572265625,-0.954833984375,0.246643066406,2938.0,2134.0,7674.0,7.0,17.0,6.0,
1646734814832266569,-0.121765136719,-0.111877441406,-0.954772949219,0.247131347656,2876.0,2109.0,7718.0,7.0,16.0,5.0,
1646734814836834907,-0.120788574219,-0.112243652344,-0.954772949219,0.247497558594,2827.0,2091.0,7750.0,8.0,14.0,3.0,
1646734814841762065,-0.119934082031,-0.112731933594,-0.954772949219,0.247680664062,2790.0,2064.0,7776.0,8.0,12.0,1.0,
1646734814848322153,-0.119201660156,-0.113159179688,-0.954772949219,0.247741699219,2743.0,2027.0,7808.0,8.0,10.0,-1.0,
1646734814853203535,-0.118591308594,-0.113647460938,-0.954833984375,0.247680664062,2687.0,1988.0,7831.0,7.0,8.0,-4.0,
1646734814857402324,-0.117919921875,-0.114074707031,-0.954956054688,0.247497558594,2632.0,1951.0,7862.0,6.0,8.0,-6.0,
1646734814862006902,-0.117309570312,-0.114379882812,-0.955078125,0.247192382812,2571.0,1922.0,7889.0,5.0,8.0,-7.0,
1646734814866678237,-0.116638183594,-0.114562988281,-0.955200195312,0.246826171875,2501.0,1892.0,7925.0,3.0,8.0,-8.0,
1646734814873225212,-0.115966796875,-0.114685058594,-0.955383300781,0.246398925781,2445.0,1870.0,7954.0,1.0,8.0,-8.0,
1646734814878071069,-0.115295410156,-0.114624023438,-0.95556640625,0.245971679688,2399.0,1862.0,7981.0,-1.0,9.0,-9.0,
1646734814882670402,-0.114562988281,-0.114440917969,-0.955810546875,0.245544433594,2375.0,1852.0,8016.0,-3.0,10.0,-9.0,
1646734814887554645,-0.113830566406,-0.114135742188,-0.9560546875,0.245056152344,2393.0,1852.0,8045.0,-5.0,11.0,-9.0,
1646734814891776323,-0.113220214844,-0.11376953125,-0.956237792969,0.24462890625,2430.0,1865.0,8065.0,-7.0,11.0,-8.0,
1646734814896717786,-0.11279296875,-0.113342285156,-0.956481933594,0.244201660156,2474.0,1866.0,8074.0,-8.0,9.0,-8.0,
1646734814903037071,-0.112487792969,-0.112915039062,-0.956665039062,0.243835449219,2525.0,1849.0,8081.0,-9.0,7.0,-7.0,
1646734814908086299,-0.1123046875,-0.112365722656,-0.956848144531,0.243408203125,2576.0,1822.0,8071.0,-10.0,5.0,-7.0,
1646734814912932872,-0.112243652344,-0.11181640625,-0.95703125,0.243103027344,2614.0,1783.0,8048.0,-11.0,4.0,-6.0,
1646734814919002532,-0.112243652344,-0.111267089844,-0.957153320312,0.242736816406,2641.0,1742.0,8007.0,-12.0,4.0,-5.0,
1646734814923812866,-0.1123046875,-0.110595703125,-0.957275390625,0.242431640625,2677.0,1698.0,7949.0,-12.0,3.0,-5.0,
1646734814928360700,-0.112487792969,-0.109924316406,-0.957397460938,0.2421875,2714.0,1650.0,7891.0,-13.0,2.0,-4.0,
1646734814932914257,-0.11279296875,-0.109191894531,-0.95751953125,0.241943359375,2720.0,1593.0,7831.0,-14.0,0.0,-3.0,
1646734814937505245,-0.113220214844,-0.108459472656,-0.957641601562,0.24169921875,2691.0,1535.0,7793.0,-15.0,-2.0,-3.0,
1646734814942701339,-0.113708496094,-0.107604980469,-0.957702636719,0.241516113281,2633.0,1501.0,7772.0,-16.0,-3.0,-2.0,
1646734814956292152,-0.114135742188,-0.106750488281,-0.957824707031,0.241271972656,2566.0,1497.0,7768.0,-17.0,-3.0,-2.0,
1646734814956777811,-0.114440917969,-0.105895996094,-0.957946777344,0.241088867188,2503.0,1505.0,7749.0,-16.0,-2.0,-1.0,
1646734814969194412,-0.114685058594,-0.105102539062,-0.9580078125,0.240966796875,2450.0,1516.0,7723.0,-16.0,-1.0,-1.0,
1646734814970341920,-0.114807128906,-0.104431152344,-0.958129882812,0.240783691406,2400.0,1538.0,7709.0,-14.0,0.0,-2.0,
1646734814970755100,-0.114868164062,-0.103759765625,-0.958251953125,0.240539550781,2353.0,1576.0,7698.0,-13.0,1.0,-2.0,
1646734814977512598,-0.114868164062,-0.103271484375,-0.958374023438,0.240295410156,2317.0,1615.0,7706.0,-11.0,2.0,-3.0,
1646734814981083154,-0.114685058594,-0.102844238281,-0.95849609375,0.239990234375,2310.0,1649.0,7737.0,-10.0,3.0,-4.0,
1646734814985662221,-0.114318847656,-0.102478027344,-0.958679199219,0.239685058594,2319.0,1694.0,7776.0,-9.0,6.0,-5.0,
1646734814990220308,-0.113891601562,-0.102111816406,-0.958801269531,0.239440917969,2342.0,1748.0,7809.0,-8.0,8.0,-5.0,
1646734814993376493,-0.113525390625,-0.101867675781,-0.958984375,0.239135742188,2362.0,1782.0,7824.0,-7.0,7.0,-5.0,
1646734814998390197,-0.113159179688,-0.101745605469,-0.959106445312,0.238830566406,2383.0,1785.0,7816.0,-5.0,6.0,-5.0,
1646734815003033399,-0.112915039062,-0.101684570312,-0.959228515625,0.238586425781,2406.0,1776.0,7794.0,-4.0,5.0,-5.0,
1646734815007356882,-0.112670898438,-0.101623535156,-0.959289550781,0.238342285156,2435.0,1761.0,7745.0,-3.0,5.0,-4.0,
1646734815012264490,-0.112487792969,-0.101684570312,-0.959350585938,0.238220214844,2465.0,1728.0,7677.0,-1.0,4.0,-3.0,
1646734815018630981,-0.112365722656,-0.101806640625,-0.959350585938,0.238098144531,2500.0,1680.0,7598.0,-1.0,3.0,-2.0,
1646734815023610830,-0.112426757812,-0.101867675781,-0.959350585938,0.238037109375,2527.0,1615.0,7512.0,0.0,1.0,-2.0,
1646734815028527498,-0.112548828125,-0.101928710938,-0.959350585938,0.238037109375,2548.0,1532.0,7432.0,-1.0,-1.0,-1.0,
1646734815032873868,-0.112854003906,-0.101928710938,-0.959289550781,0.237976074219,2574.0,1454.0,7358.0,-2.0,-2.0,0.0,
1646734815037686586,-0.11328125,-0.101745605469,-0.959289550781,0.238037109375,2598.0,1394.0,7280.0,-4.0,-4.0,0.0,
1646734815042423725,-0.113830566406,-0.1015625,-0.959228515625,0.238037109375,2603.0,1339.0,7212.0,-6.0,-5.0,1.0,
1646734815047025680,-0.114379882812,-0.101257324219,-0.959228515625,0.238037109375,2573.0,1304.0,7163.0,-8.0,-6.0,1.0,
1646734815051518678,-0.114929199219,-0.100830078125,-0.959167480469,0.238037109375,2523.0,1279.0,7119.0,-9.0,-6.0,1.0,
1646734815058067798,-0.115417480469,-0.100463867188,-0.959167480469,0.237976074219,2474.0,1262.0,7077.0,-10.0,-5.0,1.0,
1646734815063023328,-0.115844726562,-0.0999755859375,-0.959167480469,0.237976074219,2435.0,1262.0,7057.0,-10.0,-4.0,0.0,
1646734815067775011,-0.116149902344,-0.099609375,-0.959228515625,0.237854003906,2408.0,1262.0,7050.0,-10.0,-3.0,-1.0,
1646734815072651147,-0.116394042969,-0.0991821289062,-0.959228515625,0.237670898438,2367.0,1262.0,7073.0,-9.0,-2.0,-2.0,
1646734815077120542,-0.116516113281,-0.0988159179688,-0.959350585938,0.237548828125,2339.0,1266.0,7100.0,-8.0,-1.0,-2.0,
1646734815081691980,-0.116577148438,-0.0985107421875,-0.959411621094,0.2373046875,2315.0,1266.0,7137.0,-7.0,0.0,-3.0,
1646734815086277008,-0.116516113281,-0.0983276367188,-0.95947265625,0.237121582031,2289.0,1272.0,7186.0,-5.0,1.0,-4.0,
1646734815093031167,-0.116333007812,-0.0982055664062,-0.959594726562,0.236877441406,2274.0,1284.0,7234.0,-3.0,3.0,-4.0,
1646734815098011016,-0.115966796875,-0.0982055664062,-0.959655761719,0.236694335938,2297.0,1292.0,7276.0,-1.0,5.0,-5.0,
1646734815103163957,-0.115478515625,-0.0983276367188,-0.959777832031,0.236450195312,2346.0,1302.0,7323.0,1.0,7.0,-5.0,
1646734815108128309,-0.114990234375,-0.0985107421875,-0.959838867188,0.236267089844,2417.0,1310.0,7364.0,3.0,8.0,-5.0,
1646734815112317085,-0.114501953125,-0.0988159179688,-0.959899902344,0.236145019531,2474.0,1336.0,7390.0,5.0,9.0,-4.0,
1646734815117748737,-0.113952636719,-0.0992431640625,-0.9599609375,0.236022949219,2508.0,1363.0,7410.0,7.0,9.0,-4.0,
1646734815123749971,-0.113342285156,-0.0997924804688,-0.9599609375,0.235961914062,2525.0,1384.0,7422.0,9.0,9.0,-3.0,
1646734815128706932,-0.112670898438,-0.100463867188,-0.9599609375,0.236022949219,2547.0,1430.0,7437.0,11.0,9.0,-2.0,
1646734815133419752,-0.111938476562,-0.101379394531,-0.959899902344,0.236206054688,2583.0,1477.0,7494.0,15.0,10.0,0.0,
1646734815137880802,-0.111083984375,-0.102478027344,-0.959838867188,0.236572265625,2608.0,1506.0,7576.0,19.0,12.0,2.0,
1646734815142632007,-0.109924316406,-0.103698730469,-0.959716796875,0.237121582031,2660.0,1539.0,7634.0,22.0,15.0,5.0,
1646734815147410869,-0.108642578125,-0.104919433594,-0.959533691406,0.237854003906,2756.0,1556.0,7671.0,24.0,19.0,8.0,
1646734815152255773,-0.107177734375,-0.106262207031,-0.959289550781,0.238952636719,2856.0,1536.0,7673.0,26.0,23.0,12.0,
1646734815156633377,-0.105712890625,-0.107543945312,-0.958984375,0.240234375,2911.0,1484.0,7668.0,27.0,24.0,16.0,
1646734815161424636,-0.104187011719,-0.108642578125,-0.958618164062,0.24169921875,2931.0,1479.0,7695.0,26.0,26.0,18.0,
1646734815168123245,-0.102600097656,-0.109680175781,-0.958312988281,0.243225097656,2980.0,1525.0,7753.0,24.0,26.0,19.0,
1646734815172986984,-0.101135253906,-0.110717773438,-0.957946777344,0.244750976562,3039.0,1537.0,7828.0,23.0,24.0,20.0,
1646734815178366899,-0.100036621094,-0.111694335938,-0.957580566406,0.246276855469,3037.0,1505.0,7890.0,22.0,20.0,21.0,
1646734815182591199,-0.0990600585938,-0.112426757812,-0.957153320312,0.247863769531,2984.0,1467.0,7913.0,19.0,17.0,22.0,
1646734815187883853,-0.09814453125,-0.113037109375,-0.956787109375,0.249389648438,2945.0,1453.0,7907.0,16.0,16.0,22.0,
1646734815192245721,-0.097412109375,-0.113464355469,-0.956420898438,0.250854492188,2919.0,1452.0,7870.0,13.0,14.0,21.0,
1646734815198369264,-0.0968017578125,-0.113830566406,-0.956115722656,0.252136230469,2824.0,1454.0,7832.0,10.0,12.0,19.0,
1646734815201653718,-0.0962524414062,-0.114196777344,-0.955871582031,0.253234863281,2658.0,1440.0,7827.0,9.0,10.0,16.0,
1646734815206338644,-0.0955200195312,-0.114440917969,-0.955627441406,0.254211425781,2498.0,1437.0,7808.0,8.0,11.0,14.0,
1646734815212929964,-0.0946044921875,-0.114624023438,-0.955444335938,0.255065917969,2385.0,1464.0,7787.0,8.0,13.0,12.0,
1646734815217684745,-0.0936889648438,-0.114929199219,-0.955322265625,0.255859375,2292.0,1497.0,7771.0,8.0,13.0,10.0,
1646734815224476337,-0.0928344726562,-0.115295410156,-0.955200195312,0.256469726562,2195.0,1521.0,7755.0,9.0,12.0,9.0,
1646734815229259014,-0.0921020507812,-0.115661621094,-0.955078125,0.257019042969,2123.0,1533.0,7746.0,8.0,10.0,7.0,
1646734815233968973,-0.0914306640625,-0.115966796875,-0.954956054688,0.257446289062,2084.0,1540.0,7740.0,7.0,8.0,5.0,
1646734815238672971,-0.0910034179688,-0.116271972656,-0.954895019531,0.257690429688,2068.0,1548.0,7738.0,6.0,5.0,3.0,
1646734815244047880,-0.0908203125,-0.116516113281,-0.954833984375,0.2578125,2080.0,1564.0,7742.0,4.0,2.0,1.0,
1646734815248381376,-0.0908203125,-0.11669921875,-0.954833984375,0.257873535156,2098.0,1577.0,7738.0,1.0,-1.0,0.0,
1646734815253232479,-0.0911254882812,-0.116821289062,-0.954772949219,0.2578125,2089.0,1595.0,7695.0,-1.0,-5.0,-1.0,
1646734815257699251,-0.0917358398438,-0.117065429688,-0.954772949219,0.257629394531,1699.0,1539.0,7213.0,-1.0,-11.0,-2.0,
1646734815262093067,-0.0929565429688,-0.118713378906,-0.95458984375,0.257019042969,647.0,1232.0,6343.0,19.0,-33.0,-8.0,
1646734815266918182,-0.0933227539062,-0.122375488281,-0.954467773438,0.255615234375,1985.0,2180.0,6120.0,56.0,-45.0,-24.0,
1646734815271526098,-0.0931396484375,-0.127868652344,-0.953918457031,0.255004882812,3959.0,3268.0,5795.0,63.0,7.0,-15.0,
1646734815276355981,-0.0977783203125,-0.135437011719,-0.952270507812,0.255615234375,3738.0,2875.0,5745.0,72.0,-56.0,11.0,
1646734815283553838,-0.103881835938,-0.141479492188,-0.95068359375,0.255920410156,1905.0,1537.0,6356.0,74.0,-119.0,14.0,
1646734815288045406,-0.106323242188,-0.143615722656,-0.950134277344,0.255615234375,704.0,456.0,6908.0,53.0,-88.0,0.0,
1646734815292953491,-0.105224609375,-0.143249511719,-0.950256347656,0.255920410156,878.0,399.0,6985.0,26.0,-12.0,1.0,
1646734815297508239,-0.103942871094,-0.14306640625,-0.950134277344,0.256896972656,1619.0,1002.0,6922.0,10.0,21.0,11.0,
1646734815302400588,-0.104431152344,-0.144653320312,-0.949584960938,0.257934570312,2123.0,1593.0,7017.0,15.0,0.0,16.0,
1646734815306601762,-0.105651855469,-0.147705078125,-0.94873046875,0.258911132812,2394.0,2024.0,7214.0,34.0,-22.0,17.0,
1646734815311568021,-0.106872558594,-0.1513671875,-0.947692871094,0.260070800781,2634.0,2364.0,7326.0,48.0,-29.0,20.0,
1646734815316056728,-0.108825683594,-0.155517578125,-0.946472167969,0.261169433594,2759.0,2632.0,7430.0,52.0,-42.0,20.0,
1646734815327023267,-0.111694335938,-0.160278320312,-0.945129394531,0.261901855469,2809.0,2746.0,7546.0,58.0,-62.0,17.0,
1646734815333755493,-0.119567871094,-0.171447753906,-0.94189453125,0.263061523438,2732.0,3322.0,7635.0,73.0,-92.0,17.0,
1646734815338253736,-0.123474121094,-0.178405761719,-0.940002441406,0.263305664062,2509.0,3700.0,7649.0,84.0,-96.0,13.0,
1646734815343062877,-0.12646484375,-0.185485839844,-0.938171386719,0.263549804688,2463.0,3852.0,7671.0,89.0,-85.0,11.0,
1646734815347958564,-0.129211425781,-0.192016601562,-0.936401367188,0.263854980469,2292.0,3835.0,7728.0,86.0,-76.0,10.0,
1646734815352548122,-0.131774902344,-0.197692871094,-0.934875488281,0.263793945312,1804.0,3727.0,7819.0,76.0,-74.0,5.0,
1646734815356977462,-0.13330078125,-0.201538085938,-0.934020996094,0.263244628906,1561.0,3509.0,7793.0,53.0,-58.0,-3.0,
1646734815361352920,-0.134216308594,-0.20361328125,-0.93359375,0.262573242188,1561.0,3214.0,7599.0,28.0,-37.0,-7.0,
1646734815366405010,-0.135070800781,-0.204284667969,-0.933532714844,0.261962890625,1507.0,2945.0,7345.0,8.0,-22.0,-9.0,
1646734815370956897,-0.135437011719,-0.203979492188,-0.933715820312,0.26123046875,1472.0,2811.0,7032.0,-7.0,-10.0,-10.0,
1646734815377578020,-0.135314941406,-0.203063964844,-0.934204101562,0.260437011719,1554.0,2882.0,6699.0,-18.0,1.0,-11.0,
1646734815382364749,-0.135070800781,-0.2021484375,-0.934692382812,0.259521484375,1738.0,3017.0,6422.0,-23.0,5.0,-14.0,
1646734815387226104,-0.135131835938,-0.201538085938,-0.935119628906,0.258361816406,2050.0,3128.0,6195.0,-21.0,1.0,-16.0,
1646734815391636133,-0.135986328125,-0.201416015625,-0.935302734375,0.257263183594,2393.0,3294.0,5977.0,-16.0,-10.0,-15.0,
1646734815396352529,-0.137512207031,-0.202087402344,-0.935241699219,0.256225585938,2734.0,3541.0,5758.0,-8.0,-22.0,-12.0,
1646734815401240110,-0.1396484375,-0.203796386719,-0.934753417969,0.255432128906,3030.0,3777.0,5531.0,6.0,-35.0,-6.0,
1646734815407644748,-0.142456054688,-0.206665039062,-0.933898925781,0.254821777344,3185.0,3914.0,5335.0,21.0,-50.0,-2.0,
1646734815412770748,-0.145568847656,-0.210266113281,-0.932678222656,0.254455566406,3198.0,3941.0,5174.0,34.0,-59.0,3.0,
1646734815417105913,-0.148498535156,-0.214233398438,-0.931335449219,0.254333496094,3144.0,3875.0,5045.0,44.0,-61.0,6.0,
1646734815421880483,-0.151062011719,-0.218200683594,-0.929992675781,0.25439453125,3017.0,3793.0,4952.0,48.0,-57.0,8.0,
1646734815427980899,-0.153076171875,-0.222106933594,-0.9287109375,0.254577636719,2862.0,3733.0,4893.0,50.0,-48.0,6.0,
1646734815433163881,-0.154174804688,-0.225708007812,-0.927612304688,0.254699707031,2738.0,3682.0,4829.0,48.0,-35.0,4.0,
1646734815437834978,-0.154541015625,-0.228942871094,-0.9267578125,0.254760742188,2662.0,3671.0,4776.0,45.0,-22.0,0.0,
1646734815442357301,-0.154296875,-0.231811523438,-0.926086425781,0.254760742188,2625.0,3702.0,4718.0,41.0,-9.0,-3.0,
1646734815446928739,-0.153442382812,-0.234375,-0.925598144531,0.254760742188,2636.0,3749.0,4643.0,37.0,1.0,-6.0,
1646734815452322483,-0.152221679688,-0.236633300781,-0.925231933594,0.254638671875,2682.0,3808.0,4571.0,33.0,10.0,-8.0,
1646734815456219673,-0.150634765625,-0.238708496094,-0.924987792969,0.254516601562,2739.0,3899.0,4495.0,30.0,16.0,-10.0,
1646734815461005210,-0.148803710938,-0.240600585938,-0.924865722656,0.254333496094,2816.0,3992.0,4416.0,28.0,23.0,-12.0,
1646734815469271659,-0.146667480469,-0.242309570312,-0.9248046875,0.254150390625,2901.0,4078.0,4343.0,26.0,28.0,-14.0,
1646734815472490310,-0.144226074219,-0.243896484375,-0.9248046875,0.253967285156,3006.0,4153.0,4269.0,24.0,34.0,-15.0,
1646734815477414846,-0.141540527344,-0.245361328125,-0.924865722656,0.253845214844,3133.0,4226.0,4204.0,23.0,39.0,-15.0,
1646734815482238531,-0.138793945312,-0.246826171875,-0.924926757812,0.253845214844,3274.0,4297.0,4134.0,23.0,42.0,-14.0,
1646734815486974954,-0.136108398438,-0.248352050781,-0.924865722656,0.253967285156,3397.0,4372.0,4079.0,24.0,42.0,-12.0,
1646734815491478681,-0.133422851562,-0.249938964844,-0.924743652344,0.254150390625,3501.0,4471.0,4026.0,26.0,42.0,-10.0,
1646734815496178150,-0.130859375,-0.251831054688,-0.924560546875,0.254455566406,3601.0,4580.0,3975.0,30.0,39.0,-9.0,
1646734815501129150,-0.12841796875,-0.254150390625,-0.924194335938,0.254699707031,3676.0,4705.0,3914.0,35.0,36.0,-9.0,
1646734815507543563,-0.126037597656,-0.256958007812,-0.923645019531,0.255004882812,3722.0,4814.0,3852.0,43.0,31.0,-8.0,
1646734815512313842,-0.123840332031,-0.260375976562,-0.922912597656,0.255249023438,3687.0,4884.0,3821.0,52.0,26.0,-8.0,
1646734815517069339,-0.121704101562,-0.264221191406,-0.922058105469,0.255493164062,3587.0,4910.0,3793.0,60.0,22.0,-8.0,
1646734815521837472,-0.119323730469,-0.268432617188,-0.921081542969,0.255798339844,3467.0,4904.0,3762.0,67.0,21.0,-9.0,
1646734815527155637,-0.116821289062,-0.272827148438,-0.919982910156,0.256103515625,3306.0,4897.0,3746.0,73.0,23.0,-9.0,
1646734815533369302,-0.113952636719,-0.277404785156,-0.918884277344,0.256408691406,3109.0,4892.0,3759.0,76.0,26.0,-10.0,
1646734815538116931,-0.110595703125,-0.281921386719,-0.917846679688,0.256713867188,2919.0,4877.0,3794.0,78.0,31.0,-12.0,
1646734815542890548,-0.106750488281,-0.286254882812,-0.916870117188,0.257019042969,2794.0,4852.0,3809.0,78.0,39.0,-14.0,
1646734815547571420,-0.1025390625,-0.290466308594,-0.915954589844,0.257385253906,2765.0,4889.0,3803.0,77.0,47.0,-16.0,
1646734815552890777,-0.0980834960938,-0.294555664062,-0.9150390625,0.257629394531,2741.0,4983.0,3813.0,75.0,52.0,-19.0,
1646734815558343410,-0.0933837890625,-0.298583984375,-0.914184570312,0.2578125,2705.0,5075.0,3828.0,75.0,55.0,-22.0,
1646734815564156532,-0.08837890625,-0.302551269531,-0.913391113281,0.257873535156,2719.0,5129.0,3859.0,74.0,60.0,-24.0,
1646734815566956520,-0.083251953125,-0.306335449219,-0.912536621094,0.257934570312,2782.0,5153.0,3906.0,73.0,63.0,-26.0,
1646734815571613788,-0.0781860351562,-0.309997558594,-0.911743164062,0.257995605469,2863.0,5196.0,3957.0,72.0,64.0,-26.0,
1646734815576169490,-0.0732421875,-0.313659667969,-0.910888671875,0.258056640625,2931.0,5267.0,4029.0,71.0,62.0,-26.0,
1646734815581412792,-0.0685424804688,-0.317260742188,-0.910034179688,0.258056640625,2992.0,5349.0,4087.0,70.0,58.0,-26.0,
1646734815595232486,-0.0642700195312,-0.320861816406,-0.909057617188,0.257995605469,3052.0,5468.0,4138.0,67.0,52.0,-24.0,
1646734815610660791,-0.0604248046875,-0.324523925781,-0.908081054688,0.257873535156,3137.0,5577.0,4232.0,66.0,45.0,-22.0,
1646734815611313343,-0.0571899414062,-0.328186035156,-0.906982421875,0.257751464844,3209.0,5648.0,4320.0,65.0,37.0,-20.0,
1646734815611505270,-0.054443359375,-0.331787109375,-0.905944824219,0.257507324219,3313.0,5727.0,4396.0,62.0,28.0,-19.0,
1646734815611710548,-0.0523071289062,-0.335388183594,-0.90478515625,0.257141113281,3413.0,5844.0,4460.0,60.0,20.0,-18.0,
1646734815612558603,-0.0508422851562,-0.339111328125,-0.903686523438,0.256591796875,3464.0,5981.0,4521.0,58.0,8.0,-18.0,
1646734815617588281,-0.0499877929688,-0.343078613281,-0.902465820312,0.255737304688,3484.0,6096.0,4570.0,58.0,-3.0,-17.0,
1646734815621932506,-0.0497436523438,-0.34716796875,-0.901184082031,0.254760742188,3477.0,6194.0,4631.0,59.0,-16.0,-16.0,
1646734815687961339,-0.0501708984375,-0.351501464844,-0.899841308594,0.253601074219,3394.0,6256.0,4710.0,60.0,-28.0,-14.0,
1646734815689344167,-0.0510864257812,-0.35595703125,-0.898376464844,0.252319335938,3220.0,6287.0,4801.0,61.0,-38.0,-12.0,
1646734815690237045,-0.05224609375,-0.3603515625,-0.896911621094,0.2509765625,2999.0,6310.0,4887.0,61.0,-44.0,-9.0,
1646734815691526889,-0.0535888671875,-0.36474609375,-0.895446777344,0.249755859375,2760.0,6375.0,4969.0,61.0,-47.0,-6.0,
1646734815693045139,-0.0547485351562,-0.369079589844,-0.893920898438,0.24853515625,2590.0,6439.0,5054.0,61.0,-46.0,-5.0,
1646734815695417404,-0.0557250976562,-0.373413085938,-0.892333984375,0.247436523438,2482.0,6502.0,5147.0,62.0,-42.0,-5.0,
1646734815697167396,-0.0565185546875,-0.377746582031,-0.890747070312,0.246337890625,2419.0,6546.0,5248.0,64.0,-39.0,-6.0,
1646734815699900627,-0.05712890625,-0.382141113281,-0.88916015625,0.245300292969,2380.0,6590.0,5357.0,66.0,-36.0,-7.0,
1646734815701830387,-0.0576171875,-0.386657714844,-0.887512207031,0.244201660156,2385.0,6611.0,5460.0,68.0,-34.0,-9.0,
1646734815703963279,-0.0579833984375,-0.39111328125,-0.885803222656,0.242980957031,2468.0,6603.0,5558.0,70.0,-34.0,-11.0,
1646734815705704212,-0.0586547851562,-0.395690917969,-0.884094238281,0.24169921875,2585.0,6588.0,5659.0,71.0,-37.0,-13.0,
1646734815708502054,-0.0597534179688,-0.400268554688,-0.882385253906,0.240173339844,2707.0,6575.0,5743.0,70.0,-44.0,-14.0,
1646734815710415840,-0.0614013671875,-0.404846191406,-0.880676269531,0.238464355469,2848.0,6586.0,5861.0,68.0,-54.0,-14.0,
1646734815712030649,-0.0636596679688,-0.409362792969,-0.87890625,0.236572265625,3022.0,6646.0,5986.0,66.0,-63.0,-12.0,
1646734815713422060,-0.066650390625,-0.413818359375,-0.877075195312,0.234741210938,3170.0,6786.0,6106.0,62.0,-73.0,-7.0,
1646734815714489698,-0.070556640625,-0.418334960938,-0.875183105469,0.232788085938,3359.0,6987.0,6171.0,60.0,-87.0,-1.0,
1646734815716998100,-0.0755615234375,-0.423034667969,-0.873046875,0.230651855469,3633.0,7046.0,6150.0,58.0,-104.0,4.0,
1646734815718618392,-0.0817260742188,-0.428039550781,-0.870666503906,0.228332519531,3944.0,6975.0,6082.0,60.0,-122.0,8.0,
1646734815719566822,-0.089111328125,-0.433654785156,-0.867797851562,0.225891113281,4239.0,6900.0,6068.0,68.0,-142.0,12.0,
1646734815723115921,-0.0975952148438,-0.439880371094,-0.864440917969,0.22314453125,4439.0,6875.0,6086.0,78.0,-163.0,17.0,
1646734815727435827,-0.107116699219,-0.446594238281,-0.860656738281,0.220031738281,4556.0,6843.0,6115.0,84.0,-184.0,21.0,
1646734815735141515,-0.117431640625,-0.453430175781,-0.856567382812,0.216674804688,4617.0,6725.0,6153.0,86.0,-200.0,26.0,
1646734815739020824,-0.128356933594,-0.460144042969,-0.852294921875,0.213256835938,4716.0,6568.0,6172.0,84.0,-210.0,31.0,
1646734815744133949,-0.139953613281,-0.466552734375,-0.847778320312,0.209899902344,4838.0,6402.0,6190.0,81.0,-219.0,37.0,
1646734815749335527,-0.15234375,-0.472534179688,-0.843200683594,0.206359863281,4913.0,6187.0,6190.0,73.0,-229.0,41.0,
1646734815753565788,-0.165222167969,-0.477722167969,-0.838745117188,0.20263671875,4975.0,5931.0,6094.0,61.0,-237.0,43.0,
1646734815758027076,-0.178588867188,-0.482360839844,-0.834289550781,0.198669433594,5118.0,5723.0,5939.0,50.0,-243.0,45.0,
1646734815762374639,-0.192565917969,-0.486755371094,-0.82958984375,0.194458007812,5394.0,5647.0,5742.0,45.0,-252.0,47.0,
1646734815766831636,-0.207275390625,-0.491394042969,-0.824401855469,0.189880371094,5771.0,5667.0,5538.0,47.0,-266.0,48.0,
1646734815803252696,-0.222900390625,-0.496459960938,-0.818420410156,0.184814453125,6182.0,5701.0,5379.0,54.0,-284.0,47.0,
1646734815810038089,-0.239318847656,-0.502014160156,-0.811645507812,0.179138183594,6551.0,5712.0,5279.0,62.0,-305.0,46.0,
1646734815811505079,-0.25634765625,-0.5078125,-0.804138183594,0.1728515625,6842.0,5710.0,5257.0,69.0,-323.0,44.0,
1646734815814396619,-0.273681640625,-0.513671875,-0.796081542969,0.166015625,6970.0,5706.0,5336.0,73.0,-336.0,41.0,
1646734815815259218,-0.290771484375,-0.51953125,-0.787719726562,0.158508300781,6877.0,5726.0,5481.0,75.0,-344.0,34.0,
1646734815817602872,-0.307067871094,-0.525207519531,-0.779357910156,0.150329589844,6577.0,5800.0,5649.0,75.0,-343.0,23.0,
1646734815819048643,-0.32177734375,-0.530822753906,-0.771179199219,0.141784667969,6189.0,5936.0,5761.0,75.0,-328.0,10.0,
1646734815821058273,-0.33447265625,-0.536437988281,-0.763366699219,0.133117675781,5852.0,5988.0,5851.0,75.0,-303.0,-5.0,
1646734815822190523,-0.345031738281,-0.541931152344,-0.756164550781,0.124755859375,5625.0,5894.0,5971.0,76.0,-270.0,-23.0,
1646734815823812007,-0.353637695312,-0.547119140625,-0.749755859375,0.11669921875,5420.0,5651.0,6047.0,72.0,-240.0,-39.0,
1646734815824667930,-0.360656738281,-0.551696777344,-0.744140625,0.109069824219,5318.0,5387.0,6006.0,64.0,-210.0,-48.0,
1646734815828393220,-0.366271972656,-0.555603027344,-0.739440917969,0.102478027344,5472.0,5220.0,5847.0,55.0,-176.0,-49.0,
1646734815832597255,-0.37109375,-0.558715820312,-0.735412597656,0.096923828125,5905.0,5135.0,5644.0,46.0,-148.0,-43.0,
1646734815838975191,-0.375610351562,-0.561157226562,-0.731872558594,0.0921020507812,6414.0,5080.0,5415.0,36.0,-133.0,-39.0,
1646734815848027706,-0.384704589844,-0.564697265625,-0.725463867188,0.0829467773438,7311.0,4917.0,4909.0,23.0,-127.0,-32.0,
1646734815853036880,-0.389892578125,-0.565979003906,-0.72216796875,0.0787353515625,7831.0,4872.0,4595.0,20.0,-129.0,-23.0,
1646734815857392549,-0.395874023438,-0.566955566406,-0.718566894531,0.0748291015625,8391.0,4891.0,4252.0,19.0,-137.0,-12.0,
1646734815861881971,-0.402893066406,-0.567749023438,-0.714416503906,0.0708618164062,8877.0,4925.0,3926.0,20.0,-152.0,-3.0,
1646734815866660833,-0.411010742188,-0.568603515625,-0.709533691406,0.066650390625,9243.0,4940.0,3629.0,24.0,-172.0,5.0,
1646734815870761871,-0.419982910156,-0.569580078125,-0.703918457031,0.0621337890625,9513.0,4929.0,3360.0,29.0,-190.0,11.0,
1646734815877952098,-0.4296875,-0.570617675781,-0.697509765625,0.0574951171875,9687.0,4894.0,3101.0,35.0,-206.0,17.0,
1646734815882544755,-0.440124511719,-0.571899414062,-0.690368652344,0.0526733398438,9731.0,4834.0,2872.0,42.0,-221.0,20.0,
1646734815887391328,-0.450866699219,-0.573364257812,-0.682495117188,0.0475463867188,9641.0,4734.0,2688.0,50.0,-234.0,22.0,
1646734815890838384,-0.461730957031,-0.575012207031,-0.674133300781,0.0422973632812,9514.0,4604.0,2542.0,55.0,-242.0,21.0,
1646734815895713806,-0.472534179688,-0.57666015625,-0.66552734375,0.0369873046875,9407.0,4468.0,2428.0,58.0,-243.0,21.0,
1646734815903086185,-0.483093261719,-0.578186035156,-0.656860351562,0.0317993164062,9256.0,4336.0,2324.0,58.0,-242.0,20.0,
1646734815907019376,-0.493225097656,-0.57958984375,-0.648254394531,0.0264892578125,9035.0,4201.0,2203.0,56.0,-238.0,17.0,
1646734815911439895,-0.502685546875,-0.580871582031,-0.639953613281,0.021240234375,8786.0,4085.0,2017.0,52.0,-227.0,13.0,
1646734815916882991,-0.511291503906,-0.582153320312,-0.632080078125,0.0161743164062,8581.0,3963.0,1772.0,48.0,-212.0,10.0,
1646734815920860052,-0.519226074219,-0.583312988281,-0.624633789062,0.0115356445312,8470.0,3846.0,1489.0,46.0,-197.0,6.0,
1646734815925251007,-0.526550292969,-0.58447265625,-0.617431640625,0.00732421875,8461.0,3788.0,1205.0,45.0,-184.0,5.0,
1646734815932028532,-0.533508300781,-0.585571289062,-0.610412597656,0.00347900390625,8450.0,3825.0,979.0,46.0,-175.0,4.0,
1646734815936877012,-0.5400390625,-0.586730957031,-0.603515625,-0.00018310546875,8438.0,3942.0,811.0,48.0,-170.0,3.0,
1646734815943523645,-0.546447753906,-0.587890625,-0.596557617188,-0.00396728515625,8468.0,4072.0,593.0,49.0,-170.0,2.0,
1646734815949027299,-0.552856445312,-0.589172363281,-0.58935546875,-0.00775146484375,8472.0,4272.0,368.0,52.0,-172.0,1.0,
1646734815953415870,-0.558532714844,-0.590942382812,-0.582153320312,-0.0101318359375,8420.0,4338.0,239.0,69.0,-152.0,4.0,
1646734815957355976,-0.562927246094,-0.592590332031,-0.576171875,-0.010009765625,8663.0,4415.0,-256.0,80.0,-104.0,17.0,
1646734815961786985,-0.56787109375,-0.594055175781,-0.569763183594,-0.0081787109375,9441.0,4593.0,-594.0,92.0,-95.0,35.0,
1646734815966425657,-0.574157714844,-0.594848632812,-0.562622070312,-0.005126953125,10301.0,4962.0,-864.0,107.0,-108.0,58.0,
1646734815971164464,-0.581420898438,-0.595458984375,-0.554504394531,-0.00164794921875,10722.0,5537.0,-1030.0,121.0,-125.0,74.0,
1646734815975568056,-0.588684082031,-0.5966796875,-0.545471191406,0.00067138671875,10769.0,5904.0,-1147.0,129.0,-145.0,67.0,
1646734815980581283,-0.595520019531,-0.598571777344,-0.535888671875,0.00238037109375,10697.0,5974.0,-1383.0,134.0,-150.0,55.0,
1646734815987213850,-0.60205078125,-0.600708007812,-0.526123046875,0.00396728515625,10443.0,5790.0,-1668.0,133.0,-148.0,47.0,
1646734815992248058,-0.608154296875,-0.602966308594,-0.516418457031,0.00531005859375,9924.0,5431.0,-1953.0,128.0,-144.0,39.0,
1646734815996699333,-0.613708496094,-0.605224609375,-0.507080078125,0.0064697265625,9348.0,4975.0,-2218.0,120.0,-133.0,34.0,
1646734816001614570,-0.61865234375,-0.607177734375,-0.498596191406,0.00811767578125,8873.0,4573.0,-2458.0,112.0,-114.0,35.0,
1646734816005805969,-0.623107910156,-0.608642578125,-0.4912109375,0.01025390625,8490.0,4304.0,-2679.0,102.0,-93.0,39.0,
1646734816010246992,-0.626953125,-0.609680175781,-0.484924316406,0.0128784179688,8147.0,4174.0,-2883.0,94.0,-74.0,42.0,
1646734816016888141,-0.63037109375,-0.610534667969,-0.479309082031,0.0158081054688,7944.0,4140.0,-3026.0,89.0,-59.0,44.0,
1646734816021417617,-0.633605957031,-0.611083984375,-0.474182128906,0.0191040039062,7908.0,4163.0,-3186.0,89.0,-51.0,48.0,
1646734816026138305,-0.636901855469,-0.611511230469,-0.469055175781,0.0226440429688,7919.0,4212.0,-3360.0,90.0,-51.0,51.0,
1646734816030689716,-0.640319824219,-0.611877441406,-0.463623046875,0.0260009765625,7969.0,4227.0,-3539.0,91.0,-57.0,51.0,
1646734816039227485,-0.643920898438,-0.612487792969,-0.457702636719,0.0289306640625,8002.0,4152.0,-3719.0,93.0,-68.0,48.0,
1646734816045440673,-0.647766113281,-0.613220214844,-0.451110839844,0.0313110351562,7917.0,3985.0,-3865.0,94.0,-82.0,44.0,
1646734816050608634,-0.651733398438,-0.614135742188,-0.443908691406,0.0330810546875,7641.0,3734.0,-3948.0,93.0,-96.0,39.0,
1646734816054790735,-0.65576171875,-0.615173339844,-0.436401367188,0.0341796875,7192.0,3400.0,-4030.0,89.0,-103.0,35.0,
1646734816059825181,-0.659790039062,-0.616149902344,-0.428894042969,0.0347900390625,6639.0,3068.0,-4036.0,82.0,-105.0,32.0,
1646734816063959836,-0.66357421875,-0.617004394531,-0.421630859375,0.0350952148438,6045.0,2806.0,-4017.0,75.0,-102.0,31.0,
1646734816068661451,-0.667175292969,-0.617736816406,-0.414916992188,0.0352783203125,5449.0,2629.0,-4001.0,69.0,-95.0,31.0,
1646734816071928739,-0.67041015625,-0.618347167969,-0.40869140625,0.0355834960938,4828.0,2516.0,-4014.0,65.0,-85.0,31.0,
1646734816076578140,-0.673278808594,-0.618835449219,-0.403198242188,0.0360717773438,4298.0,2352.0,-4077.0,60.0,-70.0,31.0,
1646734816081064939,-0.675842285156,-0.619018554688,-0.3984375,0.0369262695312,3957.0,2261.0,-4082.0,53.0,-55.0,33.0,
1646734816085510730,-0.678161621094,-0.618896484375,-0.394653320312,0.0382080078125,3753.0,2339.0,-4138.0,48.0,-41.0,36.0,
1646734816092483043,-0.68017578125,-0.618591308594,-0.391418457031,0.0397338867188,3654.0,2518.0,-4205.0,46.0,-30.0,37.0,
1646734816097215414,-0.681884765625,-0.618347167969,-0.388610839844,0.04150390625,3576.0,2705.0,-4245.0,47.0,-23.0,35.0,
1646734816101773977,-0.683288574219,-0.618286132812,-0.386047363281,0.0433959960938,3505.0,2874.0,-4281.0,48.0,-17.0,32.0,
1646734816106181859,-0.684387207031,-0.618469238281,-0.383605957031,0.0453491210938,3494.0,3007.0,-4392.0,49.0,-14.0,26.0,
1646734816110511302,-0.685302734375,-0.618896484375,-0.381042480469,0.0470581054688,3492.0,3047.0,-4553.0,49.0,-16.0,19.0,
1646734816115100622,-0.686096191406,-0.619506835938,-0.37841796875,0.0486450195312,3467.0,3066.0,-4775.0,47.0,-16.0,14.0,
1646734816122379541,-0.686645507812,-0.620361328125,-0.375854492188,0.0501098632812,3445.0,3145.0,-5017.0,46.0,-14.0,9.0,
1646734816126871824,-0.687072753906,-0.621215820312,-0.37353515625,0.0515747070312,3425.0,3174.0,-5246.0,45.0,-11.0,8.0,
1646734816131340980,-0.687377929688,-0.621948242188,-0.371398925781,0.0531005859375,3420.0,3208.0,-5513.0,43.0,-6.0,8.0,
1646734816137057781,-0.687683105469,-0.622741699219,-0.369323730469,0.0546264648438,3506.0,3260.0,-5736.0,42.0,-5.0,7.0,
1646734816145647287,-0.688049316406,-0.62353515625,-0.367065429688,0.0560302734375,3587.0,3359.0,-5917.0,42.0,-10.0,7.0,
1646734816149562120,-0.6884765625,-0.624389648438,-0.36474609375,0.0571899414062,3693.0,3493.0,-6078.0,42.0,-14.0,6.0,
1646734816153527736,-0.688903808594,-0.625244140625,-0.362243652344,0.0582275390625,3689.0,3551.0,-6204.0,42.0,-18.0,6.0,
1646734816157902240,-0.689514160156,-0.626098632812,-0.359436035156,0.0592651367188,3578.0,3587.0,-6280.0,46.0,-21.0,8.0,
1646734816163841485,-0.690307617188,-0.626708984375,-0.356567382812,0.0608520507812,3646.0,3683.0,-6483.0,51.0,-16.0,17.0,
1646734816167506456,-0.691345214844,-0.627014160156,-0.353576660156,0.0626831054688,3810.0,3659.0,-6624.0,54.0,-16.0,24.0,
1646734816171570539,-0.692749023438,-0.627258300781,-0.35009765625,0.064697265625,3951.0,3599.0,-6718.0,58.0,-25.0,28.0,
1646734816175897121,-0.694519042969,-0.627319335938,-0.346130371094,0.0664672851562,4032.0,3423.0,-6729.0,59.0,-35.0,32.0,
1646734816182735919,-0.696655273438,-0.627075195312,-0.341918945312,0.0681762695312,4219.0,3268.0,-6804.0,56.0,-41.0,38.0,
1646734816187422513,-0.699035644531,-0.626647949219,-0.337524414062,0.0695190429688,4237.0,3032.0,-6691.0,53.0,-50.0,40.0,
1646734816191175222,-0.701477050781,-0.626220703125,-0.333068847656,0.0706176757812,4282.0,3216.0,-6659.0,50.0,-53.0,40.0,
1646734816196913242,-0.703552246094,-0.626098632812,-0.328735351562,0.07080078125,3995.0,3146.0,-6602.0,48.0,-59.0,32.0,
1646734816200508594,-0.705627441406,-0.626159667969,-0.324279785156,0.070556640625,3725.0,3150.0,-6551.0,41.0,-60.0,27.0,
