1649687165415479183,0.128234863281,-0.0172729492188,-0.487915039062,0.863220214844,-1667.0,1347.0,8616.0,49.0,-10.0,-39.0,
1649687165499500513,0.130065917969,-0.0187377929688,-0.489868164062,0.86181640625,-1568.0,1741.0,8742.0,35.0,-13.0,-36.0,
1649687165531144380,0.131103515625,-0.0198974609375,-0.49169921875,0.860595703125,-1428.0,2068.0,8864.0,19.0,-14.0,-35.0,
1649687165540623426,0.131164550781,-0.0205688476562,-0.493591308594,0.859497070312,-1313.0,2382.0,8975.0,3.0,-13.0,-35.0,
1649687165612019300,0.13037109375,-0.0208129882812,-0.495544433594,0.858459472656,-1201.0,2661.0,9061.0,-14.0,-13.0,-37.0,
1649687165624578714,0.128662109375,-0.0205688476562,-0.49755859375,0.857604980469,-1082.0,2807.0,9123.0,-32.0,-15.0,-37.0,
1649687165626363992,0.126037597656,-0.0198974609375,-0.49951171875,0.856811523438,-959.0,2773.0,9163.0,-47.0,-15.0,-36.0,
1649687165628910303,0.122619628906,-0.018798828125,-0.50146484375,0.856201171875,-847.0,2625.0,9157.0,-58.0,-14.0,-35.0,
1649687165629496097,0.118896484375,-0.017333984375,-0.50341796875,0.855651855469,-758.0,2461.0,9114.0,-63.0,-13.0,-34.0,
1649687165632451295,0.115112304688,-0.0159301757812,-0.505126953125,0.855163574219,-657.0,2366.0,9001.0,-63.0,-13.0,-31.0,
1649687165634382009,0.111755371094,-0.0147705078125,-0.506530761719,0.854797363281,-537.0,2356.0,8835.0,-57.0,-12.0,-25.0,
1649687165635648250,0.108825683594,-0.0139770507812,-0.507568359375,0.854553222656,-361.0,2387.0,8576.0,-50.0,-12.0,-19.0,
1649687165637518405,0.106506347656,-0.0136108398438,-0.508361816406,0.854431152344,-123.0,2438.0,8255.0,-40.0,-12.0,-14.0,
1649687165638415575,0.104858398438,-0.0137329101562,-0.508911132812,0.854248046875,144.0,2554.0,7944.0,-28.0,-10.0,-11.0,
1649687165639481306,0.103942871094,-0.0142822265625,-0.509399414062,0.854125976562,440.0,2695.0,7650.0,-16.0,-9.0,-9.0,
1649687165640146970,0.103637695312,-0.0151977539062,-0.509765625,0.853881835938,707.0,2851.0,7430.0,-5.0,-7.0,-8.0,
1649687165640601396,0.103759765625,-0.0164184570312,-0.510131835938,0.853637695312,922.0,3026.0,7304.0,2.0,-6.0,-9.0,
1649687165642092466,0.104125976562,-0.0177001953125,-0.510498046875,0.853332519531,1115.0,3251.0,7229.0,6.0,-7.0,-9.0,
1649687165643216848,0.104614257812,-0.0191040039062,-0.510803222656,0.853088378906,1295.0,3531.0,7169.0,6.0,-6.0,-7.0,
1649687165645097970,0.105102539062,-0.0203857421875,-0.510925292969,0.852905273438,1458.0,3840.0,7135.0,3.0,-4.0,-4.0,
1649687165645586490,0.105346679688,-0.0214233398438,-0.5107421875,0.852966308594,1622.0,4137.0,7068.0,-4.0,-2.0,0.0,
1649687165646479129,0.104125976562,-0.0206298828125,-0.504089355469,0.857055664062,2672.0,4768.0,5371.0,-26.0,29.0,26.0,
1649687165647164106,0.124938964844,-0.0052490234375,-0.455261230469,0.881530761719,1456.0,3116.0,7383.0,29.0,37.0,72.0,
1649687165647889375,0.131713867188,-0.0054931640625,-0.442626953125,0.886962890625,1196.0,2645.0,8193.0,29.0,28.0,72.0,
1649687165648478984,0.133666992188,-0.00579833984375,-0.438537597656,0.888671875,1173.0,2403.0,8410.0,29.0,25.0,71.0,
1649687165648856639,0.135314941406,-0.00616455078125,-0.4345703125,0.890380859375,1125.0,2148.0,8617.0,28.0,23.0,68.0,
1649687165649186611,0.136779785156,-0.00653076171875,-0.430725097656,0.892028808594,1013.0,1945.0,8819.0,27.0,21.0,67.0,
1649687165649513006,0.138244628906,-0.0069580078125,-0.426879882812,0.893615722656,903.0,1728.0,8983.0,27.0,18.0,67.0,
1649687165649936437,0.139709472656,-0.007568359375,-0.423034667969,0.895202636719,800.0,1454.0,9177.0,30.0,15.0,67.0,
1649687165654644489,0.141052246094,-0.0084228515625,-0.419372558594,0.896728515625,722.0,1176.0,9353.0,32.0,11.0,65.0,
1649687165661204576,0.142395019531,-0.00946044921875,-0.415832519531,0.898132324219,654.0,956.0,9483.0,35.0,7.0,63.0,
1649687165665792703,0.143798828125,-0.0107421875,-0.412414550781,0.899475097656,592.0,779.0,9555.0,38.0,4.0,62.0,
1649687165670366287,0.145263671875,-0.01220703125,-0.408935546875,0.900817871094,522.0,621.0,9601.0,40.0,1.0,62.0,
1649687165675910234,0.146789550781,-0.0137939453125,-0.405639648438,0.902038574219,470.0,454.0,9614.0,42.0,-2.0,61.0,
1649687165679253101,0.148376464844,-0.0155639648438,-0.402404785156,0.903198242188,436.0,299.0,9577.0,44.0,-4.0,58.0,
1649687165690514802,0.150024414062,-0.0173950195312,-0.399353027344,0.904235839844,384.0,169.0,9524.0,47.0,-5.0,56.0,
1649687165694324731,0.151794433594,-0.0193481445312,-0.396362304688,0.905212402344,311.0,69.0,9423.0,49.0,-6.0,54.0,
1649687165699012041,0.15380859375,-0.0213623046875,-0.393493652344,0.906127929688,223.0,26.0,9319.0,53.0,-8.0,53.0,
1649687165703302621,0.156066894531,-0.0235595703125,-0.390686035156,0.906860351562,147.0,57.0,9189.0,57.0,-9.0,52.0,
1649687165706618070,0.158569335938,-0.02587890625,-0.387939453125,0.907531738281,99.0,162.0,9046.0,60.0,-10.0,49.0,
1649687165711321830,0.1611328125,-0.0282592773438,-0.385314941406,0.908142089844,49.0,354.0,8914.0,60.0,-10.0,47.0,
1649687165716855049,0.163757324219,-0.0306396484375,-0.382751464844,0.90869140625,16.0,600.0,8772.0,58.0,-11.0,46.0,
1649687165720793485,0.166259765625,-0.0328979492188,-0.380187988281,0.909240722656,-13.0,852.0,8661.0,54.0,-10.0,45.0,
1649687165750154018,0.168579101562,-0.0350341796875,-0.377807617188,0.909729003906,-45.0,1124.0,8569.0,49.0,-9.0,43.0,
1649687165765135288,0.170532226562,-0.036865234375,-0.375549316406,0.910217285156,-93.0,1439.0,8475.0,41.0,-8.0,40.0,
1649687165770037412,0.172119140625,-0.0383911132812,-0.373413085938,0.910705566406,-153.0,1767.0,8401.0,31.0,-7.0,38.0,
1649687165770454645,0.173217773438,-0.0396118164062,-0.371337890625,0.911315917969,-232.0,2069.0,8346.0,20.0,-6.0,36.0,
1649687165771419286,0.173583984375,-0.04052734375,-0.369445800781,0.911987304688,-306.0,2363.0,8296.0,8.0,-6.0,34.0,
1649687165772018671,0.173217773438,-0.0411376953125,-0.36767578125,0.912719726562,-370.0,2632.0,8248.0,-7.0,-7.0,32.0,
1649687165772917747,0.171997070312,-0.041259765625,-0.366088867188,0.91357421875,-423.0,2821.0,8227.0,-24.0,-6.0,30.0,
1649687165773339986,0.169799804688,-0.041015625,-0.364685058594,0.91455078125,-453.0,2890.0,8221.0,-40.0,-6.0,27.0,
1649687165773865222,0.166625976562,-0.0403442382812,-0.363525390625,0.915649414062,-489.0,2815.0,8266.0,-56.0,-6.0,24.0,
1649687165774471759,0.162536621094,-0.039306640625,-0.362609863281,0.916809082031,-554.0,2640.0,8301.0,-69.0,-7.0,20.0,
1649687165776799678,0.15771484375,-0.037841796875,-0.361999511719,0.917907714844,-628.0,2399.0,8318.0,-79.0,-7.0,16.0,
1649687165791657447,0.152465820312,-0.0361328125,-0.361572265625,0.919067382812,-708.0,2100.0,8285.0,-86.0,-6.0,12.0,
1649687165806308507,0.128356933594,-0.02685546875,-0.361694335938,0.922973632812,-1024.0,863.0,7860.0,-105.0,-2.0,-1.0,
1649687165812365531,0.115295410156,-0.020751953125,-0.362915039062,0.924438476562,-1167.0,125.0,7547.0,-109.0,3.0,-10.0,
1649687165816823005,0.108764648438,-0.017333984375,-0.363891601562,0.924865722656,-1258.0,-251.0,7420.0,-108.0,6.0,-15.0,
1649687165821371078,0.102294921875,-0.0137329101562,-0.365173339844,0.925170898438,-1369.0,-557.0,7295.0,-107.0,8.0,-20.0,
1649687165826262950,0.0961303710938,-0.010009765625,-0.366577148438,0.925354003906,-1502.0,-786.0,7184.0,-104.0,10.0,-24.0,
1649687165830790042,0.0902709960938,-0.0062255859375,-0.368103027344,0.925354003906,-1662.0,-917.0,7082.0,-99.0,12.0,-26.0,
1649687165835428714,0.0847778320312,-0.00250244140625,-0.369689941406,0.925231933594,-1846.0,-947.0,6970.0,-96.0,13.0,-29.0,
1649687165844251632,0.0796508789062,0.00128173828125,-0.371398925781,0.925048828125,-2014.0,-928.0,6863.0,-93.0,14.0,-31.0,
1649687165844753742,0.07470703125,0.00506591796875,-0.373229980469,0.924682617188,-2168.0,-847.0,6781.0,-91.0,14.0,-33.0,
1649687165851019382,0.0698852539062,0.00885009765625,-0.375122070312,0.924255371094,-2310.0,-688.0,6703.0,-91.0,15.0,-35.0,
1649687165855905532,0.065185546875,0.0126953125,-0.377075195312,0.923767089844,-2447.0,-478.0,6651.0,-92.0,17.0,-36.0,
1649687165860439062,0.0606079101562,0.0166625976562,-0.37890625,0.923278808594,-2564.0,-247.0,6645.0,-93.0,19.0,-36.0,
1649687165869022369,0.05615234375,0.0206909179688,-0.380737304688,0.922729492188,-2668.0,8.0,6682.0,-93.0,20.0,-36.0,
1649687165869548082,0.0517578125,0.0247192382812,-0.382507324219,0.922180175781,-2733.0,278.0,6745.0,-94.0,22.0,-35.0,
1649687165875901699,0.0474853515625,0.0288696289062,-0.384155273438,0.921569824219,-2752.0,502.0,6834.0,-94.0,24.0,-35.0,
1649687165880546092,0.0432739257812,0.0331420898438,-0.385803222656,0.920959472656,-2754.0,633.0,6998.0,-95.0,27.0,-34.0,
1649687165885423898,0.0390625,0.0375366210938,-0.387451171875,0.920288085938,-2819.0,441.0,7383.0,-94.0,31.0,-35.0,
1649687165893462181,0.034912109375,0.0421142578125,-0.389282226562,0.919494628906,-2906.0,122.0,7453.0,-87.0,33.0,-38.0,
1649687165902036190,0.03125,0.046875,-0.391296386719,0.918518066406,-3208.0,-139.0,7784.0,-77.0,38.0,-41.0,
1649687165902817487,0.028564453125,0.0514526367188,-0.393127441406,0.917541503906,-3542.0,-336.0,8092.0,-61.0,36.0,-38.0,
1649687165905821084,0.0271606445312,0.05517578125,-0.394775390625,0.916687011719,-3766.0,-394.0,8364.0,-38.0,30.0,-33.0,
1649687165910363435,0.0269165039062,0.0579223632812,-0.396362304688,0.915832519531,-3877.0,-362.0,8569.0,-17.0,25.0,-30.0,
1649687165914618968,0.0276489257812,0.0599365234375,-0.39794921875,0.9150390625,-3954.0,-190.0,8684.0,0.0,22.0,-30.0,
1649687165922930717,0.029296875,0.0614624023438,-0.399597167969,0.914123535156,-3996.0,101.0,8799.0,13.0,20.0,-30.0,
1649687165926251173,0.031494140625,0.0624389648438,-0.401184082031,0.913269042969,-4015.0,477.0,8780.0,22.0,18.0,-30.0,
1649687165930776596,0.0341796875,0.0631103515625,-0.402770996094,0.912475585938,-4025.0,901.0,8738.0,27.0,16.0,-28.0,
1649687165940969467,0.0370483398438,0.0635986328125,-0.404296875,0.911682128906,-4054.0,1413.0,8749.0,30.0,15.0,-27.0,
1649687165941728353,0.0399169921875,0.0640258789062,-0.405700683594,0.910888671875,-4094.0,1978.0,8798.0,26.0,13.0,-26.0,
1649687165947654962,0.0422973632812,0.064453125,-0.406982421875,0.91015625,-4155.0,2598.0,8852.0,15.0,11.0,-25.0,
1649687165950562715,0.0438842773438,0.0651245117188,-0.408142089844,0.909545898438,-4221.0,3085.0,8985.0,-1.0,8.0,-24.0,
1649687165956901311,0.0443725585938,0.066162109375,-0.4091796875,0.908935546875,-4291.0,3341.0,9254.0,-20.0,6.0,-23.0,
1649687165959426641,0.0437622070312,0.0675048828125,-0.410278320312,0.908386230469,-4356.0,3440.0,9560.0,-34.0,4.0,-25.0,
1649687165965456962,0.0421752929688,0.069091796875,-0.411376953125,0.907836914062,-4424.0,3483.0,9867.0,-47.0,2.0,-26.0,
1649687165970050811,0.0399169921875,0.0709228515625,-0.412353515625,0.907348632812,-4453.0,3458.0,10051.0,-59.0,-1.0,-24.0,
1649687165974588155,0.0370483398438,0.0728149414062,-0.413024902344,0.907043457031,-4412.0,3243.0,10055.0,-67.0,-2.0,-19.0,
1649687165980351924,0.0339965820312,0.0747680664062,-0.413513183594,0.90673828125,-4379.0,2815.0,10024.0,-67.0,-2.0,-16.0,
1649687165984920501,0.0308837890625,0.0767211914062,-0.414245605469,0.906372070312,-4320.0,2268.0,9892.0,-60.0,-2.0,-18.0,
1649687165991880655,0.0280151367188,0.0784301757812,-0.415222167969,0.905883789062,-4231.0,1710.0,9683.0,-52.0,-4.0,-23.0,
1649687165996663331,0.0254516601562,0.0798950195312,-0.416381835938,0.9052734375,-4131.0,1119.0,9410.0,-42.0,-5.0,-26.0,
1649687166001878976,0.0233154296875,0.0811767578125,-0.417724609375,0.904602050781,-4035.0,494.0,9132.0,-31.0,-5.0,-27.0,
1649687166005243062,0.0216674804688,0.0822143554688,-0.419189453125,0.903869628906,-3972.0,-85.0,8846.0,-20.0,-5.0,-28.0,
1649687166011339664,0.0206298828125,0.0829467773438,-0.420776367188,0.903137207031,-3907.0,-503.0,8517.0,-7.0,-5.0,-29.0,
1649687166015509605,0.0204467773438,0.0833129882812,-0.422424316406,0.902282714844,-3857.0,-694.0,8163.0,6.0,-6.0,-30.0,
1649687166019717693,0.0211181640625,0.083251953125,-0.424072265625,0.901489257812,-3829.0,-669.0,7848.0,18.0,-6.0,-29.0,
1649687166027877569,0.0224609375,0.0828247070312,-0.425598144531,0.900817871094,-3813.0,-395.0,7591.0,26.0,-7.0,-26.0,
1649687166033278703,0.0243530273438,0.08203125,-0.426940917969,0.900207519531,-3761.0,94.0,7416.0,30.0,-9.0,-23.0,
1649687166035574197,0.0265502929688,0.0809326171875,-0.428039550781,0.899719238281,-3684.0,759.0,7297.0,30.0,-10.0,-19.0,
1649687166040119647,0.0289306640625,0.0797729492188,-0.428894042969,0.899353027344,-3608.0,1496.0,7257.0,28.0,-9.0,-15.0,
1649687166047276735,0.0313110351562,0.07861328125,-0.429504394531,0.899108886719,-3507.0,2150.0,7323.0,22.0,-8.0,-11.0,
1649687166063057422,0.0332641601562,0.0775756835938,-0.429870605469,0.89892578125,-3327.0,2633.0,7453.0,14.0,-8.0,-8.0,
1649687166066749095,0.0347290039062,0.0767211914062,-0.430053710938,0.898864746094,-3082.0,2938.0,7638.0,7.0,-6.0,-5.0,
1649687166069988965,0.035888671875,0.0759887695312,-0.430114746094,0.898803710938,-2786.0,3083.0,7839.0,4.0,-4.0,-2.0,
1649687166075491428,0.036865234375,0.0753173828125,-0.430053710938,0.898864746094,-2459.0,3053.0,7997.0,4.0,-3.0,0.0,
1649687166144074916,0.0377807617188,0.0745849609375,-0.429870605469,0.898986816406,-2118.0,2888.0,8086.0,6.0,-2.0,3.0,
1649687166302008628,0.0386962890625,0.07373046875,-0.429565429688,0.899169921875,-1758.0,2640.0,8078.0,11.0,-2.0,5.0,
1649687166303632974,0.039794921875,0.07275390625,-0.42919921875,0.899353027344,-1389.0,2352.0,7964.0,18.0,-1.0,7.0,
1649687166304356813,0.041259765625,0.0715942382812,-0.428771972656,0.899597167969,-1030.0,2040.0,7787.0,25.0,-1.0,10.0,
1649687166304939746,0.0430297851562,0.0701904296875,-0.428283691406,0.899841308594,-683.0,1717.0,7542.0,34.0,0.0,11.0,
1649687166305544376,0.0452880859375,0.0686645507812,-0.427795410156,0.900085449219,-409.0,1408.0,7251.0,43.0,0.0,12.0,
1649687166306200742,0.0477294921875,0.0670776367188,-0.427368164062,0.900329589844,-191.0,1124.0,6934.0,48.0,2.0,12.0,
1649687166306786775,0.0504760742188,0.065673828125,-0.426879882812,0.900512695312,11.0,820.0,6702.0,51.0,5.0,12.0,
1649687166307531595,0.0534057617188,0.0641479492188,-0.42626953125,0.900695800781,177.0,395.0,6565.0,56.0,6.0,14.0,
1649687166308023452,0.0565185546875,0.0625610351562,-0.42578125,0.90087890625,337.0,-127.0,6492.0,65.0,6.0,14.0,
1649687166308476209,0.0601196289062,0.0606689453125,-0.425415039062,0.900939941406,483.0,-615.0,6465.0,78.0,6.0,12.0,
1649687166308982133,0.064453125,0.0585327148438,-0.42529296875,0.900817871094,601.0,-999.0,6486.0,92.0,7.0,9.0,
1649687166309546232,0.069580078125,0.055908203125,-0.425170898438,0.900695800781,708.0,-1261.0,6534.0,107.0,6.0,9.0,
1649687166310006856,0.0755615234375,0.0527954101562,-0.424987792969,0.900451660156,825.0,-1432.0,6603.0,122.0,5.0,11.0,
1649687166310530662,0.082275390625,0.0491943359375,-0.424682617188,0.900207519531,952.0,-1487.0,6680.0,136.0,3.0,13.0,
1649687166310915470,0.0897216796875,0.0449829101562,-0.424377441406,0.89990234375,1104.0,-1423.0,6764.0,148.0,1.0,14.0,
1649687166311307668,0.0975952148438,0.0404052734375,-0.424072265625,0.8994140625,1285.0,-1272.0,6854.0,155.0,-1.0,14.0,
1649687166311673402,0.105712890625,0.0354614257812,-0.423645019531,0.89892578125,1459.0,-1038.0,6908.0,160.0,-2.0,14.0,
1649687166312025785,0.114135742188,0.0304565429688,-0.423156738281,0.898315429688,1591.0,-761.0,6943.0,163.0,-2.0,14.0,
1649687166313450336,0.122680664062,0.0253295898438,-0.422607421875,0.897583007812,1683.0,-455.0,6963.0,163.0,-2.0,15.0,
1649687166313932895,0.131225585938,0.020263671875,-0.421997070312,0.896789550781,1770.0,-99.0,6945.0,163.0,-2.0,14.0,
1649687166314379215,0.139831542969,0.0150756835938,-0.421325683594,0.895935058594,1881.0,301.0,6904.0,162.0,-3.0,14.0,
1649687166314899206,0.148315429688,0.00994873046875,-0.420532226562,0.89501953125,1990.0,726.0,6896.0,159.0,-2.0,15.0,
1649687166315311431,0.156616210938,0.0048828125,-0.419616699219,0.89404296875,2065.0,1144.0,6917.0,154.0,-2.0,16.0,
1649687166315733671,0.268188476562,-0.0740356445312,-0.393371582031,0.876220703125,-92.0,3859.0,9064.0,55.0,-20.0,8.0,
1649687166316184759,0.270080566406,-0.0765380859375,-0.393188476562,0.875549316406,-142.0,3947.0,9157.0,50.0,-23.0,6.0,
1649687166316620826,0.271423339844,-0.078857421875,-0.393188476562,0.874938964844,-165.0,4082.0,9200.0,43.0,-25.0,4.0,
1649687166320928812,0.272338867188,-0.0809936523438,-0.393249511719,0.874389648438,-200.0,4289.0,9165.0,32.0,-24.0,3.0,
1649687166325678825,0.272766113281,-0.0828857421875,-0.393371582031,0.8740234375,-252.0,4530.0,9093.0,20.0,-24.0,3.0,
1649687166330194711,0.272705078125,-0.0845336914062,-0.393493652344,0.873840332031,-273.0,4778.0,9019.0,10.0,-25.0,4.0,
1649687166378404140,0.272033691406,-0.0860595703125,-0.393676757812,0.873840332031,-279.0,5065.0,8897.0,-3.0,-26.0,3.0,
1649687166379539489,0.270690917969,-0.087158203125,-0.394104003906,0.873962402344,-308.0,5414.0,8738.0,-17.0,-26.0,1.0,
1649687166380229473,0.268737792969,-0.087890625,-0.394653320312,0.874206542969,-358.0,5813.0,8532.0,-33.0,-25.0,-2.0,
1649687166380873203,0.266052246094,-0.0880737304688,-0.395324707031,0.874694824219,-465.0,6171.0,8398.0,-51.0,-24.0,-3.0,
1649687166381374120,0.262451171875,-0.0878295898438,-0.396179199219,0.875427246094,-596.0,6431.0,8296.0,-69.0,-24.0,-4.0,
1649687166382000684,0.257873535156,-0.0870361328125,-0.397155761719,0.87646484375,-745.0,6704.0,8137.0,-86.0,-25.0,-3.0,
1649687166382530450,0.252563476562,-0.0857543945312,-0.398193359375,0.877624511719,-886.0,6937.0,7947.0,-104.0,-23.0,-5.0,
1649687166383067131,0.246337890625,-0.0838623046875,-0.399353027344,0.879089355469,-1017.0,7055.0,7716.0,-123.0,-21.0,-5.0,
1649687166383597612,0.239135742188,-0.0814819335938,-0.400512695312,0.880737304688,-1122.0,7032.0,7468.0,-142.0,-20.0,-4.0,
1649687166384091138,0.231018066406,-0.0784912109375,-0.401733398438,0.882629394531,-1215.0,6880.0,7202.0,-158.0,-18.0,-4.0,
1649687166386868476,0.222045898438,-0.074951171875,-0.403015136719,0.884643554688,-1337.0,6620.0,6953.0,-173.0,-15.0,-6.0,
1649687166391550064,0.212341308594,-0.07080078125,-0.404418945312,0.88671875,-1491.0,6268.0,6730.0,-185.0,-13.0,-7.0,
1649687166395934581,0.2021484375,-0.0662231445312,-0.405822753906,0.888854980469,-1652.0,5777.0,6558.0,-194.0,-10.0,-8.0,
1649687166402292490,0.191650390625,-0.0612182617188,-0.407104492188,0.890930175781,-1804.0,5094.0,6454.0,-197.0,-7.0,-8.0,
1649687166407399177,0.181213378906,-0.055908203125,-0.408386230469,0.892883300781,-1956.0,4275.0,6448.0,-191.0,-4.0,-9.0,
1649687166415527343,0.171142578125,-0.050537109375,-0.409729003906,0.89453125,-2122.0,3406.0,6520.0,-180.0,0.0,-11.0,
1649687166416536808,0.161743164062,-0.0452270507812,-0.4111328125,0.895935058594,-2316.0,2582.0,6654.0,-166.0,2.0,-14.0,
1649687166421210050,0.153137207031,-0.0400390625,-0.412475585938,0.897094726562,-2535.0,1829.0,6824.0,-149.0,4.0,-15.0,
1649687166425870418,0.145446777344,-0.0350952148438,-0.413696289062,0.898010253906,-2757.0,1186.0,7036.0,-132.0,5.0,-15.0,
1649687166457416534,0.138793945312,-0.0305786132812,-0.414916992188,0.898681640625,-2979.0,671.0,7251.0,-114.0,6.0,-16.0,
1649687166458351135,0.133117675781,-0.0263671875,-0.416137695312,0.899108886719,-3184.0,279.0,7487.0,-97.0,6.0,-17.0,
1649687166458971977,0.12841796875,-0.0226440429688,-0.417419433594,0.899291992188,-3367.0,-5.0,7718.0,-80.0,6.0,-19.0,
1649687166459779262,0.124633789062,-0.0194091796875,-0.418701171875,0.899291992188,-3509.0,-168.0,7922.0,-64.0,5.0,-20.0,
1649687166461205959,0.121826171875,-0.0166625976562,-0.419982910156,0.899169921875,-3606.0,-220.0,8109.0,-49.0,4.0,-21.0,
1649687166462033987,0.119812011719,-0.0144653320312,-0.421264648438,0.898864746094,-3625.0,-175.0,8270.0,-35.0,3.0,-22.0,
1649687166462476253,0.118469238281,-0.0127563476562,-0.422546386719,0.8984375,-3577.0,-28.0,8405.0,-23.0,2.0,-22.0,
1649687166465473890,0.117797851562,-0.0114135742188,-0.423767089844,0.898010253906,-3480.0,212.0,8476.0,-14.0,1.0,-22.0,
1649687166469998359,0.117614746094,-0.0103759765625,-0.424987792969,0.8974609375,-3382.0,577.0,8493.0,-8.0,2.0,-22.0,
1649687166474555253,0.117858886719,-0.0096435546875,-0.426086425781,0.896911621094,-3283.0,1050.0,8474.0,-3.0,2.0,-21.0,
1649687166479351282,0.118469238281,-0.00921630859375,-0.427124023438,0.896362304688,-3177.0,1597.0,8433.0,0.0,0.0,-19.0,
1649687166540205478,0.119140625,-0.0091552734375,-0.428039550781,0.895812988281,-3053.0,2172.0,8398.0,0.0,-3.0,-17.0,
1649687166541947603,0.119750976562,-0.00921630859375,-0.428833007812,0.895324707031,-2889.0,2725.0,8358.0,-3.0,-5.0,-16.0,
1649687166542833089,0.1201171875,-0.00933837890625,-0.429626464844,0.894897460938,-2719.0,3183.0,8336.0,-8.0,-6.0,-15.0,
1649687166543429374,0.120239257812,-0.00933837890625,-0.430419921875,0.89453125,-2578.0,3543.0,8320.0,-12.0,-6.0,-14.0,
1649687166544144392,0.120056152344,-0.00927734375,-0.431091308594,0.894226074219,-2441.0,3782.0,8311.0,-17.0,-6.0,-14.0,
1649687166544785499,0.119567871094,-0.0091552734375,-0.431762695312,0.893981933594,-2311.0,3904.0,8324.0,-20.0,-7.0,-12.0,
1649687166545829057,0.118713378906,-0.009033203125,-0.432312011719,0.893798828125,-2181.0,3902.0,8286.0,-23.0,-9.0,-10.0,
1649687166546621322,0.117553710938,-0.00897216796875,-0.432800292969,0.893737792969,-2016.0,3746.0,8211.0,-25.0,-11.0,-8.0,
1649687166547663927,0.116271972656,-0.00885009765625,-0.433227539062,0.893676757812,-1834.0,3482.0,8142.0,-25.0,-10.0,-7.0,
1649687166548390150,0.115112304688,-0.00885009765625,-0.43359375,0.893676757812,-1595.0,3133.0,8145.0,-19.0,-11.0,-6.0,
1649687166549025058,0.114135742188,-0.00933837890625,-0.433959960938,0.893615722656,-1257.0,2718.0,8111.0,-9.0,-13.0,-6.0,
1649687166549393177,0.113708496094,-0.0103149414062,-0.434387207031,0.893432617188,-914.0,2264.0,8029.0,5.0,-15.0,-6.0,
1649687166549981594,0.113891601562,-0.0116577148438,-0.434875488281,0.893188476562,-663.0,1815.0,7944.0,19.0,-14.0,-7.0,
1649687166551115274,0.11474609375,-0.0133056640625,-0.435363769531,0.892822265625,-470.0,1431.0,7877.0,33.0,-14.0,-8.0,
1649687166556049585,0.116271972656,-0.015380859375,-0.435791015625,0.892333984375,-282.0,1133.0,7807.0,46.0,-17.0,-7.0,
1649687166606845378,0.118347167969,-0.0178833007812,-0.436157226562,0.891845703125,-76.0,904.0,7728.0,57.0,-19.0,-6.0,
1649687166608426809,0.120971679688,-0.0208129882812,-0.436401367188,0.891296386719,109.0,759.0,7679.0,67.0,-19.0,-4.0,
1649687166610554933,0.124206542969,-0.0239868164062,-0.436645507812,0.890686035156,246.0,713.0,7616.0,78.0,-19.0,-3.0,
1649687166615509033,0.128051757812,-0.0274658203125,-0.436706542969,0.890014648438,346.0,791.0,7519.0,87.0,-18.0,-2.0,
1649687166616681814,0.132507324219,-0.0311279296875,-0.4365234375,0.889282226562,431.0,954.0,7404.0,95.0,-17.0,1.0,
1649687166617203474,0.137451171875,-0.0350341796875,-0.436157226562,0.888610839844,528.0,1177.0,7268.0,101.0,-17.0,5.0,
1649687166621160030,0.142761230469,-0.0391845703125,-0.435424804688,0.887939453125,659.0,1432.0,7114.0,106.0,-16.0,9.0,
1649687166623317956,0.148315429688,-0.04345703125,-0.4345703125,0.887268066406,820.0,1734.0,6941.0,110.0,-15.0,12.0,
1649687166624168634,0.154113769531,-0.0479125976562,-0.43359375,0.886535644531,996.0,2064.0,6754.0,113.0,-14.0,13.0,
1649687166625349521,0.160095214844,-0.0524291992188,-0.432495117188,0.8857421875,1197.0,2382.0,6568.0,114.0,-13.0,13.0,
1649687166625832796,0.166076660156,-0.0570068359375,-0.431335449219,0.884887695312,1417.0,2670.0,6388.0,114.0,-12.0,13.0,
1649687166626307725,0.171997070312,-0.0615234375,-0.43017578125,0.884094238281,1648.0,2908.0,6223.0,113.0,-11.0,14.0,
1649687166628847360,0.177856445312,-0.06591796875,-0.428894042969,0.883178710938,1875.0,3044.0,6107.0,111.0,-9.0,14.0,
1649687166629316568,0.183471679688,-0.0701904296875,-0.427612304688,0.88232421875,2088.0,3041.0,6028.0,109.0,-8.0,13.0,
1649687166678921222,0.188903808594,-0.0744018554688,-0.426330566406,0.881469726562,2283.0,2925.0,5956.0,109.0,-8.0,13.0,
1649687166679896116,0.194274902344,-0.0784912109375,-0.425109863281,0.880554199219,2451.0,2747.0,5897.0,111.0,-7.0,12.0,
1649687166680824518,0.199768066406,-0.08251953125,-0.423767089844,0.879577636719,2604.0,2575.0,5816.0,114.0,-5.0,12.0,
1649687166681401014,0.205383300781,-0.0865478515625,-0.422302246094,0.878601074219,2739.0,2438.0,5751.0,117.0,-3.0,14.0,
1649687166682249069,0.211120605469,-0.0905151367188,-0.420654296875,0.877624511719,2838.0,2355.0,5736.0,118.0,-1.0,16.0,
1649687166682847499,0.216918945312,-0.0943603515625,-0.4189453125,0.876647949219,2904.0,2303.0,5761.0,119.0,1.0,16.0,
1649687166686082839,0.222778320312,-0.0979614257812,-0.417175292969,0.875610351562,2919.0,2277.0,5802.0,118.0,3.0,15.0,
1649687166687423944,0.228515625,-0.101440429688,-0.41552734375,0.87451171875,2892.0,2294.0,5849.0,116.0,5.0,14.0,
1649687166688366651,0.234191894531,-0.104675292969,-0.413879394531,0.873413085938,2837.0,2352.0,5896.0,112.0,6.0,13.0,
1649687166689195156,0.239685058594,-0.107666015625,-0.412231445312,0.872375488281,2752.0,2462.0,5957.0,108.0,7.0,13.0,
1649687166689982652,0.244934082031,-0.110412597656,-0.41064453125,0.871276855469,2642.0,2607.0,6035.0,103.0,8.0,12.0,
1649687166690345764,0.250061035156,-0.112915039062,-0.409057617188,0.870239257812,2495.0,2776.0,6127.0,98.0,9.0,12.0,
1649687166691852569,0.255004882812,-0.115234375,-0.407592773438,0.869201660156,2316.0,2971.0,6232.0,94.0,9.0,10.0,
1649687166696404933,0.259643554688,-0.117370605469,-0.40625,0.8681640625,2122.0,3207.0,6353.0,88.0,9.0,9.0,
1649687166701193571,0.263977050781,-0.119323730469,-0.405029296875,0.8671875,1916.0,3482.0,6479.0,81.0,8.0,8.0,
1649687166754815816,0.267883300781,-0.120971679688,-0.403930664062,0.866271972656,1677.0,3769.0,6608.0,72.0,8.0,7.0,
1649687166756009101,0.271423339844,-0.122375488281,-0.402954101562,0.865417480469,1382.0,4052.0,6737.0,64.0,7.0,6.0,
1649687166756669521,0.274597167969,-0.123474121094,-0.402221679688,0.864624023438,1065.0,4340.0,6876.0,56.0,6.0,4.0,
1649687166757530927,0.27734375,-0.124328613281,-0.401611328125,0.863891601562,774.0,4622.0,6988.0,47.0,5.0,2.0,
1649687166758650064,0.279663085938,-0.124938964844,-0.401245117188,0.863220214844,494.0,4875.0,7136.0,38.0,4.0,1.0,
1649687166759781837,0.281616210938,-0.125305175781,-0.400939941406,0.862670898438,194.0,5114.0,7327.0,31.0,5.0,-1.0,
1649687166760657548,0.283142089844,-0.125427246094,-0.400817871094,0.862182617188,-97.0,5376.0,7526.0,24.0,3.0,-2.0,
1649687166761454343,0.284240722656,-0.125427246094,-0.40087890625,0.86181640625,-358.0,5669.0,7736.0,15.0,1.0,-2.0,
1649687166762274026,0.284790039062,-0.125305175781,-0.400939941406,0.861633300781,-601.0,5992.0,7950.0,5.0,-1.0,-1.0,
1649687166762765884,0.284729003906,-0.124938964844,-0.401184082031,0.861572265625,-787.0,6271.0,8142.0,-8.0,-3.0,-1.0,
1649687166763458251,0.283813476562,-0.124267578125,-0.401611328125,0.86181640625,-991.0,6416.0,8390.0,-23.0,-4.0,-2.0,
1649687166764018535,0.281921386719,-0.123107910156,-0.402282714844,0.8623046875,-1262.0,6416.0,8611.0,-39.0,-5.0,-4.0,
1649687166765231132,0.279235839844,-0.121643066406,-0.403198242188,0.862915039062,-1497.0,6308.0,8720.0,-50.0,-8.0,-5.0,
1649687166769686937,0.276123046875,-0.119995117188,-0.404235839844,0.863647460938,-1672.0,6190.0,8699.0,-59.0,-10.0,-6.0,
1649687166774281740,0.272644042969,-0.118347167969,-0.405334472656,0.864501953125,-1784.0,6164.0,8587.0,-65.0,-11.0,-5.0,
1649687166829503059,0.268859863281,-0.11669921875,-0.406311035156,0.865478515625,-1853.0,6261.0,8432.0,-73.0,-12.0,-3.0,
1649687166830957412,0.2646484375,-0.115051269531,-0.4072265625,0.866516113281,-1880.0,6458.0,8273.0,-83.0,-14.0,-2.0,
1649687166832217693,0.259826660156,-0.113220214844,-0.408325195312,0.86767578125,-1893.0,6707.0,8121.0,-96.0,-16.0,-3.0,
1649687166832630157,0.25439453125,-0.111083984375,-0.409606933594,0.868957519531,-1924.0,6964.0,7958.0,-111.0,-16.0,-5.0,
1649687166833074569,0.248168945312,-0.108459472656,-0.411071777344,0.870422363281,-1955.0,7154.0,7795.0,-129.0,-15.0,-8.0,
1649687166833732604,0.241088867188,-0.105285644531,-0.412658691406,0.8720703125,-1976.0,7217.0,7656.0,-146.0,-13.0,-9.0,
1649687166834111928,0.233093261719,-0.101623535156,-0.414367675781,0.873840332031,-2012.0,7158.0,7567.0,-161.0,-12.0,-9.0,
1649687166834696531,0.224304199219,-0.097412109375,-0.416076660156,0.875793457031,-2062.0,6985.0,7510.0,-175.0,-11.0,-10.0,
1649687166835150480,0.214782714844,-0.0927734375,-0.417907714844,0.877868652344,-2105.0,6680.0,7503.0,-187.0,-10.0,-10.0,
1649687166835592985,0.204711914062,-0.0877685546875,-0.419616699219,0.879943847656,-2126.0,6207.0,7544.0,-193.0,-8.0,-10.0,
1649687166836158990,0.194458007812,-0.0825805664062,-0.421325683594,0.881958007812,-2154.0,5551.0,7625.0,-193.0,-6.0,-10.0,
1649687166839066982,0.184204101562,-0.0772094726562,-0.422973632812,0.883850097656,-2194.0,4762.0,7749.0,-188.0,-4.0,-11.0,
1649687166843811511,0.174255371094,-0.0718383789062,-0.424621582031,0.885498046875,-2257.0,3908.0,7897.0,-179.0,-3.0,-13.0,
1649687166848067760,0.164672851562,-0.0667114257812,-0.426208496094,0.887023925781,-2309.0,3053.0,8051.0,-166.0,-3.0,-13.0,
1649687166852643251,0.15576171875,-0.0618286132812,-0.427612304688,0.888244628906,-2343.0,2263.0,8193.0,-151.0,-4.0,-12.0,
1649687166886007785,0.147644042969,-0.0574951171875,-0.428955078125,0.889282226562,-2316.0,1596.0,8284.0,-134.0,-5.0,-12.0,
1649687166886799573,0.140441894531,-0.0537109375,-0.430114746094,0.89013671875,-2234.0,1021.0,8343.0,-117.0,-5.0,-12.0,
1649687166887248992,0.13427734375,-0.050537109375,-0.431335449219,0.890686035156,-2140.0,536.0,8415.0,-98.0,-6.0,-13.0,
1649687166887622594,0.129089355469,-0.0479125976562,-0.432556152344,0.890991210938,-2025.0,141.0,8501.0,-79.0,-7.0,-16.0,
1649687166913298606,0.124877929688,-0.0458984375,-0.433898925781,0.891052246094,-1908.0,-146.0,8578.0,-60.0,-8.0,-19.0,
1649687166914143800,0.121643066406,-0.0444946289062,-0.435302734375,0.890869140625,-1782.0,-279.0,8624.0,-43.0,-10.0,-22.0,
1649687166914686918,0.119384765625,-0.0436401367188,-0.436706542969,0.890563964844,-1629.0,-236.0,8640.0,-27.0,-11.0,-22.0,
1649687166915075778,0.118041992188,-0.04345703125,-0.437927246094,0.89013671875,-1440.0,-26.0,8627.0,-13.0,-12.0,-20.0,
1649687166915310859,0.117492675781,-0.0437622070312,-0.439025878906,0.8896484375,-1249.0,311.0,8593.0,-2.0,-13.0,-19.0,
1649687166915674448,0.117614746094,-0.0445556640625,-0.440063476562,0.889099121094,-1054.0,685.0,8484.0,7.0,-14.0,-18.0,
1649687166916067838,0.1181640625,-0.0455322265625,-0.441101074219,0.888488769531,-899.0,1086.0,8416.0,13.0,-13.0,-18.0,
1649687166916667699,0.119140625,-0.046630859375,-0.442016601562,0.887817382812,-691.0,1503.0,8355.0,18.0,-11.0,-17.0,
1649687166917549133,0.120544433594,-0.0481567382812,-0.442687988281,0.88720703125,-407.0,1844.0,8262.0,25.0,-12.0,-14.0,
1649687166922258853,0.122253417969,-0.0499877929688,-0.443237304688,0.886596679688,-124.0,2135.0,8134.0,33.0,-11.0,-12.0,
1649687166926667451,0.124328613281,-0.0519409179688,-0.443725585938,0.885986328125,144.0,2418.0,7971.0,38.0,-10.0,-11.0,
1649687166977586030,0.126770019531,-0.0540161132812,-0.444030761719,0.885314941406,405.0,2622.0,7827.0,44.0,-8.0,-10.0,
1649687166978761672,0.129577636719,-0.0563354492188,-0.444152832031,0.884704589844,645.0,2729.0,7736.0,51.0,-7.0,-7.0,
1649687166979362964,0.132507324219,-0.058837890625,-0.444213867188,0.884094238281,759.0,2832.0,7699.0,58.0,-8.0,-5.0,
1649687166980167150,0.1357421875,-0.0615844726562,-0.444030761719,0.883483886719,831.0,3027.0,7619.0,63.0,-11.0,-2.0,
1649687166980885505,0.139282226562,-0.064453125,-0.443542480469,0.882995605469,943.0,3259.0,7424.0,66.0,-11.0,4.0,
1649687166981456756,0.143005371094,-0.0672607421875,-0.442749023438,0.882629394531,1139.0,3575.0,7255.0,65.0,-7.0,9.0,
1649687166982066631,0.146606445312,-0.0701904296875,-0.441711425781,0.88232421875,1393.0,3914.0,7127.0,63.0,-6.0,12.0,
1649687166983129262,0.149963378906,-0.0732421875,-0.440612792969,0.882019042969,1591.0,4095.0,7081.0,59.0,-8.0,13.0,
1649687166983768224,0.15283203125,-0.0760498046875,-0.439697265625,0.881774902344,1721.0,4086.0,7070.0,53.0,-8.0,11.0,
1649687166985598564,0.155334472656,-0.0784301757812,-0.43896484375,0.881469726562,1794.0,3923.0,7074.0,49.0,-6.0,8.0,
1649687166986711025,0.15771484375,-0.08056640625,-0.438171386719,0.881286621094,1864.0,3658.0,7051.0,49.0,-4.0,9.0,
1649687166987277984,0.160095214844,-0.082763671875,-0.437133789062,0.881103515625,1978.0,3341.0,6985.0,53.0,-5.0,13.0,
1649687166991348028,0.162719726562,-0.0852661132812,-0.435852050781,0.881042480469,2114.0,2969.0,6913.0,60.0,-5.0,16.0,
1649687166995825767,0.165649414062,-0.0880126953125,-0.434509277344,0.880920410156,2260.0,2602.0,6784.0,70.0,-6.0,18.0,
1649687167000353336,0.169067382812,-0.0910034179688,-0.43310546875,0.880676269531,2460.0,2393.0,6642.0,79.0,-6.0,17.0,
1649687167004801273,0.1728515625,-0.094482421875,-0.431518554688,0.880310058594,2640.0,2359.0,6464.0,86.0,-7.0,18.0,
1649687167010531187,0.177062988281,-0.0980224609375,-0.429748535156,0.879943847656,2684.0,2287.0,6416.0,89.0,-5.0,21.0,
1649687167016623258,0.181213378906,-0.101379394531,-0.428039550781,0.879577636719,2681.0,2202.0,6408.0,90.0,-5.0,20.0,
1649687167021349906,0.185424804688,-0.104675292969,-0.426391601562,0.879089355469,2732.0,2206.0,6392.0,92.0,-6.0,18.0,
1649687167027964115,0.189819335938,-0.108154296875,-0.424682617188,0.878540039062,2810.0,2255.0,6358.0,94.0,-6.0,19.0,
1649687167030757904,0.194274902344,-0.111694335938,-0.422790527344,0.878051757812,2860.0,2330.0,6299.0,94.0,-5.0,21.0,
1649687167035332679,0.198791503906,-0.115112304688,-0.420776367188,0.877563476562,2860.0,2472.0,6257.0,94.0,-3.0,23.0,
1649687167040163516,0.203430175781,-0.118530273438,-0.418701171875,0.877014160156,2837.0,2692.0,6212.0,94.0,-3.0,23.0,
1649687167045097589,0.208068847656,-0.121948242188,-0.416687011719,0.87646484375,2797.0,2965.0,6181.0,93.0,-3.0,23.0,
1649687167052181959,0.212707519531,-0.125183105469,-0.414733886719,0.875793457031,2767.0,3234.0,6175.0,90.0,-2.0,21.0,
1649687167055519580,0.217041015625,-0.128295898438,-0.412841796875,0.875183105469,2747.0,3431.0,6199.0,85.0,-2.0,20.0,
1649687167060504436,0.221069335938,-0.131225585938,-0.4111328125,0.874572753906,2728.0,3556.0,6213.0,80.0,-2.0,18.0,
1649687167064869403,0.224853515625,-0.133911132812,-0.409423828125,0.873962402344,2691.0,3604.0,6266.0,75.0,-1.0,17.0,
1649687167070338010,0.228454589844,-0.136413574219,-0.407836914062,0.873413085938,2629.0,3605.0,6340.0,73.0,0.0,16.0,
1649687167082518815,0.231872558594,-0.138732910156,-0.40625,0.872863769531,2577.0,3615.0,6427.0,71.0,1.0,15.0,
1649687167083393335,0.235229492188,-0.140930175781,-0.404724121094,0.872314453125,2538.0,3631.0,6497.0,69.0,1.0,15.0,
1649687167096328496,0.238464355469,-0.142944335938,-0.403137207031,0.871887207031,2482.0,3631.0,6569.0,66.0,3.0,15.0,
1649687167096930980,0.241516113281,-0.144714355469,-0.401611328125,0.871459960938,2379.0,3614.0,6614.0,63.0,5.0,15.0,
1649687167097376346,0.24462890625,-0.146301269531,-0.400146484375,0.870971679688,2250.0,3595.0,6637.0,62.0,6.0,14.0,
1649687167101247549,0.247619628906,-0.147766113281,-0.398803710938,0.870544433594,2136.0,3594.0,6650.0,60.0,6.0,12.0,
1649687167106143951,0.25048828125,-0.149169921875,-0.397521972656,0.869995117188,2036.0,3596.0,6659.0,57.0,6.0,10.0,
1649687167111741781,0.253173828125,-0.150390625,-0.396423339844,0.869567871094,1944.0,3604.0,6653.0,54.0,6.0,9.0,
1649687167116353750,0.255676269531,-0.1513671875,-0.395385742188,0.869079589844,1822.0,3635.0,6646.0,49.0,8.0,7.0,
1649687167121386528,0.257934570312,-0.152099609375,-0.394470214844,0.868713378906,1645.0,3679.0,6642.0,42.0,9.0,6.0,
1649687167126278638,0.259948730469,-0.152526855469,-0.393615722656,0.868469238281,1431.0,3701.0,6672.0,36.0,10.0,6.0,
1649687167130813360,0.261657714844,-0.152648925781,-0.392944335938,0.868225097656,1204.0,3697.0,6725.0,31.0,10.0,5.0,
1649687167135377407,0.263122558594,-0.152648925781,-0.392395019531,0.867980957031,959.0,3712.0,6800.0,26.0,10.0,2.0,
1649687167139967679,0.264465332031,-0.15234375,-0.392211914062,0.867736816406,706.0,3781.0,6893.0,23.0,9.0,-1.0,
1649687167144824981,0.265625,-0.151977539062,-0.392150878906,0.867492675781,471.0,3906.0,6997.0,19.0,8.0,-4.0,
1649687167149405241,0.266723632812,-0.151489257812,-0.392272949219,0.8671875,256.0,4069.0,7115.0,15.0,8.0,-6.0,
1649687167156158447,0.267578125,-0.150939941406,-0.392517089844,0.866882324219,49.0,4236.0,7242.0,11.0,7.0,-8.0,
1649687167161933422,0.268310546875,-0.150268554688,-0.392944335938,0.866577148438,-134.0,4399.0,7359.0,8.0,6.0,-9.0,
1649687167165487051,0.268920898438,-0.149597167969,-0.393493652344,0.866271972656,-288.0,4542.0,7458.0,5.0,5.0,-11.0,
1649687167170204401,0.269470214844,-0.148864746094,-0.394165039062,0.865905761719,-435.0,4709.0,7583.0,3.0,5.0,-14.0,
1649687167174856901,0.269897460938,-0.148010253906,-0.39501953125,0.865539550781,-583.0,4943.0,7771.0,1.0,4.0,-15.0,
1649687167179406404,0.270080566406,-0.147216796875,-0.395935058594,0.865234375,-688.0,5223.0,7965.0,-4.0,2.0,-16.0,
1649687167184106826,0.269775390625,-0.146240234375,-0.39697265625,0.864990234375,-798.0,5545.0,8145.0,-14.0,1.0,-16.0,
1649687167191023111,0.268798828125,-0.14501953125,-0.398132324219,0.864990234375,-913.0,5900.0,8288.0,-26.0,-1.0,-16.0,
1649687167195616483,0.267211914062,-0.1435546875,-0.399291992188,0.865173339844,-1014.0,6281.0,8344.0,-40.0,-1.0,-14.0,
1649687167203638792,0.264953613281,-0.141784667969,-0.400512695312,0.865600585938,-1162.0,6712.0,8358.0,-57.0,-1.0,-13.0,
1649687167204962015,0.261779785156,-0.139587402344,-0.40185546875,0.866271972656,-1345.0,7167.0,8359.0,-76.0,-2.0,-11.0,
1649687167209649801,0.257568359375,-0.137023925781,-0.403381347656,0.867248535156,-1515.0,7571.0,8363.0,-97.0,-5.0,-11.0,
1649687167214373350,0.252258300781,-0.134033203125,-0.405212402344,0.868408203125,-1679.0,7847.0,8369.0,-118.0,-7.0,-13.0,
1649687167226331233,0.245849609375,-0.130554199219,-0.407287597656,0.869812011719,-1828.0,8023.0,8368.0,-138.0,-8.0,-15.0,
1649687167228008031,0.238403320312,-0.126586914062,-0.409545898438,0.871459960938,-1953.0,8080.0,8338.0,-156.0,-9.0,-15.0,
1649687167232677936,0.22998046875,-0.122314453125,-0.411804199219,0.873229980469,-2051.0,8005.0,8305.0,-173.0,-10.0,-14.0,
1649687167237426996,0.220642089844,-0.11767578125,-0.414123535156,0.875183105469,-2124.0,7785.0,8274.0,-186.0,-11.0,-13.0,
1649687167242035150,0.210632324219,-0.11279296875,-0.416381835938,0.877197265625,-2174.0,7417.0,8224.0,-196.0,-12.0,-12.0,
1649687167247072696,0.200073242188,-0.107604980469,-0.418640136719,0.879272460938,-2206.0,6895.0,8156.0,-203.0,-11.0,-13.0,
1649687167251699209,0.189147949219,-0.102172851562,-0.4208984375,0.881225585938,-2209.0,6240.0,8094.0,-207.0,-11.0,-14.0,
1649687167255999088,0.177978515625,-0.0966796875,-0.423217773438,0.883117675781,-2190.0,5509.0,8023.0,-206.0,-10.0,-15.0,
1649687167260692119,0.166870117188,-0.0911254882812,-0.425415039062,0.884765625,-2165.0,4745.0,7957.0,-202.0,-10.0,-16.0,
1649687167265198945,0.156005859375,-0.085693359375,-0.427551269531,0.886291503906,-2151.0,3972.0,7915.0,-195.0,-9.0,-16.0,
1649687167269646406,0.145446777344,-0.0804443359375,-0.429565429688,0.887573242188,-2124.0,3191.0,7890.0,-185.0,-10.0,-17.0,
1649687167274297237,0.135437011719,-0.0755004882812,-0.431518554688,0.888671875,-2061.0,2398.0,7908.0,-172.0,-10.0,-18.0,
1649687167279221296,0.126220703125,-0.0709228515625,-0.433410644531,0.889465332031,-1969.0,1589.0,7973.0,-155.0,-9.0,-19.0,
1649687167286240816,0.117919921875,-0.0667114257812,-0.435363769531,0.889953613281,-1861.0,786.0,8063.0,-135.0,-8.0,-22.0,
1649687167290841817,0.110656738281,-0.0631103515625,-0.437377929688,0.890197753906,-1757.0,33.0,8208.0,-113.0,-8.0,-26.0,
1649687167295265197,0.104675292969,-0.06005859375,-0.439331054688,0.890197753906,-1647.0,-543.0,8339.0,-87.0,-8.0,-28.0,
1649687167299718618,0.100341796875,-0.0579223632812,-0.441101074219,0.889892578125,-1534.0,-894.0,8467.0,-59.0,-8.0,-27.0,
1649687167304444313,0.09765625,-0.0567016601562,-0.442626953125,0.889526367188,-1428.0,-995.0,8550.0,-31.0,-9.0,-24.0,
1649687167309529542,0.0964965820312,-0.056396484375,-0.443908691406,0.889099121094,-1306.0,-816.0,8613.0,-6.0,-11.0,-20.0,
1649687167315783500,0.0966186523438,-0.056884765625,-0.444885253906,0.888549804688,-1147.0,-422.0,8615.0,12.0,-12.0,-17.0,
1649687167321032285,0.0977783203125,-0.0581665039062,-0.445678710938,0.887939453125,-972.0,46.0,8594.0,27.0,-13.0,-16.0,
1649687167327361822,0.099853515625,-0.0598754882812,-0.446411132812,0.88720703125,-822.0,527.0,8555.0,41.0,-13.0,-15.0,
1649687167331985712,0.102600097656,-0.06201171875,-0.447143554688,0.886352539062,-682.0,1043.0,8491.0,51.0,-14.0,-16.0,
1649687167336533546,0.105834960938,-0.064453125,-0.44775390625,0.885498046875,-525.0,1603.0,8400.0,58.0,-15.0,-15.0,
1649687167341238975,0.109252929688,-0.067138671875,-0.448181152344,0.884643554688,-327.0,2181.0,8262.0,61.0,-16.0,-11.0,
1649687167345819711,0.11279296875,-0.0701293945312,-0.448303222656,0.883972167969,-54.0,2707.0,8086.0,61.0,-16.0,-6.0,
1649687167350559473,0.116333007812,-0.0732421875,-0.448120117188,0.88330078125,248.0,3163.0,7885.0,61.0,-15.0,-2.0,
1649687167354757785,0.119812011719,-0.0762939453125,-0.447937011719,0.882690429688,539.0,3539.0,7663.0,60.0,-13.0,-1.0,
1649687167361745834,0.123291015625,-0.079345703125,-0.447631835938,0.882080078125,788.0,3806.0,7440.0,60.0,-12.0,-1.0,
1649687167366017341,0.126708984375,-0.082275390625,-0.447387695312,0.881469726562,1005.0,4013.0,7234.0,60.0,-11.0,-1.0,
1649687167370642185,0.130065917969,-0.085205078125,-0.447021484375,0.880920410156,1214.0,4166.0,7028.0,60.0,-11.0,0.0,
1649687167375374794,0.133361816406,-0.0880737304688,-0.446533203125,0.88037109375,1409.0,4277.0,6816.0,58.0,-10.0,2.0,
1649687167380222558,0.136413574219,-0.0907592773438,-0.445922851562,0.879943847656,1585.0,4326.0,6600.0,54.0,-8.0,4.0,
1649687167384731531,0.139282226562,-0.0933227539062,-0.445190429688,0.879577636719,1757.0,4290.0,6379.0,51.0,-7.0,7.0,
1649687167389456987,0.141906738281,-0.095703125,-0.4443359375,0.879333496094,1929.0,4127.0,6202.0,48.0,-5.0,8.0,
1649687167394190311,0.144470214844,-0.0979614257812,-0.443420410156,0.879150390625,2092.0,3904.0,6060.0,50.0,-3.0,9.0,
1649687167404097318,0.147216796875,-0.100219726562,-0.442443847656,0.87890625,2213.0,3712.0,5958.0,55.0,-2.0,10.0,
1649687167406468868,0.150085449219,-0.102600097656,-0.441345214844,0.878723144531,2279.0,3566.0,5901.0,58.0,-1.0,12.0,
1649687167410868644,0.153076171875,-0.104919433594,-0.440063476562,0.878540039062,2308.0,3466.0,5854.0,59.0,-1.0,14.0,
1649687167415272712,0.156005859375,-0.107116699219,-0.438720703125,0.878479003906,2357.0,3371.0,5835.0,58.0,0.0,16.0,
1649687167419761419,0.158813476562,-0.109252929688,-0.437377929688,0.878356933594,2426.0,3200.0,5861.0,56.0,1.0,16.0,
1649687167427149534,0.161376953125,-0.111267089844,-0.436096191406,0.878295898438,2496.0,2963.0,5936.0,54.0,1.0,14.0,
1649687167441514492,0.163818359375,-0.113220214844,-0.434875488281,0.878173828125,2566.0,2687.0,6035.0,54.0,1.0,13.0,
1649687167442119836,0.166381835938,-0.115112304688,-0.433654785156,0.878051757812,2615.0,2394.0,6132.0,58.0,2.0,12.0,
1649687167442716598,0.169067382812,-0.117065429688,-0.432373046875,0.8779296875,2653.0,2130.0,6199.0,63.0,3.0,13.0,
1649687167444650173,0.172180175781,-0.119079589844,-0.430908203125,0.877746582031,2686.0,1900.0,6249.0,70.0,4.0,14.0,
1649687167451233863,0.17578125,-0.121337890625,-0.429382324219,0.877502441406,2701.0,1682.0,6291.0,78.0,5.0,15.0,
1649687167456657409,0.179870605469,-0.123718261719,-0.427734375,0.877136230469,2694.0,1480.0,6339.0,89.0,6.0,15.0,
1649687167461584329,0.1845703125,-0.126403808594,-0.426147460938,0.876525878906,2673.0,1351.0,6381.0,100.0,5.0,13.0,
1649687167465427160,0.189758300781,-0.129333496094,-0.424499511719,0.875793457031,2675.0,1309.0,6403.0,109.0,5.0,11.0,
1649687167470436096,0.195373535156,-0.132446289062,-0.422790527344,0.874877929688,2697.0,1352.0,6382.0,116.0,5.0,11.0,
1649687167474466323,0.201354980469,-0.135681152344,-0.421020507812,0.873901367188,2702.0,1456.0,6374.0,120.0,6.0,11.0,
1649687167479174613,0.20751953125,-0.138854980469,-0.419250488281,0.872802734375,2645.0,1604.0,6370.0,122.0,8.0,10.0,
1649687167486362695,0.2138671875,-0.141967773438,-0.417541503906,0.871643066406,2551.0,1790.0,6375.0,123.0,8.0,9.0,
1649687167490849733,0.22021484375,-0.144958496094,-0.415832519531,0.870361328125,2458.0,2018.0,6364.0,122.0,8.0,8.0,
1649687167495573997,0.2265625,-0.14794921875,-0.414123535156,0.869079589844,2390.0,2311.0,6334.0,121.0,8.0,8.0,
1649687167499948978,0.232849121094,-0.150817871094,-0.412353515625,0.867736816406,2342.0,2670.0,6312.0,117.0,9.0,8.0,
1649687167504563570,0.238891601562,-0.153625488281,-0.410583496094,0.866455078125,2275.0,3078.0,6379.0,111.0,10.0,8.0,
1649687167509910583,0.24462890625,-0.156127929688,-0.408874511719,0.865234375,2197.0,3516.0,6437.0,104.0,11.0,9.0,
1649687167516135931,0.250061035156,-0.158386230469,-0.4072265625,0.864013671875,2114.0,3929.0,6503.0,96.0,11.0,8.0,
1649687167520877122,0.255004882812,-0.160339355469,-0.405700683594,0.862915039062,2007.0,4262.0,6597.0,86.0,11.0,7.0,
1649687167527392625,0.259338378906,-0.162048339844,-0.404357910156,0.861938476562,1885.0,4528.0,6721.0,77.0,10.0,6.0,
1649687167532481193,0.263122558594,-0.163513183594,-0.403198242188,0.861083984375,1757.0,4706.0,6869.0,67.0,8.0,5.0,
1649687167537093639,0.266296386719,-0.164733886719,-0.402160644531,0.8603515625,1570.0,4768.0,7023.0,58.0,7.0,5.0,
1649687167541773557,0.269165039062,-0.165649414062,-0.4013671875,0.859619140625,1312.0,4769.0,7240.0,53.0,7.0,3.0,
1649687167546418190,0.271789550781,-0.166442871094,-0.400817871094,0.858947753906,1076.0,4779.0,7503.0,51.0,4.0,0.0,
1649687167550962209,0.274108886719,-0.167236328125,-0.400451660156,0.858215332031,910.0,4754.0,7748.0,47.0,0.0,-2.0,
1649687167555555343,0.276062011719,-0.168029785156,-0.400268554688,0.857482910156,768.0,4716.0,7937.0,43.0,-3.0,-2.0,
1649687167560301542,0.27783203125,-0.168823242188,-0.400085449219,0.856872558594,601.0,4660.0,8064.0,40.0,-3.0,-3.0,
1649687167564881086,0.279602050781,-0.169555664062,-0.400024414062,0.856201171875,409.0,4589.0,8147.0,39.0,-4.0,-4.0,
1649687167569269180,0.281372070312,-0.170288085938,-0.400085449219,0.855407714844,222.0,4511.0,8191.0,41.0,-6.0,-5.0,
1649687167575998544,0.283264160156,-0.171203613281,-0.400207519531,0.854553222656,82.0,4473.0,8171.0,43.0,-8.0,-7.0,
1649687167580516576,0.285217285156,-0.172119140625,-0.400512695312,0.853576660156,-23.0,4472.0,8130.0,44.0,-9.0,-9.0,
1649687167585235357,0.287231445312,-0.173095703125,-0.400817871094,0.8525390625,-138.0,4511.0,8048.0,44.0,-9.0,-10.0,
1649687167589932441,0.289489746094,-0.174011230469,-0.401123046875,0.851440429688,-282.0,4586.0,7932.0,45.0,-8.0,-11.0,
1649687167594660282,0.291870117188,-0.174987792969,-0.401489257812,0.850280761719,-414.0,4712.0,7787.0,47.0,-8.0,-12.0,
1649687167599452733,0.294311523438,-0.176025390625,-0.40185546875,0.848999023438,-500.0,4896.0,7629.0,47.0,-9.0,-12.0,
1649687167606249570,0.296813964844,-0.177124023438,-0.402221679688,0.847778320312,-564.0,5134.0,7478.0,46.0,-9.0,-12.0,
1649687167611546993,0.29931640625,-0.178161621094,-0.402587890625,0.846496582031,-631.0,5426.0,7343.0,44.0,-8.0,-12.0,
1649687167616371870,0.301818847656,-0.179138183594,-0.402893066406,0.845275878906,-715.0,5742.0,7226.0,41.0,-7.0,-11.0,
1649687167621116399,0.30419921875,-0.179992675781,-0.403198242188,0.844055175781,-798.0,6065.0,7136.0,38.0,-7.0,-10.0,
1649687167626038312,0.306396484375,-0.180786132812,-0.403442382812,0.843017578125,-834.0,6373.0,7064.0,34.0,-7.0,-9.0,
1649687167634927988,0.308227539062,-0.181518554688,-0.403686523438,0.842041015625,-822.0,6621.0,7016.0,28.0,-7.0,-7.0,
1649687167636516809,0.309753417969,-0.182250976562,-0.403930664062,0.841186523438,-775.0,6823.0,6963.0,23.0,-8.0,-7.0,
1649687167641059875,0.31103515625,-0.182861328125,-0.404235839844,0.840454101562,-686.0,6982.0,6893.0,19.0,-7.0,-7.0,
1649687167645449399,0.312194824219,-0.183532714844,-0.404479980469,0.839782714844,-610.0,7028.0,6801.0,16.0,-7.0,-6.0,
1649687167650494098,0.313232421875,-0.184143066406,-0.404663085938,0.839172363281,-535.0,7078.0,6693.0,16.0,-7.0,-6.0,
1649687167659110069,0.314270019531,-0.184936523438,-0.404846191406,0.838562011719,-415.0,7185.0,6552.0,17.0,-8.0,-4.0,
1649687167661500930,0.315307617188,-0.185852050781,-0.404724121094,0.837951660156,-242.0,7318.0,6395.0,16.0,-8.0,0.0,
1649687167665827035,0.316345214844,-0.186767578125,-0.404418945312,0.837524414062,-101.0,7472.0,6213.0,15.0,-6.0,3.0,
1649687167670060634,0.3173828125,-0.187683105469,-0.403991699219,0.837158203125,28.0,7639.0,6017.0,13.0,-4.0,5.0,
1649687167674627780,0.318237304688,-0.188415527344,-0.403442382812,0.8369140625,147.0,7788.0,5815.0,9.0,-2.0,6.0,
1649687167679436206,0.318908691406,-0.18896484375,-0.402893066406,0.836791992188,280.0,7842.0,5630.0,2.0,0.0,7.0,
1649687167686377763,0.319213867188,-0.189147949219,-0.40234375,0.8369140625,397.0,7774.0,5468.0,-4.0,3.0,7.0,
1649687167690834999,0.319213867188,-0.189086914062,-0.401794433594,0.837219238281,485.0,7663.0,5323.0,-10.0,6.0,7.0,
1649687167695698976,0.319030761719,-0.188659667969,-0.401184082031,0.837646484375,521.0,7541.0,5201.0,-14.0,10.0,9.0,
1649687167700114727,0.318725585938,-0.188049316406,-0.400390625,0.838317871094,520.0,7437.0,5099.0,-17.0,13.0,12.0,
1649687167704884052,0.318237304688,-0.187194824219,-0.399475097656,0.839111328125,493.0,7369.0,5038.0,-22.0,16.0,15.0,
1649687167711909294,0.317443847656,-0.186096191406,-0.398498535156,0.840087890625,460.0,7294.0,4989.0,-28.0,18.0,16.0,
1649687167716296434,0.316345214844,-0.184753417969,-0.397583007812,0.841247558594,423.0,7190.0,4947.0,-35.0,19.0,17.0,
1649687167720736503,0.314880371094,-0.183044433594,-0.396789550781,0.842529296875,362.0,7075.0,4943.0,-43.0,21.0,16.0,
1649687167736806154,0.312866210938,-0.181091308594,-0.396179199219,0.843994140625,319.0,6909.0,4978.0,-52.0,21.0,15.0,
1649687167747928380,0.300354003906,-0.17138671875,-0.394226074219,0.851440429688,133.0,6328.0,5099.0,-81.0,21.0,17.0,
1649687167755770683,0.29248046875,-0.165588378906,-0.3935546875,0.855651855469,-184.0,6386.0,5260.0,-92.0,18.0,17.0,
1649687167762045145,0.287902832031,-0.162475585938,-0.393493652344,0.857849121094,-325.0,6382.0,5392.0,-100.0,15.0,16.0,
1649687167766182661,0.282653808594,-0.159118652344,-0.393493652344,0.860168457031,-398.0,6318.0,5557.0,-111.0,14.0,16.0,
1649687167770847320,0.276916503906,-0.155578613281,-0.3935546875,0.862670898438,-446.0,6173.0,5740.0,-119.0,15.0,17.0,
1649687167775648355,0.270812988281,-0.151977539062,-0.393615722656,0.865234375,-481.0,5976.0,5950.0,-122.0,14.0,17.0,
1649687167780048131,0.264587402344,-0.148376464844,-0.393676757812,0.867736816406,-461.0,5768.0,6169.0,-122.0,13.0,17.0,
1649687167784578323,0.258361816406,-0.144836425781,-0.393737792969,0.870178222656,-393.0,5604.0,6386.0,-121.0,12.0,16.0,
1649687167791507244,0.252258300781,-0.141479492188,-0.393737792969,0.87255859375,-302.0,5478.0,6600.0,-118.0,13.0,16.0,
1649687167796061515,0.246398925781,-0.13818359375,-0.3935546875,0.874816894531,-196.0,5369.0,6794.0,-113.0,13.0,17.0,
1649687167800783395,0.240661621094,-0.135070800781,-0.393310546875,0.876953125,-87.0,5256.0,6983.0,-109.0,13.0,18.0,
1649687167805311918,0.235046386719,-0.132019042969,-0.392944335938,0.879150390625,27.0,5168.0,7156.0,-108.0,14.0,19.0,
1649687167809820890,0.2294921875,-0.128845214844,-0.392395019531,0.88134765625,157.0,5134.0,7246.0,-108.0,17.0,21.0,
1649687167822814464,0.223937988281,-0.125549316406,-0.391540527344,0.883605957031,230.0,5120.0,7287.0,-109.0,20.0,25.0,
1649687167823436498,0.218383789062,-0.122192382812,-0.390502929688,0.885925292969,237.0,5059.0,7333.0,-112.0,22.0,28.0,
1649687167825396299,0.212646484375,-0.11865234375,-0.389526367188,0.888244628906,181.0,5021.0,7394.0,-115.0,22.0,28.0,
1649687167830264329,0.206481933594,-0.114807128906,-0.388732910156,0.890502929688,136.0,5169.0,7380.0,-123.0,21.0,25.0,
1649687167837175369,0.199829101562,-0.110656738281,-0.388000488281,0.892883300781,79.0,5493.0,7270.0,-139.0,24.0,25.0,
1649687167842030286,0.192443847656,-0.105895996094,-0.38720703125,0.895446777344,-25.0,5839.0,7034.0,-159.0,27.0,27.0,
1649687167846889019,0.184265136719,-0.100830078125,-0.38623046875,0.898132324219,-117.0,6061.0,6760.0,-177.0,27.0,31.0,
1649687167857130050,0.174926757812,-0.0955200195312,-0.385375976562,0.900939941406,-150.0,6084.0,6509.0,-196.0,23.0,32.0,
1649687167857732295,0.1640625,-0.0897827148438,-0.384704589844,0.903869628906,-123.0,5814.0,6314.0,-219.0,21.0,30.0,
1649687167862023115,0.15185546875,-0.0834350585938,-0.384155273438,0.906860351562,-102.0,5249.0,6188.0,-237.0,22.0,27.0,
1649687167864999055,0.138671875,-0.0765991210938,-0.383728027344,0.909729003906,-79.0,4430.0,6126.0,-247.0,22.0,26.0,
1649687167869503974,0.124755859375,-0.0695190429688,-0.38330078125,0.912475585938,-36.0,3420.0,6144.0,-251.0,22.0,25.0,
1649687167876207351,0.110656738281,-0.0623168945312,-0.382751464844,0.9150390625,39.0,2335.0,6211.0,-246.0,22.0,24.0,
1649687167881047248,0.096923828125,-0.0553588867188,-0.382080078125,0.917358398438,155.0,1237.0,6282.0,-234.0,22.0,25.0,
1649687167885678291,0.0840454101562,-0.0487670898438,-0.381103515625,0.919372558594,310.0,206.0,6336.0,-215.0,23.0,26.0,
1649687167890440225,0.0723266601562,-0.0427856445312,-0.380065917969,0.921142578125,492.0,-684.0,6322.0,-191.0,24.0,26.0,
1649687167895031690,0.0620727539062,-0.0372924804688,-0.379028320312,0.922546386719,670.0,-1433.0,6285.0,-165.0,25.0,23.0,
1649687167899750471,0.0532836914062,-0.0324096679688,-0.378051757812,0.923645019531,824.0,-2034.0,6285.0,-139.0,27.0,20.0,
1649687167906622171,0.0460815429688,-0.0280151367188,-0.377136230469,0.924560546875,1000.0,-2419.0,6267.0,-114.0,28.0,17.0,
1649687167911456108,0.0401611328125,-0.024169921875,-0.376342773438,0.92529296875,1167.0,-2594.0,6277.0,-94.0,29.0,15.0,
1649687167916122198,0.0352783203125,-0.020751953125,-0.37548828125,0.925903320312,1366.0,-2568.0,6331.0,-79.0,30.0,15.0,
1649687167920461654,0.03125,-0.0177001953125,-0.374633789062,0.926452636719,1615.0,-2428.0,6344.0,-69.0,31.0,15.0,
1649687167925186872,0.0278930664062,-0.0147705078125,-0.373779296875,0.926940917969,1886.0,-2261.0,6342.0,-62.0,34.0,14.0,
1649687167929718732,0.0248413085938,-0.0118408203125,-0.373107910156,0.927368164062,2087.0,-2073.0,6402.0,-57.0,39.0,10.0,
1649687167935693502,0.0220947265625,-0.00885009765625,-0.372619628906,0.927673339844,2258.0,-1877.0,6480.0,-55.0,41.0,8.0,
1649687167939889669,0.01953125,-0.005859375,-0.372131347656,0.927917480469,2389.0,-1665.0,6538.0,-54.0,42.0,7.0,
1649687167946566820,0.0171508789062,-0.00274658203125,-0.371643066406,0.92822265625,2445.0,-1480.0,6636.0,-52.0,44.0,8.0,
1649687167951133489,0.01513671875,0.0003662109375,-0.371032714844,0.928466796875,2415.0,-1341.0,6864.0,-48.0,45.0,9.0,
1649687167955758571,0.0132446289062,0.00341796875,-0.370422363281,0.9287109375,2336.0,-1127.0,7037.0,-44.0,45.0,9.0,
1649687167962756156,0.0115356445312,0.00653076171875,-0.369750976562,0.929016113281,2213.0,-843.0,7293.0,-45.0,44.0,11.0,
1649687167964944362,0.00982666015625,0.00958251953125,-0.368896484375,0.929382324219,2075.0,-623.0,7674.0,-47.0,42.0,13.0,
1649687167969409704,0.00799560546875,0.0125732421875,-0.368041992188,0.9296875,1979.0,-477.0,8084.0,-48.0,40.0,13.0,
1649687167976496219,0.0059814453125,0.015380859375,-0.367309570312,0.929931640625,1879.0,-377.0,8510.0,-50.0,38.0,11.0,
1649687167980984210,0.0037841796875,0.0182495117188,-0.366577148438,0.93017578125,1719.0,-347.0,8916.0,-52.0,37.0,11.0,
1649687167985783815,0.00152587890625,0.0211181640625,-0.365783691406,0.930419921875,1504.0,-384.0,9319.0,-52.0,34.0,13.0,
1649687167990405082,-0.0009765625,0.0238037109375,-0.364807128906,0.930725097656,1304.0,-546.0,9710.0,-53.0,29.0,15.0,
1649687167995015621,-0.00360107421875,0.0263671875,-0.363952636719,0.931030273438,1109.0,-854.0,10066.0,-51.0,25.0,14.0,
1649687167999580860,-0.0062255859375,0.0286865234375,-0.363159179688,0.931213378906,914.0,-1288.0,10361.0,-46.0,22.0,12.0,
1649687168006834506,-0.008544921875,0.0307006835938,-0.362548828125,0.931396484375,702.0,-1762.0,10549.0,-36.0,18.0,10.0,
1649687168011726379,-0.010498046875,0.0322875976562,-0.361999511719,0.931518554688,453.0,-2146.0,10605.0,-24.0,13.0,9.0,
1649687168016566991,-0.0116577148438,0.0333862304688,-0.361450195312,0.931701660156,174.0,-2389.0,10617.0,-11.0,8.0,9.0,
1649687168020682334,-0.011962890625,0.0338745117188,-0.360900878906,0.931884765625,-63.0,-2470.0,10540.0,4.0,2.0,10.0,
1649687168026477336,-0.0113525390625,0.0336303710938,-0.3603515625,0.93212890625,-196.0,-2357.0,10341.0,19.0,-4.0,9.0,
1649687168029942274,-0.0100708007812,0.0328369140625,-0.360046386719,0.932312011719,-253.0,-2121.0,10054.0,29.0,-7.0,7.0,
1649687168034613847,-0.0084228515625,0.03173828125,-0.359802246094,0.932434082031,-273.0,-1903.0,9748.0,34.0,-8.0,5.0,
1649687168044127702,-0.00653076171875,0.030517578125,-0.359680175781,0.932556152344,-287.0,-1785.0,9479.0,37.0,-8.0,3.0,
1649687168048656225,-0.0045166015625,0.029296875,-0.359741210938,0.932556152344,-316.0,-1747.0,9234.0,41.0,-7.0,0.0,
1649687168053269863,-0.00213623046875,0.0279541015625,-0.359985351562,0.932495117188,-391.0,-1678.0,9061.0,48.0,-7.0,-4.0,
1649687168057732105,0.0006103515625,0.0264892578125,-0.360290527344,0.932434082031,-457.0,-1407.0,8776.0,55.0,-9.0,-5.0,
1649687168062729835,0.00360107421875,0.0247192382812,-0.360534667969,0.932373046875,-484.0,-880.0,8402.0,55.0,-11.0,-3.0,
1649687168067011594,0.0068359375,0.0228881835938,-0.360534667969,0.932434082031,-472.0,-269.0,8017.0,51.0,-11.0,0.0,
1649687168071213006,0.009765625,0.0211791992188,-0.360534667969,0.932434082031,-404.0,239.0,7653.0,43.0,-10.0,1.0,
1649687168075541257,0.0121459960938,0.0197143554688,-0.360595703125,0.932373046875,-309.0,498.0,7395.0,33.0,-8.0,-2.0,
1649687168080443620,0.0137939453125,0.0186767578125,-0.360961914062,0.932250976562,-231.0,500.0,7270.0,24.0,-5.0,-6.0,
1649687168084799766,0.0150146484375,0.0179443359375,-0.361511230469,0.932067871094,-208.0,257.0,7270.0,20.0,-2.0,-10.0,
1649687168091761589,0.0160522460938,0.0175170898438,-0.3623046875,0.931762695312,-247.0,-139.0,7337.0,23.0,0.0,-13.0,
1649687168096500873,0.0172729492188,0.0171508789062,-0.363159179688,0.931396484375,-280.0,-594.0,7340.0,30.0,1.0,-15.0,
1649687168101276874,0.0189208984375,0.0167236328125,-0.364074707031,0.930969238281,-328.0,-1066.0,7264.0,40.0,2.0,-16.0,
1649687168105746746,0.0211791992188,0.0162353515625,-0.365051269531,0.930603027344,-399.0,-1489.0,7131.0,51.0,4.0,-16.0,
1649687168110373258,0.0239868164062,0.0155639648438,-0.365966796875,0.93017578125,-475.0,-1793.0,6966.0,63.0,4.0,-16.0,
1649687168128334999,0.027587890625,0.0146484375,-0.366882324219,0.9296875,-562.0,-1968.0,6821.0,74.0,5.0,-15.0,
1649687168129502058,0.0319213867188,0.0135498046875,-0.367797851562,0.929260253906,-677.0,-2014.0,6704.0,85.0,5.0,-15.0,
1649687168129792928,0.0369873046875,0.0122680664062,-0.368774414062,0.9287109375,-824.0,-1941.0,6681.0,95.0,6.0,-16.0,
1649687168131330966,0.0426635742188,0.0107421875,-0.369750976562,0.928039550781,-986.0,-1739.0,6737.0,103.0,5.0,-17.0,
1649687168136128425,0.0489501953125,0.00897216796875,-0.370910644531,0.927307128906,-1117.0,-1426.0,6774.0,111.0,4.0,-19.0,
1649687168142880678,0.0556640625,0.0069580078125,-0.372009277344,0.926513671875,-1215.0,-1041.0,6916.0,117.0,3.0,-20.0,
1649687168148116827,0.0628662109375,0.004638671875,-0.373168945312,0.925598144531,-1249.0,-633.0,7150.0,122.0,2.0,-20.0,
1649687168152966737,0.0701904296875,0.00201416015625,-0.374389648438,0.924560546875,-1221.0,-212.0,7381.0,125.0,-1.0,-21.0,
1649687168157567501,0.077392578125,-0.00079345703125,-0.375671386719,0.923522949219,-1148.0,260.0,7565.0,124.0,-2.0,-23.0,
1649687168162088394,0.0844116210938,-0.00360107421875,-0.376892089844,0.92236328125,-1081.0,782.0,7757.0,118.0,-2.0,-23.0,
1649687168174607753,0.0911254882812,-0.00634765625,-0.378112792969,0.921203613281,-1016.0,1336.0,7939.0,111.0,-4.0,-23.0,
1649687168175276994,0.0973510742188,-0.0091552734375,-0.379272460938,0.920104980469,-970.0,1882.0,8133.0,102.0,-6.0,-22.0,
1649687168175851345,0.102966308594,-0.0118408203125,-0.380432128906,0.9189453125,-927.0,2364.0,8303.0,91.0,-9.0,-22.0,
1649687168180442571,0.107971191406,-0.014404296875,-0.381591796875,0.917846679688,-881.0,2725.0,8416.0,81.0,-11.0,-22.0,
1649687168188297986,0.112365722656,-0.0167236328125,-0.3828125,0.916809082031,-830.0,3002.0,8485.0,71.0,-11.0,-23.0,
1649687168189939022,0.116149902344,-0.0188598632812,-0.383911132812,0.915832519531,-781.0,3245.0,8497.0,62.0,-11.0,-22.0,
1649687168197050094,0.11962890625,-0.0208740234375,-0.384948730469,0.914916992188,-725.0,3402.0,8499.0,56.0,-11.0,-19.0,
1649687168201306104,0.122802734375,-0.0227661132812,-0.3857421875,0.9140625,-694.0,3535.0,8507.0,52.0,-11.0,-16.0,
1649687168206006288,0.125915527344,-0.0247192382812,-0.386352539062,0.913330078125,-686.0,3736.0,8520.0,51.0,-12.0,-12.0,
1649687168210933923,0.129150390625,-0.0267944335938,-0.38671875,0.912719726562,-681.0,4098.0,8496.0,52.0,-13.0,-7.0,
1649687168219075679,0.132568359375,-0.0289916992188,-0.386779785156,0.912109375,-666.0,4624.0,8437.0,52.0,-13.0,-3.0,
1649687168220149755,0.135986328125,-0.03125,-0.386657714844,0.911560058594,-630.0,5181.0,8351.0,47.0,-13.0,0.0,
1649687168226491689,0.139038085938,-0.0333251953125,-0.386413574219,0.9111328125,-602.0,5589.0,8250.0,37.0,-12.0,3.0,
1649687168231401443,0.141235351562,-0.034912109375,-0.385986328125,0.910949707031,-550.0,5806.0,8189.0,23.0,-10.0,6.0,
1649687168235470771,0.142578125,-0.0360107421875,-0.385498046875,0.910888671875,-560.0,5739.0,8118.0,9.0,-6.0,7.0,
1649687168240359067,0.143005371094,-0.036376953125,-0.385070800781,0.910949707031,-595.0,5386.0,8118.0,-3.0,-3.0,7.0,
1649687168247642517,0.142700195312,-0.0362548828125,-0.384704589844,0.911193847656,-648.0,4841.0,8154.0,-10.0,-2.0,7.0,
1649687168253342866,0.141845703125,-0.0359497070312,-0.384338378906,0.911499023438,-701.0,4257.0,8172.0,-13.0,-2.0,7.0,
1649687168257562160,0.140869140625,-0.0355224609375,-0.383911132812,0.911865234375,-771.0,3730.0,8177.0,-13.0,-2.0,8.0,
1649687168262103080,0.139953613281,-0.03515625,-0.383483886719,0.912170410156,-849.0,3285.0,8177.0,-11.0,-3.0,9.0,
1649687168266478300,0.139221191406,-0.034912109375,-0.383056640625,0.912475585938,-903.0,2910.0,8131.0,-8.0,-4.0,9.0,
1649687168270951509,0.138488769531,-0.0347290039062,-0.382751464844,0.912719726562,-924.0,2600.0,8039.0,-7.0,-4.0,8.0,
1649687168275665521,0.137817382812,-0.0344848632812,-0.382446289062,0.912963867188,-921.0,2323.0,7952.0,-8.0,-3.0,6.0,
1649687168284601449,0.137023925781,-0.0341186523438,-0.382263183594,0.913208007812,-930.0,2048.0,7884.0,-10.0,-2.0,4.0,
1649687168285064935,0.13623046875,-0.03369140625,-0.382141113281,0.913391113281,-936.0,1772.0,7806.0,-10.0,-1.0,3.0,
1649687168291940689,0.135437011719,-0.033203125,-0.382202148438,0.913452148438,-939.0,1542.0,7726.0,-8.0,0.0,0.0,
1649687168296578884,0.134948730469,-0.0326538085938,-0.38232421875,0.913513183594,-927.0,1360.0,7646.0,-5.0,1.0,-2.0,
1649687168301222562,0.134582519531,-0.0322265625,-0.382507324219,0.913513183594,-890.0,1200.0,7602.0,-2.0,2.0,-4.0,
1649687168305825471,0.134460449219,-0.0317993164062,-0.3828125,0.913391113281,-834.0,1080.0,7595.0,1.0,3.0,-5.0,
1649687168310434579,0.134460449219,-0.0314331054688,-0.383117675781,0.913269042969,-784.0,1042.0,7577.0,4.0,3.0,-7.0,
1649687168315144300,0.134704589844,-0.0311279296875,-0.383483886719,0.913146972656,-745.0,1074.0,7536.0,6.0,4.0,-7.0,
1649687168321699619,0.135070800781,-0.0308227539062,-0.383911132812,0.912902832031,-701.0,1135.0,7470.0,7.0,5.0,-8.0,
1649687168326333045,0.135620117188,-0.0305786132812,-0.384338378906,0.912658691406,-644.0,1220.0,7438.0,8.0,5.0,-9.0,
1649687168330691099,0.13623046875,-0.0304565429688,-0.384826660156,0.912353515625,-564.0,1326.0,7471.0,10.0,4.0,-10.0,
1649687168335503101,0.136901855469,-0.0304565429688,-0.385375976562,0.912048339844,-472.0,1436.0,7529.0,11.0,3.0,-11.0,
1649687168340112924,0.137634277344,-0.0305786132812,-0.385925292969,0.911682128906,-385.0,1557.0,7637.0,13.0,2.0,-12.0,
1649687168349157810,0.138427734375,-0.0308227539062,-0.386535644531,0.911254882812,-331.0,1699.0,7750.0,14.0,1.0,-12.0,
1649687168351767301,0.139282226562,-0.0310668945312,-0.387145996094,0.910888671875,-304.0,1883.0,7843.0,14.0,1.0,-12.0,
1649687168356285333,0.140258789062,-0.0314331054688,-0.3876953125,0.910522460938,-291.0,2122.0,7910.0,15.0,0.0,-11.0,
1649687168361795902,0.141296386719,-0.0318603515625,-0.38818359375,0.910095214844,-281.0,2381.0,7918.0,15.0,0.0,-10.0,
1649687168374904394,0.142272949219,-0.0322875976562,-0.388610839844,0.909790039062,-261.0,2643.0,7910.0,12.0,-1.0,-9.0,
1649687168375779867,0.14306640625,-0.03271484375,-0.388977050781,0.909484863281,-231.0,2903.0,7873.0,8.0,-2.0,-8.0,
1649687168388122320,0.143737792969,-0.0330200195312,-0.389282226562,0.909240722656,-200.0,3130.0,7817.0,4.0,-1.0,-7.0,
1649687168389540433,0.144226074219,-0.0333251953125,-0.389465332031,0.909057617188,-167.0,3290.0,7783.0,1.0,0.0,-5.0,
1649687168390184402,0.144592285156,-0.0335083007812,-0.389587402344,0.908935546875,-135.0,3363.0,7718.0,-1.0,0.0,-4.0,
1649687168392807722,0.144714355469,-0.0335693359375,-0.389770507812,0.908813476562,-112.0,3352.0,7646.0,-3.0,1.0,-4.0,
1649687168398262023,0.144775390625,-0.0335083007812,-0.389892578125,0.908752441406,-102.0,3252.0,7561.0,-5.0,2.0,-4.0,
1649687168401871442,0.144653320312,-0.0333251953125,-0.390075683594,0.908752441406,-107.0,3055.0,7472.0,-5.0,2.0,-4.0,
1649687168406316757,0.144470214844,-0.0330810546875,-0.390258789062,0.90869140625,-130.0,2815.0,7380.0,-4.0,3.0,-4.0,
1649687168410880804,0.144409179688,-0.0327758789062,-0.390441894531,0.908630371094,-171.0,2565.0,7322.0,-2.0,3.0,-5.0,
1649687168415459394,0.144409179688,-0.0325317382812,-0.390686035156,0.908508300781,-226.0,2316.0,7313.0,2.0,3.0,-5.0,
1649687168420078992,0.144714355469,-0.0324096679688,-0.390930175781,0.908386230469,-289.0,2079.0,7348.0,8.0,2.0,-5.0,
1649687168426883220,0.145263671875,-0.032470703125,-0.391174316406,0.908142089844,-360.0,1914.0,7392.0,14.0,1.0,-6.0,
1649687168431495904,0.146240234375,-0.03271484375,-0.391479492188,0.907897949219,-444.0,1884.0,7447.0,20.0,0.0,-6.0,
1649687168436059951,0.147521972656,-0.0331420898438,-0.391784667969,0.907531738281,-518.0,1960.0,7490.0,25.0,-1.0,-6.0,
1649687168442828178,0.149047851562,-0.0337524414062,-0.391967773438,0.907165527344,-603.0,2094.0,7577.0,27.0,-2.0,-5.0,
1649687168451072454,0.150695800781,-0.0344848632812,-0.392211914062,0.906799316406,-674.0,2284.0,7671.0,28.0,-3.0,-5.0,
1649687168454403400,0.152282714844,-0.03515625,-0.392456054688,0.906372070312,-731.0,2480.0,7749.0,26.0,-4.0,-5.0,
1649687168457642078,0.153625488281,-0.0358276367188,-0.392761230469,0.906005859375,-765.0,2660.0,7817.0,21.0,-5.0,-6.0,
1649687168461865901,0.154663085938,-0.0364379882812,-0.39306640625,0.905639648438,-765.0,2822.0,7879.0,16.0,-6.0,-6.0,
1649687168466301918,0.1552734375,-0.0369873046875,-0.393371582031,0.905395507812,-741.0,2944.0,7869.0,9.0,-6.0,-6.0,
1649687168470904827,0.155517578125,-0.0374145507812,-0.393676757812,0.905212402344,-707.0,3033.0,7810.0,2.0,-6.0,-5.0,
1649687168477783441,0.155456542969,-0.0377197265625,-0.393981933594,0.905090332031,-666.0,3081.0,7725.0,-3.0,-7.0,-5.0,
1649687168479824304,0.155151367188,-0.0379638671875,-0.394287109375,0.904968261719,-620.0,3073.0,7636.0,-7.0,-7.0,-5.0,
1649687168487012147,0.154602050781,-0.0381469726562,-0.394592285156,0.904907226562,-570.0,3020.0,7575.0,-9.0,-7.0,-4.0,
1649687168491833448,0.154052734375,-0.0383911132812,-0.394836425781,0.904907226562,-508.0,2943.0,7506.0,-9.0,-8.0,-4.0,
1649687168496757507,0.153442382812,-0.0386352539062,-0.395141601562,0.904846191406,-466.0,2856.0,7465.0,-8.0,-8.0,-4.0,
1649687168501165866,0.152954101562,-0.0390014648438,-0.395446777344,0.90478515625,-421.0,2773.0,7421.0,-6.0,-9.0,-4.0,
1649687168505787849,0.152587890625,-0.0393676757812,-0.395690917969,0.904724121094,-389.0,2685.0,7400.0,-4.0,-9.0,-4.0,
1649687168510903358,0.152282714844,-0.039794921875,-0.39599609375,0.904602050781,-382.0,2591.0,7380.0,-1.0,-9.0,-5.0,
1649687168515370130,0.152160644531,-0.040283203125,-0.396362304688,0.904479980469,-395.0,2517.0,7424.0,2.0,-9.0,-5.0,
1649687168521583557,0.152221679688,-0.0408325195312,-0.396728515625,0.904296875,-397.0,2479.0,7417.0,5.0,-9.0,-6.0,
1649687168526304960,0.152465820312,-0.0414428710938,-0.397094726562,0.904052734375,-399.0,2380.0,7441.0,8.0,-9.0,-6.0,
1649687168531747102,0.152770996094,-0.0421142578125,-0.397583007812,0.903747558594,-402.0,2261.0,7500.0,11.0,-10.0,-8.0,
1649687168535299062,0.153015136719,-0.0427856445312,-0.398132324219,0.903442382812,-385.0,2187.0,7582.0,11.0,-10.0,-9.0,
1649687168540045261,0.153259277344,-0.0435180664062,-0.398681640625,0.903137207031,-343.0,2156.0,7661.0,12.0,-12.0,-9.0,
1649687168547224044,0.153564453125,-0.0443725585938,-0.399230957031,0.902770996094,-275.0,2187.0,7715.0,12.0,-12.0,-9.0,
1649687168553406000,0.15380859375,-0.0453491210938,-0.399841308594,0.902404785156,-190.0,2307.0,7747.0,11.0,-13.0,-9.0,
1649687168558102607,0.154113769531,-0.0464477539062,-0.400390625,0.902099609375,-81.0,2443.0,7753.0,10.0,-14.0,-10.0,
1649687168562849283,0.154357910156,-0.0475463867188,-0.401000976562,0.901733398438,30.0,2536.0,7792.0,9.0,-14.0,-10.0,
1649687168567150354,0.154418945312,-0.048583984375,-0.401611328125,0.9013671875,115.0,2607.0,7827.0,6.0,-14.0,-11.0,
1649687168571661472,0.154357910156,-0.0496215820312,-0.402221679688,0.901062011719,173.0,2666.0,7850.0,4.0,-14.0,-10.0,
1649687168576366186,0.154235839844,-0.050537109375,-0.40283203125,0.900756835938,217.0,2701.0,7881.0,3.0,-14.0,-9.0,
1649687168581020116,0.154052734375,-0.0514526367188,-0.4033203125,0.900512695312,254.0,2697.0,7901.0,3.0,-14.0,-8.0,
1649687168585600137,0.15380859375,-0.0523681640625,-0.403869628906,0.900268554688,269.0,2677.0,7928.0,2.0,-14.0,-8.0,
1649687168590047597,0.153503417969,-0.05322265625,-0.404357910156,0.900024414062,279.0,2634.0,7976.0,1.0,-15.0,-8.0,
1649687168597151279,0.153076171875,-0.0540771484375,-0.404907226562,0.899841308594,284.0,2559.0,8022.0,1.0,-15.0,-8.0,
1649687168601488590,0.152709960938,-0.0548706054688,-0.405395507812,0.899597167969,266.0,2476.0,8105.0,1.0,-14.0,-8.0,
1649687168606096982,0.15234375,-0.0556030273438,-0.405822753906,0.8994140625,254.0,2411.0,8189.0,2.0,-14.0,-7.0,
1649687168610824584,0.152099609375,-0.0563354492188,-0.406311035156,0.899230957031,263.0,2345.0,8289.0,4.0,-14.0,-7.0,
1649687168619772672,0.15185546875,-0.0571899414062,-0.40673828125,0.898986816406,298.0,2274.0,8386.0,5.0,-14.0,-7.0,
1649687168620244979,0.151550292969,-0.0580444335938,-0.407165527344,0.898803710938,365.0,2168.0,8449.0,6.0,-13.0,-7.0,
1649687168626955032,0.151306152344,-0.0588989257812,-0.407653808594,0.898559570312,434.0,2033.0,8500.0,6.0,-13.0,-7.0,
1649687168631439924,0.151062011719,-0.0597534179688,-0.408142089844,0.898315429688,487.0,1979.0,8532.0,8.0,-13.0,-8.0,
1649687168636286497,0.151062011719,-0.0607299804688,-0.408630371094,0.898071289062,547.0,2007.0,8517.0,10.0,-13.0,-8.0,
1649687168640854597,0.151123046875,-0.0618286132812,-0.409057617188,0.897766113281,620.0,2040.0,8464.0,11.0,-14.0,-8.0,
1649687168645677566,0.151245117188,-0.0629272460938,-0.409545898438,0.8974609375,681.0,2080.0,8423.0,11.0,-13.0,-8.0,
1649687168654688358,0.151428222656,-0.0640258789062,-0.410034179688,0.897094726562,725.0,2122.0,8390.0,11.0,-13.0,-9.0,
1649687168661435842,0.15185546875,-0.0660400390625,-0.411010742188,0.896423339844,748.0,2256.0,8336.0,12.0,-12.0,-9.0,
1649687168667232275,0.152221679688,-0.0670776367188,-0.411437988281,0.896118164062,733.0,2345.0,8330.0,12.0,-11.0,-8.0,
1649687168671640157,0.152587890625,-0.0679931640625,-0.411865234375,0.895751953125,706.0,2451.0,8313.0,12.0,-11.0,-8.0,
1649687168676784753,0.152954101562,-0.06884765625,-0.412292480469,0.895446777344,683.0,2569.0,8280.0,10.0,-10.0,-7.0,
1649687168681069374,0.1533203125,-0.0696411132812,-0.41259765625,0.895202636719,661.0,2726.0,8286.0,9.0,-9.0,-6.0,
1649687168685510635,0.153747558594,-0.0704345703125,-0.412841796875,0.894958496094,643.0,2874.0,8293.0,9.0,-8.0,-5.0,
1649687168690261602,0.154235839844,-0.0711669921875,-0.4130859375,0.894714355469,606.0,2973.0,8341.0,9.0,-7.0,-5.0,
1649687168696999788,0.154602050781,-0.0718383789062,-0.413330078125,0.894470214844,556.0,3015.0,8413.0,8.0,-7.0,-5.0,
1649687168701633453,0.154907226562,-0.0723266601562,-0.413635253906,0.894226074219,497.0,2988.0,8483.0,7.0,-6.0,-5.0,
1649687168706711053,0.155029296875,-0.07275390625,-0.413818359375,0.89404296875,436.0,2922.0,8525.0,6.0,-6.0,-4.0,
1649687168711282968,0.155090332031,-0.0731811523438,-0.4140625,0.893920898438,379.0,2889.0,8538.0,5.0,-6.0,-4.0,
1649687168715812444,0.155029296875,-0.0735473632812,-0.414245605469,0.893798828125,333.0,2921.0,8512.0,3.0,-7.0,-3.0,
1649687168720246076,0.154968261719,-0.0739135742188,-0.414428710938,0.893737792969,307.0,2963.0,8438.0,1.0,-7.0,-2.0,
1649687168726869106,0.15478515625,-0.07421875,-0.414489746094,0.893676757812,288.0,2979.0,8327.0,-2.0,-6.0,-2.0,
1649687168731534242,0.154602050781,-0.0743408203125,-0.414611816406,0.893676757812,269.0,2991.0,8192.0,-3.0,-4.0,-1.0,
1649687168736059665,0.154541015625,-0.074462890625,-0.414672851562,0.893676757812,253.0,2962.0,8038.0,-3.0,-2.0,-1.0,
1649687168740642309,0.154479980469,-0.0745239257812,-0.414672851562,0.893615722656,240.0,2877.0,7892.0,-1.0,-1.0,-1.0,
1649687168745380401,0.154479980469,-0.074462890625,-0.414733886719,0.893615722656,214.0,2787.0,7755.0,-1.0,0.0,-1.0,
1649687168750438213,0.154418945312,-0.0743408203125,-0.414733886719,0.893615722656,191.0,2702.0,7659.0,-1.0,1.0,-1.0,
1649687168756788492,0.154357910156,-0.0741577148438,-0.414794921875,0.893615722656,175.0,2644.0,7583.0,-2.0,2.0,-1.0,
1649687168766043424,0.154296875,-0.0739135742188,-0.414794921875,0.893676757812,158.0,2617.0,7564.0,-3.0,3.0,-2.0,
1649687168767490386,0.154235839844,-0.0736083984375,-0.414855957031,0.893676757812,145.0,2611.0,7613.0,-3.0,3.0,-2.0,
1649687168771072864,0.154113769531,-0.0732421875,-0.414978027344,0.893676757812,125.0,2573.0,7680.0,-3.0,4.0,-3.0,
1649687168775715827,0.153930664062,-0.0728149414062,-0.415100097656,0.893676757812,92.0,2512.0,7776.0,-4.0,4.0,-3.0,
1649687168780372381,0.153747558594,-0.0723876953125,-0.415283203125,0.893676757812,57.0,2437.0,7903.0,-4.0,4.0,-4.0,
1649687168783460378,0.153564453125,-0.0719604492188,-0.415466308594,0.893615722656,18.0,2382.0,8043.0,-3.0,4.0,-4.0,
1649687168791859149,0.153381347656,-0.0715942382812,-0.415649414062,0.893615722656,-30.0,2369.0,8199.0,-2.0,3.0,-4.0,
1649687168796432018,0.153259277344,-0.0712890625,-0.415832519531,0.8935546875,-91.0,2403.0,8362.0,-1.0,1.0,-4.0,
1649687168800947189,0.153137207031,-0.0711669921875,-0.416076660156,0.893493652344,-148.0,2451.0,8547.0,-1.0,-1.0,-4.0,
1649687168805940389,0.152893066406,-0.071044921875,-0.416320800781,0.893432617188,-196.0,2449.0,8752.0,-2.0,-3.0,-4.0,
1649687168810806989,0.152404785156,-0.0709228515625,-0.416625976562,0.893371582031,-244.0,2344.0,8951.0,-5.0,-5.0,-5.0,
1649687168817814350,0.151611328125,-0.07080078125,-0.417114257812,0.893310546875,-288.0,2180.0,9149.0,-8.0,-7.0,-6.0,
1649687168821747779,0.150390625,-0.0706176757812,-0.417602539062,0.893310546875,-302.0,2023.0,9345.0,-11.0,-10.0,-6.0,
1649687168827107429,0.14892578125,-0.0706176757812,-0.418151855469,0.893310546875,-266.0,1873.0,9508.0,-14.0,-13.0,-6.0,
1649687168830770492,0.147094726562,-0.0707397460938,-0.418762207031,0.893310546875,-179.0,1671.0,9669.0,-17.0,-16.0,-7.0,
1649687168835516929,0.144958496094,-0.0709228515625,-0.419555664062,0.893249511719,-53.0,1408.0,9799.0,-20.0,-19.0,-9.0,
1649687168840253591,0.142456054688,-0.0711669921875,-0.420471191406,0.893188476562,91.0,1105.0,9869.0,-24.0,-21.0,-12.0,
1649687168843582391,0.139709472656,-0.0713500976562,-0.421569824219,0.893127441406,242.0,798.0,9826.0,-26.0,-23.0,-14.0,
1649687168851963996,0.136901855469,-0.0716552734375,-0.422668457031,0.893005371094,374.0,531.0,9678.0,-26.0,-23.0,-15.0,
1649687168857136011,0.13427734375,-0.072021484375,-0.423828125,0.892822265625,491.0,339.0,9455.0,-23.0,-23.0,-16.0,
1649687168863334655,0.132080078125,-0.0726318359375,-0.425048828125,0.892517089844,585.0,262.0,9172.0,-18.0,-24.0,-17.0,
1649687168867912292,0.13037109375,-0.0734252929688,-0.426208496094,0.892150878906,651.0,304.0,8890.0,-11.0,-24.0,-18.0,
1649687168872554063,0.129211425781,-0.074462890625,-0.427490234375,0.8916015625,695.0,429.0,8561.0,-4.0,-24.0,-20.0,
1649687168877088785,0.128723144531,-0.0757446289062,-0.4287109375,0.890991210938,691.0,632.0,8218.0,5.0,-23.0,-21.0,
1649687168883362770,0.129089355469,-0.0773315429688,-0.429870605469,0.890258789062,647.0,977.0,7902.0,17.0,-22.0,-20.0,
1649687168886399269,0.130432128906,-0.0792846679688,-0.430847167969,0.889404296875,564.0,1566.0,7691.0,29.0,-22.0,-19.0,
1649687168890899658,0.132507324219,-0.0816650390625,-0.431701660156,0.888488769531,468.0,2349.0,7545.0,38.0,-23.0,-16.0,
1649687168895575046,0.135009765625,-0.084228515625,-0.432312011719,0.887512207031,369.0,3181.0,7452.0,39.0,-25.0,-13.0,
1649687168900326251,0.137390136719,-0.0867919921875,-0.432922363281,0.886657714844,257.0,3976.0,7398.0,33.0,-25.0,-11.0,
1649687168907285213,0.139221191406,-0.0890502929688,-0.433410644531,0.885864257812,122.0,4700.0,7374.0,22.0,-24.0,-9.0,
1649687168912580966,0.140319824219,-0.0908203125,-0.433898925781,0.885314941406,2.0,5332.0,7374.0,6.0,-24.0,-7.0,
1649687168916543483,0.140197753906,-0.0921630859375,-0.434326171875,0.884948730469,-81.0,5864.0,7337.0,-15.0,-26.0,-4.0,
1649687168920852661,0.138916015625,-0.093017578125,-0.434753417969,0.884887695312,-124.0,6321.0,7234.0,-37.0,-26.0,-1.0,
1649687168925530910,0.136535644531,-0.0934448242188,-0.43505859375,0.885070800781,-119.0,6653.0,7111.0,-57.0,-27.0,2.0,
1649687168930432796,0.133056640625,-0.0933837890625,-0.435363769531,0.885437011719,-82.0,6818.0,6997.0,-75.0,-26.0,5.0,
1649687168937159061,0.128662109375,-0.0928344726562,-0.435607910156,0.886047363281,-17.0,6776.0,6872.0,-91.0,-25.0,7.0,
1649687168941859483,0.123352050781,-0.0918579101562,-0.435852050781,0.886779785156,73.0,6507.0,6713.0,-104.0,-23.0,8.0,
1649687168946475505,0.117431640625,-0.0903930664062,-0.436096191406,0.887573242188,147.0,6048.0,6533.0,-111.0,-20.0,8.0,
1649687168950987577,0.111328125,-0.0888061523438,-0.436340332031,0.888427734375,138.0,5565.0,6510.0,-110.0,-18.0,9.0,
1649687168955705881,0.10546875,-0.087158203125,-0.436401367188,0.889282226562,129.0,5204.0,6510.0,-104.0,-19.0,10.0,
1649687168964653491,0.0999145507812,-0.0858764648438,-0.436279296875,0.890075683594,139.0,4966.0,6550.0,-97.0,-22.0,14.0,
1649687168967744588,0.0945434570312,-0.0848999023438,-0.435913085938,0.890930175781,117.0,4813.0,6754.0,-94.0,-24.0,17.0,
1649687168972167253,0.0889892578125,-0.083984375,-0.435546875,0.891784667969,81.0,4708.0,6966.0,-97.0,-27.0,18.0,
1649687168979871988,0.0828247070312,-0.0828857421875,-0.435302734375,0.892578125,112.0,4580.0,6975.0,-107.0,-29.0,17.0,
1649687168981756210,0.0762939453125,-0.0814208984375,-0.435180664062,0.893371582031,132.0,4290.0,6985.0,-117.0,-26.0,15.0,
1649687168986203908,0.0692138671875,-0.079345703125,-0.435241699219,0.894104003906,89.0,3771.0,7032.0,-124.0,-21.0,12.0,
1649687168992569684,0.0615234375,-0.0768432617188,-0.435424804688,0.894775390625,72.0,3111.0,7109.0,-130.0,-21.0,8.0,
1649687168995403766,0.053466796875,-0.07421875,-0.435852050781,0.895324707031,93.0,2403.0,7219.0,-131.0,-22.0,5.0,
1649687168999802827,0.04541015625,-0.0717163085938,-0.436279296875,0.895751953125,137.0,1690.0,7392.0,-128.0,-23.0,3.0,
1649687169007375717,0.03759765625,-0.0694580078125,-0.436767578125,0.896118164062,204.0,981.0,7539.0,-119.0,-24.0,2.0,
1649687169011861801,0.0303344726562,-0.0675048828125,-0.437133789062,0.896301269531,277.0,271.0,7627.0,-107.0,-25.0,1.0,
1649687169028759717,0.0238037109375,-0.06591796875,-0.4375,0.896484375,378.0,-448.0,7634.0,-91.0,-25.0,0.0,
1649687169029270172,0.0181274414062,-0.0647583007812,-0.437927246094,0.896484375,462.0,-1153.0,7579.0,-73.0,-24.0,-3.0,
1649687169029469013,0.0133056640625,-0.0639038085938,-0.438354492188,0.896423339844,500.0,-1770.0,7519.0,-56.0,-22.0,-5.0,
1649687169042026519,0.009521484375,-0.0634765625,-0.438781738281,0.896301269531,508.0,-2247.0,7404.0,-38.0,-21.0,-6.0,
1649687169042608737,0.0069580078125,-0.0635375976562,-0.439147949219,0.896118164062,515.0,-2567.0,7206.0,-17.0,-21.0,-6.0,
1649687169043308019,0.0057373046875,-0.0643310546875,-0.439453125,0.895935058594,497.0,-2621.0,7064.0,5.0,-21.0,-8.0,
1649687169046379804,0.00592041015625,-0.0657348632812,-0.439819335938,0.895629882812,488.0,-2374.0,6935.0,24.0,-22.0,-9.0,
1649687169050575256,0.00732421875,-0.0679321289062,-0.440124511719,0.895324707031,522.0,-1807.0,6740.0,41.0,-24.0,-9.0,
1649687169054989337,0.00970458984375,-0.0706787109375,-0.440368652344,0.894958496094,563.0,-949.0,6625.0,51.0,-25.0,-9.0,
1649687169064623117,0.0125732421875,-0.0737915039062,-0.440673828125,0.89453125,677.0,74.0,6389.0,51.0,-25.0,-9.0,
1649687169070742130,0.0152587890625,-0.0767211914062,-0.44091796875,0.894104003906,772.0,1088.0,6199.0,41.0,-22.0,-8.0,
1649687169074799776,0.0174560546875,-0.0791015625,-0.441101074219,0.893798828125,865.0,1897.0,6066.0,25.0,-18.0,-5.0,
1649687169078916311,0.0186767578125,-0.0806274414062,-0.441223144531,0.8935546875,1022.0,2370.0,5840.0,7.0,-12.0,-3.0,
1649687169084289073,0.0186767578125,-0.0811767578125,-0.44140625,0.893432617188,1234.0,2515.0,5626.0,-13.0,-4.0,-2.0,
1649687169087833642,0.0175170898438,-0.080810546875,-0.441650390625,0.893371582031,1450.0,2334.0,5602.0,-32.0,4.0,-2.0,
1649687169091539144,0.015380859375,-0.0794677734375,-0.441833496094,0.893432617188,1641.0,1858.0,5844.0,-45.0,10.0,0.0,
1649687169117107868,0.0126953125,-0.0776977539062,-0.44189453125,0.893615722656,1741.0,1195.0,6224.0,-47.0,14.0,2.0,
1649687169118840694,0.0100708007812,-0.0756225585938,-0.44189453125,0.893798828125,1734.0,538.0,6664.0,-41.0,15.0,1.0,
1649687169122032880,0.00799560546875,-0.0737915039062,-0.442016601562,0.893920898438,1646.0,35.0,7118.0,-30.0,14.0,-1.0,
1649687169133064508,0.00665283203125,-0.0723876953125,-0.442138671875,0.893981933594,1610.0,-287.0,7491.0,-17.0,10.0,-2.0,
1649687169182774066,0.00604248046875,-0.071533203125,-0.442260742188,0.893981933594,1696.0,-488.0,7749.0,-5.0,8.0,-3.0,
1649687169186656951,0.00592041015625,-0.0711669921875,-0.442443847656,0.893920898438,1810.0,-586.0,8011.0,3.0,8.0,-5.0,
1649687169190667629,0.00592041015625,-0.0708618164062,-0.442749023438,0.893798828125,1904.0,-710.0,8281.0,4.0,9.0,-7.0,
1649687169197253227,0.00592041015625,-0.0704345703125,-0.443054199219,0.893676757812,1959.0,-911.0,8556.0,5.0,10.0,-8.0,
1649687169200057029,0.00604248046875,-0.0700073242188,-0.443481445312,0.893493652344,1952.0,-1135.0,8850.0,8.0,10.0,-10.0,
1649687169204945564,0.00640869140625,-0.0697021484375,-0.444030761719,0.893249511719,1915.0,-1308.0,9111.0,14.0,9.0,-12.0,
1649687169208134412,0.0074462890625,-0.0697631835938,-0.444641113281,0.892944335938,1856.0,-1312.0,9284.0,26.0,7.0,-14.0,
1649687169213024139,0.00933837890625,-0.0704345703125,-0.445190429688,0.892578125,1808.0,-1079.0,9344.0,40.0,4.0,-15.0,
1649687169216995000,0.0120239257812,-0.07177734375,-0.445739746094,0.892211914062,1762.0,-668.0,9339.0,51.0,0.0,-15.0,
1649687169219694375,0.0152587890625,-0.0735473632812,-0.4462890625,0.891723632812,1714.0,-144.0,9261.0,56.0,-2.0,-15.0,
1649687169221256256,0.0185546875,-0.075439453125,-0.44677734375,0.891235351562,1669.0,430.0,9099.0,53.0,-3.0,-14.0,
1649687169229932069,0.0215454101562,-0.0771484375,-0.447265625,0.890808105469,1655.0,995.0,8902.0,45.0,-2.0,-13.0,
1649687169234477996,0.024169921875,-0.0785522460938,-0.44775390625,0.890380859375,1675.0,1463.0,8705.0,35.0,0.0,-11.0,
1649687169236649036,0.0261840820312,-0.07958984375,-0.448059082031,0.890075683594,1720.0,1754.0,8546.0,25.0,2.0,-9.0,
1649687169239647388,0.0277099609375,-0.080322265625,-0.448303222656,0.889831542969,1750.0,1850.0,8428.0,17.0,4.0,-7.0,
1649687169240845680,0.0287475585938,-0.0806884765625,-0.448547363281,0.8896484375,1761.0,1819.0,8351.0,12.0,5.0,-6.0,
1649687169241762638,0.029541015625,-0.0808715820312,-0.44873046875,0.889526367188,1782.0,1744.0,8304.0,9.0,6.0,-5.0,
1649687169244897842,0.0301513671875,-0.0809936523438,-0.448852539062,0.889404296875,1780.0,1663.0,8263.0,8.0,6.0,-4.0,
1649687169245895147,0.03076171875,-0.0810546875,-0.448974609375,0.889343261719,1760.0,1577.0,8265.0,8.0,5.0,-4.0,
1649687169246752262,0.03125,-0.0811157226562,-0.449096679688,0.889221191406,1720.0,1451.0,8308.0,7.0,5.0,-4.0,
1649687169249412536,0.0316162109375,-0.0810546875,-0.44921875,0.88916015625,1665.0,1224.0,8369.0,5.0,5.0,-4.0,
1649687169250600099,0.0317993164062,-0.080810546875,-0.449462890625,0.889038085938,1574.0,937.0,8457.0,4.0,5.0,-5.0,
1649687169251332283,0.0318603515625,-0.0804443359375,-0.44970703125,0.888977050781,1457.0,659.0,8607.0,5.0,5.0,-6.0,
1649687169253715038,0.031982421875,-0.0802001953125,-0.450012207031,0.888793945312,1336.0,417.0,8740.0,7.0,3.0,-7.0,
1649687169254521846,0.0322265625,-0.080078125,-0.450317382812,0.888671875,1239.0,226.0,8812.0,10.0,1.0,-7.0,
1649687169257981300,0.0325927734375,-0.0802001953125,-0.450744628906,0.888427734375,1192.0,96.0,8869.0,13.0,-1.0,-9.0,
1649687169259188413,0.0331420898438,-0.0805053710938,-0.451171875,0.88818359375,1182.0,31.0,8923.0,17.0,-2.0,-10.0,
1649687169260380744,0.0339965820312,-0.0811157226562,-0.45166015625,0.887817382812,1200.0,2.0,8939.0,22.0,-3.0,-11.0,
1649687169261304855,0.0350952148438,-0.08203125,-0.4521484375,0.887451171875,1224.0,-11.0,8903.0,27.0,-5.0,-13.0,
1649687169262031555,0.0364990234375,-0.0831298828125,-0.452697753906,0.887023925781,1243.0,39.0,8838.0,32.0,-6.0,-13.0,
1649687169267143011,0.0380249023438,-0.0844116210938,-0.453247070312,0.886535644531,1282.0,163.0,8697.0,35.0,-8.0,-14.0,
1649687169275579929,0.0414428710938,-0.0874633789062,-0.454284667969,0.885559082031,1418.0,726.0,8351.0,35.0,-9.0,-13.0,
1649687169282858610,0.0431518554688,-0.089111328125,-0.454772949219,0.885070800781,1515.0,1141.0,8171.0,31.0,-9.0,-13.0,
1649687169285558938,0.0447387695312,-0.0906372070312,-0.455200195312,0.884582519531,1598.0,1533.0,8002.0,25.0,-7.0,-12.0,
1649687169290158510,0.0458984375,-0.0918579101562,-0.455688476562,0.884216308594,1648.0,1833.0,7859.0,16.0,-6.0,-11.0,
1649687169299477100,0.046630859375,-0.0926513671875,-0.456115722656,0.883850097656,1659.0,2086.0,7689.0,7.0,-4.0,-10.0,
1649687169301654100,0.0469970703125,-0.0931396484375,-0.45654296875,0.883544921875,1696.0,2277.0,7638.0,0.0,-2.0,-8.0,
1649687169308551788,0.0470581054688,-0.0933837890625,-0.456848144531,0.883361816406,1718.0,2303.0,7617.0,-6.0,0.0,-6.0,
1649687169311619758,0.0466918945312,-0.09326171875,-0.457153320312,0.883239746094,1726.0,2267.0,7617.0,-12.0,1.0,-5.0,
1649687169316804647,0.0460815429688,-0.0928955078125,-0.457458496094,0.883178710938,1716.0,2121.0,7666.0,-16.0,3.0,-5.0,
1649687169319748163,0.045166015625,-0.0922241210938,-0.457702636719,0.883178710938,1683.0,1892.0,7804.0,-19.0,5.0,-4.0,
1649687169326956748,0.0441284179688,-0.0914306640625,-0.457885742188,0.883178710938,1614.0,1607.0,7978.0,-19.0,5.0,-3.0,
1649687169330983638,0.0430908203125,-0.0905151367188,-0.458129882812,0.883178710938,1514.0,1299.0,8171.0,-18.0,5.0,-4.0,
1649687169335410594,0.0420532226562,-0.0896606445312,-0.458435058594,0.883178710938,1402.0,1023.0,8315.0,-15.0,4.0,-4.0,
1649687169338470935,0.0411376953125,-0.0888061523438,-0.458740234375,0.883178710938,1300.0,793.0,8461.0,-13.0,3.0,-5.0,
1649687169346415281,0.0403442382812,-0.088134765625,-0.459045410156,0.883117675781,1229.0,650.0,8582.0,-10.0,2.0,-6.0,
1649687169350857257,0.0397338867188,-0.0877075195312,-0.459411621094,0.882995605469,1178.0,619.0,8680.0,-7.0,0.0,-6.0,
1649687169354048728,0.0394287109375,-0.0875244140625,-0.459777832031,0.8828125,1144.0,638.0,8762.0,-3.0,-1.0,-7.0,
1649687169362365722,0.0392456054688,-0.0874633789062,-0.460144042969,0.882629394531,1129.0,689.0,8800.0,-1.0,-2.0,-7.0,
1649687169366663455,0.0391845703125,-0.0875244140625,-0.460510253906,0.882446289062,1138.0,756.0,8800.0,-1.0,-3.0,-8.0,
1649687169372770547,0.0390014648438,-0.087646484375,-0.4609375,0.882263183594,1184.0,803.0,8766.0,-2.0,-3.0,-7.0,
1649687169379454135,0.0386962890625,-0.0877075195312,-0.461303710938,0.882019042969,1244.0,811.0,8717.0,-3.0,-3.0,-7.0,
1649687169382268190,0.038330078125,-0.0877685546875,-0.461730957031,0.8818359375,1297.0,751.0,8653.0,-5.0,-3.0,-8.0,
1649687169389201164,0.037841796875,-0.0877685546875,-0.462097167969,0.881652832031,1337.0,670.0,8605.0,-4.0,-2.0,-8.0,
1649687169390337228,0.0375366210938,-0.0877685546875,-0.462524414062,0.881408691406,1351.0,621.0,8590.0,-2.0,-2.0,-8.0,
1649687169397073268,0.0374145507812,-0.0879516601562,-0.462951660156,0.881225585938,1337.0,597.0,8595.0,2.0,-2.0,-9.0,
1649687169402128696,0.0375366210938,-0.0881958007812,-0.46337890625,0.880981445312,1291.0,624.0,8599.0,5.0,-3.0,-9.0,
1649687169403847217,0.0377807617188,-0.0884399414062,-0.463745117188,0.880737304688,1248.0,700.0,8567.0,7.0,-4.0,-9.0,
1649687169411996841,0.0380859375,-0.0888061523438,-0.464172363281,0.880432128906,1209.0,786.0,8530.0,7.0,-4.0,-9.0,
1649687169416889905,0.0385131835938,-0.0892333984375,-0.464538574219,0.880187988281,1152.0,868.0,8508.0,8.0,-4.0,-8.0,
1649687169419040441,0.0389404296875,-0.089599609375,-0.464904785156,0.879943847656,1083.0,939.0,8461.0,8.0,-4.0,-8.0,
1649687169423636674,0.0393676757812,-0.0899047851562,-0.465270996094,0.879699707031,992.0,997.0,8395.0,8.0,-4.0,-8.0,
1649687169431864976,0.039794921875,-0.0902099609375,-0.465637207031,0.879455566406,897.0,1078.0,8333.0,7.0,-4.0,-8.0,
1649687169436189889,0.0401611328125,-0.0905151367188,-0.466003417969,0.879211425781,813.0,1195.0,8293.0,6.0,-4.0,-7.0,
1649687169443031787,0.04052734375,-0.0906982421875,-0.46630859375,0.879028320312,751.0,1319.0,8211.0,4.0,-4.0,-6.0,
1649687169451522588,0.0407104492188,-0.0908203125,-0.466613769531,0.878845214844,698.0,1382.0,8133.0,0.0,-3.0,-6.0,
1649687169452137708,0.0407104492188,-0.0907592773438,-0.466918945312,0.878662109375,672.0,1371.0,8085.0,-4.0,-2.0,-5.0,
1649687169454373359,0.0404663085938,-0.0905151367188,-0.467163085938,0.878601074219,672.0,1353.0,8057.0,-6.0,-1.0,-5.0,
1649687169462384223,0.0401000976562,-0.0902709960938,-0.467407226562,0.878479003906,709.0,1309.0,8061.0,-7.0,0.0,-4.0,
1649687169466523885,0.0397338867188,-0.0899047851562,-0.467651367188,0.87841796875,744.0,1174.0,8080.0,-8.0,1.0,-4.0,
1649687169471641302,0.0392456054688,-0.0894775390625,-0.467834472656,0.878356933594,753.0,961.0,8105.0,-8.0,1.0,-4.0,
1649687169484115600,0.038330078125,-0.0885620117188,-0.468322753906,0.878234863281,723.0,580.0,8184.0,-3.0,1.0,-5.0,
1649687169486723899,0.0381469726562,-0.0882568359375,-0.468566894531,0.878173828125,703.0,450.0,8211.0,0.0,1.0,-5.0,
1649687169492240190,0.0381469726562,-0.0880126953125,-0.468811035156,0.878051757812,695.0,329.0,8244.0,3.0,1.0,-6.0,
1649687169496837615,0.0382690429688,-0.087890625,-0.469055175781,0.8779296875,685.0,191.0,8289.0,6.0,0.0,-6.0,
1649687169508051872,0.0383911132812,-0.0877685546875,-0.469421386719,0.877746582031,661.0,10.0,8370.0,7.0,1.0,-7.0,
1649687169509840488,0.0385131835938,-0.0875854492188,-0.4697265625,0.877563476562,605.0,-189.0,8489.0,8.0,0.0,-8.0,
1649687169515616655,0.0386352539062,-0.08740234375,-0.470153808594,0.877380371094,536.0,-379.0,8594.0,9.0,-1.0,-9.0,
1649687169518139600,0.0386962890625,-0.0872802734375,-0.470581054688,0.877136230469,487.0,-551.0,8707.0,10.0,-2.0,-10.0,
1649687169525323152,0.038818359375,-0.0872802734375,-0.471130371094,0.876831054688,442.0,-729.0,8853.0,11.0,-4.0,-12.0,
1649687169527003288,0.0388793945312,-0.0873413085938,-0.471801757812,0.87646484375,380.0,-897.0,9035.0,13.0,-6.0,-14.0,
1649687169529649734,0.0389404296875,-0.0875854492188,-0.472595214844,0.876037597656,316.0,-1074.0,9292.0,15.0,-8.0,-16.0,
1649687169538718938,0.0390014648438,-0.0879516601562,-0.473449707031,0.875549316406,280.0,-1222.0,9563.0,17.0,-12.0,-18.0,
1649687169543429613,0.0390625,-0.088623046875,-0.474487304688,0.874877929688,273.0,-1312.0,9853.0,18.0,-16.0,-20.0,
1649687169544256687,0.0389404296875,-0.0894775390625,-0.475646972656,0.874206542969,296.0,-1340.0,10174.0,17.0,-19.0,-23.0,
1649687169554600954,0.0386352539062,-0.0904541015625,-0.476928710938,0.873413085938,368.0,-1217.0,10397.0,14.0,-23.0,-25.0,
1649687169557943582,0.0381469726562,-0.091552734375,-0.478271484375,0.87255859375,500.0,-930.0,10460.0,9.0,-25.0,-26.0,
1649687169575329303,0.0374145507812,-0.0927734375,-0.479797363281,0.871643066406,693.0,-569.0,10390.0,1.0,-27.0,-28.0,
1649687169577925205,0.0363159179688,-0.093994140625,-0.481323242188,0.870727539062,927.0,-182.0,10197.0,-7.0,-27.0,-28.0,
1649687169578193664,0.0349731445312,-0.0950927734375,-0.482971191406,0.869750976562,1155.0,238.0,9928.0,-14.0,-26.0,-28.0,
1649687169579338073,0.0335083007812,-0.0961303710938,-0.484497070312,0.868835449219,1341.0,686.0,9631.0,-19.0,-24.0,-28.0,
1649687169582721471,0.0321044921875,-0.0971069335938,-0.486022949219,0.867919921875,1484.0,1139.0,9331.0,-23.0,-23.0,-26.0,
1649687169587033748,0.0307006835938,-0.0980224609375,-0.487487792969,0.867065429688,1601.0,1561.0,9057.0,-24.0,-22.0,-25.0,
1649687169591286897,0.0294189453125,-0.098876953125,-0.488830566406,0.8662109375,1682.0,1918.0,8862.0,-24.0,-21.0,-23.0,
1649687169596677064,0.0281982421875,-0.0997314453125,-0.489990234375,0.865539550781,1698.0,2203.0,8755.0,-23.0,-20.0,-20.0,
1649687169599807024,0.0271606445312,-0.100463867188,-0.490966796875,0.864929199219,1660.0,2465.0,8744.0,-21.0,-19.0,-16.0,
1649687169611618995,0.026123046875,-0.101196289062,-0.491760253906,0.864440917969,1586.0,2792.0,8818.0,-19.0,-20.0,-12.0,
1649687169614922285,0.0252685546875,-0.101989746094,-0.492370605469,0.864013671875,1517.0,3158.0,8919.0,-20.0,-20.0,-8.0,
1649687169621960878,0.0243530273438,-0.102783203125,-0.492736816406,0.863708496094,1463.0,3471.0,9029.0,-22.0,-21.0,-4.0,
1649687169622526168,0.0230712890625,-0.103332519531,-0.493041992188,0.863525390625,1418.0,3643.0,9150.0,-28.0,-20.0,-1.0,
1649687169623726367,0.0215454101562,-0.103698730469,-0.4931640625,0.863464355469,1373.0,3623.0,9266.0,-32.0,-20.0,2.0,
1649687169636841297,0.0195922851562,-0.103881835938,-0.4931640625,0.863464355469,1329.0,3396.0,9405.0,-34.0,-20.0,4.0,
1649687169637459516,0.0174560546875,-0.103942871094,-0.493041992188,0.863586425781,1252.0,3001.0,9539.0,-33.0,-21.0,6.0,
1649687169638862848,0.0152587890625,-0.104064941406,-0.492797851562,0.86376953125,1172.0,2530.0,9641.0,-28.0,-23.0,8.0,
1649687169646769762,0.0133056640625,-0.104553222656,-0.492492675781,0.863891601562,1112.0,2082.0,9672.0,-19.0,-26.0,9.0,
1649687169651499271,0.0117797851562,-0.10546875,-0.492004394531,0.864074707031,1086.0,1706.0,9633.0,-8.0,-29.0,10.0,
1649687169655066967,0.0106201171875,-0.106872558594,-0.491455078125,0.8642578125,1106.0,1409.0,9590.0,1.0,-32.0,10.0,
1649687169705308198,0.009765625,-0.108703613281,-0.490844726562,0.864379882812,1151.0,1195.0,9477.0,9.0,-34.0,11.0,
1649687169716920852,0.00921630859375,-0.11083984375,-0.490112304688,0.864501953125,1205.0,1078.0,9343.0,14.0,-36.0,11.0,
1649687169718360900,0.0086669921875,-0.113159179688,-0.489440917969,0.864624023438,1328.0,1021.0,9216.0,14.0,-38.0,11.0,
1649687169722107410,0.0059814453125,-0.121887207031,-0.486877441406,0.864868164062,1710.0,1232.0,8161.0,1.0,-33.0,10.0,
1649687169726337194,0.0048828125,-0.123718261719,-0.486267089844,0.864990234375,1907.0,1447.0,7684.0,-6.0,-31.0,12.0,
