1647596937160506486,-0.179565429688,-0.253356933594,0.863891601562,0.396545410156,-679.0,-5058.0,6384.0,-26.0,9.0,4.0,
1647596937165472507,-0.180725097656,-0.254455566406,0.863464355469,0.396240234375,-700.0,-5194.0,6431.0,-22.0,9.0,3.0,
1647596937169858455,-0.181823730469,-0.255187988281,0.863098144531,0.39599609375,-737.0,-5286.0,6503.0,-18.0,11.0,3.0,
1647596937174327611,-0.182922363281,-0.255615234375,0.862854003906,0.395874023438,-783.0,-5322.0,6586.0,-12.0,12.0,4.0,
1647596937177682399,-0.183837890625,-0.255554199219,0.862670898438,0.395751953125,-831.0,-5295.0,6649.0,-5.0,13.0,5.0,
1647596937185727119,-0.184753417969,-0.255004882812,0.862670898438,0.395690917969,-880.0,-5234.0,6694.0,1.0,15.0,5.0,
1647596937190230846,-0.185546875,-0.254150390625,0.86279296875,0.395690917969,-950.0,-5160.0,6770.0,6.0,16.0,6.0,
1647596937194671392,-0.186279296875,-0.253051757812,0.862915039062,0.395690917969,-1029.0,-5108.0,6868.0,10.0,16.0,6.0,
1647596937198272466,-0.186889648438,-0.251831054688,0.863159179688,0.395751953125,-1108.0,-5070.0,6953.0,12.0,15.0,6.0,
1647596937206388235,-0.187561035156,-0.250549316406,0.863342285156,0.395751953125,-1195.0,-5042.0,7030.0,12.0,15.0,5.0,
1647596937213731050,-0.188171386719,-0.249328613281,0.863525390625,0.395812988281,-1277.0,-5012.0,7090.0,12.0,14.0,5.0,
1647596937217748403,-0.188781738281,-0.248229980469,0.863708496094,0.395874023438,-1336.0,-4989.0,7119.0,10.0,13.0,4.0,
1647596937222024917,-0.189392089844,-0.247314453125,0.863830566406,0.395874023438,-1405.0,-4950.0,7209.0,8.0,12.0,4.0,
1647596937226665496,-0.18994140625,-0.246459960938,0.863952636719,0.395935058594,-1471.0,-4895.0,7333.0,5.0,11.0,3.0,
1647596937230792284,-0.190490722656,-0.245849609375,0.863952636719,0.395935058594,-1523.0,-4798.0,7487.0,1.0,9.0,2.0,
1647596937235118150,-0.191040039062,-0.24560546875,0.863952636719,0.395874023438,-1571.0,-4691.0,7626.0,-6.0,8.0,1.0,
1647596937240271806,-0.191711425781,-0.245849609375,0.86376953125,0.395812988281,-1653.0,-4629.0,7766.0,-15.0,6.0,0.0,
1647596937243463993,-0.192443847656,-0.246520996094,0.863464355469,0.395629882812,-1734.0,-4632.0,7877.0,-22.0,3.0,-2.0,
1647596937250245571,-0.193115234375,-0.247619628906,0.863098144531,0.395385742188,-1776.0,-4692.0,7947.0,-28.0,0.0,-2.0,
1647596937254456996,-0.193786621094,-0.249084472656,0.862731933594,0.395080566406,-1788.0,-4761.0,7972.0,-31.0,-2.0,-2.0,
1647596937258159399,-0.194396972656,-0.250671386719,0.862243652344,0.394714355469,-1779.0,-4813.0,7989.0,-32.0,-4.0,-2.0,
1647596937265190124,-0.194946289062,-0.252319335938,0.861877441406,0.394348144531,-1755.0,-4859.0,7966.0,-33.0,-5.0,-2.0,
1647596937269306182,-0.195373535156,-0.254028320312,0.861450195312,0.393859863281,-1719.0,-4908.0,7903.0,-33.0,-7.0,-2.0,
1647596937275747776,-0.19580078125,-0.255859375,0.861022949219,0.393432617188,-1684.0,-4975.0,7825.0,-33.0,-8.0,-2.0,
1647596937280161380,-0.196105957031,-0.257690429688,0.860595703125,0.393005371094,-1642.0,-5067.0,7747.0,-32.0,-9.0,-2.0,
1647596937284278154,-0.196350097656,-0.259521484375,0.860168457031,0.392578125,-1587.0,-5195.0,7626.0,-31.0,-10.0,-3.0,
1647596937287648677,-0.196533203125,-0.261291503906,0.859741210938,0.392272949219,-1535.0,-5358.0,7488.0,-27.0,-10.0,-4.0,
1647596937294979572,-0.196594238281,-0.262878417969,0.859313964844,0.39208984375,-1498.0,-5521.0,7383.0,-23.0,-9.0,-5.0,
1647596937299346923,-0.196655273438,-0.264343261719,0.858947753906,0.391906738281,-1465.0,-5613.0,7345.0,-19.0,-9.0,-5.0,
1647596937302777290,-0.196594238281,-0.265441894531,0.858703613281,0.391784667969,-1435.0,-5605.0,7294.0,-15.0,-8.0,-5.0,
1647596937311072111,-0.196472167969,-0.266174316406,0.858520507812,0.391723632812,-1492.0,-5549.0,7335.0,-12.0,-7.0,-3.0,
1647596937316851139,-0.196411132812,-0.266662597656,0.858459472656,0.391540527344,-1585.0,-5546.0,7354.0,-9.0,-7.0,-2.0,
1647596937322202444,-0.1962890625,-0.266784667969,0.858520507812,0.391418457031,-1683.0,-5593.0,7201.0,-3.0,-7.0,-1.0,
1647596937325535297,-0.196228027344,-0.266540527344,0.858642578125,0.391357421875,-1765.0,-5601.0,6992.0,7.0,-4.0,-1.0,
1647596937330733060,-0.196044921875,-0.265930175781,0.858825683594,0.391418457031,-1750.0,-5632.0,6771.0,13.0,-3.0,-1.0,
1647596937334106922,-0.19580078125,-0.265014648438,0.859069824219,0.391662597656,-1704.0,-5450.0,6518.0,20.0,0.0,-1.0,
1647596937337400674,-0.195617675781,-0.263854980469,0.859313964844,0.391967773438,-1614.0,-5211.0,6315.0,21.0,2.0,-1.0,
1647596937345017910,-0.195434570312,-0.262817382812,0.859558105469,0.392211914062,-1580.0,-5029.0,6360.0,17.0,3.0,-1.0,
1647596937349237442,-0.195251464844,-0.262023925781,0.859741210938,0.392395019531,-1545.0,-4920.0,6506.0,10.0,2.0,-1.0,
1647596937352453708,-0.195129394531,-0.261535644531,0.85986328125,0.392517089844,-1538.0,-4824.0,6603.0,4.0,1.0,-1.0,
1647596937359832048,-0.195129394531,-0.261169433594,0.859985351562,0.392578125,-1567.0,-4785.0,6741.0,2.0,1.0,-1.0,
1647596937364186525,-0.195129394531,-0.260803222656,0.860107421875,0.392517089844,-1603.0,-4807.0,6862.0,1.0,0.0,0.0,
1647596937367371797,-0.195129394531,-0.260498046875,0.860229492188,0.392456054688,-1627.0,-4854.0,6904.0,2.0,-1.0,1.0,
1647596937375068426,-0.195129394531,-0.260192871094,0.8603515625,0.392395019531,-1629.0,-4849.0,6993.0,3.0,-1.0,1.0,
1647596937379519224,-0.194946289062,-0.259765625,0.860534667969,0.392272949219,-1578.0,-4790.0,7028.0,4.0,-2.0,1.0,
1647596937383715867,-0.194763183594,-0.259399414062,0.860778808594,0.392150878906,-1515.0,-4725.0,7042.0,3.0,-3.0,2.0,
1647596937390206098,-0.194580078125,-0.25927734375,0.860961914062,0.392028808594,-1464.0,-4704.0,7062.0,0.0,-3.0,2.0,
1647596937394456624,-0.194396972656,-0.259338378906,0.861022949219,0.391784667969,-1399.0,-4744.0,7030.0,-4.0,-4.0,2.0,
1647596937398882389,-0.1943359375,-0.259704589844,0.861022949219,0.3916015625,-1340.0,-4856.0,6960.0,-6.0,-4.0,1.0,
1647596937405395984,-0.1943359375,-0.260192871094,0.860961914062,0.391418457031,-1284.0,-5014.0,6969.0,-7.0,-4.0,1.0,
1647596937410375118,-0.194274902344,-0.2607421875,0.860900878906,0.391174316406,-1207.0,-5130.0,6991.0,-8.0,-5.0,1.0,
1647596937422053098,-0.194274902344,-0.261291503906,0.86083984375,0.390991210938,-1134.0,-5162.0,6970.0,-7.0,-4.0,1.0,
1647596937422990083,-0.1943359375,-0.261596679688,0.86083984375,0.390808105469,-1074.0,-5149.0,6840.0,-6.0,-1.0,2.0,
1647596937435167551,-0.194458007812,-0.261840820312,0.86083984375,0.390625,-1032.0,-5125.0,6688.0,-4.0,0.0,3.0,
1647596937435751676,-0.194580078125,-0.262023925781,0.86083984375,0.390380859375,-983.0,-5108.0,6663.0,-4.0,-1.0,3.0,
1647596937436141252,-0.194580078125,-0.262329101562,0.86083984375,0.39013671875,-929.0,-5064.0,6671.0,-5.0,-2.0,3.0,
1647596937439666271,-0.194519042969,-0.262512207031,0.860900878906,0.389953613281,-888.0,-5023.0,6721.0,-5.0,-2.0,3.0,
1647596937444264173,-0.194396972656,-0.2626953125,0.860961914062,0.389770507812,-855.0,-5043.0,6717.0,-4.0,-3.0,2.0,
1647596937447288990,-0.1943359375,-0.262939453125,0.860961914062,0.389587402344,-856.0,-5125.0,6768.0,-4.0,-3.0,2.0,
1647596937454719543,-0.194274902344,-0.26318359375,0.860961914062,0.389404296875,-868.0,-5192.0,6837.0,-4.0,-3.0,1.0,
1647596937459174394,-0.194091796875,-0.263366699219,0.861022949219,0.389221191406,-904.0,-5217.0,6914.0,-3.0,-4.0,2.0,
1647596937463698387,-0.193908691406,-0.263488769531,0.861145019531,0.388977050781,-981.0,-5219.0,6996.0,-2.0,-5.0,3.0,
1647596937469971895,-0.193786621094,-0.263610839844,0.861328125,0.388549804688,-1093.0,-5246.0,7067.0,-3.0,-6.0,5.0,
1647596937474247694,-0.193725585938,-0.263916015625,0.861511230469,0.388061523438,-1200.0,-5306.0,7120.0,-6.0,-8.0,5.0,
1647596937477294921,-0.193664550781,-0.264282226562,0.861633300781,0.387512207031,-1270.0,-5387.0,7084.0,-7.0,-8.0,5.0,
1647596937484982013,-0.193664550781,-0.264831542969,0.861694335938,0.387023925781,-1328.0,-5490.0,7074.0,-8.0,-8.0,4.0,
1647596937489247083,-0.193603515625,-0.265258789062,0.861755371094,0.386596679688,-1373.0,-5587.0,6998.0,-6.0,-8.0,3.0,
1647596937493684768,-0.193481445312,-0.265625,0.861877441406,0.38623046875,-1420.0,-5688.0,6875.0,-3.0,-8.0,2.0,
1647596937500215291,-0.193237304688,-0.265869140625,0.861938476562,0.385925292969,-1432.0,-5803.0,6693.0,2.0,-8.0,2.0,
1647596937504392147,-0.19287109375,-0.265808105469,0.862121582031,0.385803222656,-1415.0,-5950.0,6466.0,8.0,-8.0,1.0,
1647596937508647203,-0.1923828125,-0.265502929688,0.862365722656,0.3857421875,-1348.0,-6122.0,6210.0,16.0,-8.0,0.0,
1647596937515848636,-0.191772460938,-0.264831542969,0.862609863281,0.385925292969,-1243.0,-6282.0,5980.0,25.0,-7.0,-1.0,
1647596937521524667,-0.19091796875,-0.263732910156,0.862976074219,0.38623046875,-1116.0,-6396.0,5791.0,33.0,-4.0,-1.0,
1647596937526459932,-0.190063476562,-0.262268066406,0.863403320312,0.38671875,-974.0,-6374.0,5678.0,40.0,-2.0,-1.0,
1647596937530791997,-0.189208984375,-0.260375976562,0.863952636719,0.387268066406,-871.0,-6171.0,5633.0,43.0,2.0,0.0,
1647596937534927845,-0.1884765625,-0.258178710938,0.864501953125,0.387817382812,-835.0,-5796.0,5609.0,42.0,5.0,1.0,
1647596937542583227,-0.187805175781,-0.255859375,0.865173339844,0.38818359375,-841.0,-5419.0,5559.0,40.0,5.0,3.0,
1647596937543723583,-0.187255859375,-0.253784179688,0.865783691406,0.388427734375,-851.0,-5229.0,5493.0,34.0,4.0,4.0,
1647596937548121452,-0.186828613281,-0.252197265625,0.8662109375,0.388671875,-829.0,-5190.0,5408.0,28.0,3.0,2.0,
1647596937554450035,-0.186584472656,-0.251220703125,0.866455078125,0.388916015625,-756.0,-5237.0,5334.0,21.0,3.0,0.0,
1647596937558847665,-0.1865234375,-0.250671386719,0.866516113281,0.389221191406,-675.0,-5293.0,5276.0,16.0,4.0,-1.0,
1647596937562133550,-0.1865234375,-0.250244140625,0.866516113281,0.389526367188,-590.0,-5272.0,5310.0,12.0,6.0,-1.0,
1647596937569997072,-0.186706542969,-0.25,0.866394042969,0.389770507812,-529.0,-5141.0,5449.0,7.0,7.0,-1.0,
1647596937574045896,-0.18701171875,-0.249816894531,0.866333007812,0.389953613281,-525.0,-4962.0,5679.0,0.0,9.0,0.0,
1647596937577228307,-0.1875,-0.249938964844,0.866149902344,0.390014648438,-574.0,-4842.0,5972.0,-9.0,8.0,0.0,
1647596937584733724,-0.188171386719,-0.250427246094,0.865844726562,0.390014648438,-659.0,-4831.0,6265.0,-17.0,7.0,-1.0,
1647596937588982820,-0.18896484375,-0.251403808594,0.865417480469,0.389953613281,-746.0,-4948.0,6427.0,-24.0,6.0,-2.0,
1647596937592154741,-0.189880371094,-0.252807617188,0.864868164062,0.389892578125,-793.0,-5097.0,6537.0,-28.0,5.0,-4.0,
1647596937599684238,-0.190734863281,-0.254333496094,0.864196777344,0.389892578125,-806.0,-5171.0,6594.0,-28.0,4.0,-5.0,
1647596937604491472,-0.191589355469,-0.255920410156,0.863525390625,0.389953613281,-822.0,-5120.0,6615.0,-29.0,5.0,-6.0,
1647596937608602762,-0.192504882812,-0.257507324219,0.862854003906,0.389953613281,-844.0,-4950.0,6593.0,-32.0,5.0,-6.0,
1647596937618450641,-0.193481445312,-0.259094238281,0.862182617188,0.389892578125,-909.0,-4713.0,6556.0,-35.0,6.0,-5.0,
1647596937621398448,-0.194641113281,-0.260681152344,0.861511230469,0.389709472656,-996.0,-4502.0,6558.0,-38.0,5.0,-4.0,
1647596937625833988,-0.195739746094,-0.262451171875,0.86083984375,0.389526367188,-1094.0,-4387.0,6587.0,-41.0,4.0,-4.0,
1647596937631223917,-0.196838378906,-0.264282226562,0.860107421875,0.389282226562,-1193.0,-4344.0,6596.0,-42.0,3.0,-6.0,
1647596937636769771,-0.197937011719,-0.266296386719,0.859313964844,0.38916015625,-1287.0,-4294.0,6580.0,-43.0,2.0,-8.0,
1647596937639522552,-0.199035644531,-0.268310546875,0.858459472656,0.389099121094,-1388.0,-4251.0,6614.0,-43.0,2.0,-9.0,
1647596937643486976,-0.200073242188,-0.270202636719,0.857666015625,0.389038085938,-1513.0,-4251.0,6800.0,-42.0,1.0,-9.0,
1647596937652255058,-0.200927734375,-0.27197265625,0.85693359375,0.388916015625,-1571.0,-4394.0,6852.0,-40.0,0.0,-8.0,
1647596937654389858,-0.201721191406,-0.273620605469,0.856262207031,0.388916015625,-1618.0,-4663.0,6736.0,-34.0,0.0,-9.0,
1647596937658809423,-0.202453613281,-0.275146484375,0.855529785156,0.389038085938,-1660.0,-4987.0,6658.0,-26.0,2.0,-10.0,
1647596937662061214,-0.203063964844,-0.276184082031,0.854919433594,0.389282226562,-1637.0,-5232.0,6622.0,-16.0,2.0,-9.0,
1647596937669688224,-0.203491210938,-0.276489257812,0.854553222656,0.3896484375,-1600.0,-5340.0,6573.0,-4.0,4.0,-7.0,
1647596937673926830,-0.203735351562,-0.276062011719,0.854431152344,0.390075683594,-1603.0,-5346.0,6558.0,7.0,7.0,-5.0,
1647596937677202463,-0.203918457031,-0.275146484375,0.8544921875,0.390502929688,-1680.0,-5300.0,6624.0,14.0,9.0,-4.0,
1647596937685287475,-0.2041015625,-0.273803710938,0.854675292969,0.390930175781,-1807.0,-5193.0,6731.0,17.0,9.0,-3.0,
1647596937689205169,-0.204284667969,-0.272277832031,0.85498046875,0.391296386719,-1929.0,-5038.0,6816.0,18.0,9.0,-2.0,
1647596937694195270,-0.204528808594,-0.270812988281,0.855224609375,0.391662597656,-2064.0,-4890.0,6883.0,16.0,9.0,-1.0,
1647596937700048923,-0.204772949219,-0.269348144531,0.855529785156,0.391906738281,-2158.0,-4737.0,6918.0,15.0,8.0,-1.0,
1647596937704341173,-0.204956054688,-0.267944335938,0.855834960938,0.39208984375,-2226.0,-4654.0,6981.0,14.0,7.0,0.0,
1647596937708526849,-0.205139160156,-0.266662597656,0.856079101562,0.392333984375,-2290.0,-4633.0,7044.0,13.0,6.0,-1.0,
1647596937711892127,-0.205322265625,-0.265502929688,0.856262207031,0.392517089844,-2353.0,-4676.0,7115.0,12.0,5.0,-1.0,
1647596937720584869,-0.205444335938,-0.264465332031,0.856506347656,0.392700195312,-2436.0,-4793.0,7218.0,12.0,5.0,-2.0,
1647596937726071834,-0.20556640625,-0.263427734375,0.856689453125,0.392944335938,-2505.0,-4933.0,7327.0,13.0,4.0,-2.0,
1647596937731748342,-0.20556640625,-0.262268066406,0.856872558594,0.393249511719,-2526.0,-5070.0,7411.0,16.0,3.0,-3.0,
1647596937736159801,-0.205383300781,-0.261047363281,0.857116699219,0.393615722656,-2476.0,-5145.0,7409.0,19.0,3.0,-4.0,
1647596937739563226,-0.205139160156,-0.259704589844,0.857360839844,0.394104003906,-2343.0,-5174.0,7294.0,21.0,3.0,-4.0,
1647596937744121074,-0.204833984375,-0.258361816406,0.857666015625,0.394592285156,-2224.0,-5119.0,7228.0,24.0,4.0,-3.0,
1647596937747562170,-0.204406738281,-0.256774902344,0.857971191406,0.395080566406,-2138.0,-5007.0,7239.0,26.0,4.0,-2.0,
1647596937755093574,-0.203857421875,-0.255065917969,0.858459472656,0.395446777344,-2055.0,-4871.0,7162.0,27.0,3.0,-1.0,
1647596937761503696,-0.203430175781,-0.25341796875,0.85888671875,0.395874023438,-1992.0,-4760.0,7129.0,25.0,3.0,-1.0,
1647596937762308597,-0.203063964844,-0.251953125,0.859252929688,0.396179199219,-1930.0,-4612.0,7202.0,21.0,2.0,-1.0,
1647596937769642591,-0.20263671875,-0.250793457031,0.859619140625,0.396362304688,-1828.0,-4387.0,7313.0,15.0,1.0,0.0,
1647596937774972200,-0.202270507812,-0.249877929688,0.859924316406,0.396362304688,-1737.0,-4153.0,7437.0,8.0,0.0,2.0,
1647596937777033567,-0.201965332031,-0.249206542969,0.860290527344,0.396240234375,-1682.0,-3992.0,7532.0,2.0,-1.0,3.0,
1647596937785106182,-0.201782226562,-0.248962402344,0.860534667969,0.395935058594,-1640.0,-3921.0,7589.0,-4.0,-3.0,4.0,
1647596937789209842,-0.20166015625,-0.249084472656,0.860656738281,0.395629882812,-1594.0,-3952.0,7624.0,-10.0,-5.0,3.0,
1647596937793407678,-0.201599121094,-0.249572753906,0.860717773438,0.395202636719,-1538.0,-4073.0,7625.0,-13.0,-6.0,3.0,
1647596937799668788,-0.201538085938,-0.250305175781,0.860717773438,0.394775390625,-1479.0,-4235.0,7608.0,-15.0,-7.0,3.0,
1647596937804070234,-0.201538085938,-0.251159667969,0.860717773438,0.394287109375,-1389.0,-4397.0,7526.0,-16.0,-8.0,3.0,
1647596937809341669,-0.201538085938,-0.252136230469,0.860656738281,0.393737792969,-1296.0,-4539.0,7421.0,-16.0,-8.0,4.0,
1647596937814971208,-0.201538085938,-0.253112792969,0.860595703125,0.393188476562,-1207.0,-4680.0,7354.0,-16.0,-7.0,5.0,
1647596937819752216,-0.201538085938,-0.253967285156,0.860595703125,0.392639160156,-1130.0,-4853.0,7242.0,-14.0,-7.0,6.0,
1647596937825551509,-0.201477050781,-0.254760742188,0.860656738281,0.392150878906,-1057.0,-5120.0,7088.0,-11.0,-6.0,6.0,
1647596937830234527,-0.201477050781,-0.255432128906,0.860656738281,0.391662597656,-978.0,-5484.0,6888.0,-6.0,-5.0,6.0,
1647596937835684537,-0.201477050781,-0.255981445312,0.860656738281,0.391357421875,-884.0,-5848.0,6675.0,0.0,-4.0,5.0,
1647596937838891506,-0.201354980469,-0.256225585938,0.860656738281,0.391174316406,-783.0,-6104.0,6509.0,7.0,-2.0,4.0,
1647596937841985702,-0.201171875,-0.256042480469,0.860778808594,0.391174316406,-714.0,-6227.0,6454.0,14.0,0.0,4.0,
1647596937849637746,-0.200866699219,-0.255310058594,0.861022949219,0.391235351562,-706.0,-6218.0,6472.0,20.0,2.0,4.0,
1647596937854602098,-0.200500488281,-0.254211425781,0.861389160156,0.391357421875,-728.0,-6088.0,6532.0,24.0,2.0,4.0,
1647596937857125520,-0.200073242188,-0.252868652344,0.86181640625,0.391540527344,-778.0,-5918.0,6531.0,24.0,3.0,4.0,
1647596937864472627,-0.199768066406,-0.251586914062,0.862182617188,0.391662597656,-837.0,-5790.0,6522.0,21.0,3.0,3.0,
1647596937868707656,-0.199523925781,-0.250610351562,0.862487792969,0.391784667969,-889.0,-5699.0,6491.0,18.0,2.0,2.0,
1647596937871966838,-0.199279785156,-0.249877929688,0.862670898438,0.391845703125,-910.0,-5627.0,6478.0,14.0,1.0,1.0,
1647596937879790782,-0.199096679688,-0.249328613281,0.862854003906,0.391906738281,-921.0,-5551.0,6495.0,12.0,0.0,2.0,
1647596937884136915,-0.198791503906,-0.248657226562,0.863098144531,0.391906738281,-935.0,-5391.0,6519.0,12.0,0.0,3.0,
1647596937888870716,-0.198547363281,-0.247924804688,0.863403320312,0.391845703125,-964.0,-5192.0,6572.0,12.0,-1.0,4.0,
1647596937891998052,-0.1982421875,-0.247314453125,0.86376953125,0.3916015625,-1032.0,-5117.0,6644.0,8.0,-2.0,6.0,
1647596937899364948,-0.198059082031,-0.247009277344,0.864074707031,0.391296386719,-1110.0,-5265.0,6670.0,5.0,-4.0,6.0,
1647596937903615713,-0.197875976562,-0.247009277344,0.8642578125,0.390991210938,-1161.0,-5532.0,6587.0,3.0,-6.0,4.0,
1647596937907260656,-0.197692871094,-0.247436523438,0.8642578125,0.390808105469,-1162.0,-5850.0,6437.0,2.0,-7.0,1.0,
1647596937914864063,-0.197448730469,-0.247985839844,0.864135742188,0.390808105469,-1113.0,-6088.0,6252.0,4.0,-7.0,-2.0,
1647596937918733596,-0.197204589844,-0.248474121094,0.864013671875,0.390991210938,-1013.0,-6258.0,6113.0,6.0,-6.0,-4.0,
1647596937927381277,-0.196838378906,-0.248718261719,0.863891601562,0.391174316406,-914.0,-6402.0,6047.0,8.0,-5.0,-4.0,
1647596937932425737,-0.196350097656,-0.248596191406,0.863891601562,0.391479492188,-890.0,-6489.0,6073.0,15.0,-3.0,-3.0,
1647596937937900543,-0.195739746094,-0.247741699219,0.864135742188,0.391784667969,-871.0,-6449.0,6110.0,25.0,-2.0,-1.0,
1647596937941215515,-0.194885253906,-0.24609375,0.864624023438,0.392150878906,-840.0,-6233.0,6089.0,36.0,0.0,2.0,
1647596937946040630,-0.194091796875,-0.243896484375,0.865295410156,0.392456054688,-785.0,-5916.0,6006.0,42.0,2.0,4.0,
1647596937951222896,-0.193359375,-0.241516113281,0.866027832031,0.392761230469,-701.0,-5623.0,5843.0,43.0,5.0,6.0,
1647596937956401586,-0.192810058594,-0.239318847656,0.866577148438,0.39306640625,-629.0,-5427.0,5631.0,39.0,8.0,6.0,
1647596937960293769,-0.192565917969,-0.237487792969,0.867065429688,0.393310546875,-570.0,-5326.0,5439.0,34.0,9.0,6.0,
1647596937967170476,-0.192565917969,-0.235961914062,0.867370605469,0.3935546875,-522.0,-5211.0,5357.0,28.0,11.0,6.0,
1647596937969167470,-0.192810058594,-0.234558105469,0.867614746094,0.393737792969,-548.0,-4985.0,5442.0,24.0,14.0,6.0,
1647596937974356651,-0.193237304688,-0.233093261719,0.867858886719,0.393798828125,-662.0,-4656.0,5636.0,18.0,16.0,7.0,
1647596937979155540,-0.19384765625,-0.231689453125,0.868103027344,0.393798828125,-819.0,-4176.0,5846.0,11.0,16.0,7.0,
1647596937985851764,-0.194580078125,-0.230407714844,0.868347167969,0.393615722656,-1063.0,-3617.0,6204.0,3.0,16.0,8.0,
1647596937990325927,-0.195617675781,-0.229675292969,0.868469238281,0.393249511719,-1367.0,-3085.0,6682.0,-13.0,15.0,7.0,
1647596937993005275,-0.19677734375,-0.229431152344,0.868530273438,0.392700195312,-1700.0,-2619.0,7084.0,-25.0,11.0,7.0,
1647596938000548601,-0.197998046875,-0.229675292969,0.868591308594,0.391845703125,-2004.0,-2347.0,7458.0,-34.0,7.0,7.0,
1647596938004814386,-0.199035644531,-0.230346679688,0.868591308594,0.390869140625,-2238.0,-2331.0,7770.0,-38.0,1.0,9.0,
1647596938008305311,-0.199951171875,-0.2314453125,0.868591308594,0.389770507812,-2385.0,-2548.0,7961.0,-39.0,-4.0,9.0,
1647596938012163639,-0.20068359375,-0.232849121094,0.868530273438,0.388732910156,-2439.0,-2928.0,7988.0,-37.0,-7.0,8.0,
1647596938018927097,-0.201293945312,-0.234375,0.868408203125,0.387817382812,-2428.0,-3404.0,7924.0,-32.0,-8.0,6.0,
1647596938023370265,-0.201721191406,-0.235961914062,0.8681640625,0.387084960938,-2353.0,-3862.0,7764.0,-27.0,-9.0,4.0,
1647596938029902696,-0.2021484375,-0.237487792969,0.867919921875,0.386535644531,-2293.0,-4281.0,7492.0,-23.0,-7.0,2.0,
1647596938037275314,-0.202758789062,-0.238952636719,0.867553710938,0.386169433594,-2313.0,-4711.0,7281.0,-21.0,-4.0,0.0,
1647596938041504621,-0.203491210938,-0.240417480469,0.867065429688,0.385986328125,-2339.0,-5106.0,6997.0,-20.0,-2.0,-4.0,
1647596938045890569,-0.204406738281,-0.242065429688,0.866394042969,0.385925292969,-2316.0,-5329.0,6786.0,-22.0,0.0,-6.0,
1647596938050228834,-0.205383300781,-0.243591308594,0.86572265625,0.385925292969,-2278.0,-5242.0,6675.0,-23.0,3.0,-7.0,
1647596938054549932,-0.206359863281,-0.244873046875,0.865112304688,0.385986328125,-2270.0,-4947.0,6689.0,-26.0,5.0,-7.0,
1647596938059630155,-0.207336425781,-0.245849609375,0.864624023438,0.385925292969,-2308.0,-4653.0,6730.0,-28.0,6.0,-5.0,
1647596938076485395,-0.208251953125,-0.246948242188,0.864135742188,0.385864257812,-2382.0,-4554.0,6774.0,-30.0,4.0,-6.0,
1647596938077178716,-0.209106445312,-0.248291015625,0.863525390625,0.385803222656,-2439.0,-4698.0,6809.0,-32.0,1.0,-9.0,
1647596938089653015,-0.2099609375,-0.250061035156,0.86279296875,0.385925292969,-2432.0,-4957.0,6799.0,-33.0,0.0,-12.0,
1647596938090326309,-0.210754394531,-0.252075195312,0.861877441406,0.38623046875,-2371.0,-5165.0,6793.0,-32.0,0.0,-15.0,
1647596938090847492,-0.211486816406,-0.25390625,0.860961914062,0.386596679688,-2289.0,-5225.0,6825.0,-30.0,1.0,-16.0,
1647596938091687679,-0.212097167969,-0.25537109375,0.860229492188,0.386962890625,-2182.0,-5103.0,6805.0,-26.0,2.0,-14.0,
1647596938095490217,-0.212646484375,-0.256530761719,0.859619140625,0.387329101562,-2086.0,-4862.0,6817.0,-24.0,3.0,-12.0,
1647596938099705696,-0.213073730469,-0.257690429688,0.859008789062,0.387573242188,-1994.0,-4595.0,6842.0,-27.0,2.0,-11.0,
1647596938104001283,-0.213562011719,-0.258972167969,0.858459472656,0.387756347656,-1908.0,-4373.0,6897.0,-31.0,0.0,-10.0,
1647596938108455657,-0.213989257812,-0.260437011719,0.85791015625,0.387756347656,-1821.0,-4313.0,6931.0,-33.0,-1.0,-9.0,
1647596938111559391,-0.214416503906,-0.262084960938,0.857299804688,0.387756347656,-1744.0,-4420.0,7079.0,-34.0,-3.0,-9.0,
1647596938119312524,-0.214721679688,-0.263977050781,0.856689453125,0.387634277344,-1643.0,-4581.0,7239.0,-36.0,-5.0,-8.0,
1647596938123421907,-0.214904785156,-0.265869140625,0.856140136719,0.387512207031,-1542.0,-4680.0,7390.0,-35.0,-6.0,-7.0,
1647596938130384683,-0.215026855469,-0.267456054688,0.855712890625,0.387268066406,-1482.0,-4724.0,7558.0,-31.0,-7.0,-4.0,
1647596938135286092,-0.214965820312,-0.268798828125,0.85546875,0.386901855469,-1449.0,-4717.0,7717.0,-27.0,-9.0,-1.0,
1647596938139981746,-0.214782714844,-0.269958496094,0.855346679688,0.386352539062,-1457.0,-4653.0,7914.0,-24.0,-11.0,1.0,
1647596938144128561,-0.214416503906,-0.270874023438,0.85546875,0.3857421875,-1484.0,-4560.0,8097.0,-23.0,-13.0,3.0,
1647596938148571729,-0.213928222656,-0.271728515625,0.855651855469,0.384948730469,-1551.0,-4466.0,8258.0,-21.0,-16.0,5.0,
1647596938151728391,-0.21337890625,-0.2724609375,0.85595703125,0.384033203125,-1630.0,-4370.0,8394.0,-20.0,-18.0,7.0,
1647596938160415410,-0.212707519531,-0.273254394531,0.856384277344,0.382934570312,-1689.0,-4259.0,8506.0,-20.0,-21.0,9.0,
1647596938164005994,-0.211975097656,-0.274047851562,0.856872558594,0.381652832031,-1723.0,-4167.0,8550.0,-21.0,-24.0,11.0,
1647596938167960882,-0.211120605469,-0.274963378906,0.857421875,0.380249023438,-1737.0,-4156.0,8560.0,-22.0,-27.0,13.0,
1647596938171308517,-0.210205078125,-0.276184082031,0.85791015625,0.378784179688,-1729.0,-4260.0,8505.0,-23.0,-29.0,14.0,
1647596938179202556,-0.209350585938,-0.277526855469,0.8583984375,0.377197265625,-1714.0,-4409.0,8318.0,-24.0,-31.0,14.0,
1647596938183261632,-0.208435058594,-0.279052734375,0.858764648438,0.375671386719,-1716.0,-4671.0,8088.0,-22.0,-31.0,14.0,
1647596938186474561,-0.20751953125,-0.280578613281,0.859191894531,0.374145507812,-1717.0,-5081.0,7815.0,-19.0,-32.0,13.0,
1647596938193858146,-0.20654296875,-0.282287597656,0.859436035156,0.372741699219,-1698.0,-5560.0,7466.0,-16.0,-34.0,10.0,
1647596938198755502,-0.205505371094,-0.2841796875,0.859619140625,0.37158203125,-1683.0,-5999.0,7124.0,-14.0,-34.0,6.0,
1647596938203243017,-0.204467773438,-0.285827636719,0.859741210938,0.37060546875,-1650.0,-6355.0,6813.0,-9.0,-32.0,4.0,
1647596938206479549,-0.203369140625,-0.287109375,0.859924316406,0.369689941406,-1583.0,-6625.0,6572.0,-2.0,-30.0,5.0,
1647596938214463710,-0.202087402344,-0.287902832031,0.8603515625,0.368896484375,-1464.0,-6825.0,6337.0,6.0,-29.0,6.0,
1647596938218574523,-0.20068359375,-0.288330078125,0.86083984375,0.3681640625,-1309.0,-6952.0,6103.0,13.0,-28.0,6.0,
1647596938222819805,-0.199157714844,-0.288391113281,0.861328125,0.36767578125,-1159.0,-7022.0,5836.0,19.0,-25.0,5.0,
1647596938229480743,-0.197692871094,-0.2880859375,0.861938476562,0.367370605469,-1043.0,-7048.0,5531.0,25.0,-21.0,4.0,
1647596938235602378,-0.1962890625,-0.287414550781,0.862548828125,0.367248535156,-952.0,-7119.0,5287.0,31.0,-18.0,3.0,
1647596938240078687,-0.194885253906,-0.286315917969,0.863220214844,0.367248535156,-892.0,-7212.0,5102.0,39.0,-15.0,3.0,
1647596938244393825,-0.193420410156,-0.28466796875,0.864013671875,0.367370605469,-861.0,-7245.0,4941.0,49.0,-14.0,3.0,
1647596938248804569,-0.191772460938,-0.282409667969,0.865051269531,0.367614746094,-817.0,-7163.0,4797.0,59.0,-12.0,4.0,
1647596938253061056,-0.190063476562,-0.279541015625,0.8662109375,0.367919921875,-768.0,-6926.0,4704.0,67.0,-9.0,5.0,
1647596938256176710,-0.1884765625,-0.276184082031,0.867492675781,0.368225097656,-742.0,-6533.0,4641.0,70.0,-5.0,7.0,
1647596938263839721,-0.187072753906,-0.272705078125,0.868774414062,0.368530273438,-747.0,-6129.0,4589.0,67.0,-2.0,8.0,
1647596938267883062,-0.185913085938,-0.269348144531,0.869995117188,0.368713378906,-788.0,-5844.0,4530.0,62.0,0.0,9.0,
1647596938274983167,-0.184936523438,-0.266296386719,0.87109375,0.368896484375,-818.0,-5726.0,4437.0,58.0,0.0,9.0,
1647596938278911590,-0.18408203125,-0.263610839844,0.872009277344,0.369018554688,-804.0,-5745.0,4306.0,54.0,0.0,8.0,
1647596938283342838,-0.183349609375,-0.261169433594,0.872802734375,0.369201660156,-767.0,-5787.0,4180.0,53.0,2.0,7.0,
1647596938287931919,-0.182739257812,-0.258605957031,0.873596191406,0.369567871094,-697.0,-5731.0,4134.0,55.0,5.0,6.0,
1647596938291020393,-0.18212890625,-0.255737304688,0.874389648438,0.369934082031,-628.0,-5528.0,4156.0,57.0,8.0,7.0,
1647596938298666238,-0.181579589844,-0.252563476562,0.875244140625,0.370361328125,-615.0,-5221.0,4261.0,57.0,12.0,8.0,
1647596938303032159,-0.18115234375,-0.249206542969,0.876159667969,0.370666503906,-631.0,-4911.0,4411.0,55.0,13.0,9.0,
1647596938307144403,-0.180847167969,-0.246032714844,0.877014160156,0.370788574219,-651.0,-4674.0,4580.0,50.0,13.0,11.0,
1647596938314971685,-0.180725097656,-0.243225097656,0.877807617188,0.370910644531,-688.0,-4572.0,4828.0,43.0,13.0,11.0,
1647596938318355560,-0.180725097656,-0.240661621094,0.878540039062,0.370910644531,-700.0,-4544.0,5086.0,38.0,13.0,11.0,
1647596938321449518,-0.180725097656,-0.238403320312,0.879089355469,0.370971679688,-694.0,-4504.0,5368.0,35.0,13.0,10.0,
1647596938329325675,-0.180847167969,-0.236267089844,0.879638671875,0.370971679688,-689.0,-4381.0,5715.0,31.0,14.0,10.0,
1647596938334941148,-0.180969238281,-0.234191894531,0.880187988281,0.370971679688,-707.0,-4162.0,6100.0,27.0,15.0,10.0,
1647596938340299367,-0.181213378906,-0.232116699219,0.880737304688,0.370910644531,-743.0,-3881.0,6419.0,22.0,15.0,11.0,
1647596938345316648,-0.181518554688,-0.230346679688,0.881225585938,0.370666503906,-799.0,-3571.0,6661.0,15.0,14.0,12.0,
1647596938349593162,-0.181945800781,-0.229064941406,0.881652832031,0.370300292969,-875.0,-3234.0,6817.0,6.0,13.0,12.0,
1647596938353838920,-0.1826171875,-0.228210449219,0.881958007812,0.369750976562,-952.0,-2912.0,6919.0,-4.0,12.0,12.0,
1647596938357414007,-0.183410644531,-0.227844238281,0.882141113281,0.369079589844,-1032.0,-2737.0,7002.0,-14.0,10.0,12.0,
1647596938367540836,-0.184387207031,-0.228271484375,0.882141113281,0.368286132812,-1147.0,-2765.0,7138.0,-25.0,8.0,12.0,
1647596938368843317,-0.185485839844,-0.229431152344,0.882019042969,0.367309570312,-1298.0,-2983.0,7339.0,-34.0,5.0,11.0,
1647596938374255418,-0.186645507812,-0.231079101562,0.881774902344,0.366394042969,-1469.0,-3353.0,7377.0,-40.0,2.0,9.0,
1647596938376573324,-0.18798828125,-0.232971191406,0.88134765625,0.365478515625,-1692.0,-3848.0,7330.0,-39.0,2.0,7.0,
1647596938384414911,-0.189331054688,-0.23486328125,0.880859375,0.36474609375,-1851.0,-4440.0,7204.0,-35.0,1.0,5.0,
1647596938390735149,-0.190612792969,-0.236633300781,0.880310058594,0.364196777344,-1933.0,-5008.0,7127.0,-27.0,2.0,3.0,
1647596938394169330,-0.191772460938,-0.237976074219,0.879821777344,0.363952636719,-1910.0,-5387.0,6999.0,-19.0,6.0,0.0,
1647596938400434255,-0.19287109375,-0.238891601562,0.879272460938,0.364013671875,-1859.0,-5420.0,6938.0,-12.0,10.0,-2.0,
1647596938404080152,-0.19384765625,-0.239135742188,0.87890625,0.3642578125,-1809.0,-5161.0,6969.0,-7.0,14.0,-2.0,
1647596938408687114,-0.19482421875,-0.238891601562,0.878723144531,0.364379882812,-1797.0,-4819.0,7085.0,-8.0,16.0,-1.0,
1647596938411653995,-0.19580078125,-0.238830566406,0.878479003906,0.364501953125,-1839.0,-4508.0,7194.0,-13.0,15.0,0.0,
1647596938419051408,-0.196899414062,-0.239135742188,0.878173828125,0.364501953125,-1909.0,-4273.0,7248.0,-21.0,12.0,-2.0,
1647596938424386978,-0.197998046875,-0.239929199219,0.877685546875,0.364440917969,-2010.0,-4140.0,7272.0,-28.0,10.0,-4.0,
1647596938427712917,-0.199157714844,-0.241027832031,0.877197265625,0.364379882812,-2121.0,-4140.0,7338.0,-30.0,8.0,-4.0,
1647596938431525945,-0.2001953125,-0.242126464844,0.876708984375,0.364196777344,-2242.0,-4252.0,7442.0,-30.0,5.0,-4.0,
1647596938442013740,-0.201171875,-0.243347167969,0.876159667969,0.364074707031,-2378.0,-4339.0,7620.0,-29.0,4.0,-5.0,
1647596938445774793,-0.202087402344,-0.244506835938,0.875732421875,0.363891601562,-2516.0,-4313.0,7853.0,-29.0,3.0,-4.0,
1647596938449856996,-0.202941894531,-0.245483398438,0.875366210938,0.363586425781,-2652.0,-4200.0,8127.0,-30.0,1.0,-3.0,
1647596938454157352,-0.203674316406,-0.24658203125,0.875122070312,0.363098144531,-2760.0,-4051.0,8376.0,-33.0,-1.0,-1.0,
1647596938458997249,-0.204284667969,-0.247802734375,0.874877929688,0.362487792969,-2841.0,-3911.0,8526.0,-37.0,-4.0,0.0,
1647596938462933301,-0.204833984375,-0.249450683594,0.874572753906,0.361755371094,-2875.0,-3826.0,8601.0,-42.0,-8.0,0.0,
1647596938469135522,-0.205261230469,-0.251525878906,0.874206542969,0.360900878906,-2857.0,-3827.0,8617.0,-47.0,-12.0,-1.0,
1647596938473808526,-0.205505371094,-0.253967285156,0.873840332031,0.360046386719,-2765.0,-3945.0,8566.0,-50.0,-16.0,-2.0,
1647596938478700637,-0.20556640625,-0.256713867188,0.873352050781,0.359191894531,-2633.0,-4208.0,8537.0,-50.0,-19.0,-2.0,
1647596938481137037,-0.205444335938,-0.259582519531,0.872863769531,0.3583984375,-2453.0,-4588.0,8522.0,-48.0,-22.0,-3.0,
1647596938489251613,-0.205017089844,-0.262512207031,0.872375488281,0.357727050781,-2240.0,-4922.0,8410.0,-43.0,-24.0,-3.0,
1647596938494046688,-0.204467773438,-0.265014648438,0.872009277344,0.357055664062,-2100.0,-5127.0,8428.0,-35.0,-23.0,-2.0,
1647596938496361970,-0.203735351562,-0.266967773438,0.871887207031,0.356323242188,-2002.0,-5201.0,8486.0,-29.0,-23.0,1.0,
1647596938504057168,-0.202941894531,-0.268371582031,0.872009277344,0.355407714844,-1942.0,-5159.0,8442.0,-23.0,-23.0,5.0,
1647596938509026050,-0.2021484375,-0.269409179688,0.872314453125,0.354370117188,-1922.0,-5107.0,8302.0,-18.0,-23.0,8.0,
1647596938511465549,-0.201416015625,-0.270385742188,0.872619628906,0.353271484375,-1926.0,-5127.0,8060.0,-15.0,-23.0,10.0,
1647596938518882036,-0.20068359375,-0.271240234375,0.872985839844,0.352172851562,-1886.0,-5251.0,7771.0,-12.0,-24.0,10.0,
1647596938523067474,-0.199890136719,-0.272155761719,0.873291015625,0.351135253906,-1763.0,-5507.0,7398.0,-8.0,-24.0,8.0,
1647596938526241540,-0.198974609375,-0.273132324219,0.87353515625,0.350341796875,-1593.0,-5881.0,6977.0,-3.0,-23.0,7.0,
1647596938533690690,-0.198059082031,-0.274047851562,0.873657226562,0.349853515625,-1417.0,-6260.0,6660.0,2.0,-21.0,4.0,
1647596938539713621,-0.197021484375,-0.274719238281,0.873779296875,0.349487304688,-1221.0,-6516.0,6431.0,9.0,-19.0,3.0,
1647596938544549703,-0.195861816406,-0.274841308594,0.874084472656,0.349243164062,-1050.0,-6593.0,6389.0,16.0,-18.0,3.0,
1647596938549088001,-0.194580078125,-0.274353027344,0.874633789062,0.348999023438,-915.0,-6574.0,6302.0,23.0,-16.0,6.0,
1647596938553311347,-0.193298339844,-0.273315429688,0.875366210938,0.348754882812,-841.0,-6575.0,6189.0,29.0,-13.0,8.0,
1647596938557532310,-0.192138671875,-0.272094726562,0.876098632812,0.348571777344,-830.0,-6630.0,6173.0,33.0,-11.0,8.0,
1647596938560725212,-0.190979003906,-0.270690917969,0.876831054688,0.348388671875,-820.0,-6759.0,6178.0,36.0,-11.0,7.0,
1647596938569339275,-0.189697265625,-0.268981933594,0.877624511719,0.348449707031,-781.0,-6881.0,6084.0,43.0,-10.0,6.0,
1647596938573339223,-0.188354492188,-0.266906738281,0.87841796875,0.348693847656,-748.0,-6959.0,5984.0,51.0,-8.0,4.0,
1647596938579100608,-0.186889648438,-0.264404296875,0.879333496094,0.349060058594,-730.0,-6980.0,5867.0,59.0,-6.0,4.0,
1647596938583411931,-0.185424804688,-0.261413574219,0.88037109375,0.349487304688,-739.0,-6922.0,5784.0,67.0,-5.0,4.0,
1647596938587561130,-0.183776855469,-0.2578125,0.881591796875,0.350036621094,-733.0,-6716.0,5665.0,75.0,-4.0,4.0,
1647596938590840339,-0.18212890625,-0.253845214844,0.8828125,0.350646972656,-701.0,-6326.0,5488.0,80.0,-3.0,5.0,
1647596938598413467,-0.180541992188,-0.249755859375,0.884094238281,0.351257324219,-686.0,-5866.0,5334.0,78.0,0.0,5.0,
1647596938602865219,-0.17919921875,-0.245788574219,0.88525390625,0.351745605469,-694.0,-5468.0,5277.0,72.0,2.0,5.0,
1647596938606105566,-0.177917480469,-0.242004394531,0.886413574219,0.352172851562,-674.0,-5137.0,5177.0,67.0,2.0,6.0,
1647596938613589763,-0.176818847656,-0.238586425781,0.887390136719,0.3525390625,-640.0,-4935.0,5076.0,62.0,2.0,7.0,
1647596938618458271,-0.175903320312,-0.235717773438,0.888244628906,0.352783203125,-591.0,-4907.0,5004.0,53.0,2.0,6.0,
1647596938621290683,-0.175170898438,-0.233337402344,0.888916015625,0.35302734375,-528.0,-4967.0,4953.0,47.0,4.0,6.0,
1647596938628814697,-0.174621582031,-0.231079101562,0.889465332031,0.353393554688,-482.0,-4956.0,4917.0,45.0,6.0,5.0,
1647596938633127450,-0.174255371094,-0.228820800781,0.890014648438,0.353698730469,-416.0,-4806.0,4856.0,44.0,9.0,5.0,
1647596938638222217,-0.174072265625,-0.226623535156,0.890502929688,0.35400390625,-365.0,-4616.0,4801.0,39.0,12.0,6.0,
1647596938644263744,-0.17431640625,-0.224609375,0.890869140625,0.354187011719,-333.0,-4486.0,4815.0,32.0,16.0,8.0,
1647596938651232957,-0.174743652344,-0.222839355469,0.891235351562,0.354248046875,-335.0,-4351.0,4880.0,27.0,18.0,9.0,
1647596938656276226,-0.17529296875,-0.221130371094,0.891479492188,0.354309082031,-391.0,-4202.0,5037.0,24.0,19.0,9.0,
1647596938659965038,-0.175964355469,-0.219421386719,0.891784667969,0.354370117188,-473.0,-4029.0,5230.0,21.0,20.0,9.0,
1647596938665091037,-0.1767578125,-0.217712402344,0.892028808594,0.354370117188,-599.0,-3817.0,5565.0,19.0,20.0,9.0,
1647596938669389963,-0.177490234375,-0.2158203125,0.892395019531,0.354309082031,-763.0,-3483.0,5887.0,18.0,21.0,9.0,
1647596938674741744,-0.178283691406,-0.2138671875,0.892761230469,0.354187011719,-945.0,-3110.0,6216.0,14.0,20.0,10.0,
1647596938676921367,-0.179138183594,-0.212097167969,0.893127441406,0.353820800781,-1162.0,-2764.0,6454.0,9.0,19.0,12.0,
1647596938684549808,-0.18017578125,-0.210693359375,0.893432617188,0.353332519531,-1399.0,-2482.0,6669.0,2.0,17.0,13.0,
1647596938688565731,-0.181274414062,-0.209777832031,0.893737792969,0.352661132812,-1631.0,-2299.0,6855.0,-7.0,14.0,13.0,
1647596938693120479,-0.182495117188,-0.209594726562,0.893859863281,0.351806640625,-1881.0,-2199.0,7319.0,-18.0,11.0,12.0,
1647596938696987152,-0.183715820312,-0.210083007812,0.893859863281,0.350891113281,-2088.0,-2345.0,7654.0,-32.0,7.0,11.0,
1647596938715380191,-0.18505859375,-0.211547851562,0.8935546875,0.349975585938,-2382.0,-2855.0,7621.0,-42.0,5.0,7.0,
1647596938728066444,-0.186706542969,-0.2138671875,0.892944335938,0.349243164062,-2693.0,-3708.0,7536.0,-44.0,1.0,1.0,
1647596938729770421,-0.188171386719,-0.216796875,0.89208984375,0.348815917969,-2741.0,-4713.0,7207.0,-43.0,-3.0,-6.0,
1647596938732602596,-0.189697265625,-0.220092773438,0.890930175781,0.348937988281,-2648.0,-5465.0,6864.0,-39.0,0.0,-12.0,
1647596938733663320,-0.191162109375,-0.222900390625,0.889709472656,0.349426269531,-2463.0,-5689.0,6761.0,-32.0,8.0,-15.0,
1647596938736518859,-0.192443847656,-0.224548339844,0.888793945312,0.350036621094,-2247.0,-5459.0,6694.0,-24.0,13.0,-14.0,
1647596938738003492,-0.193664550781,-0.225280761719,0.888122558594,0.3505859375,-2169.0,-5021.0,6686.0,-18.0,18.0,-10.0,
1647596938739334583,-0.19482421875,-0.225524902344,0.887634277344,0.351013183594,-2196.0,-4636.0,6673.0,-16.0,18.0,-7.0,
1647596938748210191,-0.195983886719,-0.225708007812,0.88720703125,0.351318359375,-2285.0,-4481.0,6690.0,-16.0,15.0,-7.0,
1647596938751296043,-0.197082519531,-0.226196289062,0.88671875,0.351684570312,-2381.0,-4532.0,6757.0,-16.0,12.0,-9.0,
1647596938757326364,-0.198059082031,-0.226928710938,0.886108398438,0.352111816406,-2446.0,-4617.0,6961.0,-17.0,9.0,-12.0,
1647596938759939432,-0.198852539062,-0.227722167969,0.885559082031,0.352661132812,-2506.0,-4560.0,7232.0,-18.0,7.0,-13.0,
1647596938764353752,-0.199584960938,-0.228332519531,0.885070800781,0.353088378906,-2569.0,-4302.0,7546.0,-19.0,7.0,-12.0,
1647596938768582820,-0.2001953125,-0.228820800781,0.884704589844,0.353271484375,-2658.0,-3889.0,7902.0,-22.0,5.0,-9.0,
1647596938777640104,-0.200744628906,-0.2294921875,0.884460449219,0.353149414062,-2749.0,-3387.0,8345.0,-30.0,1.0,-5.0,
1647596938779134750,-0.201110839844,-0.230529785156,0.884338378906,0.352600097656,-2805.0,-2916.0,8759.0,-41.0,-4.0,-3.0,
1647596938783197164,-0.201416015625,-0.232238769531,0.884094238281,0.351867675781,-2829.0,-2579.0,9018.0,-52.0,-10.0,-1.0,
1647596938788032531,-0.20166015625,-0.234680175781,0.8837890625,0.350891113281,-2840.0,-2449.0,9138.0,-62.0,-15.0,-1.0,
1647596938790831089,-0.201843261719,-0.237915039062,0.88330078125,0.349853515625,-2815.0,-2545.0,9169.0,-69.0,-21.0,-3.0,
1647596938825682640,-0.201843261719,-0.241760253906,0.882690429688,0.348754882812,-2734.0,-2772.0,9170.0,-73.0,-26.0,-4.0,
1647596938826639890,-0.201599121094,-0.245727539062,0.882080078125,0.347595214844,-2580.0,-3078.0,9064.0,-70.0,-29.0,-4.0,
1647596938828323364,-0.201171875,-0.249450683594,0.881591796875,0.346496582031,-2406.0,-3402.0,8913.0,-63.0,-30.0,-2.0,
1647596938828845977,-0.200622558594,-0.252868652344,0.881164550781,0.345397949219,-2229.0,-3676.0,8752.0,-54.0,-30.0,0.0,
1647596938830416440,-0.199890136719,-0.255798339844,0.880920410156,0.34423828125,-2077.0,-3839.0,8637.0,-45.0,-30.0,3.0,
1647596938831570625,-0.199096679688,-0.258117675781,0.880920410156,0.343017578125,-1974.0,-3889.0,8581.0,-38.0,-29.0,6.0,
1647596938832225561,-0.198181152344,-0.259948730469,0.881103515625,0.341613769531,-1896.0,-3880.0,8429.0,-32.0,-29.0,10.0,
1647596938834776401,-0.197326660156,-0.261535644531,0.881408691406,0.340148925781,-1873.0,-3899.0,8158.0,-28.0,-28.0,13.0,
1647596938838887453,-0.196594238281,-0.263000488281,0.881713867188,0.338684082031,-1859.0,-4094.0,7833.0,-25.0,-28.0,13.0,
1647596938843388557,-0.195861816406,-0.264587402344,0.881958007812,0.337280273438,-1807.0,-4475.0,7505.0,-21.0,-28.0,11.0,
1647596938850523948,-0.195007324219,-0.266296386719,0.882080078125,0.336120605469,-1700.0,-4957.0,7233.0,-17.0,-29.0,9.0,
1647596938855034112,-0.193969726562,-0.267822265625,0.882202148438,0.335144042969,-1548.0,-5455.0,7024.0,-10.0,-28.0,7.0,
1647596938859992742,-0.19287109375,-0.26904296875,0.882385253906,0.334350585938,-1392.0,-5894.0,6892.0,-2.0,-26.0,7.0,
1647596938863469123,-0.191650390625,-0.269775390625,0.882690429688,0.333679199219,-1234.0,-6254.0,6734.0,5.0,-24.0,7.0,
1647596938867746114,-0.190490722656,-0.270141601562,0.883056640625,0.333068847656,-1125.0,-6510.0,6583.0,12.0,-21.0,8.0,
1647596938870961904,-0.189392089844,-0.270080566406,0.883483886719,0.332580566406,-1066.0,-6712.0,6444.0,17.0,-17.0,8.0,
1647596938879272222,-0.188415527344,-0.269714355469,0.883911132812,0.332214355469,-1051.0,-6912.0,6263.0,21.0,-15.0,7.0,
1647596938882585287,-0.1875,-0.269104003906,0.884399414062,0.33203125,-1042.0,-7140.0,5987.0,27.0,-13.0,5.0,
1647596938915503501,-0.186645507812,-0.268249511719,0.884826660156,0.33203125,-1065.0,-7445.0,5857.0,34.0,-10.0,4.0,
1647596938917453527,-0.185607910156,-0.266723632812,0.885437011719,0.332153320312,-1055.0,-7734.0,5693.0,47.0,-8.0,4.0,
1647596938919092416,-0.184387207031,-0.264343261719,0.886291503906,0.332458496094,-1006.0,-7889.0,5644.0,63.0,-7.0,4.0,
1647596938919691324,-0.182922363281,-0.260986328125,0.887390136719,0.3330078125,-937.0,-7765.0,5676.0,77.0,-4.0,5.0,
1647596938920253038,-0.181274414062,-0.256591796875,0.888732910156,0.333740234375,-867.0,-7302.0,5721.0,89.0,0.0,5.0,
1647596938921005249,-0.179626464844,-0.251403808594,0.890258789062,0.334533691406,-853.0,-6564.0,5769.0,94.0,5.0,7.0,
1647596938922059535,-0.178100585938,-0.245727539062,0.891845703125,0.335266113281,-923.0,-5691.0,5785.0,94.0,8.0,9.0,
1647596938922564029,-0.176818847656,-0.240234375,0.893432617188,0.335693359375,-1048.0,-4910.0,5778.0,86.0,7.0,10.0,
1647596938926156044,-0.175720214844,-0.235534667969,0.894836425781,0.3359375,-1167.0,-4417.0,5821.0,71.0,4.0,10.0,
1647596938933782815,-0.174682617188,-0.231811523438,0.89599609375,0.335998535156,-1220.0,-4249.0,5764.0,57.0,0.0,9.0,
1647596938937820196,-0.173828125,-0.229309082031,0.896789550781,0.335998535156,-1212.0,-4365.0,5700.0,44.0,-3.0,7.0,
1647596938942493677,-0.173095703125,-0.227478027344,0.897399902344,0.336059570312,-1098.0,-4643.0,5562.0,38.0,-3.0,5.0,
1647596938946804285,-0.172424316406,-0.22607421875,0.897827148438,0.336181640625,-919.0,-4973.0,5428.0,36.0,-2.0,5.0,
1647596938957188367,-0.171997070312,-0.224731445312,0.898132324219,0.33642578125,-766.0,-5276.0,5305.0,36.0,3.0,4.0,
1647596938961823225,-0.171691894531,-0.223205566406,0.898498535156,0.336730957031,-645.0,-5341.0,5296.0,38.0,7.0,5.0,
