1646730686819682359,-0.651611328125,0.1953125,-0.586364746094,-0.43994140625,8301.0,3608.0,-119.0,57.0,-7.0,-20.0,
1646730686824127674,-0.653747558594,0.192749023438,-0.585998535156,-0.438354492188,8143.0,3558.0,22.0,55.0,-13.0,-20.0,
1646730686827985763,-0.656005859375,0.190307617188,-0.58544921875,-0.436767578125,7980.0,3497.0,116.0,54.0,-16.0,-21.0,
1646730686832460880,-0.658386230469,0.187927246094,-0.584716796875,-0.435241699219,7772.0,3395.0,196.0,54.0,-19.0,-22.0,
1646730686838651180,-0.660766601562,0.185668945312,-0.583801269531,-0.433776855469,7530.0,3237.0,253.0,52.0,-22.0,-24.0,
1646730686843128204,-0.6630859375,0.183410644531,-0.582824707031,-0.432556152344,7265.0,3065.0,309.0,48.0,-22.0,-27.0,
1646730686847281217,-0.665161132812,0.181274414062,-0.581787109375,-0.431640625,6988.0,2925.0,395.0,42.0,-20.0,-30.0,
1646730686853611946,-0.666931152344,0.178955078125,-0.580810546875,-0.431213378906,6739.0,2819.0,495.0,37.0,-14.0,-33.0,
1646730686858720779,-0.668151855469,0.176513671875,-0.580139160156,-0.431274414062,6585.0,2720.0,606.0,30.0,-5.0,-36.0,
1646730686862199544,-0.668884277344,0.173950195312,-0.579711914062,-0.431701660156,6551.0,2611.0,754.0,24.0,4.0,-38.0,
1646730686868999242,-0.669067382812,0.171508789062,-0.57958984375,-0.4326171875,6595.0,2532.0,876.0,16.0,11.0,-39.0,
1646730686873092412,-0.668823242188,0.169372558594,-0.579528808594,-0.433837890625,6682.0,2513.0,996.0,6.0,16.0,-39.0,
1646730686881071805,-0.668212890625,0.16748046875,-0.579467773438,-0.435546875,6786.0,2544.0,1097.0,-4.0,18.0,-38.0,
1646730686884669065,-0.667297363281,0.165893554688,-0.579467773438,-0.437561035156,6900.0,2631.0,1167.0,-12.0,20.0,-36.0,
1646730686888893365,-0.666198730469,0.16455078125,-0.579406738281,-0.439880371094,7011.0,2758.0,1188.0,-19.0,22.0,-35.0,
1646730686892816781,-0.664978027344,0.163330078125,-0.579284667969,-0.442321777344,7128.0,2900.0,1168.0,-23.0,22.0,-34.0,
1646730686897226095,-0.663818359375,0.162231445312,-0.5791015625,-0.444702148438,7260.0,3049.0,1129.0,-24.0,21.0,-33.0,
1646730686903522014,-0.662841796875,0.161254882812,-0.578857421875,-0.446899414062,7389.0,3193.0,1068.0,-23.0,18.0,-30.0,
1646730686908327817,-0.661987304688,0.160400390625,-0.578430175781,-0.448913574219,7506.0,3301.0,1004.0,-21.0,14.0,-28.0,
1646730686912724733,-0.661437988281,0.159729003906,-0.577941894531,-0.450622558594,7600.0,3377.0,963.0,-18.0,9.0,-25.0,
1646730686918516874,-0.661010742188,0.159240722656,-0.577392578125,-0.452087402344,7639.0,3420.0,925.0,-16.0,4.0,-22.0,
1646730686923325777,-0.660766601562,0.159057617188,-0.576843261719,-0.453308105469,7622.0,3486.0,894.0,-15.0,0.0,-18.0,
1646730686927778482,-0.66064453125,0.159057617188,-0.576110839844,-0.454345703125,7566.0,3564.0,857.0,-15.0,-4.0,-14.0,
1646730686932278871,-0.660583496094,0.159057617188,-0.575500488281,-0.455261230469,7464.0,3642.0,848.0,-13.0,-5.0,-11.0,
1646730686938591241,-0.660339355469,0.158996582031,-0.575012207031,-0.456115722656,7413.0,3680.0,740.0,-12.0,-1.0,-9.0,
1646730686942858457,-0.660278320312,0.158935546875,-0.57470703125,-0.456726074219,7454.0,3690.0,677.0,-9.0,1.0,-7.0,
1646730686947351694,-0.660278320312,0.158935546875,-0.574340820312,-0.457153320312,7431.0,3724.0,568.0,-6.0,-2.0,-7.0,
1646730686953603506,-0.660583496094,0.158874511719,-0.57373046875,-0.457458496094,7396.0,3781.0,469.0,-4.0,-7.0,-7.0,
1646730686958055734,-0.661193847656,0.158752441406,-0.573059082031,-0.457458496094,7452.0,3813.0,383.0,1.0,-10.0,-6.0,
1646730686962510585,-0.662048339844,0.158630371094,-0.572387695312,-0.457153320312,7530.0,3764.0,233.0,7.0,-13.0,-5.0,
1646730686968636989,-0.663330078125,0.158752441406,-0.571533203125,-0.456298828125,7664.0,3665.0,97.0,13.0,-20.0,-2.0,
1646730686972939491,-0.665100097656,0.1591796875,-0.570495605469,-0.454895019531,7768.0,3605.0,-11.0,19.0,-31.0,3.0,
1646730686977348566,-0.667175292969,0.159912109375,-0.569213867188,-0.453186035156,7791.0,3586.0,-124.0,22.0,-40.0,6.0,
1646730686983696699,-0.669555664062,0.160705566406,-0.567749023438,-0.451293945312,7818.0,3578.0,-209.0,25.0,-46.0,8.0,
1646730686987998485,-0.672241210938,0.16162109375,-0.566101074219,-0.449035644531,7827.0,3577.0,-321.0,29.0,-52.0,11.0,
1646730686992446899,-0.675231933594,0.162658691406,-0.564208984375,-0.446472167969,7771.0,3545.0,-406.0,34.0,-59.0,13.0,
1646730686998744010,-0.678588867188,0.163757324219,-0.562255859375,-0.443481445312,7665.0,3449.0,-402.0,39.0,-64.0,15.0,
1646730687003356695,-0.682067871094,0.164916992188,-0.560302734375,-0.440185546875,7611.0,3264.0,-374.0,44.0,-70.0,18.0,
1646730687007858037,-0.685668945312,0.166320800781,-0.558349609375,-0.4365234375,7639.0,3049.0,-398.0,48.0,-74.0,22.0,
1646730687012069702,-0.689514160156,0.168151855469,-0.556274414062,-0.432373046875,7624.0,2873.0,-475.0,50.0,-81.0,27.0,
1646730687020551919,-0.693664550781,0.170349121094,-0.553894042969,-0.427856445312,7447.0,2744.0,-550.0,52.0,-90.0,31.0,
1646730687024990320,-0.698120117188,0.172546386719,-0.551147460938,-0.42333984375,7100.0,2662.0,-612.0,53.0,-97.0,31.0,
1646730687029483079,-0.702392578125,0.174499511719,-0.548217773438,-0.419128417969,6728.0,2610.0,-668.0,50.0,-95.0,27.0,
1646730687033776044,-0.706298828125,0.175964355469,-0.545593261719,-0.415405273438,6549.0,2651.0,-750.0,47.0,-84.0,21.0,
1646730687038265228,-0.710083007812,0.176818847656,-0.543090820312,-0.411865234375,6639.0,2767.0,-837.0,50.0,-76.0,15.0,
1646730687042356491,-0.714050292969,0.177307128906,-0.540466308594,-0.408264160156,6880.0,2883.0,-929.0,56.0,-77.0,9.0,
1646730687048923492,-0.718627929688,0.177551269531,-0.537353515625,-0.404174804688,7093.0,2949.0,-981.0,66.0,-88.0,4.0,
1646730687053361892,-0.723999023438,0.177795410156,-0.533508300781,-0.399597167969,7199.0,2964.0,-962.0,75.0,-107.0,1.0,
1646730687057886362,-0.730041503906,0.178100585938,-0.528869628906,-0.394592285156,7184.0,2926.0,-951.0,82.0,-125.0,-2.0,
1646730687064115762,-0.736511230469,0.178405761719,-0.523742675781,-0.38916015625,7081.0,2825.0,-892.0,88.0,-137.0,-3.0,
1646730687068578004,-0.7431640625,0.1787109375,-0.518432617188,-0.383544921875,6944.0,2648.0,-776.0,92.0,-142.0,-4.0,
1646730687072967767,-0.749633789062,0.179016113281,-0.51318359375,-0.377868652344,6826.0,2460.0,-657.0,93.0,-141.0,-4.0,
1646730687077114820,-0.755859375,0.179321289062,-0.508056640625,-0.372192382812,6707.0,2306.0,-564.0,91.0,-139.0,-3.0,
1646730687083825111,-0.761840820312,0.179748535156,-0.502868652344,-0.36669921875,6580.0,2183.0,-510.0,87.0,-138.0,-2.0,
1646730687087905168,-0.767761230469,0.180419921875,-0.497680664062,-0.361206054688,6426.0,2083.0,-544.0,83.0,-138.0,1.0,
1646730687093356370,-0.773376464844,0.181274414062,-0.492431640625,-0.355834960938,6223.0,1944.0,-594.0,78.0,-136.0,4.0,
1646730687098862648,-0.778564453125,0.182434082031,-0.487548828125,-0.350646972656,6024.0,1714.0,-680.0,72.0,-129.0,8.0,
1646730687103252649,-0.783142089844,0.183898925781,-0.483154296875,-0.345825195312,5870.0,1482.0,-945.0,61.0,-117.0,12.0,
1646730687109142780,-0.787048339844,0.185424804688,-0.479248046875,-0.341430664062,5754.0,1368.0,-1321.0,51.0,-102.0,14.0,
1646730687123173236,-0.790649414062,0.186828613281,-0.475524902344,-0.337585449219,5565.0,1354.0,-1661.0,43.0,-90.0,11.0,
1646730687123556375,-0.7939453125,0.187805175781,-0.471801757812,-0.334411621094,5322.0,1402.0,-1920.0,37.0,-83.0,5.0,
1646730687127087354,-0.796752929688,0.1884765625,-0.468444824219,-0.332092285156,5217.0,1479.0,-2126.0,27.0,-70.0,-1.0,
1646730687129481792,-0.798950195312,0.188537597656,-0.465637207031,-0.330688476562,5176.0,1540.0,-2358.0,18.0,-55.0,-11.0,
1646730687135329484,-0.800964355469,0.188354492188,-0.462829589844,-0.329956054688,5162.0,1596.0,-2563.0,10.0,-48.0,-19.0,
1646730687140929698,-0.802673339844,0.18798828125,-0.460021972656,-0.329833984375,5277.0,1678.0,-2729.0,2.0,-43.0,-25.0,
1646730687144021511,-0.804260253906,0.187377929688,-0.457275390625,-0.330200195312,5357.0,1736.0,-2920.0,-2.0,-40.0,-32.0,
1646730687149960279,-0.805908203125,0.186767578125,-0.454406738281,-0.330505371094,5393.0,1809.0,-3011.0,-3.0,-42.0,-32.0,
1646730687156287431,-0.807495117188,0.186157226562,-0.451599121094,-0.330810546875,5347.0,1898.0,-3045.0,-2.0,-42.0,-32.0,
1646730687162135362,-0.80908203125,0.185363769531,-0.44873046875,-0.331237792969,5239.0,1989.0,-3088.0,-1.0,-40.0,-34.0,
1646730687164982795,-0.810668945312,0.184143066406,-0.446044921875,-0.331726074219,5201.0,2075.0,-3149.0,1.0,-36.0,-38.0,
1646730687170082330,-0.812194824219,0.182495117188,-0.443603515625,-0.332275390625,5299.0,2164.0,-3235.0,4.0,-30.0,-43.0,
1646730687176601648,-0.813781738281,0.180541992188,-0.441284179688,-0.332458496094,5415.0,2214.0,-3209.0,12.0,-28.0,-46.0,
1646730687179244279,-0.815551757812,0.178466796875,-0.439086914062,-0.332092285156,5538.0,2216.0,-3084.0,21.0,-32.0,-43.0,
1646730687183493137,-0.817199707031,0.176696777344,-0.437377929688,-0.331298828125,5696.0,2240.0,-2973.0,26.0,-29.0,-35.0,
1646730687189350128,-0.818420410156,0.175354003906,-0.436340332031,-0.330322265625,5817.0,2326.0,-2898.0,26.0,-21.0,-23.0,
1646730687193533420,-0.819396972656,0.174438476562,-0.435791015625,-0.329223632812,5905.0,2446.0,-2795.0,25.0,-15.0,-11.0,
1646730687198536634,-0.81982421875,0.173706054688,-0.435974121094,-0.328186035156,5946.0,2535.0,-2699.0,22.0,-3.0,-3.0,
1646730687203558206,-0.81982421875,0.173095703125,-0.436828613281,-0.327453613281,5998.0,2551.0,-2597.0,18.0,10.0,2.0,
1646730687209901094,-0.8193359375,0.172607421875,-0.438232421875,-0.326904296875,6098.0,2547.0,-2456.0,13.0,20.0,5.0,
1646730687214389324,-0.818481445312,0.172302246094,-0.440124511719,-0.326782226562,6253.0,2564.0,-2345.0,6.0,28.0,7.0,
1646730687217563152,-0.817321777344,0.172180175781,-0.442077636719,-0.327087402344,6426.0,2633.0,-2191.0,-3.0,31.0,8.0,
1646730687227440118,-0.815856933594,0.172180175781,-0.444091796875,-0.328002929688,6542.0,2706.0,-2011.0,-12.0,32.0,7.0,
1646730687231653451,-0.814086914062,0.172241210938,-0.446105957031,-0.329711914062,6610.0,2772.0,-1855.0,-24.0,37.0,3.0,
1646730687235494136,-0.811828613281,0.172241210938,-0.448364257812,-0.332214355469,6655.0,2857.0,-1743.0,-36.0,46.0,-1.0,
1646730687241223335,-0.809143066406,0.171997070312,-0.450805664062,-0.33544921875,6747.0,2982.0,-1658.0,-46.0,56.0,-6.0,
1646730687244755029,-0.806091308594,0.171630859375,-0.453552246094,-0.339233398438,6925.0,3168.0,-1673.0,-54.0,65.0,-8.0,
1646730687248117446,-0.802978515625,0.171203613281,-0.456420898438,-0.343139648438,7150.0,3429.0,-1827.0,-55.0,69.0,-9.0,
1646730687255276441,-0.800170898438,0.170593261719,-0.458923339844,-0.346618652344,7385.0,3749.0,-2020.0,-48.0,64.0,-9.0,
1646730687260385751,-0.797973632812,0.169677734375,-0.4609375,-0.349365234375,7583.0,4026.0,-2184.0,-34.0,54.0,-10.0,
1646730687263055562,-0.796569824219,0.168579101562,-0.462463378906,-0.351135253906,7752.0,4207.0,-2294.0,-16.0,40.0,-11.0,
1646730687268954277,-0.795959472656,0.167358398438,-0.463439941406,-0.351867675781,7876.0,4302.0,-2378.0,0.0,25.0,-11.0,
1646730687273753166,-0.796020507812,0.166076660156,-0.463745117188,-0.351867675781,7957.0,4330.0,-2438.0,12.0,9.0,-13.0,
1646730687278462409,-0.796752929688,0.164672851562,-0.46337890625,-0.351379394531,7988.0,4282.0,-2517.0,20.0,-6.0,-17.0,
1646730687281950473,-0.797973632812,0.163330078125,-0.462280273438,-0.350646972656,7922.0,4179.0,-2595.0,24.0,-19.0,-22.0,
1646730687289678096,-0.799560546875,0.162109375,-0.460571289062,-0.349914550781,7786.0,4072.0,-2660.0,23.0,-30.0,-25.0,
1646730687293400287,-0.801208496094,0.160827636719,-0.45849609375,-0.349365234375,7622.0,3953.0,-2688.0,19.0,-34.0,-29.0,
1646730687296489715,-0.802734375,0.159484863281,-0.456359863281,-0.349304199219,7466.0,3808.0,-2744.0,14.0,-32.0,-33.0,
1646730687302763462,-0.804016113281,0.158142089844,-0.454284667969,-0.349609375,7350.0,3649.0,-2738.0,7.0,-28.0,-37.0,
1646730687307453632,-0.805053710938,0.156799316406,-0.452331542969,-0.350402832031,7266.0,3510.0,-2723.0,-1.0,-25.0,-40.0,
1646730687311660289,-0.805969238281,0.15576171875,-0.450134277344,-0.3515625,7143.0,3435.0,-2716.0,-9.0,-28.0,-40.0,
1646730687318993806,-0.807067871094,0.155029296875,-0.447387695312,-0.352905273438,6887.0,3419.0,-2695.0,-14.0,-37.0,-39.0,
1646730687322445631,-0.808288574219,0.154602050781,-0.444213867188,-0.354309082031,6539.0,3421.0,-2712.0,-17.0,-45.0,-37.0,
1646730687327736139,-0.809509277344,0.154235839844,-0.440979003906,-0.355651855469,6195.0,3429.0,-2744.0,-17.0,-44.0,-34.0,
1646730687333640336,-0.810607910156,0.15380859375,-0.438110351562,-0.356872558594,5932.0,3409.0,-2779.0,-15.0,-38.0,-31.0,
1646730687341700792,-0.811584472656,0.153381347656,-0.435729980469,-0.357849121094,5772.0,3383.0,-2841.0,-10.0,-30.0,-27.0,
1646730687342961549,-0.812377929688,0.152954101562,-0.433898925781,-0.358520507812,5706.0,3406.0,-2945.0,-7.0,-24.0,-22.0,
1646730687346876382,-0.813171386719,0.152709960938,-0.43212890625,-0.358947753906,5739.0,3482.0,-3064.0,-5.0,-23.0,-17.0,
1646730687353155374,-0.814086914062,0.152587890625,-0.430236816406,-0.359069824219,5850.0,3588.0,-3168.0,-2.0,-28.0,-14.0,
1646730687359340190,-0.815124511719,0.152587890625,-0.42822265625,-0.359130859375,6000.0,3735.0,-3275.0,0.0,-33.0,-14.0,
1646730687362046003,-0.816467285156,0.152526855469,-0.42578125,-0.359130859375,6086.0,3897.0,-3380.0,1.0,-40.0,-16.0,
1646730687369464397,-0.817993164062,0.152404785156,-0.422790527344,-0.359130859375,5998.0,4026.0,-3430.0,2.0,-48.0,-20.0,
1646730687373057365,-0.819702148438,0.152099609375,-0.419311523438,-0.359497070312,5752.0,4066.0,-3434.0,-1.0,-53.0,-27.0,
1646730687377192974,-0.821166992188,0.151489257812,-0.415893554688,-0.3603515625,5417.0,4040.0,-3422.0,-7.0,-47.0,-33.0,
1646730687385469913,-0.822143554688,0.150512695312,-0.412902832031,-0.361877441406,5038.0,3967.0,-3410.0,-16.0,-32.0,-39.0,
1646730687387657165,-0.822448730469,0.149047851562,-0.410888671875,-0.364196777344,4716.0,3895.0,-3418.0,-26.0,-10.0,-43.0,
1646730687392453908,-0.821838378906,0.147216796875,-0.410095214844,-0.3671875,4585.0,3886.0,-3436.0,-35.0,18.0,-43.0,
1646730687398214340,-0.8203125,0.14501953125,-0.410705566406,-0.370727539062,4688.0,3969.0,-3413.0,-42.0,44.0,-42.0,
1646730687402991056,-0.818115234375,0.142700195312,-0.412353515625,-0.374694824219,4974.0,4139.0,-3350.0,-47.0,61.0,-40.0,
1646730687406970262,-0.815551757812,0.140441894531,-0.414489746094,-0.378723144531,5418.0,4404.0,-3267.0,-48.0,69.0,-35.0,
1646730687413095474,-0.812927246094,0.138549804688,-0.416870117188,-0.382507324219,6026.0,4736.0,-3220.0,-46.0,67.0,-29.0,
1646730687418632030,-0.810546875,0.137023925781,-0.4189453125,-0.385803222656,6722.0,5093.0,-3202.0,-41.0,57.0,-23.0,
1646730687422646284,-0.808776855469,0.136047363281,-0.420349121094,-0.388305664062,7373.0,5420.0,-3198.0,-31.0,37.0,-18.0,
1646730687427593231,-0.808044433594,0.135559082031,-0.420471191406,-0.389831542969,7883.0,5689.0,-3212.0,-19.0,8.0,-15.0,
1646730687433679819,-0.808410644531,0.135559082031,-0.419006347656,-0.390563964844,8192.0,5886.0,-3218.0,-8.0,-25.0,-15.0,
1646730687438292503,-0.809875488281,0.135803222656,-0.416137695312,-0.390625,8296.0,5979.0,-3248.0,2.0,-53.0,-18.0,
1646730687442916870,-0.812072753906,0.136291503906,-0.412109375,-0.39013671875,8294.0,5978.0,-3268.0,10.0,-74.0,-20.0,
1646730687447694301,-0.814758300781,0.136962890625,-0.407470703125,-0.389221191406,8250.0,5896.0,-3270.0,15.0,-89.0,-20.0,
1646730687452376365,-0.817626953125,0.138000488281,-0.402526855469,-0.388000488281,8203.0,5760.0,-3331.0,18.0,-96.0,-16.0,
1646730687457415580,-0.820556640625,0.139404296875,-0.397521972656,-0.386413574219,8093.0,5617.0,-3418.0,18.0,-101.0,-11.0,
1646730687463757038,-0.823547363281,0.141052246094,-0.392333984375,-0.384704589844,7849.0,5470.0,-3504.0,19.0,-103.0,-8.0,
1646730687468620300,-0.826538085938,0.142700195312,-0.387145996094,-0.382934570312,7409.0,5328.0,-3584.0,18.0,-103.0,-6.0,
1646730687473457574,-0.829284667969,0.144226074219,-0.382141113281,-0.381469726562,6808.0,5205.0,-3645.0,15.0,-95.0,-6.0,
1646730687478152036,-0.83154296875,0.145385742188,-0.377807617188,-0.38037109375,6236.0,5106.0,-3711.0,10.0,-77.0,-4.0,
1646730687483239650,-0.8330078125,0.146362304688,-0.374938964844,-0.379699707031,5853.0,5020.0,-3789.0,5.0,-50.0,2.0,
1646730687488184690,-0.833679199219,0.147094726562,-0.37353515625,-0.379333496094,5687.0,4960.0,-3846.0,0.0,-24.0,7.0,
1646730687492595434,-0.833740234375,0.147888183594,-0.373168945312,-0.379272460938,5674.0,4931.0,-3869.0,-6.0,-7.0,11.0,
1646730687499267339,-0.833374023438,0.148681640625,-0.373413085938,-0.379516601562,5729.0,4955.0,-3888.0,-11.0,3.0,13.0,
1646730687504440069,-0.832702636719,0.149475097656,-0.3740234375,-0.380065917969,5852.0,5054.0,-3911.0,-15.0,9.0,15.0,
1646730687509120225,-0.831848144531,0.150329589844,-0.374816894531,-0.380798339844,6042.0,5234.0,-3902.0,-18.0,13.0,17.0,
1646730687512713670,-0.830871582031,0.151306152344,-0.375793457031,-0.381652832031,6256.0,5463.0,-3907.0,-20.0,14.0,19.0,
1646730687517687320,-0.829956054688,0.152282714844,-0.376586914062,-0.382446289062,6427.0,5683.0,-3936.0,-17.0,10.0,20.0,
1646730687521954536,-0.829406738281,0.153259277344,-0.376953125,-0.382873535156,6512.0,5820.0,-3949.0,-12.0,3.0,19.0,
1646730687528722286,-0.829284667969,0.154113769531,-0.376892089844,-0.382934570312,6527.0,5853.0,-3949.0,-5.0,-5.0,15.0,
1646730687536386966,-0.829345703125,0.15478515625,-0.376647949219,-0.382629394531,6505.0,5784.0,-3934.0,1.0,-9.0,13.0,
1646730687544394016,-0.829956054688,0.156066894531,-0.376159667969,-0.38134765625,6475.0,5578.0,-3907.0,7.0,-10.0,13.0,
1646730687549010992,-0.830200195312,0.15673828125,-0.376037597656,-0.380554199219,6515.0,5516.0,-3869.0,8.0,-9.0,14.0,
1646730687553606033,-0.830444335938,0.157409667969,-0.375915527344,-0.379943847656,6579.0,5465.0,-3858.0,7.0,-10.0,12.0,
1646730687558618068,-0.830810546875,0.157958984375,-0.375427246094,-0.379455566406,6623.0,5382.0,-3897.0,5.0,-14.0,8.0,
1646730687562937021,-0.831298828125,0.158508300781,-0.374572753906,-0.379028320312,6595.0,5256.0,-3994.0,3.0,-20.0,4.0,
1646730687568122386,-0.831909179688,0.159118652344,-0.373352050781,-0.378601074219,6482.0,5080.0,-4091.0,1.0,-23.0,1.0,
1646730687572110891,-0.83251953125,0.159729003906,-0.371948242188,-0.378295898438,6270.0,4889.0,-4176.0,-2.0,-25.0,-1.0,
1646730687576647281,-0.833190917969,0.160278320312,-0.370422363281,-0.378173828125,6005.0,4713.0,-4258.0,-5.0,-24.0,-2.0,
1646730687583570718,-0.833740234375,0.160705566406,-0.368957519531,-0.378173828125,5763.0,4585.0,-4302.0,-6.0,-21.0,-4.0,
1646730687588402271,-0.834106445312,0.160949707031,-0.367858886719,-0.378295898438,5612.0,4536.0,-4316.0,-7.0,-13.0,-3.0,
1646730687593188285,-0.834228515625,0.161071777344,-0.367248535156,-0.378540039062,5530.0,4569.0,-4323.0,-7.0,-6.0,-2.0,
1646730687598129034,-0.834289550781,0.161071777344,-0.366943359375,-0.378723144531,5485.0,4620.0,-4266.0,-4.0,-1.0,-1.0,
1646730687602497816,-0.834350585938,0.160888671875,-0.366760253906,-0.378845214844,5485.0,4648.0,-4243.0,-1.0,0.0,-1.0,
1646730687607367515,-0.834594726562,0.160705566406,-0.366516113281,-0.378723144531,5544.0,4655.0,-4208.0,3.0,-2.0,-2.0,
1646730687612005949,-0.8349609375,0.160583496094,-0.366027832031,-0.378356933594,5623.0,4678.0,-4166.0,7.0,-8.0,-2.0,
1646730687618591070,-0.835510253906,0.16064453125,-0.365417480469,-0.377746582031,5712.0,4749.0,-4084.0,9.0,-13.0,0.0,
1646730687623128414,-0.836059570312,0.160766601562,-0.364807128906,-0.377136230469,5795.0,4864.0,-4011.0,11.0,-15.0,2.0,
1646730687627718210,-0.836669921875,0.160949707031,-0.364074707031,-0.376342773438,5841.0,4961.0,-3938.0,13.0,-18.0,4.0,
1646730687632708311,-0.837341308594,0.161071777344,-0.363342285156,-0.37548828125,5863.0,5012.0,-3843.0,16.0,-19.0,4.0,
1646730687639164209,-0.838073730469,0.1611328125,-0.362609863281,-0.37451171875,5887.0,5020.0,-3747.0,17.0,-18.0,2.0,
1646730687644165992,-0.838745117188,0.161010742188,-0.362060546875,-0.373596191406,5916.0,5008.0,-3625.0,18.0,-16.0,1.0,
1646730687648896932,-0.839416503906,0.160827636719,-0.361511230469,-0.372680664062,5896.0,4984.0,-3511.0,19.0,-15.0,0.0,
1646730687653612136,-0.840087890625,0.160583496094,-0.360961914062,-0.371826171875,5814.0,4947.0,-3456.0,18.0,-15.0,-2.0,
1646730687658140182,-0.8408203125,0.160339355469,-0.360290527344,-0.371032714844,5733.0,4877.0,-3438.0,17.0,-15.0,-3.0,
1646730687662772893,-0.841491699219,0.160034179688,-0.359558105469,-0.370239257812,5665.0,4755.0,-3485.0,15.0,-15.0,-4.0,
1646730687667723894,-0.842102050781,0.159790039062,-0.35888671875,-0.36962890625,5627.0,4575.0,-3596.0,12.0,-13.0,-5.0,
1646730687672213554,-0.842651367188,0.15966796875,-0.358215332031,-0.369079589844,5580.0,4375.0,-3727.0,7.0,-12.0,-5.0,
1646730687676761388,-0.843017578125,0.159790039062,-0.357604980469,-0.368774414062,5489.0,4232.0,-3841.0,1.0,-10.0,-3.0,
1646730687681346654,-0.843200683594,0.159912109375,-0.357055664062,-0.368835449219,5373.0,4164.0,-3952.0,-5.0,-7.0,-3.0,
1646730687688428878,-0.843200683594,0.160095214844,-0.356506347656,-0.369262695312,5247.0,4168.0,-4042.0,-11.0,-3.0,-3.0,
1646730687693207979,-0.843017578125,0.160034179688,-0.356079101562,-0.370056152344,5165.0,4218.0,-4127.0,-14.0,1.0,-5.0,
1646730687697725534,-0.8427734375,0.159851074219,-0.355834960938,-0.370971679688,5158.0,4254.0,-4183.0,-15.0,5.0,-6.0,
1646730687702156066,-0.842529296875,0.15966796875,-0.355651855469,-0.371826171875,5172.0,4290.0,-4226.0,-14.0,5.0,-6.0,
1646730687706953763,-0.842346191406,0.159484863281,-0.35546875,-0.37255859375,5156.0,4315.0,-4244.0,-12.0,4.0,-6.0,
1646730687711688041,-0.842224121094,0.1591796875,-0.355102539062,-0.373229980469,5090.0,4287.0,-4244.0,-10.0,1.0,-8.0,
1646730687716463088,-0.84228515625,0.15869140625,-0.354675292969,-0.373718261719,5011.0,4227.0,-4217.0,-7.0,1.0,-11.0,
1646730687723041296,-0.84228515625,0.158142089844,-0.354431152344,-0.374206542969,5013.0,4202.0,-4181.0,-5.0,4.0,-11.0,
1646730687727717161,-0.842224121094,0.157470703125,-0.3544921875,-0.374572753906,5197.0,4239.0,-4132.0,-3.0,7.0,-10.0,
1646730687733157396,-0.842163085938,0.156921386719,-0.354736328125,-0.374755859375,5515.0,4320.0,-4136.0,0.0,6.0,-8.0,
1646730687738022804,-0.84228515625,0.156555175781,-0.354675292969,-0.374572753906,5780.0,4380.0,-4119.0,6.0,-2.0,-6.0,
1646730687744311332,-0.842895507812,0.156372070312,-0.354125976562,-0.373901367188,5872.0,4361.0,-4104.0,12.0,-14.0,-6.0,
1646730687760934352,-0.84375,0.15625,-0.35302734375,-0.372985839844,5768.0,4276.0,-4141.0,15.0,-23.0,-7.0,
1646730687761581420,-0.844848632812,0.156127929688,-0.351623535156,-0.371887207031,5585.0,4154.0,-4118.0,17.0,-25.0,-7.0,
1646730687762182235,-0.845642089844,0.155883789062,-0.350708007812,-0.371032714844,5468.0,4072.0,-4128.0,14.0,-16.0,-6.0,
1646730687774059534,-0.846008300781,0.155578613281,-0.350524902344,-0.370483398438,5525.0,4071.0,-4160.0,9.0,-2.0,-4.0,
1646730687774664878,-0.846008300781,0.155212402344,-0.350952148438,-0.370239257812,5652.0,4144.0,-4208.0,5.0,8.0,-2.0,
1646730687775024890,-0.846008300781,0.15478515625,-0.351379394531,-0.3701171875,5722.0,4218.0,-4262.0,4.0,8.0,-3.0,
1646730687777793645,-0.846130371094,0.154418945312,-0.351501464844,-0.369873046875,5678.0,4267.0,-4298.0,6.0,3.0,-4.0,
1646730687782532930,-0.846374511719,0.153930664062,-0.351318359375,-0.369506835938,5560.0,4294.0,-4306.0,7.0,0.0,-5.0,
1646730687787301063,-0.846740722656,0.153442382812,-0.351135253906,-0.369201660156,5456.0,4305.0,-4318.0,8.0,0.0,-5.0,
1646730687791960477,-0.847045898438,0.152954101562,-0.350952148438,-0.368896484375,5422.0,4294.0,-4328.0,8.0,0.0,-5.0,
1646730687796837329,-0.847351074219,0.152526855469,-0.350769042969,-0.368469238281,5452.0,4265.0,-4295.0,8.0,-1.0,-5.0,
1646730687803761005,-0.847717285156,0.152221679688,-0.350463867188,-0.368041992188,5497.0,4219.0,-4250.0,8.0,-5.0,-5.0,
1646730687808285951,-0.84814453125,0.152038574219,-0.349975585938,-0.367553710938,5533.0,4171.0,-4176.0,8.0,-10.0,-5.0,
1646730687813095569,-0.848571777344,0.151916503906,-0.349426269531,-0.367126464844,5566.0,4143.0,-4107.0,8.0,-11.0,-5.0,
1646730687818276643,-0.848937988281,0.15185546875,-0.349060058594,-0.36669921875,5558.0,4134.0,-4068.0,7.0,-9.0,-3.0,
1646730687822697162,-0.849243164062,0.15185546875,-0.348815917969,-0.366271972656,5472.0,4132.0,-4055.0,6.0,-6.0,0.0,
1646730687827085971,-0.849365234375,0.151794433594,-0.348815917969,-0.365966796875,5382.0,4141.0,-4091.0,5.0,0.0,2.0,
1646730687831833124,-0.849243164062,0.151672363281,-0.349304199219,-0.365844726562,5373.0,4169.0,-4151.0,2.0,10.0,3.0,
1646730687836527109,-0.848937988281,0.1513671875,-0.350158691406,-0.365844726562,5400.0,4209.0,-4205.0,0.0,17.0,3.0,
1646730687848244428,-0.847961425781,0.150512695312,-0.352294921875,-0.366516113281,5414.0,4279.0,-4292.0,-5.0,23.0,-1.0,
1646730687852890253,-0.847351074219,0.149963378906,-0.353332519531,-0.367065429688,5401.0,4297.0,-4329.0,-7.0,25.0,-3.0,
1646730687857433795,-0.846740722656,0.149353027344,-0.354370117188,-0.367797851562,5445.0,4327.0,-4320.0,-9.0,25.0,-4.0,
1646730687862247228,-0.846069335938,0.148803710938,-0.355346679688,-0.368530273438,5591.0,4392.0,-4296.0,-10.0,24.0,-4.0,
1646730687867707967,-0.845458984375,0.1484375,-0.356262207031,-0.369262695312,5790.0,4439.0,-4231.0,-10.0,19.0,-3.0,
1646730687871540546,-0.845031738281,0.148315429688,-0.356811523438,-0.369812011719,5944.0,4433.0,-4146.0,-7.0,10.0,-2.0,
1646730687877994298,-0.844848632812,0.148376464844,-0.356811523438,-0.370056152344,6000.0,4363.0,-4055.0,-5.0,-2.0,-2.0,
1646730687882753849,-0.844970703125,0.148620605469,-0.356384277344,-0.370239257812,6034.0,4252.0,-3969.0,-4.0,-10.0,-2.0,
1646730687887583732,-0.845092773438,0.149047851562,-0.355834960938,-0.370300292969,6088.0,4150.0,-3908.0,-5.0,-13.0,-2.0,
1646730687892609596,-0.84521484375,0.149597167969,-0.355163574219,-0.370483398438,6128.0,4088.0,-3883.0,-7.0,-15.0,-1.0,
1646730687897966861,-0.845336914062,0.150268554688,-0.354309082031,-0.370666503906,6138.0,4057.0,-3872.0,-9.0,-18.0,-1.0,
1646730687901566982,-0.845520019531,0.150939941406,-0.353393554688,-0.370849609375,6166.0,4061.0,-3873.0,-10.0,-19.0,0.0,
1646730687906660079,-0.845642089844,0.151733398438,-0.352478027344,-0.37109375,6223.0,4103.0,-3878.0,-9.0,-19.0,2.0,
1646730687915129661,-0.845825195312,0.152587890625,-0.3515625,-0.371154785156,6246.0,4145.0,-3910.0,-8.0,-20.0,3.0,
1646730687920269489,-0.84619140625,0.153503417969,-0.350463867188,-0.371032714844,6175.0,4179.0,-3955.0,-5.0,-24.0,4.0,
1646730687922999858,-0.8466796875,0.154357910156,-0.349182128906,-0.370788574219,6033.0,4184.0,-3989.0,-2.0,-26.0,5.0,
1646730687927692651,-0.84716796875,0.155151367188,-0.347961425781,-0.370422363281,5886.0,4158.0,-4008.0,0.0,-25.0,4.0,
1646730687932638645,-0.847717285156,0.15576171875,-0.346923828125,-0.369995117188,5756.0,4133.0,-4025.0,1.0,-21.0,3.0,
1646730687938210725,-0.848205566406,0.15625,-0.345886230469,-0.36962890625,5644.0,4111.0,-4062.0,2.0,-19.0,2.0,
1646730687942623376,-0.8486328125,0.156677246094,-0.344970703125,-0.369262695312,5533.0,4071.0,-4108.0,1.0,-17.0,1.0,
1646730687949593544,-0.848999023438,0.157104492188,-0.344177246094,-0.368957519531,5393.0,3997.0,-4176.0,1.0,-15.0,2.0,
1646730687955476760,-0.849365234375,0.157470703125,-0.343505859375,-0.36865234375,5282.0,3920.0,-4232.0,-1.0,-11.0,2.0,
1646730687959229946,-0.849487304688,0.157775878906,-0.343139648438,-0.368530273438,5267.0,3877.0,-4294.0,-3.0,-5.0,2.0,
1646730687963965177,-0.849426269531,0.158020019531,-0.343139648438,-0.368530273438,5349.0,3880.0,-4355.0,-5.0,1.0,2.0,
1646730687968750953,-0.849304199219,0.158203125,-0.34326171875,-0.368713378906,5451.0,3882.0,-4424.0,-6.0,3.0,1.0,
1646730687973059177,-0.849182128906,0.158386230469,-0.34326171875,-0.368835449219,5537.0,3875.0,-4493.0,-6.0,1.0,0.0,
1646730687978083848,-0.849182128906,0.158569335938,-0.34326171875,-0.368835449219,5650.0,3891.0,-4547.0,-5.0,0.0,0.0,
1646730687982481718,-0.849182128906,0.158752441406,-0.343139648438,-0.368835449219,5790.0,3947.0,-4566.0,-4.0,-2.0,0.0,
1646730687987396955,-0.849243164062,0.159118652344,-0.342895507812,-0.368713378906,5893.0,4010.0,-4531.0,-2.0,-7.0,1.0,
1646730687991829395,-0.849609375,0.159545898438,-0.342346191406,-0.368347167969,5883.0,4052.0,-4442.0,2.0,-15.0,2.0,
1646730687996465921,-0.850158691406,0.159973144531,-0.34130859375,-0.367736816406,5784.0,4057.0,-4331.0,6.0,-22.0,2.0,
1646730688001229524,-0.850891113281,0.160339355469,-0.340087890625,-0.366943359375,5649.0,4040.0,-4206.0,10.0,-26.0,0.0,
1646730688009720563,-0.851745605469,0.160583496094,-0.338928222656,-0.366027832031,5522.0,4043.0,-4104.0,13.0,-25.0,0.0,
1646730688012892007,-0.8525390625,0.160766601562,-0.337829589844,-0.365112304688,5444.0,4074.0,-4045.0,14.0,-23.0,-1.0,
1646730688017919540,-0.853332519531,0.160827636719,-0.3369140625,-0.364135742188,5406.0,4123.0,-4026.0,16.0,-21.0,-1.0,
1646730688022277832,-0.854125976562,0.160766601562,-0.3359375,-0.363098144531,5378.0,4153.0,-4010.0,18.0,-20.0,-1.0,
1646730688026750564,-0.85498046875,0.160705566406,-0.335021972656,-0.361999511719,5326.0,4143.0,-3867.0,19.0,-20.0,-2.0,
1646730688031342744,-0.855590820312,0.160583496094,-0.334350585938,-0.361267089844,5342.0,4056.0,-3972.0,14.0,-16.0,-3.0,
1646730688039393424,-0.855895996094,0.160766601562,-0.334106445312,-0.360717773438,5425.0,4021.0,-4122.0,6.0,-7.0,1.0,
1646730688044702291,-0.856201171875,0.160949707031,-0.333862304688,-0.360107421875,5461.0,4094.0,-4219.0,6.0,-7.0,2.0,
1646730688049768209,-0.856567382812,0.160766601562,-0.333374023438,-0.359680175781,5469.0,4145.0,-4377.0,7.0,-8.0,-3.0,
1646730688058011531,-0.857849121094,0.160339355469,-0.331665039062,-0.358459472656,5341.0,4019.0,-4378.0,11.0,-17.0,-7.0,
1646730688062450647,-0.858459472656,0.160400390625,-0.330627441406,-0.357971191406,5270.0,3939.0,-4520.0,6.0,-17.0,-5.0,
1646730688067420721,-0.859069824219,0.16064453125,-0.329528808594,-0.357360839844,5204.0,3914.0,-4607.0,4.0,-18.0,-2.0,
1646730688071553945,-0.859619140625,0.160888671875,-0.328430175781,-0.35693359375,5102.0,3967.0,-4706.0,2.0,-18.0,-3.0,
1646730688076332807,-0.860107421875,0.160949707031,-0.327331542969,-0.356689453125,4997.0,4054.0,-4739.0,1.0,-16.0,-4.0,
1646730688082764625,-0.860473632812,0.160949707031,-0.326477050781,-0.356628417969,4956.0,4101.0,-4681.0,0.0,-11.0,-3.0,
1646730688087758064,-0.860778808594,0.160827636719,-0.325866699219,-0.356506347656,5003.0,4084.0,-4593.0,2.0,-8.0,-3.0,
1646730688092366218,-0.860961914062,0.160888671875,-0.325439453125,-0.356384277344,4979.0,4040.0,-4537.0,1.0,-9.0,-2.0,
1646730688097430944,-0.861145019531,0.160949707031,-0.324951171875,-0.356323242188,4865.0,4021.0,-4504.0,-1.0,-8.0,-2.0,
1646730688101780414,-0.861328125,0.160949707031,-0.324523925781,-0.356384277344,4746.0,4053.0,-4467.0,-2.0,-4.0,-2.0,
1646730688106564283,-0.861267089844,0.160766601562,-0.324462890625,-0.356628417969,4678.0,4125.0,-4491.0,-3.0,3.0,-2.0,
1646730688111131429,-0.861022949219,0.160339355469,-0.324829101562,-0.357055664062,4755.0,4199.0,-4492.0,-4.0,13.0,-3.0,
1646730688118103981,-0.860534667969,0.159851074219,-0.325744628906,-0.357604980469,5016.0,4218.0,-4491.0,-5.0,20.0,-2.0,
1646730688122817516,-0.859924316406,0.159606933594,-0.326904296875,-0.358093261719,5315.0,4235.0,-4554.0,-6.0,21.0,0.0,
1646730688127315044,-0.859497070312,0.159545898438,-0.327819824219,-0.358337402344,5489.0,4258.0,-4593.0,-5.0,13.0,1.0,
1646730688132016420,-0.859313964844,0.159729003906,-0.328063964844,-0.358459472656,5488.0,4276.0,-4593.0,-4.0,3.0,2.0,
1646730688136974096,-0.859375,0.159973144531,-0.327880859375,-0.358459472656,5395.0,4264.0,-4590.0,-2.0,-3.0,2.0,
1646730688141762018,-0.859436035156,0.160217285156,-0.32763671875,-0.358459472656,5319.0,4226.0,-4580.0,-3.0,-4.0,3.0,
1646730688146993875,-0.859375,0.160522460938,-0.327514648438,-0.358520507812,5282.0,4178.0,-4593.0,-4.0,-2.0,3.0,
1646730688152960777,-0.859252929688,0.160827636719,-0.327514648438,-0.358642578125,5254.0,4146.0,-4603.0,-6.0,1.0,4.0,
1646730688157953500,-0.859069824219,0.1611328125,-0.32763671875,-0.358825683594,5213.0,4117.0,-4625.0,-7.0,3.0,4.0,
1646730688162604093,-0.858825683594,0.161437988281,-0.327819824219,-0.359069824219,5177.0,4102.0,-4635.0,-8.0,4.0,4.0,
1646730688168621540,-0.858642578125,0.161682128906,-0.327941894531,-0.359375,5147.0,4091.0,-4635.0,-8.0,5.0,4.0,
1646730688172180652,-0.858337402344,0.161926269531,-0.328247070312,-0.359741210938,5134.0,4097.0,-4632.0,-9.0,7.0,4.0,
1646730688177172660,-0.857971191406,0.162109375,-0.328674316406,-0.360168457031,5145.0,4129.0,-4606.0,-9.0,9.0,4.0,
1646730688182561397,-0.857543945312,0.162292480469,-0.329223632812,-0.360534667969,5185.0,4171.0,-4569.0,-8.0,11.0,6.0,
1646730688187927484,-0.857116699219,0.162658691406,-0.329833984375,-0.360778808594,5215.0,4230.0,-4527.0,-7.0,9.0,8.0,
1646730688193576335,-0.856872558594,0.1630859375,-0.330139160156,-0.360900878906,5193.0,4272.0,-4481.0,-4.0,4.0,9.0,
1646730688198131799,-0.856811523438,0.16357421875,-0.330322265625,-0.360717773438,5130.0,4281.0,-4373.0,-1.0,0.0,11.0,
1646730688203087329,-0.856689453125,0.164184570312,-0.33056640625,-0.360534667969,5086.0,4271.0,-4300.0,0.0,0.0,13.0,
1646730688208100795,-0.856506347656,0.164916992188,-0.330932617188,-0.360290527344,5100.0,4290.0,-4244.0,0.0,1.0,15.0,
1646730688212639331,-0.856262207031,0.165771484375,-0.331420898438,-0.359924316406,5171.0,4363.0,-4208.0,1.0,2.0,19.0,
1646730688217513322,-0.856140136719,0.166809082031,-0.331848144531,-0.359436035156,5233.0,4418.0,-4178.0,3.0,-1.0,21.0,
1646730688221748590,-0.856140136719,0.167846679688,-0.331970214844,-0.358703613281,5236.0,4391.0,-4150.0,6.0,-8.0,21.0,
1646730688229059219,-0.856323242188,0.169067382812,-0.331970214844,-0.357727050781,5178.0,4290.0,-4100.0,8.0,-11.0,22.0,
1646730688233559608,-0.8564453125,0.170349121094,-0.332092285156,-0.356750488281,5146.0,4179.0,-4128.0,7.0,-9.0,23.0,
1646730688238081455,-0.856384277344,0.171691894531,-0.332458496094,-0.355895996094,5129.0,4096.0,-4186.0,4.0,-4.0,26.0,
1646730688243028402,-0.856262207031,0.173095703125,-0.3330078125,-0.355102539062,5066.0,4039.0,-4202.0,3.0,-1.0,27.0,
1646730688249962329,-0.856140136719,0.174377441406,-0.333374023438,-0.354370117188,4956.0,3980.0,-4290.0,2.0,-2.0,26.0,
1646730688254468202,-0.856079101562,0.17578125,-0.333557128906,-0.353576660156,4838.0,3941.0,-4356.0,2.0,-4.0,25.0,
1646730688259768486,-0.856079101562,0.177185058594,-0.333679199219,-0.352722167969,4776.0,3964.0,-4376.0,3.0,-5.0,27.0,
1646730688264667749,-0.856018066406,0.178649902344,-0.334045410156,-0.351867675781,4795.0,4032.0,-4387.0,4.0,-3.0,30.0,
1646730688269368886,-0.855895996094,0.180297851562,-0.334594726562,-0.350830078125,4866.0,4072.0,-4411.0,6.0,-3.0,34.0,
1646730688273775577,-0.855834960938,0.182189941406,-0.335021972656,-0.349487304688,4919.0,4054.0,-4411.0,10.0,-7.0,38.0,
1646730688278757810,-0.85595703125,0.184204101562,-0.335327148438,-0.347839355469,4934.0,3994.0,-4399.0,13.0,-12.0,40.0,
1646730688282482385,-0.856201171875,0.186340332031,-0.335571289062,-0.345947265625,4942.0,3933.0,-4394.0,15.0,-15.0,41.0,
1646730688287118673,-0.856384277344,0.188598632812,-0.335815429688,-0.344055175781,4955.0,3896.0,-4395.0,16.0,-15.0,43.0,
1646730688292990207,-0.856506347656,0.190856933594,-0.336181640625,-0.342041015625,4962.0,3866.0,-4398.0,16.0,-14.0,45.0,
1646730688296931743,-0.856628417969,0.193237304688,-0.336547851562,-0.340026855469,4986.0,3829.0,-4391.0,17.0,-14.0,47.0,
1646730688301525831,-0.856750488281,0.195617675781,-0.336975097656,-0.338012695312,5050.0,3771.0,-4355.0,17.0,-14.0,47.0,
1646730688306798934,-0.856811523438,0.197998046875,-0.33740234375,-0.336059570312,5152.0,3700.0,-4345.0,15.0,-14.0,46.0,
1646730688314865112,-0.856811523438,0.200439453125,-0.337707519531,-0.334228515625,5246.0,3636.0,-4356.0,13.0,-16.0,45.0,
1646730688318720817,-0.85693359375,0.202880859375,-0.337829589844,-0.332458496094,5309.0,3609.0,-4390.0,12.0,-18.0,43.0,
1646730688323572158,-0.856994628906,0.205200195312,-0.337829589844,-0.330688476562,5324.0,3600.0,-4423.0,11.0,-19.0,42.0,
1646730688329295396,-0.857116699219,0.207336425781,-0.337890625,-0.328979492188,5322.0,3590.0,-4439.0,12.0,-17.0,40.0,
1646730688335026741,-0.857238769531,0.209289550781,-0.338012695312,-0.327331542969,5329.0,3546.0,-4485.0,13.0,-14.0,38.0,
1646730688341973543,-0.857360839844,0.211120605469,-0.338195800781,-0.325622558594,5330.0,3454.0,-4550.0,14.0,-12.0,35.0,
1646730688348206520,-0.857543945312,0.212768554688,-0.33837890625,-0.323913574219,5326.0,3334.0,-4594.0,15.0,-12.0,32.0,
1646730688365060091,-0.857727050781,0.214111328125,-0.338623046875,-0.322326660156,5351.0,3204.0,-4646.0,14.0,-9.0,27.0,
1646730688371002435,-0.857788085938,0.21533203125,-0.339050292969,-0.320861816406,5447.0,3136.0,-4701.0,12.0,-5.0,25.0,
1646730688375935792,-0.857604980469,0.2177734375,-0.34033203125,-0.318359375,5747.0,3170.0,-4791.0,11.0,-2.0,27.0,
1646730688379348993,-0.857604980469,0.219177246094,-0.340759277344,-0.316955566406,5811.0,3206.0,-4802.0,13.0,-7.0,29.0,
1646730688382216691,-0.857788085938,0.220581054688,-0.340881347656,-0.315307617188,5847.0,3199.0,-4757.0,16.0,-13.0,29.0,
1646730688388185262,-0.857971191406,0.222106933594,-0.340942382812,-0.313659667969,5915.0,3144.0,-4739.0,16.0,-16.0,29.0,
1646730688392099142,-0.858215332031,0.223815917969,-0.3408203125,-0.311950683594,6067.0,3115.0,-4785.0,14.0,-19.0,30.0,
1646730688397897243,-0.8583984375,0.225830078125,-0.340698242188,-0.31005859375,6237.0,3159.0,-4838.0,14.0,-22.0,35.0,
1646730688401226520,-0.858703613281,0.228210449219,-0.340270996094,-0.307922363281,6336.0,3230.0,-4891.0,16.0,-29.0,41.0,
1646730688415666580,-0.859313964844,0.230895996094,-0.339233398438,-0.305358886719,6342.0,3259.0,-4935.0,21.0,-43.0,44.0,
1646730688430485248,-0.8603515625,0.233642578125,-0.337524414062,-0.30224609375,6234.0,3175.0,-4978.0,26.0,-55.0,44.0,
1646730688433318614,-0.861572265625,0.236328125,-0.33544921875,-0.298950195312,6046.0,2990.0,-5044.0,28.0,-61.0,41.0,
1646730688439460754,-0.862854003906,0.239013671875,-0.333251953125,-0.295654296875,5849.0,2798.0,-5077.0,26.0,-61.0,38.0,
1646730688446079254,-0.863952636719,0.241577148438,-0.331176757812,-0.292663574219,5663.0,2619.0,-5094.0,22.0,-57.0,36.0,
1646730688449707746,-0.864868164062,0.244079589844,-0.329162597656,-0.290100097656,5486.0,2475.0,-5158.0,15.0,-52.0,33.0,
1646730688452496051,-0.865600585938,0.246398925781,-0.327331542969,-0.287963867188,5300.0,2362.0,-5276.0,10.0,-46.0,31.0,
1646730688462689638,-0.866271972656,0.24853515625,-0.325622558594,-0.286010742188,5128.0,2290.0,-5372.0,8.0,-40.0,29.0,
1646730688470591545,-0.866760253906,0.250549316406,-0.324401855469,-0.284301757812,5009.0,2263.0,-5450.0,7.0,-31.0,29.0,
1646730688475712060,-0.866943359375,0.252319335938,-0.32373046875,-0.282897949219,4973.0,2266.0,-5526.0,6.0,-20.0,29.0,
1646730688485386848,-0.866943359375,0.253967285156,-0.323547363281,-0.281555175781,5035.0,2301.0,-5586.0,7.0,-12.0,29.0,
1646730688488704681,-0.866882324219,0.255493164062,-0.323608398438,-0.2802734375,5179.0,2337.0,-5627.0,9.0,-8.0,28.0,
1646730688492046594,-0.866882324219,0.256958007812,-0.32373046875,-0.278930664062,5384.0,2364.0,-5644.0,10.0,-10.0,28.0,
1646730688495312690,-0.866943359375,0.258483886719,-0.323608398438,-0.277404785156,5572.0,2363.0,-5653.0,12.0,-16.0,28.0,
1646730688498605728,-0.8671875,0.260192871094,-0.322998046875,-0.275634765625,5680.0,2332.0,-5637.0,13.0,-26.0,28.0,
1646730688503577947,-0.867614746094,0.262084960938,-0.322082519531,-0.273681640625,5687.0,2286.0,-5612.0,14.0,-33.0,28.0,
1646730688505772352,-0.868103027344,0.263916015625,-0.320922851562,-0.271728515625,5615.0,2238.0,-5565.0,14.0,-35.0,28.0,
1646730688508035421,-0.868530273438,0.265563964844,-0.319885253906,-0.269836425781,5545.0,2188.0,-5495.0,13.0,-32.0,26.0,
1646730688510429382,-0.868896484375,0.267150878906,-0.319091796875,-0.268127441406,5512.0,2142.0,-5426.0,13.0,-27.0,25.0,
1646730688515896558,-0.869140625,0.2685546875,-0.318542480469,-0.2666015625,5517.0,2095.0,-5353.0,12.0,-23.0,23.0,
1646730688519625902,-0.869384765625,0.269897460938,-0.318054199219,-0.265197753906,5532.0,2032.0,-5312.0,11.0,-21.0,21.0,
1646730688523004770,-0.86962890625,0.271057128906,-0.317443847656,-0.263793945312,5524.0,1953.0,-5307.0,10.0,-22.0,18.0,
1646730688526644229,-0.869934082031,0.272155761719,-0.316772460938,-0.262512207031,5458.0,1870.0,-5320.0,8.0,-22.0,16.0,
1646730688529342174,-0.870178222656,0.273193359375,-0.316101074219,-0.261352539062,5381.0,1826.0,-5362.0,6.0,-19.0,14.0,
1646730688533011674,-0.870300292969,0.274108886719,-0.315612792969,-0.260437011719,5357.0,1851.0,-5442.0,4.0,-14.0,14.0,
1646730688534669160,-0.870361328125,0.274963378906,-0.3154296875,-0.259704589844,5402.0,1946.0,-5554.0,4.0,-8.0,14.0,
1646730688538227558,-0.870422363281,0.275817871094,-0.315246582031,-0.258850097656,5453.0,2051.0,-5653.0,7.0,-9.0,15.0,
1646730688540668249,-0.870666503906,0.276672363281,-0.314819335938,-0.257629394531,5475.0,2096.0,-5725.0,11.0,-15.0,16.0,
1646730688543044567,-0.871032714844,0.277526855469,-0.314208984375,-0.256103515625,5436.0,2065.0,-5780.0,15.0,-20.0,16.0,
1646730688544893026,-0.871459960938,0.278442382812,-0.313537597656,-0.254455566406,5386.0,1992.0,-5809.0,16.0,-22.0,15.0,
1646730688547657489,-0.871948242188,0.279357910156,-0.312805175781,-0.252807617188,5378.0,1911.0,-5798.0,15.0,-22.0,15.0,
1646730688553047657,-0.872314453125,0.280212402344,-0.312133789062,-0.251342773438,5436.0,1864.0,-5785.0,13.0,-21.0,14.0,
1646730688560483694,-0.872619628906,0.281127929688,-0.3115234375,-0.25,5527.0,1855.0,-5769.0,11.0,-21.0,14.0,
1646730688565978050,-0.872924804688,0.282043457031,-0.310852050781,-0.248718261719,5643.0,1880.0,-5745.0,10.0,-23.0,14.0,
1646730688571159601,-0.873291015625,0.283020019531,-0.309997558594,-0.247436523438,5772.0,1904.0,-5712.0,10.0,-26.0,14.0,
1646730688573673009,-0.873779296875,0.284057617188,-0.308837890625,-0.246032714844,5849.0,1902.0,-5675.0,11.0,-32.0,13.0,
1646730688578229188,-0.874450683594,0.285095214844,-0.307250976562,-0.244445800781,5830.0,1869.0,-5633.0,11.0,-41.0,12.0,
1646730688583615779,-0.875183105469,0.286254882812,-0.305358886719,-0.242858886719,5712.0,1855.0,-5657.0,10.0,-45.0,12.0,
1646730688588181495,-0.875854492188,0.287475585938,-0.303405761719,-0.241455078125,5542.0,1899.0,-5728.0,6.0,-42.0,13.0,
1646730688592412471,-0.876342773438,0.288635253906,-0.301635742188,-0.240295410156,5394.0,1955.0,-5780.0,4.0,-35.0,13.0,
1646730688597462892,-0.876770019531,0.28955078125,-0.300231933594,-0.239379882812,5314.0,1956.0,-5791.0,3.0,-28.0,12.0,
1646730688600919485,-0.877197265625,0.290283203125,-0.299072265625,-0.238586425781,5248.0,1894.0,-5807.0,3.0,-24.0,8.0,
1646730688608748435,-0.877563476562,0.290893554688,-0.2978515625,-0.237915039062,5115.0,1798.0,-5854.0,1.0,-24.0,4.0,
1646730688612725973,-0.877990722656,0.291442871094,-0.296508789062,-0.237426757812,4932.0,1720.0,-5879.0,-3.0,-22.0,2.0,
1646730688618338584,-0.878356933594,0.291809082031,-0.295288085938,-0.237182617188,4806.0,1649.0,-5897.0,-6.0,-18.0,-1.0,
1646730688621900558,-0.878479003906,0.292114257812,-0.294372558594,-0.2373046875,4787.0,1617.0,-5956.0,-9.0,-11.0,-2.0,
1646730688627280712,-0.878540039062,0.292358398438,-0.293823242188,-0.237670898438,4797.0,1647.0,-6062.0,-12.0,-5.0,-1.0,
1646730688630938053,-0.878479003906,0.292663574219,-0.293334960938,-0.238098144531,4846.0,1721.0,-6112.0,-12.0,-3.0,0.0,
1646730688635675907,-0.878356933594,0.29296875,-0.29296875,-0.238464355469,4991.0,1773.0,-6144.0,-10.0,-2.0,1.0,
1646730688643866777,-0.878356933594,0.293273925781,-0.292663574219,-0.238647460938,5168.0,1774.0,-6175.0,-7.0,-5.0,1.0,
1646730688647117137,-0.878479003906,0.293701171875,-0.2919921875,-0.238403320312,5285.0,1747.0,-6201.0,-3.0,-14.0,3.0,
1646730688651963710,-0.878784179688,0.294372558594,-0.290954589844,-0.23779296875,5322.0,1721.0,-6204.0,0.0,-24.0,5.0,
1646730688656723022,-0.879150390625,0.295227050781,-0.289611816406,-0.236877441406,5316.0,1720.0,-6204.0,2.0,-28.0,8.0,
1646730688663775205,-0.879577636719,0.296203613281,-0.288208007812,-0.23583984375,5316.0,1727.0,-6162.0,3.0,-31.0,10.0,
1646730688668773889,-0.879943847656,0.297241210938,-0.286804199219,-0.234802246094,5308.0,1735.0,-6154.0,4.0,-32.0,11.0,
1646730688672935724,-0.880432128906,0.29833984375,-0.28515625,-0.233642578125,5268.0,1736.0,-6151.0,4.0,-35.0,12.0,
1646730688677717685,-0.880981445312,0.299438476562,-0.283264160156,-0.232421875,5173.0,1732.0,-6129.0,5.0,-40.0,11.0,
1646730688682256698,-0.881652832031,0.300537109375,-0.281188964844,-0.231079101562,5039.0,1735.0,-6123.0,5.0,-43.0,10.0,
1646730688686969518,-0.882263183594,0.301574707031,-0.279052734375,-0.229858398438,4894.0,1745.0,-6164.0,4.0,-41.0,9.0,
1646730688691470384,-0.882934570312,0.302490234375,-0.276977539062,-0.228698730469,4643.0,1785.0,-6274.0,3.0,-39.0,8.0,
1646730688696279764,-0.883605957031,0.303344726562,-0.274780273438,-0.227600097656,4321.0,1828.0,-6252.0,3.0,-37.0,7.0,
1646730688700944662,-0.884338378906,0.303771972656,-0.272766113281,-0.226684570312,4066.0,1827.0,-6168.0,4.0,-32.0,2.0,
1646730688705583095,-0.884948730469,0.303833007812,-0.271118164062,-0.22607421875,3891.0,1781.0,-6091.0,2.0,-24.0,-4.0,
1646730688712555408,-0.885498046875,0.303771972656,-0.269714355469,-0.225769042969,3771.0,1761.0,-6033.0,-2.0,-19.0,-7.0,
1646730688717696189,-0.885803222656,0.303649902344,-0.268615722656,-0.225891113281,3683.0,1818.0,-5991.0,-6.0,-13.0,-7.0,
1646730688722275257,-0.886047363281,0.303466796875,-0.267700195312,-0.226318359375,3642.0,1922.0,-5967.0,-9.0,-7.0,-7.0,
1646730688726591825,-0.886169433594,0.30322265625,-0.267150878906,-0.226928710938,3664.0,2027.0,-5982.0,-9.0,-1.0,-7.0,
1646730688731241703,-0.886169433594,0.302856445312,-0.266906738281,-0.227600097656,3776.0,2096.0,-6057.0,-8.0,4.0,-7.0,
1646730688735906124,-0.88623046875,0.302429199219,-0.266784667969,-0.22802734375,3871.0,2118.0,-6075.0,-4.0,4.0,-7.0,
1646730688740517854,-0.886352539062,0.301879882812,-0.266784667969,-0.228271484375,3970.0,2083.0,-6114.0,0.0,4.0,-9.0,
1646730688745397329,-0.886535644531,0.301330566406,-0.266845703125,-0.228332519531,4071.0,2027.0,-6178.0,2.0,3.0,-10.0,
1646730688752216577,-0.886779785156,0.300720214844,-0.266845703125,-0.228210449219,4156.0,1984.0,-6244.0,3.0,2.0,-10.0,
1646730688757250070,-0.887023925781,0.300170898438,-0.266845703125,-0.22802734375,4206.0,1959.0,-6284.0,4.0,2.0,-9.0,
1646730688764024019,-0.887268066406,0.299560546875,-0.266845703125,-0.227844238281,4318.0,1948.0,-6302.0,5.0,2.0,-9.0,
1646730688768947601,-0.887390136719,0.299072265625,-0.26708984375,-0.227600097656,4575.0,1972.0,-6318.0,6.0,4.0,-7.0,
1646730688773561239,-0.887451171875,0.298828125,-0.267395019531,-0.227294921875,4906.0,2021.0,-6355.0,7.0,1.0,-2.0,
1646730688778480529,-0.887573242188,0.299011230469,-0.267333984375,-0.226623535156,5164.0,2061.0,-6400.0,10.0,-10.0,3.0,
1646730688782716989,-0.887939453125,0.299560546875,-0.2666015625,-0.225341796875,5239.0,2065.0,-6401.0,13.0,-25.0,7.0,
1646730688787532567,-0.888549804688,0.30029296875,-0.265258789062,-0.223693847656,5209.0,2016.0,-6367.0,16.0,-35.0,9.0,
1646730688792389392,-0.88916015625,0.301086425781,-0.263793945312,-0.221801757812,5135.0,1923.0,-6351.0,18.0,-37.0,10.0,
1646730688796780586,-0.889831542969,0.301879882812,-0.262268066406,-0.219787597656,4967.0,1797.0,-6331.0,19.0,-38.0,10.0,
1646730688801521062,-0.890563964844,0.302612304688,-0.260681152344,-0.2177734375,4670.0,1685.0,-6321.0,18.0,-37.0,8.0,
1646730688806480169,-0.891296386719,0.303039550781,-0.259216308594,-0.216064453125,4328.0,1620.0,-6294.0,16.0,-30.0,5.0,
1646730688810933828,-0.891845703125,0.303100585938,-0.258239746094,-0.21484375,4075.0,1575.0,-6269.0,13.0,-16.0,0.0,
1646730688815601348,-0.892211914062,0.302795410156,-0.257934570312,-0.214050292969,3966.0,1562.0,-6223.0,11.0,-4.0,-4.0,
1646730688820578813,-0.892395019531,0.302307128906,-0.258178710938,-0.213562011719,3970.0,1608.0,-6164.0,9.0,5.0,-5.0,
1646730688826956510,-0.892395019531,0.301879882812,-0.2587890625,-0.213439941406,4042.0,1698.0,-6114.0,7.0,11.0,-4.0,
1646730688832025289,-0.892333984375,0.301452636719,-0.259521484375,-0.21337890625,4168.0,1803.0,-6078.0,7.0,12.0,-2.0,
1646730688836839437,-0.892272949219,0.301208496094,-0.26025390625,-0.213317871094,4314.0,1897.0,-6086.0,7.0,10.0,0.0,
1646730688841391801,-0.892211914062,0.301147460938,-0.2607421875,-0.212951660156,4467.0,1969.0,-6118.0,9.0,4.0,3.0,
1646730688845963239,-0.892333984375,0.30126953125,-0.260864257812,-0.212219238281,4585.0,2036.0,-6100.0,12.0,-4.0,6.0,
1646730688850437879,-0.892517089844,0.301452636719,-0.260803222656,-0.211181640625,4709.0,2144.0,-6015.0,16.0,-10.0,7.0,
1646730688858650445,-0.892761230469,0.301574707031,-0.260681152344,-0.210144042969,4879.0,2210.0,-5934.0,18.0,-12.0,5.0,
1646730688863923549,-0.893127441406,0.301574707031,-0.260375976562,-0.208923339844,4979.0,2191.0,-5944.0,21.0,-18.0,3.0,
1646730688869078636,-0.893798828125,0.301574707031,-0.259582519531,-0.207092285156,4898.0,2067.0,-5897.0,25.0,-26.0,1.0,
1646730688876909732,-0.895385742188,0.301147460938,-0.257751464844,-0.203063964844,4626.0,1800.0,-5848.0,26.0,-22.0,-4.0,
1646730688881358385,-0.895935058594,0.300659179688,-0.257568359375,-0.20166015625,4661.0,1772.0,-5929.0,23.0,-10.0,-6.0,
1646730688888734817,-0.896301269531,0.300048828125,-0.257751464844,-0.200561523438,4646.0,1802.0,-6058.0,20.0,-4.0,-6.0,
1646730688890746831,-0.896789550781,0.299377441406,-0.257690429688,-0.199523925781,4491.0,1821.0,-6200.0,19.0,-5.0,-8.0,
1646730688895224571,-0.897338867188,0.298400878906,-0.257568359375,-0.198547363281,4319.0,1814.0,-6353.0,19.0,-2.0,-12.0,
1646730688901932239,-0.897888183594,0.297302246094,-0.257690429688,-0.19775390625,4261.0,1783.0,-6478.0,19.0,5.0,-14.0,
1646730688907256841,-0.898315429688,0.296142578125,-0.258178710938,-0.196960449219,4240.0,1707.0,-6575.0,19.0,9.0,-14.0,
1646730688912267684,-0.898742675781,0.295104980469,-0.258544921875,-0.195983886719,4105.0,1568.0,-6627.0,19.0,5.0,-13.0,
1646730688917005300,-0.899230957031,0.294189453125,-0.258666992188,-0.194885253906,3847.0,1379.0,-6571.0,19.0,2.0,-12.0,
1646730688921619176,-0.899658203125,0.293212890625,-0.258911132812,-0.194030761719,3635.0,1202.0,-6518.0,16.0,7.0,-13.0,
1646730688926093578,-0.899841308594,0.292297363281,-0.259704589844,-0.193542480469,3618.0,1141.0,-6506.0,10.0,18.0,-12.0,
1646730688930921316,-0.899719238281,0.291564941406,-0.260925292969,-0.193481445312,3707.0,1199.0,-6566.0,7.0,24.0,-8.0,
1646730688935614824,-0.899658203125,0.290954589844,-0.262023925781,-0.193298339844,3726.0,1246.0,-6613.0,8.0,20.0,-5.0,
1646730688940248727,-0.899719238281,0.290405273438,-0.262756347656,-0.192932128906,3783.0,1203.0,-6622.0,11.0,15.0,-5.0,
1646730688946806192,-0.899658203125,0.289855957031,-0.263793945312,-0.192504882812,3979.0,1098.0,-6682.0,11.0,17.0,-5.0,
1646730688951735496,-0.899597167969,0.289367675781,-0.264953613281,-0.192016601562,4223.0,1011.0,-6774.0,10.0,17.0,-3.0,
1646730688956460475,-0.899536132812,0.289123535156,-0.265869140625,-0.191467285156,4381.0,970.0,-6793.0,9.0,11.0,-2.0,
1646730688960854053,-0.899597167969,0.288940429688,-0.266296386719,-0.190856933594,4572.0,956.0,-6857.0,8.0,3.0,-2.0,
1646730688966391324,-0.899597167969,0.288879394531,-0.266662597656,-0.190368652344,4640.0,945.0,-6953.0,6.0,3.0,0.0,
1646730688972561120,-0.899780273438,0.288879394531,-0.2666015625,-0.189636230469,4594.0,946.0,-6988.0,7.0,-4.0,0.0,
1646730688977193832,-0.899963378906,0.288940429688,-0.266296386719,-0.189025878906,4571.0,963.0,-6995.0,6.0,-5.0,1.0,
1646730688981869935,-0.900085449219,0.2890625,-0.266174316406,-0.188415527344,4514.0,949.0,-6993.0,5.0,-4.0,2.0,
1646730688986629962,-0.900207519531,0.289367675781,-0.265869140625,-0.187805175781,4391.0,930.0,-6945.0,4.0,-6.0,3.0,
1646730688991378545,-0.900329589844,0.289672851562,-0.265563964844,-0.187316894531,4285.0,937.0,-6877.0,2.0,-5.0,4.0,
1646730688995991468,-0.900268554688,0.2900390625,-0.265380859375,-0.187072753906,4239.0,974.0,-6833.0,-1.0,-2.0,5.0,
1646730689000607967,-0.900146484375,0.290405273438,-0.265380859375,-0.187072753906,4241.0,1014.0,-6814.0,-3.0,2.0,5.0,
1646730689005331993,-0.899963378906,0.290710449219,-0.265625,-0.187133789062,4289.0,1045.0,-6819.0,-3.0,5.0,5.0,
1646730689016625404,-0.899780273438,0.291015625,-0.265991210938,-0.187194824219,4357.0,1061.0,-6806.0,-3.0,7.0,5.0,
1646730689017589330,-0.899536132812,0.291320800781,-0.266418457031,-0.187377929688,4445.0,1055.0,-6814.0,-4.0,8.0,5.0,
1646730689021308183,-0.899230957031,0.291564941406,-0.266906738281,-0.187561035156,4533.0,1086.0,-6806.0,-5.0,9.0,5.0,
1646730689025615453,-0.89892578125,0.291870117188,-0.267395019531,-0.187866210938,4634.0,1184.0,-6784.0,-6.0,8.0,5.0,
1646730689030164241,-0.898620605469,0.292175292969,-0.267822265625,-0.188232421875,4723.0,1329.0,-6729.0,-6.0,7.0,5.0,
1646730689038420677,-0.898376464844,0.292419433594,-0.268127441406,-0.188598632812,4744.0,1449.0,-6659.0,-5.0,6.0,5.0,
1646730689053343772,-0.898193359375,0.292602539062,-0.268371582031,-0.189025878906,4729.0,1515.0,-6553.0,-4.0,5.0,3.0,
1646730689053795099,-0.89794921875,0.292785644531,-0.268676757812,-0.189453125,4742.0,1550.0,-6492.0,-5.0,6.0,3.0,
1646730689054443597,-0.897644042969,0.29296875,-0.269104003906,-0.18994140625,4780.0,1538.0,-6461.0,-7.0,9.0,4.0,
1646730689066739559,-0.897277832031,0.293273925781,-0.26953125,-0.1904296875,4769.0,1481.0,-6452.0,-8.0,8.0,5.0,
1646730689068961620,-0.89697265625,0.293762207031,-0.269775390625,-0.19091796875,4715.0,1389.0,-6444.0,-10.0,5.0,6.0,
1646730689072237491,-0.896606445312,0.294311523438,-0.269958496094,-0.19140625,4663.0,1300.0,-6426.0,-13.0,5.0,7.0,
1646730689079581260,-0.895568847656,0.295715332031,-0.270690917969,-0.193176269531,4711.0,1259.0,-6566.0,-20.0,13.0,8.0,
1646730689088403940,-0.894409179688,0.296997070312,-0.271545410156,-0.195373535156,4855.0,1367.0,-6771.0,-20.0,13.0,8.0,
1646730689092014789,-0.893859863281,0.297546386719,-0.27197265625,-0.196411132812,4986.0,1409.0,-6847.0,-18.0,12.0,8.0,
1646730689097515821,-0.893371582031,0.298278808594,-0.272277832031,-0.197204589844,5140.0,1404.0,-6879.0,-16.0,8.0,10.0,
1646730689101001977,-0.892883300781,0.299194335938,-0.272521972656,-0.197692871094,5196.0,1368.0,-6925.0,-13.0,3.0,13.0,
1646730689106275320,-0.892578125,0.300231933594,-0.272338867188,-0.197692871094,5068.0,1319.0,-6865.0,-9.0,-4.0,14.0,
1646730689110347270,-0.892517089844,0.301208496094,-0.271667480469,-0.197509765625,4798.0,1271.0,-6730.0,-7.0,-12.0,12.0,
1646730689115310668,-0.892456054688,0.302001953125,-0.270935058594,-0.197326660156,4505.0,1232.0,-6609.0,-7.0,-11.0,10.0,
1646730689123935699,-0.892333984375,0.302734375,-0.270568847656,-0.197509765625,4238.0,1210.0,-6531.0,-9.0,-2.0,9.0,
1646730689127100467,-0.892028808594,0.303283691406,-0.270568847656,-0.197814941406,4029.0,1224.0,-6429.0,-10.0,6.0,8.0,
1646730689132476329,-0.891662597656,0.3037109375,-0.27099609375,-0.198364257812,3915.0,1246.0,-6326.0,-10.0,14.0,7.0,
1646730689137065410,-0.891174316406,0.303955078125,-0.271789550781,-0.199096679688,3889.0,1236.0,-6229.0,-10.0,20.0,5.0,
1646730689140760898,-0.890625,0.304077148438,-0.272766113281,-0.199951171875,3893.0,1184.0,-6196.0,-10.0,22.0,4.0,
1646730689145925998,-0.890075683594,0.304077148438,-0.273864746094,-0.200744628906,3934.0,1127.0,-6183.0,-11.0,24.0,2.0,
1646730689150014877,-0.889526367188,0.304077148438,-0.275024414062,-0.201721191406,4011.0,1086.0,-6174.0,-12.0,26.0,1.0,
1646730689157893896,-0.888916015625,0.304016113281,-0.276306152344,-0.202819824219,4103.0,1075.0,-6206.0,-14.0,28.0,0.0,
1646730689161945343,-0.888244628906,0.303894042969,-0.277587890625,-0.204162597656,4170.0,1089.0,-6265.0,-17.0,29.0,-1.0,
1646730689167591094,-0.887573242188,0.303771972656,-0.278747558594,-0.20556640625,4197.0,1114.0,-6321.0,-18.0,30.0,-2.0,
1646730689172241210,-0.886962890625,0.303527832031,-0.279907226562,-0.207092285156,4195.0,1142.0,-6382.0,-19.0,31.0,-4.0,
1646730689178713083,-0.886352539062,0.303100585938,-0.281127929688,-0.208740234375,4195.0,1169.0,-6407.0,-20.0,33.0,-7.0,
1646730689183710575,-0.885681152344,0.302612304688,-0.282470703125,-0.210571289062,4203.0,1200.0,-6438.0,-21.0,36.0,-9.0,
1646730689188875675,-0.884887695312,0.301940917969,-0.283935546875,-0.212585449219,4210.0,1246.0,-6445.0,-23.0,41.0,-11.0,
1646730689193760871,-0.884033203125,0.301086425781,-0.285766601562,-0.214965820312,4220.0,1307.0,-6427.0,-25.0,47.0,-13.0,
1646730689197174310,-0.883056640625,0.300048828125,-0.287841796875,-0.217529296875,4225.0,1370.0,-6401.0,-27.0,54.0,-15.0,
1646730689202947378,-0.882019042969,0.298889160156,-0.290222167969,-0.220336914062,4241.0,1433.0,-6359.0,-28.0,60.0,-16.0,
1646730689206485033,-0.880859375,0.297546386719,-0.292846679688,-0.223266601562,4272.0,1502.0,-6290.0,-28.0,65.0,-18.0,
1646730689212329149,-0.879577636719,0.296142578125,-0.295776367188,-0.226379394531,4346.0,1584.0,-6215.0,-28.0,71.0,-18.0,
1646730689217453718,-0.878173828125,0.294616699219,-0.299011230469,-0.229553222656,4468.0,1649.0,-6141.0,-29.0,75.0,-18.0,
1646730689221433639,-0.876647949219,0.293212890625,-0.302307128906,-0.232788085938,4648.0,1700.0,-6063.0,-29.0,76.0,-16.0,
1646730689226015090,-0.875183105469,0.291870117188,-0.305541992188,-0.23583984375,4876.0,1720.0,-5968.0,-28.0,72.0,-15.0,
1646730689230971574,-0.873779296875,0.290710449219,-0.308349609375,-0.238708496094,5095.0,1739.0,-5869.0,-27.0,63.0,-14.0,
1646730689239408493,-0.87255859375,0.289794921875,-0.310546875,-0.241333007812,5238.0,1755.0,-5793.0,-28.0,50.0,-14.0,
1646730689242608308,-0.871643066406,0.289123535156,-0.31201171875,-0.243713378906,5285.0,1763.0,-5721.0,-28.0,37.0,-13.0,
1646730689246860742,-0.870788574219,0.28857421875,-0.313049316406,-0.246032714844,5260.0,1793.0,-5687.0,-30.0,30.0,-12.0,
1646730689251840591,-0.869934082031,0.288208007812,-0.313903808594,-0.248413085938,5257.0,1835.0,-5665.0,-32.0,30.0,-11.0,
1646730689256961822,-0.868896484375,0.287780761719,-0.315002441406,-0.251037597656,5387.0,1867.0,-5606.0,-34.0,35.0,-10.0,
1646730689261725664,-0.867736816406,0.287292480469,-0.316467285156,-0.253784179688,5695.0,1886.0,-5548.0,-35.0,40.0,-10.0,
1646730689265231609,-0.866638183594,0.286926269531,-0.317687988281,-0.256408691406,5934.0,1913.0,-5522.0,-35.0,32.0,-11.0,
1646730689275864601,-0.866027832031,0.286987304688,-0.317565917969,-0.258605957031,5905.0,1943.0,-5467.0,-35.0,6.0,-11.0,
1646730689283958435,-0.86572265625,0.287658691406,-0.314575195312,-0.262451171875,5338.0,1924.0,-5493.0,-39.0,-11.0,-10.0,
1646730689288272619,-0.865295410156,0.288024902344,-0.3134765625,-0.264770507812,5122.0,1939.0,-5550.0,-44.0,2.0,-9.0,
1646730689293278932,-0.864501953125,0.288208007812,-0.313171386719,-0.267578125,5046.0,2019.0,-5604.0,-47.0,18.0,-9.0,
1646730689298291444,-0.863342285156,0.2880859375,-0.313659667969,-0.270874023438,5111.0,2133.0,-5696.0,-50.0,32.0,-10.0,
1646730689303224325,-0.861938476562,0.287902832031,-0.314575195312,-0.274353027344,5280.0,2273.0,-5801.0,-50.0,40.0,-9.0,
1646730689306924581,-0.860595703125,0.287658691406,-0.315612792969,-0.277709960938,5510.0,2423.0,-5914.0,-48.0,40.0,-9.0,
1646730689311504125,-0.859313964844,0.287475585938,-0.316467285156,-0.28076171875,5722.0,2566.0,-6011.0,-43.0,34.0,-8.0,
1646730689317049503,-0.858337402344,0.287414550781,-0.31689453125,-0.283386230469,5870.0,2693.0,-6032.0,-39.0,24.0,-7.0,
1646730689322465896,-0.857604980469,0.287414550781,-0.31689453125,-0.28564453125,5943.0,2816.0,-6086.0,-35.0,14.0,-7.0,
1646730689325399875,-0.857116699219,0.287475585938,-0.316345214844,-0.287536621094,5933.0,2954.0,-6109.0,-31.0,5.0,-8.0,
1646730689333212375,-0.856872558594,0.287475585938,-0.315490722656,-0.289184570312,5864.0,3077.0,-6045.0,-27.0,-1.0,-9.0,
1646730689338587045,-0.856811523438,0.287414550781,-0.314453125,-0.290710449219,5785.0,3180.0,-5951.0,-24.0,-5.0,-10.0,
1646730689341984748,-0.856689453125,0.287292480469,-0.313354492188,-0.292236328125,5720.0,3275.0,-5988.0,-24.0,-6.0,-11.0,
1646730689347083330,-0.856750488281,0.287292480469,-0.312133789062,-0.29345703125,5660.0,3491.0,-6077.0,-22.0,-8.0,-10.0,
1646730689350840806,-0.857177734375,0.287048339844,-0.310241699219,-0.294372558594,5443.0,3796.0,-6198.0,-15.0,-20.0,-14.0,
1646730689356278896,-0.858276367188,0.286071777344,-0.307678222656,-0.294860839844,5195.0,4031.0,-6170.0,-5.0,-27.0,-24.0,
1646730689360607147,-0.859558105469,0.284423828125,-0.305236816406,-0.295166015625,5032.0,4056.0,-6115.0,3.0,-25.0,-34.0,
1646730689365302801,-0.86083984375,0.282409667969,-0.303344726562,-0.29541015625,4976.0,4010.0,-6109.0,6.0,-17.0,-39.0,
1646730689373556137,-0.861999511719,0.2802734375,-0.301696777344,-0.295654296875,4958.0,4027.0,-6070.0,7.0,-13.0,-41.0,
1646730689380570173,-0.863220214844,0.277954101562,-0.300170898438,-0.295959472656,4934.0,4124.0,-6046.0,7.0,-12.0,-43.0,
1646730689387066125,-0.865783691406,0.272644042969,-0.296997070312,-0.296630859375,4802.0,4379.0,-5972.0,13.0,-10.0,-49.0,
1646730689391620635,-0.867126464844,0.26953125,-0.295654296875,-0.296875,4690.0,4431.0,-5902.0,17.0,-6.0,-52.0,
1646730689399260759,-0.868408203125,0.266235351562,-0.294616699219,-0.297119140625,4582.0,4461.0,-5828.0,18.0,0.0,-53.0,
1646730689400779247,-0.869445800781,0.262817382812,-0.294128417969,-0.297607421875,4468.0,4505.0,-5751.0,16.0,10.0,-51.0,
1646730689405050277,-0.870178222656,0.259399414062,-0.294189453125,-0.298400878906,4355.0,4585.0,-5682.0,13.0,22.0,-49.0,
1646730689413174867,-0.87060546875,0.255859375,-0.294860839844,-0.299499511719,4272.0,4705.0,-5631.0,11.0,33.0,-47.0,
