1646392565973422765,-0.770080566406,0.029541015625,0.628051757812,0.10791015625,-9220.0,886.0,-1424.0,-15.0,41.0,-7.0,
1646392565978567123,-0.772338867188,0.0296020507812,0.625427246094,0.106994628906,-9428.0,877.0,-1537.0,-13.0,56.0,-6.0,
1646392565982743024,-0.775024414062,0.02978515625,0.622192382812,0.106140136719,-9568.0,863.0,-1651.0,-11.0,69.0,-4.0,
1646392565987527370,-0.778259277344,0.0301513671875,0.618347167969,0.105285644531,-9603.0,843.0,-1755.0,-9.0,82.0,-4.0,
1646392565992110490,-0.781860351562,0.0306396484375,0.613891601562,0.1044921875,-9542.0,803.0,-1854.0,-8.0,93.0,-4.0,
1646392565996738672,-0.785583496094,0.031005859375,0.609191894531,0.103759765625,-9404.0,757.0,-1965.0,-8.0,98.0,-5.0,
1646392566001297950,-0.789428710938,0.0313110351562,0.604309082031,0.103088378906,-9245.0,716.0,-2077.0,-9.0,99.0,-6.0,
1646392566004729747,-0.793090820312,0.0314331054688,0.599609375,0.102478027344,-9092.0,664.0,-2177.0,-9.0,96.0,-9.0,
1646392566013304471,-0.796569824219,0.0313720703125,0.595031738281,0.101989746094,-8947.0,624.0,-2260.0,-10.0,91.0,-11.0,
1646392566017819404,-0.799865722656,0.0311889648438,0.590759277344,0.101501464844,-8807.0,582.0,-2338.0,-10.0,86.0,-13.0,
1646392566022359371,-0.802856445312,0.0308227539062,0.586730957031,0.101135253906,-8680.0,544.0,-2452.0,-10.0,80.0,-15.0,
1646392566026931047,-0.805480957031,0.030517578125,0.583190917969,0.100891113281,-8206.0,569.0,-2376.0,-8.0,68.0,-15.0,
1646392566032871484,-0.807800292969,0.0304565429688,0.580017089844,0.100524902344,-7765.0,360.0,-2669.0,-6.0,63.0,-10.0,
1646392566034824132,-0.809020996094,0.0296630859375,0.578369140625,0.100524902344,-7704.0,253.0,-2704.0,-8.0,23.0,-15.0,
1646392566042800426,-0.808410644531,0.028564453125,0.579284667969,0.100463867188,-7943.0,243.0,-2730.0,-11.0,-22.0,-15.0,
1646392566047360658,-0.807983398438,0.0281982421875,0.580017089844,0.100036621094,-8063.0,234.0,-2747.0,-7.0,-14.0,-5.0,
1646392566052144050,-0.807922363281,0.0281372070312,0.580078125,0.0997314453125,-8175.0,211.0,-2783.0,-4.0,-2.0,-3.0,
1646392566056762933,-0.807800292969,0.0278930664062,0.580322265625,0.0995483398438,-8342.0,187.0,-2770.0,-3.0,-6.0,-6.0,
1646392566061234235,-0.807678222656,0.0276489257812,0.580505371094,0.0994873046875,-8493.0,149.0,-2742.0,-3.0,-3.0,-8.0,
1646392566065001964,-0.808044433594,0.0274047851562,0.580017089844,0.0995483398438,-8530.0,144.0,-2753.0,0.0,10.0,-10.0,
1646392566071742296,-0.808654785156,0.0272827148438,0.5791015625,0.0997924804688,-8530.0,159.0,-2768.0,2.0,17.0,-12.0,
1646392566078295469,-0.809387207031,0.0271606445312,0.578002929688,0.100280761719,-8605.0,94.0,-2811.0,6.0,20.0,-14.0,
1646392566083025932,-0.810180664062,0.027099609375,0.576782226562,0.10107421875,-8668.0,-4.0,-2847.0,10.0,23.0,-15.0,
1646392566087440013,-0.811218261719,0.0271606445312,0.5751953125,0.101989746094,-8700.0,-83.0,-2874.0,12.0,30.0,-14.0,
1646392566092312335,-0.812377929688,0.0272216796875,0.573303222656,0.102905273438,-8676.0,-161.0,-2898.0,12.0,35.0,-14.0,
1646392566096951246,-0.813598632812,0.02734375,0.571411132812,0.103820800781,-8615.0,-234.0,-2917.0,12.0,36.0,-14.0,
1646392566101408243,-0.814880371094,0.0274658203125,0.569396972656,0.104675292969,-8535.0,-304.0,-2934.0,12.0,37.0,-13.0,
1646392566106337785,-0.816101074219,0.0275268554688,0.567504882812,0.105529785156,-8436.0,-372.0,-2929.0,11.0,35.0,-13.0,
1646392566109786033,-0.817260742188,0.027587890625,0.565673828125,0.106323242188,-8341.0,-424.0,-2921.0,10.0,34.0,-13.0,
1646392566118119716,-0.818359375,0.0275268554688,0.56396484375,0.107055664062,-8241.0,-468.0,-2898.0,9.0,32.0,-13.0,
1646392566123100757,-0.819396972656,0.0274658203125,0.562377929688,0.107727050781,-8124.0,-511.0,-2871.0,8.0,31.0,-13.0,
1646392566127578735,-0.820373535156,0.02734375,0.560791015625,0.1083984375,-7987.0,-571.0,-2841.0,7.0,30.0,-13.0,
1646392566132060766,-0.8212890625,0.0271606445312,0.559326171875,0.109008789062,-7855.0,-625.0,-2816.0,6.0,27.0,-13.0,
1646392566136538267,-0.822143554688,0.0269165039062,0.557983398438,0.109619140625,-7730.0,-676.0,-2803.0,5.0,24.0,-12.0,
1646392566141331434,-0.822814941406,0.0266723632812,0.556884765625,0.110168457031,-7636.0,-725.0,-2790.0,4.0,20.0,-12.0,
1646392566144813299,-0.823425292969,0.0264282226562,0.555908203125,0.110656738281,-7537.0,-780.0,-2792.0,4.0,17.0,-12.0,
1646392566155045270,-0.823913574219,0.026123046875,0.555053710938,0.111206054688,-7442.0,-853.0,-2788.0,4.0,15.0,-11.0,
1646392566157536983,-0.824401855469,0.0259399414062,0.554321289062,0.111694335938,-7352.0,-918.0,-2789.0,4.0,13.0,-9.0,
1646392566162650823,-0.824829101562,0.0257568359375,0.553588867188,0.112182617188,-7281.0,-974.0,-2801.0,4.0,12.0,-8.0,
1646392566167052745,-0.8251953125,0.0256958007812,0.552917480469,0.112609863281,-7216.0,-1033.0,-2814.0,4.0,11.0,-6.0,
1646392566174307584,-0.825561523438,0.0257568359375,0.552307128906,0.112976074219,-7153.0,-1095.0,-2841.0,5.0,11.0,-4.0,
1646392566179145097,-0.825927734375,0.0259399414062,0.551635742188,0.11328125,-7070.0,-1143.0,-2877.0,5.0,11.0,-1.0,
1646392566183967113,-0.826354980469,0.0261840820312,0.550964355469,0.113586425781,-6994.0,-1213.0,-2920.0,5.0,10.0,0.0,
1646392566188418149,-0.82666015625,0.0264282226562,0.550415039062,0.11376953125,-6936.0,-1277.0,-2952.0,4.0,9.0,2.0,
1646392566197707414,-0.826965332031,0.0266723632812,0.549926757812,0.113891601562,-6886.0,-1330.0,-2977.0,3.0,7.0,2.0,
1646392566198117494,-0.827270507812,0.0269165039062,0.549499511719,0.113952636719,-6855.0,-1388.0,-3007.0,1.0,7.0,3.0,
1646392566202251434,-0.827453613281,0.0270385742188,0.549194335938,0.113830566406,-6841.0,-1437.0,-3041.0,-1.0,5.0,4.0,
1646392566206751823,-0.82763671875,0.0271606445312,0.548950195312,0.113647460938,-6828.0,-1461.0,-3057.0,-3.0,3.0,4.0,
1646392566210325956,-0.827819824219,0.0272827148438,0.548767089844,0.113342285156,-6804.0,-1472.0,-3063.0,-4.0,2.0,5.0,
1646392566215150833,-0.827880859375,0.02734375,0.548767089844,0.112915039062,-6806.0,-1479.0,-3066.0,-6.0,0.0,5.0,
1646392566219970464,-0.827880859375,0.0274047851562,0.548828125,0.112426757812,-6837.0,-1471.0,-3056.0,-7.0,-2.0,6.0,
1646392566234329462,-0.827880859375,0.0275268554688,0.548950195312,0.111877441406,-6861.0,-1446.0,-3071.0,-7.0,-3.0,7.0,
1646392566234858512,-0.827819824219,0.0277099609375,0.549133300781,0.111328125,-6876.0,-1366.0,-3109.0,-6.0,-4.0,8.0,
1646392566236994028,-0.82763671875,0.0279541015625,0.549499511719,0.11083984375,-7068.0,-1261.0,-3219.0,-4.0,-8.0,8.0,
1646392566241524457,-0.827270507812,0.0281982421875,0.550048828125,0.110534667969,-7344.0,-1294.0,-3317.0,-1.0,-13.0,4.0,
1646392566244954824,-0.827026367188,0.0283813476562,0.550415039062,0.110717773438,-7393.0,-1366.0,-3353.0,5.0,-8.0,2.0,
1646392566253386497,-0.827087402344,0.0288696289062,0.550231933594,0.110961914062,-7365.0,-1413.0,-3366.0,7.0,1.0,5.0,
1646392566260872125,-0.827209472656,0.0294189453125,0.550048828125,0.111206054688,-7329.0,-1418.0,-3385.0,7.0,2.0,6.0,
1646392566262603044,-0.827209472656,0.0300903320312,0.549926757812,0.111267089844,-7334.0,-1393.0,-3422.0,6.0,0.0,8.0,
1646392566267338037,-0.8271484375,0.03076171875,0.549987792969,0.111267089844,-7352.0,-1398.0,-3447.0,6.0,-2.0,9.0,
1646392566272892951,-0.827087402344,0.031494140625,0.550048828125,0.111267089844,-7367.0,-1386.0,-3466.0,6.0,-3.0,10.0,
1646392566279025077,-0.827026367188,0.0321044921875,0.550109863281,0.111206054688,-7414.0,-1379.0,-3477.0,5.0,-3.0,10.0,
1646392566283842802,-0.826904296875,0.03271484375,0.55029296875,0.111083984375,-7460.0,-1369.0,-3515.0,4.0,-4.0,9.0,
1646392566288329124,-0.826843261719,0.0332641601562,0.550415039062,0.110900878906,-7501.0,-1370.0,-3551.0,2.0,-4.0,9.0,
1646392566293074846,-0.826782226562,0.03369140625,0.550476074219,0.110656738281,-7528.0,-1378.0,-3583.0,0.0,-4.0,9.0,
1646392566297867059,-0.826782226562,0.0341186523438,0.550598144531,0.110290527344,-7545.0,-1375.0,-3630.0,-1.0,-4.0,9.0,
1646392566302292823,-0.826721191406,0.034423828125,0.550720214844,0.10986328125,-7566.0,-1363.0,-3662.0,-3.0,-5.0,8.0,
1646392566307117938,-0.826599121094,0.0346069335938,0.550964355469,0.109375,-7597.0,-1347.0,-3692.0,-5.0,-6.0,8.0,
1646392566311790227,-0.826538085938,0.0347900390625,0.551208496094,0.108764648438,-7620.0,-1326.0,-3705.0,-6.0,-7.0,7.0,
1646392566316534280,-0.826416015625,0.0348510742188,0.551513671875,0.108215332031,-7623.0,-1292.0,-3696.0,-8.0,-8.0,6.0,
1646392566320002317,-0.826232910156,0.0348510742188,0.551818847656,0.107604980469,-7607.0,-1257.0,-3684.0,-9.0,-8.0,5.0,
1646392566328290462,-0.826110839844,0.0347900390625,0.552185058594,0.10693359375,-7559.0,-1201.0,-3652.0,-9.0,-9.0,5.0,
1646392566332999467,-0.825927734375,0.0347900390625,0.552612304688,0.106262207031,-7500.0,-1135.0,-3612.0,-9.0,-10.0,6.0,
1646392566338101387,-0.82568359375,0.0347900390625,0.553100585938,0.105529785156,-7454.0,-1073.0,-3554.0,-9.0,-11.0,6.0,
1646392566342222690,-0.825378417969,0.0349731445312,0.553649902344,0.104797363281,-7433.0,-1024.0,-3508.0,-9.0,-11.0,8.0,
1646392566346837759,-0.825134277344,0.0352172851562,0.55419921875,0.104064941406,-7427.0,-959.0,-3499.0,-7.0,-11.0,9.0,
1646392566351583242,-0.824768066406,0.0355834960938,0.554809570312,0.103332519531,-7417.0,-879.0,-3455.0,-6.0,-13.0,11.0,
1646392566355021476,-0.824401855469,0.0360107421875,0.555480957031,0.102722167969,-7397.0,-837.0,-3454.0,-3.0,-13.0,11.0,
1646392566363065958,-0.824096679688,0.0365600585938,0.556030273438,0.102172851562,-7338.0,-800.0,-3448.0,-2.0,-11.0,11.0,
1646392566367779493,-0.823791503906,0.0371704101562,0.556396484375,0.101684570312,-7249.0,-761.0,-3447.0,0.0,-10.0,12.0,
1646392566372628450,-0.823547363281,0.037841796875,0.556884765625,0.101196289062,-7172.0,-715.0,-3445.0,1.0,-10.0,13.0,
1646392566378897190,-0.823181152344,0.03857421875,0.557434082031,0.100769042969,-7124.0,-674.0,-3446.0,1.0,-13.0,13.0,
1646392566383830785,-0.82275390625,0.0393676757812,0.55810546875,0.100341796875,-7086.0,-634.0,-3461.0,2.0,-15.0,13.0,
1646392566388471364,-0.822265625,0.0401000976562,0.558837890625,0.0999145507812,-7057.0,-598.0,-3446.0,2.0,-16.0,13.0,
1646392566393011569,-0.821716308594,0.0408935546875,0.5595703125,0.099609375,-7010.0,-563.0,-3405.0,4.0,-17.0,13.0,
1646392566397713899,-0.821166992188,0.0416870117188,0.560424804688,0.0994262695312,-6968.0,-520.0,-3373.0,6.0,-17.0,12.0,
1646392566406403779,-0.820556640625,0.0425415039062,0.561279296875,0.0993041992188,-6955.0,-524.0,-3311.0,7.0,-19.0,12.0,
1646392566407210350,-0.819763183594,0.0435180664062,0.562316894531,0.0993041992188,-6923.0,-545.0,-3214.0,9.0,-21.0,13.0,
1646392566411628723,-0.818908691406,0.0444946289062,0.5634765625,0.0994262695312,-6887.0,-568.0,-3100.0,11.0,-23.0,14.0,
1646392566416477680,-0.81787109375,0.0455932617188,0.564880371094,0.0995483398438,-6864.0,-581.0,-3011.0,12.0,-27.0,15.0,
1646392566419981002,-0.816711425781,0.0467529296875,0.566467285156,0.0996704101562,-6849.0,-555.0,-2932.0,13.0,-31.0,17.0,
1646392566428296566,-0.815368652344,0.0479736328125,0.568298339844,0.0997924804688,-6882.0,-559.0,-2847.0,14.0,-36.0,17.0,
1646392566432921648,-0.813781738281,0.0491333007812,0.570373535156,0.0999755859375,-6978.0,-590.0,-2779.0,14.0,-40.0,17.0,
1646392566437333822,-0.812194824219,0.0502319335938,0.572570800781,0.100219726562,-7096.0,-631.0,-2713.0,14.0,-43.0,16.0,
1646392566442141294,-0.810485839844,0.05126953125,0.574768066406,0.100524902344,-7215.0,-645.0,-2668.0,13.0,-43.0,16.0,
1646392566446773529,-0.808837890625,0.0521850585938,0.576965332031,0.100708007812,-7344.0,-679.0,-2624.0,12.0,-44.0,14.0,
1646392566455797195,-0.807189941406,0.0530395507812,0.579162597656,0.100952148438,-7468.0,-716.0,-2585.0,11.0,-43.0,14.0,
1646392566456360816,-0.805603027344,0.0538330078125,0.581237792969,0.101135253906,-7589.0,-752.0,-2547.0,10.0,-41.0,13.0,
1646392566462560415,-0.804077148438,0.0546264648438,0.583251953125,0.101318359375,-7723.0,-782.0,-2491.0,10.0,-39.0,13.0,
1646392566467408418,-0.802673339844,0.055419921875,0.585144042969,0.101440429688,-7871.0,-816.0,-2448.0,8.0,-36.0,13.0,
1646392566472095489,-0.801330566406,0.0560913085938,0.586853027344,0.101440429688,-8006.0,-847.0,-2408.0,7.0,-32.0,13.0,
1646392566477724790,-0.800231933594,0.0567626953125,0.588317871094,0.101501464844,-8134.0,-868.0,-2360.0,6.0,-27.0,12.0,
1646392566483414888,-0.79931640625,0.0574340820312,0.589477539062,0.101501464844,-8235.0,-872.0,-2329.0,6.0,-22.0,11.0,
1646392566488613605,-0.798645019531,0.0580444335938,0.590393066406,0.101501464844,-8310.0,-874.0,-2296.0,6.0,-16.0,10.0,
1646392566493095636,-0.798095703125,0.0587158203125,0.591003417969,0.101501464844,-8343.0,-869.0,-2303.0,6.0,-11.0,9.0,
1646392566497582912,-0.797790527344,0.059326171875,0.591369628906,0.101684570312,-8315.0,-832.0,-2296.0,8.0,-8.0,8.0,
1646392566502436399,-0.797424316406,0.0599975585938,0.591735839844,0.101928710938,-8292.0,-820.0,-2245.0,10.0,-7.0,6.0,
1646392566506906986,-0.796997070312,0.0606079101562,0.592163085938,0.102355957031,-8299.0,-839.0,-2226.0,11.0,-8.0,4.0,
1646392566511708974,-0.796630859375,0.0611572265625,0.592529296875,0.102844238281,-8270.0,-859.0,-2198.0,11.0,-7.0,4.0,
1646392566516344070,-0.796325683594,0.061767578125,0.5927734375,0.103332519531,-8223.0,-877.0,-2182.0,12.0,-5.0,4.0,
1646392566520048618,-0.796020507812,0.0623168945312,0.593017578125,0.103881835938,-8179.0,-897.0,-2168.0,13.0,-6.0,3.0,
1646392566528222322,-0.795654296875,0.0629272460938,0.593322753906,0.1044921875,-8153.0,-929.0,-2156.0,13.0,-7.0,3.0,
1646392566533094167,-0.795288085938,0.0634765625,0.593688964844,0.105041503906,-8137.0,-971.0,-2162.0,12.0,-8.0,4.0,
1646392566537490844,-0.794921875,0.0640258789062,0.593994140625,0.105529785156,-8105.0,-1016.0,-2162.0,11.0,-7.0,4.0,
1646392566543816804,-0.794616699219,0.0645141601562,0.594299316406,0.105895996094,-8101.0,-1044.0,-2162.0,9.0,-7.0,5.0,
1646392566550850391,-0.794311523438,0.06494140625,0.594604492188,0.106262207031,-8106.0,-1064.0,-2175.0,8.0,-7.0,4.0,
1646392566551398038,-0.794067382812,0.0653076171875,0.594848632812,0.106506347656,-8088.0,-1080.0,-2181.0,7.0,-6.0,4.0,
1646392566554761648,-0.793823242188,0.065673828125,0.595092773438,0.106750488281,-8071.0,-1085.0,-2196.0,6.0,-5.0,4.0,
1646392566562956809,-0.793579101562,0.0659790039062,0.595336914062,0.106994628906,-8073.0,-1097.0,-2201.0,6.0,-6.0,3.0,
1646392566567788839,-0.793273925781,0.0662231445312,0.595703125,0.107299804688,-8106.0,-1109.0,-2209.0,5.0,-7.0,3.0,
1646392566572618246,-0.79296875,0.0664672851562,0.595947265625,0.107543945312,-8139.0,-1115.0,-2219.0,5.0,-7.0,2.0,
1646392566577420711,-0.792785644531,0.066650390625,0.59619140625,0.107788085938,-8181.0,-1119.0,-2224.0,5.0,-5.0,2.0,
1646392566584453105,-0.792602539062,0.06689453125,0.596374511719,0.108032226562,-8226.0,-1118.0,-2219.0,5.0,-4.0,2.0,
1646392566589583396,-0.79248046875,0.067138671875,0.596435546875,0.108276367188,-8261.0,-1093.0,-2260.0,5.0,-2.0,2.0,
1646392566594289302,-0.792419433594,0.0674438476562,0.596435546875,0.108520507812,-8349.0,-1111.0,-2281.0,6.0,-1.0,1.0,
1646392566599146127,-0.792419433594,0.0676879882812,0.596374511719,0.10888671875,-8379.0,-1151.0,-2288.0,6.0,0.0,1.0,
1646392566611014842,-0.79248046875,0.0679931640625,0.59619140625,0.109252929688,-8304.0,-1169.0,-2291.0,6.0,3.0,1.0,
1646392566611667871,-0.792602539062,0.068359375,0.595886230469,0.109497070312,-8214.0,-1151.0,-2280.0,6.0,4.0,3.0,
1646392566612691640,-0.792602539062,0.0687255859375,0.595825195312,0.109680175781,-8163.0,-1120.0,-2295.0,5.0,1.0,4.0,
1646392566617643594,-0.792541503906,0.0690307617188,0.595825195312,0.10986328125,-8164.0,-1110.0,-2319.0,5.0,-2.0,3.0,
1646392566622274160,-0.79248046875,0.0692749023438,0.595825195312,0.110168457031,-8159.0,-1123.0,-2336.0,5.0,-2.0,1.0,
1646392566627201080,-0.79248046875,0.0694580078125,0.595764160156,0.110412597656,-8076.0,-1132.0,-2373.0,5.0,-1.0,1.0,
1646392566631680250,-0.792419433594,0.0696411132812,0.595764160156,0.110656738281,-8030.0,-1137.0,-2396.0,4.0,-2.0,1.0,
1646392566636438608,-0.792297363281,0.0697631835938,0.595947265625,0.11083984375,-8003.0,-1141.0,-2415.0,3.0,-6.0,1.0,
1646392566639786481,-0.792053222656,0.0698852539062,0.59619140625,0.110900878906,-7976.0,-1150.0,-2447.0,1.0,-8.0,2.0,
1646392566648140907,-0.791809082031,0.0699462890625,0.596557617188,0.110961914062,-7966.0,-1149.0,-2467.0,0.0,-9.0,3.0,
1646392566652745246,-0.79150390625,0.0700073242188,0.596923828125,0.110900878906,-7958.0,-1129.0,-2495.0,-1.0,-9.0,3.0,
1646392566657508611,-0.791320800781,0.070068359375,0.597229003906,0.110778808594,-7959.0,-1110.0,-2523.0,-1.0,-8.0,3.0,
1646392566662084102,-0.791076660156,0.0701293945312,0.597534179688,0.110656738281,-7997.0,-1098.0,-2534.0,-2.0,-9.0,3.0,
1646392566666621446,-0.790832519531,0.0701293945312,0.597900390625,0.110534667969,-8036.0,-1057.0,-2527.0,-2.0,-8.0,3.0,
1646392566671499013,-0.790649414062,0.0701293945312,0.59814453125,0.110412597656,-8073.0,-1015.0,-2507.0,-2.0,-7.0,2.0,
1646392566676174402,-0.790466308594,0.0701293945312,0.598388671875,0.1103515625,-8100.0,-967.0,-2495.0,-1.0,-5.0,1.0,
1646392566684112548,-0.790405273438,0.0702514648438,0.598449707031,0.1103515625,-8111.0,-914.0,-2459.0,0.0,-3.0,1.0,
1646392566690378904,-0.790283203125,0.0703735351562,0.598571777344,0.1103515625,-8099.0,-861.0,-2421.0,1.0,-3.0,1.0,
1646392566694949626,-0.790222167969,0.070556640625,0.598693847656,0.1103515625,-8094.0,-813.0,-2389.0,2.0,-3.0,1.0,
1646392566699701070,-0.790100097656,0.07080078125,0.598815917969,0.110412597656,-8075.0,-772.0,-2353.0,3.0,-3.0,1.0,
1646392566704184532,-0.789916992188,0.071044921875,0.598937988281,0.110473632812,-8052.0,-720.0,-2355.0,4.0,-4.0,2.0,
1646392566715082406,-0.789733886719,0.0713500976562,0.59912109375,0.110595703125,-8056.0,-697.0,-2338.0,4.0,-5.0,2.0,
1646392566715623378,-0.789489746094,0.0716552734375,0.599365234375,0.110717773438,-8070.0,-681.0,-2350.0,5.0,-6.0,2.0,
1646392566717906475,-0.789367675781,0.0718994140625,0.599548339844,0.110900878906,-8070.0,-683.0,-2348.0,4.0,-5.0,1.0,
1646392566722815036,-0.789184570312,0.0720825195312,0.599731445312,0.111022949219,-8095.0,-684.0,-2332.0,3.0,-5.0,1.0,
1646392566727455854,-0.7890625,0.0721435546875,0.599914550781,0.111145019531,-8124.0,-672.0,-2332.0,2.0,-5.0,0.0,
1646392566731790542,-0.789001464844,0.0722045898438,0.599975585938,0.111206054688,-8155.0,-673.0,-2318.0,1.0,-2.0,-1.0,
1646392566736660480,-0.789001464844,0.072265625,0.599914550781,0.111328125,-8163.0,-657.0,-2326.0,1.0,0.0,-1.0,
1646392566741265058,-0.789123535156,0.072265625,0.599670410156,0.111389160156,-8166.0,-662.0,-2325.0,1.0,3.0,-2.0,
1646392566744766235,-0.789367675781,0.0723876953125,0.599365234375,0.111511230469,-8143.0,-676.0,-2320.0,2.0,5.0,-2.0,
1646392566753139734,-0.78955078125,0.0724487304688,0.599060058594,0.111633300781,-8083.0,-664.0,-2327.0,2.0,6.0,-1.0,
1646392566757898569,-0.789794921875,0.0726318359375,0.598754882812,0.111694335938,-8039.0,-645.0,-2330.0,2.0,5.0,0.0,
1646392566762459754,-0.789916992188,0.07275390625,0.598510742188,0.111755371094,-8040.0,-640.0,-2321.0,2.0,3.0,0.0,
1646392566767071962,-0.789978027344,0.0729370117188,0.598449707031,0.111877441406,-8035.0,-624.0,-2313.0,3.0,1.0,0.0,
1646392566774299144,-0.789978027344,0.0731811523438,0.598388671875,0.111999511719,-8040.0,-590.0,-2304.0,4.0,1.0,0.0,
1646392566776172637,-0.789978027344,0.0734252929688,0.598327636719,0.112121582031,-8084.0,-570.0,-2282.0,4.0,0.0,0.0,
1646392566779412269,-0.789978027344,0.07373046875,0.598205566406,0.1123046875,-8118.0,-573.0,-2255.0,5.0,1.0,0.0,
1646392566790757894,-0.7900390625,0.073974609375,0.598083496094,0.112609863281,-8129.0,-578.0,-2240.0,6.0,2.0,-1.0,
1646392566798821687,-0.790100097656,0.0744018554688,0.597839355469,0.113220214844,-8160.0,-583.0,-2180.0,6.0,2.0,-2.0,
1646392566803522348,-0.7900390625,0.07470703125,0.597778320312,0.113525390625,-8189.0,-582.0,-2146.0,7.0,1.0,-2.0,
1646392566808010339,-0.7900390625,0.0750122070312,0.59765625,0.113952636719,-8229.0,-579.0,-2116.0,8.0,2.0,-1.0,
1646392566812515497,-0.790100097656,0.0753784179688,0.597473144531,0.114440917969,-8267.0,-586.0,-2090.0,10.0,4.0,-2.0,
1646392566817279815,-0.790222167969,0.0758666992188,0.59716796875,0.115051269531,-8291.0,-586.0,-2068.0,12.0,6.0,-2.0,
1646392566822044134,-0.790405273438,0.0764770507812,0.596618652344,0.115783691406,-8287.0,-574.0,-2060.0,15.0,10.0,-1.0,
1646392566831085205,-0.790710449219,0.0772705078125,0.595947265625,0.116638183594,-8280.0,-571.0,-2056.0,19.0,13.0,-1.0,
1646392566831571102,-0.791076660156,0.0782470703125,0.595153808594,0.117736816406,-8259.0,-544.0,-2073.0,23.0,15.0,-2.0,
1646392566837797880,-0.791564941406,0.079345703125,0.594116210938,0.119018554688,-8242.0,-525.0,-2118.0,28.0,18.0,-3.0,
1646392566842395544,-0.792114257812,0.0806274414062,0.592895507812,0.12060546875,-8207.0,-528.0,-2160.0,33.0,21.0,-4.0,
1646392566847024440,-0.792785644531,0.08203125,0.591430664062,0.122497558594,-8166.0,-527.0,-2193.0,39.0,25.0,-4.0,
1646392566851847410,-0.793579101562,0.0836791992188,0.589721679688,0.124572753906,-8130.0,-535.0,-2225.0,44.0,29.0,-5.0,
1646392566856339931,-0.794311523438,0.08544921875,0.587890625,0.127014160156,-8149.0,-540.0,-2235.0,49.0,30.0,-7.0,
1646392566859740257,-0.795166015625,0.0872192382812,0.585876464844,0.129699707031,-8266.0,-589.0,-2249.0,53.0,34.0,-10.0,
1646392566867930889,-0.796325683594,0.089111328125,0.583374023438,0.132568359375,-8244.0,-810.0,-2264.0,56.0,44.0,-11.0,
1646392566872710704,-0.7978515625,0.091064453125,0.580261230469,0.135620117188,-8212.0,-891.0,-2297.0,57.0,55.0,-9.0,
1646392566877138853,-0.799438476562,0.0931396484375,0.577087402344,0.138427734375,-8237.0,-892.0,-2354.0,57.0,57.0,-9.0,
1646392566881903648,-0.801147460938,0.0952758789062,0.57373046875,0.141235351562,-8291.0,-917.0,-2390.0,59.0,59.0,-9.0,
1646392566887355566,-0.802917480469,0.0975341796875,0.570068359375,0.144226074219,-8344.0,-961.0,-2448.0,61.0,65.0,-10.0,
1646392566893305063,-0.804931640625,0.099853515625,0.566040039062,0.147277832031,-8358.0,-984.0,-2493.0,63.0,72.0,-11.0,
1646392566898226976,-0.807067871094,0.102233886719,0.561706542969,0.150451660156,-8355.0,-992.0,-2545.0,66.0,78.0,-12.0,
1646392566903032302,-0.809387207031,0.104797363281,0.557006835938,0.153747558594,-8308.0,-1010.0,-2632.0,69.0,83.0,-13.0,
1646392566907503843,-0.811767578125,0.107421875,0.552062988281,0.1572265625,-8262.0,-1087.0,-2668.0,72.0,87.0,-14.0,
1646392566911949396,-0.814208984375,0.110046386719,0.546936035156,0.160766601562,-8178.0,-1185.0,-2696.0,73.0,91.0,-14.0,
1646392566916753053,-0.816650390625,0.112670898438,0.541625976562,0.164245605469,-8050.0,-1298.0,-2763.0,72.0,93.0,-13.0,
1646392566921605110,-0.819152832031,0.115234375,0.536254882812,0.167602539062,-7865.0,-1414.0,-2870.0,69.0,93.0,-12.0,
1646392566926252841,-0.821716308594,0.117736816406,0.530822753906,0.170837402344,-7605.0,-1516.0,-2999.0,67.0,93.0,-12.0,
1646392566930403232,-0.824035644531,0.1201171875,0.525634765625,0.173950195312,-7313.0,-1590.0,-3111.0,65.0,87.0,-11.0,
1646392566938279151,-0.826049804688,0.122253417969,0.520874023438,0.177062988281,-7065.0,-1649.0,-3197.0,63.0,77.0,-12.0,
1646392566942979574,-0.827758789062,0.124267578125,0.516662597656,0.18017578125,-6851.0,-1663.0,-3292.0,62.0,67.0,-12.0,
1646392566947492122,-0.8291015625,0.126281738281,0.512878417969,0.183288574219,-6646.0,-1636.0,-3341.0,62.0,58.0,-12.0,
1646392566952120065,-0.830078125,0.128112792969,0.509643554688,0.1865234375,-6526.0,-1626.0,-3339.0,63.0,46.0,-12.0,
1646392566956914901,-0.83056640625,0.1298828125,0.507080078125,0.190002441406,-6519.0,-1563.0,-3307.0,65.0,34.0,-13.0,
1646392566961518287,-0.830749511719,0.131591796875,0.505004882812,0.193725585938,-6589.0,-1467.0,-3226.0,68.0,26.0,-15.0,
1646392566966082572,-0.830627441406,0.13330078125,0.503234863281,0.197570800781,-6686.0,-1401.0,-3139.0,71.0,22.0,-17.0,
1646392566969741106,-0.830383300781,0.134948730469,0.501586914062,0.20166015625,-6804.0,-1404.0,-3064.0,73.0,18.0,-18.0,
1646392566977597475,-0.830017089844,0.136535644531,0.500061035156,0.205932617188,-6913.0,-1458.0,-3030.0,75.0,16.0,-18.0,
1646392566986154794,-0.82958984375,0.138305664062,0.498474121094,0.210266113281,-6997.0,-1529.0,-3037.0,77.0,17.0,-17.0,
1646392566987130165,-0.829223632812,0.140197753906,0.496643066406,0.214660644531,-7051.0,-1594.0,-3088.0,79.0,20.0,-16.0,
1646392566993375062,-0.829040527344,0.142272949219,0.494445800781,0.218994140625,-7050.0,-1657.0,-3144.0,81.0,25.0,-14.0,
1646392566998373270,-0.828857421875,0.144592285156,0.492126464844,0.223327636719,-7006.0,-1739.0,-3228.0,83.0,28.0,-12.0,
1646392567002892494,-0.828735351562,0.14697265625,0.489562988281,0.227722167969,-6996.0,-1855.0,-3267.0,84.0,29.0,-11.0,
1646392567007620334,-0.828491210938,0.149230957031,0.487243652344,0.232177734375,-6800.0,-1966.0,-3256.0,84.0,26.0,-11.0,
1646392567012200117,-0.828063964844,0.151428222656,0.485229492188,0.236511230469,-6686.0,-2093.0,-3338.0,81.0,20.0,-9.0,
1646392567016912460,-0.8271484375,0.153198242188,0.484008789062,0.240966796875,-6823.0,-2220.0,-3340.0,79.0,1.0,-10.0,
1646392567021575689,-0.825866699219,0.154663085938,0.483459472656,0.245483398438,-7118.0,-2355.0,-3358.0,78.0,-8.0,-13.0,
1646392567026071548,-0.824584960938,0.15576171875,0.482971191406,0.250061035156,-7402.0,-2376.0,-3412.0,75.0,-9.0,-19.0,
1646392567032955169,-0.823669433594,0.1572265625,0.48193359375,0.254089355469,-7409.0,-2311.0,-3867.0,72.0,4.0,-16.0,
1646392567037719964,-0.823669433594,0.159362792969,0.479248046875,0.257873535156,-6434.0,-1813.0,-4332.0,77.0,25.0,-13.0,
1646392567042377710,-0.824340820312,0.163024902344,0.475036621094,0.26123046875,-6075.0,-1794.0,-3753.0,90.0,47.0,-1.0,
1646392567047160148,-0.824157714844,0.166076660156,0.471984863281,0.265258789062,-6246.0,-2433.0,-3550.0,85.0,47.0,-2.0,
1646392567051668405,-0.823791503906,0.168090820312,0.469665527344,0.269226074219,-6343.0,-2686.0,-3479.0,70.0,29.0,-1.0,
1646392567056607484,-0.823303222656,0.169921875,0.46826171875,0.272155761719,-6352.0,-2663.0,-3568.0,56.0,16.0,2.0,
1646392567061042785,-0.822814941406,0.171630859375,0.466918945312,0.274719238281,-6290.0,-2551.0,-3596.0,53.0,11.0,0.0,
1646392567064660310,-0.822326660156,0.173156738281,0.465759277344,0.277221679688,-6395.0,-2517.0,-3562.0,52.0,9.0,-4.0,
1646392567072950124,-0.821655273438,0.174438476562,0.46484375,0.279968261719,-6682.0,-2537.0,-3444.0,52.0,4.0,-6.0,
1646392567080995321,-0.821044921875,0.175720214844,0.4638671875,0.282653808594,-6921.0,-2530.0,-3350.0,50.0,10.0,-7.0,
1646392567082466602,-0.82080078125,0.177307128906,0.462280273438,0.284851074219,-6965.0,-2491.0,-3325.0,46.0,23.0,-4.0,
1646392567086848020,-0.820739746094,0.178955078125,0.460571289062,0.286743164062,-6916.0,-2488.0,-3334.0,43.0,26.0,-1.0,
1646392567092090845,-0.820739746094,0.1806640625,0.458923339844,0.288391113281,-6912.0,-2505.0,-3323.0,39.0,23.0,2.0,
1646392567098435640,-0.820617675781,0.182373046875,0.457580566406,0.289794921875,-6930.0,-2485.0,-3344.0,35.0,21.0,6.0,
1646392567104564189,-0.820495605469,0.183959960938,0.456420898438,0.290954589844,-7058.0,-2455.0,-3390.0,31.0,18.0,7.0,
1646392567107642412,-0.820251464844,0.185607910156,0.455505371094,0.291931152344,-7195.0,-2446.0,-3453.0,30.0,15.0,8.0,
1646392567112153768,-0.820007324219,0.187194824219,0.454650878906,0.292907714844,-7318.0,-2355.0,-3511.0,29.0,15.0,9.0,
1646392567116986274,-0.819885253906,0.188842773438,0.453674316406,0.293762207031,-7496.0,-2208.0,-3602.0,28.0,17.0,8.0,
1646392567122535943,-0.819763183594,0.190551757812,0.45263671875,0.294616699219,-7649.0,-2106.0,-3719.0,30.0,18.0,5.0,
1646392567126183986,-0.819580078125,0.192138671875,0.451477050781,0.295776367188,-7795.0,-2051.0,-3839.0,34.0,18.0,2.0,
1646392567129837512,-0.819580078125,0.193725585938,0.449829101562,0.297424316406,-7854.0,-1917.0,-3965.0,41.0,23.0,-4.0,
1646392567137917518,-0.819641113281,0.1953125,0.44775390625,0.29931640625,-7859.0,-1835.0,-3991.0,47.0,27.0,-9.0,
1646392567142448663,-0.819519042969,0.196716308594,0.445617675781,0.3017578125,-7808.0,-1826.0,-3979.0,53.0,25.0,-15.0,
1646392567147305011,-0.819396972656,0.197937011719,0.443359375,0.304626464844,-7720.0,-1806.0,-3917.0,57.0,26.0,-19.0,
1646392567151881933,-0.819152832031,0.199035644531,0.441162109375,0.307739257812,-7682.0,-1757.0,-3797.0,60.0,22.0,-23.0,
1646392567156443119,-0.81884765625,0.200073242188,0.439025878906,0.311096191406,-7624.0,-1778.0,-3602.0,62.0,22.0,-25.0,
1646392567160991430,-0.818481445312,0.200988769531,0.436828613281,0.314453125,-7541.0,-1941.0,-3403.0,61.0,24.0,-25.0,
1646392567164608478,-0.818176269531,0.201721191406,0.434631347656,0.317749023438,-7446.0,-2138.0,-3264.0,56.0,23.0,-25.0,
1646392567176116466,-0.818054199219,0.202392578125,0.432312011719,0.320739746094,-7253.0,-2303.0,-3232.0,51.0,27.0,-23.0,
1646392567177325963,-0.818176269531,0.203308105469,0.429748535156,0.323364257812,-6913.0,-2365.0,-3316.0,48.0,31.0,-18.0,
1646392567182228803,-0.818359375,0.204711914062,0.427062988281,0.325561523438,-6435.0,-2330.0,-3367.0,48.0,32.0,-10.0,
1646392567186958312,-0.818115234375,0.206237792969,0.425109863281,0.327758789062,-6315.0,-2462.0,-3296.0,48.0,19.0,-3.0,
1646392567191722393,-0.817199707031,0.207153320312,0.424621582031,0.330200195312,-6613.0,-2692.0,-3340.0,44.0,-4.0,-3.0,
1646392567198155164,-0.816162109375,0.207885742188,0.424377441406,0.332458496094,-6881.0,-2901.0,-3406.0,40.0,-6.0,-3.0,
1646392567203163862,-0.815551757812,0.208984375,0.423522949219,0.334289550781,-6924.0,-3145.0,-3477.0,37.0,7.0,0.0,
1646392567207647562,-0.815246582031,0.210083007812,0.422302246094,0.3359375,-6930.0,-3371.0,-3538.0,33.0,13.0,1.0,
1646392567212374687,-0.815124511719,0.211059570312,0.420959472656,0.33740234375,-6952.0,-3560.0,-3538.0,29.0,16.0,0.0,
1646392567232500314,-0.815063476562,0.211791992188,0.419677734375,0.338684082031,-6975.0,-3693.0,-3555.0,24.0,16.0,-2.0,
1646392567233412265,-0.815124511719,0.212341308594,0.418395996094,0.339721679688,-6952.0,-3770.0,-3553.0,20.0,17.0,-4.0,
1646392567233845233,-0.8154296875,0.212829589844,0.416931152344,0.340515136719,-6936.0,-3837.0,-3585.0,16.0,21.0,-6.0,
1646392567234257459,-0.815856933594,0.213073730469,0.415283203125,0.341247558594,-6987.0,-3901.0,-3549.0,13.0,22.0,-9.0,
1646392567245143890,-0.816467285156,0.213134765625,0.413635253906,0.341857910156,-7055.0,-3965.0,-3558.0,9.0,25.0,-13.0,
1646392567246304273,-0.817321777344,0.212951660156,0.41162109375,0.342346191406,-7027.0,-4041.0,-3579.0,5.0,31.0,-17.0,
1646392567246876239,-0.818481445312,0.212707519531,0.409118652344,0.342712402344,-6870.0,-4085.0,-3568.0,3.0,37.0,-20.0,
1646392567253002166,-0.819763183594,0.212280273438,0.406555175781,0.342895507812,-6749.0,-4066.0,-3651.0,0.0,39.0,-22.0,
1646392567258128404,-0.821105957031,0.211730957031,0.404052734375,0.343078613281,-6746.0,-4017.0,-3673.0,-1.0,35.0,-24.0,
1646392567262792587,-0.822387695312,0.211059570312,0.401611328125,0.34326171875,-6719.0,-3957.0,-3682.0,-2.0,36.0,-27.0,
1646392567267490625,-0.823791503906,0.21044921875,0.39892578125,0.343444824219,-6635.0,-3933.0,-3700.0,-1.0,40.0,-29.0,
1646392567272125959,-0.825256347656,0.209777832031,0.396057128906,0.343688964844,-6521.0,-3901.0,-3702.0,-1.0,42.0,-30.0,
1646392567276507377,-0.82666015625,0.209045410156,0.393188476562,0.343933105469,-6389.0,-3865.0,-3710.0,0.0,42.0,-30.0,
1646392567281307697,-0.828063964844,0.208312988281,0.390380859375,0.344299316406,-6197.0,-3837.0,-3674.0,1.0,39.0,-31.0,
1646392567285989999,-0.829223632812,0.207580566406,0.387878417969,0.3447265625,-5944.0,-3796.0,-3661.0,2.0,33.0,-29.0,
1646392567289384126,-0.830078125,0.206665039062,0.386047363281,0.345275878906,-5720.0,-3871.0,-3631.0,2.0,20.0,-26.0,
1646392567299672365,-0.830627441406,0.205627441406,0.384826660156,0.346008300781,-5553.0,-3976.0,-3632.0,1.0,9.0,-22.0,
1646392567304940223,-0.830993652344,0.20458984375,0.384094238281,0.346557617188,-5443.0,-3991.0,-3624.0,-1.0,1.0,-17.0,
1646392567309542179,-0.831176757812,0.203735351562,0.3837890625,0.346862792969,-5355.0,-3945.0,-3626.0,-3.0,-3.0,-13.0,
1646392567316218852,-0.831237792969,0.203063964844,0.3837890625,0.347106933594,-5282.0,-3898.0,-3635.0,-3.0,-7.0,-7.0,
1646392567318997859,-0.831115722656,0.20263671875,0.384216308594,0.347229003906,-5259.0,-3858.0,-3663.0,-2.0,-13.0,-2.0,
1646392567324259281,-0.830688476562,0.202331542969,0.385009765625,0.347473144531,-5316.0,-3783.0,-3697.0,0.0,-19.0,3.0,
1646392567328503608,-0.830139160156,0.202331542969,0.386047363281,0.34765625,-5454.0,-3651.0,-3736.0,2.0,-21.0,7.0,
1646392567333113908,-0.829467773438,0.202575683594,0.387145996094,0.347900390625,-5634.0,-3514.0,-3710.0,6.0,-20.0,9.0,
1646392567337847471,-0.828735351562,0.203125,0.388122558594,0.348266601562,-5799.0,-3438.0,-3713.0,10.0,-15.0,10.0,
1646392567342483997,-0.828063964844,0.203918457031,0.388793945312,0.348693847656,-5936.0,-3390.0,-3734.0,13.0,-10.0,11.0,
1646392567347867250,-0.827270507812,0.204711914062,0.389465332031,0.349304199219,-5992.0,-3375.0,-3749.0,15.0,-13.0,12.0,
1646392567351526737,-0.826354980469,0.205383300781,0.390441894531,0.350036621094,-6043.0,-3512.0,-3770.0,16.0,-18.0,12.0,
1646392567356220722,-0.825500488281,0.205688476562,0.391357421875,0.350891113281,-6199.0,-3732.0,-3811.0,14.0,-20.0,9.0,
1646392567361143589,-0.824829101562,0.205810546875,0.391967773438,0.351684570312,-6367.0,-3895.0,-3825.0,10.0,-16.0,5.0,
1646392567364641189,-0.824584960938,0.205932617188,0.392028808594,0.352111816406,-6488.0,-3950.0,-3823.0,6.0,-3.0,2.0,
1646392567372735977,-0.824768066406,0.206115722656,0.391540527344,0.352172851562,-6535.0,-3946.0,-3811.0,1.0,9.0,0.0,
1646392567377360343,-0.825134277344,0.206237792969,0.390808105469,0.351989746094,-6572.0,-3912.0,-3767.0,-3.0,13.0,-2.0,
1646392567382146835,-0.825561523438,0.206176757812,0.39013671875,0.351684570312,-6673.0,-3858.0,-3737.0,-6.0,13.0,-4.0,
1646392567386926889,-0.826110839844,0.205993652344,0.389465332031,0.351318359375,-6784.0,-3784.0,-3705.0,-8.0,13.0,-7.0,
1646392567391372919,-0.826721191406,0.205749511719,0.388671875,0.350891113281,-6837.0,-3724.0,-3681.0,-9.0,17.0,-9.0,
1646392567396408557,-0.827453613281,0.205444335938,0.3876953125,0.350341796875,-6840.0,-3693.0,-3659.0,-11.0,19.0,-11.0,
1646392567402377128,-0.828308105469,0.205078125,0.386657714844,0.349792480469,-6830.0,-3662.0,-3672.0,-12.0,20.0,-12.0,
1646392567407361984,-0.829223632812,0.20458984375,0.385559082031,0.34912109375,-6829.0,-3611.0,-3682.0,-14.0,20.0,-12.0,
1646392567414773225,-0.830139160156,0.204040527344,0.384521484375,0.348388671875,-6823.0,-3524.0,-3696.0,-16.0,19.0,-13.0,
1646392567416667461,-0.8310546875,0.203491210938,0.383483886719,0.347595214844,-6810.0,-3413.0,-3686.0,-16.0,20.0,-14.0,
1646392567423487186,-0.83203125,0.202941894531,0.382446289062,0.346862792969,-6837.0,-3281.0,-3602.0,-16.0,20.0,-15.0,
1646392567426318407,-0.832885742188,0.202270507812,0.381469726562,0.34619140625,-6838.0,-3145.0,-3621.0,-15.0,20.0,-17.0,
1646392567429686307,-0.833801269531,0.201782226562,0.38037109375,0.345520019531,-6644.0,-3106.0,-3616.0,-12.0,21.0,-16.0,
1646392567437584638,-0.834594726562,0.201416015625,0.379211425781,0.345031738281,-6456.0,-3152.0,-3628.0,-10.0,19.0,-12.0,
1646392567442353963,-0.835205078125,0.200988769531,0.37841796875,0.3447265625,-6387.0,-3175.0,-3652.0,-9.0,11.0,-10.0,
1646392567446954727,-0.835571289062,0.200561523438,0.378051757812,0.344421386719,-6348.0,-3203.0,-3670.0,-8.0,5.0,-8.0,
1646392567451686143,-0.835876464844,0.2001953125,0.377868652344,0.344177246094,-6352.0,-3283.0,-3690.0,-7.0,3.0,-6.0,
1646392567456269264,-0.836120605469,0.199768066406,0.377807617188,0.343933105469,-6390.0,-3389.0,-3758.0,-8.0,1.0,-6.0,
1646392567459744215,-0.83642578125,0.199340820312,0.377685546875,0.343566894531,-6454.0,-3461.0,-3813.0,-10.0,2.0,-5.0,
1646392567467693567,-0.836791992188,0.199035644531,0.377380371094,0.343078613281,-6523.0,-3494.0,-3858.0,-11.0,6.0,-5.0,
1646392567472559452,-0.837341308594,0.198852539062,0.376831054688,0.342529296875,-6559.0,-3518.0,-3886.0,-11.0,12.0,-5.0,
1646392567478371143,-0.838012695312,0.19873046875,0.375915527344,0.341918945312,-6559.0,-3546.0,-3906.0,-10.0,19.0,-6.0,
1646392567481479167,-0.838806152344,0.198669433594,0.374694824219,0.34130859375,-6550.0,-3573.0,-3927.0,-10.0,23.0,-7.0,
1646392567486197471,-0.839721679688,0.198608398438,0.373291015625,0.340637207031,-6530.0,-3606.0,-3961.0,-11.0,26.0,-8.0,
1646392567495144844,-0.840759277344,0.198547363281,0.371704101562,0.339904785156,-6511.0,-3645.0,-4016.0,-12.0,29.0,-8.0,
1646392567497506618,-0.841796875,0.198486328125,0.370056152344,0.339050292969,-6500.0,-3651.0,-4085.0,-13.0,31.0,-8.0,
1646392567503738403,-0.842956542969,0.198486328125,0.368347167969,0.338134765625,-6495.0,-3622.0,-4111.0,-14.0,33.0,-8.0,
1646392567508782625,-0.844116210938,0.198486328125,0.366455078125,0.337219238281,-6480.0,-3574.0,-4151.0,-13.0,36.0,-9.0,
1646392567513736963,-0.845397949219,0.198669433594,0.364379882812,0.336303710938,-6416.0,-3535.0,-4176.0,-12.0,39.0,-9.0,
1646392567518305778,-0.846618652344,0.198791503906,0.362182617188,0.33544921875,-6330.0,-3510.0,-4218.0,-10.0,41.0,-10.0,
1646392567525561809,-0.847839355469,0.198974609375,0.35986328125,0.334655761719,-6230.0,-3497.0,-4279.0,-9.0,41.0,-10.0,
1646392567527467250,-0.849060058594,0.199157714844,0.357604980469,0.333984375,-6130.0,-3513.0,-4332.0,-7.0,39.0,-10.0,
1646392567532169580,-0.85009765625,0.199279785156,0.355529785156,0.33349609375,-6046.0,-3540.0,-4393.0,-6.0,36.0,-9.0,
1646392567536682128,-0.850952148438,0.199401855469,0.353759765625,0.333068847656,-5840.0,-3445.0,-4559.0,-4.0,29.0,-8.0,
1646392567541260004,-0.851379394531,0.199462890625,0.352844238281,0.332946777344,-5996.0,-3629.0,-5060.0,1.0,9.0,-5.0,
1646392567544807434,-0.851379394531,0.198974609375,0.352661132812,0.333435058594,-6345.0,-3914.0,-5182.0,8.0,-10.0,-10.0,
1646392567553009033,-0.851379394531,0.198791503906,0.351989746094,0.334228515625,-6552.0,-3950.0,-5204.0,10.0,5.0,-9.0,
1646392567557644844,-0.851745605469,0.199035644531,0.350646972656,0.334655761719,-6565.0,-4067.0,-5224.0,10.0,21.0,-9.0,
1646392567562258958,-0.852294921875,0.199401855469,0.348876953125,0.334899902344,-6421.0,-4202.0,-5186.0,7.0,28.0,-6.0,
1646392567566815137,-0.852844238281,0.199768066406,0.347106933594,0.335021972656,-6261.0,-4255.0,-5184.0,4.0,26.0,-3.0,
1646392567571405649,-0.853393554688,0.2001953125,0.345581054688,0.3349609375,-6127.0,-4214.0,-5144.0,2.0,23.0,-1.0,
1646392567576173305,-0.853881835938,0.200622558594,0.344360351562,0.334716796875,-6030.0,-4082.0,-5091.0,0.0,19.0,0.0,
1646392567582905769,-0.854248046875,0.201049804688,0.343505859375,0.334533691406,-5990.0,-3980.0,-5024.0,1.0,15.0,1.0,
1646392567587444782,-0.854431152344,0.201477050781,0.342712402344,0.334411621094,-5989.0,-3882.0,-4965.0,3.0,13.0,1.0,
1646392567592055797,-0.854675292969,0.202026367188,0.341979980469,0.334411621094,-5959.0,-3802.0,-4898.0,4.0,14.0,2.0,
1646392567596717834,-0.854858398438,0.202697753906,0.341003417969,0.334411621094,-5880.0,-3735.0,-4828.0,6.0,17.0,3.0,
1646392567604176282,-0.855102539062,0.203552246094,0.339904785156,0.334411621094,-5751.0,-3676.0,-4749.0,7.0,20.0,5.0,
1646392567608896732,-0.855285644531,0.204528808594,0.3388671875,0.33447265625,-5609.0,-3638.0,-4699.0,8.0,19.0,7.0,
1646392567613718271,-0.855346679688,0.205444335938,0.338012695312,0.334533691406,-5524.0,-3603.0,-4640.0,8.0,15.0,9.0,
1646392567618558168,-0.855285644531,0.206359863281,0.33740234375,0.334655761719,-5492.0,-3584.0,-4617.0,8.0,10.0,9.0,
1646392567623120307,-0.855224609375,0.207153320312,0.337036132812,0.334777832031,-5489.0,-3577.0,-4612.0,8.0,8.0,10.0,
1646392567627833843,-0.855102539062,0.2080078125,0.336669921875,0.334838867188,-5513.0,-3573.0,-4606.0,7.0,7.0,9.0,
1646392567637446880,-0.855041503906,0.208740234375,0.336364746094,0.3349609375,-5544.0,-3581.0,-4594.0,7.0,6.0,9.0,
1646392567637884855,-0.85498046875,0.20947265625,0.335998535156,0.335083007812,-5548.0,-3573.0,-4600.0,7.0,8.0,8.0,
1646392567641258001,-0.854919433594,0.210144042969,0.335510253906,0.335144042969,-5539.0,-3579.0,-4634.0,6.0,9.0,6.0,
1646392567644706010,-0.85498046875,0.210693359375,0.335021972656,0.335266113281,-5565.0,-3607.0,-4661.0,6.0,8.0,5.0,
1646392567652842998,-0.85498046875,0.211120605469,0.334533691406,0.33544921875,-5604.0,-3634.0,-4666.0,6.0,6.0,3.0,
1646392567657535314,-0.85498046875,0.21142578125,0.334045410156,0.335693359375,-5626.0,-3667.0,-4669.0,6.0,7.0,1.0,
1646392567662056446,-0.855041503906,0.211730957031,0.33349609375,0.335998535156,-5642.0,-3704.0,-4686.0,6.0,7.0,0.0,
1646392567669344425,-0.855102539062,0.211975097656,0.332885742188,0.336242675781,-5654.0,-3726.0,-4680.0,6.0,8.0,-1.0,
1646392567671317577,-0.855163574219,0.212158203125,0.332275390625,0.336547851562,-5634.0,-3743.0,-4678.0,6.0,8.0,-2.0,
1646392567676226139,-0.855285644531,0.212341308594,0.331604003906,0.336791992188,-5585.0,-3783.0,-4626.0,5.0,8.0,-2.0,
1646392567683113813,-0.855346679688,0.212463378906,0.3310546875,0.337036132812,-5531.0,-3799.0,-4568.0,4.0,7.0,-1.0,
1646392567691260337,-0.855407714844,0.212585449219,0.330688476562,0.337219238281,-5478.0,-3787.0,-4511.0,3.0,5.0,0.0,
1646392567692232131,-0.855407714844,0.212768554688,0.330444335938,0.337280273438,-5457.0,-3796.0,-4461.0,1.0,4.0,2.0,
1646392567698671340,-0.85546875,0.213012695312,0.330322265625,0.337219238281,-5349.0,-3725.0,-4415.0,-1.0,2.0,4.0,
1646392567702345371,-0.855529785156,0.213317871094,0.330200195312,0.3369140625,-5311.0,-3702.0,-4398.0,-3.0,3.0,6.0,
1646392567708405971,-0.855407714844,0.213623046875,0.330505371094,0.336730957031,-5348.0,-3613.0,-4427.0,-3.0,-4.0,7.0,
1646392567713691949,-0.855285644531,0.214050292969,0.330871582031,0.336486816406,-5387.0,-3543.0,-4408.0,-1.0,-4.0,9.0,
1646392567718358755,-0.85498046875,0.214599609375,0.331298828125,0.336364746094,-5417.0,-3505.0,-4392.0,1.0,-4.0,11.0,
1646392567723116397,-0.854675292969,0.21533203125,0.331726074219,0.336303710938,-5419.0,-3488.0,-4399.0,3.0,-3.0,13.0,
1646392567730068922,-0.854370117188,0.216186523438,0.33203125,0.336303710938,-5456.0,-3537.0,-4408.0,5.0,-3.0,15.0,
1646392567731734037,-0.853942871094,0.216979980469,0.33251953125,0.336364746094,-5496.0,-3580.0,-4448.0,5.0,-5.0,16.0,
1646392567736531734,-0.853515625,0.217895507812,0.332946777344,0.33642578125,-5612.0,-3616.0,-4519.0,5.0,-6.0,17.0,
1646392567741273164,-0.853088378906,0.21875,0.333435058594,0.336486816406,-5818.0,-3632.0,-4574.0,6.0,-5.0,16.0,
1646392567746014356,-0.852722167969,0.219665527344,0.333679199219,0.336486816406,-6020.0,-3639.0,-4676.0,6.0,1.0,14.0,
1646392567753082036,-0.852600097656,0.220642089844,0.33349609375,0.336486816406,-6167.0,-3664.0,-4687.0,7.0,7.0,11.0,
1646392567760035276,-0.852600097656,0.2216796875,0.332763671875,0.336486816406,-6161.0,-3760.0,-4669.0,8.0,17.0,9.0,
1646392567762536525,-0.852722167969,0.222473144531,0.331909179688,0.336486816406,-6166.0,-3789.0,-4630.0,5.0,18.0,7.0,
1646392567767095565,-0.852905273438,0.223266601562,0.3310546875,0.336364746094,-6182.0,-3777.0,-4586.0,3.0,18.0,6.0,
1646392567772053956,-0.853088378906,0.223876953125,0.330261230469,0.336181640625,-6202.0,-3769.0,-4548.0,1.0,17.0,5.0,
1646392567776607513,-0.853393554688,0.224426269531,0.329528808594,0.335815429688,-6243.0,-3764.0,-4532.0,-2.0,17.0,4.0,
1646392567783692121,-0.853698730469,0.224853515625,0.328796386719,0.335388183594,-6294.0,-3732.0,-4530.0,-4.0,18.0,2.0,
1646392567789994001,-0.854187011719,0.225219726562,0.328002929688,0.334777832031,-6382.0,-3660.0,-4516.0,-7.0,19.0,1.0,
1646392567793043375,-0.854797363281,0.225646972656,0.327026367188,0.333923339844,-6467.0,-3554.0,-4504.0,-9.0,24.0,0.0,
1646392567797734498,-0.855529785156,0.226135253906,0.32568359375,0.332946777344,-6342.0,-3387.0,-4349.0,-10.0,32.0,-1.0,
1646392567802189588,-0.856384277344,0.226867675781,0.324035644531,0.331848144531,-6155.0,-3282.0,-4411.0,-11.0,37.0,1.0,
1646392567809687614,-0.857177734375,0.227294921875,0.322692871094,0.330749511719,-6124.0,-3173.0,-4373.0,-10.0,28.0,0.0,
1646392567814842224,-0.857849121094,0.227844238281,0.321594238281,0.329895019531,-6101.0,-3078.0,-4309.0,-9.0,26.0,0.0,
1646392567822717666,-0.8583984375,0.228332519531,0.320556640625,0.3291015625,-6088.0,-2966.0,-4312.0,-7.0,25.0,0.0,
1646392567824446916,-0.858947753906,0.228820800781,0.319458007812,0.328308105469,-6108.0,-2859.0,-4257.0,-6.0,25.0,-1.0,
1646392567831851720,-0.859436035156,0.229431152344,0.318359375,0.32763671875,-6117.0,-2772.0,-4238.0,-4.0,27.0,0.0,
1646392567833639621,-0.860046386719,0.230163574219,0.31689453125,0.326965332031,-6048.0,-2767.0,-4127.0,-3.0,33.0,0.0,
1646392567838336229,-0.860717773438,0.230895996094,0.315307617188,0.326293945312,-5941.0,-2752.0,-4120.0,-3.0,35.0,0.0,
1646392567843143939,-0.861389160156,0.231567382812,0.313659667969,0.325561523438,-5892.0,-2777.0,-4126.0,-5.0,34.0,0.0,
1646392567849783897,-0.861938476562,0.232116699219,0.312255859375,0.325073242188,-5880.0,-2567.0,-4617.0,-3.0,28.0,-1.0,
1646392567852308750,-0.862609863281,0.232788085938,0.310607910156,0.324523925781,-6019.0,-2853.0,-5003.0,7.0,26.0,-5.0,
1646392567857126712,-0.862976074219,0.232604980469,0.30908203125,0.325073242188,-6277.0,-3137.0,-5075.0,12.0,16.0,-14.0,
1646392567862927436,-0.863220214844,0.231872558594,0.307800292969,0.326171875,-6484.0,-3126.0,-5280.0,13.0,14.0,-24.0,
1646392567866353750,-0.863891601562,0.2314453125,0.305297851562,0.326904296875,-6547.0,-3236.0,-5411.0,17.0,34.0,-31.0,
1646392567871848344,-0.864868164062,0.230834960938,0.301940917969,0.327880859375,-6438.0,-3397.0,-5398.0,19.0,45.0,-37.0,
1646392567885771512,-0.866027832031,0.230102539062,0.297973632812,0.328979492188,-6208.0,-3581.0,-5310.0,19.0,53.0,-40.0,
1646392567886567115,-0.867248535156,0.229248046875,0.293884277344,0.330078125,-5931.0,-3625.0,-5251.0,17.0,54.0,-42.0,
1646392567899033069,-0.868469238281,0.228210449219,0.289978027344,0.330993652344,-5732.0,-3633.0,-5198.0,14.0,50.0,-43.0,
1646392567899664640,-0.86962890625,0.227111816406,0.286437988281,0.331787109375,-5697.0,-3726.0,-5131.0,13.0,46.0,-42.0,
1646392567899991512,-0.870727539062,0.226196289062,0.282836914062,0.332580566406,-5523.0,-3773.0,-5207.0,12.0,48.0,-40.0,
1646392567902659177,-0.871948242188,0.225463867188,0.278930664062,0.333312988281,-5282.0,-3793.0,-5226.0,14.0,52.0,-38.0,
1646392567907497167,-0.872985839844,0.224975585938,0.275085449219,0.334106445312,-5101.0,-3791.0,-5252.0,18.0,50.0,-34.0,
1646392567914839029,-0.873840332031,0.224670410156,0.271362304688,0.335083007812,-4939.0,-3782.0,-5228.0,21.0,48.0,-31.0,
1646392567917549610,-0.874572753906,0.224487304688,0.267822265625,0.336120605469,-4782.0,-3791.0,-5169.0,23.0,46.0,-28.0,
1646392567923321247,-0.875183105469,0.224426269531,0.264465332031,0.337341308594,-4607.0,-3813.0,-5084.0,25.0,43.0,-25.0,
1646392567926896572,-0.875549316406,0.224487304688,0.261474609375,0.338562011719,-4502.0,-3816.0,-5031.0,25.0,39.0,-20.0,
1646392567931511402,-0.875854492188,0.224853515625,0.2587890625,0.339660644531,-4449.0,-3830.0,-5011.0,24.0,36.0,-14.0,
1646392567936084508,-0.876037597656,0.225524902344,0.256286621094,0.340637207031,-4382.0,-3867.0,-4989.0,24.0,35.0,-9.0,
1646392567943238258,-0.876098632812,0.226379394531,0.253967285156,0.341613769531,-4322.0,-3944.0,-4992.0,24.0,33.0,-3.0,
1646392567950803995,-0.876098632812,0.227416992188,0.251831054688,0.342529296875,-4315.0,-4019.0,-5051.0,24.0,30.0,2.0,
1646392567952318906,-0.8759765625,0.228515625,0.249938964844,0.343383789062,-4344.0,-4077.0,-5131.0,23.0,27.0,3.0,
1646392567957133293,-0.875854492188,0.229614257812,0.248229980469,0.34423828125,-4468.0,-4156.0,-5191.0,23.0,25.0,5.0,
1646392567961728334,-0.875732421875,0.230834960938,0.246520996094,0.345092773438,-4541.0,-4169.0,-5204.0,23.0,27.0,5.0,
1646392567966511964,-0.875610351562,0.232177734375,0.24462890625,0.345825195312,-4579.0,-4200.0,-5230.0,23.0,32.0,6.0,
1646392567971122980,-0.87548828125,0.233520507812,0.242614746094,0.346557617188,-4605.0,-4256.0,-5280.0,24.0,32.0,6.0,
1646392567978326320,-0.875366210938,0.234985351562,0.240478515625,0.347351074219,-4611.0,-4274.0,-5328.0,25.0,34.0,7.0,
1646392567982964277,-0.875183105469,0.236511230469,0.238342285156,0.348205566406,-4605.0,-4281.0,-5333.0,27.0,34.0,7.0,
1646392567990168094,-0.875,0.237976074219,0.236267089844,0.349243164062,-4612.0,-4314.0,-5326.0,28.0,33.0,6.0,
1646392567992339611,-0.874755859375,0.239318847656,0.234191894531,0.350280761719,-4586.0,-4364.0,-5315.0,29.0,31.0,5.0,
1646392567997004270,-0.87451171875,0.240539550781,0.232177734375,0.351379394531,-4553.0,-4457.0,-5331.0,28.0,30.0,4.0,
1646392568001590728,-0.874328613281,0.241638183594,0.230102539062,0.352478027344,-4491.0,-4531.0,-5360.0,26.0,29.0,2.0,
1646392568006346940,-0.874206542969,0.242492675781,0.228149414062,0.353454589844,-4424.0,-4550.0,-5493.0,24.0,27.0,0.0,
1646392568013701438,-0.874145507812,0.243347167969,0.226135253906,0.354309082031,-4323.0,-4556.0,-5634.0,24.0,25.0,0.0,
1646392568020956277,-0.8740234375,0.244323730469,0.223999023438,0.355224609375,-4154.0,-4592.0,-5707.0,26.0,27.0,0.0,
1646392568025568962,-0.873901367188,0.245300292969,0.221862792969,0.356262207031,-4037.0,-4658.0,-5796.0,27.0,26.0,2.0,
1646392568029847383,-0.873657226562,0.246276855469,0.219909667969,0.357299804688,-3965.0,-4657.0,-5869.0,27.0,23.0,3.0,
1646392568034445285,-0.873413085938,0.247375488281,0.218078613281,0.358337402344,-3901.0,-4663.0,-5941.0,28.0,22.0,5.0,
1646392568038963794,-0.873107910156,0.248474121094,0.216369628906,0.359375,-3868.0,-4643.0,-5974.0,28.0,21.0,6.0,
1646392568043630599,-0.872741699219,0.249755859375,0.214660644531,0.360412597656,-3812.0,-4591.0,-6003.0,29.0,22.0,8.0,
1646392568048994779,-0.872314453125,0.251220703125,0.212951660156,0.361450195312,-3696.0,-4603.0,-5967.0,30.0,23.0,11.0,
1646392568052690744,-0.871826171875,0.252807617188,0.211303710938,0.362548828125,-3571.0,-4603.0,-5957.0,30.0,21.0,14.0,
1646392568057371139,-0.871215820312,0.254333496094,0.209899902344,0.363586425781,-3504.0,-4611.0,-5933.0,30.0,17.0,16.0,
1646392568062157630,-0.87060546875,0.256042480469,0.208801269531,0.364562988281,-3432.0,-4667.0,-5920.0,28.0,14.0,20.0,
1646392568066731691,-0.869934082031,0.257690429688,0.207885742188,0.365539550781,-3408.0,-4728.0,-5947.0,26.0,12.0,22.0,
1646392568071545839,-0.869262695312,0.259338378906,0.207275390625,0.366333007812,-3443.0,-4761.0,-5987.0,23.0,8.0,23.0,
1646392568076129436,-0.868591308594,0.261047363281,0.206848144531,0.366943359375,-3463.0,-4798.0,-5999.0,21.0,6.0,25.0,
1646392568083070993,-0.867919921875,0.262817382812,0.206359863281,0.367431640625,-3561.0,-4855.0,-6064.0,18.0,8.0,26.0,
1646392568087709426,-0.867309570312,0.264526367188,0.2060546875,0.367858886719,-3705.0,-4814.0,-6111.0,17.0,7.0,26.0,
1646392568092580080,-0.866638183594,0.266296386719,0.205932617188,0.368225097656,-3927.0,-4744.0,-6196.0,17.0,6.0,26.0,
1646392568098361492,-0.866027832031,0.268005371094,0.205749511719,0.368591308594,-4169.0,-4710.0,-6136.0,18.0,7.0,24.0,
1646392568103380680,-0.865295410156,0.269409179688,0.205810546875,0.369262695312,-4474.0,-4704.0,-6085.0,18.0,3.0,19.0,
1646392568111684799,-0.864624023438,0.270751953125,0.205688476562,0.369873046875,-4585.0,-4602.0,-6097.0,18.0,7.0,17.0,
1646392568112393617,-0.864135742188,0.272277832031,0.205078125,0.370239257812,-4530.0,-4484.0,-5962.0,18.0,13.0,16.0,
1646392568120222568,-0.863647460938,0.273498535156,0.20458984375,0.370727539062,-4583.0,-4564.0,-5836.0,17.0,10.0,14.0,
1646392568125140190,-0.863159179688,0.274536132812,0.204345703125,0.371337890625,-4608.0,-4558.0,-5748.0,13.0,6.0,13.0,
1646392568129768371,-0.862731933594,0.275512695312,0.204162597656,0.371643066406,-4632.0,-4530.0,-5725.0,10.0,5.0,13.0,
1646392568134513616,-0.862365722656,0.276428222656,0.204040527344,0.371826171875,-4685.0,-4531.0,-5681.0,8.0,4.0,12.0,
1646392568139100790,-0.862060546875,0.277221679688,0.204040527344,0.372009277344,-4751.0,-4580.0,-5647.0,7.0,4.0,11.0,
1646392568143749237,-0.86181640625,0.277954101562,0.203918457031,0.372131347656,-4780.0,-4597.0,-5607.0,6.0,5.0,9.0,
1646392568148572683,-0.861633300781,0.278564453125,0.20361328125,0.372253417969,-4771.0,-4617.0,-5560.0,5.0,7.0,8.0,
1646392568153187274,-0.861511230469,0.279052734375,0.203308105469,0.372314453125,-4769.0,-4620.0,-5548.0,4.0,6.0,5.0,
1646392568157669544,-0.861450195312,0.279418945312,0.203063964844,0.372314453125,-4761.0,-4605.0,-5501.0,2.0,5.0,3.0,
1646392568162473440,-0.861389160156,0.279724121094,0.202758789062,0.372314453125,-4762.0,-4582.0,-5507.0,1.0,6.0,2.0,
1646392568167070865,-0.861511230469,0.279968261719,0.202392578125,0.372131347656,-4729.0,-4511.0,-5475.0,0.0,7.0,1.0,
1646392568172285079,-0.861572265625,0.2802734375,0.201904296875,0.371948242188,-4691.0,-4447.0,-5440.0,-1.0,9.0,1.0,
1646392568176938056,-0.861755371094,0.280517578125,0.201354980469,0.371704101562,-4629.0,-4386.0,-5399.0,0.0,10.0,0.0,
1646392568181745290,-0.861877441406,0.28076171875,0.20068359375,0.371520996094,-4544.0,-4313.0,-5343.0,0.0,11.0,-1.0,
1646392568186367511,-0.862060546875,0.280944824219,0.200012207031,0.371398925781,-4458.0,-4252.0,-5297.0,1.0,11.0,-2.0,
1646392568193403720,-0.862243652344,0.281005859375,0.199340820312,0.371276855469,-4385.0,-4240.0,-5270.0,1.0,10.0,-4.0,
1646392568197882413,-0.862426757812,0.281005859375,0.198669433594,0.371276855469,-4318.0,-4248.0,-5271.0,1.0,9.0,-5.0,
1646392568205340862,-0.862609863281,0.280822753906,0.197937011719,0.371276855469,-4282.0,-4257.0,-5298.0,1.0,8.0,-7.0,
1646392568207256317,-0.86279296875,0.280639648438,0.197326660156,0.371337890625,-4268.0,-4273.0,-5334.0,2.0,6.0,-8.0,
1646392568211791515,-0.862976074219,0.280395507812,0.196716308594,0.371398925781,-4249.0,-4324.0,-5373.0,3.0,6.0,-8.0,
1646392568219090938,-0.863098144531,0.280334472656,0.195983886719,0.37158203125,-4189.0,-4366.0,-5420.0,4.0,7.0,-6.0,
1646392568224163770,-0.863159179688,0.280334472656,0.195251464844,0.371765136719,-4101.0,-4407.0,-5476.0,6.0,7.0,-4.0,
1646392568228988170,-0.863159179688,0.280517578125,0.194641113281,0.372009277344,-4006.0,-4465.0,-5521.0,7.0,5.0,-1.0,
1646392568238034486,-0.863037109375,0.28076171875,0.194091796875,0.372375488281,-3923.0,-4531.0,-5571.0,8.0,3.0,2.0,
1646392568238574504,-0.86279296875,0.281066894531,0.193908691406,0.372741699219,-3892.0,-4586.0,-5604.0,8.0,-1.0,5.0,
1646392568242316246,-0.862548828125,0.281433105469,0.193908691406,0.373168945312,-3899.0,-4618.0,-5635.0,8.0,-5.0,7.0,
1646392568247030258,-0.862182617188,0.28173828125,0.194213867188,0.373596191406,-3952.0,-4660.0,-5646.0,7.0,-8.0,8.0,
1646392568251552581,-0.86181640625,0.281921386719,0.194641113281,0.3740234375,-4033.0,-4650.0,-5685.0,7.0,-10.0,8.0,
1646392568256264448,-0.861450195312,0.2822265625,0.195129394531,0.374389648438,-4085.0,-4639.0,-5708.0,6.0,-9.0,8.0,
1646392568263273239,-0.861083984375,0.282592773438,0.195556640625,0.374755859375,-4121.0,-4624.0,-5727.0,6.0,-9.0,8.0,
1646392568269817590,-0.860778808594,0.282897949219,0.195983886719,0.375061035156,-4168.0,-4644.0,-5728.0,6.0,-9.0,8.0,
1646392568272776365,-0.860412597656,0.283142089844,0.196411132812,0.375366210938,-4187.0,-4627.0,-5722.0,5.0,-8.0,7.0,
1646392568277513027,-0.860168457031,0.283386230469,0.196838378906,0.375610351562,-4206.0,-4594.0,-5701.0,4.0,-9.0,6.0,
1646392568283456325,-0.859985351562,0.283447265625,0.197204589844,0.375793457031,-4259.0,-4580.0,-5604.0,2.0,-8.0,4.0,
1646392568288762569,-0.859802246094,0.283569335938,0.197509765625,0.375915527344,-4200.0,-4462.0,-5573.0,0.0,-5.0,3.0,
1646392568293269872,-0.859802246094,0.283569335938,0.19775390625,0.375793457031,-4208.0,-4431.0,-5531.0,-2.0,-6.0,2.0,
1646392568299875259,-0.859741210938,0.283386230469,0.198181152344,0.375793457031,-4153.0,-4373.0,-5483.0,-2.0,-8.0,1.0,
1646392568302448034,-0.859741210938,0.283142089844,0.19873046875,0.375793457031,-4159.0,-4312.0,-5460.0,-3.0,-11.0,0.0,
1646392568307542085,-0.859680175781,0.282775878906,0.199401855469,0.375793457031,-4202.0,-4290.0,-5422.0,-3.0,-13.0,-1.0,
1646392568311849832,-0.859619140625,0.282470703125,0.199890136719,0.375793457031,-4198.0,-4298.0,-5402.0,-3.0,-10.0,-2.0,
1646392568316672325,-0.859619140625,0.282165527344,0.200378417969,0.375854492188,-4157.0,-4336.0,-5386.0,-3.0,-10.0,-2.0,
1646392568324164152,-0.859619140625,0.281799316406,0.200805664062,0.375915527344,-4125.0,-4378.0,-5390.0,-3.0,-12.0,-1.0,
1646392568328785419,-0.859558105469,0.281433105469,0.201416015625,0.3759765625,-4154.0,-4406.0,-5406.0,-4.0,-14.0,0.0,
1646392568333531141,-0.859497070312,0.281127929688,0.2021484375,0.3759765625,-4185.0,-4435.0,-5430.0,-4.0,-14.0,1.0,
1646392568342328071,-0.859436035156,0.280883789062,0.202880859375,0.375915527344,-4244.0,-4484.0,-5459.0,-4.0,-14.0,2.0,
1646392568342926263,-0.859252929688,0.280822753906,0.203674316406,0.375915527344,-4274.0,-4502.0,-5500.0,-4.0,-14.0,5.0,
1646392568347321510,-0.859130859375,0.280944824219,0.204284667969,0.375793457031,-4238.0,-4457.0,-5368.0,-4.0,-9.0,8.0,
1646392568352055311,-0.858947753906,0.281372070312,0.204956054688,0.37548828125,-4170.0,-4431.0,-5378.0,-6.0,-7.0,12.0,
1646392568356675624,-0.858764648438,0.28173828125,0.205993652344,0.375061035156,-4162.0,-4399.0,-5382.0,-8.0,-13.0,15.0,
1646392568361433267,-0.858520507812,0.282165527344,0.207275390625,0.374633789062,-4221.0,-4400.0,-5399.0,-9.0,-17.0,17.0,
1646392568366121530,-0.858215332031,0.282592773438,0.208801269531,0.374206542969,-4341.0,-4391.0,-5464.0,-10.0,-19.0,18.0,
1646392568379940509,-0.85791015625,0.282897949219,0.210388183594,0.373718261719,-4517.0,-4395.0,-5493.0,-10.0,-21.0,17.0,
1646392568380676507,-0.857604980469,0.283203125,0.211975097656,0.373352050781,-4642.0,-4426.0,-5551.0,-9.0,-19.0,14.0,
1646392568382010459,-0.857360839844,0.283447265625,0.213195800781,0.372985839844,-4743.0,-4455.0,-5611.0,-9.0,-15.0,12.0,
1646392568386512279,-0.857238769531,0.283630371094,0.214233398438,0.37255859375,-4825.0,-4468.0,-5633.0,-9.0,-13.0,10.0,
1646392568391347646,-0.857116699219,0.283752441406,0.215087890625,0.372192382812,-4893.0,-4471.0,-5647.0,-9.0,-11.0,8.0,
1646392568398211240,-0.857116699219,0.283935546875,0.2158203125,0.371765136719,-4945.0,-4463.0,-5648.0,-9.0,-8.0,7.0,
1646392568404602766,-0.857116699219,0.283996582031,0.216369628906,0.371337890625,-4992.0,-4445.0,-5633.0,-9.0,-5.0,5.0,
1646392568407823085,-0.857177734375,0.284057617188,0.216796875,0.370849609375,-5019.0,-4418.0,-5607.0,-9.0,-4.0,4.0,
1646392568414191961,-0.857360839844,0.284118652344,0.217041015625,0.370300292969,-5005.0,-4393.0,-5585.0,-10.0,0.0,3.0,
1646392568417050123,-0.857543945312,0.284240722656,0.217163085938,0.369689941406,-4975.0,-4386.0,-5581.0,-10.0,2.0,2.0,
1646392568423468112,-0.857849121094,0.284301757812,0.217163085938,0.368957519531,-4980.0,-4369.0,-5578.0,-11.0,3.0,2.0,
1646392568428333997,-0.858093261719,0.284423828125,0.217224121094,0.368225097656,-5011.0,-4340.0,-5562.0,-12.0,3.0,3.0,
1646392568437139511,-0.858337402344,0.284606933594,0.21728515625,0.367431640625,-5037.0,-4303.0,-5544.0,-12.0,5.0,3.0,
1646392568437702417,-0.858642578125,0.284912109375,0.217224121094,0.366577148438,-5024.0,-4262.0,-5513.0,-12.0,8.0,3.0,
1646392568442134857,-0.858947753906,0.28515625,0.217041015625,0.36572265625,-5023.0,-4253.0,-5449.0,-12.0,9.0,3.0,
1646392568451136112,-0.859313964844,0.285400390625,0.216857910156,0.364807128906,-5045.0,-4153.0,-5376.0,-14.0,10.0,3.0,
1646392568451702594,-0.859741210938,0.285827636719,0.216552734375,0.363708496094,-4922.0,-4103.0,-5316.0,-15.0,14.0,4.0,
1646392568458191394,-0.860229492188,0.286376953125,0.215881347656,0.362426757812,-4722.0,-4082.0,-5326.0,-16.0,19.0,6.0,
1646392568462754249,-0.86083984375,0.286804199219,0.21533203125,0.361022949219,-4618.0,-4048.0,-5349.0,-19.0,16.0,6.0,
1646392568467854022,-0.861328125,0.287231445312,0.215148925781,0.359619140625,-4622.0,-4036.0,-5336.0,-21.0,11.0,7.0,
1646392568472172260,-0.861755371094,0.28759765625,0.215148925781,0.358215332031,-4597.0,-4016.0,-5332.0,-22.0,10.0,8.0,
1646392568477058410,-0.8623046875,0.288146972656,0.215087890625,0.356628417969,-4636.0,-4060.0,-5313.0,-24.0,12.0,10.0,
1646392568481579065,-0.862976074219,0.289001464844,0.214416503906,0.354614257812,-4654.0,-4028.0,-5180.0,-28.0,27.0,11.0,
1646392568488670110,-0.86376953125,0.290100097656,0.213500976562,0.352355957031,-4514.0,-3931.0,-5132.0,-30.0,35.0,13.0,
1646392568493039608,-0.864562988281,0.291137695312,0.212829589844,0.350036621094,-4407.0,-3864.0,-5186.0,-31.0,27.0,15.0,
1646392568497703790,-0.865173339844,0.291748046875,0.212951660156,0.347961425781,-4441.0,-3846.0,-5204.0,-31.0,12.0,14.0,
1646392568502858400,-0.865661621094,0.292358398438,0.213195800781,0.345947265625,-4442.0,-3813.0,-5258.0,-31.0,11.0,14.0,
1646392568507016181,-0.866271972656,0.292907714844,0.213256835938,0.343872070312,-4433.0,-3818.0,-5313.0,-31.0,13.0,12.0,
1646392568512511253,-0.867004394531,0.29345703125,0.213256835938,0.341674804688,-4457.0,-3803.0,-5378.0,-33.0,15.0,11.0,
1646392568530238389,-0.867797851562,0.2939453125,0.213073730469,0.339294433594,-4493.0,-3782.0,-5439.0,-35.0,18.0,10.0,
1646392568531036853,-0.86865234375,0.294494628906,0.212768554688,0.336730957031,-4531.0,-3746.0,-5500.0,-37.0,22.0,10.0,
1646392568536228895,-0.86962890625,0.295166015625,0.212219238281,0.333984375,-4531.0,-3686.0,-5563.0,-39.0,27.0,10.0,
1646392568547199487,-0.872863769531,0.297119140625,0.209777832031,0.325317382812,-4306.0,-3488.0,-5840.0,-39.0,29.0,8.0,
1646392568553605079,-0.874816894531,0.298095703125,0.208618164062,0.319885253906,-4133.0,-3385.0,-6078.0,-37.0,20.0,9.0,
1646392568558102607,-0.875671386719,0.298522949219,0.208435058594,0.317260742188,-4081.0,-3280.0,-6192.0,-37.0,15.0,10.0,
1646392568563578844,-0.876403808594,0.298950195312,0.20849609375,0.314819335938,-4047.0,-3169.0,-6304.0,-35.0,11.0,10.0,
1646392568567871332,-0.877014160156,0.29931640625,0.208740234375,0.312561035156,-4047.0,-3074.0,-6409.0,-32.0,7.0,10.0,
1646392568572673320,-0.877502441406,0.299560546875,0.209167480469,0.310607910156,-4080.0,-3014.0,-6507.0,-28.0,3.0,9.0,
1646392568577569007,-0.8779296875,0.299865722656,0.209655761719,0.308898925781,-4141.0,-2984.0,-6589.0,-25.0,0.0,8.0,
1646392568582327842,-0.878234863281,0.300048828125,0.210144042969,0.307373046875,-4207.0,-2968.0,-6659.0,-22.0,0.0,7.0,
1646392568586786031,-0.878540039062,0.30029296875,0.210510253906,0.306030273438,-4252.0,-2973.0,-6706.0,-19.0,0.0,6.0,
1646392568595506429,-0.878845214844,0.300476074219,0.210754394531,0.304809570312,-4279.0,-2996.0,-6731.0,-18.0,2.0,6.0,
1646392568598103523,-0.879211425781,0.300598144531,0.210998535156,0.303588867188,-4297.0,-3029.0,-6763.0,-18.0,2.0,5.0,
1646392568602848768,-0.879577636719,0.300659179688,0.211181640625,0.302368164062,-4310.0,-3063.0,-6783.0,-19.0,2.0,4.0,
1646392568607622146,-0.880004882812,0.300659179688,0.211303710938,0.301025390625,-4323.0,-3084.0,-6810.0,-21.0,3.0,3.0,
1646392568612232208,-0.880493164062,0.300598144531,0.211486816406,0.299499511719,-4353.0,-3073.0,-6829.0,-24.0,4.0,2.0,
1646392568616798400,-0.881042480469,0.300476074219,0.211669921875,0.297729492188,-4382.0,-3033.0,-6875.0,-27.0,5.0,2.0,
1646392568621622323,-0.881713867188,0.300415039062,0.211730957031,0.295715332031,-4369.0,-2953.0,-6913.0,-30.0,8.0,2.0,
1646392568628330230,-0.882507324219,0.300476074219,0.211730957031,0.29345703125,-4320.0,-2816.0,-6968.0,-33.0,10.0,3.0,
1646392568637832641,-0.883239746094,0.300537109375,0.211791992188,0.291015625,-4255.0,-2674.0,-7043.0,-34.0,10.0,4.0,
1646392568644106149,-0.884704589844,0.30078125,0.212219238281,0.286010742188,-4150.0,-2363.0,-7223.0,-35.0,6.0,6.0,
1646392568648580074,-0.885314941406,0.301025390625,0.212646484375,0.283569335938,-4105.0,-2204.0,-7293.0,-34.0,4.0,8.0,
1646392568653416156,-0.885803222656,0.301391601562,0.213195800781,0.281127929688,-4056.0,-2041.0,-7381.0,-32.0,2.0,10.0,
1646392568657853603,-0.88623046875,0.301879882812,0.213806152344,0.278747558594,-4002.0,-1881.0,-7471.0,-30.0,0.0,13.0,
1646392568663088560,-0.886596679688,0.302490234375,0.214538574219,0.276428222656,-3933.0,-1732.0,-7546.0,-29.0,-2.0,15.0,
1646392568667396545,-0.886779785156,0.30322265625,0.215454101562,0.274291992188,-3878.0,-1635.0,-7609.0,-26.0,-5.0,17.0,
1646392568672066450,-0.886901855469,0.303833007812,0.216430664062,0.272399902344,-3850.0,-1592.0,-7641.0,-24.0,-9.0,17.0,
1646392568676626920,-0.886901855469,0.304504394531,0.217590332031,0.270751953125,-3836.0,-1570.0,-7655.0,-21.0,-12.0,18.0,
1646392568683621644,-0.886840820312,0.30517578125,0.218688964844,0.269287109375,-3811.0,-1548.0,-7643.0,-18.0,-12.0,18.0,
1646392568688124656,-0.88671875,0.305908203125,0.219787597656,0.268005371094,-3794.0,-1536.0,-7621.0,-15.0,-13.0,18.0,
1646392568692869424,-0.886535644531,0.306640625,0.220825195312,0.266906738281,-3789.0,-1536.0,-7582.0,-13.0,-13.0,18.0,
1646392568697686195,-0.886291503906,0.307312011719,0.221862792969,0.266052246094,-3800.0,-1547.0,-7538.0,-9.0,-14.0,17.0,
1646392568702361106,-0.885986328125,0.307983398438,0.222900390625,0.265441894531,-3832.0,-1576.0,-7486.0,-6.0,-15.0,16.0,
1646392568706831455,-0.885620117188,0.30859375,0.223999023438,0.265075683594,-3900.0,-1615.0,-7442.0,-3.0,-17.0,15.0,
1646392568711341619,-0.885192871094,0.309143066406,0.225036621094,0.264831542969,-3992.0,-1646.0,-7403.0,-1.0,-17.0,14.0,
1646392568718805551,-0.884826660156,0.309753417969,0.226013183594,0.264709472656,-4098.0,-1689.0,-7377.0,1.0,-15.0,13.0,
1646392568723571538,-0.884399414062,0.310363769531,0.226806640625,0.2646484375,-4204.0,-1714.0,-7352.0,2.0,-13.0,12.0,
1646392568730661869,-0.884033203125,0.310974121094,0.227416992188,0.2646484375,-4302.0,-1697.0,-7320.0,3.0,-10.0,11.0,
1646392568739813327,-0.883666992188,0.311645507812,0.227966308594,0.2646484375,-4390.0,-1668.0,-7281.0,6.0,-8.0,11.0,
1646392568740061759,-0.883239746094,0.312377929688,0.228454589844,0.264831542969,-4463.0,-1641.0,-7235.0,9.0,-9.0,11.0,
1646392568743864059,-0.882751464844,0.313110351562,0.228942871094,0.265197753906,-4516.0,-1620.0,-7185.0,12.0,-10.0,11.0,
1646392568748809814,-0.882141113281,0.313842773438,0.229553222656,0.265747070312,-4568.0,-1618.0,-7138.0,15.0,-12.0,11.0,
1646392568758051872,-0.881469726562,0.314575195312,0.230285644531,0.2666015625,-4631.0,-1615.0,-7091.0,17.0,-16.0,11.0,
1646392568758653640,-0.880676269531,0.315185546875,0.231262207031,0.267578125,-4720.0,-1624.0,-7039.0,19.0,-21.0,11.0,
1646392568762353181,-0.879760742188,0.315856933594,0.232482910156,0.268737792969,-4817.0,-1618.0,-6988.0,20.0,-25.0,12.0,
1646392568767463684,-0.878723144531,0.316528320312,0.233947753906,0.269958496094,-4921.0,-1628.0,-6939.0,20.0,-28.0,13.0,
1646392568771841526,-0.877685546875,0.317199707031,0.235656738281,0.271240234375,-5052.0,-1684.0,-6892.0,20.0,-32.0,14.0,
1646392568779907941,-0.876525878906,0.317810058594,0.237487792969,0.272583007812,-5208.0,-1755.0,-6838.0,19.0,-34.0,15.0,
1646392568783072233,-0.875366210938,0.318420410156,0.239562988281,0.273803710938,-5383.0,-1816.0,-6793.0,16.0,-36.0,16.0,
1646392568787859439,-0.874145507812,0.318969726562,0.241943359375,0.274963378906,-5569.0,-1877.0,-6759.0,14.0,-40.0,16.0,
1646392568796347618,-0.872924804688,0.319458007812,0.244506835938,0.276062011719,-5749.0,-1920.0,-6730.0,11.0,-43.0,17.0,
1646392568797014474,-0.871643066406,0.319763183594,0.247375488281,0.277160644531,-5922.0,-1946.0,-6686.0,9.0,-47.0,16.0,
1646392568801732301,-0.870361328125,0.319885253906,0.250549316406,0.278198242188,-6134.0,-1998.0,-6638.0,7.0,-52.0,15.0,
1646392568809899330,-0.869018554688,0.319885253906,0.253967285156,0.279174804688,-6336.0,-2014.0,-6578.0,4.0,-54.0,14.0,
1646392568813365459,-0.867736816406,0.319763183594,0.257507324219,0.280151367188,-6534.0,-2011.0,-6499.0,2.0,-56.0,12.0,
1646392568817889451,-0.866455078125,0.319458007812,0.261169433594,0.281066894531,-6729.0,-2005.0,-6399.0,0.0,-58.0,10.0,
1646392568822756052,-0.865173339844,0.319030761719,0.264953613281,0.281982421875,-6917.0,-1999.0,-6269.0,-1.0,-60.0,8.0,
1646392568827281475,-0.863891601562,0.318420410156,0.268737792969,0.282958984375,-7079.0,-1999.0,-6120.0,-2.0,-60.0,6.0,
1646392568832674980,-0.862670898438,0.317626953125,0.272521972656,0.283935546875,-7230.0,-2003.0,-5951.0,-3.0,-60.0,4.0,
1646392568839745521,-0.861450195312,0.316833496094,0.276306152344,0.284851074219,-7348.0,-2027.0,-5784.0,-4.0,-59.0,2.0,
1646392568843282699,-0.8603515625,0.315856933594,0.279968261719,0.285766601562,-7412.0,-2065.0,-5593.0,-6.0,-58.0,1.0,
1646392568848083734,-0.859313964844,0.314758300781,0.283569335938,0.286560058594,-7446.0,-2130.0,-5400.0,-8.0,-56.0,-1.0,
1646392568852832555,-0.858337402344,0.3134765625,0.287109375,0.287292480469,-7461.0,-2240.0,-5216.0,-11.0,-55.0,-3.0,
1646392568915330648,-0.857482910156,0.31201171875,0.29052734375,0.287963867188,-7443.0,-2410.0,-5044.0,-15.0,-55.0,-6.0,
1646392568918134212,-0.856811523438,0.310241699219,0.2939453125,0.288452148438,-7366.0,-2639.0,-4871.0,-20.0,-54.0,-8.0,
1646392568927940845,-0.856323242188,0.30810546875,0.29736328125,0.288757324219,-7240.0,-2901.0,-4719.0,-26.0,-55.0,-12.0,
1646392568929272413,-0.85595703125,0.305541992188,0.300903320312,0.288818359375,-7114.0,-3160.0,-4599.0,-34.0,-59.0,-14.0,
1646392568930001974,-0.855651855469,0.302551269531,0.304870605469,0.288696289062,-7003.0,-3400.0,-4503.0,-43.0,-65.0,-17.0,
1646392568932507276,-0.855407714844,0.299133300781,0.309387207031,0.288269042969,-6879.0,-3661.0,-4405.0,-51.0,-73.0,-20.0,
1646392568937124252,-0.855224609375,0.295104980469,0.314270019531,0.287719726562,-6704.0,-3962.0,-4348.0,-60.0,-81.0,-23.0,
1646392568939683675,-0.855102539062,0.29052734375,0.319519042969,0.286865234375,-6502.0,-4265.0,-4305.0,-69.0,-90.0,-27.0,
1646392568940949678,-0.855041503906,0.285278320312,0.325317382812,0.285827636719,-6353.0,-4518.0,-4259.0,-80.0,-100.0,-31.0,
1646392568943901300,-0.85498046875,0.279357910156,0.331726074219,0.284423828125,-6280.0,-4688.0,-4208.0,-91.0,-110.0,-36.0,
1646392568946561574,-0.85498046875,0.272888183594,0.338623046875,0.282653808594,-6229.0,-4752.0,-4193.0,-101.0,-116.0,-40.0,
1646392568947751760,-0.855102539062,0.266052246094,0.345581054688,0.280334472656,-6227.0,-4747.0,-4203.0,-110.0,-116.0,-45.0,
1646392568950117111,-0.85546875,0.2587890625,0.352355957031,0.277465820312,-6245.0,-4667.0,-4197.0,-119.0,-112.0,-49.0,
1646392568951726198,-0.856079101562,0.251403808594,0.35888671875,0.274169921875,-6265.0,-4513.0,-4162.0,-125.0,-105.0,-53.0,
1646392568953053474,-0.856750488281,0.244018554688,0.365051269531,0.2705078125,-6278.0,-4286.0,-4161.0,-128.0,-97.0,-54.0,
1646392568954146862,-0.857543945312,0.236694335938,0.370849609375,0.266540527344,-6336.0,-4055.0,-4177.0,-129.0,-92.0,-55.0,
1646392568954665184,-0.858337402344,0.229614257812,0.376403808594,0.262329101562,-6429.0,-3792.0,-4147.0,-129.0,-86.0,-53.0,
1646392568955035448,-0.859741210938,0.216796875,0.386535644531,0.253784179688,-6636.0,-3208.0,-4129.0,-120.0,-72.0,-43.0,
1646392568956269979,-0.8603515625,0.211303710938,0.390991210938,0.249450683594,-6706.0,-2908.0,-4116.0,-114.0,-63.0,-37.0,
1646392568960558652,-0.861022949219,0.206359863281,0.394958496094,0.245178222656,-6724.0,-2596.0,-4111.0,-107.0,-54.0,-31.0,
1646392568963633775,-0.861511230469,0.202026367188,0.398559570312,0.241149902344,-6692.0,-2313.0,-4115.0,-98.0,-49.0,-27.0,
1646392568968162536,-0.861877441406,0.197998046875,0.401916503906,0.237548828125,-6604.0,-2143.0,-4158.0,-87.0,-48.0,-26.0,
1646392568972518682,-0.862060546875,0.194152832031,0.405151367188,0.234497070312,-6462.0,-2144.0,-4286.0,-79.0,-50.0,-26.0,
