1650383468228991270,-0.120361328125,-0.855895996094,0.099853515625,0.492919921875,7373.0,-743.0,89.0,6.0,2.0,171.0,
1650383468231991529,-0.129028320312,-0.854370117188,0.104919433594,0.492431640625,7029.0,-720.0,143.0,0.0,-3.0,169.0,
1650383468240492582,-0.137573242188,-0.852905273438,0.109619140625,0.491577148438,6701.0,-670.0,179.0,-5.0,-7.0,166.0,
1650383468246934175,-0.145935058594,-0.851501464844,0.114013671875,0.490600585938,6399.0,-627.0,170.0,-7.0,-9.0,162.0,
1650383468251414775,-0.154174804688,-0.850158691406,0.118225097656,0.489379882812,6111.0,-614.0,127.0,-9.0,-11.0,158.0,
1650383468256067514,-0.162109375,-0.848937988281,0.122192382812,0.487976074219,5826.0,-640.0,55.0,-11.0,-13.0,153.0,
1650383468260675430,-0.169860839844,-0.847839355469,0.126037597656,0.486206054688,5517.0,-701.0,-27.0,-13.0,-18.0,148.0,
1650383468265927076,-0.177368164062,-0.846984863281,0.129699707031,0.484130859375,5154.0,-758.0,-123.0,-14.0,-24.0,142.0,
1650383468270081043,-0.1845703125,-0.846313476562,0.133361816406,0.481567382812,4767.0,-801.0,-221.0,-14.0,-30.0,137.0,
1650383468275479793,-0.19140625,-0.845886230469,0.136962890625,0.478637695312,4382.0,-844.0,-340.0,-13.0,-36.0,132.0,
1650383468280532836,-0.197875976562,-0.845581054688,0.140625,0.475463867188,4033.0,-906.0,-489.0,-11.0,-41.0,126.0,
1650383468285904884,-0.203918457031,-0.845458984375,0.144287109375,0.471984863281,3691.0,-1000.0,-647.0,-8.0,-46.0,120.0,
1650383468289398431,-0.209533691406,-0.845520019531,0.148071289062,0.46826171875,3332.0,-1138.0,-815.0,-5.0,-51.0,114.0,
1650383468296643495,-0.214721679688,-0.845764160156,0.151916503906,0.464233398438,2957.0,-1291.0,-978.0,-2.0,-57.0,107.0,
1650383468300938129,-0.219421386719,-0.846252441406,0.155944824219,0.459838867188,2589.0,-1452.0,-1121.0,2.0,-63.0,100.0,
1650383468305957317,-0.2236328125,-0.846801757812,0.160095214844,0.455322265625,2258.0,-1601.0,-1281.0,6.0,-68.0,94.0,
1650383468309539318,-0.227416992188,-0.847534179688,0.164428710938,0.450561523438,1992.0,-1722.0,-1432.0,11.0,-73.0,88.0,
1650383468315278291,-0.230651855469,-0.848388671875,0.1689453125,0.445556640625,1789.0,-1846.0,-1580.0,17.0,-79.0,82.0,
1650383468320093631,-0.233276367188,-0.849487304688,0.173645019531,0.440246582031,1591.0,-1972.0,-1722.0,22.0,-88.0,76.0,
1650383468323425769,-0.235412597656,-0.850891113281,0.178649902344,0.434326171875,1389.0,-2073.0,-1859.0,26.0,-100.0,71.0,
1650383468327713727,-0.237060546875,-0.852600097656,0.183898925781,0.427856445312,1204.0,-2160.0,-1969.0,31.0,-112.0,66.0,
1650383468335215806,-0.238159179688,-0.854553222656,0.189392089844,0.4208984375,1043.0,-2236.0,-2066.0,35.0,-124.0,61.0,
1650383468339801788,-0.238891601562,-0.856689453125,0.195068359375,0.413452148438,899.0,-2325.0,-2162.0,37.0,-133.0,57.0,
1650383468345837593,-0.2392578125,-0.859069824219,0.200805664062,0.405578613281,744.0,-2450.0,-2281.0,38.0,-142.0,53.0,
1650383468351222038,-0.239501953125,-0.861511230469,0.206481933594,0.397277832031,579.0,-2571.0,-2397.0,37.0,-149.0,50.0,
1650383468355773448,-0.239440917969,-0.864135742188,0.211975097656,0.388671875,423.0,-2640.0,-2528.0,34.0,-153.0,46.0,
1650383468360406875,-0.239196777344,-0.866821289062,0.217224121094,0.3798828125,302.0,-2673.0,-2662.0,31.0,-155.0,41.0,
1650383468364893436,-0.238586425781,-0.869567871094,0.22216796875,0.370971679688,190.0,-2715.0,-2804.0,29.0,-158.0,36.0,
1650383468369564771,-0.237670898438,-0.872497558594,0.226806640625,0.361755371094,46.0,-2757.0,-2928.0,26.0,-162.0,30.0,
1650383468374061346,-0.236328125,-0.875549316406,0.231262207031,0.352355957031,-118.0,-2769.0,-3045.0,23.0,-166.0,22.0,
1650383468379323482,-0.234558105469,-0.878723144531,0.2353515625,0.3427734375,-283.0,-2762.0,-3142.0,21.0,-169.0,15.0,
1650383468381914138,-0.232482910156,-0.881896972656,0.239196777344,0.333251953125,-427.0,-2746.0,-3242.0,19.0,-169.0,8.0,
1650383468390386104,-0.230041503906,-0.885070800781,0.242858886719,0.323791503906,-536.0,-2715.0,-3341.0,18.0,-168.0,1.0,
1650383468394951820,-0.227355957031,-0.88818359375,0.246276855469,0.314392089844,-608.0,-2677.0,-3429.0,18.0,-166.0,-3.0,
1650383468399515151,-0.224487304688,-0.891235351562,0.249572753906,0.305053710938,-650.0,-2664.0,-3527.0,17.0,-167.0,-5.0,
1650383468407628774,-0.221496582031,-0.894287109375,0.252807617188,0.295593261719,-679.0,-2703.0,-3654.0,16.0,-169.0,-7.0,
1650383468408741712,-0.218505859375,-0.897155761719,0.255920410156,0.2861328125,-744.0,-2732.0,-3817.0,15.0,-168.0,-7.0,
1650383468411762952,-0.215576171875,-0.899963378906,0.258911132812,0.276733398438,-844.0,-2722.0,-3978.0,15.0,-164.0,-8.0,
1650383468420382976,-0.212707519531,-0.902587890625,0.26171875,0.267639160156,-905.0,-2699.0,-4153.0,15.0,-157.0,-7.0,
1650383468425156831,-0.210083007812,-0.904907226562,0.264404296875,0.258972167969,-873.0,-2679.0,-4354.0,15.0,-149.0,-5.0,
1650383468429439306,-0.207641601562,-0.907043457031,0.266967773438,0.250793457031,-825.0,-2595.0,-4580.0,15.0,-141.0,-3.0,
1650383468434114456,-0.205200195312,-0.909118652344,0.269348144531,0.242797851562,-806.0,-2459.0,-4828.0,16.0,-137.0,-4.0,
1650383468438544750,-0.202514648438,-0.9111328125,0.271545410156,0.23486328125,-796.0,-2375.0,-5094.0,17.0,-135.0,-7.0,
1650383468444189071,-0.199768066406,-0.913024902344,0.273681640625,0.227172851562,-789.0,-2378.0,-5351.0,17.0,-132.0,-9.0,
1650383468452588796,-0.197021484375,-0.914855957031,0.275756835938,0.219665527344,-813.0,-2452.0,-5613.0,16.0,-129.0,-11.0,
1650383468459298372,-0.19140625,-0.918273925781,0.279235839844,0.205444335938,-833.0,-2601.0,-6020.0,12.0,-118.0,-15.0,
1650383468465922594,-0.188659667969,-0.919860839844,0.280578613281,0.198791503906,-897.0,-2634.0,-6199.0,9.0,-113.0,-18.0,
1650383468472298860,-0.185852050781,-0.921447753906,0.28173828125,0.192443847656,-998.0,-2628.0,-6364.0,7.0,-107.0,-20.0,
1650383468477306604,-0.183166503906,-0.922912597656,0.28271484375,0.1865234375,-1061.0,-2610.0,-6506.0,7.0,-99.0,-21.0,
1650383468479034185,-0.180541992188,-0.924194335938,0.283752441406,0.181091308594,-1032.0,-2592.0,-6625.0,10.0,-91.0,-21.0,
1650383468483670949,-0.177978515625,-0.925354003906,0.284790039062,0.176147460938,-959.0,-2604.0,-6729.0,12.0,-85.0,-21.0,
1650383468488526105,-0.175415039062,-0.926391601562,0.285888671875,0.17138671875,-898.0,-2611.0,-6827.0,14.0,-82.0,-21.0,
1650383468495221138,-0.1728515625,-0.927307128906,0.287109375,0.166748046875,-863.0,-2616.0,-6868.0,16.0,-81.0,-20.0,
1650383468499792337,-0.170349121094,-0.92822265625,0.288452148438,0.162109375,-823.0,-2629.0,-6881.0,18.0,-81.0,-20.0,
1650383468504663705,-0.167907714844,-0.928955078125,0.289733886719,0.15771484375,-785.0,-2686.0,-6870.0,18.0,-78.0,-18.0,
1650383468508839607,-0.165710449219,-0.9296875,0.291015625,0.153564453125,-765.0,-2786.0,-6855.0,17.0,-72.0,-17.0,
1650383468513148069,-0.163635253906,-0.930297851562,0.292175292969,0.149841308594,-746.0,-2881.0,-6853.0,15.0,-65.0,-17.0,
1650383468520387649,-0.161682128906,-0.930847167969,0.293151855469,0.146545410156,-698.0,-2951.0,-6835.0,13.0,-57.0,-18.0,
1650383468525066137,-0.159790039062,-0.931335449219,0.2939453125,0.143737792969,-591.0,-3021.0,-6790.0,11.0,-50.0,-18.0,
1650383468529383659,-0.158081054688,-0.931823730469,0.294555664062,0.141418457031,-489.0,-3120.0,-6740.0,9.0,-43.0,-18.0,
1650383468533894300,-0.156555175781,-0.932250976562,0.294921875,0.139404296875,-399.0,-3258.0,-6690.0,5.0,-37.0,-17.0,
1650383468540322303,-0.1552734375,-0.932678222656,0.295043945312,0.1376953125,-311.0,-3422.0,-6661.0,0.0,-30.0,-15.0,
1650383468547517776,-0.154357910156,-0.93310546875,0.294860839844,0.13623046875,-232.0,-3570.0,-6675.0,-5.0,-24.0,-11.0,
1650383468555782079,-0.153747558594,-0.933532714844,0.294372558594,0.134948730469,-189.0,-3571.0,-6740.0,-10.0,-19.0,-8.0,
1650383468561383724,-0.153259277344,-0.93408203125,0.293518066406,0.133850097656,-186.0,-3420.0,-6832.0,-12.0,-14.0,-8.0,
1650383468568624734,-0.151794433594,-0.934936523438,0.292175292969,0.132202148438,-203.0,-3306.0,-6982.0,-1.0,-11.0,-13.0,
1650383468574114561,-0.15087890625,-0.935241699219,0.292236328125,0.13134765625,-172.0,-3389.0,-7025.0,5.0,-13.0,-14.0,
1650383468578199386,-0.149963378906,-0.935363769531,0.292602539062,0.13037109375,-65.0,-3459.0,-7072.0,9.0,-16.0,-12.0,
1650383468582558393,-0.149169921875,-0.935485839844,0.293029785156,0.12939453125,29.0,-3460.0,-7142.0,10.0,-18.0,-9.0,
1650383468586082220,-0.148254394531,-0.935668945312,0.293518066406,0.128295898438,-7.0,-3452.0,-7197.0,11.0,-20.0,-10.0,
1650383468591120719,-0.147338867188,-0.935791015625,0.294067382812,0.127197265625,-94.0,-3515.0,-7219.0,13.0,-19.0,-11.0,
1650383468596783638,-0.146606445312,-0.935791015625,0.294738769531,0.126281738281,-93.0,-3659.0,-7148.0,14.0,-13.0,-10.0,
1650383468599581480,-0.146240234375,-0.935668945312,0.295471191406,0.125915527344,95.0,-3816.0,-7101.0,12.0,-5.0,-6.0,
1650383468605929374,-0.146118164062,-0.935546875,0.295837402344,0.126098632812,296.0,-3849.0,-7114.0,8.0,1.0,-2.0,
1650383468610219240,-0.145874023438,-0.935607910156,0.295776367188,0.126403808594,324.0,-3803.0,-7110.0,3.0,3.0,-4.0,
1650383468614853382,-0.145751953125,-0.935607910156,0.295532226562,0.126647949219,289.0,-3835.0,-7063.0,2.0,6.0,-6.0,
1650383468619525194,-0.14599609375,-0.935546875,0.29541015625,0.127319335938,342.0,-3978.0,-6971.0,2.0,14.0,-2.0,
1650383468624057531,-0.146728515625,-0.935302734375,0.295288085938,0.128479003906,481.0,-4157.0,-6844.0,0.0,24.0,4.0,
1650383468628682851,-0.14794921875,-0.93505859375,0.294860839844,0.130065917969,649.0,-4290.0,-6710.0,-7.0,32.0,10.0,
1650383468632914543,-0.149719238281,-0.934814453125,0.293823242188,0.1318359375,790.0,-4403.0,-6539.0,-16.0,36.0,17.0,
1650383468640049457,-0.151977539062,-0.934692382812,0.292419433594,0.133544921875,916.0,-4492.0,-6353.0,-25.0,39.0,24.0,
1650383468644460916,-0.155029296875,-0.9345703125,0.29052734375,0.135070800781,1134.0,-4422.0,-6216.0,-35.0,41.0,35.0,
1650383468649196863,-0.158508300781,-0.9345703125,0.287780761719,0.136596679688,1233.0,-4060.0,-6217.0,-46.0,42.0,43.0,
1650383468656123638,-0.161499023438,-0.934936523438,0.284301757812,0.137878417969,977.0,-3580.0,-6361.0,-52.0,41.0,32.0,
1650383468661095857,-0.16357421875,-0.935485839844,0.280700683594,0.13916015625,658.0,-3201.0,-6537.0,-46.0,43.0,14.0,
1650383468665660381,-0.165222167969,-0.935852050781,0.277587890625,0.141052246094,584.0,-2998.0,-6727.0,-35.0,52.0,5.0,
1650383468669970989,-0.166564941406,-0.935913085938,0.275024414062,0.14404296875,724.0,-3006.0,-6894.0,-24.0,63.0,0.0,
1650383468675148248,-0.167541503906,-0.935791015625,0.272888183594,0.147705078125,921.0,-3138.0,-6993.0,-18.0,67.0,-6.0,
1650383468680043697,-0.168212890625,-0.935668945312,0.270874023438,0.1513671875,1110.0,-3244.0,-7054.0,-18.0,63.0,-9.0,
1650383468692017316,-0.168823242188,-0.935607910156,0.268798828125,0.154663085938,1315.0,-3318.0,-7086.0,-21.0,58.0,-9.0,
1650383468692588329,-0.169555664062,-0.935607910156,0.266662597656,0.157592773438,1517.0,-3354.0,-7083.0,-23.0,52.0,-6.0,
1650383468705253601,-0.170288085938,-0.935607910156,0.264709472656,0.159973144531,1633.0,-3313.0,-7062.0,-22.0,42.0,-2.0,
1650383468705824613,-0.171020507812,-0.935668945312,0.262878417969,0.161804199219,1724.0,-3234.0,-7035.0,-20.0,34.0,1.0,
1650383468706795692,-0.171691894531,-0.935729980469,0.261413574219,0.163146972656,1778.0,-3201.0,-7019.0,-15.0,26.0,2.0,
1650383468709626913,-0.172241210938,-0.935791015625,0.260375976562,0.1640625,1738.0,-3220.0,-7003.0,-10.0,18.0,2.0,
1650383468714123725,-0.172607421875,-0.935791015625,0.259704589844,0.164611816406,1640.0,-3302.0,-6976.0,-6.0,12.0,2.0,
1650383468718937635,-0.173034667969,-0.935791015625,0.25927734375,0.164978027344,1492.0,-3394.0,-6934.0,-4.0,10.0,2.0,
1650383468723617792,-0.173522949219,-0.935668945312,0.259033203125,0.165344238281,1333.0,-3466.0,-6891.0,-3.0,12.0,3.0,
1650383468728325366,-0.174072265625,-0.935546875,0.258728027344,0.165832519531,1206.0,-3532.0,-6868.0,-3.0,15.0,4.0,
1650383468735095500,-0.174743652344,-0.935424804688,0.258483886719,0.166442871094,1093.0,-3603.0,-6838.0,-2.0,16.0,5.0,
1650383468739579916,-0.175476074219,-0.935241699219,0.25830078125,0.1669921875,927.0,-3670.0,-6803.0,-1.0,17.0,5.0,
1650383468744082450,-0.176147460938,-0.93505859375,0.258178710938,0.167541503906,737.0,-3713.0,-6752.0,-1.0,17.0,4.0,
1650383468748544454,-0.176818847656,-0.934814453125,0.257995605469,0.168151855469,594.0,-3761.0,-6693.0,-1.0,19.0,3.0,
1650383468753276348,-0.177429199219,-0.934631347656,0.257873535156,0.1689453125,478.0,-3829.0,-6641.0,0.0,21.0,2.0,
1650383468760115861,-0.177917480469,-0.934387207031,0.257751464844,0.169860839844,417.0,-3898.0,-6589.0,0.0,23.0,0.0,
1650383468764803647,-0.178466796875,-0.934143066406,0.257629394531,0.1708984375,389.0,-3930.0,-6527.0,0.0,24.0,0.0,
1650383468769424200,-0.178955078125,-0.933837890625,0.257568359375,0.171997070312,387.0,-3960.0,-6466.0,2.0,24.0,0.0,
1650383468773994207,-0.179504394531,-0.933532714844,0.257568359375,0.173156738281,401.0,-4003.0,-6430.0,3.0,25.0,0.0,
1650383468778548479,-0.179992675781,-0.933227539062,0.257629394531,0.17431640625,415.0,-4032.0,-6408.0,4.0,25.0,0.0,
1650383468783202409,-0.180358886719,-0.932861328125,0.257629394531,0.175659179688,433.0,-4054.0,-6377.0,4.0,26.0,-2.0,
1650383468789969205,-0.180725097656,-0.932495117188,0.257629394531,0.177185058594,507.0,-4088.0,-6366.0,5.0,30.0,-3.0,
1650383468795045137,-0.181091308594,-0.93212890625,0.257629394531,0.179016113281,622.0,-4128.0,-6356.0,6.0,33.0,-4.0,
1650383468799167633,-0.181396484375,-0.931640625,0.257629394531,0.181030273438,777.0,-4170.0,-6368.0,6.0,35.0,-5.0,
1650383468803758621,-0.181640625,-0.931213378906,0.257568359375,0.183166503906,968.0,-4218.0,-6392.0,6.0,36.0,-5.0,
1650383468808232545,-0.182006835938,-0.930725097656,0.257507324219,0.185363769531,1196.0,-4257.0,-6408.0,6.0,36.0,-4.0,
1650383468812969684,-0.182312011719,-0.930297851562,0.25732421875,0.187622070312,1428.0,-4242.0,-6445.0,4.0,36.0,-3.0,
1650383468819781541,-0.1826171875,-0.929809570312,0.257019042969,0.189819335938,1681.0,-4207.0,-6487.0,4.0,35.0,-3.0,
1650383468824786424,-0.182983398438,-0.929382324219,0.2568359375,0.19189453125,1921.0,-4212.0,-6514.0,5.0,32.0,-1.0,
1650383468829077005,-0.183349609375,-0.928955078125,0.2568359375,0.193725585938,2161.0,-4224.0,-6530.0,7.0,27.0,2.0,
1650383468833458900,-0.183837890625,-0.928527832031,0.256958007812,0.195251464844,2364.0,-4230.0,-6532.0,7.0,22.0,5.0,
1650383468837903022,-0.184326171875,-0.928100585938,0.257202148438,0.196411132812,2512.0,-4249.0,-6501.0,8.0,16.0,7.0,
1650383468845048427,-0.184936523438,-0.927673339844,0.257629394531,0.197204589844,2626.0,-4296.0,-6477.0,8.0,10.0,10.0,
1650383468849550485,-0.185546875,-0.927307128906,0.258117675781,0.197631835938,2674.0,-4338.0,-6435.0,8.0,5.0,12.0,
1650383468854140758,-0.186218261719,-0.927001953125,0.258728027344,0.197692871094,2636.0,-4355.0,-6399.0,7.0,1.0,14.0,
1650383468861281633,-0.18701171875,-0.926696777344,0.259399414062,0.197570800781,2579.0,-4368.0,-6358.0,7.0,-1.0,16.0,
1650383468865961551,-0.187927246094,-0.926330566406,0.260070800781,0.197387695312,2549.0,-4397.0,-6328.0,7.0,-1.0,18.0,
1650383468870706319,-0.188842773438,-0.926025390625,0.2607421875,0.197143554688,2481.0,-4413.0,-6302.0,7.0,-2.0,18.0,
1650383468875169754,-0.189758300781,-0.925720214844,0.261413574219,0.19677734375,2332.0,-4436.0,-6277.0,7.0,-4.0,18.0,
1650383468880049467,-0.190673828125,-0.925415039062,0.26220703125,0.196228027344,2150.0,-4477.0,-6241.0,7.0,-5.0,18.0,
1650383468884101152,-0.191650390625,-0.925109863281,0.263122558594,0.195678710938,1994.0,-4540.0,-6179.0,9.0,-3.0,18.0,
1650383468888589382,-0.192749023438,-0.924682617188,0.264099121094,0.1953125,1892.0,-4612.0,-6127.0,10.0,-1.0,20.0,
1650383468893141031,-0.19384765625,-0.924194335938,0.26513671875,0.195129394531,1786.0,-4693.0,-6073.0,10.0,1.0,20.0,
1650383468897591352,-0.194885253906,-0.923706054688,0.26611328125,0.194885253906,1658.0,-4762.0,-6066.0,9.0,1.0,18.0,
1650383468904944419,-0.195861816406,-0.92333984375,0.266967773438,0.194580078125,1509.0,-4832.0,-6062.0,8.0,1.0,16.0,
1650383468909687280,-0.196716308594,-0.922973632812,0.267822265625,0.1943359375,1378.0,-4913.0,-6066.0,7.0,2.0,14.0,
1650383468914015293,-0.197509765625,-0.922607421875,0.268493652344,0.194213867188,1278.0,-4994.0,-6076.0,6.0,4.0,12.0,
1650383468918727159,-0.198303222656,-0.922241210938,0.269104003906,0.194213867188,1199.0,-5052.0,-6086.0,5.0,6.0,10.0,
1650383468923324584,-0.198913574219,-0.921997070312,0.26953125,0.194396972656,1139.0,-5089.0,-6081.0,3.0,8.0,8.0,
1650383468927991390,-0.199584960938,-0.921691894531,0.269836425781,0.194702148438,1120.0,-5096.0,-6070.0,2.0,10.0,6.0,
1650383468934746265,-0.200134277344,-0.92138671875,0.27001953125,0.195129394531,1137.0,-5082.0,-6060.0,1.0,12.0,5.0,
1650383468939143180,-0.20068359375,-0.921142578125,0.270202636719,0.195617675781,1173.0,-5077.0,-6030.0,2.0,12.0,4.0,
1650383468943738460,-0.201171875,-0.920837402344,0.270446777344,0.196166992188,1252.0,-5092.0,-5985.0,2.0,12.0,4.0,
1650383468948338031,-0.201599121094,-0.920593261719,0.270629882812,0.19677734375,1311.0,-5108.0,-5935.0,2.0,11.0,4.0,
1650383468951530456,-0.201965332031,-0.920288085938,0.270874023438,0.197326660156,1366.0,-5110.0,-5886.0,1.0,10.0,3.0,
1650383468960677385,-0.202392578125,-0.920043945312,0.27099609375,0.197875976562,1432.0,-5099.0,-5848.0,1.0,11.0,3.0,
1650383468969119310,-0.203247070312,-0.91943359375,0.271179199219,0.199462890625,1552.0,-5092.0,-5820.0,1.0,15.0,3.0,
1650383468975380659,-0.203735351562,-0.919128417969,0.271240234375,0.200378417969,1657.0,-5121.0,-5828.0,2.0,17.0,3.0,
1650383468980066299,-0.204284667969,-0.918762207031,0.271362304688,0.201416015625,1753.0,-5172.0,-5847.0,3.0,17.0,5.0,
1650383468985402822,-0.204833984375,-0.918334960938,0.271545410156,0.202392578125,1863.0,-5239.0,-5895.0,2.0,17.0,6.0,
1650383468989009141,-0.205505371094,-0.91796875,0.271667480469,0.203308105469,1946.0,-5259.0,-5963.0,1.0,16.0,7.0,
1650383468993649482,-0.206237792969,-0.917663574219,0.271728515625,0.204040527344,1985.0,-5283.0,-6042.0,0.0,14.0,8.0,
1650383468998231410,-0.20703125,-0.917236328125,0.271850585938,0.204772949219,1939.0,-5359.0,-6401.0,2.0,15.0,9.0,
1650383469002703428,-0.207946777344,-0.916748046875,0.272277832031,0.205444335938,1883.0,-5451.0,-6461.0,8.0,17.0,12.0,
1650383469009675741,-0.208740234375,-0.916259765625,0.272888183594,0.206176757812,1774.0,-5426.0,-6465.0,9.0,15.0,9.0,
1650383469014310121,-0.209716796875,-0.915649414062,0.273071289062,0.20751953125,1763.0,-5388.0,-6402.0,6.0,29.0,8.0,
1650383469018621921,-0.210876464844,-0.914855957031,0.272888183594,0.210021972656,1903.0,-5376.0,-6370.0,3.0,47.0,7.0,
1650383469023045301,-0.212158203125,-0.913940429688,0.2724609375,0.213195800781,2160.0,-5460.0,-6348.0,2.0,56.0,7.0,
1650383469027871131,-0.213256835938,-0.9130859375,0.272155761719,0.216247558594,2255.0,-5576.0,-6302.0,3.0,50.0,6.0,
1650383469034632444,-0.214172363281,-0.912353515625,0.272094726562,0.218505859375,2291.0,-5620.0,-6226.0,2.0,39.0,5.0,
1650383469039039134,-0.215148925781,-0.911743164062,0.271911621094,0.220458984375,2396.0,-5568.0,-6131.0,-1.0,35.0,6.0,
1650383469043676137,-0.216125488281,-0.9111328125,0.271484375,0.222290039062,2472.0,-5473.0,-6042.0,-3.0,31.0,8.0,
1650383469048488855,-0.217041015625,-0.91064453125,0.271179199219,0.223754882812,2528.0,-5412.0,-5970.0,-3.0,27.0,9.0,
1650383469052997827,-0.218017578125,-0.91015625,0.271057128906,0.224914550781,2557.0,-5358.0,-5918.0,-1.0,21.0,11.0,
1650383469057585954,-0.218994140625,-0.909729003906,0.271179199219,0.225708007812,2595.0,-5275.0,-5900.0,0.0,15.0,13.0,
1650383469062617301,-0.219848632812,-0.909362792969,0.271362304688,0.226196289062,2612.0,-5206.0,-5906.0,2.0,9.0,14.0,
1650383469068042755,-0.220703125,-0.909057617188,0.271606445312,0.226318359375,2581.0,-5181.0,-5928.0,2.0,5.0,14.0,
1650383469075959444,-0.221557617188,-0.90869140625,0.27197265625,0.226318359375,2526.0,-5196.0,-5956.0,2.0,3.0,15.0,
1650383469079269409,-0.222473144531,-0.908386230469,0.272338867188,0.226196289062,2474.0,-5216.0,-5995.0,1.0,3.0,15.0,
1650383469084002971,-0.223449707031,-0.908081054688,0.272644042969,0.226135253906,2428.0,-5218.0,-6057.0,0.0,4.0,15.0,
1650383469088088750,-0.224426269531,-0.907836914062,0.272766113281,0.226196289062,2405.0,-5192.0,-6140.0,-2.0,6.0,14.0,
1650383469092631578,-0.225341796875,-0.907592773438,0.272644042969,0.226318359375,2381.0,-5157.0,-6227.0,-3.0,8.0,13.0,
1650383469099271535,-0.226196289062,-0.907348632812,0.272399902344,0.226623535156,2357.0,-5126.0,-6318.0,-4.0,11.0,11.0,
1650383469103988885,-0.226989746094,-0.907165527344,0.272033691406,0.227111816406,2365.0,-5123.0,-6377.0,-4.0,14.0,8.0,
1650383469108766317,-0.227783203125,-0.906860351562,0.271667480469,0.227844238281,2378.0,-5097.0,-6457.0,-5.0,16.0,7.0,
1650383469113409042,-0.228576660156,-0.906677246094,0.271118164062,0.228637695312,2323.0,-5055.0,-6531.0,-6.0,18.0,6.0,
1650383469118332386,-0.229370117188,-0.906372070312,0.2705078125,0.229614257812,2286.0,-5019.0,-6622.0,-5.0,23.0,5.0,
1650383469122788906,-0.230285644531,-0.906005859375,0.269836425781,0.230895996094,2291.0,-4988.0,-6744.0,-5.0,29.0,5.0,
1650383469128037214,-0.231201171875,-0.905578613281,0.269104003906,0.232543945312,2337.0,-4927.0,-6874.0,-4.0,34.0,5.0,
1650383469134716272,-0.232116699219,-0.905151367188,0.268188476562,0.234436035156,2395.0,-4860.0,-7003.0,-4.0,37.0,4.0,
1650383469139234542,-0.232971191406,-0.904663085938,0.267272949219,0.236389160156,2422.0,-4801.0,-7110.0,-3.0,38.0,3.0,
1650383469143887281,-0.233764648438,-0.904174804688,0.266418457031,0.238403320312,2427.0,-4731.0,-7223.0,-2.0,40.0,2.0,
1650383469148787736,-0.234680175781,-0.903625488281,0.265563964844,0.240539550781,2454.0,-4660.0,-7309.0,-1.0,43.0,2.0,
1650383469153068542,-0.235595703125,-0.903015136719,0.264709472656,0.242980957031,2533.0,-4595.0,-7405.0,1.0,47.0,3.0,
1650383469157657146,-0.236572265625,-0.902282714844,0.263916015625,0.245544433594,2621.0,-4544.0,-7484.0,3.0,49.0,4.0,
1650383469165098905,-0.237609863281,-0.901550292969,0.263122558594,0.248168945312,2708.0,-4500.0,-7536.0,4.0,50.0,5.0,
1650383469171493053,-0.238647460938,-0.900695800781,0.262451171875,0.250793457031,2796.0,-4448.0,-7575.0,4.0,50.0,6.0,
1650383469176194190,-0.239807128906,-0.89990234375,0.261779785156,0.25341796875,2890.0,-4384.0,-7603.0,5.0,50.0,8.0,
1650383469181781053,-0.241088867188,-0.898986816406,0.261108398438,0.256042480469,2991.0,-4317.0,-7629.0,5.0,50.0,11.0,
1650383469185120820,-0.242492675781,-0.898010253906,0.260437011719,0.258666992188,3077.0,-4246.0,-7660.0,5.0,50.0,13.0,
1650383469190506458,-0.244079589844,-0.897033691406,0.259826660156,0.26123046875,3150.0,-4166.0,-7693.0,5.0,51.0,16.0,
1650383469194907903,-0.245788574219,-0.89599609375,0.259216308594,0.263793945312,3212.0,-4086.0,-7720.0,5.0,52.0,18.0,
1650383469201007366,-0.247680664062,-0.894897460938,0.258544921875,0.266418457031,3287.0,-4013.0,-7730.0,5.0,54.0,21.0,
1650383469204592704,-0.249694824219,-0.893737792969,0.257873535156,0.269165039062,3362.0,-3954.0,-7749.0,5.0,57.0,23.0,
1650383469210814952,-0.251892089844,-0.892456054688,0.257141113281,0.27197265625,3436.0,-3902.0,-7745.0,4.0,59.0,25.0,
1650383469214826583,-0.254211425781,-0.891174316406,0.256286621094,0.274841308594,3495.0,-3827.0,-7746.0,2.0,61.0,27.0,
1650383469222618103,-0.256713867188,-0.889831542969,0.255249023438,0.277770996094,3546.0,-3732.0,-7744.0,0.0,63.0,29.0,
1650383469225309848,-0.259460449219,-0.888427734375,0.254089355469,0.280883789062,3614.0,-3622.0,-7741.0,-2.0,67.0,31.0,
1650383469231966972,-0.262329101562,-0.886901855469,0.252746582031,0.284118652344,3677.0,-3491.0,-7750.0,-3.0,71.0,33.0,
1650383469234776496,-0.265380859375,-0.885314941406,0.251281738281,0.287536621094,3752.0,-3361.0,-7768.0,-4.0,76.0,36.0,
1650383469239271402,-0.268737792969,-0.883544921875,0.249694824219,0.291198730469,3855.0,-3234.0,-7775.0,-6.0,82.0,38.0,
1650383469244247198,-0.272277832031,-0.881652832031,0.247924804688,0.295104980469,3961.0,-3132.0,-7783.0,-7.0,87.0,42.0,
1650383469247592926,-0.276123046875,-0.879638671875,0.245971679688,0.299194335938,4055.0,-3032.0,-7778.0,-9.0,92.0,45.0,
1650383469254657506,-0.280212402344,-0.877502441406,0.243835449219,0.303405761719,4138.0,-2943.0,-7757.0,-12.0,96.0,47.0,
1650383469259118318,-0.284545898438,-0.875183105469,0.241577148438,0.307739257812,4218.0,-2872.0,-7696.0,-14.0,101.0,51.0,
1650383469263710737,-0.289184570312,-0.872741699219,0.2392578125,0.312316894531,4299.0,-2832.0,-7611.0,-16.0,105.0,55.0,
1650383469271647691,-0.294128417969,-0.870056152344,0.236755371094,0.317016601562,4369.0,-2815.0,-7519.0,-19.0,110.0,59.0,
1650383469276948451,-0.299377441406,-0.8671875,0.234191894531,0.32177734375,4438.0,-2816.0,-7419.0,-22.0,114.0,63.0,
1650383469280847787,-0.304992675781,-0.864135742188,0.2314453125,0.326599121094,4508.0,-2825.0,-7300.0,-25.0,117.0,68.0,
1650383469285378217,-0.310974121094,-0.860961914062,0.228515625,0.331420898438,4568.0,-2835.0,-7160.0,-29.0,120.0,73.0,
1650383469289802074,-0.317260742188,-0.857604980469,0.225463867188,0.336242675781,4619.0,-2857.0,-6993.0,-33.0,122.0,78.0,
1650383469294893503,-0.323913574219,-0.854064941406,0.222290039062,0.340942382812,4638.0,-2898.0,-6826.0,-38.0,124.0,82.0,
1650383469299139261,-0.330871582031,-0.850402832031,0.218994140625,0.345520019531,4643.0,-2972.0,-6619.0,-42.0,125.0,87.0,
1650383469303870201,-0.338256835938,-0.846557617188,0.215637207031,0.350036621094,4660.0,-3052.0,-6408.0,-47.0,126.0,93.0,
1650383469308519363,-0.345947265625,-0.842468261719,0.212097167969,0.354370117188,4692.0,-3110.0,-6206.0,-52.0,126.0,98.0,
1650383469313133716,-0.353942871094,-0.838317871094,0.208374023438,0.358520507812,4724.0,-3134.0,-6010.0,-57.0,126.0,103.0,
1650383469317943572,-0.362121582031,-0.834106445312,0.204528808594,0.362365722656,4755.0,-3132.0,-5822.0,-62.0,124.0,106.0,
1650383469322822093,-0.370422363281,-0.829895019531,0.200500488281,0.365966796875,4762.0,-3096.0,-5655.0,-66.0,121.0,109.0,
1650383469326110124,-0.378845214844,-0.825622558594,0.196472167969,0.369201660156,4742.0,-3071.0,-5487.0,-69.0,118.0,111.0,
1650383469345751523,-0.387329101562,-0.8212890625,0.1923828125,0.372131347656,4676.0,-3081.0,-5309.0,-72.0,114.0,112.0,
1650383469346357107,-0.395874023438,-0.81689453125,0.188354492188,0.374816894531,4554.0,-3133.0,-5099.0,-74.0,111.0,114.0,
1650383469346969127,-0.404541015625,-0.812438964844,0.184326171875,0.377258300781,4410.0,-3191.0,-4887.0,-77.0,110.0,115.0,
1650383469358868598,-0.413330078125,-0.807861328125,0.180297851562,0.379516601562,4328.0,-3316.0,-4679.0,-80.0,110.0,118.0,
1650383469359633445,-0.42236328125,-0.803039550781,0.176208496094,0.381713867188,4269.0,-3438.0,-4513.0,-83.0,109.0,121.0,
1650383469360293865,-0.431396484375,-0.798217773438,0.171936035156,0.383666992188,4199.0,-3557.0,-4364.0,-88.0,107.0,122.0,
1650383469362934350,-0.440612792969,-0.793395996094,0.167602539062,0.38525390625,4088.0,-3691.0,-4217.0,-93.0,104.0,123.0,
1650383469367517709,-0.449890136719,-0.788452148438,0.1630859375,0.386474609375,3974.0,-3849.0,-4076.0,-98.0,102.0,125.0,
1650383469378399372,-0.469055175781,-0.778381347656,0.153930664062,0.387939453125,3737.0,-4184.0,-3843.0,-108.0,97.0,129.0,
1650383469384615898,-0.478759765625,-0.773254394531,0.149291992188,0.388122558594,3622.0,-4326.0,-3726.0,-112.0,93.0,131.0,
1650383469389061927,-0.488586425781,-0.76806640625,0.144592285156,0.388000488281,3499.0,-4440.0,-3628.0,-117.0,89.0,133.0,
1650383469393495798,-0.498474121094,-0.762878417969,0.139831542969,0.387329101562,3355.0,-4514.0,-3545.0,-122.0,84.0,134.0,
1650383469398184776,-0.50830078125,-0.757751464844,0.134948730469,0.386352539062,3194.0,-4590.0,-3478.0,-125.0,80.0,133.0,
1650383469404542446,-0.518127441406,-0.752563476562,0.130126953125,0.385070800781,3047.0,-4670.0,-3429.0,-128.0,78.0,133.0,
1650383469409179925,-0.527893066406,-0.747375488281,0.125305175781,0.383544921875,2884.0,-4739.0,-3392.0,-130.0,75.0,133.0,
1650383469413931608,-0.537536621094,-0.7421875,0.120544433594,0.381713867188,2735.0,-4774.0,-3347.0,-130.0,71.0,133.0,
1650383469418327569,-0.547058105469,-0.736938476562,0.115966796875,0.379760742188,2575.0,-4843.0,-3284.0,-128.0,68.0,132.0,
1650383469423255920,-0.556335449219,-0.731750488281,0.111572265625,0.377685546875,2386.0,-4920.0,-3258.0,-128.0,64.0,130.0,
1650383469427856922,-0.565490722656,-0.7265625,0.107360839844,0.375244140625,2220.0,-4992.0,-3277.0,-127.0,59.0,129.0,
1650383469432426691,-0.574523925781,-0.721435546875,0.103332519531,0.372619628906,2087.0,-5073.0,-3304.0,-127.0,55.0,129.0,
1650383469439036369,-0.58349609375,-0.716186523438,0.0994873046875,0.369812011719,1983.0,-5167.0,-3340.0,-126.0,51.0,130.0,
1650383469443590164,-0.59228515625,-0.710998535156,0.0958251953125,0.366760253906,1866.0,-5236.0,-3388.0,-125.0,47.0,129.0,
1650383469447925567,-0.600952148438,-0.705871582031,0.0923461914062,0.363403320312,1714.0,-5263.0,-3436.0,-125.0,41.0,128.0,
1650383469454065561,-0.609497070312,-0.700805664062,0.0890502929688,0.359802246094,1561.0,-5282.0,-3481.0,-124.0,36.0,128.0,
1650383469457516193,-0.617980957031,-0.695739746094,0.0859375,0.356018066406,1429.0,-5295.0,-3531.0,-124.0,34.0,128.0,
1650383469464403152,-0.626342773438,-0.690551757812,0.0828857421875,0.352111816406,1274.0,-5285.0,-3586.0,-123.0,31.0,128.0,
1650383469468850612,-0.634582519531,-0.685424804688,0.0799560546875,0.348083496094,1092.0,-5273.0,-3653.0,-123.0,29.0,128.0,
1650383469475466012,-0.642761230469,-0.680236816406,0.0771484375,0.343933105469,905.0,-5244.0,-3709.0,-122.0,28.0,127.0,
1650383469480147361,-0.650817871094,-0.674926757812,0.0742797851562,0.33984375,739.0,-5188.0,-3795.0,-121.0,30.0,127.0,
1650383469484516382,-0.658752441406,-0.669494628906,0.0713500976562,0.335815429688,595.0,-5123.0,-3891.0,-118.0,33.0,126.0,
1650383469489119768,-0.66650390625,-0.664001464844,0.068359375,0.332092285156,454.0,-5089.0,-3968.0,-115.0,37.0,126.0,
1650383469493651628,-0.674194335938,-0.658264160156,0.0654296875,0.328491210938,301.0,-5072.0,-4054.0,-112.0,39.0,126.0,
1650383469498506069,-0.681762695312,-0.652465820312,0.0624389648438,0.325073242188,200.0,-5025.0,-4146.0,-111.0,42.0,125.0,
1650383469503145217,-0.689025878906,-0.646728515625,0.059326171875,0.32177734375,177.0,-4946.0,-4273.0,-109.0,44.0,122.0,
1650383469507591962,-0.696044921875,-0.64111328125,0.0560913085938,0.318481445312,162.0,-4830.0,-4426.0,-107.0,44.0,117.0,
1650383469512362003,-0.70263671875,-0.6357421875,0.052734375,0.315246582031,79.0,-4695.0,-4593.0,-105.0,44.0,110.0,
1650383469519112586,-0.708862304688,-0.630676269531,0.0493774414062,0.312133789062,-66.0,-4559.0,-4770.0,-100.0,45.0,102.0,
1650383469523865699,-0.714599609375,-0.625732421875,0.0460815429688,0.309326171875,-211.0,-4450.0,-4908.0,-93.0,49.0,95.0,
1650383469529197216,-0.720031738281,-0.620849609375,0.0426635742188,0.307189941406,-314.0,-4390.0,-5038.0,-86.0,56.0,90.0,
1650383469533538341,-0.72509765625,-0.615966796875,0.0391845703125,0.305541992188,-400.0,-4321.0,-5138.0,-78.0,62.0,85.0,
1650383469537765264,-0.729736328125,-0.611206054688,0.0357055664062,0.304382324219,-445.0,-4247.0,-5242.0,-72.0,66.0,80.0,
1650383469542184591,-0.734191894531,-0.6064453125,0.0321655273438,0.3037109375,-434.0,-4182.0,-5323.0,-65.0,71.0,77.0,
1650383469549222230,-0.738403320312,-0.601623535156,0.0285034179688,0.303527832031,-409.0,-4137.0,-5402.0,-58.0,76.0,76.0,
1650383469553724765,-0.742370605469,-0.596740722656,0.02490234375,0.303649902344,-372.0,-4121.0,-5503.0,-54.0,79.0,74.0,
1650383469558717727,-0.746276855469,-0.591796875,0.021240234375,0.304016113281,-316.0,-4130.0,-5623.0,-51.0,82.0,74.0,
1650383469563228368,-0.750122070312,-0.586853027344,0.017578125,0.304504394531,-241.0,-4133.0,-5743.0,-49.0,83.0,73.0,
1650383469568017005,-0.753845214844,-0.581848144531,0.0137939453125,0.305053710938,-153.0,-4100.0,-5890.0,-48.0,85.0,73.0,
1650383469572540998,-0.757507324219,-0.576843261719,0.010009765625,0.305541992188,-48.0,-4076.0,-6055.0,-48.0,85.0,72.0,
1650383469581548213,-0.761108398438,-0.571899414062,0.0062255859375,0.306030273438,57.0,-4042.0,-6215.0,-48.0,84.0,72.0,
1650383469585970163,-0.764709472656,-0.566955566406,0.00244140625,0.306396484375,183.0,-4006.0,-6366.0,-47.0,83.0,72.0,
1650383469590223073,-0.768188476562,-0.56201171875,-0.001220703125,0.306823730469,273.0,-3961.0,-6519.0,-45.0,81.0,72.0,
1650383469595045328,-0.771545410156,-0.557067871094,-0.00469970703125,0.307312011719,250.0,-3868.0,-6669.0,-42.0,80.0,71.0,
1650383469599879741,-0.774780273438,-0.552062988281,-0.0081787109375,0.30810546875,269.0,-3789.0,-6853.0,-36.0,86.0,71.0,
1650383469604091882,-0.777954101562,-0.546813964844,-0.0116577148438,0.309448242188,366.0,-3687.0,-6985.0,-29.0,91.0,73.0,
1650383469608766555,-0.780883789062,-0.541442871094,-0.0151977539062,0.311218261719,527.0,-3581.0,-7070.0,-21.0,95.0,75.0,
1650383469613580703,-0.783630371094,-0.536071777344,-0.0184326171875,0.3134765625,663.0,-3494.0,-7121.0,-12.0,94.0,74.0,
1650383469618128061,-0.786071777344,-0.530944824219,-0.021240234375,0.315979003906,678.0,-3402.0,-7130.0,-3.0,89.0,71.0,
1650383469622906684,-0.788269042969,-0.525939941406,-0.023681640625,0.318664550781,674.0,-3298.0,-7098.0,5.0,88.0,69.0,
1650383469627726078,-0.790161132812,-0.52099609375,-0.0260009765625,0.321838378906,667.0,-3207.0,-7025.0,13.0,90.0,66.0,
1650383469632776975,-0.791748046875,-0.516235351562,-0.0283203125,0.325439453125,648.0,-3152.0,-6933.0,20.0,92.0,62.0,
1650383469639146089,-0.793029785156,-0.511596679688,-0.0306396484375,0.329467773438,625.0,-3147.0,-6827.0,26.0,96.0,57.0,
1650383469643811225,-0.794006347656,-0.506958007812,-0.0330810546875,0.333862304688,681.0,-3162.0,-6724.0,31.0,101.0,53.0,
1650383469648356914,-0.794799804688,-0.50244140625,-0.0357666015625,0.338562011719,806.0,-3116.0,-6652.0,34.0,105.0,50.0,
1650383469653113126,-0.795349121094,-0.497985839844,-0.0386352539062,0.343505859375,967.0,-3043.0,-6604.0,38.0,106.0,47.0,
1650383469657696723,-0.795715332031,-0.493774414062,-0.0413818359375,0.348449707031,1170.0,-2974.0,-6606.0,42.0,104.0,44.0,
1650383469663480520,-0.7958984375,-0.489807128906,-0.0439453125,0.353332519531,1411.0,-2952.0,-6622.0,44.0,99.0,42.0,
1650383469669793128,-0.796020507812,-0.485961914062,-0.0462036132812,0.357971191406,1648.0,-2946.0,-6641.0,44.0,91.0,42.0,
1650383469674703836,-0.796142578125,-0.482299804688,-0.048095703125,0.3623046875,1855.0,-2913.0,-6675.0,43.0,83.0,42.0,
1650383469682695627,-0.796325683594,-0.478759765625,-0.0496826171875,0.366394042969,1980.0,-2880.0,-6719.0,42.0,76.0,42.0,
1650383469688531875,-0.796691894531,-0.471923828125,-0.0523681640625,0.373962402344,2125.0,-2808.0,-6733.0,41.0,72.0,41.0,
1650383469694779634,-0.796875,-0.468505859375,-0.0538940429688,0.377685546875,2202.0,-2749.0,-6737.0,40.0,74.0,40.0,
1650383469699474334,-0.796997070312,-0.465026855469,-0.0557250976562,0.381530761719,2318.0,-2710.0,-6756.0,39.0,78.0,40.0,
1650383469704169511,-0.796997070312,-0.461486816406,-0.0577392578125,0.385375976562,2464.0,-2704.0,-6793.0,39.0,82.0,39.0,
1650383469709428548,-0.796997070312,-0.457946777344,-0.0599365234375,0.389221191406,2584.0,-2732.0,-6852.0,38.0,83.0,37.0,
1650383469714439868,-0.796936035156,-0.454650878906,-0.0621948242188,0.393005371094,2663.0,-2779.0,-6897.0,37.0,82.0,34.0,
1650383469717950820,-0.796813964844,-0.451354980469,-0.064453125,0.396606445312,2747.0,-2832.0,-6952.0,35.0,82.0,32.0,
1650383469723218202,-0.796691894531,-0.448181152344,-0.0667724609375,0.400024414062,2844.0,-2906.0,-6987.0,33.0,81.0,30.0,
1650383469732447147,-0.796569824219,-0.445129394531,-0.0691528320312,0.4033203125,2940.0,-2984.0,-7026.0,30.0,79.0,28.0,
1650383469734729766,-0.79638671875,-0.442199707031,-0.071533203125,0.406372070312,3037.0,-3034.0,-7067.0,27.0,77.0,26.0,
1650383469739139556,-0.796264648438,-0.439453125,-0.073974609375,0.4091796875,3158.0,-3083.0,-7115.0,24.0,74.0,23.0,
1650383469744132041,-0.796081542969,-0.436950683594,-0.0762939453125,0.411743164062,3254.0,-3147.0,-7157.0,23.0,69.0,21.0,
1650383469748767852,-0.7958984375,-0.434753417969,-0.0784301757812,0.414001464844,3352.0,-3228.0,-7179.0,20.0,63.0,18.0,
1650383469753572940,-0.795776367188,-0.432800292969,-0.0803833007812,0.416015625,3469.0,-3292.0,-7212.0,18.0,57.0,16.0,
1650383469757840394,-0.795654296875,-0.431030273438,-0.0820922851562,0.417724609375,3570.0,-3319.0,-7233.0,16.0,50.0,14.0,
1650383469765272855,-0.795471191406,-0.429504394531,-0.0836181640625,0.419250488281,3668.0,-3342.0,-7222.0,16.0,44.0,13.0,
1650383469769509553,-0.79541015625,-0.428039550781,-0.0847778320312,0.420654296875,3792.0,-3382.0,-7196.0,17.0,38.0,15.0,
1650383469774061203,-0.795349121094,-0.426696777344,-0.0855712890625,0.421997070312,3877.0,-3434.0,-7155.0,18.0,31.0,17.0,
1650383469781591653,-0.795288085938,-0.425415039062,-0.0858764648438,0.423278808594,3922.0,-3478.0,-7095.0,19.0,24.0,18.0,
1650383469785886764,-0.795288085938,-0.42431640625,-0.0858764648438,0.424499511719,3947.0,-3504.0,-7030.0,21.0,18.0,18.0,
1650383469791142463,-0.795166015625,-0.42333984375,-0.0855712890625,0.425659179688,3934.0,-3538.0,-6951.0,23.0,13.0,18.0,
1650383469794640302,-0.795043945312,-0.422668457031,-0.0850219726562,0.426696777344,3833.0,-3625.0,-6860.0,24.0,8.0,15.0,
1650383469799770593,-0.794799804688,-0.422058105469,-0.0843505859375,0.427856445312,3630.0,-3725.0,-6754.0,25.0,7.0,11.0,
1650383469804291009,-0.79443359375,-0.421569824219,-0.0839233398438,0.429077148438,3381.0,-3770.0,-6616.0,25.0,13.0,6.0,
1650383469808857440,-0.7939453125,-0.421142578125,-0.0840454101562,0.430480957031,3278.0,-3775.0,-6450.0,24.0,21.0,0.0,
1650383469813303947,-0.793212890625,-0.420715332031,-0.0848388671875,0.432006835938,3311.0,-3835.0,-6275.0,23.0,28.0,-5.0,
1650383469819217920,-0.792297363281,-0.420532226562,-0.0859985351562,0.433654785156,3357.0,-3940.0,-6117.0,21.0,30.0,-10.0,
1650383469824351072,-0.791320800781,-0.420532226562,-0.0872802734375,0.435180664062,3390.0,-4004.0,-5971.0,20.0,29.0,-15.0,
1650383469829999208,-0.790283203125,-0.420837402344,-0.0885009765625,0.4365234375,3476.0,-4066.0,-5827.0,19.0,26.0,-19.0,
1650383469834386587,-0.789184570312,-0.421447753906,-0.0897827148438,0.437683105469,3594.0,-4150.0,-5690.0,16.0,22.0,-22.0,
1650383469838748693,-0.7880859375,-0.422241210938,-0.0909423828125,0.438598632812,3688.0,-4220.0,-5568.0,13.0,16.0,-25.0,
1650383469843034267,-0.787109375,-0.423461914062,-0.0919799804688,0.439086914062,3822.0,-4274.0,-5479.0,9.0,9.0,-29.0,
1650383469848323583,-0.786071777344,-0.425048828125,-0.093017578125,0.439086914062,3994.0,-4356.0,-5397.0,4.0,2.0,-34.0,
1650383469853880167,-0.78515625,-0.427124023438,-0.0938720703125,0.438598632812,4230.0,-4452.0,-5351.0,-2.0,-7.0,-39.0,
1650383469861744403,-0.784301757812,-0.429748535156,-0.0945434570312,0.437438964844,4475.0,-4491.0,-5329.0,-9.0,-20.0,-44.0,
1650383469864176988,-0.783447265625,-0.432983398438,-0.0950927734375,0.435546875,4758.0,-4466.0,-5330.0,-16.0,-32.0,-50.0,
1650383469869634866,-0.782653808594,-0.436950683594,-0.0955200195312,0.432983398438,5037.0,-4419.0,-5350.0,-23.0,-44.0,-58.0,
1650383469875999450,-0.781799316406,-0.441711425781,-0.095703125,0.429565429688,5298.0,-4371.0,-5370.0,-29.0,-60.0,-68.0,
1650383469878997564,-0.780883789062,-0.447448730469,-0.0955810546875,0.42529296875,5638.0,-4325.0,-5398.0,-36.0,-77.0,-79.0,
1650383469885360956,-0.779907226562,-0.454162597656,-0.0950927734375,0.420166015625,5929.0,-4334.0,-5464.0,-43.0,-96.0,-91.0,
1650383469892148494,-0.778747558594,-0.461853027344,-0.09423828125,0.4140625,6031.0,-4380.0,-5514.0,-50.0,-115.0,-103.0,
1650383469894431829,-0.777526855469,-0.470336914062,-0.0928344726562,0.406982421875,5925.0,-4392.0,-5558.0,-58.0,-132.0,-115.0,
1650383469899387836,-0.776306152344,-0.479370117188,-0.09130859375,0.399108886719,5676.0,-4344.0,-5593.0,-66.0,-141.0,-125.0,
1650383469904637098,-0.775085449219,-0.488586425781,-0.0899658203125,0.390563964844,5376.0,-4282.0,-5619.0,-75.0,-142.0,-130.0,
1650383469910312891,-0.773864746094,-0.497436523438,-0.0892944335938,0.381774902344,5128.0,-4231.0,-5630.0,-85.0,-133.0,-132.0,
1650383469971753120,-0.772705078125,-0.505859375,-0.0894775390625,0.372985839844,5020.0,-4207.0,-5615.0,-93.0,-120.0,-131.0,
