1649757207781208038,0.0822143554688,-0.801330566406,0.472961425781,0.356872558594,3773.0,-5479.0,-2820.0,-26.0,18.0,-4.0,
1649757207781596899,0.0772094726562,-0.802124023438,0.468078613281,0.362609863281,3283.0,-5090.0,-2525.0,-41.0,46.0,-12.0,
1649757207781991720,0.0750732421875,-0.802062988281,0.465881347656,0.366149902344,3023.0,-5094.0,-2547.0,-46.0,62.0,-17.0,
1649757207782618045,0.0665283203125,-0.794982910156,0.451171875,0.400024414062,3144.0,-4658.0,-2733.0,-37.0,134.0,-75.0,
1649757207783043861,0.112609863281,-0.503173828125,0.248291015625,0.820007324219,8649.0,376.0,5252.0,-69.0,185.0,-200.0,
1649757207783374309,0.112670898438,-0.494445800781,0.237426757812,0.828491210938,8810.0,617.0,5549.0,-74.0,162.0,-189.0,
1649757207797958850,0.112487792969,-0.486511230469,0.227111816406,0.836120605469,8801.0,829.0,5819.0,-75.0,145.0,-175.0,
1649757207803626775,0.1025390625,-0.389099121094,0.141967773438,0.904357910156,8390.0,2170.0,7753.0,-27.0,69.0,-24.0,
1649757207806195974,0.0933837890625,-0.361083984375,0.126525878906,0.919189453125,6503.0,1392.0,6507.0,-28.0,67.0,-35.0,
1649757207807773351,0.0822143554688,-0.299438476562,0.07861328125,0.947265625,5463.0,1253.0,7536.0,0.0,49.0,-26.0,
1649757207809702873,0.0831909179688,-0.283447265625,0.0750122070312,0.952392578125,6123.0,1089.0,8470.0,-1.0,30.0,-7.0,
1649757207811699628,0.0791625976562,-0.287780761719,0.0785522460938,0.951171875,6545.0,1282.0,9494.0,-4.0,-32.0,28.0,
1649757207848056316,0.0773315429688,-0.30078125,0.0889892578125,0.946350097656,7090.0,1371.0,9752.0,5.0,-66.0,62.0,
1649757207850481748,0.0751953125,-0.317626953125,0.101867675781,0.939697265625,7337.0,1211.0,9799.0,2.0,-101.0,88.0,
1649757207852553367,-0.11083984375,-0.613952636719,0.422912597656,0.657165527344,4708.0,-3308.0,2260.0,-15.0,-89.0,124.0,
1649757207854181528,-0.127990722656,-0.6328125,0.451965332031,0.615539550781,3667.0,-4417.0,1624.0,-23.0,-99.0,116.0,
1649757207860314607,-0.12646484375,-0.709594726562,0.502258300781,0.477722167969,3941.0,-5929.0,-1365.0,49.0,-46.0,4.0,
1649757207862418174,-0.120056152344,-0.710266113281,0.507629394531,0.47265625,4094.0,-5949.0,-1284.0,52.0,-67.0,8.0,
1649757207868266820,-0.064208984375,-0.6845703125,0.517211914062,0.509643554688,5125.0,-6384.0,610.0,12.0,65.0,-39.0,
1649757207887136697,0.316284179688,0.0307006835938,0.324645996094,0.890808105469,1930.0,8281.0,7754.0,170.0,-22.0,9.0,
1649757207896247148,0.536315917969,0.167846679688,0.28662109375,0.77587890625,1035.0,7749.0,3907.0,18.0,-10.0,-17.0,
1649757207900314569,0.478698730469,-0.018310546875,0.194458007812,0.85595703125,2648.0,7001.0,5199.0,-10.0,-81.0,66.0,
1649757207902264118,0.0142211914062,-0.582214355469,0.3056640625,0.753234863281,5486.0,780.0,1865.0,-76.0,-3.0,95.0,
1649757207904235124,-0.140869140625,-0.639526367188,0.572998046875,0.492736816406,3474.0,-6801.0,728.0,12.0,36.0,-3.0,
1649757207906087875,-0.156982421875,-0.653503417969,0.625732421875,0.395874023438,3521.0,-7806.0,1036.0,-8.0,-31.0,31.0,
1649757207910491466,-0.1044921875,-0.631591796875,0.53173828125,0.554443359375,2893.0,-5195.0,1645.0,70.0,237.0,-150.0,
1649757207912392616,0.114624023438,-0.0794677734375,0.191284179688,0.971557617188,3710.0,2775.0,10684.0,19.0,-12.0,47.0,
1649757207916393041,0.115661621094,-0.0808715820312,0.194274902344,0.970703125,3704.0,2778.0,10703.0,15.0,-17.0,50.0,
1649757207918678283,0.116577148438,-0.082763671875,0.197204589844,0.969848632812,3625.0,2769.0,10734.0,11.0,-23.0,51.0,
1649757207920720338,0.1171875,-0.0847778320312,0.200073242188,0.968994140625,3476.0,2735.0,10784.0,6.0,-27.0,51.0,
1649757207922922611,0.117431640625,-0.0868530273438,0.203002929688,0.968200683594,3407.0,2728.0,10808.0,1.0,-29.0,52.0,
1649757207943937063,0.117431640625,-0.089111328125,0.205993652344,0.967346191406,3438.0,2742.0,10810.0,-4.0,-29.0,55.0,
1649757207947982311,0.117065429688,-0.0946044921875,0.212341308594,0.965515136719,3466.0,2757.0,10768.0,-10.0,-37.0,59.0,
1649757207950376987,0.11669921875,-0.0977172851562,0.215576171875,0.964538574219,3511.0,2725.0,10741.0,-13.0,-41.0,61.0,
1649757207952229738,0.116149902344,-0.101257324219,0.218994140625,0.963439941406,3537.0,2658.0,10718.0,-16.0,-45.0,64.0,
1649757207956328153,0.115417480469,-0.105041503906,0.222473144531,0.962341308594,3511.0,2574.0,10671.0,-19.0,-50.0,67.0,
1649757207960244417,0.114440917969,-0.108947753906,0.226196289062,0.961120605469,3474.0,2482.0,10641.0,-23.0,-52.0,71.0,
1649757207966130256,0.10400390625,-0.130920410156,0.249206542969,0.953857421875,3695.0,1906.0,10405.0,-49.0,-57.0,101.0,
1649757207968323469,0.10107421875,-0.136047363281,0.254699707031,0.952026367188,3789.0,1872.0,10303.0,-53.0,-59.0,108.0,
1649757207972130537,0.0980834960938,-0.141418457031,0.260498046875,0.949951171875,3845.0,1831.0,10202.0,-55.0,-63.0,114.0,
1649757207978089570,0.0950927734375,-0.14697265625,0.2666015625,0.94775390625,3866.0,1771.0,10108.0,-56.0,-67.0,120.0,
1649757207980551958,0.0919189453125,-0.152709960938,0.273010253906,0.9453125,3880.0,1689.0,10010.0,-57.0,-69.0,126.0,
1649757207997122049,0.0886840820312,-0.158569335938,0.279663085938,0.942749023438,3857.0,1613.0,9911.0,-57.0,-71.0,131.0,
1649757207999615192,0.0853271484375,-0.164367675781,0.286560058594,0.93994140625,3804.0,1529.0,9806.0,-58.0,-72.0,136.0,
1649757208003428697,0.0818481445312,-0.170166015625,0.293701171875,0.93701171875,3802.0,1430.0,9688.0,-60.0,-71.0,142.0,
1649757208009186506,0.0663452148438,-0.193908691406,0.32421875,0.923461914062,3787.0,993.0,9276.0,-67.0,-73.0,158.0,
1649757208013084411,0.0621948242188,-0.199951171875,0.332153320312,0.919677734375,3745.0,900.0,9164.0,-69.0,-73.0,161.0,
1649757208015187263,0.057861328125,-0.205993652344,0.340148925781,0.915649414062,3722.0,791.0,9046.0,-70.0,-73.0,163.0,
1649757208017489194,0.0534057617188,-0.211975097656,0.348266601562,0.911499023438,3718.0,653.0,8926.0,-71.0,-73.0,165.0,
1649757208019514322,0.048828125,-0.218017578125,0.356384277344,0.9072265625,3711.0,498.0,8818.0,-73.0,-74.0,167.0,
1649757208023835659,0.0441284179688,-0.224243164062,0.364501953125,0.902709960938,3655.0,343.0,8720.0,-74.0,-76.0,169.0,
1649757208033264875,0.039306640625,-0.23046875,0.372680664062,0.898010253906,3579.0,163.0,8624.0,-77.0,-77.0,171.0,
1649757208052018165,0.0343017578125,-0.236694335938,0.380859375,0.893127441406,3534.0,8.0,8524.0,-79.0,-77.0,173.0,
1649757208056464433,0.0291137695312,-0.242980957031,0.389038085938,0.888061523438,3504.0,-143.0,8408.0,-81.0,-78.0,175.0,
1649757208060043334,0.0238647460938,-0.249328613281,0.397216796875,0.8828125,3474.0,-292.0,8296.0,-83.0,-79.0,176.0,
1649757208062077522,0.0185546875,-0.255798339844,0.405456542969,0.877380371094,3435.0,-459.0,8185.0,-85.0,-81.0,178.0,
1649757208064270257,0.0130615234375,-0.262390136719,0.413635253906,0.871643066406,3371.0,-634.0,8060.0,-87.0,-83.0,180.0,
1649757208066682338,0.0074462890625,-0.269104003906,0.421875,0.86572265625,3318.0,-810.0,7912.0,-90.0,-85.0,182.0,
1649757208070364713,0.001708984375,-0.27587890625,0.430053710938,0.859558105469,3272.0,-969.0,7759.0,-92.0,-86.0,184.0,
1649757208072626113,-0.00408935546875,-0.282592773438,0.438354492188,0.853149414062,3256.0,-1134.0,7613.0,-93.0,-86.0,187.0,
1649757208075094223,-0.010009765625,-0.289367675781,0.446594238281,0.846557617188,3253.0,-1294.0,7469.0,-94.0,-86.0,189.0,
1649757208081011056,-0.0159912109375,-0.296203613281,0.454833984375,0.839660644531,3258.0,-1442.0,7274.0,-95.0,-88.0,191.0,
1649757208082859992,-0.0218505859375,-0.30322265625,0.463073730469,0.83251953125,3296.0,-1550.0,7060.0,-96.0,-91.0,192.0,
1649757208085055112,-0.0274658203125,-0.310424804688,0.471130371094,0.825134277344,3293.0,-1779.0,6918.0,-95.0,-96.0,192.0,
1649757208089075565,-0.033203125,-0.317687988281,0.479187011719,0.817504882812,3325.0,-2016.0,6793.0,-95.0,-98.0,192.0,
1649757208110081911,-0.0389404296875,-0.325012207031,0.486999511719,0.809692382812,3266.0,-2155.0,6650.0,-97.0,-100.0,190.0,
1649757208116113424,-0.0446166992188,-0.332275390625,0.494506835938,0.801879882812,3160.0,-2243.0,6532.0,-98.0,-100.0,185.0,
1649757208129601240,-0.0502319335938,-0.339233398438,0.501586914062,0.794189453125,3123.0,-2314.0,6412.0,-99.0,-97.0,180.0,
1649757208136694669,-0.0557250976562,-0.346069335938,0.50830078125,0.78662109375,3129.0,-2369.0,6317.0,-99.0,-94.0,173.0,
1649757208148980140,-0.0609130859375,-0.352661132812,0.514465332031,0.779235839844,3070.0,-2382.0,6264.0,-97.0,-92.0,164.0,
1649757208151506423,-0.0658569335938,-0.358947753906,0.520080566406,0.772216796875,2973.0,-2350.0,6197.0,-94.0,-89.0,153.0,
1649757208157273530,-0.0704956054688,-0.364685058594,0.525085449219,0.765686035156,2905.0,-2302.0,6109.0,-90.0,-82.0,141.0,
1649757208168397665,-0.0747680664062,-0.369934082031,0.529541015625,0.759704589844,2860.0,-2263.0,5992.0,-85.0,-74.0,127.0,
1649757208170800924,-0.0785522460938,-0.374633789062,0.533386230469,0.754272460938,2875.0,-2278.0,5905.0,-77.0,-67.0,113.0,
1649757208174681425,-0.0817260742188,-0.378845214844,0.536743164062,0.749389648438,2790.0,-2313.0,5825.0,-67.0,-61.0,99.0,
1649757208177506446,-0.08447265625,-0.382385253906,0.539489746094,0.745300292969,2696.0,-2352.0,5770.0,-58.0,-53.0,82.0,
1649757208179646253,-0.0869140625,-0.385314941406,0.541748046875,0.741943359375,2709.0,-2453.0,5743.0,-51.0,-43.0,68.0,
1649757208181609153,-0.089111328125,-0.387817382812,0.543518066406,0.739074707031,2818.0,-2621.0,5710.0,-46.0,-35.0,57.0,
1649757208224560022,-0.091064453125,-0.39013671875,0.544738769531,0.736694335938,2855.0,-2779.0,5668.0,-42.0,-29.0,46.0,
1649757208263441324,-0.0927124023438,-0.392211914062,0.545593261719,0.734741210938,2838.0,-2883.0,5622.0,-39.0,-26.0,35.0,
1649757208266891956,-0.0941772460938,-0.393920898438,0.546142578125,0.733276367188,2853.0,-2948.0,5539.0,-36.0,-21.0,26.0,
1649757208270598888,-0.095458984375,-0.395324707031,0.546325683594,0.732177734375,2915.0,-3025.0,5470.0,-31.0,-15.0,18.0,
1649757208287208795,-0.0965576171875,-0.396423339844,0.546325683594,0.7314453125,3015.0,-3152.0,5393.0,-28.0,-10.0,12.0,
1649757208291453838,-0.0975952148438,-0.397399902344,0.546020507812,0.731018066406,3131.0,-3281.0,5219.0,-24.0,-5.0,6.0,
1649757208293545961,-0.098388671875,-0.398193359375,0.545593261719,0.730773925781,3184.0,-3403.0,5225.0,-19.0,-2.0,2.0,
1649757208297766685,-0.0989990234375,-0.398620605469,0.545166015625,0.730773925781,3347.0,-3534.0,5245.0,-16.0,0.0,-2.0,
1649757208304243087,-0.0995483398438,-0.399108886719,0.544555664062,0.730895996094,3434.0,-3638.0,5249.0,-16.0,1.0,-5.0,
1649757208308159828,-0.10009765625,-0.399597167969,0.543762207031,0.731140136719,3455.0,-3740.0,5230.0,-17.0,1.0,-8.0,
1649757208310379743,-0.100769042969,-0.399963378906,0.542846679688,0.731506347656,3553.0,-3842.0,5222.0,-18.0,5.0,-11.0,
1649757208312486171,-0.101440429688,-0.400207519531,0.541809082031,0.732055664062,3713.0,-3921.0,5231.0,-17.0,9.0,-13.0,
1649757208345191955,-0.101928710938,-0.400512695312,0.540649414062,0.732727050781,3836.0,-3952.0,5265.0,-16.0,9.0,-15.0,
1649757208351132631,-0.102294921875,-0.400756835938,0.539489746094,0.7333984375,3953.0,-3944.0,5284.0,-15.0,7.0,-15.0,
1649757208357166528,-0.1025390625,-0.401000976562,0.538513183594,0.733947753906,4090.0,-3896.0,5310.0,-14.0,6.0,-13.0,
1649757208360670089,-0.102661132812,-0.401306152344,0.537658691406,0.734375,4239.0,-3825.0,5320.0,-12.0,4.0,-10.0,
1649757208390060424,-0.102478027344,-0.401611328125,0.537109375,0.734619140625,4357.0,-3797.0,5336.0,-8.0,0.0,-6.0,
1649757208392051935,-0.101684570312,-0.402526855469,0.536804199219,0.734436035156,4434.0,-3867.0,5338.0,-2.0,-10.0,1.0,
1649757208396008491,-0.101257324219,-0.403015136719,0.537048339844,0.734069824219,4400.0,-3996.0,5364.0,-1.0,-12.0,4.0,
1649757208398089885,-0.101013183594,-0.403564453125,0.537353515625,0.733581542969,4354.0,-4152.0,5412.0,-1.0,-13.0,6.0,
1649757208403909683,-0.100891113281,-0.404113769531,0.537719726562,0.733032226562,4322.0,-4284.0,5470.0,-3.0,-12.0,7.0,
1649757208420917272,-0.100891113281,-0.404663085938,0.537963867188,0.732543945312,4293.0,-4391.0,5533.0,-5.0,-11.0,6.0,
1649757208423278093,-0.100891113281,-0.405212402344,0.5380859375,0.732177734375,4240.0,-4457.0,5597.0,-7.0,-11.0,3.0,
1649757208434044122,-0.101013183594,-0.405822753906,0.537963867188,0.731872558594,4121.0,-4478.0,5695.0,-9.0,-9.0,0.0,
1649757208437979221,-0.101257324219,-0.406188964844,0.53759765625,0.73193359375,3997.0,-4515.0,5820.0,-12.0,-5.0,-5.0,
1649757208443785429,-0.10302734375,-0.407653808594,0.528869628906,0.737182617188,4343.0,-4138.0,5768.0,-8.0,12.0,-24.0,
1649757208446143388,-0.0949096679688,-0.405700683594,0.525207519531,0.741943359375,4535.0,-4153.0,5662.0,20.0,-6.0,-15.0,
1649757208456486225,-0.0932006835938,-0.405456542969,0.525024414062,0.742431640625,4616.0,-4183.0,5714.0,19.0,-8.0,-16.0,
1649757208460577726,-0.0914306640625,-0.405639648438,0.524719238281,0.742736816406,4708.0,-4220.0,5780.0,16.0,-14.0,-16.0,
1649757208462711572,-0.087890625,-0.407531738281,0.523681640625,0.742919921875,4705.0,-4322.0,5824.0,6.0,-28.0,-20.0,
1649757208464789152,-0.084716796875,-0.410583496094,0.521789550781,0.742919921875,4763.0,-4375.0,5762.0,-4.0,-32.0,-24.0,
1649757208472949743,-0.0831909179688,-0.412414550781,0.520629882812,0.742919921875,4761.0,-4338.0,5699.0,-6.0,-34.0,-26.0,
1649757208477072715,-0.0816040039062,-0.414245605469,0.519409179688,0.742919921875,4748.0,-4262.0,5652.0,-6.0,-33.0,-27.0,
1649757208479366540,-0.0802001953125,-0.415771484375,0.518371582031,0.742919921875,4397.0,-4198.0,5640.0,-5.0,-28.0,-23.0,
1649757208485192775,-0.0798950195312,-0.416076660156,0.51806640625,0.742980957031,4581.0,-4130.0,5591.0,-4.0,-12.0,-10.0,
1649757208487023353,-0.079345703125,-0.416564941406,0.517517089844,0.7431640625,4741.0,-4066.0,5567.0,-4.0,-6.0,-8.0,
1649757208491273164,-0.0789184570312,-0.4169921875,0.517211914062,0.7431640625,4747.0,-4071.0,5548.0,-3.0,-6.0,-4.0,
1649757208501227378,-0.078857421875,-0.417236328125,0.51708984375,0.743103027344,4807.0,-4072.0,5534.0,-4.0,-4.0,-1.0,
1649757208505305051,-0.0801391601562,-0.4169921875,0.516906738281,0.743286132812,4725.0,-4248.0,5559.0,-7.0,10.0,3.0,
1649757208508998632,-0.0809326171875,-0.416564941406,0.516906738281,0.743408203125,4724.0,-4274.0,5519.0,-8.0,12.0,5.0,
1649757208511132001,-0.0818481445312,-0.416259765625,0.517028808594,0.743408203125,4777.0,-4297.0,5489.0,-8.0,11.0,8.0,
1649757208514899492,-0.0826416015625,-0.416137695312,0.517211914062,0.743286132812,4781.0,-4328.0,5424.0,-9.0,8.0,10.0,
1649757208517001628,-0.0833740234375,-0.416259765625,0.517517089844,0.742919921875,4709.0,-4341.0,5335.0,-8.0,4.0,13.0,
1649757208519046068,-0.0860595703125,-0.417846679688,0.521484375,0.738952636719,4405.0,-4541.0,5309.0,-7.0,-8.0,26.0,
1649757208523091793,-0.0870361328125,-0.418151855469,0.522705078125,0.73779296875,4362.0,-4551.0,5325.0,-8.0,-7.0,29.0,
1649757208540507316,-0.0880126953125,-0.418395996094,0.524047851562,0.736572265625,4324.0,-4552.0,5352.0,-8.0,-6.0,32.0,
1649757208557974100,-0.0890502929688,-0.418518066406,0.525451660156,0.7353515625,4323.0,-4534.0,5396.0,-7.0,-6.0,34.0,
1649757208590950965,-0.0899658203125,-0.418701171875,0.527038574219,0.734008789062,4359.0,-4499.0,5555.0,-5.0,-6.0,37.0,
1649757208599627017,-0.0914916992188,-0.421020507812,0.531982421875,0.728942871094,4660.0,-4263.0,5572.0,-6.0,-28.0,44.0,
1649757208653263568,-0.0908203125,-0.423278808594,0.536437988281,0.724426269531,4553.0,-4169.0,5616.0,3.0,-37.0,43.0,
1649757208658400774,-0.090576171875,-0.42431640625,0.538757324219,0.72216796875,4555.0,-4208.0,5615.0,3.0,-35.0,44.0,
1649757208697094440,-0.0902099609375,-0.42529296875,0.540954589844,0.719909667969,4496.0,-4331.0,5603.0,5.0,-35.0,43.0,
1649757208700711727,-0.090087890625,-0.426147460938,0.543273925781,0.717712402344,4507.0,-4507.0,5576.0,6.0,-31.0,44.0,
1649757208704666137,-0.0900268554688,-0.427001953125,0.545715332031,0.71533203125,4307.0,-4692.0,5724.0,6.0,-31.0,46.0,
1649757208708509206,-0.0903930664062,-0.427673339844,0.548156738281,0.713012695312,4596.0,-4747.0,5677.0,2.0,-30.0,46.0,
1649757208710516929,-0.090576171875,-0.428894042969,0.550170898438,0.710693359375,4640.0,-4803.0,5624.0,-3.0,-28.0,48.0,
1649757208712443828,-0.0910034179688,-0.430114746094,0.552307128906,0.708251953125,4572.0,-4942.0,5601.0,-5.0,-31.0,49.0,
1649757208716292619,-0.0916748046875,-0.431457519531,0.554504394531,0.705627441406,4699.0,-5013.0,5596.0,-8.0,-32.0,50.0,
1649757208718298196,-0.0921020507812,-0.433166503906,0.556579589844,0.702880859375,4820.0,-5050.0,5590.0,-11.0,-38.0,51.0,
1649757208722305536,-0.0924682617188,-0.435302734375,0.558776855469,0.699829101562,4788.0,-5000.0,5638.0,-14.0,-44.0,55.0,
1649757208735622644,-0.0926513671875,-0.437683105469,0.561096191406,0.696411132812,4819.0,-4953.0,5557.0,-17.0,-55.0,57.0,
1649757208739750862,-0.0927124023438,-0.440612792969,0.563415527344,0.692687988281,4773.0,-4927.0,5492.0,-18.0,-62.0,59.0,
1649757208743571519,-0.0925903320312,-0.443664550781,0.565979003906,0.688659667969,4665.0,-4970.0,5465.0,-16.0,-69.0,62.0,
1649757208749432325,-0.092529296875,-0.446716308594,0.568725585938,0.684387207031,4565.0,-4986.0,5425.0,-16.0,-72.0,64.0,
1649757208764399051,-0.092529296875,-0.449829101562,0.571533203125,0.679992675781,4449.0,-4999.0,5391.0,-17.0,-73.0,67.0,
1649757208788208246,-0.0925903320312,-0.452941894531,0.574401855469,0.675476074219,4350.0,-5046.0,5363.0,-17.0,-74.0,69.0,
1649757208806411504,-0.0927124023438,-0.455993652344,0.577331542969,0.6708984375,4276.0,-5071.0,5338.0,-17.0,-73.0,71.0,
1649757208810738086,-0.0928955078125,-0.459045410156,0.580261230469,0.666259765625,4164.0,-5083.0,5300.0,-18.0,-72.0,72.0,
1649757208813258647,-0.0932006835938,-0.461975097656,0.583129882812,0.661682128906,4081.0,-5103.0,5233.0,-19.0,-71.0,71.0,
1649757208815663099,-0.0934448242188,-0.464965820312,0.585815429688,0.657165527344,4048.0,-5145.0,5174.0,-20.0,-70.0,68.0,
1649757208829508781,-0.0936889648438,-0.467956542969,0.588256835938,0.652770996094,3951.0,-5207.0,5137.0,-20.0,-69.0,65.0,
1649757208831536531,-0.09423828125,-0.479370117188,0.596374511719,0.636901855469,3953.0,-5230.0,4766.0,-20.0,-63.0,52.0,
1649757208833623409,-0.0944213867188,-0.485534667969,0.601196289062,0.627563476562,4536.0,-5589.0,4485.0,-10.0,-42.0,46.0,
1649757208837954282,-0.093505859375,-0.494018554688,0.607788085938,0.614624023438,4700.0,-5855.0,4342.0,-11.0,-57.0,40.0,
1649757208872524976,-0.0928955078125,-0.496398925781,0.609130859375,0.611450195312,4628.0,-5914.0,4348.0,-12.0,-58.0,37.0,
1649757208901526927,-0.0905151367188,-0.509094238281,0.614929199219,0.595336914062,4492.0,-5824.0,4313.0,-20.0,-60.0,39.0,
1649757208930568695,-0.0889282226562,-0.522827148438,0.6240234375,0.573852539062,4137.0,-5669.0,3986.0,-11.0,-55.0,52.0,
1649757208935251474,-0.0888061523438,-0.524719238281,0.625793457031,0.570190429688,4116.0,-5701.0,3955.0,-11.0,-54.0,50.0,
1649757209183143377,-0.086181640625,-0.539978027344,0.633422851562,0.547485351562,3891.0,-6017.0,3814.0,-16.0,-39.0,13.0,
1649757209267930507,-0.0855102539062,-0.541564941406,0.633422851562,0.545959472656,3874.0,-6031.0,3800.0,-15.0,-37.0,8.0,
1649757209275592565,-0.0847778320312,-0.543090820312,0.633361816406,0.544738769531,3847.0,-6014.0,3783.0,-14.0,-34.0,3.0,
1649757209295121431,-0.0840454101562,-0.54443359375,0.633117675781,0.543762207031,3807.0,-5973.0,3760.0,-13.0,-30.0,-1.0,
1649757209621634244,-0.083251953125,-0.545532226562,0.632873535156,0.543090820312,3746.0,-5935.0,3747.0,-11.0,-25.0,-4.0,
1649757209757330656,-0.0826416015625,-0.546325683594,0.632568359375,0.542724609375,3729.0,-5921.0,3748.0,-9.0,-19.0,-7.0,
