1647537623391967773,0.042236328125,0.042724609375,0.614013671875,0.786926269531,84.0,1012.0,8032.0,0.0,7.0,-15.0,
1647537623396322965,0.0419311523438,0.0430297851562,0.613403320312,0.787414550781,77.0,1123.0,8005.0,-3.0,7.0,-15.0,
1647537623400894403,0.04150390625,0.0432739257812,0.612731933594,0.787963867188,54.0,1185.0,8018.0,-6.0,7.0,-14.0,
1647537623407527685,0.0408935546875,0.04345703125,0.612121582031,0.788452148438,30.0,1212.0,8032.0,-9.0,7.0,-14.0,
1647537623412145614,0.0402221679688,0.0435791015625,0.611450195312,0.789001464844,7.0,1219.0,8050.0,-10.0,7.0,-15.0,
1647537623416929244,0.0394897460938,0.0436401367188,0.61083984375,0.789489746094,-2.0,1212.0,8050.0,-10.0,7.0,-15.0,
1647537623421711444,0.038818359375,0.0437622070312,0.610229492188,0.7900390625,-1.0,1184.0,8042.0,-9.0,7.0,-15.0,
1647537623426052570,0.0381469726562,0.0438232421875,0.609558105469,0.79052734375,-2.0,1143.0,8023.0,-8.0,7.0,-14.0,
1647537623430841684,0.03759765625,0.0440063476562,0.608947753906,0.791015625,2.0,1100.0,8020.0,-6.0,7.0,-14.0,
1647537623449342012,0.0371704101562,0.044189453125,0.608337402344,0.79150390625,-4.0,1075.0,8032.0,-4.0,7.0,-14.0,
1647537623463618993,0.0364990234375,0.0455932617188,0.60546875,0.793640136719,34.0,1292.0,7993.0,-2.0,4.0,-11.0,
1647537623469659805,0.0362548828125,0.0457763671875,0.605041503906,0.794006347656,19.0,1337.0,7959.0,-4.0,5.0,-10.0,
1647537623474377155,0.035888671875,0.0458984375,0.604675292969,0.794250488281,0.0,1363.0,7836.0,-7.0,5.0,-8.0,
1647537623478818416,0.0353393554688,0.0458984375,0.604431152344,0.794494628906,-10.0,1424.0,7712.0,-10.0,5.0,-7.0,
1647537623483619213,0.0347290039062,0.0458374023438,0.604187011719,0.794677734375,-10.0,1484.0,7595.0,-13.0,5.0,-6.0,
1647537623488685131,0.0338745117188,0.045654296875,0.60400390625,0.794860839844,-4.0,1525.0,7510.0,-17.0,6.0,-5.0,
1647537623492955207,0.0327758789062,0.0453491210938,0.603942871094,0.794982910156,2.0,1501.0,7489.0,-22.0,7.0,-4.0,
1647537623497333288,0.0313720703125,0.0448608398438,0.603942871094,0.795104980469,-8.0,1422.0,7515.0,-26.0,8.0,-3.0,
1647537623502118825,0.02978515625,0.044189453125,0.603942871094,0.795166015625,-11.0,1291.0,7593.0,-28.0,8.0,-3.0,
1647537623506647109,0.0280151367188,0.0435180664062,0.603881835938,0.795288085938,-13.0,1157.0,7718.0,-29.0,8.0,-3.0,
1647537623511037349,0.0263061523438,0.0427856445312,0.603820800781,0.795471191406,-27.0,987.0,7874.0,-29.0,8.0,-4.0,
1647537623515737533,0.0245971679688,0.0420532226562,0.603759765625,0.795654296875,-33.0,823.0,8019.0,-27.0,7.0,-4.0,
1647537623522661685,0.0230712890625,0.0413818359375,0.603576660156,0.795837402344,-41.0,659.0,8157.0,-24.0,7.0,-5.0,
1647537623527287244,0.021728515625,0.0408325195312,0.603393554688,0.796020507812,-40.0,521.0,8283.0,-20.0,6.0,-6.0,
1647537623531969308,0.0206298828125,0.0404052734375,0.603149414062,0.796264648438,-44.0,418.0,8374.0,-16.0,6.0,-6.0,
1647537623536687374,0.0197143554688,0.0401000976562,0.602905273438,0.796508789062,-52.0,340.0,8456.0,-12.0,6.0,-7.0,
1647537623541244268,0.0189819335938,0.0399780273438,0.602600097656,0.796752929688,-79.0,296.0,8508.0,-8.0,6.0,-7.0,
1647537623547392368,0.0184936523438,0.0399780273438,0.602294921875,0.796997070312,-120.0,303.0,8534.0,-4.0,5.0,-7.0,
1647537623552182197,0.0181884765625,0.0401000976562,0.601989746094,0.797241210938,-163.0,361.0,8520.0,-2.0,4.0,-7.0,
1647537623556870937,0.0180053710938,0.0403442382812,0.601745605469,0.797424316406,-194.0,464.0,8476.0,-1.0,3.0,-6.0,
1647537623561730861,0.0179443359375,0.04052734375,0.601501464844,0.797607421875,-220.0,621.0,8369.0,-1.0,2.0,-5.0,
1647537623566257238,0.0178833007812,0.0407104492188,0.601318359375,0.797729492188,-223.0,797.0,8236.0,-3.0,2.0,-4.0,
1647537623573144674,0.0177612304688,0.040771484375,0.601257324219,0.797790527344,-220.0,968.0,8104.0,-6.0,2.0,-2.0,
1647537623579188823,0.0174560546875,0.0407104492188,0.601257324219,0.797790527344,-205.0,1106.0,7953.0,-10.0,3.0,-1.0,
1647537623582287549,0.016845703125,0.04052734375,0.601379394531,0.797729492188,-187.0,1196.0,7850.0,-15.0,4.0,1.0,
1647537623587913513,0.0159301757812,0.0402221679688,0.601501464844,0.797607421875,-171.0,1222.0,7772.0,-19.0,5.0,2.0,
1647537623592084646,0.0148315429688,0.0398559570312,0.601684570312,0.797546386719,-171.0,1220.0,7740.0,-22.0,6.0,2.0,
1647537623597191572,0.0135498046875,0.0393676757812,0.601928710938,0.797424316406,-189.0,1149.0,7769.0,-25.0,7.0,2.0,
1647537623604460000,0.0121459960938,0.0388793945312,0.602111816406,0.797302246094,-210.0,1056.0,7839.0,-25.0,7.0,2.0,
1647537623609013319,0.0107421875,0.038330078125,0.602294921875,0.797241210938,-223.0,943.0,7920.0,-24.0,7.0,2.0,
1647537623613183498,0.0093994140625,0.0377807617188,0.602478027344,0.797119140625,-242.0,822.0,8012.0,-22.0,6.0,2.0,
1647537623616995573,0.0081787109375,0.0372924804688,0.602661132812,0.796997070312,-260.0,697.0,8088.0,-20.0,6.0,2.0,
1647537623622546911,0.007080078125,0.036865234375,0.602844238281,0.796936035156,-288.0,594.0,8172.0,-17.0,5.0,2.0,
1647537623629516601,0.00616455078125,0.0364990234375,0.60302734375,0.796813964844,-317.0,510.0,8218.0,-15.0,4.0,2.0,
1647537623634051084,0.00531005859375,0.0361938476562,0.603149414062,0.796691894531,-334.0,427.0,8241.0,-13.0,4.0,2.0,
1647537623638853311,0.00457763671875,0.0359497070312,0.603332519531,0.796630859375,-358.0,359.0,8226.0,-11.0,4.0,2.0,
1647537623643491744,0.00390625,0.0357666015625,0.603454589844,0.796508789062,-385.0,312.0,8204.0,-9.0,3.0,2.0,
1647537623649030923,0.00335693359375,0.03564453125,0.603637695312,0.79638671875,-413.0,286.0,8162.0,-9.0,3.0,2.0,
1647537623654744148,0.0028076171875,0.0354614257812,0.603820800781,0.796264648438,-453.0,291.0,8121.0,-8.0,2.0,3.0,
1647537623659637451,0.0023193359375,0.0352783203125,0.60400390625,0.796142578125,-465.0,335.0,8052.0,-9.0,1.0,3.0,
1647537623664333343,0.0018310546875,0.0350341796875,0.604248046875,0.795959472656,-477.0,388.0,7989.0,-10.0,1.0,4.0,
1647537623669005155,0.001220703125,0.0347900390625,0.6044921875,0.795776367188,-497.0,464.0,7958.0,-12.0,1.0,5.0,
1647537623673331975,0.00054931640625,0.034423828125,0.604858398438,0.795532226562,-508.0,442.0,7950.0,-16.0,1.0,5.0,
1647537623677969932,-0.0003662109375,0.0338745117188,0.605163574219,0.795349121094,-513.0,366.0,7952.0,-17.0,1.0,5.0,
1647537623682047128,-0.00140380859375,0.0332641601562,0.605407714844,0.795166015625,-485.0,294.0,7923.0,-19.0,1.0,5.0,
1647537623687630414,-0.00244140625,0.0325927734375,0.605712890625,0.794982910156,-444.0,205.0,7878.0,-20.0,2.0,4.0,
1647537623692068815,-0.003662109375,0.0318603515625,0.60595703125,0.794799804688,-432.0,86.0,7869.0,-21.0,2.0,4.0,
1647537623699162483,-0.00494384765625,0.0310668945312,0.606140136719,0.794677734375,-443.0,-72.0,7896.0,-23.0,3.0,3.0,
1647537623703971862,-0.00640869140625,0.0302124023438,0.606323242188,0.794555664062,-469.0,-290.0,7945.0,-23.0,3.0,2.0,
1647537623708442687,-0.00787353515625,0.0294189453125,0.606384277344,0.794555664062,-492.0,-520.0,7974.0,-22.0,3.0,1.0,
1647537623712822437,-0.00927734375,0.028564453125,0.6064453125,0.794494628906,-505.0,-718.0,7990.0,-19.0,2.0,0.0,
1647537623717366218,-0.0104370117188,0.02783203125,0.606384277344,0.794555664062,-484.0,-883.0,8001.0,-16.0,1.0,-1.0,
1647537623722200155,-0.0114135742188,0.027099609375,0.606323242188,0.794616699219,-464.0,-977.0,8033.0,-12.0,0.0,-2.0,
1647537623727425575,-0.0120849609375,0.0264892578125,0.606262207031,0.794677734375,-450.0,-1048.0,8107.0,-10.0,-1.0,-3.0,
1647537623733795881,-0.0126342773438,0.0260009765625,0.606079101562,0.794860839844,-433.0,-1148.0,8185.0,-7.0,-1.0,-4.0,
1647537623738998413,-0.0131225585938,0.0255126953125,0.605773925781,0.795043945312,-405.0,-1259.0,8253.0,-4.0,-1.0,-6.0,
1647537623743658065,-0.0134887695312,0.0250854492188,0.60546875,0.795288085938,-381.0,-1326.0,8314.0,-2.0,-1.0,-7.0,
1647537623750974655,-0.0137329101562,0.0247802734375,0.605041503906,0.795593261719,-382.0,-1335.0,8378.0,1.0,-2.0,-8.0,
1647537623754761695,-0.0137329101562,0.0245361328125,0.604675292969,0.795959472656,-381.0,-1295.0,8429.0,3.0,-3.0,-9.0,
1647537623759494543,-0.0135498046875,0.0244140625,0.604187011719,0.796264648438,-367.0,-1209.0,8438.0,6.0,-3.0,-9.0,
1647537623764384031,-0.01318359375,0.0244140625,0.603759765625,0.796630859375,-346.0,-1078.0,8404.0,8.0,-4.0,-9.0,
1647537623769090890,-0.0125732421875,0.0244140625,0.603393554688,0.796936035156,-334.0,-913.0,8370.0,9.0,-5.0,-9.0,
1647537623774516820,-0.011962890625,0.0244750976562,0.602966308594,0.797241210938,-335.0,-727.0,8338.0,9.0,-5.0,-9.0,
1647537623778285026,-0.0112915039062,0.0245971679688,0.6025390625,0.797546386719,-335.0,-542.0,8306.0,8.0,-6.0,-9.0,
1647537623782937288,-0.0106811523438,0.024658203125,0.602172851562,0.797912597656,-336.0,-385.0,8271.0,7.0,-6.0,-9.0,
1647537623787518739,-0.0101318359375,0.024658203125,0.601745605469,0.798156738281,-338.0,-257.0,8234.0,6.0,-5.0,-8.0,
1647537623794428825,-0.0096435546875,0.0247192382812,0.601379394531,0.798461914062,-340.0,-135.0,8208.0,5.0,-5.0,-8.0,
1647537623797958612,-0.0091552734375,0.0247192382812,0.60107421875,0.798706054688,-338.0,-23.0,8193.0,4.0,-4.0,-7.0,
1647537623802571058,-0.00872802734375,0.0247192382812,0.600769042969,0.798950195312,-354.0,79.0,8188.0,4.0,-4.0,-6.0,
1647537623807546615,-0.00836181640625,0.0247802734375,0.600524902344,0.799133300781,-372.0,152.0,8179.0,3.0,-4.0,-6.0,
1647537623811890840,-0.008056640625,0.0247192382812,0.600280761719,0.79931640625,-385.0,184.0,8139.0,2.0,-4.0,-5.0,
1647537623816508769,-0.0078125,0.0245971679688,0.60009765625,0.799499511719,-397.0,182.0,8092.0,1.0,-4.0,-5.0,
1647537623821180105,-0.00775146484375,0.0244750976562,0.599853515625,0.799621582031,-404.0,153.0,8069.0,-1.0,-4.0,-5.0,
1647537623828373670,-0.0076904296875,0.0242309570312,0.599670410156,0.7998046875,-416.0,122.0,8060.0,-2.0,-3.0,-5.0,
1647537623832954168,-0.00775146484375,0.0240478515625,0.599487304688,0.799926757812,-429.0,104.0,8058.0,-2.0,-4.0,-4.0,
1647537623837437868,-0.00775146484375,0.0238037109375,0.599365234375,0.800048828125,-433.0,79.0,8073.0,-2.0,-4.0,-4.0,
1647537623842055082,-0.00775146484375,0.0235595703125,0.599243164062,0.800170898438,-419.0,53.0,8094.0,-2.0,-4.0,-3.0,
1647537623846492767,-0.00775146484375,0.0233154296875,0.59912109375,0.800231933594,-411.0,43.0,8128.0,-2.0,-4.0,-3.0,
1647537623851645708,-0.0076904296875,0.0230712890625,0.598937988281,0.800354003906,-394.0,34.0,8166.0,-1.0,-4.0,-3.0,
1647537623857967376,-0.007568359375,0.0228271484375,0.598815917969,0.800476074219,-374.0,23.0,8210.0,0.0,-4.0,-3.0,
1647537623862760543,-0.00738525390625,0.0226440429688,0.598754882812,0.800537109375,-360.0,11.0,8236.0,1.0,-4.0,-3.0,
1647537623867316484,-0.0072021484375,0.0225830078125,0.5986328125,0.800598144531,-343.0,-11.0,8249.0,2.0,-4.0,-2.0,
1647537623872082233,-0.00689697265625,0.0224609375,0.598571777344,0.800659179688,-336.0,-1.0,8255.0,3.0,-4.0,-2.0,
1647537623876522064,-0.006591796875,0.0224609375,0.598510742188,0.800720214844,-343.0,43.0,8258.0,4.0,-4.0,-2.0,
1647537623881296157,-0.00616455078125,0.0223999023438,0.598510742188,0.800720214844,-332.0,120.0,8220.0,4.0,-5.0,-1.0,
1647537623888721466,-0.00567626953125,0.0223999023438,0.598510742188,0.800720214844,-316.0,207.0,8176.0,4.0,-5.0,0.0,
1647537623892860174,-0.0052490234375,0.0223388671875,0.5986328125,0.800659179688,-298.0,317.0,8134.0,3.0,-5.0,1.0,
1647537623897523403,-0.00482177734375,0.022216796875,0.598754882812,0.800537109375,-283.0,431.0,8099.0,1.0,-5.0,2.0,
1647537623902014732,-0.0045166015625,0.0220947265625,0.598937988281,0.800415039062,-274.0,524.0,8068.0,-1.0,-5.0,4.0,
1647537623907269477,-0.00433349609375,0.0218505859375,0.599243164062,0.800170898438,-257.0,592.0,8052.0,-4.0,-5.0,5.0,
1647537623911575317,-0.0042724609375,0.0215454101562,0.599609375,0.799987792969,-242.0,648.0,8045.0,-6.0,-4.0,6.0,
1647537623916198253,-0.00433349609375,0.0211791992188,0.599975585938,0.799682617188,-216.0,643.0,8047.0,-8.0,-4.0,7.0,
1647537623923220634,-0.0045166015625,0.0206909179688,0.600341796875,0.799377441406,-153.0,586.0,8071.0,-10.0,-4.0,7.0,
1647537623927947998,-0.0047607421875,0.0200805664062,0.600769042969,0.799072265625,-97.0,528.0,8090.0,-11.0,-3.0,8.0,
1647537623932579040,-0.005126953125,0.0194702148438,0.601257324219,0.798767089844,-69.0,442.0,8139.0,-11.0,-3.0,8.0,
1647537623936891794,-0.005615234375,0.0188598632812,0.601684570312,0.798461914062,-55.0,294.0,8200.0,-13.0,-3.0,8.0,
1647537623941236257,-0.00616455078125,0.0181274414062,0.602111816406,0.798095703125,-64.0,124.0,8268.0,-13.0,-3.0,8.0,
1647537623948133945,-0.00677490234375,0.0174560546875,0.6025390625,0.7978515625,-69.0,-64.0,8344.0,-12.0,-3.0,7.0,
1647537623954172611,-0.00732421875,0.0167236328125,0.602905273438,0.797546386719,-53.0,-250.0,8400.0,-10.0,-3.0,7.0,
1647537623959295988,-0.00775146484375,0.0160522460938,0.603210449219,0.797302246094,-21.0,-409.0,8427.0,-8.0,-4.0,6.0,
1647537623964572906,-0.00799560546875,0.0154418945312,0.603515625,0.797119140625,16.0,-526.0,8433.0,-5.0,-4.0,6.0,
1647537623969321966,-0.00811767578125,0.0149536132812,0.603759765625,0.796936035156,56.0,-606.0,8432.0,-3.0,-4.0,5.0,
1647537623973988533,-0.00811767578125,0.0144653320312,0.60400390625,0.796752929688,99.0,-650.0,8437.0,-1.0,-4.0,4.0,
1647537623978479862,-0.00799560546875,0.0140991210938,0.604187011719,0.796630859375,134.0,-662.0,8410.0,1.0,-5.0,4.0,
1647537623983255863,-0.00775146484375,0.0137939453125,0.604370117188,0.796508789062,160.0,-640.0,8360.0,3.0,-5.0,3.0,
1647537623987935543,-0.00738525390625,0.0135498046875,0.6044921875,0.79638671875,168.0,-593.0,8302.0,4.0,-5.0,2.0,
1647537623992338418,-0.00701904296875,0.0133666992188,0.604614257812,0.796325683594,178.0,-526.0,8231.0,4.0,-5.0,2.0,
1647537623997049331,-0.00665283203125,0.01318359375,0.604736328125,0.796264648438,175.0,-431.0,8155.0,4.0,-5.0,2.0,
1647537624001606225,-0.0062255859375,0.0130615234375,0.604858398438,0.796142578125,159.0,-322.0,8089.0,3.0,-5.0,2.0,
1647537624006386280,-0.005859375,0.012939453125,0.60498046875,0.796081542969,133.0,-209.0,8032.0,2.0,-5.0,2.0,
1647537624013297080,-0.005615234375,0.0127563476562,0.605163574219,0.795959472656,105.0,-110.0,8000.0,0.0,-5.0,3.0,
1647537624018159389,-0.00537109375,0.0125732421875,0.605346679688,0.795776367188,64.0,-35.0,7991.0,-1.0,-5.0,3.0,
1647537624022645950,-0.0052490234375,0.0122680664062,0.605529785156,0.795654296875,27.0,29.0,8007.0,-3.0,-5.0,3.0,
1647537624027239322,-0.0052490234375,0.0119018554688,0.605651855469,0.795532226562,-11.0,72.0,8028.0,-5.0,-5.0,3.0,
1647537624031705856,-0.00531005859375,0.0115356445312,0.605834960938,0.79541015625,-32.0,64.0,8076.0,-6.0,-5.0,3.0,
1647537624036269903,-0.00543212890625,0.0111694335938,0.606079101562,0.795288085938,-60.0,28.0,8140.0,-6.0,-5.0,3.0,
1647537624043165206,-0.0054931640625,0.0107421875,0.606262207031,0.795104980469,-90.0,2.0,8182.0,-5.0,-5.0,3.0,
1647537624047582149,-0.0054931640625,0.0104370117188,0.6064453125,0.794982910156,-119.0,-15.0,8212.0,-3.0,-5.0,4.0,
1647537624052863121,-0.00537109375,0.0101928710938,0.606689453125,0.794799804688,-148.0,-14.0,8249.0,-1.0,-5.0,4.0,
1647537624059422016,-0.005126953125,0.00994873046875,0.606872558594,0.794677734375,-180.0,-5.0,8258.0,0.0,-6.0,4.0,
1647537624064384222,-0.0048828125,0.009765625,0.607116699219,0.794494628906,-202.0,9.0,8272.0,1.0,-6.0,4.0,
1647537624068567991,-0.00457763671875,0.0096435546875,0.607360839844,0.794311523438,-216.0,26.0,8268.0,2.0,-6.0,5.0,
1647537624073168039,-0.00421142578125,0.00946044921875,0.607666015625,0.794067382812,-216.0,31.0,8257.0,2.0,-6.0,5.0,
1647537624077858924,-0.00390625,0.00927734375,0.60791015625,0.793884277344,-214.0,27.0,8248.0,1.0,-6.0,5.0,
1647537624082988739,-0.003662109375,0.009033203125,0.608215332031,0.793640136719,-207.0,33.0,8248.0,1.0,-6.0,6.0,
1647537624088199377,-0.00341796875,0.0087890625,0.608520507812,0.793395996094,-195.0,22.0,8243.0,0.0,-6.0,6.0,
1647537624101993799,-0.00323486328125,0.00848388671875,0.608825683594,0.793212890625,-185.0,21.0,8215.0,-1.0,-6.0,6.0,
1647537624102457523,-0.0030517578125,0.00811767578125,0.609191894531,0.792907714844,-166.0,36.0,8162.0,-1.0,-6.0,6.0,
1647537624115461587,-0.00286865234375,0.0078125,0.609497070312,0.792663574219,-137.0,48.0,8119.0,-2.0,-6.0,7.0,
1647537624118381977,-0.002685546875,0.0074462890625,0.609924316406,0.792358398438,-131.0,61.0,8078.0,-2.0,-6.0,7.0,
1647537624119779586,-0.00250244140625,0.00714111328125,0.610290527344,0.792114257812,-125.0,79.0,8048.0,-2.0,-6.0,7.0,
1647537624122230529,-0.00238037109375,0.00677490234375,0.610656738281,0.791809082031,-121.0,79.0,8024.0,-3.0,-6.0,7.0,
1647537624124295234,-0.0023193359375,0.0064697265625,0.611083984375,0.79150390625,-124.0,85.0,8013.0,-3.0,-6.0,8.0,
1647537624128797531,-0.002197265625,0.006103515625,0.611450195312,0.791198730469,-118.0,109.0,8012.0,-3.0,-6.0,8.0,
1647537624133866071,-0.002197265625,0.0057373046875,0.611877441406,0.790832519531,-102.0,138.0,8014.0,-5.0,-6.0,8.0,
1647537624138453960,-0.00225830078125,0.00531005859375,0.612365722656,0.790466308594,-98.0,125.0,8055.0,-6.0,-5.0,9.0,
1647537624142724752,-0.00244140625,0.0048828125,0.612915039062,0.790100097656,-120.0,22.0,8119.0,-8.0,-4.0,10.0,
1647537624147475004,-0.0028076171875,0.00433349609375,0.613403320312,0.789733886719,-106.0,2.0,8156.0,-8.0,-5.0,10.0,
1647537624151600837,-0.00299072265625,0.00384521484375,0.613891601562,0.789306640625,-74.0,-1.0,8206.0,-8.0,-5.0,10.0,
1647537624160732269,-0.003173828125,0.00323486328125,0.614440917969,0.788940429688,-24.0,-41.0,8236.0,-9.0,-5.0,10.0,
1647537624168312549,-0.00372314453125,0.0020751953125,0.615417480469,0.788146972656,26.0,-203.0,8334.0,-9.0,-4.0,10.0,
1647537624174704313,-0.00396728515625,0.00146484375,0.615844726562,0.787780761719,49.0,-308.0,8377.0,-7.0,-4.0,9.0,
1647537624178691864,-0.00421142578125,0.0009765625,0.616333007812,0.787414550781,77.0,-406.0,8421.0,-5.0,-4.0,9.0,
1647537624184077024,-0.0042724609375,0.00048828125,0.61669921875,0.787109375,97.0,-498.0,8461.0,-3.0,-4.0,8.0,
1647537624188659906,-0.00421142578125,0.0001220703125,0.617126464844,0.786804199219,106.0,-576.0,8487.0,0.0,-5.0,8.0,
1647537624193799734,-0.00408935546875,-0.00018310546875,0.617492675781,0.786499023438,113.0,-625.0,8505.0,2.0,-5.0,7.0,
1647537624198899745,-0.0037841796875,-0.00048828125,0.617797851562,0.786254882812,125.0,-661.0,8493.0,4.0,-6.0,7.0,
1647537624202317237,-0.00341796875,-0.00067138671875,0.618103027344,0.786010742188,149.0,-676.0,8466.0,5.0,-6.0,6.0,
1647537624205944061,-0.00299072265625,-0.0008544921875,0.618408203125,0.785766601562,169.0,-679.0,8429.0,6.0,-6.0,5.0,
1647537624214013814,-0.0025634765625,-0.00103759765625,0.61865234375,0.785583496094,185.0,-687.0,8393.0,6.0,-6.0,5.0,
1647537624218782186,-0.00213623046875,-0.00115966796875,0.618896484375,0.785400390625,184.0,-687.0,8350.0,6.0,-6.0,4.0,
1647537624223474979,-0.00164794921875,-0.00128173828125,0.619079589844,0.785278320312,188.0,-673.0,8319.0,7.0,-6.0,4.0,
1647537624228089809,-0.00115966796875,-0.0013427734375,0.619262695312,0.785095214844,202.0,-661.0,8266.0,7.0,-6.0,3.0,
1647537624233261585,-0.00067138671875,-0.00140380859375,0.619445800781,0.784973144531,209.0,-599.0,8234.0,8.0,-6.0,3.0,
1647537624237946271,-6.103515625e-05,-0.00146484375,0.61962890625,0.784851074219,208.0,-551.0,8184.0,8.0,-6.0,3.0,
1647537624242158174,0.00048828125,-0.00152587890625,0.619750976562,0.784729003906,179.0,-563.0,8144.0,7.0,-6.0,2.0,
1647537624249146938,0.0008544921875,-0.00164794921875,0.619812011719,0.78466796875,129.0,-583.0,8158.0,6.0,-6.0,1.0,
1647537624253963947,0.001220703125,-0.00177001953125,0.619873046875,0.78466796875,88.0,-578.0,8203.0,6.0,-7.0,1.0,
1647537624258867979,0.00177001953125,-0.001953125,0.619934082031,0.784606933594,65.0,-511.0,8285.0,7.0,-8.0,1.0,
1647537624265327692,0.00250244140625,-0.00213623046875,0.619995117188,0.784545898438,59.0,-416.0,8356.0,8.0,-11.0,1.0,
1647537624269746065,0.00341796875,-0.00238037109375,0.620056152344,0.784484863281,69.0,-296.0,8420.0,8.0,-13.0,1.0,
1647537624274785518,0.00445556640625,-0.00274658203125,0.620178222656,0.784423828125,69.0,-189.0,8489.0,8.0,-15.0,1.0,
1647537624279202699,0.0054931640625,-0.00323486328125,0.620239257812,0.784362792969,73.0,-97.0,8545.0,7.0,-17.0,1.0,
1647537624283909559,0.006591796875,-0.00384521484375,0.620300292969,0.784240722656,82.0,-32.0,8613.0,6.0,-19.0,1.0,
1647537624288443326,0.00762939453125,-0.0045166015625,0.620361328125,0.7841796875,108.0,17.0,8646.0,5.0,-21.0,1.0,
1647537624292870759,0.00872802734375,-0.00531005859375,0.620483398438,0.784118652344,133.0,65.0,8655.0,5.0,-21.0,1.0,
1647537624297264575,0.0098876953125,-0.00616455078125,0.620544433594,0.783996582031,164.0,106.0,8625.0,4.0,-22.0,2.0,
1647537624301450490,0.010986328125,-0.00714111328125,0.620666503906,0.783935546875,173.0,126.0,8585.0,3.0,-23.0,2.0,
1647537624308675289,0.011962890625,-0.00811767578125,0.620727539062,0.783813476562,165.0,121.0,8580.0,2.0,-24.0,2.0,
1647537624313904285,0.012939453125,-0.00921630859375,0.620849609375,0.783752441406,139.0,120.0,8630.0,0.0,-25.0,2.0,
1647537624318208932,0.013916015625,-0.010498046875,0.620910644531,0.783630371094,105.0,184.0,8630.0,-1.0,-28.0,2.0,
1647537624323350429,0.0150146484375,-0.0119018554688,0.621032714844,0.783508300781,103.0,312.0,8584.0,-3.0,-31.0,3.0,
1647537624329288005,0.01611328125,-0.0134887695312,0.621215820312,0.783325195312,159.0,477.0,8502.0,-5.0,-33.0,4.0,
1647537624333024263,0.0172119140625,-0.0152587890625,0.621459960938,0.783081054688,184.0,545.0,8466.0,-9.0,-34.0,6.0,
1647537624337429761,0.01806640625,-0.0171508789062,0.621765136719,0.782775878906,197.0,548.0,8450.0,-12.0,-34.0,7.0,
1647537624345319271,0.018798828125,-0.0191650390625,0.622009277344,0.782470703125,230.0,532.0,8423.0,-13.0,-35.0,6.0,
1647537624352818012,0.0195922851562,-0.021240234375,0.622253417969,0.7822265625,279.0,503.0,8432.0,-13.0,-35.0,6.0,
1647537624407316923,0.0203857421875,-0.0233764648438,0.622497558594,0.781982421875,297.0,489.0,8444.0,-12.0,-36.0,6.0,
1647537624463871002,0.0213012695312,-0.025390625,0.622741699219,0.781677246094,313.0,527.0,8478.0,-11.0,-37.0,6.0,
1647537624470281839,0.0223999023438,-0.0274047851562,0.623046875,0.781311035156,309.0,621.0,8477.0,-10.0,-38.0,7.0,
1647537624473430633,0.02490234375,-0.0314331054688,0.623840332031,0.780456542969,323.0,845.0,8449.0,-10.0,-41.0,10.0,
1647537624476674556,0.0261840820312,-0.0335083007812,0.624328613281,0.779968261719,327.0,974.0,8418.0,-10.0,-42.0,11.0,
1647537624477747678,0.027587890625,-0.0355834960938,0.624816894531,0.779418945312,359.0,1142.0,8289.0,-10.0,-43.0,12.0,
1647537624480267763,0.029052734375,-0.0377197265625,0.625366210938,0.77880859375,382.0,1298.0,8147.0,-11.0,-43.0,14.0,
1647537624482973814,0.0303955078125,-0.0399169921875,0.6259765625,0.778198242188,393.0,1394.0,7947.0,-14.0,-43.0,15.0,
1647537624484470605,0.0314331054688,-0.042236328125,0.626647949219,0.777465820312,416.0,1371.0,7772.0,-17.0,-41.0,16.0,
1647537624487286090,0.0321655273438,-0.0446166992188,0.627380371094,0.776672363281,458.0,1347.0,7555.0,-20.0,-40.0,18.0,
1647537624487883329,0.0327758789062,-0.0470581054688,0.628234863281,0.77587890625,419.0,1148.0,7424.0,-22.0,-38.0,20.0,
1647537624489502668,0.0330810546875,-0.049560546875,0.629150390625,0.774963378906,398.0,889.0,7348.0,-22.0,-38.0,22.0,
1647537624490677833,0.0335083007812,-0.0521240234375,0.630004882812,0.774047851562,407.0,633.0,7232.0,-19.0,-39.0,21.0,
1647537624491607666,0.0340576171875,-0.0546875,0.630859375,0.773193359375,446.0,382.0,7154.0,-16.0,-40.0,20.0,
1647537624492612600,0.0348510742188,-0.05712890625,0.631652832031,0.772277832031,457.0,133.0,7133.0,-12.0,-41.0,19.0,
1647537624494464159,0.0358276367188,-0.0595092773438,0.632446289062,0.771423339844,504.0,-188.0,7215.0,-7.0,-42.0,18.0,
1647537624495529651,0.037109375,-0.0617065429688,0.633178710938,0.770629882812,585.0,-465.0,7250.0,0.0,-43.0,16.0,
1647537624497413635,0.0388793945312,-0.0636596679688,0.633850097656,0.769775390625,655.0,-649.0,7419.0,10.0,-44.0,15.0,
1647537624497833251,0.041259765625,-0.065185546875,0.634582519531,0.768920898438,732.0,-690.0,7465.0,20.0,-46.0,15.0,
1647537624499140977,0.0443115234375,-0.0662231445312,0.635314941406,0.76806640625,820.0,-636.0,7418.0,31.0,-46.0,15.0,
1647537624499700784,0.0478515625,-0.0669555664062,0.636108398438,0.767150878906,928.0,-568.0,7331.0,39.0,-47.0,15.0,
1647537624500192880,0.0517578125,-0.0675048828125,0.636840820312,0.766235351562,1045.0,-513.0,7278.0,45.0,-47.0,15.0,
1647537624500771760,0.0604858398438,-0.0679931640625,0.63818359375,0.764404296875,1319.0,-299.0,7151.0,56.0,-48.0,12.0,
1647537624501822948,0.0653076171875,-0.0679931640625,0.638793945312,0.763488769531,1491.0,-196.0,7065.0,61.0,-48.0,12.0,
1647537624502297878,0.0703735351562,-0.0678100585938,0.639465332031,0.762573242188,1652.0,-161.0,6994.0,65.0,-47.0,12.0,
1647537624502635717,0.075439453125,-0.0675048828125,0.640014648438,0.761596679688,1795.0,-222.0,7006.0,68.0,-45.0,11.0,
1647537624503350019,0.0805053710938,-0.0670166015625,0.640563964844,0.760620117188,1925.0,-362.0,7037.0,72.0,-44.0,9.0,
1647537624503934383,0.085693359375,-0.0663452148438,0.641052246094,0.759765625,2054.0,-567.0,7130.0,79.0,-42.0,7.0,
1647537624505666255,0.0911254882812,-0.065185546875,0.641418457031,0.758911132812,2132.0,-849.0,7292.0,88.0,-40.0,4.0,
1647537624508607387,0.096923828125,-0.0635375976562,0.641723632812,0.758056640625,2181.0,-1074.0,7464.0,101.0,-39.0,1.0,
1647537624512879133,0.103393554688,-0.0613403320312,0.641906738281,0.757263183594,2200.0,-1198.0,7607.0,116.0,-39.0,-2.0,
1647537624519903659,0.110656738281,-0.0584106445312,0.64208984375,0.756286621094,2267.0,-1198.0,7609.0,132.0,-40.0,-3.0,
1647537624523896694,0.118896484375,-0.0548095703125,0.642211914062,0.755187988281,2329.0,-1116.0,7493.0,148.0,-40.0,-4.0,
1647537624526588678,0.127685546875,-0.05078125,0.642272949219,0.753967285156,2422.0,-868.0,7258.0,159.0,-40.0,-4.0,
1647537624530383825,0.137084960938,-0.04638671875,0.642333984375,0.752563476562,2503.0,-510.0,6995.0,167.0,-41.0,-4.0,
1647537624538991451,0.147033691406,-0.0416259765625,0.642333984375,0.7509765625,2617.0,-44.0,6702.0,173.0,-42.0,-1.0,
1647537624542674779,0.157287597656,-0.0366821289062,0.642456054688,0.7490234375,2750.0,530.0,6491.0,177.0,-42.0,2.0,
1647537624547196626,0.167785644531,-0.03173828125,0.642578125,0.746887207031,2890.0,1164.0,6294.0,176.0,-44.0,6.0,
1647537624551577091,0.178161621094,-0.0269775390625,0.642761230469,0.744506835938,3010.0,1815.0,6190.0,171.0,-44.0,10.0,
1647537624555044889,0.188171386719,-0.0225830078125,0.642944335938,0.742004394531,3154.0,2505.0,6185.0,162.0,-46.0,13.0,
1647537624563150882,0.197631835938,-0.0187377929688,0.643188476562,0.739440917969,3320.0,3133.0,6268.0,147.0,-46.0,17.0,
1647537624568587779,0.206176757812,-0.0155029296875,0.6435546875,0.736877441406,3494.0,3628.0,6438.0,129.0,-43.0,20.0,
1647537624574674129,0.213500976562,-0.0130004882812,0.643981933594,0.734436035156,3652.0,4018.0,6671.0,108.0,-39.0,22.0,
1647537624579378128,0.219543457031,-0.0111694335938,0.644470214844,0.732238769531,3796.0,4343.0,6815.0,87.0,-34.0,23.0,
1647537624583861589,0.224426269531,-0.010009765625,0.645080566406,0.730285644531,3904.0,4587.0,6949.0,65.0,-29.0,24.0,
1647537624588458299,0.22802734375,-0.009521484375,0.645751953125,0.728576660156,3970.0,4713.0,7084.0,42.0,-24.0,25.0,
1647537624592967510,0.230346679688,-0.00970458984375,0.646606445312,0.727111816406,4039.0,4730.0,7217.0,22.0,-19.0,26.0,
1647537624597344875,0.231628417969,-0.0105590820312,0.647521972656,0.725830078125,4091.0,4644.0,7373.0,4.0,-14.0,27.0,
1647537624602078914,0.23193359375,-0.0119018554688,0.648620605469,0.724792480469,4107.0,4499.0,7546.0,-12.0,-11.0,28.0,
1647537624606629610,0.231384277344,-0.013671875,0.649780273438,0.723876953125,4129.0,4322.0,7579.0,-24.0,-8.0,30.0,
1647537624609954118,0.230285644531,-0.0158081054688,0.651062011719,0.722961425781,4172.0,4117.0,7538.0,-35.0,-5.0,31.0,
1647537624618133783,0.228698730469,-0.0182495117188,0.652465820312,0.72216796875,4207.0,3915.0,7394.0,-43.0,-1.0,33.0,
1647537624622639417,0.226623535156,-0.0208129882812,0.653991699219,0.721435546875,4208.0,3714.0,7275.0,-51.0,4.0,34.0,
1647537624627372264,0.223999023438,-0.0235595703125,0.655578613281,0.720703125,4171.0,3465.0,7167.0,-59.0,7.0,36.0,
1647537624632005691,0.220825195312,-0.0264892578125,0.657287597656,0.720031738281,4117.0,3164.0,7078.0,-66.0,11.0,37.0,
1647537624636471748,0.217102050781,-0.029541015625,0.659057617188,0.719421386719,4026.0,2826.0,7028.0,-72.0,14.0,38.0,
1647537624639821529,0.213012695312,-0.0327758789062,0.660888671875,0.718811035156,3888.0,2495.0,7072.0,-77.0,16.0,38.0,
1647537624648176908,0.208618164062,-0.0360107421875,0.662658691406,0.71826171875,3733.0,2167.0,7115.0,-80.0,17.0,38.0,
1647537624652686834,0.204040527344,-0.0394287109375,0.664489746094,0.7177734375,3646.0,1776.0,7093.0,-82.0,16.0,38.0,
1647537624657220363,0.199401855469,-0.0429077148438,0.666137695312,0.71728515625,3576.0,1316.0,7088.0,-83.0,17.0,36.0,
1647537624661841869,0.194580078125,-0.0464477539062,0.667785644531,0.716918945312,3497.0,856.0,7115.0,-83.0,19.0,33.0,
1647537624665139436,0.189697265625,-0.0497436523438,0.669250488281,0.716613769531,3382.0,386.0,7206.0,-80.0,20.0,30.0,
1647537624671085834,0.184814453125,-0.0527954101562,0.670654296875,0.716369628906,3219.0,-8.0,7369.0,-76.0,21.0,27.0,
1647537624676265001,0.180114746094,-0.0554809570312,0.671875,0.716186523438,3034.0,-276.0,7555.0,-70.0,21.0,24.0,
1647537624680914640,0.175720214844,-0.057861328125,0.673034667969,0.716003417969,2857.0,-519.0,7730.0,-64.0,20.0,22.0,
1647537624685704946,0.171508789062,-0.0599975585938,0.674072265625,0.715881347656,2672.0,-704.0,7790.0,-59.0,19.0,20.0,
