1646392606571830272,-0.3681640625,-0.1103515625,0.128723144531,0.914123535156,672.0,-6174.0,7431.0,233.0,-108.0,-109.0,
1646392606574644327,-0.352661132812,-0.117370605469,0.126831054688,0.919616699219,1247.0,-5581.0,7215.0,237.0,-108.0,-101.0,
1646392606578197717,-0.336791992188,-0.124206542969,0.125366210938,0.924865722656,1660.0,-4991.0,6814.0,243.0,-109.0,-94.0,
1646392606579289674,-0.32080078125,-0.130859375,0.124145507812,0.929809570312,2170.0,-4685.0,6708.0,246.0,-109.0,-89.0,
1646392606582070589,-0.304748535156,-0.137390136719,0.12353515625,0.934326171875,2599.0,-3972.0,6203.0,247.0,-109.0,-78.0,
1646392606582988262,-0.288208007812,-0.143493652344,0.123474121094,0.938659667969,2807.0,-3252.0,5887.0,254.0,-105.0,-66.0,
1646392606585404872,-0.271423339844,-0.149291992188,0.123291015625,0.942749023438,3111.0,-2426.0,5614.0,253.0,-104.0,-69.0,
1646392606586184978,-0.255004882812,-0.1552734375,0.123046875,0.946411132812,3372.0,-1755.0,5284.0,242.0,-105.0,-67.0,
1646392606587185621,-0.239135742188,-0.161193847656,0.123107910156,0.949523925781,3585.0,-1136.0,5005.0,234.0,-104.0,-60.0,
1646392606587426662,-0.223754882812,-0.166931152344,0.123291015625,0.952270507812,3772.0,-662.0,4761.0,225.0,-103.0,-54.0,
1646392606588033676,-0.208984375,-0.172607421875,0.123718261719,0.95458984375,3916.0,-273.0,4526.0,216.0,-101.0,-50.0,
1646392606588361740,-0.194702148438,-0.177978515625,0.124206542969,0.95654296875,4009.0,71.0,4311.0,209.0,-98.0,-46.0,
1646392606588924646,-0.180847167969,-0.183044433594,0.124755859375,0.958190917969,4066.0,386.0,4105.0,202.0,-94.0,-42.0,
1646392606589944839,-0.16748046875,-0.187805175781,0.125427246094,0.959655761719,4090.0,670.0,3916.0,195.0,-89.0,-38.0,
1646392606590376615,-0.154418945312,-0.192260742188,0.126220703125,0.960815429688,4089.0,892.0,3725.0,189.0,-85.0,-34.0,
1646392606590774059,-0.141784667969,-0.196533203125,0.127197265625,0.961791992188,4120.0,1056.0,3467.0,185.0,-82.0,-30.0,
1646392606591139078,-0.129455566406,-0.200622558594,0.128173828125,0.962585449219,4198.0,1185.0,3174.0,180.0,-78.0,-27.0,
1646392606591509103,-0.117553710938,-0.204406738281,0.129150390625,0.963134765625,4310.0,1279.0,2852.0,176.0,-72.0,-26.0,
1646392606591810703,-0.106018066406,-0.207946777344,0.130126953125,0.963623046875,4434.0,1318.0,2527.0,171.0,-65.0,-24.0,
1646392606592665433,-0.0947265625,-0.211059570312,0.131164550781,0.963989257812,4574.0,1294.0,2201.0,169.0,-58.0,-21.0,
1646392606592974185,-0.083740234375,-0.213806152344,0.13232421875,0.964233398438,4716.0,1207.0,1849.0,167.0,-50.0,-19.0,
1646392606593765020,0.0189208984375,-0.2119140625,0.15283203125,0.965026855469,4772.0,615.0,292.0,166.0,32.0,15.0,
1646392606594562292,0.0280151367188,-0.208984375,0.155822753906,0.964965820312,4613.0,861.0,366.0,155.0,37.0,18.0,
1646392606594916582,0.036376953125,-0.205810546875,0.158752441406,0.964904785156,4438.0,1081.0,477.0,142.0,41.0,20.0,
1646392606595340251,0.0438842773438,-0.202575683594,0.161560058594,0.96484375,4262.0,1247.0,597.0,128.0,44.0,20.0,
1646392606595607519,0.050537109375,-0.199279785156,0.164184570312,0.964721679688,4054.0,1294.0,801.0,115.0,46.0,20.0,
1646392606599518060,0.056396484375,-0.195983886719,0.166625976562,0.964660644531,3856.0,1152.0,1020.0,103.0,46.0,19.0,
1646392606604124069,0.0613403320312,-0.192749023438,0.1689453125,0.964599609375,3652.0,796.0,1284.0,93.0,45.0,17.0,
1646392606608521461,0.0654907226562,-0.189575195312,0.171142578125,0.964599609375,3441.0,259.0,1596.0,86.0,45.0,16.0,
1646392606612936735,0.0692138671875,-0.186340332031,0.173278808594,0.964599609375,3235.0,-430.0,2013.0,84.0,46.0,14.0,
1646392606616751432,0.0726928710938,-0.182861328125,0.175476074219,0.964599609375,3041.0,-1196.0,2511.0,87.0,48.0,13.0,
1646392606626398563,0.0763549804688,-0.179138183594,0.177734375,0.964599609375,2853.0,-1955.0,3046.0,96.0,50.0,12.0,
1646392606632668495,0.0855102539062,-0.170349121094,0.182800292969,0.964477539062,2442.0,-3072.0,4197.0,124.0,58.0,11.0,
1646392606637005805,0.09130859375,-0.165222167969,0.185485839844,0.964294433594,2212.0,-3327.0,4761.0,138.0,61.0,11.0,
1646392606642864942,0.0978393554688,-0.159606933594,0.188293457031,0.964050292969,1951.0,-3380.0,5269.0,148.0,64.0,12.0,
1646392606646168470,0.104797363281,-0.153869628906,0.191101074219,0.963745117188,1689.0,-3261.0,5713.0,153.0,64.0,11.0,
1646392606650902271,0.111877441406,-0.148071289062,0.193664550781,0.963317871094,1458.0,-2997.0,6069.0,151.0,63.0,10.0,
1646392606658826589,0.118713378906,-0.142395019531,0.195983886719,0.962890625,1263.0,-2666.0,6311.0,143.0,60.0,9.0,
1646392606663480997,0.125,-0.137084960938,0.198059082031,0.962463378906,1081.0,-2319.0,6485.0,130.0,57.0,7.0,
1646392606668030023,0.130493164062,-0.132202148438,0.19970703125,0.962036132812,929.0,-1981.0,6602.0,113.0,53.0,5.0,
1646392606671980381,0.135070800781,-0.127746582031,0.201110839844,0.961730957031,782.0,-1674.0,6704.0,96.0,49.0,3.0,
1646392606676022529,0.138793945312,-0.123657226562,0.202270507812,0.961486816406,614.0,-1447.0,6865.0,80.0,44.0,1.0,
1646392606683819532,0.141662597656,-0.120056152344,0.203186035156,0.961303710938,448.0,-1370.0,7040.0,67.0,39.0,0.0,
1646392606688847780,0.143859863281,-0.116943359375,0.203857421875,0.961242675781,285.0,-1436.0,7233.0,56.0,33.0,-2.0,
1646392606693227767,0.1455078125,-0.114135742188,0.204345703125,0.961242675781,122.0,-1586.0,7428.0,50.0,28.0,-4.0,
1646392606696608066,0.14697265625,-0.111511230469,0.204650878906,0.961242675781,-40.0,-1787.0,7632.0,48.0,25.0,-6.0,
1646392606701078414,0.148376464844,-0.109008789062,0.204895019531,0.961242675781,-179.0,-2013.0,7827.0,50.0,22.0,-8.0,
1646392606709000110,0.150024414062,-0.106628417969,0.205017089844,0.961242675781,-279.0,-2246.0,8004.0,54.0,19.0,-10.0,
1646392606713468790,0.152038574219,-0.104248046875,0.205139160156,0.961181640625,-349.0,-2428.0,8170.0,60.0,17.0,-11.0,
1646392606718066930,0.154541015625,-0.101867675781,0.205200195312,0.960998535156,-397.0,-2509.0,8288.0,69.0,17.0,-12.0,
1646392606721622467,0.15771484375,-0.099365234375,0.205261230469,0.960754394531,-427.0,-2443.0,8358.0,78.0,16.0,-12.0,
1646392606728001117,0.161437988281,-0.0968017578125,0.205322265625,0.960388183594,-444.0,-2222.0,8371.0,85.0,16.0,-13.0,
1646392606732881546,0.165649414062,-0.0941772460938,0.205322265625,0.959899902344,-452.0,-1850.0,8362.0,88.0,15.0,-13.0,
1646392606737303256,0.170104980469,-0.0916137695312,0.205261230469,0.959411621094,-432.0,-1370.0,8360.0,88.0,14.0,-13.0,
1646392606742035150,0.174560546875,-0.0892333984375,0.205017089844,0.958862304688,-390.0,-835.0,8340.0,83.0,11.0,-14.0,
1646392606746576070,0.178649902344,-0.087158203125,0.204711914062,0.958374023438,-318.0,-314.0,8307.0,74.0,8.0,-14.0,
1646392606751101493,0.182250976562,-0.08544921875,0.204162597656,0.9580078125,-219.0,153.0,8277.0,63.0,5.0,-15.0,
1646392606764940977,0.185180664062,-0.0841674804688,0.203430175781,0.957702636719,-71.0,554.0,8227.0,51.0,1.0,-17.0,
1646392606765667915,0.187622070312,-0.083251953125,0.202575683594,0.957458496094,137.0,886.0,8167.0,40.0,-2.0,-18.0,
1646392606767012119,0.189514160156,-0.0826416015625,0.201599121094,0.957336425781,375.0,1165.0,8103.0,31.0,-3.0,-19.0,
1646392606771802663,0.191040039062,-0.0822143554688,0.20068359375,0.957275390625,622.0,1391.0,8024.0,25.0,-3.0,-18.0,
1646392606776179790,0.192443847656,-0.0818481445312,0.199768066406,0.957214355469,845.0,1562.0,7942.0,22.0,-3.0,-18.0,
1646392606784765481,0.193786621094,-0.0816040039062,0.198852539062,0.957153320312,1020.0,1685.0,7891.0,21.0,-3.0,-17.0,
1646392606788302183,0.195068359375,-0.081298828125,0.198059082031,0.957092285156,1159.0,1746.0,7850.0,21.0,-2.0,-16.0,
1646392606793044567,0.196350097656,-0.0809326171875,0.197265625,0.95703125,1248.0,1731.0,7870.0,23.0,-2.0,-16.0,
1646392606796449184,0.197692871094,-0.0806274414062,0.196594238281,0.956909179688,1308.0,1627.0,7913.0,26.0,-3.0,-15.0,
1646392606800907611,0.199096679688,-0.0802612304688,0.195983886719,0.956787109375,1335.0,1445.0,7982.0,30.0,-3.0,-14.0,
1646392606808956146,0.200622558594,-0.079833984375,0.195495605469,0.956604003906,1329.0,1248.0,8060.0,35.0,-3.0,-13.0,
1646392606813535451,0.202392578125,-0.0792236328125,0.195068359375,0.956359863281,1292.0,1107.0,8147.0,40.0,-2.0,-12.0,
1646392606825104236,0.204406738281,-0.0784912109375,0.194763183594,0.9560546875,1228.0,1087.0,8220.0,45.0,-1.0,-11.0,
1646392606825845718,0.206787109375,-0.0775756835938,0.194580078125,0.955688476562,1147.0,1181.0,8306.0,49.0,0.0,-9.0,
1646392606828824043,0.209350585938,-0.0765991210938,0.194396972656,0.955200195312,1076.0,1388.0,8397.0,51.0,0.0,-8.0,
1646392606835392713,0.2119140625,-0.0756225585938,0.194213867188,0.954772949219,1027.0,1679.0,8437.0,48.0,0.0,-7.0,
1646392606839755773,0.214294433594,-0.07470703125,0.194030761719,0.954345703125,988.0,2030.0,8445.0,42.0,0.0,-7.0,
1646392606844404220,0.21630859375,-0.073974609375,0.193725585938,0.954040527344,962.0,2406.0,8409.0,33.0,-1.0,-7.0,
1646392606852821350,0.2177734375,-0.073486328125,0.193237304688,0.953796386719,972.0,2771.0,8342.0,21.0,-4.0,-8.0,
1646392606853629350,0.218566894531,-0.0733032226562,0.192565917969,0.953796386719,1013.0,3087.0,8267.0,8.0,-6.0,-10.0,
1646392606858172416,0.21875,-0.0734252929688,0.191711425781,0.953918457031,1067.0,3314.0,8176.0,-5.0,-8.0,-12.0,
1646392606862856626,0.21826171875,-0.0738525390625,0.190673828125,0.954162597656,1130.0,3419.0,8054.0,-16.0,-11.0,-13.0,
1646392606866156101,0.217163085938,-0.0745239257812,0.189514160156,0.95458984375,1196.0,3385.0,7964.0,-25.0,-13.0,-15.0,
1646392606870846748,0.215515136719,-0.075439453125,0.188293457031,0.955139160156,1257.0,3232.0,7912.0,-32.0,-15.0,-16.0,
1646392606883641958,0.213500976562,-0.0765380859375,0.186950683594,0.955810546875,1316.0,2971.0,7897.0,-36.0,-16.0,-17.0,
1646392606884101152,0.211303710938,-0.0776977539062,0.185668945312,0.956420898438,1383.0,2647.0,7905.0,-36.0,-17.0,-17.0,
1646392606887982845,0.209228515625,-0.0787963867188,0.184448242188,0.95703125,1460.0,2313.0,7927.0,-32.0,-16.0,-16.0,
1646392606891449451,0.207458496094,-0.079833984375,0.183349609375,0.957580566406,1541.0,2018.0,7963.0,-25.0,-15.0,-16.0,
1646392606896166086,0.206176757812,-0.0806884765625,0.182312011719,0.957946777344,1608.0,1802.0,7992.0,-15.0,-13.0,-16.0,
1646392606902699470,0.205505371094,-0.081298828125,0.181396484375,0.958190917969,1667.0,1667.0,8026.0,-5.0,-12.0,-15.0,
1646392606908821344,0.205444335938,-0.081787109375,0.180541992188,0.958374023438,1708.0,1605.0,8038.0,4.0,-10.0,-14.0,
1646392606913312911,0.205871582031,-0.08203125,0.179748535156,0.958374023438,1744.0,1608.0,8035.0,11.0,-9.0,-14.0,
1646392606917817115,0.206665039062,-0.0822143554688,0.178955078125,0.958312988281,1778.0,1659.0,8026.0,17.0,-9.0,-14.0,
1646392606921141862,0.207763671875,-0.0823364257812,0.178161621094,0.958251953125,1810.0,1749.0,7996.0,20.0,-9.0,-15.0,
1646392606926294565,0.209045410156,-0.0824584960938,0.177368164062,0.958129882812,1846.0,1859.0,7953.0,22.0,-9.0,-15.0,
1646392606932506561,0.210327148438,-0.08251953125,0.176452636719,0.9580078125,1899.0,1972.0,7894.0,21.0,-8.0,-16.0,
1646392606937292098,0.211547851562,-0.0826416015625,0.175537109375,0.957885742188,1962.0,2077.0,7832.0,19.0,-8.0,-17.0,
1646392606954967021,0.212585449219,-0.082763671875,0.174499511719,0.957824707031,2035.0,2193.0,7741.0,16.0,-8.0,-18.0,
1646392606968258619,0.213562011719,-0.0828857421875,0.173461914062,0.957763671875,2108.0,2319.0,7645.0,13.0,-7.0,-19.0,
1646392606969164609,0.21435546875,-0.0830078125,0.17236328125,0.957824707031,2168.0,2438.0,7558.0,11.0,-6.0,-19.0,
1646392606970283508,0.215026855469,-0.0830688476562,0.171264648438,0.957824707031,2205.0,2536.0,7485.0,8.0,-5.0,-20.0,
1646392606970863819,0.215454101562,-0.0831298828125,0.170104980469,0.957946777344,2217.0,2595.0,7411.0,4.0,-5.0,-20.0,
1646392606972186803,0.215698242188,-0.0831909179688,0.168823242188,0.958129882812,2227.0,2625.0,7339.0,1.0,-5.0,-21.0,
1646392606972887992,0.2158203125,-0.0833129882812,0.167541503906,0.958312988281,2237.0,2622.0,7263.0,0.0,-5.0,-22.0,
1646392606976712942,0.215942382812,-0.0833740234375,0.166320800781,0.95849609375,2251.0,2608.0,7198.0,0.0,-5.0,-22.0,
1646392606981461048,0.216186523438,-0.0833740234375,0.165100097656,0.958618164062,2263.0,2605.0,7140.0,2.0,-3.0,-22.0,
1646392606985882282,0.216552734375,-0.0833129882812,0.163940429688,0.958740234375,2272.0,2610.0,7100.0,5.0,-2.0,-21.0,
1646392606993788003,0.217041015625,-0.0831298828125,0.162841796875,0.958862304688,2282.0,2621.0,7062.0,8.0,-1.0,-20.0,
1646392606998250246,0.2177734375,-0.0828857421875,0.161804199219,0.958862304688,2293.0,2622.0,7037.0,10.0,0.0,-20.0,
1646392607002937078,0.218566894531,-0.08251953125,0.160827636719,0.958923339844,2312.0,2636.0,7014.0,13.0,1.0,-19.0,
1646392607007682085,0.219543457031,-0.0820922851562,0.159912109375,0.958862304688,2336.0,2661.0,7000.0,16.0,3.0,-19.0,
1646392607012264013,0.220703125,-0.0816040039062,0.158996582031,0.958801269531,2348.0,2712.0,7002.0,19.0,4.0,-19.0,
1646392607016781091,0.222045898438,-0.0809326171875,0.158081054688,0.958679199219,2345.0,2778.0,7013.0,22.0,5.0,-19.0,
1646392607024728298,0.223449707031,-0.0802001953125,0.1572265625,0.958557128906,2327.0,2861.0,7040.0,23.0,6.0,-19.0,
1646392607032161235,0.224975585938,-0.0794067382812,0.156372070312,0.958435058594,2283.0,2972.0,7084.0,24.0,6.0,-19.0,
1646392607038393974,0.22802734375,-0.07763671875,0.154663085938,0.958129882812,2114.0,3256.0,7169.0,24.0,7.0,-18.0,
1646392607042708873,0.2294921875,-0.07666015625,0.15380859375,0.957946777344,1992.0,3397.0,7223.0,22.0,6.0,-18.0,
1646392607047324895,0.230773925781,-0.0758056640625,0.152954101562,0.957885742188,1860.0,3482.0,7293.0,19.0,5.0,-18.0,
1646392607051675319,0.231689453125,-0.0750732421875,0.152038574219,0.957885742188,1734.0,3491.0,7370.0,14.0,3.0,-18.0,
1646392607055831670,0.232238769531,-0.0745239257812,0.151000976562,0.957946777344,1630.0,3439.0,7432.0,9.0,0.0,-18.0,
1646392607060796260,0.232482910156,-0.0741577148438,0.150024414062,0.958068847656,1540.0,3364.0,7484.0,5.0,-2.0,-17.0,
1646392607068926095,0.232543945312,-0.0738525390625,0.149047851562,0.958190917969,1460.0,3304.0,7532.0,3.0,-2.0,-16.0,
1646392607073601484,0.232604980469,-0.0736083984375,0.148254394531,0.958312988281,1368.0,3287.0,7569.0,2.0,-3.0,-14.0,
1646392607078289985,0.232727050781,-0.0733642578125,0.1474609375,0.958435058594,1279.0,3300.0,7599.0,2.0,-3.0,-12.0,
1646392607083316802,0.232788085938,-0.0732421875,0.146789550781,0.958557128906,1204.0,3331.0,7630.0,1.0,-4.0,-11.0,
1646392607085979700,0.232849121094,-0.0731201171875,0.146118164062,0.958618164062,1152.0,3373.0,7669.0,0.0,-5.0,-10.0,
1646392607090643167,0.232849121094,-0.0731201171875,0.1455078125,0.958740234375,1124.0,3421.0,7696.0,-1.0,-6.0,-9.0,
1646392607101081848,0.232849121094,-0.0731811523438,0.144836425781,0.958862304688,1122.0,3452.0,7737.0,-2.0,-7.0,-9.0,
1646392607103836059,0.232788085938,-0.0734252929688,0.144226074219,0.958923339844,1135.0,3466.0,7787.0,-2.0,-8.0,-9.0,
1646392607107553243,0.232727050781,-0.0736694335938,0.143615722656,0.959045410156,1169.0,3459.0,7827.0,-2.0,-9.0,-8.0,
1646392607112847328,0.232604980469,-0.073974609375,0.14306640625,0.959106445312,1205.0,3434.0,7840.0,-2.0,-9.0,-8.0,
1646392607119695186,0.232543945312,-0.0743408203125,0.142517089844,0.959167480469,1238.0,3417.0,7841.0,-2.0,-9.0,-8.0,
1646392607125229120,0.232482910156,-0.0746459960938,0.141967773438,0.959228515625,1262.0,3426.0,7849.0,-1.0,-9.0,-7.0,
1646392607131023645,0.232482910156,-0.074951171875,0.141479492188,0.959289550781,1271.0,3461.0,7829.0,-1.0,-9.0,-7.0,
1646392607135285615,0.232604980469,-0.0751953125,0.140991210938,0.959350585938,1269.0,3506.0,7803.0,0.0,-8.0,-7.0,
1646392607141052007,0.232727050781,-0.075439453125,0.140502929688,0.959350585938,1258.0,3535.0,7794.0,0.0,-9.0,-6.0,
1646392607145323276,0.232788085938,-0.0757446289062,0.140014648438,0.959350585938,1246.0,3559.0,7770.0,0.0,-9.0,-6.0,
1646392607149736881,0.232849121094,-0.0760498046875,0.139526367188,0.959411621094,1241.0,3568.0,7756.0,-1.0,-10.0,-6.0,
1646392607154932260,0.232849121094,-0.076416015625,0.139038085938,0.95947265625,1248.0,3587.0,7732.0,-2.0,-10.0,-6.0,
1646392607158459663,0.232727050781,-0.0767822265625,0.138549804688,0.959533691406,1273.0,3607.0,7695.0,-3.0,-10.0,-6.0,
1646392607163426637,0.232666015625,-0.0772094726562,0.138061523438,0.959533691406,1321.0,3643.0,7652.0,-4.0,-10.0,-6.0,
1646392607170777320,0.232543945312,-0.0776977539062,0.137573242188,0.959594726562,1385.0,3672.0,7609.0,-5.0,-10.0,-5.0,
1646392607171655416,0.232360839844,-0.0781860351562,0.137145996094,0.959716796875,1457.0,3713.0,7577.0,-7.0,-9.0,-5.0,
1646392607179983139,0.232055664062,-0.0786743164062,0.136779785156,0.959777832031,1517.0,3755.0,7553.0,-8.0,-9.0,-5.0,
1646392607183466196,0.231689453125,-0.0791625976562,0.136413574219,0.959899902344,1566.0,3776.0,7538.0,-9.0,-9.0,-4.0,
1646392607188163280,0.231262207031,-0.0796508789062,0.136047363281,0.9599609375,1614.0,3776.0,7549.0,-10.0,-8.0,-3.0,
1646392607192845821,0.230773925781,-0.0801391601562,0.1357421875,0.960144042969,1658.0,3755.0,7568.0,-11.0,-9.0,-3.0,
1646392607198688745,0.230224609375,-0.0806884765625,0.135375976562,0.960266113281,1702.0,3719.0,7598.0,-12.0,-9.0,-4.0,
1646392607201121091,0.229614257812,-0.0812377929688,0.135009765625,0.960388183594,1750.0,3667.0,7640.0,-11.0,-8.0,-4.0,
1646392607206736087,0.229064941406,-0.0817260742188,0.134704589844,0.960510253906,1786.0,3603.0,7686.0,-10.0,-8.0,-3.0,
1646392607210323095,0.228576660156,-0.0822143554688,0.134460449219,0.960632324219,1824.0,3521.0,7745.0,-8.0,-8.0,-3.0,
1646392607221226453,0.228149414062,-0.0827026367188,0.134216308594,0.960754394531,1863.0,3430.0,7811.0,-7.0,-8.0,-3.0,
1646392607224194049,0.227722167969,-0.0831298828125,0.133972167969,0.960815429688,1899.0,3351.0,7866.0,-5.0,-7.0,-4.0,
1646392607227741718,0.227416992188,-0.08349609375,0.133666992188,0.9609375,1930.0,3309.0,7907.0,-3.0,-6.0,-4.0,
1646392607235228061,0.227294921875,-0.0838012695312,0.133422851562,0.9609375,1951.0,3293.0,7945.0,-1.0,-6.0,-4.0,
1646392607239956140,0.227233886719,-0.0840454101562,0.133178710938,0.960998535156,1951.0,3303.0,7994.0,0.0,-5.0,-4.0,
1646392607244123697,0.227233886719,-0.084228515625,0.132934570312,0.960998535156,1921.0,3341.0,8048.0,0.0,-5.0,-4.0,
1646392607248677015,0.227111816406,-0.0844116210938,0.132568359375,0.961059570312,1876.0,3390.0,8081.0,-2.0,-6.0,-5.0,
1646392607253193140,0.226867675781,-0.0846557617188,0.132202148438,0.961181640625,1822.0,3426.0,8083.0,-5.0,-6.0,-5.0,
1646392607258507490,0.226440429688,-0.0848999023438,0.131713867188,0.961303710938,1778.0,3436.0,8061.0,-9.0,-7.0,-6.0,
1646392607261192560,0.225830078125,-0.0853271484375,0.131225585938,0.961486816406,1742.0,3420.0,8038.0,-12.0,-8.0,-6.0,
1646392607265680074,0.22509765625,-0.0857543945312,0.130676269531,0.961669921875,1714.0,3393.0,8024.0,-13.0,-9.0,-6.0,
1646392607271227598,0.224304199219,-0.086181640625,0.130126953125,0.9619140625,1692.0,3358.0,8010.0,-14.0,-9.0,-7.0,
1646392607278474330,0.223449707031,-0.086669921875,0.129577636719,0.962158203125,1675.0,3314.0,7988.0,-15.0,-10.0,-7.0,
1646392607282850027,0.222595214844,-0.0872192382812,0.128967285156,0.962341308594,1676.0,3254.0,7952.0,-15.0,-10.0,-7.0,
1646392607287528753,0.221740722656,-0.0877685546875,0.12841796875,0.962585449219,1691.0,3185.0,7900.0,-14.0,-10.0,-7.0,
1646392607290864229,0.220947265625,-0.0882568359375,0.127868652344,0.962768554688,1727.0,3127.0,7862.0,-13.0,-9.0,-7.0,
1646392607295497894,0.220275878906,-0.0887451171875,0.127380371094,0.962951660156,1757.0,3099.0,7822.0,-12.0,-9.0,-7.0,
1646392607304272413,0.219665527344,-0.0891723632812,0.126892089844,0.963134765625,1786.0,3105.0,7792.0,-10.0,-8.0,-7.0,
1646392607307922124,0.21923828125,-0.0895385742188,0.126403808594,0.963256835938,1817.0,3125.0,7767.0,-9.0,-7.0,-6.0,
1646392607312500715,0.218872070312,-0.08984375,0.1259765625,0.96337890625,1836.0,3133.0,7772.0,-8.0,-6.0,-7.0,
1646392607315815448,0.218505859375,-0.0902099609375,0.12548828125,0.963500976562,1851.0,3120.0,7791.0,-7.0,-6.0,-7.0,
1646392607324415683,0.218139648438,-0.0905151367188,0.125,0.963623046875,1864.0,3092.0,7809.0,-6.0,-7.0,-7.0,
1646392607328382730,0.217895507812,-0.0908203125,0.12451171875,0.963684082031,1870.0,3059.0,7836.0,-4.0,-7.0,-7.0,
1646392607332991123,0.2177734375,-0.091064453125,0.124084472656,0.963745117188,1864.0,3046.0,7852.0,-1.0,-6.0,-7.0,
1646392607339682817,0.217834472656,-0.09130859375,0.123657226562,0.963745117188,1865.0,3056.0,7860.0,1.0,-6.0,-6.0,
1646392607344372272,0.218078613281,-0.0914306640625,0.123352050781,0.963745117188,1867.0,3081.0,7875.0,4.0,-5.0,-6.0,
1646392607349029302,0.218383789062,-0.091552734375,0.122985839844,0.963684082031,1868.0,3130.0,7866.0,5.0,-5.0,-6.0,
1646392607354132175,0.21875,-0.0916748046875,0.122680664062,0.963623046875,1885.0,3199.0,7845.0,5.0,-5.0,-6.0,
1646392607358575820,0.219055175781,-0.0918579101562,0.122375488281,0.963623046875,1904.0,3293.0,7804.0,4.0,-5.0,-5.0,
1646392607363101720,0.219421386719,-0.092041015625,0.122131347656,0.963562011719,1921.0,3389.0,7750.0,3.0,-5.0,-4.0,
1646392607368546009,0.219787597656,-0.0922241210938,0.121948242188,0.963439941406,1942.0,3474.0,7671.0,3.0,-4.0,-3.0,
1646392607371451139,0.220092773438,-0.0924072265625,0.121765136719,0.96337890625,1956.0,3556.0,7612.0,2.0,-5.0,-3.0,
1646392607375757217,0.220275878906,-0.0925903320312,0.12158203125,0.96337890625,1987.0,3635.0,7559.0,0.0,-5.0,-3.0,
1646392607380102396,0.220336914062,-0.0928344726562,0.121398925781,0.963317871094,2022.0,3696.0,7510.0,-3.0,-4.0,-2.0,
1646392607393711566,0.220275878906,-0.0931396484375,0.121215820312,0.963317871094,2076.0,3735.0,7476.0,-5.0,-4.0,-2.0,
1646392607395519495,0.220092773438,-0.093505859375,0.12109375,0.96337890625,2135.0,3739.0,7453.0,-7.0,-4.0,-2.0,
1646392607397201061,0.219787597656,-0.0938720703125,0.120910644531,0.963439941406,2193.0,3703.0,7430.0,-8.0,-4.0,-1.0,
1646392607401462793,0.219360351562,-0.09423828125,0.120788574219,0.963500976562,2239.0,3632.0,7405.0,-9.0,-4.0,-1.0,
1646392607405897140,0.218933105469,-0.0945434570312,0.120666503906,0.963562011719,2264.0,3549.0,7393.0,-9.0,-3.0,-1.0,
1646392607413911104,0.218505859375,-0.0947875976562,0.12060546875,0.963684082031,2272.0,3465.0,7366.0,-8.0,-2.0,-1.0,
1646392607417723178,0.218139648438,-0.094970703125,0.120544433594,0.963745117188,2263.0,3379.0,7368.0,-6.0,-1.0,-1.0,
1646392607422336101,0.217834472656,-0.0950927734375,0.120544433594,0.963806152344,2236.0,3291.0,7372.0,-4.0,-1.0,-1.0,
1646392607427832841,0.217651367188,-0.0950927734375,0.120483398438,0.9638671875,2193.0,3213.0,7434.0,-2.0,0.0,-1.0,
1646392607430072784,0.217468261719,-0.0950927734375,0.120544433594,0.9638671875,2113.0,3142.0,7522.0,-1.0,0.0,-1.0,
1646392607440524578,0.217346191406,-0.094970703125,0.120544433594,0.963928222656,2018.0,3102.0,7604.0,0.0,0.0,-1.0,
1646392607448017358,0.217224121094,-0.0946655273438,0.120483398438,0.963989257812,1813.0,3139.0,7763.0,1.0,-1.0,-1.0,
1646392607452713012,0.217163085938,-0.0946044921875,0.120422363281,0.963989257812,1745.0,3221.0,7816.0,0.0,-2.0,0.0,
1646392607458464622,0.217163085938,-0.0946044921875,0.120361328125,0.964050292969,1699.0,3300.0,7842.0,-1.0,-3.0,0.0,
1646392607462239742,0.216979980469,-0.0946655273438,0.120300292969,0.964050292969,1672.0,3338.0,7872.0,-4.0,-4.0,0.0,
1646392607466570377,0.216674804688,-0.0949096679688,0.120178222656,0.964111328125,1651.0,3322.0,7895.0,-7.0,-6.0,0.0,
1646392607470179080,0.216125488281,-0.0952758789062,0.119995117188,0.964233398438,1629.0,3282.0,7909.0,-9.0,-8.0,-1.0,
1646392607479317188,0.215515136719,-0.0957641601562,0.119812011719,0.96435546875,1636.0,3237.0,7887.0,-10.0,-9.0,0.0,
1646392607482780218,0.214965820312,-0.0962524414062,0.119812011719,0.964416503906,1649.0,3208.0,7871.0,-8.0,-9.0,1.0,
1646392607487673282,0.214599609375,-0.0966796875,0.119812011719,0.964477539062,1652.0,3222.0,7840.0,-6.0,-8.0,2.0,
1646392607491228818,0.214294433594,-0.0970458984375,0.119873046875,0.964477539062,1638.0,3289.0,7810.0,-6.0,-7.0,2.0,
1646392607495332956,0.213989257812,-0.0973510742188,0.119934082031,0.964477539062,1614.0,3381.0,7789.0,-7.0,-7.0,3.0,
1646392607500754594,0.213684082031,-0.0977172851562,0.119995117188,0.964538574219,1599.0,3454.0,7782.0,-9.0,-7.0,4.0,
1646392607508595228,0.213134765625,-0.09814453125,0.1201171875,0.964599609375,1607.0,3492.0,7777.0,-11.0,-8.0,5.0,
1646392607513048171,0.212524414062,-0.0986938476562,0.120178222656,0.964660644531,1624.0,3496.0,7785.0,-13.0,-9.0,5.0,
1646392607517018795,0.211791992188,-0.0993041992188,0.120300292969,0.964721679688,1639.0,3488.0,7815.0,-14.0,-9.0,5.0,
1646392607522068738,0.2109375,-0.0999145507812,0.120361328125,0.96484375,1655.0,3491.0,7815.0,-15.0,-9.0,5.0,
1646392607525559902,0.210083007812,-0.100463867188,0.120483398438,0.964965820312,1679.0,3493.0,7803.0,-16.0,-9.0,5.0,
1646392607534173250,0.209106445312,-0.101135253906,0.12060546875,0.965087890625,1704.0,3493.0,7802.0,-18.0,-9.0,5.0,
1646392607542346715,0.208129882812,-0.101745605469,0.120727539062,0.965270996094,1732.0,3485.0,7801.0,-19.0,-9.0,6.0,
1646392607545657157,0.20703125,-0.102416992188,0.120849609375,0.965393066406,1748.0,3473.0,7788.0,-19.0,-9.0,6.0,
1646392607553437948,0.204833984375,-0.103759765625,0.12109375,0.965698242188,1753.0,3412.0,7791.0,-20.0,-10.0,6.0,
1646392607557218790,0.203735351562,-0.104431152344,0.121215820312,0.9658203125,1742.0,3363.0,7802.0,-20.0,-10.0,6.0,
1646392607560965299,0.20263671875,-0.105102539062,0.121337890625,0.965942382812,1741.0,3292.0,7813.0,-19.0,-10.0,5.0,
1646392607566367387,0.201599121094,-0.105712890625,0.121398925781,0.966125488281,1766.0,3196.0,7804.0,-17.0,-10.0,5.0,
1646392607571203947,0.20068359375,-0.106384277344,0.121459960938,0.966247558594,1812.0,3084.0,7796.0,-15.0,-9.0,4.0,
1646392607578090667,0.199829101562,-0.106994628906,0.12158203125,0.96630859375,1878.0,2982.0,7741.0,-12.0,-8.0,4.0,
1646392607593680381,0.199279785156,-0.107543945312,0.121704101562,0.966369628906,1949.0,2887.0,7672.0,-9.0,-7.0,3.0,
1646392607594301462,0.198974609375,-0.107971191406,0.121887207031,0.966369628906,2005.0,2823.0,7622.0,-4.0,-5.0,3.0,
1646392607594907283,0.198852539062,-0.108215332031,0.122009277344,0.96630859375,2044.0,2780.0,7579.0,-1.0,-4.0,3.0,
1646392607611441612,0.198913574219,-0.108459472656,0.122253417969,0.966247558594,2082.0,2743.0,7578.0,2.0,-3.0,3.0,
1646392607612035512,0.199157714844,-0.108581542969,0.122497558594,0.966186523438,2104.0,2713.0,7593.0,5.0,-2.0,3.0,
1646392607612841844,0.199523925781,-0.108581542969,0.122741699219,0.966064453125,2118.0,2697.0,7621.0,7.0,-1.0,3.0,
1646392607615533828,0.199951171875,-0.108581542969,0.123046875,0.965942382812,2144.0,2692.0,7659.0,9.0,-1.0,3.0,
1646392607618607521,0.200439453125,-0.108581542969,0.123352050781,0.9658203125,2172.0,2696.0,7663.0,10.0,0.0,3.0,
1646392607623277902,0.201110839844,-0.108520507812,0.123657226562,0.965637207031,2193.0,2697.0,7815.0,12.0,0.0,3.0,
1646392607628206253,0.201782226562,-0.108459472656,0.123962402344,0.965454101562,2156.0,2724.0,7920.0,14.0,0.0,3.0,
1646392607632339239,0.202575683594,-0.108276367188,0.124267578125,0.965270996094,2111.0,2715.0,7979.0,16.0,-1.0,2.0,
1646392607637357234,0.203369140625,-0.108154296875,0.124450683594,0.965087890625,2078.0,2706.0,8048.0,15.0,-1.0,1.0,
1646392607643049716,0.203979492188,-0.108032226562,0.124633789062,0.964965820312,2045.0,2751.0,8145.0,14.0,-2.0,1.0,
1646392607650440931,0.204650878906,-0.10791015625,0.124816894531,0.964782714844,2021.0,2820.0,8199.0,12.0,-2.0,1.0,
1646392607656280994,0.205688476562,-0.107971191406,0.125122070312,0.964538574219,1977.0,2955.0,8289.0,8.0,-4.0,2.0,
1646392607661077737,0.2060546875,-0.108093261719,0.125122070312,0.964416503906,1952.0,2990.0,8326.0,6.0,-6.0,1.0,
1646392607665592432,0.206298828125,-0.108337402344,0.125122070312,0.96435546875,1948.0,2988.0,8310.0,4.0,-7.0,0.0,
1646392607670134305,0.206420898438,-0.108642578125,0.125061035156,0.964294433594,1958.0,2972.0,8257.0,2.0,-8.0,0.0,
1646392607674773216,0.206481933594,-0.109008789062,0.125,0.964233398438,1999.0,2946.0,8206.0,1.0,-8.0,-1.0,
1646392607685014963,0.206420898438,-0.109436035156,0.124816894531,0.964233398438,2076.0,2904.0,8156.0,-1.0,-8.0,-2.0,
1646392607686987161,0.206176757812,-0.110046386719,0.124633789062,0.964233398438,2181.0,2839.0,8107.0,-4.0,-9.0,-2.0,
1646392607690236091,0.205810546875,-0.110656738281,0.124328613281,0.964294433594,2282.0,2744.0,8076.0,-6.0,-9.0,-3.0,
1646392607695081233,0.205322265625,-0.111328125,0.124084472656,0.96435546875,2354.0,2624.0,8067.0,-7.0,-10.0,-4.0,
1646392607699527978,0.204772949219,-0.112060546875,0.123779296875,0.964416503906,2417.0,2513.0,8034.0,-6.0,-10.0,-4.0,
1646392607707388401,0.204406738281,-0.112670898438,0.123596191406,0.964477539062,2466.0,2473.0,7993.0,-3.0,-9.0,-3.0,
1646392607717207908,0.204406738281,-0.113220214844,0.123474121094,0.964416503906,2478.0,2510.0,7986.0,1.0,-8.0,-2.0,
1646392607717651605,0.204711914062,-0.113586425781,0.123413085938,0.964294433594,2469.0,2628.0,8025.0,6.0,-7.0,-1.0,
1646392607719962120,0.205261230469,-0.113891601562,0.123413085938,0.964172363281,2448.0,2770.0,8015.0,9.0,-7.0,-1.0,
1646392607724692106,0.205993652344,-0.1142578125,0.123352050781,0.963989257812,2430.0,2893.0,7994.0,10.0,-8.0,-1.0,
1646392607732731103,0.206726074219,-0.114624023438,0.123291015625,0.963806152344,2413.0,2989.0,7991.0,10.0,-9.0,-1.0,
1646392607737279891,0.207397460938,-0.114990234375,0.123229980469,0.963562011719,2409.0,3047.0,7978.0,10.0,-10.0,-1.0,
1646392607741981744,0.2080078125,-0.115539550781,0.123168945312,0.96337890625,2417.0,3094.0,7982.0,8.0,-10.0,0.0,
1646392607747857093,0.208557128906,-0.116027832031,0.123107910156,0.963256835938,2424.0,3152.0,7997.0,7.0,-11.0,0.0,
1646392607754584312,0.209045410156,-0.116638183594,0.123046875,0.963073730469,2417.0,3232.0,8030.0,7.0,-11.0,0.0,
1646392607759063720,0.20947265625,-0.1171875,0.122985839844,0.962890625,2418.0,3316.0,8041.0,5.0,-12.0,0.0,
1646392607763582706,0.209838867188,-0.117858886719,0.122863769531,0.962768554688,2422.0,3392.0,8027.0,3.0,-12.0,0.0,
1646392607767938375,0.210083007812,-0.118591308594,0.122741699219,0.962646484375,2440.0,3459.0,7997.0,0.0,-13.0,1.0,
1646392607772636413,0.210205078125,-0.119323730469,0.122619628906,0.962524414062,2464.0,3512.0,7928.0,-1.0,-14.0,0.0,
1646392607777385234,0.210266113281,-0.120178222656,0.122436523438,0.96240234375,2477.0,3512.0,7878.0,-3.0,-14.0,0.0,
1646392607780594110,0.210144042969,-0.12109375,0.122314453125,0.962341308594,2486.0,3448.0,7817.0,-5.0,-15.0,0.0,
1646392607785077333,0.209899902344,-0.1220703125,0.122131347656,0.962341308594,2490.0,3331.0,7780.0,-6.0,-15.0,0.0,
1646392607789525032,0.209594726562,-0.123046875,0.121948242188,0.962280273438,2488.0,3198.0,7758.0,-5.0,-15.0,1.0,
1646392607797443866,0.209411621094,-0.123962402344,0.121887207031,0.962219238281,2481.0,3062.0,7761.0,-3.0,-15.0,1.0,
1646392607802468061,0.209289550781,-0.124755859375,0.121765136719,0.962158203125,2466.0,2953.0,7754.0,0.0,-14.0,1.0,
1646392607806837558,0.209350585938,-0.12548828125,0.121704101562,0.962036132812,2447.0,2889.0,7771.0,2.0,-13.0,0.0,
1646392607810291767,0.209533691406,-0.126159667969,0.121643066406,0.9619140625,2447.0,2852.0,7783.0,4.0,-13.0,0.0,
1646392607814858198,0.209777832031,-0.126831054688,0.121520996094,0.961791992188,2464.0,2837.0,7803.0,5.0,-13.0,-1.0,
1646392607823035717,0.210144042969,-0.127502441406,0.121337890625,0.961669921875,2486.0,2831.0,7824.0,6.0,-13.0,-2.0,
1646392607827953815,0.210510253906,-0.128234863281,0.121154785156,0.961486816406,2508.0,2840.0,7850.0,6.0,-13.0,-2.0,
1646392607834141254,0.210998535156,-0.12890625,0.120971679688,0.961364746094,2516.0,2854.0,7890.0,7.0,-13.0,-2.0,
1646392607839021682,0.211486816406,-0.129577636719,0.120788574219,0.961181640625,2505.0,2874.0,7928.0,8.0,-14.0,-2.0,
1646392607840439796,0.212097167969,-0.130249023438,0.12060546875,0.9609375,2482.0,2905.0,7972.0,9.0,-14.0,-2.0,
1646392607845359563,0.212707519531,-0.130859375,0.120361328125,0.960754394531,2458.0,2948.0,8035.0,11.0,-15.0,-3.0,
1646392607854488372,0.213500976562,-0.131530761719,0.1201171875,0.960510253906,2430.0,2990.0,8107.0,12.0,-15.0,-3.0,
1646392607859778881,0.214294433594,-0.132141113281,0.119873046875,0.960327148438,2395.0,3006.0,8182.0,13.0,-16.0,-3.0,
1646392607879407167,0.215148925781,-0.1328125,0.119567871094,0.960083007812,2345.0,2993.0,8257.0,14.0,-17.0,-4.0,
1646392607882456541,0.216003417969,-0.133483886719,0.119201660156,0.959838867188,2300.0,2942.0,8300.0,15.0,-18.0,-5.0,
1646392607976590871,0.216979980469,-0.134216308594,0.118835449219,0.959533691406,2255.0,2861.0,8315.0,17.0,-19.0,-5.0,
1646392607983436346,0.218017578125,-0.135009765625,0.118469238281,0.959228515625,2222.0,2769.0,8335.0,19.0,-20.0,-6.0,
1646392607986125230,0.219116210938,-0.1357421875,0.118041992188,0.958923339844,2203.0,2676.0,8348.0,21.0,-20.0,-6.0,
1646392607989426612,0.220397949219,-0.136535644531,0.117614746094,0.958557128906,2191.0,2609.0,8362.0,24.0,-21.0,-7.0,
1646392607989853620,0.221862792969,-0.137329101562,0.117248535156,0.958190917969,2180.0,2562.0,8378.0,27.0,-21.0,-7.0,
1646392608000399827,0.223449707031,-0.138061523438,0.116821289062,0.957763671875,2180.0,2533.0,8390.0,28.0,-21.0,-8.0,
1646392608006478309,0.225036621094,-0.138793945312,0.116333007812,0.957336425781,2187.0,2546.0,8376.0,29.0,-21.0,-8.0,
1646392608018079757,0.226806640625,-0.139587402344,0.115783691406,0.956848144531,2212.0,2595.0,8386.0,30.0,-22.0,-9.0,
1646392608029558420,0.228515625,-0.140441894531,0.115234375,0.956420898438,2250.0,2692.0,8385.0,29.0,-23.0,-9.0,
1646392608034171104,0.230285644531,-0.141357421875,0.114685058594,0.955932617188,2297.0,2815.0,8391.0,28.0,-24.0,-9.0,
1646392608049901008,0.231994628906,-0.142333984375,0.114074707031,0.955444335938,2338.0,2934.0,8425.0,27.0,-25.0,-9.0,
1646392608057238578,0.233642578125,-0.143371582031,0.113403320312,0.954956054688,2373.0,3014.0,8470.0,26.0,-26.0,-9.0,
1646392608067774057,0.235229492188,-0.144592285156,0.112670898438,0.954467773438,2391.0,3030.0,8517.0,25.0,-28.0,-10.0,
1646392608071862220,0.236633300781,-0.145874023438,0.111938476562,0.953979492188,2411.0,3012.0,8534.0,24.0,-30.0,-10.0,
1646392608079262971,0.238037109375,-0.147216796875,0.111083984375,0.953552246094,2409.0,2978.0,8575.0,23.0,-31.0,-11.0,
1646392608083089113,0.239440917969,-0.148620605469,0.110290527344,0.953063964844,2413.0,2949.0,8647.0,24.0,-33.0,-11.0,
1646392608088759183,0.240844726562,-0.150146484375,0.109436035156,0.952575683594,2425.0,2910.0,8722.0,24.0,-35.0,-11.0,
1646392608089310884,0.2421875,-0.151733398438,0.108581542969,0.952087402344,2441.0,2859.0,8762.0,24.0,-37.0,-11.0,
1646392608094496488,0.243530273438,-0.153442382812,0.107604980469,0.951599121094,2450.0,2817.0,8773.0,24.0,-38.0,-12.0,
1646392608096692323,0.244934082031,-0.155212402344,0.106567382812,0.951049804688,2472.0,2798.0,8753.0,24.0,-40.0,-13.0,
1646392608100948810,0.246398925781,-0.157043457031,0.10546875,0.950500488281,2493.0,2793.0,8721.0,25.0,-41.0,-13.0,
1646392608101658582,0.247924804688,-0.158996582031,0.104309082031,0.949890136719,2520.0,2797.0,8694.0,25.0,-43.0,-14.0,
1646392608104575157,0.249389648438,-0.161071777344,0.103088378906,0.949279785156,2560.0,2808.0,8639.0,24.0,-44.0,-15.0,
1646392608106257438,0.250854492188,-0.163208007812,0.101806640625,0.948669433594,2599.0,2835.0,8571.0,23.0,-46.0,-16.0,
1646392608106573820,0.252258300781,-0.165405273438,0.100402832031,0.948059082031,2644.0,2881.0,8472.0,21.0,-47.0,-17.0,
1646392608106875896,0.253601074219,-0.167663574219,0.0989379882812,0.947448730469,2701.0,2940.0,8377.0,19.0,-48.0,-17.0,
1646392608112497806,0.2548828125,-0.170043945312,0.0973510742188,0.946899414062,2765.0,3014.0,8257.0,17.0,-49.0,-18.0,
1646392608112969160,0.256103515625,-0.172485351562,0.095703125,0.9462890625,2835.0,3101.0,8089.0,14.0,-50.0,-19.0,
1646392608114068984,0.257202148438,-0.174987792969,0.0939331054688,0.945678710938,2900.0,3201.0,7905.0,12.0,-50.0,-19.0,
1646392608114609241,0.258239746094,-0.177551269531,0.0921630859375,0.945129394531,2970.0,3291.0,7722.0,10.0,-51.0,-20.0,
1646392608114966869,0.259216308594,-0.180114746094,0.0903930664062,0.944519042969,3048.0,3355.0,7530.0,8.0,-51.0,-20.0,
1646392608115155935,0.260070800781,-0.182800292969,0.0885009765625,0.943969726562,3126.0,3403.0,7358.0,6.0,-51.0,-20.0,
1646392608115574598,0.260864257812,-0.185424804688,0.0866088867188,0.943420410156,3197.0,3426.0,7223.0,5.0,-51.0,-21.0,
1646392608116443634,0.261596679688,-0.188049316406,0.0846557617188,0.94287109375,3246.0,3420.0,7139.0,4.0,-51.0,-21.0,
1646392608116840362,0.262145996094,-0.190612792969,0.0827026367188,0.9423828125,3280.0,3375.0,7085.0,2.0,-51.0,-22.0,
1646392608117660999,0.262817382812,-0.198303222656,0.0761108398438,0.941162109375,3336.0,3112.0,7020.0,-4.0,-52.0,-27.0,
1646392608118061780,0.262390136719,-0.203552246094,0.0711669921875,0.940551757812,3407.0,2875.0,6948.0,-11.0,-53.0,-29.0,
1646392608118489265,0.261840820312,-0.206237792969,0.0684814453125,0.940307617188,3458.0,2738.0,6849.0,-15.0,-54.0,-31.0,
1646392608118923425,0.261047363281,-0.208984375,0.065673828125,0.940124511719,3513.0,2607.0,6722.0,-19.0,-54.0,-33.0,
1646392608119309663,0.260070800781,-0.211853027344,0.0626831054688,0.93994140625,3574.0,2490.0,6576.0,-23.0,-55.0,-34.0,
1646392608119687795,0.258850097656,-0.214721679688,0.0595703125,0.939819335938,3657.0,2396.0,6407.0,-28.0,-56.0,-35.0,
1646392608120070934,0.257385253906,-0.217712402344,0.0563354492188,0.939758300781,3761.0,2326.0,6191.0,-33.0,-56.0,-37.0,
1646392608120276927,0.255676269531,-0.220703125,0.052978515625,0.939697265625,3877.0,2280.0,5951.0,-38.0,-55.0,-38.0,
1646392608120723485,0.253662109375,-0.2236328125,0.0494995117188,0.939758300781,3994.0,2251.0,5680.0,-44.0,-53.0,-39.0,
1646392608121254444,0.251403808594,-0.226623535156,0.0458984375,0.939819335938,4107.0,2225.0,5383.0,-51.0,-52.0,-40.0,
1646392608121626138,0.248718261719,-0.229553222656,0.0421142578125,0.940002441406,4235.0,2213.0,5091.0,-58.0,-51.0,-41.0,
1646392608122014760,0.24560546875,-0.232482910156,0.0382080078125,0.940246582031,4364.0,2215.0,4830.0,-66.0,-49.0,-42.0,
1646392608122491359,0.2421875,-0.235290527344,0.0342407226562,0.940612792969,4473.0,2224.0,4590.0,-73.0,-47.0,-42.0,
1646392608127319812,0.238403320312,-0.237915039062,0.0301513671875,0.941040039062,4563.0,2240.0,4377.0,-78.0,-44.0,-43.0,
1646392608132738351,0.234436035156,-0.240417480469,0.0260620117188,0.941528320312,4644.0,2258.0,4150.0,-83.0,-42.0,-43.0,
1646392608135022640,0.230224609375,-0.242736816406,0.0218505859375,0.942077636719,4677.0,2281.0,3920.0,-87.0,-39.0,-44.0,
1646392608139699459,0.225952148438,-0.244873046875,0.017578125,0.942687988281,4672.0,2309.0,3755.0,-90.0,-36.0,-45.0,
1646392608144055366,0.221557617188,-0.246765136719,0.0133056640625,0.943298339844,4654.0,2327.0,3652.0,-91.0,-34.0,-45.0,
1646392608152722358,0.217102050781,-0.248596191406,0.00897216796875,0.943908691406,4652.0,2313.0,3532.0,-92.0,-32.0,-46.0,
1646392608158354759,0.212524414062,-0.250244140625,0.004638671875,0.944519042969,4660.0,2319.0,3366.0,-93.0,-29.0,-46.0,
1646392608163096427,0.2080078125,-0.251708984375,0.00042724609375,0.945129394531,4661.0,2403.0,3181.0,-93.0,-25.0,-46.0,
1646392608167736053,0.20361328125,-0.2529296875,-0.00372314453125,0.94580078125,4630.0,2559.0,3016.0,-93.0,-21.0,-44.0,
1646392608172246694,0.19921875,-0.25390625,-0.0076904296875,0.946411132812,4580.0,2732.0,2845.0,-95.0,-17.0,-41.0,
1646392608176756620,0.194580078125,-0.254760742188,-0.0116577148438,0.947143554688,4518.0,2904.0,2639.0,-99.0,-15.0,-39.0,
1646392608180163145,0.189575195312,-0.255554199219,-0.015625,0.947875976562,4451.0,3049.0,2419.0,-106.0,-13.0,-37.0,
1646392608184578657,0.184143066406,-0.25634765625,-0.0195922851562,0.948669433594,4385.0,3160.0,2194.0,-115.0,-13.0,-36.0,
1646392608189167499,0.178100585938,-0.257141113281,-0.0236206054688,0.949523925781,4343.0,3245.0,1965.0,-124.0,-12.0,-34.0,
1646392608197182178,0.171447753906,-0.257873535156,-0.027587890625,0.950439453125,4331.0,3304.0,1692.0,-133.0,-11.0,-30.0,
1646392608201694726,0.164306640625,-0.258605957031,-0.0313720703125,0.951354980469,4317.0,3342.0,1435.0,-141.0,-9.0,-26.0,
1646392608205009460,0.156860351562,-0.259155273438,-0.034912109375,0.952331542969,4310.0,3373.0,1164.0,-146.0,-5.0,-21.0,
1646392608209778547,0.149169921875,-0.259399414062,-0.038330078125,0.953369140625,4296.0,3415.0,956.0,-148.0,0.0,-18.0,
1646392608214348793,0.141540527344,-0.259338378906,-0.04150390625,0.954406738281,4306.0,3515.0,733.0,-148.0,7.0,-16.0,
1646392608222334146,0.133911132812,-0.258911132812,-0.0446166992188,0.955505371094,4300.0,3654.0,558.0,-149.0,14.0,-14.0,
1646392608226905345,0.126281738281,-0.258056640625,-0.047607421875,0.956665039062,4265.0,3805.0,425.0,-151.0,20.0,-12.0,
1646392608230238199,0.118530273438,-0.256896972656,-0.0503540039062,0.957824707031,4268.0,3842.0,278.0,-152.0,25.0,-8.0,
1646392608247607707,0.110534667969,-0.255432128906,-0.0527954101562,0.958984375,4252.0,3817.0,192.0,-153.0,31.0,-3.0,
1646392608284837484,0.102661132812,-0.253540039062,-0.054931640625,0.960266113281,4209.0,3779.0,166.0,-149.0,38.0,-1.0,
1646392608296239376,0.0951538085938,-0.251220703125,-0.056884765625,0.961547851562,4153.0,3766.0,190.0,-143.0,45.0,0.0,
1646392608299726247,0.088134765625,-0.248474121094,-0.05859375,0.962829589844,4072.0,3792.0,264.0,-135.0,51.0,2.0,
1646392608300089120,0.0695190429688,-0.238342285156,-0.0612182617188,0.966735839844,3727.0,3990.0,626.0,-114.0,65.0,18.0,
1646392608301050424,0.058349609375,-0.230285644531,-0.06103515625,0.969421386719,3449.0,4267.0,938.0,-108.0,72.0,27.0,
1646392608301393985,0.0527954101562,-0.225952148438,-0.0606079101562,0.970825195312,3298.0,4496.0,1113.0,-110.0,75.0,32.0,
1646392608302993297,0.0469970703125,-0.221435546875,-0.0599365234375,0.97216796875,3160.0,4773.0,1292.0,-114.0,77.0,38.0,
1646392608303924798,0.0408935546875,-0.216796875,-0.0589599609375,0.973571777344,3023.0,5059.0,1492.0,-121.0,78.0,44.0,
1646392608304239988,0.0343017578125,-0.211975097656,-0.057861328125,0.974914550781,2916.0,5317.0,1695.0,-129.0,79.0,49.0,
1646392608304883718,0.0271606445312,-0.207092285156,-0.0565185546875,0.976257324219,2862.0,5537.0,1927.0,-139.0,80.0,54.0,
1646392608307847023,0.0194091796875,-0.2021484375,-0.05517578125,0.977600097656,2879.0,5718.0,2127.0,-148.0,81.0,56.0,
1646392608312659502,0.010986328125,-0.197143554688,-0.0538330078125,0.978820800781,2942.0,5835.0,2303.0,-159.0,83.0,58.0,
1646392608317162275,0.0018310546875,-0.192016601562,-0.052490234375,0.97998046875,3012.0,5883.0,2421.0,-170.0,85.0,59.0,
1646392608321937561,-0.00787353515625,-0.186767578125,-0.0511474609375,0.981018066406,3069.0,5825.0,2521.0,-179.0,86.0,62.0,
1646392608326544523,-0.0182495117188,-0.181396484375,-0.049560546875,0.981994628906,3096.0,5616.0,2621.0,-186.0,88.0,65.0,
1646392608329866170,-0.029052734375,-0.175842285156,-0.0478515625,0.982788085938,3089.0,5310.0,2749.0,-191.0,89.0,69.0,
1646392608334312677,-0.0401611328125,-0.170104980469,-0.0458374023438,0.983520507812,3051.0,4968.0,2903.0,-192.0,91.0,72.0,
1646392608338953495,-0.0513305664062,-0.1640625,-0.0435791015625,0.984130859375,3020.0,4589.0,3045.0,-190.0,94.0,76.0,
1646392608346936941,-0.0625,-0.157836914062,-0.0410766601562,0.984619140625,2980.0,4209.0,3195.0,-189.0,97.0,80.0,
1646392608352038621,-0.0735473632812,-0.151428222656,-0.0382690429688,0.984985351562,2925.0,3872.0,3388.0,-185.0,99.0,84.0,
1646392608355328798,-0.0842895507812,-0.144714355469,-0.03515625,0.985229492188,2843.0,3592.0,3613.0,-180.0,102.0,88.0,
1646392608364814758,-0.0946655273438,-0.137817382812,-0.0317993164062,0.985412597656,2730.0,3354.0,3836.0,-175.0,104.0,92.0,
1646392608366654634,-0.104858398438,-0.130737304688,-0.0281982421875,0.985412597656,2590.0,3165.0,4047.0,-171.0,106.0,95.0,
1646392608371222496,-0.114807128906,-0.123474121094,-0.0244140625,0.9853515625,2434.0,3005.0,4232.0,-169.0,107.0,98.0,
1646392608376736164,-0.124694824219,-0.116088867188,-0.0203857421875,0.985168457031,2261.0,2837.0,4414.0,-168.0,107.0,101.0,
1646392608380184412,-0.134704589844,-0.108642578125,-0.0161743164062,0.984741210938,2070.0,2637.0,4594.0,-169.0,107.0,105.0,
1646392608384656906,-0.144775390625,-0.101135253906,-0.0116577148438,0.984191894531,1847.0,2377.0,4794.0,-170.0,106.0,109.0,
1646392608389444351,-0.154907226562,-0.093505859375,-0.0069580078125,0.983459472656,1597.0,2063.0,5001.0,-170.0,106.0,112.0,
1646392608393994569,-0.164978027344,-0.0858154296875,-0.00201416015625,0.982543945312,1345.0,1663.0,5194.0,-168.0,105.0,115.0,
1646392608401923894,-0.175048828125,-0.0780639648438,0.003173828125,0.9814453125,1076.0,1213.0,5373.0,-164.0,105.0,117.0,
1646392608406587362,-0.184814453125,-0.0701904296875,0.00848388671875,0.980224609375,783.0,744.0,5562.0,-159.0,104.0,119.0,
1646392608410170555,-0.194213867188,-0.0623168945312,0.0140380859375,0.978881835938,459.0,296.0,5768.0,-151.0,103.0,121.0,
1646392608414673566,-0.203125,-0.0543212890625,0.019775390625,0.977416992188,111.0,-130.0,5999.0,-143.0,102.0,124.0,
1646392608419096469,-0.211486816406,-0.0463256835938,0.0256958007812,0.975891113281,-237.0,-547.0,6243.0,-135.0,100.0,125.0,
1646392608427042007,-0.219421386719,-0.0384521484375,0.0316772460938,0.974304199219,-573.0,-971.0,6509.0,-127.0,97.0,126.0,
1646392608431631326,-0.226928710938,-0.03076171875,0.037841796875,0.97265625,-887.0,-1417.0,6773.0,-120.0,93.0,126.0,
1646392608436161518,-0.234008789062,-0.0232543945312,0.0440063476562,0.970947265625,-1152.0,-1874.0,6995.0,-113.0,90.0,125.0,
1646392608439677953,-0.240600585938,-0.0159301757812,0.0501708984375,0.969177246094,-1407.0,-2298.0,7166.0,-105.0,86.0,125.0,
1646392608445562601,-0.246826171875,-0.0087890625,0.056396484375,0.967346191406,-1685.0,-2697.0,7323.0,-98.0,83.0,125.0,
1646392608462704181,-0.252746582031,-0.00177001953125,0.0628051757812,0.965454101562,-1958.0,-3073.0,7438.0,-93.0,80.0,126.0,
1646392608463544607,-0.258361816406,0.00518798828125,0.0693359375,0.963500976562,-2246.0,-3440.0,7573.0,-89.0,77.0,128.0,
1646392608464075565,-0.263854980469,0.0120239257812,0.0759887695312,0.961486816406,-2550.0,-3839.0,7656.0,-86.0,75.0,129.0,
1646392608464790582,-0.269348144531,0.0188598632812,0.0827026367188,0.959289550781,-2823.0,-4255.0,7695.0,-85.0,73.0,129.0,
1646392608472197055,-0.274780273438,0.0255126953125,0.08935546875,0.956970214844,-3090.0,-4679.0,7706.0,-83.0,71.0,128.0,
1646392608476847887,-0.280212402344,0.031982421875,0.0957641601562,0.95458984375,-3422.0,-5111.0,7748.0,-82.0,70.0,124.0,
1646392608481287479,-0.28564453125,0.0383911132812,0.10205078125,0.952087402344,-3740.0,-5544.0,7849.0,-83.0,67.0,120.0,
1646392608484759330,-0.291076660156,0.0444946289062,0.108154296875,0.949523925781,-4000.0,-5944.0,7980.0,-83.0,63.0,117.0,
1646392608489063501,-0.296447753906,0.0503540039062,0.114135742188,0.946838378906,-4284.0,-6341.0,8151.0,-83.0,61.0,114.0,
1646392608493993043,-0.301696777344,0.0560302734375,0.119750976562,0.944152832031,-4568.0,-6724.0,8272.0,-82.0,59.0,108.0,
1646392608501728057,-0.306884765625,0.0614013671875,0.125,0.941467285156,-4877.0,-7082.0,8368.0,-80.0,56.0,101.0,
1646392608506228685,-0.312072753906,0.06640625,0.129760742188,0.938781738281,-5174.0,-7445.0,8406.0,-79.0,53.0,91.0,
1646392608509721994,-0.317077636719,0.071044921875,0.134094238281,0.936157226562,-5450.0,-7836.0,8421.0,-76.0,49.0,82.0,
1646392608514654874,-0.321960449219,0.0753173828125,0.137939453125,0.93359375,-5672.0,-8254.0,8379.0,-72.0,44.0,74.0,
1646392608522579669,-0.326538085938,0.0792236328125,0.141418457031,0.93115234375,-5817.0,-8659.0,8324.0,-65.0,40.0,67.0,
1646392608523824453,-0.33056640625,0.0828247070312,0.14453125,0.928955078125,-5856.0,-9030.0,8367.0,-56.0,37.0,61.0,
1646392608531570196,-0.333801269531,0.0860595703125,0.147277832031,0.927062988281,-5984.0,-9268.0,8399.0,-43.0,35.0,55.0,
1646392608536388397,-0.336364746094,0.08935546875,0.149719238281,0.925415039062,-6103.0,-9340.0,8280.0,-33.0,33.0,51.0,
1646392608539750099,-0.338439941406,0.0925903320312,0.152221679688,0.923950195312,-6287.0,-9319.0,8256.0,-24.0,30.0,49.0,
1646392608544321537,-0.339965820312,0.0958251953125,0.15478515625,0.922607421875,-6425.0,-9213.0,8201.0,-19.0,28.0,50.0,
1646392608548867940,-0.341064453125,0.0989990234375,0.157348632812,0.921447753906,-6533.0,-9008.0,8156.0,-13.0,25.0,51.0,
1646392608556864261,-0.341918945312,0.10205078125,0.159973144531,0.920349121094,-6629.0,-8709.0,8116.0,-10.0,23.0,49.0,
1646392608561820745,-0.342529296875,0.10498046875,0.162475585938,0.919311523438,-6701.0,-8356.0,8071.0,-10.0,21.0,47.0,
1646392608569142103,-0.343139648438,0.107727050781,0.1650390625,0.918334960938,-6752.0,-7992.0,8027.0,-12.0,19.0,46.0,
