1646393971488206386,-0.408935546875,0.031982421875,0.028076171875,0.911560058594,-691.0,-5298.0,6118.0,-45.0,-54.0,16.0,
1646393971511265754,-0.4111328125,0.029296875,0.0303955078125,0.910583496094,-611.0,-5271.0,6040.0,-46.0,-53.0,17.0,
1646393971599956274,-0.413391113281,0.0266723632812,0.0327758789062,0.909545898438,-525.0,-5229.0,5948.0,-47.0,-53.0,17.0,
1646393971609493255,-0.415649414062,0.0241088867188,0.03515625,0.908508300781,-443.0,-5199.0,5867.0,-47.0,-52.0,18.0,
1646393971612496376,-0.41796875,0.021484375,0.0374755859375,0.907409667969,-369.0,-5182.0,5794.0,-48.0,-52.0,18.0,
1646393971619507551,-0.42041015625,0.0188598632812,0.0398559570312,0.90625,-303.0,-5190.0,5735.0,-49.0,-52.0,18.0,
1646393971620939731,-0.4228515625,0.0162353515625,0.042236328125,0.905029296875,-225.0,-5217.0,5677.0,-51.0,-52.0,18.0,
1646393971622431755,-0.425354003906,0.0136108398438,0.0446166992188,0.90380859375,-135.0,-5273.0,5617.0,-52.0,-53.0,19.0,
1646393971623766183,-0.427978515625,0.0109252929688,0.0469970703125,0.902465820312,-28.0,-5350.0,5578.0,-53.0,-52.0,19.0,
1646393971638596534,-0.4306640625,0.0081787109375,0.0493774414062,0.901123046875,84.0,-5449.0,5529.0,-53.0,-52.0,19.0,
1646393971645331859,-0.433288574219,0.0054931640625,0.0516967773438,0.899719238281,184.0,-5568.0,5507.0,-53.0,-52.0,19.0,
1646393971646624326,-0.435852050781,0.0028076171875,0.053955078125,0.898376464844,281.0,-5711.0,5495.0,-52.0,-51.0,18.0,
1646393971650200128,-0.438354492188,0.0001220703125,0.0562133789062,0.897033691406,382.0,-5866.0,5485.0,-50.0,-51.0,18.0,
1646393971651278018,-0.440734863281,-0.0025634765625,0.058349609375,0.895690917969,473.0,-6021.0,5480.0,-48.0,-50.0,18.0,
1646393971653393507,-0.442993164062,-0.005126953125,0.0604858398438,0.894409179688,553.0,-6163.0,5487.0,-46.0,-48.0,17.0,
1646393971654813289,-0.445068359375,-0.00762939453125,0.0625610351562,0.893249511719,611.0,-6306.0,5508.0,-42.0,-47.0,17.0,
1646393971656439781,-0.446960449219,-0.010009765625,0.0645751953125,0.892150878906,662.0,-6434.0,5508.0,-39.0,-45.0,17.0,
1646393971663799047,-0.448669433594,-0.0123291015625,0.0665283203125,0.89111328125,692.0,-6554.0,5490.0,-36.0,-44.0,16.0,
1646393971665846586,-0.450256347656,-0.0145263671875,0.068359375,0.89013671875,691.0,-6665.0,5460.0,-33.0,-42.0,16.0,
1646393971666847705,-0.451721191406,-0.0166015625,0.0701904296875,0.889221191406,675.0,-6752.0,5409.0,-30.0,-40.0,15.0,
1646393971667925834,-0.453063964844,-0.0185546875,0.0719604492188,0.888366699219,653.0,-6815.0,5349.0,-28.0,-39.0,15.0,
1646393971670548677,-0.454284667969,-0.0204467773438,0.0736083984375,0.887573242188,621.0,-6865.0,5276.0,-25.0,-37.0,14.0,
1646393971672393560,-0.455383300781,-0.022216796875,0.0752563476562,0.886840820312,578.0,-6906.0,5207.0,-23.0,-36.0,13.0,
1646393971674738407,-0.456359863281,-0.0239868164062,0.0768432617188,0.886108398438,530.0,-6943.0,5149.0,-21.0,-35.0,13.0,
1646393971676290988,-0.457275390625,-0.0256958007812,0.0784301757812,0.885498046875,473.0,-6984.0,5085.0,-19.0,-35.0,12.0,
1646393971677509784,-0.4580078125,-0.0274047851562,0.0799560546875,0.884887695312,413.0,-7042.0,5030.0,-16.0,-35.0,11.0,
1646393971678468465,-0.457336425781,-0.0374145507812,0.08935546875,0.883972167969,-237.0,-7647.0,4906.0,14.0,-28.0,6.0,
1646393971679414510,-0.440002441406,-0.0432739257812,0.101501464844,0.891174316406,-1739.0,-7441.0,4947.0,47.0,-27.0,10.0,
1646393971680367708,-0.437377929688,-0.0436401367188,0.103271484375,0.892272949219,-1862.0,-7363.0,4866.0,49.0,-28.0,11.0,
1646393971681190490,-0.434692382812,-0.0440063476562,0.10498046875,0.893371582031,-1983.0,-7281.0,4791.0,50.0,-28.0,11.0,
1646393971682073593,-0.431945800781,-0.0443725585938,0.106811523438,0.894409179688,-2104.0,-7190.0,4709.0,51.0,-28.0,12.0,
1646393971684197902,-0.42919921875,-0.044677734375,0.108703613281,0.8955078125,-2209.0,-7078.0,4623.0,52.0,-29.0,13.0,
1646393971685912370,-0.426391601562,-0.0449829101562,0.110595703125,0.896606445312,-2293.0,-6941.0,4540.0,52.0,-29.0,13.0,
1646393971686717510,-0.423706054688,-0.0452880859375,0.112487792969,0.897644042969,-2366.0,-6798.0,4484.0,50.0,-29.0,14.0,
1646393971688219308,-0.421081542969,-0.045654296875,0.114440917969,0.898559570312,-2430.0,-6661.0,4448.0,48.0,-30.0,14.0,
1646393971689218759,-0.418640136719,-0.046142578125,0.116394042969,0.899475097656,-2491.0,-6522.0,4433.0,45.0,-32.0,13.0,
1646393971690705060,-0.416381835938,-0.0466918945312,0.118408203125,0.900207519531,-2536.0,-6397.0,4406.0,41.0,-33.0,14.0,
1646393971691336393,-0.414367675781,-0.0473022460938,0.120422363281,0.90087890625,-2572.0,-6293.0,4415.0,35.0,-34.0,14.0,
1646393971691642761,-0.41259765625,-0.0479736328125,0.122497558594,0.9013671875,-2617.0,-6230.0,4447.0,30.0,-34.0,16.0,
1646393971693783760,-0.4111328125,-0.0486450195312,0.124633789062,0.901672363281,-2652.0,-6189.0,4486.0,26.0,-35.0,17.0,
1646393971694834947,-0.409790039062,-0.04931640625,0.126831054688,0.901977539062,-2679.0,-6166.0,4524.0,23.0,-35.0,18.0,
1646393971695463180,-0.408630371094,-0.0499877929688,0.129089355469,0.902099609375,-2716.0,-6142.0,4576.0,20.0,-34.0,19.0,
1646393971695761680,-0.407531738281,-0.050537109375,0.131469726562,0.902221679688,-2761.0,-6101.0,4646.0,19.0,-33.0,21.0,
1646393971696925401,-0.406433105469,-0.0509643554688,0.133911132812,0.90234375,-2803.0,-6052.0,4703.0,18.0,-33.0,23.0,
1646393971698027849,-0.405395507812,-0.0513305664062,0.136413574219,0.902404785156,-2846.0,-5977.0,4766.0,17.0,-33.0,25.0,
1646393971699043512,-0.404418945312,-0.0516967773438,0.139099121094,0.902465820312,-2885.0,-5878.0,4846.0,16.0,-33.0,27.0,
1646393971699468135,-0.403381347656,-0.0520629882812,0.141845703125,0.902465820312,-2907.0,-5762.0,4918.0,15.0,-34.0,28.0,
1646393971705005407,-0.402404785156,-0.052490234375,0.144714355469,0.902404785156,-2908.0,-5631.0,4986.0,13.0,-35.0,30.0,
1646393971709079265,-0.401428222656,-0.0529174804688,0.147705078125,0.90234375,-2879.0,-5508.0,5029.0,12.0,-36.0,32.0,
1646393971713178396,-0.400512695312,-0.0534057617188,0.150817871094,0.902221679688,-2844.0,-5409.0,5066.0,11.0,-37.0,34.0,
1646393971718113422,-0.399658203125,-0.0538940429688,0.153930664062,0.902038574219,-2788.0,-5345.0,5054.0,10.0,-37.0,35.0,
1646393971721403360,-0.398803710938,-0.054443359375,0.157104492188,0.901794433594,-2710.0,-5324.0,4975.0,10.0,-37.0,36.0,
1646393971731390953,-0.398071289062,-0.0549926757812,0.160217285156,0.901550292969,-2622.0,-5360.0,4907.0,11.0,-36.0,36.0,
1646393971736241340,-0.397277832031,-0.055419921875,0.163391113281,0.901306152344,-2525.0,-5465.0,4852.0,13.0,-35.0,38.0,
1646393971740962743,-0.396301269531,-0.0557861328125,0.166564941406,0.901123046875,-2401.0,-5641.0,4774.0,17.0,-34.0,39.0,
1646393971745449542,-0.395202636719,-0.0560302734375,0.169799804688,0.901000976562,-2255.0,-5867.0,4718.0,23.0,-32.0,40.0,
1646393971750234842,-0.393737792969,-0.0560913085938,0.173034667969,0.901062011719,-2091.0,-6089.0,4654.0,30.0,-29.0,42.0,
1646393971757662534,-0.391845703125,-0.0557861328125,0.176208496094,0.901245117188,-1928.0,-6253.0,4625.0,40.0,-25.0,44.0,
1646393971760229825,-0.389343261719,-0.0551147460938,0.179443359375,0.901733398438,-1800.0,-6368.0,4698.0,50.0,-20.0,46.0,
1646393971764298200,-0.386169433594,-0.053955078125,0.182739257812,0.902526855469,-1673.0,-6406.0,4765.0,62.0,-16.0,48.0,
1646393971768750190,-0.382385253906,-0.0524291992188,0.186096191406,0.903503417969,-1593.0,-6376.0,4860.0,73.0,-12.0,51.0,
1646393971789478302,-0.378051757812,-0.050537109375,0.189575195312,0.904724121094,-1559.0,-6283.0,5006.0,82.0,-8.0,53.0,
1646393971790581703,-0.373229980469,-0.0482788085938,0.193176269531,0.906127929688,-1549.0,-6138.0,5193.0,90.0,-6.0,56.0,
1646393971793614864,-0.367980957031,-0.0458374023438,0.197021484375,0.907531738281,-1541.0,-5966.0,5392.0,95.0,-6.0,59.0,
1646393971795518636,-0.362487792969,-0.0433349609375,0.200927734375,0.908996582031,-1532.0,-5778.0,5626.0,98.0,-6.0,62.0,
1646393971796983003,-0.356872558594,-0.040771484375,0.204956054688,0.910461425781,-1510.0,-5573.0,5861.0,99.0,-7.0,63.0,
1646393971798976421,-0.351196289062,-0.038330078125,0.209045410156,0.911865234375,-1453.0,-5358.0,6007.0,98.0,-8.0,65.0,
1646393971806546688,-0.345581054688,-0.0360107421875,0.213317871094,0.9130859375,-1376.0,-5193.0,6136.0,96.0,-10.0,67.0,
1646393971807454347,-0.340209960938,-0.0338745117188,0.217712402344,0.914123535156,-1262.0,-5116.0,6236.0,91.0,-12.0,69.0,
1646393971814450025,-0.335266113281,-0.031982421875,0.222229003906,0.914978027344,-1113.0,-5124.0,6310.0,84.0,-15.0,72.0,
1646393971820023298,-0.330810546875,-0.0303955078125,0.226806640625,0.91552734375,-929.0,-5169.0,6313.0,77.0,-16.0,74.0,
1646393971823595523,-0.32666015625,-0.0288696289062,0.231567382812,0.915832519531,-741.0,-5223.0,6331.0,73.0,-16.0,78.0,
1646393971828208208,-0.322631835938,-0.0272216796875,0.236450195312,0.916076660156,-573.0,-5261.0,6331.0,71.0,-14.0,81.0,
1646393971836594104,-0.318664550781,-0.0255126953125,0.241333007812,0.916259765625,-403.0,-5261.0,6331.0,70.0,-12.0,83.0,
1646393971844017505,-0.314697265625,-0.0237426757812,0.246154785156,0.916381835938,-239.0,-5208.0,6358.0,71.0,-11.0,82.0,
1646393971845421075,-0.310607910156,-0.02197265625,0.250854492188,0.916564941406,-100.0,-5084.0,6368.0,72.0,-9.0,80.0,
1646393971852600574,-0.306335449219,-0.02001953125,0.25537109375,0.916809082031,30.0,-4903.0,6401.0,73.0,-7.0,78.0,
1646393971854479789,-0.301940917969,-0.0180053710938,0.259765625,0.917053222656,163.0,-4637.0,6412.0,75.0,-5.0,76.0,
1646393971859689235,-0.297485351562,-0.0158081054688,0.263977050781,0.917358398438,298.0,-4340.0,6401.0,75.0,-2.0,75.0,
1646393971866442441,-0.293029785156,-0.0136108398438,0.268127441406,0.917602539062,434.0,-4050.0,6386.0,73.0,1.0,74.0,
1646393971868264675,-0.288757324219,-0.0112915039062,0.272094726562,0.917846679688,619.0,-3737.0,6190.0,71.0,3.0,72.0,
1646393971884855031,-0.284912109375,-0.009033203125,0.275939941406,0.917907714844,691.0,-3498.0,6234.0,65.0,6.0,71.0,
1646393971885513544,-0.281188964844,-0.0067138671875,0.279663085938,0.917907714844,753.0,-3353.0,6360.0,60.0,7.0,70.0,
1646393971886241674,-0.277648925781,-0.00445556640625,0.283386230469,0.917907714844,801.0,-3411.0,6505.0,58.0,8.0,69.0,
1646393971889457702,-0.274353027344,-0.00225830078125,0.286804199219,0.917846679688,813.0,-3664.0,6633.0,57.0,9.0,65.0,
1646393971911460638,-0.271484375,-0.0001220703125,0.289855957031,0.917724609375,757.0,-3969.0,6776.0,55.0,12.0,60.0,
1646393971912058115,-0.268798828125,0.002197265625,0.292602539062,0.917663574219,594.0,-4187.0,6945.0,54.0,16.0,55.0,
1646393971912489652,-0.266174316406,0.0048828125,0.295043945312,0.917602539062,389.0,-4238.0,6712.0,54.0,20.0,51.0,
1646393971912910938,-0.263854980469,0.0078125,0.297302246094,0.917541503906,-46.0,-4169.0,7198.0,53.0,24.0,48.0,
1646393971940003395,-0.260986328125,0.010986328125,0.299560546875,0.917602539062,-475.0,-4211.0,7674.0,53.0,22.0,45.0,
1646393971940628051,-0.258728027344,0.013427734375,0.301330566406,0.917602539062,-869.0,-4660.0,8088.0,41.0,15.0,36.0,
1646393971941121339,-0.257629394531,0.0147705078125,0.302490234375,0.917541503906,-1078.0,-5406.0,8381.0,27.0,6.0,23.0,
1646393971941528320,-0.257080078125,0.0151977539062,0.30322265625,0.917419433594,-1060.0,-6250.0,8587.0,24.0,0.0,15.0,
1646393971941964626,-0.256225585938,0.015380859375,0.303588867188,0.917541503906,-976.0,-6963.0,8819.0,32.0,0.0,12.0,
1646393971942407131,-0.254821777344,0.0156860351562,0.303649902344,0.917907714844,-897.0,-7407.0,9022.0,42.0,3.0,7.0,
1646393971946799278,-0.252807617188,0.0162353515625,0.303466796875,0.918518066406,-810.0,-7612.0,9166.0,50.0,3.0,3.0,
1646393971956319570,-0.250427246094,0.0167236328125,0.303161621094,0.919250488281,-781.0,-7647.0,9265.0,54.0,3.0,0.0,
1646393971956831693,-0.247802734375,0.0172729492188,0.302795410156,0.920104980469,-834.0,-7518.0,9446.0,55.0,1.0,-3.0,
1646393971961587905,-0.244995117188,0.0177001953125,0.302307128906,0.920959472656,-914.0,-7228.0,9485.0,52.0,-3.0,-7.0,
1646393971964573621,-0.242431640625,0.0178833007812,0.301879882812,0.921813964844,-962.0,-6813.0,9454.0,46.0,-6.0,-8.0,
1646393971969175815,-0.239990234375,0.0180053710938,0.301574707031,0.922546386719,-983.0,-6237.0,9397.0,40.0,-8.0,-7.0,
1646393971973588228,-0.237548828125,0.01806640625,0.301391601562,0.923217773438,-1057.0,-5531.0,9495.0,35.0,-9.0,-5.0,
1646393971978723526,-0.235412597656,0.017822265625,0.301330566406,0.923767089844,-1247.0,-4761.0,9503.0,22.0,-12.0,-6.0,
1646393971983122348,-0.234313964844,0.0172119140625,0.301208496094,0.924133300781,-1423.0,-4061.0,9222.0,1.0,-17.0,-10.0,
1646393971987723588,-0.234436035156,0.0157470703125,0.301086425781,0.924194335938,-1467.0,-3667.0,8838.0,-21.0,-24.0,-12.0,
1646393971994379520,-0.235717773438,0.0134887695312,0.301086425781,0.923889160156,-1447.0,-3579.0,8462.0,-38.0,-30.0,-9.0,
1646393971999016523,-0.23779296875,0.0107421875,0.30126953125,0.92333984375,-1443.0,-3682.0,8081.0,-48.0,-33.0,-7.0,
1646393972003530740,-0.240295410156,0.0079345703125,0.301391601562,0.922668457031,-1492.0,-3892.0,7729.0,-50.0,-32.0,-6.0,
1646393972008033990,-0.24267578125,0.0054931640625,0.301574707031,0.921997070312,-1562.0,-4116.0,7502.0,-44.0,-29.0,-5.0,
1646393972012615919,-0.244689941406,0.00335693359375,0.3017578125,0.921447753906,-1674.0,-4321.0,7297.0,-35.0,-26.0,-4.0,
1646393972019371032,-0.246276855469,0.00177001953125,0.301818847656,0.920959472656,-1797.0,-4432.0,7097.0,-27.0,-21.0,-5.0,
1646393972023938655,-0.247497558594,0.00054931640625,0.301696777344,0.920715332031,-2004.0,-4495.0,7019.0,-20.0,-17.0,-7.0,
1646393972028410911,-0.24853515625,-0.0003662109375,0.301391601562,0.920532226562,-2283.0,-4545.0,6905.0,-17.0,-15.0,-11.0,
1646393972033107280,-0.24951171875,-0.00115966796875,0.300903320312,0.92041015625,-2499.0,-4616.0,6740.0,-15.0,-15.0,-14.0,
1646393972039885282,-0.250305175781,-0.00189208984375,0.300354003906,0.920349121094,-2649.0,-4711.0,6654.0,-10.0,-14.0,-15.0,
1646393972044408798,-0.250671386719,-0.00238037109375,0.299621582031,0.920532226562,-2783.0,-4694.0,6569.0,-1.0,-12.0,-18.0,
1646393972049651861,-0.250549316406,-0.0025634765625,0.298583984375,0.920837402344,-2821.0,-4522.0,6519.0,7.0,-8.0,-22.0,
1646393972053641796,-0.25,-0.00262451171875,0.297607421875,0.921325683594,-2831.0,-4367.0,6527.0,11.0,-7.0,-21.0,
1646393972058038949,-0.249267578125,-0.002685546875,0.296875,0.921752929688,-2878.0,-4382.0,6524.0,12.0,-8.0,-18.0,
1646393972062782526,-0.248779296875,-0.0028076171875,0.296142578125,0.922119140625,-3007.0,-4534.0,6502.0,11.0,-8.0,-17.0,
1646393972067584037,-0.24853515625,-0.0028076171875,0.295227050781,0.922485351562,-3207.0,-4706.0,6466.0,11.0,-7.0,-19.0,
1646393972072297573,-0.248413085938,-0.002685546875,0.294189453125,0.9228515625,-3384.0,-4843.0,6457.0,12.0,-7.0,-22.0,
1646393972079069137,-0.248168945312,-0.00262451171875,0.293151855469,0.923278808594,-3459.0,-4927.0,6501.0,12.0,-7.0,-23.0,
1646393972083984851,-0.247863769531,-0.002685546875,0.292053222656,0.923706054688,-3462.0,-4992.0,6573.0,12.0,-8.0,-23.0,
1646393972088253021,-0.24755859375,-0.0029296875,0.290954589844,0.924133300781,-3441.0,-5062.0,6694.0,11.0,-9.0,-24.0,
1646393972092974185,-0.247131347656,-0.0032958984375,0.289794921875,0.924621582031,-3424.0,-5156.0,6855.0,12.0,-11.0,-25.0,
1646393972096125125,-0.246643066406,-0.0037841796875,0.28857421875,0.925109863281,-3404.0,-5273.0,7049.0,12.0,-12.0,-26.0,
1646393972107676744,-0.246032714844,-0.0042724609375,0.287292480469,0.925659179688,-3382.0,-5417.0,7337.0,14.0,-13.0,-27.0,
1646393972109047412,-0.245239257812,-0.0048828125,0.286010742188,0.92626953125,-3355.0,-5588.0,7677.0,17.0,-15.0,-28.0,
1646393972114581584,-0.244262695312,-0.00555419921875,0.28466796875,0.926940917969,-3348.0,-5755.0,8023.0,19.0,-16.0,-30.0,
1646393972118682384,-0.2431640625,-0.00634765625,0.283203125,0.927673339844,-3371.0,-5872.0,8343.0,20.0,-18.0,-31.0,
1646393972123892784,-0.242065429688,-0.0072021484375,0.28173828125,0.928405761719,-3408.0,-5868.0,8588.0,19.0,-20.0,-33.0,
1646393972192817211,-0.241027832031,-0.00830078125,0.2802734375,0.929077148438,-3444.0,-5716.0,8763.0,16.0,-23.0,-34.0,
1646393972200838804,-0.240234375,-0.00958251953125,0.27880859375,0.929748535156,-3479.0,-5433.0,8872.0,8.0,-26.0,-35.0,
1646393972206171751,-0.239807128906,-0.0112915039062,0.27734375,0.930236816406,-3515.0,-5088.0,8920.0,-3.0,-31.0,-36.0,
1646393972208899736,-0.239990234375,-0.0134887695312,0.276000976562,0.930603027344,-3569.0,-4761.0,8921.0,-17.0,-36.0,-37.0,
1646393972210101842,-0.240905761719,-0.0161743164062,0.274597167969,0.930725097656,-3629.0,-4517.0,8910.0,-32.0,-42.0,-39.0,
1646393972211152791,-0.242553710938,-0.0195922851562,0.273132324219,0.9306640625,-3666.0,-4393.0,8896.0,-46.0,-49.0,-41.0,
1646393972213320016,-0.244873046875,-0.0236206054688,0.271667480469,0.930419921875,-3640.0,-4390.0,8815.0,-59.0,-56.0,-43.0,
1646393972216207981,-0.247863769531,-0.0282592773438,0.270080566406,0.929931640625,-3534.0,-4503.0,8688.0,-69.0,-61.0,-45.0,
1646393972222809076,-0.251342773438,-0.033447265625,0.268432617188,0.929321289062,-3329.0,-4721.0,8555.0,-77.0,-65.0,-46.0,
1646393972224126100,-0.255187988281,-0.0391235351562,0.2666015625,0.928527832031,-3037.0,-5061.0,8400.0,-83.0,-68.0,-49.0,
1646393972232693672,-0.259338378906,-0.0452270507812,0.264587402344,0.927673339844,-2623.0,-5494.0,8259.0,-87.0,-71.0,-51.0,
1646393972233764410,-0.263732910156,-0.0517578125,0.262268066406,0.9267578125,-2133.0,-5942.0,8051.0,-89.0,-71.0,-55.0,
1646393972236549139,-0.268188476562,-0.0584106445312,0.259643554688,0.925842285156,-1698.0,-6344.0,7859.0,-89.0,-69.0,-59.0,
1646393972237972021,-0.2724609375,-0.0648803710938,0.256713867188,0.924987792969,-1321.0,-6671.0,7674.0,-86.0,-66.0,-63.0,
1646393972243477106,-0.276672363281,-0.0712280273438,0.253540039062,0.924133300781,-979.0,-6895.0,7466.0,-85.0,-63.0,-67.0,
1646393972244897603,-0.280822753906,-0.0775146484375,0.250122070312,0.923278808594,-633.0,-6962.0,7236.0,-85.0,-60.0,-70.0,
1646393972246629476,-0.284851074219,-0.0835571289062,0.24658203125,0.922546386719,-304.0,-6788.0,6976.0,-83.0,-57.0,-72.0,
1646393972247945070,-0.288635253906,-0.08935546875,0.242858886719,0.921752929688,-20.0,-6444.0,6706.0,-84.0,-52.0,-73.0,
1646393972249387979,-0.292602539062,-0.0950317382812,0.238952636719,0.920959472656,222.0,-6053.0,6480.0,-90.0,-49.0,-74.0,
1646393972249840021,-0.297058105469,-0.100708007812,0.23486328125,0.919982910156,426.0,-5584.0,6242.0,-100.0,-47.0,-75.0,
1646393972251690864,-0.302001953125,-0.106567382812,0.230712890625,0.918762207031,647.0,-5123.0,6010.0,-113.0,-47.0,-76.0,
1646393972252820491,-0.3076171875,-0.112731933594,0.226257324219,0.917297363281,881.0,-4755.0,5822.0,-126.0,-48.0,-78.0,
1646393972254119157,-0.313781738281,-0.119201660156,0.2216796875,0.91552734375,1118.0,-4517.0,5628.0,-137.0,-49.0,-79.0,
1646393972255364418,-0.320434570312,-0.125854492188,0.216979980469,0.913452148438,1400.0,-4427.0,5413.0,-146.0,-50.0,-80.0,
1646393972256077766,-0.327575683594,-0.132690429688,0.211975097656,0.9111328125,1705.0,-4490.0,5212.0,-153.0,-49.0,-82.0,
1646393972256716489,-0.3349609375,-0.139587402344,0.206665039062,0.908630371094,2027.0,-4656.0,5030.0,-157.0,-46.0,-85.0,
1646393972260502338,-0.342529296875,-0.146362304688,0.201049804688,0.905944824219,2348.0,-4857.0,4846.0,-158.0,-42.0,-88.0,
1646393972264731645,-0.35009765625,-0.152893066406,0.1953125,0.903259277344,2665.0,-5041.0,4647.0,-157.0,-37.0,-88.0,
1646393972269345521,-0.357482910156,-0.158935546875,0.189514160156,0.900573730469,2972.0,-5150.0,4473.0,-153.0,-30.0,-86.0,
1646393972276306629,-0.364624023438,-0.164489746094,0.183715820312,0.897888183594,3265.0,-5153.0,4342.0,-148.0,-23.0,-82.0,
1646393972284758090,-0.37158203125,-0.169555664062,0.177856445312,0.895263671875,3472.0,-5039.0,4343.0,-145.0,-15.0,-79.0,
1646393972290724515,-0.378356933594,-0.174072265625,0.172058105469,0.892700195312,3563.0,-4897.0,4403.0,-145.0,-9.0,-78.0,
1646393972295090198,-0.385131835938,-0.17822265625,0.166198730469,0.890075683594,3656.0,-4673.0,4558.0,-147.0,-7.0,-76.0,
1646393972302353620,-0.391906738281,-0.182189941406,0.160461425781,0.887390136719,3758.0,-4420.0,4705.0,-151.0,-5.0,-73.0,
1646393972304682493,-0.398864746094,-0.18603515625,0.154724121094,0.884460449219,3899.0,-4149.0,4852.0,-156.0,-4.0,-70.0,
