1646387574577562570,-0.129943847656,0.570983886719,0.408386230469,0.7001953125,-8921.0,5429.0,3927.0,-49.0,-54.0,-45.0,
1646387574583779335,-0.132080078125,0.56689453125,0.408996582031,0.702697753906,-8798.0,5505.0,4076.0,-54.0,-50.0,-49.0,
1646387574588436841,-0.134521484375,0.562744140625,0.40966796875,0.705200195312,-8690.0,5584.0,4201.0,-59.0,-50.0,-53.0,
1646387574592893600,-0.137145996094,0.558410644531,0.410400390625,0.707702636719,-8596.0,5646.0,4231.0,-64.0,-51.0,-56.0,
1646387574597263813,-0.140014648438,0.553955078125,0.411071777344,0.710266113281,-8500.0,5714.0,4255.0,-68.0,-53.0,-58.0,
1646387574604099035,-0.142944335938,0.549377441406,0.411804199219,0.712768554688,-8398.0,5730.0,4227.0,-70.0,-54.0,-60.0,
1646387574609392404,-0.14599609375,0.544677734375,0.412475585938,0.715393066406,-8331.0,5728.0,4179.0,-71.0,-57.0,-61.0,
1646387574612907171,-0.149108886719,0.539916992188,0.413024902344,0.718078613281,-8312.0,5697.0,4093.0,-72.0,-59.0,-64.0,
1646387574624286890,-0.152404785156,0.535339355469,0.413208007812,0.720642089844,-8275.0,5690.0,4011.0,-71.0,-54.0,-68.0,
1646387574625030517,-0.156005859375,0.53125,0.413024902344,0.723022460938,-8227.0,5697.0,3945.0,-68.0,-45.0,-74.0,
1646387574631786823,-0.15966796875,0.527404785156,0.412536621094,0.725341796875,-8195.0,5667.0,3855.0,-65.0,-39.0,-77.0,
1646387574632795572,-0.16357421875,0.523864746094,0.41162109375,0.7275390625,-8287.0,5504.0,3701.0,-63.0,-33.0,-82.0,
1646387574639447212,-0.167907714844,0.520751953125,0.410339355469,0.7294921875,-8330.0,5343.0,3522.0,-63.0,-26.0,-85.0,
1646387574644055843,-0.172668457031,0.517944335938,0.408630371094,0.731323242188,-8313.0,5129.0,3330.0,-61.0,-17.0,-91.0,
1646387574648817777,-0.177795410156,0.515502929688,0.406494140625,0.733032226562,-8240.0,4923.0,3169.0,-60.0,-9.0,-97.0,
1646387574653318643,-0.183166503906,0.51318359375,0.40380859375,0.734802246094,-8179.0,4747.0,3007.0,-57.0,-5.0,-106.0,
1646387574658125400,-0.188598632812,0.510986328125,0.400573730469,0.736694335938,-8133.0,4528.0,2889.0,-52.0,-2.0,-112.0,
1646387574675013065,-0.194213867188,0.509094238281,0.397033691406,0.738525390625,-7993.0,4321.0,2745.0,-49.0,5.0,-117.0,
1646387574675778865,-0.199829101562,0.507446289062,0.393249511719,0.740173339844,-7745.0,4118.0,2632.0,-47.0,10.0,-117.0,
1646387574688752174,-0.205139160156,0.505676269531,0.389465332031,0.741943359375,-7514.0,3886.0,2568.0,-43.0,7.0,-115.0,
1646387574690624475,-0.210083007812,0.50341796875,0.385559082031,0.744079589844,-7437.0,3603.0,2516.0,-38.0,-3.0,-118.0,
1646387574691944122,-0.214904785156,0.500854492188,0.38134765625,0.74658203125,-7500.0,3315.0,2469.0,-35.0,-11.0,-121.0,
1646387574694465637,-0.219665527344,0.498352050781,0.376953125,0.749145507812,-7618.0,3011.0,2442.0,-32.0,-12.0,-123.0,
1646387574696919918,-0.224670410156,0.496032714844,0.372314453125,0.751525878906,-7730.0,2685.0,2420.0,-31.0,-6.0,-124.0,
1646387574700581550,-0.229919433594,0.494201660156,0.367431640625,0.753540039062,-7826.0,2328.0,2409.0,-30.0,6.0,-125.0,
1646387574706020355,-0.235473632812,0.493041992188,0.3623046875,0.755065917969,-7959.0,2002.0,2462.0,-29.0,21.0,-123.0,
1646387574709437847,-0.241333007812,0.49267578125,0.356811523438,0.756103515625,-8002.0,1703.0,2515.0,-27.0,39.0,-124.0,
1646387574716962099,-0.247436523438,0.492980957031,0.351013183594,0.756591796875,-8002.0,1441.0,2525.0,-26.0,55.0,-124.0,
1646387574718931198,-0.253723144531,0.493957519531,0.344909667969,0.756713867188,-8014.0,1218.0,2501.0,-24.0,68.0,-125.0,
1646387574727484703,-0.260192871094,0.49560546875,0.338500976562,0.756286621094,-8008.0,998.0,2462.0,-22.0,83.0,-125.0,
1646387574732066869,-0.266906738281,0.497924804688,0.331726074219,0.755432128906,-7924.0,728.0,2427.0,-20.0,98.0,-125.0,
1646387574737254381,-0.27392578125,0.500793457031,0.324462890625,0.754211425781,-7761.0,434.0,2389.0,-18.0,112.0,-128.0,
1646387574740133047,-0.281127929688,0.50390625,0.31689453125,0.752685546875,-7571.0,141.0,2329.0,-17.0,122.0,-130.0,
1646387574744951248,-0.288452148438,0.50732421875,0.309143066406,0.750854492188,-7357.0,-153.0,2293.0,-16.0,128.0,-129.0,
1646387574750609874,-0.295715332031,0.510681152344,0.301330566406,0.748901367188,-7120.0,-437.0,2276.0,-17.0,132.0,-127.0,
1646387574755738735,-0.302978515625,0.513854980469,0.293701171875,0.746887207031,-6883.0,-672.0,2265.0,-18.0,129.0,-125.0,
1646387574758759498,-0.309997558594,0.5166015625,0.286376953125,0.744934082031,-6658.0,-857.0,2207.0,-21.0,122.0,-122.0,
1646387574764142751,-0.316711425781,0.518920898438,0.279479980469,0.743103027344,-6543.0,-976.0,2097.0,-22.0,111.0,-119.0,
1646387574768341302,-0.323120117188,0.520812988281,0.272888183594,0.741516113281,-6559.0,-1057.0,1938.0,-21.0,99.0,-117.0,
1646387574773027420,-0.329284667969,0.522399902344,0.266235351562,0.740112304688,-6643.0,-1156.0,1718.0,-18.0,91.0,-118.0,
1646387574783634662,-0.335205078125,0.523803710938,0.259338378906,0.738830566406,-6754.0,-1297.0,1487.0,-13.0,87.0,-121.0,
1646387574784273147,-0.341003417969,0.525207519531,0.252136230469,0.737731933594,-6905.0,-1499.0,1238.0,-7.0,85.0,-124.0,
1646387574789014339,-0.346740722656,0.526672363281,0.244384765625,0.736572265625,-7071.0,-1743.0,1004.0,-2.0,87.0,-128.0,
1646387574793922662,-0.3525390625,0.5283203125,0.236267089844,0.7353515625,-7159.0,-2003.0,769.0,2.0,92.0,-131.0,
1646387574799052476,-0.358337402344,0.530212402344,0.227661132812,0.73388671875,-7154.0,-2270.0,566.0,6.0,100.0,-133.0,
1646387574803002357,-0.364135742188,0.532348632812,0.218688964844,0.732177734375,-7085.0,-2548.0,393.0,10.0,107.0,-134.0,
1646387574807386875,-0.369750976562,0.53466796875,0.209533691406,0.730346679688,-6974.0,-2850.0,252.0,12.0,112.0,-132.0,
1646387574816441059,-0.375305175781,0.536987304688,0.200378417969,0.728393554688,-6821.0,-3112.0,131.0,13.0,114.0,-129.0,
1646387574820725440,-0.380676269531,0.539367675781,0.191345214844,0.726318359375,-6661.0,-3309.0,39.0,13.0,114.0,-126.0,
1646387574825987339,-0.3857421875,0.541748046875,0.182495117188,0.72412109375,-6457.0,-3449.0,-41.0,13.0,113.0,-120.0,
1646387574829242944,-0.390502929688,0.544189453125,0.174011230469,0.721801757812,-6192.0,-3525.0,-102.0,14.0,113.0,-113.0,
1646387574834633588,-0.394714355469,0.546630859375,0.165893554688,0.719604492188,-5936.0,-3535.0,-161.0,17.0,109.0,-106.0,
1646387574839261770,-0.3984375,0.548889160156,0.158142089844,0.717529296875,-5705.0,-3494.0,-231.0,21.0,102.0,-98.0,
1646387574843976259,-0.401489257812,0.551086425781,0.150756835938,0.715759277344,-5501.0,-3404.0,-301.0,26.0,94.0,-91.0,
1646387574848439455,-0.40380859375,0.553161621094,0.143676757812,0.714294433594,-5398.0,-3368.0,-396.0,33.0,86.0,-84.0,
1646387574853016853,-0.405700683594,0.55517578125,0.13671875,0.713073730469,-5310.0,-3305.0,-463.0,39.0,79.0,-79.0,
1646387574857441902,-0.406921386719,0.557067871094,0.1298828125,0.712158203125,-5251.0,-3264.0,-498.0,48.0,75.0,-75.0,
1646387574864155054,-0.40771484375,0.558898925781,0.122924804688,0.711486816406,-5264.0,-3305.0,-521.0,55.0,71.0,-73.0,
1646387574868845224,-0.408142089844,0.560668945312,0.115905761719,0.710998535156,-5260.0,-3393.0,-495.0,60.0,69.0,-70.0,
1646387574873531103,-0.408325195312,0.562377929688,0.109008789062,0.710632324219,-5248.0,-3544.0,-453.0,63.0,67.0,-66.0,
1646387574880818843,-0.408447265625,0.564025878906,0.102233886719,0.710327148438,-5306.0,-3666.0,-392.0,62.0,66.0,-63.0,
1646387574882427215,-0.408508300781,0.565612792969,0.095703125,0.709899902344,-5494.0,-3771.0,-307.0,60.0,65.0,-61.0,
1646387574889289617,-0.408569335938,0.567321777344,0.0892944335938,0.709350585938,-5691.0,-3874.0,-198.0,57.0,67.0,-61.0,
1646387574893887519,-0.408813476562,0.5693359375,0.0828857421875,0.708374023438,-5840.0,-3989.0,-98.0,52.0,76.0,-60.0,
1646387574898541212,-0.409362792969,0.571655273438,0.07666015625,0.706909179688,-5887.0,-4157.0,-4.0,44.0,83.0,-57.0,
1646387574903041362,-0.410400390625,0.573913574219,0.0706176757812,0.705078125,-5853.0,-4202.0,73.0,34.0,86.0,-57.0,
1646387574907411813,-0.411743164062,0.576049804688,0.06494140625,0.703063964844,-5822.0,-4213.0,94.0,25.0,84.0,-57.0,
1646387574912045717,-0.413208007812,0.578186035156,0.0599365234375,0.700927734375,-5676.0,-4187.0,49.0,18.0,81.0,-52.0,
1646387574918781280,-0.414794921875,0.580139160156,0.055419921875,0.69873046875,-5470.0,-4184.0,-26.0,11.0,75.0,-48.0,
1646387574923195123,-0.416381835938,0.581787109375,0.0515747070312,0.69677734375,-5343.0,-4205.0,-200.0,6.0,63.0,-42.0,
1646387574927994012,-0.417907714844,0.5830078125,0.0482788085938,0.695007324219,-5398.0,-4168.0,-411.0,5.0,51.0,-38.0,
1646387574940897941,-0.419189453125,0.583862304688,0.04541015625,0.693725585938,-5653.0,-4122.0,-581.0,7.0,38.0,-37.0,
1646387574942276239,-0.420227050781,0.584594726562,0.042724609375,0.692687988281,-5844.0,-4039.0,-662.0,9.0,33.0,-37.0,
1646387574947037220,-0.421081542969,0.585144042969,0.0401000976562,0.691833496094,-6009.0,-3994.0,-724.0,11.0,31.0,-36.0,
1646387574951511144,-0.421875,0.585693359375,0.0376586914062,0.691040039062,-6234.0,-3941.0,-778.0,11.0,28.0,-33.0,
1646387574955917835,-0.422546386719,0.586181640625,0.0352783203125,0.690368652344,-6575.0,-3921.0,-842.0,12.0,26.0,-34.0,
1646387574959476709,-0.423156738281,0.586853027344,0.0327758789062,0.689514160156,-6896.0,-3902.0,-894.0,13.0,30.0,-35.0,
1646387574963904619,-0.423645019531,0.587951660156,0.0299072265625,0.688415527344,-7034.0,-3926.0,-944.0,15.0,41.0,-35.0,
1646387574968621253,-0.424194335938,0.589538574219,0.0266723632812,0.686828613281,-6996.0,-3971.0,-997.0,16.0,53.0,-34.0,
1646387574973127126,-0.424865722656,0.591247558594,0.023193359375,0.68505859375,-6938.0,-4040.0,-1003.0,16.0,58.0,-33.0,
1646387574977506160,-0.425476074219,0.592895507812,0.0197143554688,0.683349609375,-6964.0,-4107.0,-962.0,16.0,57.0,-34.0,
1646387574982275724,-0.426147460938,0.594543457031,0.0162963867188,0.681640625,-6962.0,-4183.0,-916.0,14.0,59.0,-34.0,
1646387574989175796,-0.426940917969,0.596374511719,0.0128784179688,0.679626464844,-6847.0,-4257.0,-850.0,11.0,63.0,-34.0,
1646387574993620157,-0.427917480469,0.59814453125,0.009521484375,0.677490234375,-6745.0,-4349.0,-757.0,6.0,64.0,-33.0,
1646387575000785350,-0.429138183594,0.599853515625,0.00634765625,0.675231933594,-6701.0,-4422.0,-670.0,1.0,64.0,-33.0,
1646387575005690813,-0.430541992188,0.6015625,0.00341796875,0.672790527344,-6499.0,-4465.0,-660.0,-5.0,65.0,-33.0,
1646387575009238958,-0.43212890625,0.603393554688,0.00091552734375,0.670166015625,-6121.0,-4442.0,-789.0,-12.0,64.0,-28.0,
1646387575013712882,-0.433898925781,0.604797363281,-0.0010986328125,0.667724609375,-6180.0,-4502.0,-905.0,-16.0,50.0,-26.0,
1646387575018178701,-0.435485839844,0.605773925781,-0.00262451171875,0.665832519531,-6402.0,-4465.0,-971.0,-14.0,37.0,-26.0,
1646387575022632360,-0.436889648438,0.606811523438,-0.00421142578125,0.664001464844,-6540.0,-4477.0,-1037.0,-12.0,40.0,-28.0,
1646387575027312278,-0.438171386719,0.608154296875,-0.00616455078125,0.661865234375,-6521.0,-4445.0,-1112.0,-9.0,48.0,-28.0,
1646387575036179542,-0.439453125,0.609619140625,-0.00836181640625,0.65966796875,-6501.0,-4456.0,-1193.0,-7.0,52.0,-29.0,
1646387575042337417,-0.440673828125,0.611083984375,-0.0106811523438,0.657409667969,-6518.0,-4491.0,-1242.0,-6.0,53.0,-28.0,
1646387575047060251,-0.441833496094,0.612609863281,-0.0130004882812,0.655151367188,-6589.0,-4513.0,-1268.0,-5.0,54.0,-28.0,
1646387575051553964,-0.442993164062,0.614196777344,-0.0154418945312,0.65283203125,-6633.0,-4532.0,-1299.0,-4.0,56.0,-29.0,
1646387575056114435,-0.444152832031,0.615844726562,-0.0181274414062,0.650451660156,-6619.0,-4598.0,-1329.0,-3.0,61.0,-31.0,
1646387575059500455,-0.4453125,0.617614746094,-0.0209350585938,0.647888183594,-6546.0,-4665.0,-1327.0,-3.0,63.0,-30.0,
1646387575064618825,-0.446472167969,0.619262695312,-0.0237426757812,0.645446777344,-6498.0,-4741.0,-1326.0,-3.0,61.0,-30.0,
1646387575068662881,-0.447631835938,0.620666503906,-0.0263061523438,0.643127441406,-6455.0,-4798.0,-1316.0,-4.0,56.0,-29.0,
1646387575073245525,-0.448791503906,0.621948242188,-0.0286865234375,0.640991210938,-6417.0,-4858.0,-1315.0,-5.0,52.0,-29.0,
1646387575077904224,-0.450012207031,0.622985839844,-0.0308227539062,0.639038085938,-6376.0,-4894.0,-1339.0,-6.0,46.0,-28.0,
1646387575082359790,-0.451171875,0.623901367188,-0.0327758789062,0.63720703125,-6321.0,-4918.0,-1434.0,-7.0,42.0,-26.0,
1646387575089393138,-0.452209472656,0.624816894531,-0.0345458984375,0.635498046875,-6319.0,-4957.0,-1465.0,-6.0,38.0,-23.0,
1646387575093760728,-0.453186035156,0.62548828125,-0.0360717773438,0.634094238281,-6477.0,-5033.0,-1452.0,-5.0,32.0,-22.0,
1646387575099449872,-0.453918457031,0.626159667969,-0.0374145507812,0.6328125,-6557.0,-5027.0,-1399.0,-5.0,31.0,-20.0,
1646387575102963685,-0.454650878906,0.626831054688,-0.0387573242188,0.631530761719,-6625.0,-5013.0,-1319.0,-6.0,31.0,-20.0,
1646387575107428789,-0.455444335938,0.627502441406,-0.0399780273438,0.630249023438,-6595.0,-4940.0,-1249.0,-7.0,31.0,-20.0,
1646387575114268302,-0.456420898438,0.627868652344,-0.041259765625,0.629028320312,-6660.0,-4921.0,-1195.0,-8.0,27.0,-24.0,
1646387575119102478,-0.45751953125,0.628112792969,-0.0425415039062,0.6279296875,-6713.0,-4924.0,-1126.0,-9.0,25.0,-27.0,
1646387575123858690,-0.458740234375,0.628295898438,-0.0438842773438,0.626770019531,-6747.0,-4938.0,-1054.0,-10.0,26.0,-29.0,
1646387575128368854,-0.460021972656,0.62841796875,-0.04541015625,0.625549316406,-6687.0,-4893.0,-988.0,-10.0,27.0,-32.0,
1646387575132749080,-0.461608886719,0.628295898438,-0.0469360351562,0.624450683594,-6593.0,-4937.0,-957.0,-11.0,23.0,-36.0,
1646387575144431591,-0.465148925781,0.627624511719,-0.0499877929688,0.622192382812,-6274.0,-5042.0,-932.0,-15.0,18.0,-37.0,
1646387575149196624,-0.467224121094,0.626831054688,-0.0510864257812,0.621398925781,-6191.0,-5099.0,-971.0,-17.0,9.0,-38.0,
1646387575153702974,-0.46923828125,0.6259765625,-0.052001953125,0.620666503906,-6019.0,-5110.0,-1019.0,-18.0,5.0,-37.0,
1646387575159011602,-0.471313476562,0.625,-0.0527954101562,0.620056152344,-5926.0,-5185.0,-1064.0,-19.0,1.0,-37.0,
1646387575163196325,-0.473388671875,0.623779296875,-0.053466796875,0.61962890625,-5935.0,-5265.0,-1128.0,-19.0,-4.0,-36.0,
1646387575167354583,-0.475524902344,0.622619628906,-0.053955078125,0.619140625,-5949.0,-5390.0,-1179.0,-21.0,-4.0,-35.0,
1646387575174859762,-0.477661132812,0.621643066406,-0.054443359375,0.618347167969,-5867.0,-5489.0,-1237.0,-24.0,1.0,-34.0,
1646387575179524183,-0.479858398438,0.620849609375,-0.054931640625,0.617431640625,-5739.0,-5540.0,-1334.0,-26.0,3.0,-32.0,
1646387575183461189,-0.481994628906,0.620239257812,-0.0553588867188,0.616333007812,-5574.0,-5598.0,-1433.0,-27.0,5.0,-29.0,
1646387575188105106,-0.484130859375,0.619750976562,-0.0556030273438,0.615173339844,-5411.0,-5644.0,-1559.0,-28.0,5.0,-26.0,
1646387575192537069,-0.486083984375,0.619262695312,-0.0557250976562,0.614074707031,-5264.0,-5652.0,-1742.0,-27.0,3.0,-22.0,
1646387575197164297,-0.487915039062,0.618835449219,-0.0556640625,0.613037109375,-5117.0,-5634.0,-1996.0,-26.0,0.0,-19.0,
1646387575204949855,-0.489562988281,0.618530273438,-0.0556030273438,0.612060546875,-5016.0,-5606.0,-2131.0,-22.0,-1.0,-16.0,
1646387575209511518,-0.490905761719,0.618225097656,-0.0556030273438,0.611328125,-4836.0,-5606.0,-2214.0,-17.0,-1.0,-14.0,
1646387575213187932,-0.491943359375,0.617919921875,-0.0556640625,0.610778808594,-4611.0,-5628.0,-2215.0,-14.0,-2.0,-10.0,
1646387575218717813,-0.492736816406,0.617431640625,-0.0554809570312,0.610595703125,-4575.0,-5595.0,-2107.0,-10.0,-8.0,-4.0,
1646387575223529100,-0.493286132812,0.616760253906,-0.054931640625,0.610900878906,-4569.0,-5580.0,-2003.0,-9.0,-15.0,-2.0,
1646387575231434345,-0.493591308594,0.616577148438,-0.0543212890625,0.610900878906,-4743.0,-5525.0,-1884.0,-11.0,-7.0,4.0,
1646387575236048221,-0.494018554688,0.617004394531,-0.053955078125,0.610107421875,-4456.0,-5327.0,-1879.0,-18.0,10.0,1.0,
1646387575244512319,-0.494567871094,0.617858886719,-0.053955078125,0.60888671875,-4145.0,-5219.0,-1876.0,-16.0,18.0,3.0,
1646387575247049570,-0.494873046875,0.618347167969,-0.0538330078125,0.608154296875,-3912.0,-5000.0,-1883.0,-11.0,8.0,7.0,
1646387575251134157,-0.494934082031,0.618225097656,-0.0530395507812,0.608276367188,-3916.0,-4788.0,-2037.0,-7.0,-12.0,10.0,
1646387575256144285,-0.494750976562,0.617736816406,-0.0518798828125,0.609008789062,-4199.0,-4819.0,-2163.0,0.0,-26.0,9.0,
1646387575261864900,-0.494262695312,0.616943359375,-0.0509033203125,0.610290527344,-4561.0,-5109.0,-2093.0,8.0,-30.0,8.0,
1646387575266020298,-0.493591308594,0.616149902344,-0.0501098632812,0.611694335938,-4748.0,-5238.0,-2004.0,8.0,-27.0,10.0,
1646387575270675897,-0.493103027344,0.615417480469,-0.04931640625,0.612915039062,-4922.0,-5246.0,-1969.0,4.0,-25.0,9.0,
1646387575275570631,-0.49267578125,0.614929199219,-0.0482788085938,0.613830566406,-5110.0,-5287.0,-1941.0,1.0,-21.0,10.0,
1646387575280079603,-0.492248535156,0.614685058594,-0.0473022460938,0.614440917969,-5237.0,-5325.0,-1859.0,-2.0,-16.0,11.0,
1646387575285658359,-0.492004394531,0.614562988281,-0.0464477539062,0.614868164062,-5363.0,-5332.0,-1793.0,-4.0,-11.0,10.0,
1646387575293198108,-0.491882324219,0.614501953125,-0.0457763671875,0.615051269531,-5471.0,-5307.0,-1718.0,-7.0,-7.0,7.0,
1646387575296537876,-0.491943359375,0.614562988281,-0.045166015625,0.614990234375,-5569.0,-5245.0,-1639.0,-8.0,-2.0,4.0,
1646387575303311586,-0.492004394531,0.614685058594,-0.0446166992188,0.614868164062,-5658.0,-5173.0,-1538.0,-10.0,0.0,3.0,
1646387575305335044,-0.492004394531,0.614990234375,-0.0438842773438,0.614624023438,-5603.0,-5082.0,-1462.0,-12.0,3.0,6.0,
1646387575310111045,-0.491882324219,0.615478515625,-0.0430908203125,0.6142578125,-5548.0,-5029.0,-1427.0,-13.0,3.0,11.0,
1646387575315290451,-0.49169921875,0.616088867188,-0.0419311523438,0.613952636719,-5524.0,-5047.0,-1423.0,-15.0,1.0,18.0,
1646387575342768907,-0.491394042969,0.616760253906,-0.0403442382812,0.613586425781,-5464.0,-5053.0,-1445.0,-18.0,-1.0,24.0,
1646387575346256494,-0.491149902344,0.617431640625,-0.0383911132812,0.613220214844,-5385.0,-5035.0,-1491.0,-22.0,-5.0,28.0,
1646387575355273485,-0.491027832031,0.617980957031,-0.035888671875,0.612915039062,-5403.0,-5025.0,-1582.0,-27.0,-12.0,31.0,
1646387575368407249,-0.490905761719,0.618408203125,-0.0328979492188,0.612731933594,-5414.0,-5013.0,-1705.0,-31.0,-19.0,34.0,
1646387575376231908,-0.490783691406,0.618774414062,-0.0296020507812,0.612609863281,-5421.0,-5021.0,-1843.0,-33.0,-23.0,38.0,
1646387575384838342,-0.490295410156,0.61962890625,-0.0222778320312,0.612487792969,-5755.0,-5285.0,-2125.0,-34.0,-28.0,44.0,
1646387575389552116,-0.489074707031,0.621337890625,-0.0147094726562,0.611938476562,-5927.0,-5487.0,-2372.0,-37.0,-17.0,55.0,
1646387575394909858,-0.488403320312,0.622741699219,-0.0105590820312,0.611145019531,-5859.0,-5560.0,-2515.0,-40.0,-16.0,62.0,
1646387575401914119,-0.487609863281,0.624206542969,-0.00604248046875,0.6103515625,-5928.0,-5613.0,-2647.0,-43.0,-18.0,69.0,
1646387575415722131,-0.486694335938,0.625671386719,-0.001220703125,0.609558105469,-6060.0,-5723.0,-2816.0,-46.0,-20.0,71.0,
1646387575425705194,-0.48583984375,0.627380371094,0.00372314453125,0.608581542969,-6123.0,-5840.0,-2996.0,-48.0,-17.0,74.0,
1646387575431066036,-0.485107421875,0.629211425781,0.00860595703125,0.607177734375,-6092.0,-5923.0,-3193.0,-52.0,-12.0,75.0,
1646387575439119577,-0.484497070312,0.631103515625,0.013671875,0.605590820312,-6060.0,-5991.0,-3347.0,-56.0,-12.0,77.0,
1646387575441219329,-0.483947753906,0.632751464844,0.0189819335938,0.604187011719,-6036.0,-6010.0,-3481.0,-58.0,-18.0,78.0,
1646387575445837974,-0.483276367188,0.634216308594,0.0245971679688,0.602966308594,-6001.0,-6021.0,-3530.0,-59.0,-25.0,79.0,
1646387575446382522,-0.482666015625,0.635314941406,0.0305786132812,0.601989746094,-5968.0,-6043.0,-3513.0,-62.0,-32.0,80.0,
1646387575446783542,-0.482116699219,0.636108398438,0.0369262695312,0.601257324219,-5983.0,-5989.0,-3440.0,-66.0,-41.0,81.0,
1646387575448248624,-0.481567382812,0.636474609375,0.0438842773438,0.600830078125,-5990.0,-5853.0,-3375.0,-70.0,-51.0,83.0,
1646387575450831413,-0.480895996094,0.636596679688,0.051513671875,0.600646972656,-5955.0,-5667.0,-3280.0,-74.0,-61.0,86.0,
1646387575453933477,-0.480041503906,0.636352539062,0.0598754882812,0.600769042969,-5925.0,-5502.0,-3161.0,-78.0,-72.0,92.0,
1646387575455520153,-0.47900390625,0.635864257812,0.0689086914062,0.601196289062,-5984.0,-5394.0,-3015.0,-81.0,-85.0,98.0,
1646387575462635278,-0.477722167969,0.635009765625,0.0787353515625,0.601928710938,-6086.0,-5290.0,-2841.0,-86.0,-95.0,106.0,
1646387575463950872,-0.476257324219,0.633972167969,0.0892944335938,0.602661132812,-6188.0,-5172.0,-2661.0,-93.0,-103.0,113.0,
1646387575464450120,-0.474914550781,0.632690429688,0.1005859375,0.603332519531,-6277.0,-5005.0,-2483.0,-102.0,-109.0,117.0,
1646387575464898347,-0.473571777344,0.631103515625,0.112426757812,0.603881835938,-6398.0,-4770.0,-2256.0,-110.0,-115.0,119.0,
1646387575465306043,-0.472351074219,0.629211425781,0.124816894531,0.604431152344,-6610.0,-4469.0,-2012.0,-117.0,-120.0,119.0,
1646387575465709924,-0.47119140625,0.626892089844,0.137573242188,0.605041503906,-6978.0,-4086.0,-1806.0,-122.0,-125.0,116.0,
1646387575466690778,-0.470092773438,0.624328613281,0.150207519531,0.60546875,-7400.0,-3630.0,-1724.0,-122.0,-125.0,109.0,
1646387575470085859,-0.469116210938,0.622009277344,0.162170410156,0.605529785156,-7701.0,-3231.0,-1574.0,-118.0,-115.0,101.0,
1646387575475173711,-0.468200683594,0.619995117188,0.173217773438,0.605224609375,-7925.0,-2978.0,-1457.0,-112.0,-99.0,93.0,
1646387575483500003,-0.4677734375,0.617980957031,0.183227539062,0.604736328125,-8278.0,-2761.0,-1413.0,-107.0,-89.0,83.0,
1646387575486304759,-0.467651367188,0.616088867188,0.192199707031,0.603942871094,-8824.0,-2483.0,-1410.0,-102.0,-76.0,70.0,
1646387575488572597,-0.467834472656,0.614807128906,0.199951171875,0.602600097656,-9367.0,-2151.0,-1443.0,-94.0,-55.0,57.0,
1646387575495305776,-0.468383789062,0.6142578125,0.206176757812,0.600646972656,-9734.0,-1898.0,-1498.0,-84.0,-28.0,44.0,
1646387575500777482,-0.469299316406,0.614440917969,0.210571289062,0.59814453125,-9898.0,-1788.0,-1585.0,-71.0,-2.0,31.0,
1646387575504650354,-0.470703125,0.615051269531,0.213439941406,0.595397949219,-10010.0,-1787.0,-1732.0,-60.0,17.0,19.0,
1646387575509529829,-0.472534179688,0.616027832031,0.21484375,0.592468261719,-10207.0,-1795.0,-1860.0,-50.0,33.0,7.0,
1646387575513175249,-0.474609375,0.617492675781,0.215087890625,0.589172363281,-10315.0,-1724.0,-1975.0,-42.0,52.0,-2.0,
1646387575517792701,-0.476867675781,0.619750976562,0.21435546875,0.585266113281,-10222.0,-1728.0,-2077.0,-35.0,74.0,-8.0,
1646387575525819540,-0.479431152344,0.622436523438,0.212585449219,0.580932617188,-9917.0,-1717.0,-2148.0,-30.0,92.0,-12.0,
1646387575529157876,-0.481994628906,0.62548828125,0.210205078125,0.576354980469,-9539.0,-1797.0,-2163.0,-25.0,100.0,-13.0,
1646387575533763647,-0.484436035156,0.62841796875,0.207702636719,0.572021484375,-9088.0,-1847.0,-2153.0,-22.0,99.0,-12.0,
1646387575540899276,-0.486633300781,0.631042480469,0.205322265625,0.568115234375,-8661.0,-1824.0,-2180.0,-18.0,90.0,-11.0,
1646387575543115615,-0.488403320312,0.633483886719,0.203186035156,0.564636230469,-8352.0,-1868.0,-2232.0,-14.0,79.0,-9.0,
1646387575549302577,-0.489807128906,0.6357421875,0.201293945312,0.5615234375,-8042.0,-1948.0,-2295.0,-10.0,71.0,-4.0,
1646387575553771495,-0.490966796875,0.637939453125,0.199401855469,0.558715820312,-7759.0,-2061.0,-2363.0,-7.0,65.0,-2.0,
1646387575558504819,-0.491943359375,0.639953613281,0.197631835938,0.556213378906,-7589.0,-2183.0,-2419.0,-4.0,59.0,0.0,
1646387575563074827,-0.492736816406,0.641784667969,0.195983886719,0.553955078125,-7549.0,-2281.0,-2491.0,-3.0,54.0,0.0,
1646387575567545413,-0.493530273438,0.6435546875,0.1943359375,0.5517578125,-7517.0,-2321.0,-2559.0,-2.0,54.0,-1.0,
1646387575574278116,-0.494323730469,0.645446777344,0.192565917969,0.549499511719,-7426.0,-2375.0,-2638.0,-1.0,56.0,-2.0,
1646387575578854084,-0.495178222656,0.647277832031,0.190551757812,0.547302246094,-7286.0,-2452.0,-2681.0,1.0,56.0,-4.0,
1646387575583328723,-0.496032714844,0.64892578125,0.188537597656,0.545227050781,-7153.0,-2527.0,-2709.0,1.0,53.0,-5.0,
1646387575587767601,-0.496826171875,0.650390625,0.186645507812,0.543395996094,-6985.0,-2558.0,-2718.0,1.0,48.0,-6.0,
1646387575595559120,-0.49755859375,0.651611328125,0.18505859375,0.541748046875,-6807.0,-2571.0,-2723.0,0.0,42.0,-6.0,
1646387575599045515,-0.498229980469,0.652587890625,0.183776855469,0.540466308594,-6622.0,-2606.0,-2717.0,-1.0,33.0,-4.0,
1646387575603693485,-0.498718261719,0.6533203125,0.182983398438,0.539367675781,-6504.0,-2763.0,-2599.0,-3.0,24.0,-1.0,
1646387575608358144,-0.499145507812,0.653625488281,0.182678222656,0.538696289062,-6531.0,-2952.0,-2592.0,-9.0,13.0,2.0,
1646387575614163398,-0.499755859375,0.653564453125,0.182922363281,0.5380859375,-6422.0,-2886.0,-2706.0,-16.0,6.0,3.0,
1646387575621381521,-0.500244140625,0.653686523438,0.183776855469,0.537231445312,-6167.0,-2786.0,-2770.0,-20.0,1.0,8.0,
1646387575624363660,-0.500427246094,0.65380859375,0.185119628906,0.536437988281,-5963.0,-2845.0,-2819.0,-22.0,-6.0,15.0,
1646387575629133462,-0.500549316406,0.653381347656,0.187072753906,0.536193847656,-5932.0,-3009.0,-2871.0,-27.0,-21.0,18.0,
1646387575633295536,-0.500671386719,0.652404785156,0.189819335938,0.536254882812,-6078.0,-3090.0,-2935.0,-35.0,-35.0,21.0,
1646387575645672798,-0.500854492188,0.651062011719,0.193359375,0.536437988281,-6380.0,-3022.0,-3040.0,-44.0,-44.0,22.0,
1646387575648143768,-0.501159667969,0.649719238281,0.197387695312,0.536376953125,-6773.0,-2894.0,-3140.0,-51.0,-46.0,21.0,
1646387575651690244,-0.501708984375,0.648376464844,0.201477050781,0.535949707031,-7165.0,-2769.0,-3234.0,-56.0,-40.0,19.0,
1646387575657421827,-0.502563476562,0.647216796875,0.205444335938,0.535095214844,-7509.0,-2652.0,-3347.0,-60.0,-32.0,15.0,
1646387575661895990,-0.503723144531,0.646118164062,0.209167480469,0.533874511719,-7821.0,-2490.0,-3433.0,-62.0,-25.0,13.0,
1646387575666847229,-0.504943847656,0.645263671875,0.212707519531,0.532287597656,-8282.0,-2325.0,-3509.0,-63.0,-17.0,11.0,
1646387575671121597,-0.506286621094,0.644775390625,0.215942382812,0.530334472656,-8787.0,-2170.0,-3583.0,-62.0,-6.0,11.0,
1646387575675756454,-0.507690429688,0.644958496094,0.218627929688,0.527648925781,-9065.0,-2001.0,-3621.0,-60.0,14.0,12.0,
1646387575679284334,-0.509216308594,0.64599609375,0.220458984375,0.524108886719,-9104.0,-1853.0,-3589.0,-56.0,37.0,14.0,
1646387575683775186,-0.510681152344,0.647766113281,0.221557617188,0.520141601562,-9007.0,-1730.0,-3515.0,-50.0,54.0,17.0,
1646387575688150882,-0.512023925781,0.649841308594,0.222045898438,0.515930175781,-8824.0,-1613.0,-3441.0,-44.0,64.0,18.0,
1646387575692497730,-0.513244628906,0.652160644531,0.222229003906,0.511657714844,-8578.0,-1563.0,-3380.0,-39.0,68.0,19.0,
1646387575700708866,-0.514404296875,0.654479980469,0.222229003906,0.507568359375,-8293.0,-1567.0,-3321.0,-35.0,66.0,20.0,
1646387575704009532,-0.515380859375,0.656616210938,0.22216796875,0.503784179688,-8006.0,-1595.0,-3247.0,-32.0,63.0,20.0,
1646387575708750486,-0.516357421875,0.658630371094,0.222045898438,0.500244140625,-7714.0,-1619.0,-3126.0,-30.0,58.0,18.0,
1646387575713165760,-0.517272949219,0.660400390625,0.221984863281,0.497009277344,-7396.0,-1605.0,-3075.0,-29.0,54.0,17.0,
1646387575717927694,-0.518127441406,0.661926269531,0.222045898438,0.494018554688,-7079.0,-1515.0,-3002.0,-28.0,47.0,15.0,
1646387575725666999,-0.518737792969,0.663269042969,0.222412109375,0.491394042969,-6774.0,-1442.0,-2974.0,-27.0,38.0,15.0,
1646387575729207754,-0.519165039062,0.664306640625,0.222961425781,0.4892578125,-6482.0,-1390.0,-2988.0,-23.0,27.0,15.0,
1646387575733690023,-0.519348144531,0.665161132812,0.223571777344,0.487609863281,-6172.0,-1371.0,-3014.0,-19.0,17.0,16.0,
1646387575738160133,-0.519348144531,0.665832519531,0.224243164062,0.486450195312,-5910.0,-1365.0,-3010.0,-15.0,8.0,16.0,
1646387575742740392,-0.51904296875,0.666198730469,0.22509765625,0.48583984375,-5688.0,-1337.0,-3010.0,-11.0,-2.0,16.0,
1646387575752995252,-0.5185546875,0.666381835938,0.22607421875,0.485656738281,-5525.0,-1258.0,-3003.0,-8.0,-11.0,15.0,
1646387575758826732,-0.517883300781,0.666320800781,0.227172851562,0.485961914062,-5438.0,-1171.0,-2999.0,-3.0,-18.0,14.0,
1646387575762287616,-0.516967773438,0.666198730469,0.228149414062,0.486633300781,-5413.0,-1138.0,-3005.0,2.0,-23.0,12.0,
1646387575766822099,-0.516052246094,0.665832519531,0.22900390625,0.487731933594,-5431.0,-1164.0,-3005.0,7.0,-27.0,8.0,
1646387575771180868,-0.515197753906,0.665222167969,0.229614257812,0.489196777344,-5458.0,-1204.0,-3012.0,10.0,-31.0,3.0,
1646387575775877237,-0.514404296875,0.664367675781,0.230041503906,0.490905761719,-5473.0,-1226.0,-3002.0,12.0,-34.0,-1.0,
1646387575779287338,-0.513671875,0.663330078125,0.230407714844,0.492919921875,-5470.0,-1217.0,-3025.0,14.0,-38.0,-6.0,
1646387575783957004,-0.512878417969,0.662109375,0.230834960938,0.495239257812,-5469.0,-1218.0,-3072.0,17.0,-44.0,-8.0,
1646387575788861036,-0.512023925781,0.660766601562,0.231262207031,0.497680664062,-5571.0,-1267.0,-3111.0,18.0,-48.0,-8.0,
1646387575793383598,-0.511047363281,0.659362792969,0.231872558594,0.500244140625,-5824.0,-1341.0,-3168.0,17.0,-50.0,-6.0,
1646387575798577070,-0.510009765625,0.658203125,0.232604980469,0.50244140625,-6105.0,-1379.0,-3230.0,14.0,-46.0,-1.0,
1646387575806824684,-0.509033203125,0.657409667969,0.2333984375,0.504150390625,-6312.0,-1380.0,-3310.0,11.0,-36.0,3.0,
1646387575809284210,-0.508056640625,0.6572265625,0.233947753906,0.505126953125,-6945.0,-1688.0,-2770.0,10.0,-23.0,8.0,
1646387575814760923,-0.507019042969,0.657409667969,0.234191894531,0.505798339844,-7204.0,-2026.0,-2351.0,7.0,3.0,15.0,
1646387575819199085,-0.507202148438,0.658325195312,0.23388671875,0.504516601562,-7285.0,-2036.0,-1895.0,-11.0,37.0,14.0,
1646387575823555231,-0.507629394531,0.660339355469,0.2333984375,0.501708984375,-7268.0,-2117.0,-1450.0,-18.0,66.0,19.0,
1646387575831115007,-0.508361816406,0.662719726562,0.233093261719,0.497924804688,-5974.0,-1868.0,-3169.0,-30.0,79.0,27.0,
1646387575836352348,-0.509948730469,0.665405273438,0.233642578125,0.492431640625,-3057.0,-804.0,-3119.0,-47.0,38.0,33.0,
1646387575839640617,-0.508850097656,0.665710449219,0.237243652344,0.491516113281,-4581.0,-1012.0,-3159.0,-27.0,-52.0,38.0,
1646387575844039678,-0.506225585938,0.661560058594,0.242614746094,0.497131347656,-6480.0,-1638.0,-3780.0,-8.0,-142.0,13.0,
1646387575849940061,-0.504943847656,0.658569335938,0.246154785156,0.500732421875,-7215.0,-1486.0,-4166.0,-12.0,-98.0,9.0,
1646387575855653524,-0.504089355469,0.657470703125,0.248291015625,0.501892089844,-7532.0,-865.0,-4332.0,-8.0,-48.0,7.0,
1646387575861781358,-0.503173828125,0.657836914062,0.249267578125,0.501831054688,-7874.0,-747.0,-4509.0,6.0,-14.0,5.0,
1646387575865345954,-0.502380371094,0.659057617188,0.248840332031,0.501281738281,-7658.0,-1052.0,-4604.0,14.0,11.0,10.0,
1646387575870572805,-0.502075195312,0.660339355469,0.247863769531,0.500366210938,-7651.0,-1250.0,-4792.0,10.0,18.0,15.0,
1646387575875386953,-0.501647949219,0.661254882812,0.247314453125,0.499938964844,-7827.0,-1307.0,-4879.0,10.0,5.0,12.0,
1646387575879417181,-0.501037597656,0.661865234375,0.246826171875,0.499938964844,-7947.0,-1371.0,-4861.0,13.0,0.0,7.0,
1646387575883573770,-0.50048828125,0.662170410156,0.246215820312,0.500427246094,-7988.0,-1397.0,-4829.0,16.0,-5.0,1.0,
1646387575896101951,-0.499938964844,0.662170410156,0.24560546875,0.501220703125,-7984.0,-1371.0,-4700.0,18.0,-11.0,-3.0,
1646387575897151708,-0.499267578125,0.661926269531,0.245178222656,0.502380371094,-8008.0,-1322.0,-4535.0,19.0,-17.0,-4.0,
1646387575900394916,-0.498413085938,0.661560058594,0.244995117188,0.503845214844,-8031.0,-1280.0,-4341.0,20.0,-22.0,-4.0,
1646387575904176235,-0.49755859375,0.661010742188,0.244812011719,0.505493164062,-8048.0,-1247.0,-4092.0,21.0,-24.0,-5.0,
1646387575909559011,-0.496704101562,0.660339355469,0.24462890625,0.50732421875,-8101.0,-1300.0,-3865.0,21.0,-27.0,-8.0,
1646387575913729190,-0.495971679688,0.659362792969,0.244262695312,0.509399414062,-8124.0,-1375.0,-3643.0,21.0,-28.0,-11.0,
1646387575922086477,-0.495483398438,0.658325195312,0.243896484375,0.511474609375,-8134.0,-1431.0,-3426.0,20.0,-28.0,-15.0,
1646387575926503181,-0.4951171875,0.657043457031,0.243591308594,0.513549804688,-8115.0,-1448.0,-3224.0,17.0,-28.0,-18.0,
1646387575932861328,-0.494934082031,0.65576171875,0.243347167969,0.515502929688,-8022.0,-1444.0,-3029.0,14.0,-28.0,-20.0,
1646387575933512210,-0.494934082031,0.654296875,0.243103027344,0.517517089844,-7958.0,-1471.0,-2809.0,12.0,-29.0,-22.0,
1646387575938812494,-0.494934082031,0.652648925781,0.242919921875,0.519653320312,-7984.0,-1492.0,-2708.0,11.0,-32.0,-25.0,
1646387575946017503,-0.4951171875,0.650939941406,0.242553710938,0.521789550781,-7833.0,-1389.0,-2637.0,11.0,-31.0,-28.0,
1646387575951601505,-0.49560546875,0.649108886719,0.242004394531,0.523864746094,-7744.0,-1214.0,-2484.0,12.0,-31.0,-36.0,
1646387575967501640,-0.496154785156,0.646850585938,0.241271972656,0.526428222656,-7945.0,-1100.0,-2303.0,15.0,-35.0,-47.0,
1646387575968072652,-0.498657226562,0.641784667969,0.23828125,0.531555175781,-8249.0,-983.0,-1845.0,13.0,-16.0,-67.0,
1646387575981981992,-0.500610351562,0.639343261719,0.236083984375,0.53369140625,-8083.0,-870.0,-1697.0,13.0,-11.0,-74.0,
1646387575983106136,-0.502380371094,0.636596679688,0.233703613281,0.536315917969,-8416.0,-645.0,-1592.0,21.0,-20.0,-79.0,
1646387575985308885,-0.503662109375,0.63330078125,0.231201171875,0.540161132812,-8488.0,-263.0,-1641.0,35.0,-35.0,-90.0,
1646387575986766338,-0.504760742188,0.63037109375,0.227600097656,0.544006347656,-8984.0,-129.0,-1510.0,52.0,-29.0,-97.0,
1646387575988683700,-0.505920410156,0.627197265625,0.222778320312,0.548583984375,-9403.0,-187.0,-1410.0,67.0,-21.0,-113.0,
1646387575994478702,-0.507568359375,0.624328613281,0.216552734375,0.552795410156,-9641.0,-246.0,-1372.0,74.0,-2.0,-123.0,
1646387576001900434,-0.509826660156,0.621765136719,0.209228515625,0.556518554688,-9711.0,-236.0,-1375.0,76.0,16.0,-134.0,
1646387576006976604,-0.51220703125,0.619567871094,0.201171875,0.559692382812,-9643.0,-232.0,-1364.0,81.0,29.0,-139.0,
1646387576011326551,-0.514587402344,0.617553710938,0.192687988281,0.562744140625,-9431.0,-322.0,-1508.0,84.0,35.0,-141.0,
1646387576014824867,-0.516967773438,0.61572265625,0.183776855469,0.565551757812,-9040.0,-449.0,-1656.0,88.0,39.0,-139.0,
1646387576019593954,-0.519165039062,0.613952636719,0.174621582031,0.568359375,-8600.0,-851.0,-1741.0,92.0,38.0,-137.0,
1646387576024039506,-0.521240234375,0.611755371094,0.165771484375,0.571411132812,-8204.0,-1457.0,-1817.0,88.0,29.0,-129.0,
1646387576032879352,-0.523132324219,0.609191894531,0.157958984375,0.574645996094,-7783.0,-2011.0,-1893.0,79.0,14.0,-117.0,
1646387576036249876,-0.52490234375,0.606323242188,0.151428222656,0.577819824219,-7365.0,-2529.0,-1955.0,67.0,0.0,-105.0,
1646387576040689229,-0.526550292969,0.603210449219,0.146179199219,0.580871582031,-6992.0,-2996.0,-1988.0,52.0,-13.0,-91.0,
1646387576044410228,-0.528198242188,0.599731445312,0.142333984375,0.583984375,-6827.0,-3458.0,-2004.0,38.0,-29.0,-81.0,
1646387576048470020,-0.52978515625,0.595886230469,0.139831542969,0.587036132812,-6693.0,-3819.0,-1908.0,24.0,-43.0,-70.0,
1646387576053539276,-0.53125,0.591735839844,0.138610839844,0.590148925781,-6648.0,-4049.0,-1985.0,11.0,-55.0,-61.0,
1646387576062140226,-0.532958984375,0.58740234375,0.138244628906,0.593078613281,-6923.0,-4250.0,-2057.0,1.0,-65.0,-59.0,
1646387576065929651,-0.534729003906,0.582885742188,0.138549804688,0.595886230469,-7192.0,-4383.0,-2176.0,-7.0,-70.0,-58.0,
1646387576072884321,-0.536254882812,0.578674316406,0.139099121094,0.598449707031,-7466.0,-4308.0,-2266.0,-8.0,-68.0,-52.0,
1646387576078344106,-0.537292480469,0.575073242188,0.139831542969,0.600891113281,-7792.0,-4146.0,-2379.0,-3.0,-64.0,-44.0,
1646387576082905292,-0.537780761719,0.571960449219,0.140380859375,0.603210449219,-8094.0,-3990.0,-2422.0,6.0,-57.0,-40.0,
1646387576087767839,-0.537841796875,0.569763183594,0.140258789062,0.605285644531,-8521.0,-3956.0,-2348.0,16.0,-41.0,-35.0,
1646387576091937303,-0.537780761719,0.568115234375,0.139221191406,0.607116699219,-8835.0,-3965.0,-2340.0,23.0,-22.0,-37.0,
1646387576097045898,-0.537780761719,0.567260742188,0.137268066406,0.608337402344,-8750.0,-3994.0,-2314.0,27.0,-1.0,-37.0,
1646387576102991580,-0.537780761719,0.567138671875,0.134643554688,0.609130859375,-8394.0,-4120.0,-2247.0,31.0,14.0,-32.0,
1646387576106429338,-0.53759765625,0.566955566406,0.131652832031,0.610046386719,-7988.0,-4263.0,-2255.0,36.0,14.0,-30.0,
1646387576192832231,-0.537231445312,0.566650390625,0.128845214844,0.611267089844,-7688.0,-4392.0,-2271.0,40.0,7.0,-25.0,
1646387576245295524,-0.536376953125,0.56640625,0.126403808594,0.61279296875,-7457.0,-4608.0,-2303.0,44.0,1.0,-18.0,
1646387576283039093,-0.535095214844,0.566345214844,0.124267578125,0.614379882812,-7060.0,-4790.0,-2311.0,46.0,-2.0,-8.0,
1646387576349324226,-0.533569335938,0.56640625,0.122497558594,0.615966796875,-6580.0,-4983.0,-2269.0,46.0,-6.0,1.0,
1646387576354149580,-0.531860351562,0.566223144531,0.121215820312,0.617858886719,-6150.0,-5130.0,-2296.0,43.0,-15.0,9.0,
1646387576363074541,-0.529968261719,0.565979003906,0.120727539062,0.619812011719,-5782.0,-5326.0,-2375.0,40.0,-26.0,17.0,
1646387576369489669,-0.527770996094,0.565795898438,0.121154785156,0.621765136719,-5302.0,-5421.0,-2452.0,35.0,-35.0,32.0,
1646387576371733903,-0.525268554688,0.565490722656,0.12255859375,0.623962402344,-4922.0,-5439.0,-2504.0,32.0,-48.0,44.0,
1646387576377889394,-0.522216796875,0.565002441406,0.125,0.62646484375,-4907.0,-5401.0,-2526.0,30.0,-63.0,56.0,
1646387576381230354,-0.518859863281,0.564208984375,0.128173828125,0.629211425781,-5225.0,-5241.0,-2553.0,28.0,-73.0,58.0,
1646387576381985187,-0.515441894531,0.563537597656,0.131530761719,0.631958007812,-5599.0,-4998.0,-2605.0,28.0,-72.0,55.0,
1646387576382402896,-0.511962890625,0.563232421875,0.134582519531,0.634399414062,-5797.0,-4812.0,-2632.0,30.0,-64.0,53.0,
1646387576383165121,-0.508544921875,0.563110351562,0.137268066406,0.63671875,-5873.0,-4790.0,-2604.0,33.0,-58.0,53.0,
1646387576383794546,-0.505126953125,0.562927246094,0.1396484375,0.639038085938,-5918.0,-4822.0,-2547.0,34.0,-56.0,53.0,
1646387576384380817,-0.501831054688,0.562561035156,0.142150878906,0.641418457031,-5950.0,-4809.0,-2450.0,31.0,-59.0,52.0,
1646387576385252952,-0.498596191406,0.562072753906,0.145080566406,0.643737792969,-5824.0,-4782.0,-2314.0,26.0,-61.0,55.0,
1646387576385526895,-0.495300292969,0.561340332031,0.148498535156,0.646118164062,-5536.0,-4789.0,-2150.0,20.0,-69.0,60.0,
1646387576386608362,-0.491943359375,0.560180664062,0.152526855469,0.648742675781,-5524.0,-4828.0,-1809.0,17.0,-81.0,67.0,
1646387576387044429,-0.488220214844,0.558410644531,0.157958984375,0.651794433594,-4618.0,-4503.0,-1627.0,7.0,-98.0,76.0,
1646387576387601613,-0.484436035156,0.555786132812,0.164489746094,0.655212402344,-4629.0,-4374.0,-1312.0,0.0,-124.0,84.0,
1646387576388440370,-0.480102539062,0.551879882812,0.172424316406,0.65966796875,-5582.0,-4302.0,-1170.0,-3.0,-155.0,85.0,
1646387576388709545,-0.475891113281,0.548095703125,0.180480957031,0.663696289062,-6567.0,-4039.0,-1093.0,-8.0,-151.0,79.0,
1646387576389642715,-0.47216796875,0.545349121094,0.187622070312,0.666625976562,-7477.0,-3725.0,-1004.0,-9.0,-123.0,69.0,
1646387576389885663,-0.46923828125,0.543640136719,0.192932128906,0.668579101562,-8280.0,-3492.0,-900.0,-6.0,-86.0,52.0,
1646387576390981912,-0.466857910156,0.548828125,0.195190429688,0.665283203125,-8146.0,-3731.0,-465.0,-2.0,47.0,4.0,
1646387576391743898,-0.460998535156,0.566650390625,0.230346679688,0.642883300781,-4860.0,-3103.0,-2359.0,-12.0,-71.0,82.0,
1646387576392335653,-0.453491210938,0.564392089844,0.243103027344,0.6455078125,-5214.0,-3071.0,-1623.0,-12.0,-102.0,95.0,
1646387576392562627,-0.445556640625,0.559814453125,0.258056640625,0.649169921875,-6922.0,-2866.0,-1780.0,-26.0,-116.0,88.0,
1646387576393112421,-0.442138671875,0.558471679688,0.265075683594,0.649841308594,-7157.0,-2469.0,-1575.0,-28.0,-93.0,83.0,
1646387576393578529,-0.438842773438,0.557250976562,0.271606445312,0.650451660156,-7392.0,-2222.0,-1279.0,-26.0,-81.0,80.0,
1646387576394161462,-0.435913085938,0.5556640625,0.277648925781,0.651184082031,-7834.0,-2068.0,-1196.0,-27.0,-80.0,70.0,
1646387576394865989,-0.433532714844,0.553955078125,0.283081054688,0.65185546875,-8240.0,-2061.0,-1078.0,-27.0,-77.0,59.0,
1646387576395131349,-0.431457519531,0.552673339844,0.287841796875,0.652282714844,-8044.0,-2220.0,-795.0,-23.0,-63.0,55.0,
1646387576396806478,-0.429504394531,0.551513671875,0.292358398438,0.652526855469,-7562.0,-2347.0,-415.0,-24.0,-55.0,61.0,
1646387576401428699,-0.427307128906,0.549743652344,0.297546386719,0.653137207031,-7173.0,-2169.0,-1.0,-30.0,-66.0,67.0,
1646387576405967712,-0.424560546875,0.547424316406,0.3037109375,0.654113769531,-6795.0,-1871.0,468.0,-33.0,-83.0,69.0,
1646387576410685539,-0.421020507812,0.544494628906,0.310668945312,0.655517578125,-6211.0,-1639.0,941.0,-32.0,-99.0,75.0,
1646387576414005041,-0.416748046875,0.540954589844,0.318420410156,0.657409667969,-5557.0,-1492.0,1440.0,-31.0,-118.0,85.0,
1646387576418475151,-0.411743164062,0.536499023438,0.326843261719,0.66015625,-5463.0,-1416.0,1933.0,-29.0,-142.0,91.0,
1646387576423205614,-0.406188964844,0.531311035156,0.335632324219,0.663269042969,-6091.0,-1233.0,2270.0,-27.0,-157.0,92.0,
1646387576430941104,-0.400817871094,0.526733398438,0.344055175781,0.665954589844,-6714.0,-960.0,2466.0,-25.0,-148.0,87.0,
1646387576435512304,-0.39599609375,0.523193359375,0.351440429688,0.667724609375,-7036.0,-785.0,2631.0,-23.0,-122.0,80.0,
1646387576438879728,-0.391662597656,0.52001953125,0.357971191406,0.669311523438,-7344.0,-794.0,2830.0,-19.0,-107.0,72.0,
1646387576443558931,-0.3876953125,0.516479492188,0.363891601562,0.671203613281,-7948.0,-850.0,2969.0,-17.0,-107.0,63.0,
1646387576448327779,-0.383972167969,0.512634277344,0.369323730469,0.673278808594,-8719.0,-816.0,2989.0,-17.0,-110.0,52.0,
1646387576456150531,-0.380615234375,0.509033203125,0.374267578125,0.675170898438,-9433.0,-666.0,2960.0,-16.0,-105.0,43.0,
1646387576460643053,-0.377563476562,0.505859375,0.378540039062,0.676940917969,-10117.0,-554.0,2934.0,-13.0,-95.0,34.0,
1646387576467324495,-0.374816894531,0.5029296875,0.382141113281,0.678588867188,-10738.0,-528.0,2821.0,-9.0,-86.0,27.0,
1646387576471961021,-0.372497558594,0.500366210938,0.385009765625,0.68017578125,-11309.0,-601.0,2692.0,-6.0,-78.0,20.0,
1646387576476851701,-0.370727539062,0.498107910156,0.387145996094,0.681518554688,-11748.0,-765.0,2576.0,-4.0,-66.0,12.0,
1646387576481578350,-0.36962890625,0.496276855469,0.388549804688,0.682678222656,-12025.0,-940.0,2519.0,-5.0,-51.0,5.0,
1646387576486026525,-0.369201660156,0.494506835938,0.389465332031,0.683654785156,-12208.0,-1070.0,2475.0,-8.0,-40.0,-2.0,
1646387576490519046,-0.369323730469,0.492858886719,0.390014648438,0.684448242188,-12323.0,-1100.0,2439.0,-11.0,-32.0,-11.0,
1646387576493987560,-0.369873046875,0.491394042969,0.390014648438,0.685180664062,-12292.0,-1066.0,2424.0,-12.0,-23.0,-20.0,
1646387576499087572,-0.370849609375,0.490234375,0.389465332031,0.685791015625,-12085.0,-1033.0,2446.0,-11.0,-12.0,-28.0,
1646387576506527662,-0.372131347656,0.489196777344,0.388488769531,0.686462402344,-11747.0,-1041.0,2485.0,-10.0,-4.0,-34.0,
1646387576511057853,-0.37353515625,0.488159179688,0.38720703125,0.687133789062,-11366.0,-1083.0,2516.0,-9.0,-1.0,-38.0,
1646387576515516519,-0.375,0.486938476562,0.385803222656,0.68798828125,-10995.0,-1143.0,2518.0,-8.0,-2.0,-41.0,
1646387576519004344,-0.376525878906,0.485595703125,0.384399414062,0.688903808594,-10631.0,-1202.0,2529.0,-10.0,-4.0,-42.0,
1646387576523570537,-0.378051757812,0.484008789062,0.382995605469,0.68994140625,-10299.0,-1264.0,2532.0,-10.0,-6.0,-44.0,
1646387576531466960,-0.379638671875,0.482238769531,0.381713867188,0.691040039062,-9993.0,-1311.0,2490.0,-12.0,-9.0,-45.0,
1646387576536054849,-0.381286621094,0.48046875,0.380493164062,0.692016601562,-9730.0,-1360.0,2413.0,-14.0,-11.0,-44.0,
1646387576540470123,-0.382934570312,0.478759765625,0.379333496094,0.692993164062,-9504.0,-1408.0,2326.0,-15.0,-11.0,-42.0,
1646387576543978691,-0.384521484375,0.47705078125,0.378295898438,0.693786621094,-9322.0,-1449.0,2213.0,-16.0,-11.0,-40.0,
1646387576548460960,-0.386169433594,0.475463867188,0.377502441406,0.694458007812,-9219.0,-1481.0,2113.0,-18.0,-11.0,-35.0,
1646387576556433439,-0.387634277344,0.47412109375,0.376953125,0.69482421875,-9188.0,-1481.0,2010.0,-18.0,-9.0,-30.0,
1646387576561005592,-0.389099121094,0.473205566406,0.37646484375,0.694946289062,-9185.0,-1435.0,1897.0,-18.0,-3.0,-24.0,
1646387576565737247,-0.390502929688,0.472900390625,0.3759765625,0.694641113281,-9182.0,-1379.0,1779.0,-16.0,6.0,-19.0,
1646387576569810152,-0.391906738281,0.47314453125,0.375305175781,0.693969726562,-9150.0,-1339.0,1658.0,-14.0,16.0,-16.0,
1646387576575439691,-0.393432617188,0.473937988281,0.374450683594,0.693054199219,-9105.0,-1330.0,1542.0,-12.0,26.0,-13.0,
1646387576580266237,-0.39501953125,0.475158691406,0.373474121094,0.69189453125,-9039.0,-1365.0,1450.0,-11.0,33.0,-11.0,
1646387576584845542,-0.396728515625,0.476684570312,0.372314453125,0.6904296875,-8938.0,-1405.0,1372.0,-10.0,42.0,-9.0,
1646387576589269876,-0.398620605469,0.478576660156,0.371032714844,0.688720703125,-8822.0,-1429.0,1353.0,-11.0,49.0,-8.0,
1646387576593815565,-0.400573730469,0.480529785156,0.369689941406,0.686950683594,-8716.0,-1451.0,1404.0,-12.0,54.0,-7.0,
1646387576598302364,-0.402709960938,0.482543945312,0.368408203125,0.684997558594,-8590.0,-1482.0,1612.0,-15.0,58.0,-7.0,
1646387576606646537,-0.404968261719,0.484252929688,0.367309570312,0.683044433594,-8377.0,-1562.0,1607.0,-21.0,60.0,-7.0,
1646387576621290922,-0.407531738281,0.485900878906,0.366149902344,0.680969238281,-8359.0,-1653.0,1574.0,-24.0,57.0,-8.0,
1646387576621978998,-0.410034179688,0.487426757812,0.364929199219,0.679016113281,-8574.0,-1629.0,1560.0,-22.0,55.0,-11.0,
1646387576622821569,-0.41259765625,0.489624023438,0.363525390625,0.676635742188,-8755.0,-1642.0,1615.0,-21.0,66.0,-10.0,
1646387576634456872,-0.415588378906,0.492797851562,0.361755371094,0.673400878906,-8625.0,-1702.0,1663.0,-22.0,90.0,-5.0,
1646387576635085105,-0.4189453125,0.496459960938,0.359802246094,0.669677734375,-8250.0,-1685.0,1693.0,-26.0,106.0,-1.0,
1646387576635860204,-0.422180175781,0.5,0.358276367188,0.665771484375,-7927.0,-1669.0,1671.0,-30.0,103.0,5.0,
1646387576643310785,-0.425048828125,0.503234863281,0.357543945312,0.661926269531,-7770.0,-1669.0,1624.0,-33.0,90.0,14.0,
1646387576647975206,-0.427490234375,0.506225585938,0.357421875,0.658142089844,-7693.0,-1672.0,1560.0,-36.0,80.0,21.0,
1646387576653033733,-0.429748535156,0.509094238281,0.357666015625,0.654357910156,-7655.0,-1705.0,1476.0,-37.0,75.0,27.0,
1646387576656123876,-0.431884765625,0.511840820312,0.358215332031,0.650451660156,-7597.0,-1672.0,1362.0,-39.0,71.0,31.0,
1646387576662866353,-0.433776855469,0.514526367188,0.358947753906,0.646667480469,-7552.0,-1633.0,1193.0,-39.0,65.0,32.0,
1646387576665493488,-0.435546875,0.517028808594,0.359802246094,0.643005371094,-7575.0,-1606.0,1041.0,-37.0,60.0,34.0,
1646387576669918060,-0.437072753906,0.51953125,0.360778808594,0.639404296875,-7669.0,-1590.0,896.0,-35.0,57.0,36.0,
1646387576676625490,-0.438598632812,0.522277832031,0.361572265625,0.635681152344,-7806.0,-1609.0,759.0,-34.0,61.0,37.0,
1646387576682878017,-0.440246582031,0.525207519531,0.362121582031,0.631713867188,-7904.0,-1628.0,618.0,-33.0,68.0,36.0,
1646387576685259103,-0.442138671875,0.528503417969,0.362426757812,0.627502441406,-7923.0,-1627.0,477.0,-33.0,77.0,37.0,
1646387576689319133,-0.444030761719,0.532287597656,0.362609863281,0.622863769531,-7899.0,-1617.0,332.0,-32.0,85.0,40.0,
1646387576694743156,-0.445861816406,0.536499023438,0.362670898438,0.617858886719,-7872.0,-1660.0,217.0,-31.0,94.0,45.0,
1646387576705121755,-0.44775390625,0.541198730469,0.362487792969,0.612426757812,-7820.0,-1678.0,129.0,-30.0,105.0,50.0,
1646387576708993196,-0.449768066406,0.54638671875,0.362182617188,0.606567382812,-7680.0,-1705.0,78.0,-30.0,116.0,54.0,
1646387576710818290,-0.451843261719,0.551818847656,0.361755371094,0.600341796875,-7448.0,-1729.0,41.0,-31.0,124.0,58.0,
1646387576718123435,-0.453735351562,0.557312011719,0.361572265625,0.593933105469,-7147.0,-1656.0,-48.0,-32.0,124.0,63.0,
1646387576730956554,-0.455261230469,0.562622070312,0.361633300781,0.587646484375,-6842.0,-1563.0,-149.0,-31.0,116.0,65.0,
1646387576763341903,-0.45654296875,0.567810058594,0.361938476562,0.581481933594,-6510.0,-1490.0,-275.0,-31.0,110.0,67.0,
1646387576766341447,-0.457763671875,0.572875976562,0.362243652344,0.575317382812,-6163.0,-1458.0,-308.0,-31.0,107.0,67.0,
1646387576793006658,-0.459167480469,0.577575683594,0.362548828125,0.569274902344,-5844.0,-1506.0,-284.0,-35.0,106.0,64.0,
1646387576794284105,-0.4609375,0.581665039062,0.363159179688,0.563293457031,-5567.0,-1662.0,-256.0,-44.0,101.0,60.0,
1646387576794798135,-0.462890625,0.584899902344,0.364318847656,0.557495117188,-5259.0,-1816.0,-247.0,-55.0,88.0,58.0,
1646387576798098802,-0.465087890625,0.587097167969,0.366394042969,0.552001953125,-4919.0,-1880.0,-246.0,-69.0,70.0,56.0,
1646387576799508810,-0.467163085938,0.588073730469,0.369506835938,0.547119140625,-4716.0,-1861.0,-241.0,-82.0,45.0,52.0,
1646387576803123474,-0.469055175781,0.587890625,0.373657226562,0.542846679688,-4671.0,-1756.0,-298.0,-92.0,20.0,49.0,
1646387576804106473,-0.470886230469,0.586853027344,0.378601074219,0.539001464844,-4738.0,-1563.0,-372.0,-101.0,0.0,44.0,
1646387576805648326,-0.472595214844,0.585144042969,0.384155273438,0.535339355469,-4879.0,-1336.0,-442.0,-108.0,-13.0,42.0,
1646387576807311773,-0.474243164062,0.582946777344,0.390319824219,0.531860351562,-5063.0,-1058.0,-537.0,-114.0,-24.0,42.0,
1646387576810714483,-0.476989746094,0.578186035156,0.402893066406,0.525207519531,-5584.0,-313.0,-784.0,-111.0,-32.0,39.0,
1646387576811579704,-0.47802734375,0.576049804688,0.408874511719,0.521911621094,-5808.0,81.0,-927.0,-105.0,-29.0,38.0,
1646387576812077283,-0.478942871094,0.574096679688,0.414489746094,0.518798828125,-5951.0,479.0,-1147.0,-97.0,-29.0,35.0,
1646387576812516927,-0.479431152344,0.572326660156,0.419677734375,0.51611328125,-6038.0,849.0,-1380.0,-85.0,-34.0,32.0,
1646387576813013553,-0.479370117188,0.570617675781,0.42431640625,0.514343261719,-6037.0,1123.0,-1617.0,-68.0,-42.0,27.0,
1646387576813493251,-0.478820800781,0.568969726562,0.428161621094,0.513488769531,-5965.0,1428.0,-1762.0,-49.0,-50.0,20.0,
1646387576814716339,-0.4775390625,0.567138671875,0.431701660156,0.513671875,-5725.0,1792.0,-1602.0,-33.0,-62.0,14.0,
1646387576818964719,-0.475830078125,0.564636230469,0.435485839844,0.514831542969,-5169.0,2090.0,-1243.0,-28.0,-75.0,5.0,
1646387576823569774,-0.473388671875,0.560241699219,0.440185546875,0.517822265625,-5281.0,2107.0,-879.0,-30.0,-116.0,-8.0,
1646387576831706047,-0.470397949219,0.55322265625,0.446105957031,0.523071289062,-5910.0,2210.0,-1163.0,-39.0,-170.0,-24.0,
1646387576836555004,-0.46728515625,0.546081542969,0.451477050781,0.528747558594,-6604.0,2243.0,-1424.0,-31.0,-186.0,-33.0,
1646387576840818643,-0.464111328125,0.539123535156,0.455627441406,0.534973144531,-6960.0,2071.0,-1462.0,-14.0,-182.0,-45.0,
1646387576844035148,-0.461120605469,0.532348632812,0.458862304688,0.541625976562,-7393.0,1893.0,-1410.0,-3.0,-172.0,-51.0,
1646387576848670959,-0.458374023438,0.525939941406,0.461486816406,0.547973632812,-8121.0,1895.0,-1442.0,1.0,-158.0,-54.0,
1646387576856731176,-0.455932617188,0.520324707031,0.463134765625,0.553894042969,-8783.0,1887.0,-1508.0,9.0,-141.0,-60.0,
1646387576860922574,-0.4541015625,0.515869140625,0.463562011719,0.559204101562,-9184.0,1912.0,-1478.0,19.0,-112.0,-63.0,
1646387576865627288,-0.452575683594,0.512573242188,0.463134765625,0.563842773438,-9456.0,1913.0,-1394.0,26.0,-87.0,-61.0,
1646387576869002819,-0.451293945312,0.510070800781,0.462036132812,0.567993164062,-9655.0,1887.0,-1345.0,32.0,-66.0,-58.0,
1646387576873723745,-0.450256347656,0.508544921875,0.460388183594,0.571533203125,-9674.0,1857.0,-1294.0,37.0,-47.0,-54.0,
1646387576887722492,-0.448425292969,0.508422851562,0.455749511719,0.576721191406,-9327.0,1721.0,-1193.0,49.0,-12.0,-39.0,
1646387576893697977,-0.447448730469,0.509460449219,0.453002929688,0.578796386719,-9062.0,1584.0,-1151.0,55.0,-2.0,-32.0,
1646387576896545886,-0.4462890625,0.510864257812,0.450073242188,0.580749511719,-8798.0,1397.0,-1075.0,60.0,4.0,-27.0,
1646387576901179313,-0.444946289062,0.512512207031,0.447082519531,0.582641601562,-8557.0,1184.0,-1005.0,63.0,6.0,-23.0,
1646387576905851840,-0.443420410156,0.51416015625,0.444152832031,0.584533691406,-8311.0,949.0,-935.0,65.0,5.0,-20.0,
1646387576909175395,-0.441833496094,0.515808105469,0.441223144531,0.586486816406,-8028.0,697.0,-850.0,65.0,4.0,-18.0,
1646387576914672374,-0.440124511719,0.51708984375,0.438537597656,0.588684082031,-7793.0,438.0,-750.0,64.0,-3.0,-18.0,
1646387576925635337,-0.438293457031,0.517883300781,0.436157226562,0.591125488281,-7634.0,199.0,-665.0,61.0,-13.0,-17.0,
1646387576926077842,-0.436279296875,0.518188476562,0.434204101562,0.593811035156,-7555.0,-17.0,-536.0,57.0,-23.0,-17.0,
1646387576932191371,-0.434143066406,0.517944335938,0.432678222656,0.596618652344,-7561.0,-205.0,-396.0,52.0,-33.0,-17.0,
1646387576936514377,-0.432006835938,0.517211914062,0.431579589844,0.599670410156,-7654.0,-337.0,-265.0,46.0,-42.0,-17.0,
1646387576941918611,-0.429870605469,0.516052246094,0.430847167969,0.602661132812,-7789.0,-434.0,-140.0,40.0,-48.0,-18.0,
1646387576946404695,-0.427795410156,0.514587402344,0.430419921875,0.605651855469,-7948.0,-526.0,17.0,34.0,-53.0,-17.0,
1646387576952095270,-0.425842285156,0.512817382812,0.430358886719,0.608581542969,-8089.0,-609.0,170.0,28.0,-56.0,-16.0,
1646387576955744266,-0.424011230469,0.510803222656,0.430541992188,0.611450195312,-8242.0,-671.0,306.0,22.0,-59.0,-16.0,
1646387576961858510,-0.422302246094,0.508605957031,0.430969238281,0.614135742188,-8402.0,-733.0,448.0,17.0,-61.0,-15.0,
1646387576966482639,-0.420654296875,0.506286621094,0.431640625,0.61669921875,-8548.0,-801.0,601.0,11.0,-61.0,-13.0,
1646387576971023321,-0.419189453125,0.503845214844,0.432556152344,0.619079589844,-8696.0,-880.0,742.0,6.0,-61.0,-11.0,
1646387576975965023,-0.417785644531,0.501281738281,0.433715820312,0.621337890625,-8886.0,-935.0,885.0,2.0,-62.0,-9.0,
1646387576982898473,-0.41650390625,0.498657226562,0.434936523438,0.623413085938,-9097.0,-959.0,1006.0,-1.0,-61.0,-9.0,
1646387576985591888,-0.415405273438,0.496276855469,0.43603515625,0.625305175781,-9250.0,-950.0,1129.0,-3.0,-56.0,-9.0,
1646387576990435361,-0.41455078125,0.494079589844,0.436889648438,0.627014160156,-9330.0,-948.0,1240.0,-3.0,-49.0,-12.0,
1646387576996479988,-0.413879394531,0.492004394531,0.4375,0.628662109375,-9426.0,-1003.0,1332.0,-2.0,-43.0,-14.0,
1646387577002183437,-0.413269042969,0.490295410156,0.437866210938,0.630065917969,-9457.0,-1024.0,1421.0,0.0,-36.0,-12.0,
1646387577004030466,-0.412841796875,0.488830566406,0.438049316406,0.631408691406,-9482.0,-1036.0,1497.0,1.0,-30.0,-14.0,
1646387577008710861,-0.412475585938,0.487609863281,0.43798828125,0.632629394531,-9490.0,-1039.0,1575.0,4.0,-25.0,-14.0,
1646387577019595146,-0.412170410156,0.486633300781,0.437744140625,0.633728027344,-9468.0,-1086.0,1644.0,5.0,-19.0,-14.0,
1646387577021627426,-0.411987304688,0.48583984375,0.437438964844,0.634643554688,-9425.0,-1150.0,1713.0,5.0,-14.0,-13.0,
1646387577025944232,-0.412048339844,0.485168457031,0.43701171875,0.635437011719,-9351.0,-1209.0,1781.0,3.0,-10.0,-13.0,
1646387577030453681,-0.412170410156,0.484558105469,0.436645507812,0.636047363281,-9257.0,-1267.0,1827.0,1.0,-6.0,-12.0,
1646387577033998966,-0.412414550781,0.484069824219,0.436340332031,0.636474609375,-9152.0,-1331.0,1864.0,-1.0,-4.0,-10.0,
1646387577039391756,-0.412780761719,0.483642578125,0.436096191406,0.63671875,-9043.0,-1383.0,1882.0,-4.0,-2.0,-7.0,
1646387577046566963,-0.413208007812,0.483215332031,0.43603515625,0.636840820312,-8933.0,-1431.0,1904.0,-6.0,-1.0,-5.0,
1646387577051059246,-0.413635253906,0.48291015625,0.43603515625,0.636840820312,-8835.0,-1454.0,1922.0,-7.0,1.0,-3.0,
1646387577055560350,-0.4140625,0.482604980469,0.436096191406,0.63671875,-8746.0,-1471.0,1937.0,-8.0,1.0,-2.0,
1646387577058990478,-0.414428710938,0.482299804688,0.436218261719,0.636596679688,-8672.0,-1484.0,1955.0,-8.0,1.0,-1.0,
1646387577064044713,-0.414855957031,0.481994628906,0.436340332031,0.636535644531,-8633.0,-1499.0,1989.0,-8.0,1.0,-1.0,
1646387577071926116,-0.415222167969,0.481689453125,0.436401367188,0.636413574219,-8605.0,-1507.0,2015.0,-7.0,1.0,-2.0,
1646387577076645851,-0.415588378906,0.4814453125,0.436462402344,0.636352539062,-8574.0,-1514.0,2048.0,-7.0,2.0,-2.0,
1646387577081934928,-0.415893554688,0.481140136719,0.4365234375,0.636291503906,-8558.0,-1522.0,2070.0,-7.0,1.0,-1.0,
1646387577087918281,-0.416259765625,0.480895996094,0.436645507812,0.63623046875,-8528.0,-1534.0,2089.0,-7.0,1.0,-1.0,
1646387577092794179,-0.416564941406,0.480651855469,0.436706542969,0.636108398438,-8515.0,-1550.0,2121.0,-7.0,1.0,0.0,
1646387577097600221,-0.416870117188,0.480407714844,0.436889648438,0.635986328125,-8512.0,-1553.0,2145.0,-7.0,1.0,0.0,
1646387577102123260,-0.417175292969,0.480163574219,0.437072753906,0.635864257812,-8522.0,-1558.0,2169.0,-8.0,1.0,0.0,
1646387577106541633,-0.41748046875,0.479858398438,0.437255859375,0.6357421875,-8528.0,-1563.0,2194.0,-8.0,1.0,1.0,
1646387577110980510,-0.417846679688,0.479614257812,0.4375,0.635559082031,-8537.0,-1553.0,2217.0,-9.0,1.0,0.0,
1646387577115437507,-0.418212890625,0.479309082031,0.437683105469,0.635437011719,-8547.0,-1537.0,2233.0,-9.0,1.0,0.0,
1646387577119094610,-0.418579101562,0.47900390625,0.437927246094,0.63525390625,-8560.0,-1525.0,2245.0,-9.0,1.0,0.0,
1646387577126872062,-0.418884277344,0.478759765625,0.438110351562,0.635070800781,-8577.0,-1514.0,2249.0,-9.0,2.0,0.0,
1646387577131496191,-0.419250488281,0.478576660156,0.438354492188,0.634826660156,-8591.0,-1500.0,2252.0,-8.0,2.0,1.0,
1646387577136502742,-0.419555664062,0.478393554688,0.4384765625,0.634643554688,-8592.0,-1480.0,2257.0,-8.0,3.0,1.0,
1646387577140805006,-0.419860839844,0.478332519531,0.438659667969,0.634399414062,-8586.0,-1474.0,2255.0,-7.0,4.0,1.0,
1646387577144496202,-0.420104980469,0.478271484375,0.438720703125,0.634216308594,-8565.0,-1474.0,2250.0,-6.0,4.0,1.0,
1646387577148908853,-0.420288085938,0.478149414062,0.438842773438,0.634094238281,-8528.0,-1485.0,2237.0,-5.0,3.0,1.0,
1646387577156630516,-0.420532226562,0.477966308594,0.438903808594,0.634033203125,-8485.0,-1506.0,2241.0,-5.0,1.0,0.0,
1646387577161292076,-0.420654296875,0.477722167969,0.439025878906,0.634033203125,-8445.0,-1525.0,2246.0,-5.0,0.0,0.0,
1646387577166035890,-0.420837402344,0.477355957031,0.439270019531,0.634033203125,-8423.0,-1540.0,2253.0,-6.0,-2.0,1.0,
1646387577170631885,-0.420959472656,0.476928710938,0.439575195312,0.634033203125,-8404.0,-1550.0,2258.0,-8.0,-4.0,1.0,
1646387577174004793,-0.421142578125,0.476379394531,0.440063476562,0.634033203125,-8379.0,-1551.0,2260.0,-9.0,-5.0,2.0,
1646387577184943437,-0.421264648438,0.475769042969,0.440612792969,0.634033203125,-8357.0,-1550.0,2268.0,-11.0,-7.0,2.0,
1646387577187777519,-0.421447753906,0.475036621094,0.441223144531,0.634033203125,-8348.0,-1541.0,2276.0,-12.0,-9.0,2.0,
1646387577192249059,-0.421569824219,0.474243164062,0.441833496094,0.634094238281,-8353.0,-1520.0,2287.0,-12.0,-10.0,1.0,
1646387577196952581,-0.421691894531,0.473388671875,0.442504882812,0.634155273438,-8372.0,-1508.0,2293.0,-12.0,-11.0,1.0,
1646387577201515674,-0.421875,0.472534179688,0.443176269531,0.63427734375,-8417.0,-1502.0,2295.0,-13.0,-11.0,0.0,
1646387577206112146,-0.422058105469,0.4716796875,0.443725585938,0.634399414062,-8457.0,-1493.0,2279.0,-13.0,-11.0,-1.0,
1646387577210658788,-0.422302246094,0.470886230469,0.444274902344,0.634460449219,-8487.0,-1472.0,2271.0,-12.0,-9.0,-2.0,
1646387577215934753,-0.422546386719,0.470153808594,0.444702148438,0.634460449219,-8511.0,-1464.0,2247.0,-12.0,-7.0,-2.0,
1646387577218893289,-0.422912597656,0.469543457031,0.445007324219,0.634460449219,-8507.0,-1450.0,2221.0,-11.0,-6.0,-3.0,
1646387577227035284,-0.423217773438,0.468994140625,0.445251464844,0.634521484375,-8493.0,-1446.0,2187.0,-10.0,-5.0,-3.0,
1646387577232161283,-0.423583984375,0.468444824219,0.445495605469,0.634521484375,-8481.0,-1450.0,2154.0,-9.0,-4.0,-4.0,
1646387577236156702,-0.424011230469,0.467895507812,0.445617675781,0.634521484375,-8470.0,-1456.0,2131.0,-9.0,-4.0,-4.0,
1646387577240710496,-0.424377441406,0.467407226562,0.445739746094,0.634582519531,-8450.0,-1466.0,2099.0,-9.0,-3.0,-4.0,
1646387577244170665,-0.424865722656,0.466918945312,0.445861816406,0.634521484375,-8411.0,-1474.0,2071.0,-10.0,-2.0,-4.0,
1646387577260156393,-0.42529296875,0.466430664062,0.446044921875,0.634460449219,-8360.0,-1485.0,2049.0,-10.0,-2.0,-4.0,
1646387577260820627,-0.42578125,0.465881347656,0.446228027344,0.634399414062,-8317.0,-1490.0,2029.0,-10.0,-3.0,-3.0,
1646387577273204326,-0.426208496094,0.46533203125,0.446411132812,0.634399414062,-8294.0,-1491.0,2013.0,-11.0,-3.0,-3.0,
1646387577273857593,-0.426635742188,0.464782714844,0.446655273438,0.634338378906,-8296.0,-1478.0,1987.0,-11.0,-4.0,-4.0,
1646387577274478197,-0.427062988281,0.464233398438,0.446899414062,0.63427734375,-8301.0,-1477.0,1965.0,-11.0,-4.0,-4.0,
1646387577275033235,-0.427612304688,0.463684082031,0.447082519531,0.634216308594,-8305.0,-1478.0,1938.0,-11.0,-3.0,-4.0,
1646387577282252788,-0.428161621094,0.463134765625,0.447265625,0.634094238281,-8322.0,-1468.0,1912.0,-12.0,-2.0,-4.0,
1646387577286615848,-0.4287109375,0.462707519531,0.447387695312,0.633972167969,-8345.0,-1453.0,1883.0,-12.0,-1.0,-4.0,
1646387577293316841,-0.429321289062,0.462341308594,0.447509765625,0.633728027344,-8357.0,-1439.0,1856.0,-11.0,1.0,-4.0,
1646387577297726154,-0.429931640625,0.462036132812,0.447509765625,0.633544921875,-8370.0,-1432.0,1827.0,-11.0,2.0,-4.0,
1646387577302258491,-0.430541992188,0.461853027344,0.447448730469,0.63330078125,-8387.0,-1434.0,1810.0,-10.0,4.0,-4.0,
1646387577306766986,-0.431213378906,0.461669921875,0.447387695312,0.632995605469,-8406.0,-1431.0,1782.0,-9.0,5.0,-4.0,
1646387577311156749,-0.431884765625,0.461608886719,0.447265625,0.632690429688,-8424.0,-1429.0,1772.0,-9.0,6.0,-4.0,
1646387577315668106,-0.432556152344,0.461608886719,0.447082519531,0.63232421875,-8443.0,-1432.0,1756.0,-9.0,8.0,-4.0,
1646387577319047212,-0.433227539062,0.461669921875,0.446960449219,0.631958007812,-8463.0,-1423.0,1748.0,-8.0,9.0,-3.0,
1646387577327042341,-0.433898925781,0.461791992188,0.446716308594,0.631530761719,-8474.0,-1410.0,1733.0,-8.0,10.0,-4.0,
1646387577331759691,-0.434631347656,0.461975097656,0.446411132812,0.631103515625,-8463.0,-1400.0,1714.0,-7.0,12.0,-4.0,
1646387577336364984,-0.435363769531,0.462280273438,0.446044921875,0.630615234375,-8436.0,-1398.0,1696.0,-6.0,14.0,-4.0,
1646387577340800523,-0.436096191406,0.462585449219,0.445617675781,0.630249023438,-8434.0,-1398.0,1670.0,-5.0,14.0,-4.0,
1646387577345404148,-0.436828613281,0.462890625,0.445129394531,0.629821777344,-8442.0,-1396.0,1638.0,-4.0,14.0,-5.0,
1646387577348653078,-0.437561035156,0.463256835938,0.444519042969,0.629455566406,-8429.0,-1398.0,1610.0,-4.0,15.0,-6.0,
1646387577356839418,-0.438293457031,0.463623046875,0.443908691406,0.629089355469,-8388.0,-1407.0,1574.0,-3.0,15.0,-6.0,
1646387577361282587,-0.439025878906,0.463989257812,0.443359375,0.628784179688,-8351.0,-1412.0,1537.0,-3.0,15.0,-6.0,
1646387577366097688,-0.439758300781,0.464294433594,0.442749023438,0.62841796875,-8333.0,-1423.0,1504.0,-3.0,14.0,-6.0,
1646387577369554281,-0.4404296875,0.464538574219,0.442260742188,0.628112792969,-8311.0,-1419.0,1459.0,-4.0,13.0,-6.0,
1646387577373981714,-0.441101074219,0.46484375,0.441772460938,0.627807617188,-8283.0,-1415.0,1411.0,-4.0,12.0,-5.0,
1646387577382059574,-0.441772460938,0.465148925781,0.441284179688,0.62744140625,-8248.0,-1408.0,1368.0,-3.0,12.0,-5.0,
1646387577390377521,-0.442321777344,0.465454101562,0.440795898438,0.627136230469,-8219.0,-1399.0,1314.0,-3.0,11.0,-5.0,
1646387577392848968,-0.44287109375,0.465759277344,0.440368652344,0.626892089844,-8201.0,-1388.0,1266.0,-1.0,10.0,-5.0,
1646387577397710084,-0.443298339844,0.466064453125,0.439819335938,0.626647949219,-8184.0,-1359.0,1225.0,0.0,10.0,-5.0,
1646387577402139425,-0.443725585938,0.466491699219,0.439270019531,0.62646484375,-8164.0,-1338.0,1168.0,1.0,10.0,-5.0,
1646387577406608581,-0.444091796875,0.466918945312,0.438659667969,0.626342773438,-8126.0,-1334.0,1115.0,3.0,11.0,-5.0,
1646387577411163806,-0.444458007812,0.467407226562,0.437927246094,0.626220703125,-8095.0,-1338.0,1067.0,4.0,10.0,-6.0,
1646387577415629625,-0.444763183594,0.467834472656,0.437255859375,0.626159667969,-8079.0,-1332.0,1028.0,5.0,10.0,-6.0,
1646387577421375274,-0.445068359375,0.46826171875,0.4365234375,0.626098632812,-8053.0,-1315.0,986.0,6.0,10.0,-6.0,
1646387577427161455,-0.4453125,0.46875,0.435791015625,0.626098632812,-8024.0,-1298.0,952.0,6.0,9.0,-7.0,
1646387577431682825,-0.445556640625,0.469177246094,0.43505859375,0.626098632812,-7999.0,-1288.0,918.0,6.0,8.0,-6.0,
1646387577436154842,-0.445739746094,0.469604492188,0.434387207031,0.626159667969,-7986.0,-1289.0,893.0,6.0,8.0,-6.0,
1646387577440605640,-0.445861816406,0.469970703125,0.433776855469,0.626159667969,-7986.0,-1279.0,867.0,6.0,7.0,-5.0,
1646387577443937540,-0.446044921875,0.470336914062,0.433227539062,0.626159667969,-7970.0,-1271.0,834.0,5.0,6.0,-4.0,
1646387577451930522,-0.446166992188,0.470764160156,0.432739257812,0.626098632812,-7949.0,-1258.0,802.0,4.0,6.0,-4.0,
1646387577456562280,-0.446350097656,0.471130371094,0.432312011719,0.626037597656,-7954.0,-1244.0,768.0,4.0,5.0,-3.0,
1646387577461232662,-0.446411132812,0.471435546875,0.431945800781,0.625915527344,-7984.0,-1220.0,735.0,4.0,5.0,-2.0,
1646387577465796947,-0.446533203125,0.471862792969,0.431518554688,0.625854492188,-8024.0,-1181.0,702.0,4.0,5.0,-2.0,
1646387577470506429,-0.446533203125,0.472351074219,0.431091308594,0.625732421875,-8056.0,-1141.0,685.0,5.0,6.0,-2.0,
1646387577473849534,-0.446594238281,0.472900390625,0.430603027344,0.625671386719,-8066.0,-1113.0,663.0,7.0,7.0,-3.0,
1646387577481988668,-0.446655273438,0.473510742188,0.429992675781,0.625610351562,-8087.0,-1109.0,650.0,8.0,8.0,-3.0,
1646387577486364841,-0.446655273438,0.474182128906,0.429260253906,0.625549316406,-8094.0,-1074.0,534.0,9.0,9.0,-4.0,
1646387577491272926,-0.446838378906,0.475158691406,0.428466796875,0.625244140625,-7873.0,-925.0,502.0,10.0,14.0,-2.0,
1646387577497645616,-0.44677734375,0.476318359375,0.427734375,0.624877929688,-7637.0,-911.0,473.0,11.0,16.0,0.0,
1646387577502316474,-0.446350097656,0.47705078125,0.427185058594,0.625,-7659.0,-998.0,427.0,13.0,5.0,1.0,
1646387577506973743,-0.445922851562,0.477478027344,0.426635742188,0.625366210938,-7820.0,-1064.0,406.0,14.0,-2.0,-1.0,
1646387577514058589,-0.445617675781,0.477905273438,0.426025390625,0.625671386719,-7883.0,-1057.0,422.0,14.0,0.0,-3.0,
1646387577516125440,-0.445373535156,0.478454589844,0.425415039062,0.625854492188,-7891.0,-1052.0,461.0,13.0,4.0,-3.0,
1646387577520605325,-0.445129394531,0.479064941406,0.424865722656,0.6259765625,-7908.0,-1072.0,505.0,11.0,5.0,-1.0,
1646387577523968935,-0.44482421875,0.479614257812,0.424438476562,0.626037597656,-7936.0,-1113.0,550.0,10.0,4.0,0.0,
1646387577532143592,-0.444580078125,0.480102539062,0.424072265625,0.626037597656,-7968.0,-1158.0,606.0,9.0,4.0,2.0,
1646387577536442279,-0.444396972656,0.480712890625,0.423706054688,0.6259765625,-8018.0,-1174.0,674.0,8.0,6.0,3.0,
1646387577541046857,-0.444213867188,0.481323242188,0.423461914062,0.625793457031,-8072.0,-1184.0,735.0,7.0,7.0,4.0,
1646387577545729875,-0.444091796875,0.481994628906,0.423217773438,0.62548828125,-8136.0,-1194.0,787.0,5.0,9.0,5.0,
1646387577550399303,-0.444030761719,0.482788085938,0.422973632812,0.625122070312,-8192.0,-1200.0,841.0,5.0,11.0,6.0,
1646387577553944110,-0.444030761719,0.483703613281,0.422729492188,0.624633789062,-8214.0,-1196.0,879.0,4.0,14.0,7.0,
1646387577561992406,-0.443969726562,0.484680175781,0.422485351562,0.6240234375,-8233.0,-1201.0,905.0,5.0,16.0,8.0,
1646387577566496849,-0.443969726562,0.485717773438,0.422180175781,0.623474121094,-8252.0,-1226.0,939.0,5.0,17.0,8.0,
1646387577571147441,-0.443908691406,0.48681640625,0.421875,0.622863769531,-8268.0,-1249.0,969.0,5.0,17.0,9.0,
1646387577575713634,-0.443908691406,0.487854003906,0.421569824219,0.622192382812,-8267.0,-1278.0,986.0,5.0,18.0,10.0,
1646387577578942298,-0.443969726562,0.488952636719,0.421325683594,0.621520996094,-8270.0,-1309.0,1003.0,4.0,18.0,10.0,
1646387577587159395,-0.444030761719,0.489929199219,0.421081542969,0.620849609375,-8280.0,-1325.0,1007.0,3.0,17.0,10.0,
1646387577593766450,-0.444091796875,0.490905761719,0.420837402344,0.620178222656,-8278.0,-1339.0,1008.0,2.0,17.0,9.0,
1646387577596487760,-0.444213867188,0.491760253906,0.420593261719,0.61962890625,-8282.0,-1352.0,1013.0,2.0,16.0,7.0,
1646387577601164102,-0.444396972656,0.492492675781,0.420349121094,0.619079589844,-8288.0,-1369.0,1013.0,1.0,14.0,6.0,
1646387577605765819,-0.444580078125,0.4931640625,0.420104980469,0.618591308594,-8311.0,-1382.0,1020.0,1.0,13.0,5.0,
1646387577609189271,-0.444763183594,0.493713378906,0.419860839844,0.6181640625,-8340.0,-1381.0,1016.0,0.0,12.0,4.0,
1646387577617094993,-0.444946289062,0.494323730469,0.419616699219,0.617736816406,-8354.0,-1377.0,1004.0,0.0,12.0,3.0,
1646387577621581077,-0.445129394531,0.494873046875,0.419372558594,0.617309570312,-8356.0,-1386.0,975.0,0.0,12.0,3.0,
1646387577626049757,-0.445373535156,0.495422363281,0.419128417969,0.616821289062,-8355.0,-1384.0,945.0,0.0,11.0,3.0,
1646387577630539894,-0.445617675781,0.495971679688,0.418884277344,0.616394042969,-8339.0,-1375.0,907.0,0.0,11.0,3.0,
1646387577634121179,-0.445861816406,0.496520996094,0.418640136719,0.615966796875,-8324.0,-1357.0,848.0,0.0,11.0,3.0,
1646387577641986846,-0.446044921875,0.4970703125,0.418395996094,0.615478515625,-8324.0,-1335.0,804.0,0.0,11.0,3.0,
1646387577646429777,-0.4462890625,0.497619628906,0.418090820312,0.615112304688,-8315.0,-1317.0,757.0,1.0,11.0,2.0,
1646387577650911808,-0.446472167969,0.498168945312,0.417724609375,0.61474609375,-8313.0,-1303.0,705.0,2.0,11.0,1.0,
1646387577655453920,-0.446655273438,0.498779296875,0.417297363281,0.614440917969,-8314.0,-1283.0,651.0,3.0,11.0,1.0,
1646387577659031391,-0.446838378906,0.499450683594,0.416809082031,0.614135742188,-8296.0,-1268.0,605.0,4.0,11.0,0.0,
1646387577666710615,-0.446960449219,0.500061035156,0.416259765625,0.613830566406,-8265.0,-1266.0,562.0,6.0,12.0,0.0,
1646387577671389579,-0.447082519531,0.500732421875,0.415649414062,0.613647460938,-8256.0,-1281.0,542.0,7.0,11.0,-1.0,
1646387577675897359,-0.447143554688,0.501403808594,0.4150390625,0.613464355469,-8240.0,-1297.0,524.0,7.0,11.0,-1.0,
1646387577680433750,-0.447265625,0.502014160156,0.414367675781,0.613342285156,-8199.0,-1313.0,527.0,7.0,11.0,-1.0,
1646387577683806419,-0.447326660156,0.502624511719,0.413757324219,0.613220214844,-8152.0,-1329.0,530.0,7.0,11.0,-1.0,
1646387577691671371,-0.447326660156,0.503173828125,0.413208007812,0.613098144531,-8113.0,-1354.0,543.0,7.0,10.0,0.0,
1646387577696389436,-0.447387695312,0.503662109375,0.412719726562,0.612976074219,-8085.0,-1365.0,538.0,6.0,8.0,0.0,
1646387577700887203,-0.447448730469,0.504089355469,0.412292480469,0.612854003906,-8082.0,-1352.0,562.0,5.0,8.0,0.0,
1646387577705507278,-0.447448730469,0.504516601562,0.411987304688,0.612731933594,-8102.0,-1340.0,569.0,4.0,7.0,1.0,
1646387577708849191,-0.447509765625,0.505004882812,0.41162109375,0.612548828125,-8092.0,-1310.0,576.0,4.0,8.0,1.0,
1646387577716899156,-0.447509765625,0.505554199219,0.411315917969,0.6123046875,-8060.0,-1287.0,590.0,4.0,9.0,2.0,
1646387577721606969,-0.447509765625,0.506103515625,0.411010742188,0.612060546875,-8031.0,-1296.0,603.0,4.0,9.0,3.0,
1646387577726110458,-0.447387695312,0.506652832031,0.410766601562,0.611877441406,-8057.0,-1298.0,600.0,5.0,8.0,4.0,
1646387577730509519,-0.447265625,0.507263183594,0.410461425781,0.611633300781,-8096.0,-1273.0,607.0,6.0,8.0,5.0,
1646387577734050512,-0.447082519531,0.508056640625,0.41015625,0.611328125,-8095.0,-1245.0,605.0,7.0,11.0,6.0,
1646387577742160558,-0.446899414062,0.508972167969,0.409790039062,0.610900878906,-8096.0,-1224.0,600.0,8.0,13.0,7.0,
1646387577746709108,-0.44677734375,0.509948730469,0.409301757812,0.610534667969,-8091.0,-1199.0,584.0,9.0,15.0,6.0,
1646387577751230478,-0.446594238281,0.511047363281,0.408752441406,0.610107421875,-8057.0,-1152.0,570.0,10.0,17.0,6.0,
1646387577755615234,-0.446411132812,0.512268066406,0.408081054688,0.609619140625,-7990.0,-1121.0,552.0,11.0,18.0,6.0,
1646387577760323524,-0.446228027344,0.513488769531,0.407409667969,0.609191894531,-7888.0,-1117.0,529.0,12.0,18.0,6.0,
1646387577763814926,-0.446044921875,0.514526367188,0.40673828125,0.608947753906,-7816.0,-1143.0,513.0,12.0,15.0,5.0,
1646387577771928787,-0.44580078125,0.515258789062,0.406188964844,0.608825683594,-7808.0,-1175.0,505.0,11.0,10.0,3.0,
1646387577776611328,-0.445556640625,0.515747070312,0.40576171875,0.60888671875,-7849.0,-1201.0,522.0,9.0,5.0,2.0,
1646387577781161546,-0.445434570312,0.515930175781,0.405517578125,0.609008789062,-7894.0,-1224.0,552.0,5.0,1.0,0.0,
1646387577785548686,-0.4453125,0.515869140625,0.405456542969,0.609191894531,-7948.0,-1226.0,580.0,2.0,-3.0,-1.0,
1646387577789246320,-0.445190429688,0.515625,0.405578613281,0.609375,-8022.0,-1221.0,610.0,-1.0,-6.0,-1.0,
1646387577798704862,-0.445129394531,0.515197753906,0.405883789062,0.609619140625,-8120.0,-1195.0,631.0,-3.0,-8.0,-1.0,
1646387577803745508,-0.445068359375,0.514770507812,0.40625,0.609802246094,-8241.0,-1152.0,658.0,-5.0,-9.0,-1.0,
1646387577808362722,-0.445007324219,0.514343261719,0.406616210938,0.609924316406,-8352.0,-1099.0,655.0,-5.0,-9.0,-1.0,
1646387577812991857,-0.445068359375,0.513977050781,0.406921386719,0.609985351562,-8421.0,-1034.0,599.0,-5.0,-7.0,-2.0,
1646387577817600965,-0.445129394531,0.513916015625,0.407104492188,0.60986328125,-8366.0,-931.0,555.0,-4.0,-2.0,-1.0,
1646387577822272300,-0.445129394531,0.514099121094,0.4072265625,0.609680175781,-8301.0,-868.0,502.0,-2.0,0.0,1.0,
1646387577826927900,-0.444946289062,0.514221191406,0.4072265625,0.609619140625,-8332.0,-850.0,432.0,1.0,-1.0,1.0,
1646387577831525564,-0.44482421875,0.514465332031,0.407104492188,0.609680175781,-8372.0,-829.0,346.0,4.0,-1.0,0.0,
1646387577836103677,-0.444702148438,0.514831542969,0.40673828125,0.609619140625,-8354.0,-799.0,279.0,6.0,2.0,-1.0,
1646387577840625762,-0.444519042969,0.515380859375,0.406311035156,0.609558105469,-8310.0,-783.0,220.0,8.0,5.0,-1.0,
1646387577845257759,-0.4443359375,0.516052246094,0.405822753906,0.609497070312,-8250.0,-785.0,155.0,10.0,6.0,0.0,
1646387577848566532,-0.444091796875,0.516723632812,0.405334472656,0.609436035156,-8194.0,-809.0,107.0,11.0,6.0,1.0,
1646387577856840610,-0.44384765625,0.517395019531,0.40478515625,0.609436035156,-8173.0,-815.0,91.0,11.0,5.0,1.0,
1646387577861281633,-0.443542480469,0.518005371094,0.404296875,0.609436035156,-8167.0,-814.0,78.0,11.0,5.0,1.0,
1646387577865945339,-0.443237304688,0.518615722656,0.403869628906,0.609436035156,-8162.0,-815.0,73.0,11.0,5.0,1.0,
1646387577869343042,-0.442932128906,0.519226074219,0.403442382812,0.609436035156,-8157.0,-834.0,80.0,10.0,5.0,2.0,
1646387577877319574,-0.442626953125,0.519775390625,0.403015136719,0.609436035156,-8165.0,-856.0,80.0,9.0,4.0,2.0,
1646387577882172107,-0.4423828125,0.520324707031,0.402709960938,0.609375,-8184.0,-849.0,71.0,8.0,4.0,2.0,
1646387577886548519,-0.442138671875,0.520874023438,0.402404785156,0.609313964844,-8186.0,-832.0,55.0,8.0,4.0,2.0,
1646387577890993118,-0.44189453125,0.521362304688,0.402099609375,0.609191894531,-8197.0,-821.0,32.0,8.0,4.0,2.0,
1646387577895452976,-0.441589355469,0.521911621094,0.40185546875,0.609130859375,-8216.0,-821.0,11.0,7.0,3.0,2.0,
1646387577900952339,-0.441345214844,0.522399902344,0.401611328125,0.609069824219,-8233.0,-824.0,-7.0,7.0,3.0,3.0,
1646387577907943964,-0.441101074219,0.52294921875,0.4013671875,0.608947753906,-8236.0,-820.0,-16.0,7.0,3.0,3.0,
1646387577912531137,-0.440795898438,0.5234375,0.401184082031,0.608825683594,-8245.0,-827.0,-37.0,7.0,3.0,4.0,
1646387577917285680,-0.440490722656,0.523986816406,0.401062011719,0.608703613281,-8264.0,-845.0,-41.0,6.0,3.0,5.0,
1646387577921864986,-0.440185546875,0.524536132812,0.400939941406,0.608459472656,-8292.0,-861.0,-17.0,6.0,3.0,6.0,
1646387577926408767,-0.43994140625,0.525085449219,0.400817871094,0.608276367188,-8327.0,-894.0,15.0,5.0,4.0,6.0,
1646387577931421518,-0.439758300781,0.525573730469,0.400695800781,0.608032226562,-8376.0,-924.0,60.0,4.0,4.0,6.0,
1646387577935688972,-0.439636230469,0.526062011719,0.400634765625,0.607788085938,-8436.0,-945.0,123.0,3.0,5.0,5.0,
1646387577940322399,-0.439514160156,0.526550292969,0.400451660156,0.607543945312,-8477.0,-944.0,185.0,3.0,7.0,4.0,
1646387577944113731,-0.439514160156,0.527038574219,0.400268554688,0.607299804688,-8501.0,-950.0,233.0,3.0,8.0,3.0,
1646387577952055692,-0.439514160156,0.527526855469,0.400024414062,0.607055664062,-8508.0,-965.0,289.0,3.0,8.0,2.0,
1646387577956773281,-0.439514160156,0.528015136719,0.399719238281,0.606811523438,-8503.0,-987.0,334.0,4.0,9.0,2.0,
1646387577961363792,-0.439514160156,0.528442382812,0.399353027344,0.606628417969,-8485.0,-1008.0,373.0,4.0,8.0,1.0,
1646387577965975522,-0.439514160156,0.528869628906,0.399108886719,0.6064453125,-8460.0,-1035.0,410.0,3.0,8.0,2.0,
1646387577970434665,-0.439453125,0.529235839844,0.398864746094,0.606262207031,-8445.0,-1074.0,432.0,3.0,7.0,3.0,
1646387577973941564,-0.439453125,0.529602050781,0.398742675781,0.606079101562,-8441.0,-1113.0,454.0,2.0,6.0,4.0,
1646387577982134819,-0.439392089844,0.529907226562,0.398681640625,0.605895996094,-8435.0,-1138.0,474.0,1.0,5.0,4.0,
1646387577986594200,-0.439392089844,0.530212402344,0.398681640625,0.605590820312,-8422.0,-1157.0,493.0,0.0,5.0,5.0,
1646387577991039514,-0.439453125,0.530517578125,0.398742675781,0.605285644531,-8404.0,-1161.0,477.0,-1.0,6.0,5.0,
1646387577994365215,-0.439514160156,0.530883789062,0.398742675781,0.60498046875,-8371.0,-1148.0,445.0,-1.0,6.0,5.0,
1646387578003277063,-0.439575195312,0.53125,0.398681640625,0.604614257812,-8325.0,-1130.0,412.0,-1.0,7.0,4.0,
1646387578009194850,-0.439636230469,0.531677246094,0.398559570312,0.604248046875,-8287.0,-1128.0,377.0,0.0,7.0,3.0,
1646387578014008998,-0.439636230469,0.532104492188,0.398376464844,0.60400390625,-8253.0,-1133.0,349.0,2.0,7.0,3.0,
1646387578018573522,-0.439697265625,0.532470703125,0.398132324219,0.603820800781,-8225.0,-1145.0,328.0,2.0,7.0,2.0,
1646387578023166418,-0.439697265625,0.532897949219,0.397888183594,0.603637695312,-8210.0,-1146.0,310.0,3.0,6.0,2.0,
1646387578027738094,-0.439697265625,0.533325195312,0.397583007812,0.603454589844,-8194.0,-1137.0,295.0,4.0,6.0,2.0,
1646387578032126903,-0.439636230469,0.533752441406,0.397277832031,0.603271484375,-8185.0,-1132.0,282.0,4.0,6.0,2.0,
1646387578036784648,-0.439514160156,0.534240722656,0.397033691406,0.603088378906,-8198.0,-1145.0,271.0,5.0,6.0,3.0,
1646387578041205644,-0.439392089844,0.534729003906,0.396728515625,0.602966308594,-8212.0,-1135.0,268.0,6.0,7.0,3.0,
1646387578045687913,-0.439270019531,0.535217285156,0.396423339844,0.602783203125,-8213.0,-1111.0,236.0,6.0,7.0,3.0,
1646387578050184726,-0.439147949219,0.535827636719,0.39599609375,0.602661132812,-8198.0,-1085.0,214.0,7.0,7.0,3.0,
1646387578053772687,-0.43896484375,0.536376953125,0.395629882812,0.602478027344,-8182.0,-1060.0,194.0,7.0,7.0,2.0,
1646387578061975955,-0.438781738281,0.536926269531,0.395263671875,0.602416992188,-8142.0,-1023.0,159.0,8.0,6.0,2.0,
1646387578066719293,-0.438537597656,0.537475585938,0.394836425781,0.602355957031,-8098.0,-992.0,130.0,9.0,5.0,2.0,
1646387578071478366,-0.438232421875,0.537902832031,0.394470214844,0.602478027344,-8077.0,-978.0,108.0,10.0,3.0,1.0,
1646387578075964927,-0.437866210938,0.538269042969,0.394104003906,0.602661132812,-8075.0,-968.0,90.0,10.0,1.0,1.0,
1646387578081319093,-0.4375,0.53857421875,0.393737792969,0.602905273438,-8086.0,-961.0,89.0,10.0,-1.0,0.0,
1646387578085299730,-0.437072753906,0.538757324219,0.393432617188,0.603210449219,-8113.0,-963.0,103.0,10.0,-3.0,0.0,
1646387578088492393,-0.436645507812,0.538818359375,0.393249511719,0.603637695312,-8144.0,-982.0,133.0,9.0,-5.0,0.0,
1646387578096711874,-0.436218261719,0.538818359375,0.39306640625,0.60400390625,-8179.0,-1009.0,188.0,8.0,-6.0,0.0,
1646387578101356506,-0.435791015625,0.538696289062,0.393005371094,0.6044921875,-8247.0,-1040.0,335.0,7.0,-7.0,0.0,
1646387578105999708,-0.435363769531,0.538391113281,0.39306640625,0.60498046875,-8219.0,-1093.0,439.0,5.0,-8.0,0.0,
1646387578112994909,-0.434814453125,0.537841796875,0.393188476562,0.605773925781,-8382.0,-1198.0,451.0,5.0,-15.0,-1.0,
1646387578117526292,-0.434387207031,0.537170410156,0.393249511719,0.606689453125,-8574.0,-1190.0,390.0,6.0,-18.0,-4.0,
1646387578122017860,-0.434020996094,0.536926269531,0.393249511719,0.607177734375,-8619.0,-1067.0,348.0,5.0,-11.0,-2.0,
1646387578126523017,-0.433715820312,0.537231445312,0.393127441406,0.607116699219,-8522.0,-973.0,341.0,5.0,1.0,1.0,
1646387578132158994,-0.433532714844,0.537719726562,0.392944335938,0.606994628906,-8489.0,-1041.0,324.0,5.0,5.0,2.0,
1646387578136214017,-0.433654785156,0.537963867188,0.392517089844,0.60693359375,-8503.0,-1146.0,321.0,4.0,6.0,-1.0,
1646387578140251874,-0.433959960938,0.538269042969,0.392028808594,0.606811523438,-8440.0,-1154.0,348.0,2.0,9.0,-3.0,
1646387578143772363,-0.434265136719,0.538635253906,0.391662597656,0.6064453125,-8355.0,-1104.0,388.0,0.0,11.0,0.0,
1646387578151769161,-0.434387207031,0.5390625,0.391540527344,0.606079101562,-8312.0,-1101.0,421.0,-1.0,10.0,2.0,
1646387578156123161,-0.434509277344,0.539367675781,0.391418457031,0.605834960938,-8328.0,-1126.0,456.0,0.0,8.0,2.0,
1646387578161164045,-0.4345703125,0.539611816406,0.391235351562,0.605651855469,-8395.0,-1181.0,497.0,0.0,6.0,2.0,
1646387578165741205,-0.434692382812,0.539794921875,0.391052246094,0.605529785156,-8465.0,-1221.0,531.0,0.0,7.0,1.0,
1646387578170166730,-0.434875488281,0.540100097656,0.390808105469,0.605285644531,-8511.0,-1245.0,551.0,0.0,8.0,0.0,
1646387578174560785,-0.435119628906,0.540405273438,0.390563964844,0.605041503906,-8516.0,-1266.0,550.0,-1.0,10.0,0.0,
1646387578181952714,-0.435424804688,0.540771484375,0.390319824219,0.604614257812,-8513.0,-1272.0,546.0,-1.0,11.0,2.0,
1646387578186326026,-0.435607910156,0.541198730469,0.39013671875,0.604187011719,-8519.0,-1244.0,509.0,-1.0,11.0,3.0,
1646387578191013336,-0.435852050781,0.541748046875,0.389892578125,0.603698730469,-8547.0,-1207.0,479.0,-1.0,12.0,4.0,
1646387578195496559,-0.435974121094,0.542358398438,0.3896484375,0.603210449219,-8609.0,-1198.0,453.0,0.0,13.0,3.0,
1646387578198870897,-0.436218261719,0.54296875,0.389282226562,0.602783203125,-8718.0,-1221.0,408.0,2.0,14.0,2.0,
1646387578208056211,-0.4365234375,0.543640136719,0.388671875,0.602294921875,-8798.0,-1222.0,369.0,2.0,17.0,0.0,
1646387578213729619,-0.436950683594,0.544494628906,0.388000488281,0.601684570312,-8821.0,-1176.0,276.0,2.0,20.0,0.0,
1646387578218878269,-0.4375,0.545532226562,0.387268066406,0.600830078125,-8780.0,-1065.0,150.0,2.0,24.0,0.0,
1646387578222856760,-0.437927246094,0.546875,0.386474609375,0.599731445312,-8627.0,-927.0,56.0,3.0,29.0,3.0,
1646387578228580951,-0.438232421875,0.548461914062,0.385620117188,0.5986328125,-8561.0,-859.0,33.0,6.0,30.0,5.0,
1646387578232553720,-0.438354492188,0.549926757812,0.384765625,0.597717285156,-8595.0,-905.0,-62.0,9.0,28.0,4.0,
1646387578236628532,-0.438659667969,0.551208496094,0.383666992188,0.597106933594,-8756.0,-969.0,-105.0,11.0,25.0,1.0,
1646387578241292476,-0.439086914062,0.552490234375,0.382385253906,0.596435546875,-8778.0,-968.0,-88.0,11.0,29.0,-2.0,
1646387578245783329,-0.439453125,0.553833007812,0.381042480469,0.595703125,-8802.0,-989.0,-97.0,10.0,31.0,-3.0,
1646387578250249385,-0.43994140625,0.554992675781,0.379760742188,0.595092773438,-8829.0,-999.0,-161.0,10.0,29.0,-5.0,
1646387578253929138,-0.440612792969,0.556274414062,0.37841796875,0.59423828125,-8689.0,-963.0,-197.0,7.0,31.0,-5.0,
1646387578262456893,-0.441223144531,0.557556152344,0.377258300781,0.593322753906,-8513.0,-903.0,-360.0,6.0,32.0,-3.0,
1646387578267297029,-0.441772460938,0.559020996094,0.376159667969,0.59228515625,-8255.0,-746.0,-510.0,6.0,30.0,0.0,
1646387578272873640,-0.442077636719,0.560546875,0.375122070312,0.591186523438,-8073.0,-617.0,-581.0,8.0,29.0,2.0,
1646387578276456356,-0.442016601562,0.561950683594,0.374267578125,0.590515136719,-8138.0,-647.0,-656.0,12.0,22.0,2.0,
1646387578280960083,-0.441955566406,0.563049316406,0.373107910156,0.590209960938,-8273.0,-690.0,-714.0,16.0,18.0,-1.0,
1646387578285734653,-0.441955566406,0.564270019531,0.371643066406,0.589965820312,-8305.0,-644.0,-725.0,19.0,21.0,-4.0,
1646387578289507865,-0.441833496094,0.565673828125,0.370178222656,0.589660644531,-8343.0,-615.0,-734.0,21.0,24.0,-3.0,
1646387578296959638,-0.441650390625,0.567138671875,0.36865234375,0.58935546875,-8407.0,-644.0,-745.0,22.0,24.0,-3.0,
1646387578301481008,-0.441467285156,0.568603515625,0.367004394531,0.589111328125,-8436.0,-680.0,-724.0,24.0,25.0,-3.0,
1646387578306245326,-0.441284179688,0.570129394531,0.365234375,0.588806152344,-8437.0,-697.0,-696.0,25.0,27.0,-3.0,
1646387578312692403,-0.441040039062,0.571716308594,0.363464355469,0.588562011719,-8408.0,-724.0,-672.0,26.0,28.0,-3.0,
1646387578318384408,-0.440795898438,0.573303222656,0.361694335938,0.588317871094,-8359.0,-750.0,-616.0,27.0,27.0,-2.0,
1646387578322147846,-0.440368652344,0.574829101562,0.359985351562,0.588195800781,-8299.0,-785.0,-540.0,27.0,26.0,-1.0,
1646387578328092336,-0.439880371094,0.576232910156,0.3583984375,0.588134765625,-8293.0,-843.0,-450.0,27.0,23.0,-1.0,
1646387578331201314,-0.439453125,0.577453613281,0.356811523438,0.588317871094,-8332.0,-915.0,-346.0,27.0,20.0,-3.0,
1646387578336511373,-0.439025878906,0.578491210938,0.355224609375,0.588500976562,-8357.0,-976.0,-222.0,26.0,20.0,-3.0,
1646387578339008092,-0.438598632812,0.57958984375,0.353759765625,0.588623046875,-8357.0,-1023.0,-100.0,24.0,20.0,-3.0,
1646387578346912860,-0.438232421875,0.58056640625,0.352355957031,0.588806152344,-8373.0,-1080.0,34.0,23.0,19.0,-2.0,
1646387578352551460,-0.437866210938,0.581481933594,0.35107421875,0.588928222656,-8354.0,-1129.0,123.0,21.0,19.0,-1.0,
1646387578356067895,-0.4375,0.582458496094,0.349853515625,0.588989257812,-8323.0,-1168.0,166.0,20.0,19.0,-1.0,
1646387578360914230,-0.437194824219,0.583435058594,0.3486328125,0.588928222656,-8299.0,-1190.0,188.0,19.0,19.0,0.0,
1646387578365674257,-0.436950683594,0.58447265625,0.347534179688,0.588745117188,-8288.0,-1192.0,172.0,17.0,21.0,2.0,
1646387578369576215,-0.436767578125,0.585693359375,0.346496582031,0.588317871094,-8277.0,-1205.0,101.0,15.0,24.0,3.0,
1646387578378803253,-0.436706542969,0.587036132812,0.345458984375,0.587646484375,-8248.0,-1189.0,3.0,12.0,28.0,5.0,
1646387578381814002,-0.436706542969,0.588623046875,0.344421386719,0.586608886719,-8144.0,-1121.0,-120.0,11.0,32.0,7.0,
1646387578386252641,-0.436767578125,0.590393066406,0.343444824219,0.585388183594,-7999.0,-1072.0,-249.0,10.0,35.0,9.0,
1646387578390667915,-0.436767578125,0.592163085938,0.342468261719,0.584167480469,-7856.0,-1028.0,-378.0,10.0,34.0,10.0,
1646387578395376682,-0.436645507812,0.593872070312,0.341674804688,0.5830078125,-7762.0,-999.0,-500.0,10.0,31.0,12.0,
1646387578398822546,-0.436401367188,0.595520019531,0.341003417969,0.581848144531,-7708.0,-968.0,-605.0,10.0,28.0,14.0,
1646387578408471107,-0.43603515625,0.59716796875,0.340454101562,0.580810546875,-7684.0,-952.0,-710.0,10.0,25.0,16.0,
1646387578412909507,-0.435546875,0.598754882812,0.339965820312,0.579772949219,-7651.0,-936.0,-779.0,10.0,24.0,17.0,
1646387578417888879,-0.434997558594,0.600402832031,0.339599609375,0.578674316406,-7560.0,-905.0,-819.0,9.0,24.0,20.0,
1646387578424103498,-0.434387207031,0.60205078125,0.33935546875,0.577575683594,-7419.0,-884.0,-824.0,9.0,23.0,21.0,
1646387578427207708,-0.433715820312,0.603515625,0.339172363281,0.576721191406,-7353.0,-918.0,-805.0,10.0,19.0,19.0,
1646387578432228565,-0.43310546875,0.604553222656,0.338928222656,0.576171875,-7444.0,-985.0,-773.0,10.0,13.0,16.0,
1646387578437057971,-0.432495117188,0.60546875,0.338684082031,0.575805664062,-7565.0,-995.0,-733.0,9.0,11.0,14.0,
1646387578440636396,-0.432006835938,0.606384277344,0.338500976562,0.575317382812,-7626.0,-999.0,-706.0,7.0,13.0,13.0,
1646387578445062637,-0.431640625,0.607299804688,0.33837890625,0.57470703125,-7630.0,-999.0,-707.0,5.0,15.0,13.0,
1646387578448524951,-0.431396484375,0.608276367188,0.338256835938,0.573913574219,-7625.0,-976.0,-724.0,3.0,16.0,13.0,
1646387578456306934,-0.43115234375,0.609252929688,0.338195800781,0.573120117188,-7640.0,-939.0,-735.0,2.0,16.0,14.0,
1646387578461063385,-0.430908203125,0.610229492188,0.338195800781,0.572265625,-7676.0,-878.0,-775.0,1.0,16.0,14.0,
1646387578465709686,-0.4306640625,0.611328125,0.338195800781,0.571350097656,-7670.0,-826.0,-819.0,1.0,17.0,14.0,
1646387578470368623,-0.430419921875,0.612426757812,0.338134765625,0.570373535156,-7593.0,-810.0,-852.0,2.0,18.0,14.0,
1646387578473856687,-0.430114746094,0.613525390625,0.338073730469,0.569458007812,-7468.0,-825.0,-858.0,3.0,17.0,15.0,
1646387578481937408,-0.429626464844,0.614501953125,0.338073730469,0.568725585938,-7365.0,-842.0,-844.0,3.0,13.0,17.0,
1646387578486258268,-0.429016113281,0.615356445312,0.338256835938,0.568176269531,-7293.0,-865.0,-816.0,4.0,9.0,18.0,
1646387578490701675,-0.428283691406,0.616088867188,0.338562011719,0.567687988281,-7234.0,-864.0,-793.0,4.0,6.0,19.0,
1646387578499577045,-0.427490234375,0.616821289062,0.338928222656,0.5673828125,-7160.0,-877.0,-767.0,5.0,3.0,20.0,
1646387578501815557,-0.426513671875,0.617492675781,0.339294433594,0.567077636719,-7088.0,-891.0,-728.0,6.0,2.0,21.0,
1646387578506110668,-0.425476074219,0.6181640625,0.339782714844,0.566833496094,-7037.0,-866.0,-683.0,6.0,0.0,22.0,
1646387578511053085,-0.42431640625,0.618896484375,0.340270996094,0.566650390625,-7014.0,-810.0,-647.0,8.0,0.0,23.0,
1646387578517094850,-0.423034667969,0.61962890625,0.3408203125,0.566467285156,-7025.0,-779.0,-628.0,9.0,-1.0,24.0,
1646387578522225856,-0.421691894531,0.620361328125,0.341247558594,0.56640625,-7099.0,-797.0,-657.0,10.0,-2.0,24.0,
1646387578526713371,-0.420471191406,0.62109375,0.341674804688,0.566223144531,-7210.0,-796.0,-665.0,10.0,-2.0,24.0,
1646387578531177759,-0.419250488281,0.621887207031,0.342224121094,0.56591796875,-7327.0,-729.0,-702.0,8.0,2.0,25.0,
1646387578535847187,-0.418151855469,0.622985839844,0.3427734375,0.565246582031,-7432.0,-640.0,-755.0,5.0,6.0,27.0,
1646387578565848112,-0.417114257812,0.624206542969,0.343322753906,0.564331054688,-7462.0,-533.0,-844.0,4.0,11.0,28.0,
1646387578567039966,-0.416198730469,0.625610351562,0.343811035156,0.563110351562,-7401.0,-427.0,-974.0,3.0,16.0,28.0,
1646387578567589998,-0.415405273438,0.627197265625,0.34423828125,0.561645507812,-7306.0,-353.0,-1093.0,2.0,19.0,29.0,
1646387578568047046,-0.414611816406,0.628845214844,0.344665527344,0.560241699219,-7161.0,-254.0,-1230.0,2.0,18.0,30.0,
1646387578569103240,-0.413696289062,0.630493164062,0.345153808594,0.558715820312,-7010.0,-145.0,-1374.0,2.0,18.0,32.0,
1646387578569549083,-0.41259765625,0.632263183594,0.345825195312,0.557067871094,-6875.0,-29.0,-1505.0,2.0,17.0,35.0,
1646387578573679924,-0.411437988281,0.634033203125,0.346557617188,0.555480957031,-6718.0,72.0,-1597.0,3.0,15.0,37.0,
1646387578578633069,-0.410095214844,0.6357421875,0.347351074219,0.553955078125,-6569.0,125.0,-1688.0,3.0,13.0,38.0,
1646387578584806203,-0.40869140625,0.637390136719,0.348266601562,0.552612304688,-6469.0,154.0,-1732.0,3.0,9.0,39.0,
1646387578587263822,-0.4072265625,0.638793945312,0.349304199219,0.551391601562,-6407.0,203.0,-1781.0,3.0,5.0,40.0,
1646387578591748714,-0.405517578125,0.640197753906,0.3505859375,0.550231933594,-6372.0,251.0,-1803.0,2.0,2.0,42.0,
1646387578596436500,-0.403747558594,0.641418457031,0.35205078125,0.549194335938,-6372.0,272.0,-1798.0,0.0,-2.0,43.0,
1646387578600663185,-0.401977539062,0.642456054688,0.353698730469,0.548217773438,-6381.0,279.0,-1756.0,-2.0,-5.0,44.0,
1646387578606018066,-0.400207519531,0.643249511719,0.35546875,0.54736328125,-6414.0,271.0,-1735.0,-4.0,-9.0,44.0,
1646387578610909223,-0.398559570312,0.643859863281,0.357360839844,0.546630859375,-6459.0,283.0,-1671.0,-7.0,-12.0,42.0,
1646387578617749929,-0.396911621094,0.644287109375,0.359436035156,0.545959472656,-6433.0,380.0,-1624.0,-10.0,-14.0,41.0,
1646387578623499870,-0.395141601562,0.644653320312,0.361755371094,0.545288085938,-6437.0,440.0,-1571.0,-10.0,-18.0,42.0,
1646387578628307819,-0.393249511719,0.644836425781,0.364074707031,0.544860839844,-6418.0,473.0,-1527.0,-10.0,-22.0,42.0,
1646387578633088350,-0.391296386719,0.644958496094,0.366516113281,0.544494628906,-6354.0,503.0,-1487.0,-10.0,-24.0,43.0,
1646387578637527465,-0.389221191406,0.645080566406,0.368957519531,0.544250488281,-6279.0,515.0,-1458.0,-9.0,-27.0,44.0,
1646387578641946077,-0.387084960938,0.645080566406,0.371398925781,0.544067382812,-6182.0,495.0,-1415.0,-8.0,-29.0,45.0,
1646387578646603107,-0.384826660156,0.645080566406,0.373901367188,0.5439453125,-6051.0,466.0,-1361.0,-8.0,-31.0,46.0,
1646387578651200056,-0.382507324219,0.64501953125,0.376586914062,0.543823242188,-5888.0,441.0,-1297.0,-9.0,-32.0,48.0,
1646387578657331466,-0.380065917969,0.644897460938,0.37939453125,0.543762207031,-5720.0,423.0,-1221.0,-10.0,-35.0,51.0,
1646387578660192966,-0.37744140625,0.644775390625,0.382385253906,0.543640136719,-5561.0,402.0,-1141.0,-10.0,-37.0,54.0,
1646387578663674592,-0.374633789062,0.64453125,0.385559082031,0.543579101562,-5448.0,352.0,-1056.0,-11.0,-39.0,57.0,
1646387578671810150,-0.371765136719,0.644226074219,0.388916015625,0.543518066406,-5397.0,306.0,-979.0,-13.0,-41.0,59.0,
1646387578676120519,-0.368835449219,0.643859863281,0.392456054688,0.543395996094,-5410.0,306.0,-901.0,-15.0,-43.0,62.0,
1646387578681531429,-0.365844726562,0.643493652344,0.396118164062,0.543151855469,-5455.0,329.0,-835.0,-16.0,-43.0,65.0,
1646387578685702800,-0.362731933594,0.643188476562,0.399963378906,0.542846679688,-5526.0,355.0,-773.0,-17.0,-42.0,67.0,
1646387578688857555,-0.359619140625,0.642944335938,0.40380859375,0.542358398438,-5602.0,389.0,-707.0,-18.0,-41.0,69.0,
1646387578697336673,-0.3564453125,0.642700195312,0.40771484375,0.541809082031,-5682.0,438.0,-714.0,-18.0,-40.0,71.0,
1646387578700895786,-0.353210449219,0.642639160156,0.411499023438,0.541198730469,-5873.0,484.0,-699.0,-16.0,-40.0,71.0,
1646387578705513715,-0.35009765625,0.642578125,0.415100097656,0.540466308594,-6023.0,576.0,-684.0,-15.0,-35.0,70.0,
1646387578710160970,-0.34716796875,0.642883300781,0.418518066406,0.539428710938,-6039.0,713.0,-683.0,-15.0,-27.0,70.0,
1646387578713650226,-0.344177246094,0.643371582031,0.421752929688,0.538208007812,-6007.0,851.0,-707.0,-12.0,-22.0,69.0,
1646387578724277973,-0.341247558594,0.643981933594,0.424682617188,0.537048339844,-5985.0,942.0,-730.0,-8.0,-22.0,66.0,
1646387578728466272,-0.338256835938,0.64453125,0.427429199219,0.536071777344,-5957.0,978.0,-740.0,-4.0,-23.0,64.0,
1646387578733091354,-0.335144042969,0.645080566406,0.429992675781,0.535339355469,-5910.0,995.0,-737.0,-2.0,-26.0,63.0,
1646387578737752676,-0.331848144531,0.645446777344,0.4326171875,0.534790039062,-5820.0,1015.0,-717.0,1.0,-30.0,63.0,
1646387578742255926,-0.328125,0.645690917969,0.435485839844,0.534545898438,-5715.0,1033.0,-665.0,2.0,-39.0,67.0,
1646387578746886968,-0.323852539062,0.645629882812,0.438659667969,0.534606933594,-5655.0,1036.0,-598.0,3.0,-50.0,72.0,
1646387578751555681,-0.318969726562,0.645141601562,0.442199707031,0.53515625,-5659.0,1036.0,-493.0,4.0,-64.0,76.0,
1646387578756031751,-0.313659667969,0.644226074219,0.446044921875,0.536193847656,-5768.0,1043.0,-362.0,5.0,-77.0,79.0,
1646387578760414123,-0.307922363281,0.642944335938,0.4501953125,0.537658691406,-5953.0,1070.0,-208.0,5.0,-89.0,81.0,
1646387578768750667,-0.301818847656,0.641296386719,0.454467773438,0.539489746094,-6196.0,1128.0,-45.0,5.0,-98.0,82.0,
1646387578772844552,-0.295471191406,0.639404296875,0.458801269531,0.54150390625,-6496.0,1225.0,118.0,7.0,-104.0,82.0,
1646387578777111291,-0.288940429688,0.637512207031,0.463073730469,0.543701171875,-6850.0,1391.0,320.0,10.0,-106.0,82.0,
1646387578781565904,-0.282287597656,0.635681152344,0.467163085938,0.545776367188,-7224.0,1624.0,420.0,13.0,-104.0,82.0,
1646387578786401271,-0.275634765625,0.634338378906,0.470947265625,0.547485351562,-7484.0,1953.0,477.0,18.0,-97.0,83.0,
1646387578789637565,-0.268859863281,0.633728027344,0.474365234375,0.548645019531,-7591.0,2312.0,525.0,26.0,-84.0,86.0,
1646387578798730134,-0.261657714844,0.633728027344,0.477478027344,0.549377441406,-7687.0,2592.0,578.0,35.0,-76.0,90.0,
1646387578802122592,-0.254150390625,0.634033203125,0.480224609375,0.550231933594,-7826.0,2878.0,650.0,45.0,-76.0,92.0,
1646387578806624174,-0.246459960938,0.634399414062,0.482299804688,0.551391601562,-8106.0,3070.0,711.0,55.0,-77.0,86.0,
1646387578812892675,-0.238647460938,0.635070800781,0.483947753906,0.552734375,-8465.0,3171.0,772.0,64.0,-76.0,85.0,
1646387578814903259,-0.230834960938,0.636047363281,0.485290527344,0.5537109375,-8680.0,3300.0,835.0,68.0,-68.0,90.0,
1646387578824659347,-0.22314453125,0.63720703125,0.486389160156,0.554565429688,-8872.0,3327.0,878.0,71.0,-63.0,87.0,
1646387578830374002,-0.215454101562,0.638305664062,0.487487792969,0.555297851562,-9065.0,3313.0,927.0,70.0,-62.0,89.0,
1646387578837886810,-0.208190917969,0.639221191406,0.488342285156,0.556274414062,-9246.0,3274.0,959.0,68.0,-63.0,82.0,
1646387578840177774,-0.201293945312,0.639892578125,0.488952636719,0.557495117188,-9467.0,3197.0,951.0,66.0,-64.0,75.0,
1646387578843887567,-0.194702148438,0.640563964844,0.489562988281,0.558532714844,-9666.0,3105.0,907.0,62.0,-61.0,75.0,
1646387578849422454,-0.1884765625,0.641296386719,0.490173339844,0.559326171875,-9754.0,3117.0,867.0,58.0,-55.0,74.0,
1646387578852818012,-0.182556152344,0.642028808594,0.49072265625,0.559936523438,-9868.0,3158.0,820.0,56.0,-52.0,70.0,
1646387578857553482,-0.176879882812,0.642883300781,0.491149902344,0.560424804688,-9967.0,3252.0,762.0,55.0,-47.0,68.0,
1646387578863007783,-0.17138671875,0.643920898438,0.491394042969,0.560791015625,-10041.0,3361.0,701.0,56.0,-42.0,64.0,
1646387578867925405,-0.166076660156,0.645202636719,0.491333007812,0.560913085938,-10114.0,3452.0,667.0,58.0,-36.0,62.0,
1646387578876430988,-0.160827636719,0.646728515625,0.491088867188,0.560913085938,-10182.0,3563.0,669.0,62.0,-30.0,62.0,
1646387578878324985,-0.155700683594,0.648559570312,0.490539550781,0.560729980469,-10233.0,3737.0,658.0,66.0,-24.0,60.0,
1646387578883446455,-0.150634765625,0.650756835938,0.489562988281,0.560363769531,-10327.0,3894.0,673.0,72.0,-17.0,56.0,
