1647355073946118116,0.0227661132812,0.486389160156,0.681213378906,0.546569824219,-2185.0,5686.0,5304.0,6.0,-12.0,-10.0,
1647355073950645446,0.0234375,0.485961914062,0.680969238281,0.547180175781,-2242.0,5720.0,5242.0,5.0,-12.0,-9.0,
1647355073957189559,0.0241088867188,0.485534667969,0.680786132812,0.5478515625,-2281.0,5747.0,5172.0,3.0,-13.0,-8.0,
1647355073963622331,0.0247802734375,0.485046386719,0.680603027344,0.548461914062,-2323.0,5766.0,5134.0,2.0,-13.0,-8.0,
1647355073966811656,0.025390625,0.484558105469,0.680419921875,0.549072265625,-2380.0,5784.0,5127.0,2.0,-13.0,-8.0,
1647355073971320152,0.0260620117188,0.484069824219,0.680297851562,0.549621582031,-2452.0,5800.0,5139.0,2.0,-13.0,-7.0,
1647355073975817441,0.0267944335938,0.483581542969,0.680114746094,0.550231933594,-2529.0,5826.0,5155.0,3.0,-13.0,-7.0,
1647355073980344057,0.0275268554688,0.483093261719,0.679931640625,0.550842285156,-2604.0,5871.0,5159.0,4.0,-14.0,-6.0,
1647355073987353086,0.0283813476562,0.482666015625,0.679748535156,0.551391601562,-2668.0,5930.0,5158.0,5.0,-14.0,-6.0,
1647355073994049310,0.0292358398438,0.482299804688,0.679565429688,0.551940917969,-2733.0,5983.0,5158.0,5.0,-15.0,-5.0,
1647355073998567581,0.0300903320312,0.481811523438,0.679382324219,0.552490234375,-2790.0,6029.0,5151.0,4.0,-15.0,-5.0,
1647355074003005027,0.0309448242188,0.481323242188,0.679321289062,0.553039550781,-2831.0,6077.0,5147.0,3.0,-16.0,-4.0,
1647355074007838726,0.03173828125,0.480712890625,0.679260253906,0.553527832031,-2870.0,6108.0,5127.0,0.0,-16.0,-4.0,
1647355074012180805,0.032470703125,0.47998046875,0.679321289062,0.554077148438,-2906.0,6121.0,5095.0,-2.0,-16.0,-4.0,
1647355074016922712,0.0331420898438,0.479187011719,0.679443359375,0.554565429688,-2937.0,6099.0,5076.0,-5.0,-16.0,-3.0,
1647355074021240949,0.03369140625,0.478271484375,0.679565429688,0.555114746094,-2945.0,6054.0,5046.0,-6.0,-17.0,-3.0,
1647355074025936126,0.0342407226562,0.477294921875,0.679748535156,0.5556640625,-2946.0,5970.0,4998.0,-7.0,-17.0,-3.0,
1647355074030553102,0.0347900390625,0.476440429688,0.679931640625,0.556274414062,-2944.0,5852.0,4953.0,-6.0,-16.0,-3.0,
1647355074037630319,0.0352783203125,0.475524902344,0.680053710938,0.556823730469,-2956.0,5735.0,4915.0,-5.0,-16.0,-4.0,
1647355074043368816,0.0357666015625,0.474731445312,0.680114746094,0.557434082031,-2976.0,5649.0,4881.0,-4.0,-16.0,-4.0,
1647355074047566413,0.0363159179688,0.473937988281,0.680114746094,0.557983398438,-3001.0,5605.0,4850.0,-3.0,-16.0,-3.0,
1647355074051289081,0.0369262695312,0.473266601562,0.680114746094,0.558532714844,-3033.0,5593.0,4814.0,-2.0,-16.0,-3.0,
1647355074062454223,0.03759765625,0.47265625,0.68017578125,0.559020996094,-3062.0,5589.0,4772.0,-2.0,-15.0,-2.0,
1647355074064327239,0.0382080078125,0.472045898438,0.68017578125,0.559448242188,-3097.0,5606.0,4747.0,-1.0,-14.0,-2.0,
1647355074066236972,0.038818359375,0.471496582031,0.68017578125,0.559814453125,-3132.0,5629.0,4730.0,-1.0,-14.0,-1.0,
1647355074074699878,0.0394897460938,0.471069335938,0.68017578125,0.560180664062,-3169.0,5653.0,4676.0,0.0,-13.0,-1.0,
1647355074075390577,0.0401000976562,0.470703125,0.68017578125,0.560485839844,-3231.0,5656.0,4660.0,1.0,-12.0,-1.0,
1647355074082298040,0.0407104492188,0.470336914062,0.680114746094,0.560791015625,-3308.0,5632.0,4700.0,1.0,-12.0,-1.0,
1647355074086898088,0.0413208007812,0.469970703125,0.679992675781,0.561157226562,-3375.0,5611.0,4779.0,3.0,-12.0,-1.0,
1647355074093733787,0.0419921875,0.469604492188,0.679870605469,0.561584472656,-3437.0,5592.0,4849.0,5.0,-13.0,-1.0,
1647355074107350349,0.0426635742188,0.469360351562,0.679626464844,0.56201171875,-3482.0,5569.0,4915.0,6.0,-13.0,-1.0,
1647355074109170436,0.04345703125,0.469055175781,0.679443359375,0.562438964844,-3510.0,5549.0,4957.0,7.0,-13.0,-1.0,
1647355074109406471,0.044189453125,0.46875,0.679260253906,0.562805175781,-3517.0,5545.0,4973.0,7.0,-13.0,-1.0,
1647355074113571405,0.0449829101562,0.468505859375,0.679077148438,0.563232421875,-3500.0,5550.0,4971.0,6.0,-13.0,-1.0,
1647355074117690801,0.0457153320312,0.468139648438,0.678955078125,0.563659667969,-3468.0,5565.0,4957.0,4.0,-13.0,-1.0,
1647355074122408151,0.04638671875,0.4677734375,0.678833007812,0.564025878906,-3440.0,5575.0,4924.0,3.0,-13.0,-1.0,
1647355074127062559,0.0470581054688,0.467346191406,0.678771972656,0.564392089844,-3409.0,5570.0,4884.0,2.0,-13.0,-1.0,
1647355074133069276,0.047607421875,0.466918945312,0.6787109375,0.564758300781,-3386.0,5534.0,4862.0,0.0,-12.0,-2.0,
1647355074137620210,0.048095703125,0.466369628906,0.6787109375,0.565185546875,-3368.0,5481.0,4854.0,-2.0,-12.0,-2.0,
1647355074141273260,0.0484008789062,0.465759277344,0.678771972656,0.565612792969,-3360.0,5448.0,4852.0,-3.0,-12.0,-3.0,
1647355074145829200,0.0487670898438,0.465148925781,0.678771972656,0.566040039062,-3356.0,5447.0,4826.0,-3.0,-12.0,-2.0,
1647355074155264139,0.049072265625,0.464599609375,0.678833007812,0.56640625,-3335.0,5455.0,4776.0,-4.0,-11.0,-2.0,
1647355074157051324,0.0493774414062,0.464050292969,0.678894042969,0.566772460938,-3307.0,5456.0,4714.0,-4.0,-11.0,-2.0,
1647355074163983821,0.0496826171875,0.463562011719,0.678955078125,0.567016601562,-3282.0,5447.0,4664.0,-4.0,-10.0,-2.0,
1647355074166150093,0.0499877929688,0.463134765625,0.679016113281,0.567321777344,-3270.0,5431.0,4642.0,-4.0,-9.0,-2.0,
1647355074172349452,0.05029296875,0.462707519531,0.679016113281,0.567626953125,-3278.0,5443.0,4657.0,-2.0,-9.0,-2.0,
1647355074177643775,0.0505981445312,0.462341308594,0.679016113281,0.56787109375,-3302.0,5482.0,4688.0,-1.0,-8.0,-2.0,
1647355074182904243,0.0509033203125,0.462036132812,0.679016113281,0.568115234375,-3344.0,5559.0,4743.0,-1.0,-8.0,-1.0,
1647355074186951637,0.0513305664062,0.461730957031,0.679077148438,0.568298339844,-3384.0,5673.0,4786.0,0.0,-8.0,0.0,
1647355074191676616,0.0517578125,0.46142578125,0.679138183594,0.568420410156,-3407.0,5793.0,4806.0,-1.0,-8.0,1.0,
1647355074198830842,0.0521240234375,0.461059570312,0.679260253906,0.568481445312,-3410.0,5858.0,4823.0,-3.0,-8.0,2.0,
1647355074203679800,0.0524291992188,0.460632324219,0.679504394531,0.568542480469,-3405.0,5873.0,4846.0,-5.0,-7.0,2.0,
1647355074209010362,0.0526733398438,0.460083007812,0.679748535156,0.568664550781,-3405.0,5859.0,4880.0,-7.0,-7.0,1.0,
1647355074218950986,0.0527954101562,0.45947265625,0.680053710938,0.568786621094,-3404.0,5832.0,4912.0,-7.0,-7.0,1.0,
1647355074220315456,0.052978515625,0.458862304688,0.680297851562,0.568969726562,-3399.0,5804.0,4930.0,-7.0,-7.0,1.0,
1647355074224776029,0.0531616210938,0.458251953125,0.680603027344,0.569091796875,-3389.0,5782.0,4961.0,-7.0,-8.0,2.0,
1647355074233818531,0.0533447265625,0.457641601562,0.680908203125,0.569213867188,-3376.0,5770.0,4979.0,-7.0,-8.0,2.0,
1647355074235481739,0.0535888671875,0.45703125,0.681213378906,0.5693359375,-3352.0,5762.0,4985.0,-6.0,-8.0,2.0,
1647355074241387367,0.0538330078125,0.456481933594,0.681457519531,0.569396972656,-3332.0,5760.0,4979.0,-6.0,-8.0,2.0,
1647355074242728233,0.0540161132812,0.455932617188,0.681762695312,0.569519042969,-3311.0,5754.0,4966.0,-7.0,-7.0,2.0,
1647355074250285625,0.0542602539062,0.455383300781,0.682006835938,0.569580078125,-3291.0,5740.0,4953.0,-6.0,-7.0,2.0,
1647355074251013517,0.054443359375,0.454833984375,0.682312011719,0.569641113281,-3283.0,5710.0,4927.0,-6.0,-7.0,2.0,
1647355074258433103,0.0546875,0.454406738281,0.682495117188,0.569763183594,-3281.0,5677.0,4890.0,-5.0,-6.0,2.0,
1647355074263782978,0.0548706054688,0.453979492188,0.682678222656,0.56982421875,-3291.0,5624.0,4845.0,-5.0,-6.0,1.0,
1647355074266871452,0.0549926757812,0.45361328125,0.682861328125,0.569885253906,-3304.0,5536.0,4812.0,-4.0,-6.0,1.0,
1647355074273163795,0.0550537109375,0.453308105469,0.682983398438,0.570068359375,-3300.0,5434.0,4813.0,-4.0,-5.0,0.0,
1647355074275923728,0.05517578125,0.453002929688,0.683044433594,0.570190429688,-3279.0,5343.0,4823.0,-2.0,-5.0,0.0,
1647355074281661987,0.0553588867188,0.452758789062,0.683044433594,0.5703125,-3257.0,5276.0,4838.0,1.0,-5.0,0.0,
1647355074288135766,0.0557250976562,0.452697753906,0.682983398438,0.570434570312,-3236.0,5230.0,4825.0,4.0,-4.0,0.0,
1647355074292569875,0.0560913085938,0.452758789062,0.682861328125,0.570495605469,-3215.0,5203.0,4778.0,6.0,-4.0,0.0,
1647355074298085451,0.0564575195312,0.452880859375,0.6826171875,0.570617675781,-3216.0,5204.0,4766.0,7.0,-4.0,-1.0,
1647355074303979158,0.056884765625,0.453063964844,0.682434082031,0.570739746094,-3205.0,5250.0,4749.0,7.0,-4.0,-2.0,
1647355074309163808,0.0573120117188,0.453247070312,0.682189941406,0.57080078125,-3185.0,5312.0,4693.0,7.0,-4.0,-1.0,
1647355074313429832,0.0576782226562,0.453369140625,0.682067871094,0.57080078125,-3204.0,5379.0,4669.0,5.0,-4.0,-1.0,
1647355074316958427,0.0579223632812,0.453308105469,0.682006835938,0.570922851562,-3236.0,5466.0,4678.0,1.0,-4.0,-1.0,
1647355074321213960,0.0580444335938,0.453125,0.682067871094,0.570983886719,-3274.0,5575.0,4709.0,-3.0,-4.0,-1.0,
1647355074325488328,0.0581665039062,0.452819824219,0.682189941406,0.570983886719,-3327.0,5695.0,4767.0,-5.0,-4.0,1.0,
1647355074332058906,0.0582275390625,0.452453613281,0.682495117188,0.570983886719,-3376.0,5823.0,4836.0,-7.0,-4.0,2.0,
1647355074336284399,0.0582885742188,0.451904296875,0.682861328125,0.570922851562,-3411.0,5947.0,4886.0,-9.0,-5.0,3.0,
1647355074340516090,0.058349609375,0.451293945312,0.683288574219,0.570922851562,-3425.0,6033.0,4928.0,-12.0,-5.0,3.0,
1647355074348309040,0.0582885742188,0.450622558594,0.683776855469,0.570861816406,-3417.0,6052.0,4930.0,-14.0,-5.0,3.0,
1647355074351209878,0.05810546875,0.449829101562,0.684326171875,0.570861816406,-3403.0,5986.0,4895.0,-15.0,-4.0,3.0,
1647355074355654954,0.0578002929688,0.449157714844,0.684753417969,0.570861816406,-3410.0,5825.0,4874.0,-15.0,-3.0,2.0,
1647355074364310026,0.0574340820312,0.448486328125,0.685180664062,0.570983886719,-3416.0,5631.0,4888.0,-13.0,-3.0,0.0,
1647355074367257833,0.05712890625,0.447937011719,0.685363769531,0.571166992188,-3407.0,5466.0,4906.0,-9.0,-2.0,-1.0,
1647355074370459556,0.0570068359375,0.447631835938,0.685485839844,0.5712890625,-3388.0,5366.0,4931.0,-3.0,-3.0,0.0,
1647355074376957178,0.05712890625,0.447448730469,0.685546875,0.571350097656,-3365.0,5343.0,4929.0,1.0,-3.0,1.0,
1647355074381248474,0.0574340820312,0.447509765625,0.685485839844,0.571350097656,-3337.0,5380.0,4892.0,4.0,-3.0,1.0,
1647355074385368824,0.0578002929688,0.447631835938,0.685424804688,0.5712890625,-3295.0,5439.0,4846.0,4.0,-2.0,1.0,
1647355074392701148,0.0581665039062,0.44775390625,0.685424804688,0.571166992188,-3266.0,5487.0,4803.0,4.0,-2.0,1.0,
1647355074396403312,0.0584106445312,0.447875976562,0.685363769531,0.571105957031,-3255.0,5522.0,4784.0,3.0,-1.0,1.0,
1647355074404584884,0.05859375,0.447937011719,0.685363769531,0.571044921875,-3265.0,5550.0,4786.0,1.0,-1.0,0.0,
1647355074407508850,0.0586547851562,0.447875976562,0.685363769531,0.571044921875,-3284.0,5600.0,4801.0,-1.0,-1.0,0.0,
1647355074413881063,0.0587158203125,0.44775390625,0.685485839844,0.571044921875,-3323.0,5663.0,4813.0,-3.0,-1.0,0.0,
1647355074414901256,0.0586547851562,0.447570800781,0.685607910156,0.571044921875,-3355.0,5701.0,4837.0,-5.0,-1.0,0.0,
1647355074421893358,0.0584716796875,0.447204589844,0.685852050781,0.571044921875,-3375.0,5707.0,4857.0,-8.0,-2.0,0.0,
1647355074425959110,0.0582885742188,0.44677734375,0.686096191406,0.571044921875,-3377.0,5666.0,4876.0,-10.0,-2.0,0.0,
1647355074428920984,0.0579223632812,0.4462890625,0.686401367188,0.571105957031,-3393.0,5597.0,4922.0,-10.0,-1.0,0.0,
1647355074436536312,0.0576171875,0.44580078125,0.686706542969,0.571228027344,-3429.0,5541.0,4977.0,-10.0,-1.0,0.0,
1647355074441041469,0.057373046875,0.445373535156,0.686950683594,0.5712890625,-3463.0,5503.0,5017.0,-8.0,-2.0,0.0,
1647355074444004058,0.0571899414062,0.445068359375,0.687133789062,0.571350097656,-3472.0,5516.0,5085.0,-6.0,-2.0,1.0,
1647355074454010009,0.0572509765625,0.444763183594,0.687316894531,0.571350097656,-3445.0,5585.0,5151.0,-4.0,-2.0,1.0,
1647355074455839157,0.0574340820312,0.444519042969,0.6875,0.571228027344,-3413.0,5679.0,5179.0,-2.0,-2.0,3.0,
1647355074458961725,0.0576782226562,0.444396972656,0.687683105469,0.571105957031,-3417.0,5753.0,5181.0,-1.0,-2.0,3.0,
1647355074467821359,0.0579223632812,0.444274902344,0.687866210938,0.570983886719,-3422.0,5806.0,5174.0,-2.0,-2.0,3.0,
1647355074472330570,0.0579833984375,0.444030761719,0.688110351562,0.570861816406,-3398.0,5850.0,5146.0,-4.0,-2.0,2.0,
1647355074476945161,0.05810546875,0.443786621094,0.688293457031,0.570739746094,-3372.0,5873.0,5125.0,-5.0,-2.0,3.0,
1647355074482237100,0.0582275390625,0.443542480469,0.688598632812,0.570556640625,-3343.0,5904.0,5127.0,-5.0,-2.0,4.0,
1647355074486357927,0.0584106445312,0.443298339844,0.68896484375,0.570373535156,-3312.0,5939.0,5080.0,-5.0,-2.0,5.0,
1647355074492854118,0.05859375,0.443054199219,0.689331054688,0.570068359375,-3285.0,5927.0,5017.0,-5.0,-2.0,6.0,
1647355074497700929,0.0586547851562,0.442749023438,0.689697265625,0.56982421875,-3257.0,5841.0,4990.0,-7.0,-1.0,5.0,
1647355074513881683,0.05859375,0.4423828125,0.690063476562,0.569702148438,-3201.0,5722.0,4955.0,-8.0,-1.0,4.0,
1647355074514768362,0.0584716796875,0.442016601562,0.6904296875,0.569580078125,-3154.0,5603.0,4928.0,-7.0,0.0,3.0,
1647355074526592254,0.0584106445312,0.441711425781,0.690734863281,0.569396972656,-3131.0,5508.0,4901.0,-6.0,0.0,4.0,
1647355074527648448,0.0584106445312,0.441528320312,0.691040039062,0.569213867188,-3099.0,5478.0,4882.0,-4.0,0.0,5.0,
1647355074528654575,0.05859375,0.441345214844,0.691345214844,0.568969726562,-3039.0,5501.0,4853.0,-3.0,-1.0,5.0,
1647355074529258728,0.0587768554688,0.441223144531,0.691711425781,0.568603515625,-2962.0,5478.0,4694.0,-3.0,0.0,6.0,
1647355074531916618,0.0588989257812,0.441223144531,0.691955566406,0.568237304688,-2969.0,5356.0,4689.0,-4.0,2.0,5.0,
1647355074536940336,0.0586547851562,0.441101074219,0.692260742188,0.568054199219,-2956.0,5265.0,4800.0,-5.0,3.0,3.0,
1647355074543616056,0.0585327148438,0.440979003906,0.692443847656,0.567932128906,-2953.0,5283.0,4887.0,-1.0,2.0,2.0,
1647355074544679880,0.0587158203125,0.441040039062,0.692565917969,0.567687988281,-3030.0,5380.0,4949.0,3.0,2.0,4.0,
1647355074552734136,0.0589599609375,0.441284179688,0.692626953125,0.5673828125,-3124.0,5475.0,4975.0,4.0,2.0,5.0,
1647355074556849956,0.05908203125,0.44140625,0.692749023438,0.567077636719,-3171.0,5534.0,4992.0,1.0,1.0,4.0,
1647355074561557531,0.0590209960938,0.441284179688,0.692993164062,0.566955566406,-3178.0,5522.0,5026.0,-4.0,1.0,2.0,
1647355074566185474,0.0587158203125,0.44091796875,0.693298339844,0.56689453125,-3180.0,5447.0,5039.0,-9.0,1.0,1.0,
1647355074575206995,0.058349609375,0.4404296875,0.693664550781,0.56689453125,-3184.0,5349.0,5011.0,-11.0,1.0,1.0,
1647355074576024532,0.0579223632812,0.43994140625,0.694030761719,0.566833496094,-3185.0,5254.0,4974.0,-11.0,1.0,1.0,
1647355074582404136,0.0574951171875,0.439514160156,0.6943359375,0.566833496094,-3185.0,5178.0,4958.0,-11.0,0.0,1.0,
1647355074586086750,0.05712890625,0.439086914062,0.694580078125,0.56689453125,-3184.0,5134.0,4966.0,-9.0,0.0,0.0,
1647355074591575145,0.0568237304688,0.438781738281,0.69482421875,0.56689453125,-3176.0,5117.0,4943.0,-7.0,0.0,0.0,
1647355074594280719,0.056640625,0.438598632812,0.694946289062,0.56689453125,-3159.0,5085.0,4909.0,-5.0,1.0,0.0,
1647355074602514743,0.056396484375,0.4384765625,0.695007324219,0.56689453125,-3132.0,5044.0,4858.0,-3.0,1.0,-1.0,
1647355074608602285,0.0562133789062,0.438415527344,0.695068359375,0.566955566406,-3097.0,4979.0,4771.0,-3.0,2.0,-2.0,
1647355074617719650,0.0558471679688,0.438354492188,0.695068359375,0.567016601562,-3065.0,4883.0,4676.0,-4.0,2.0,-4.0,
1647355074618428230,0.0553588867188,0.438232421875,0.695007324219,0.567199707031,-3067.0,4764.0,4599.0,-6.0,3.0,-5.0,
1647355074622496366,0.0546264648438,0.438110351562,0.695007324219,0.5673828125,-3094.0,4663.0,4547.0,-7.0,4.0,-7.0,
1647355074627008199,0.0538940429688,0.438049316406,0.694946289062,0.567565917969,-3143.0,4585.0,4513.0,-6.0,5.0,-7.0,
1647355074631766319,0.0531616210938,0.438110351562,0.694763183594,0.567810058594,-3206.0,4515.0,4504.0,-4.0,6.0,-7.0,
1647355074636438846,0.052490234375,0.438293457031,0.694580078125,0.568054199219,-3262.0,4446.0,4522.0,-2.0,6.0,-8.0,
1647355074641523122,0.0518188476562,0.438537597656,0.694213867188,0.568298339844,-3317.0,4369.0,4547.0,1.0,6.0,-9.0,
1647355074647090435,0.0512084960938,0.438903808594,0.693786621094,0.568603515625,-3366.0,4287.0,4565.0,3.0,7.0,-11.0,
1647355074649577617,0.050537109375,0.439392089844,0.693176269531,0.569030761719,-3414.0,4210.0,4576.0,6.0,7.0,-12.0,
1647355074658115148,0.0499877929688,0.440063476562,0.692443847656,0.569396972656,-3459.0,4165.0,4582.0,10.0,8.0,-14.0,
1647355074662628889,0.0494384765625,0.44091796875,0.691589355469,0.56982421875,-3520.0,4168.0,4593.0,13.0,9.0,-15.0,
1647355074666268348,0.0490112304688,0.441955566406,0.690612792969,0.570251464844,-3601.0,4202.0,4627.0,16.0,9.0,-16.0,
1647355074670822381,0.048583984375,0.443115234375,0.689514160156,0.570739746094,-3686.0,4269.0,4668.0,18.0,9.0,-17.0,
1647355074674650907,0.0482788085938,0.444396972656,0.688354492188,0.571166992188,-3773.0,4362.0,4718.0,21.0,9.0,-17.0,
1647355074682798147,0.048095703125,0.445861816406,0.687072753906,0.571655273438,-3837.0,4479.0,4759.0,25.0,9.0,-18.0,
1647355074686933279,0.048095703125,0.447448730469,0.685607910156,0.572082519531,-3873.0,4598.0,4802.0,29.0,9.0,-18.0,
1647355074691732406,0.04833984375,0.449279785156,0.68408203125,0.572448730469,-3884.0,4731.0,4890.0,34.0,10.0,-17.0,
1647355074697221517,0.0487670898438,0.451293945312,0.682495117188,0.572814941406,-3863.0,4906.0,4967.0,39.0,9.0,-17.0,
1647355074702353000,0.0494995117188,0.453430175781,0.680725097656,0.573120117188,-3814.0,5129.0,5008.0,44.0,9.0,-17.0,
1647355074704476118,0.050537109375,0.455749511719,0.678955078125,0.573303222656,-3727.0,5379.0,5061.0,47.0,8.0,-16.0,
1647355074715967655,0.05322265625,0.46044921875,0.675354003906,0.573547363281,-3527.0,5999.0,5177.0,51.0,6.0,-14.0,
1647355074720620393,0.0547485351562,0.462707519531,0.673706054688,0.573547363281,-3426.0,6351.0,5198.0,49.0,5.0,-12.0,
1647355074725463151,0.0564575195312,0.46484375,0.672119140625,0.573486328125,-3321.0,6685.0,5221.0,47.0,3.0,-11.0,
1647355074729961633,0.05810546875,0.466735839844,0.670776367188,0.573364257812,-3207.0,7005.0,5237.0,42.0,2.0,-9.0,
1647355074734562158,0.0596923828125,0.468322753906,0.669616699219,0.5732421875,-3099.0,7283.0,5243.0,36.0,0.0,-8.0,
1647355074742611646,0.0612182617188,0.469604492188,0.668640136719,0.573181152344,-3013.0,7504.0,5266.0,30.0,-1.0,-7.0,
1647355074763364076,0.0625,0.470397949219,0.66796875,0.573181152344,-2949.0,7670.0,5317.0,22.0,-3.0,-6.0,
1647355074766184806,0.0635986328125,0.470825195312,0.66748046875,0.5732421875,-2893.0,7799.0,5376.0,15.0,-5.0,-6.0,
1647355074769459962,0.0645141601562,0.470886230469,0.667236328125,0.573364257812,-2832.0,7888.0,5353.0,8.0,-7.0,-5.0,
1647355074776093482,0.0653076171875,0.470764160156,0.667236328125,0.573425292969,-2755.0,7866.0,5215.0,2.0,-7.0,-3.0,
1647355074778558969,0.06591796875,0.470458984375,0.667358398438,0.573486328125,-2629.0,7640.0,4939.0,-3.0,-7.0,-3.0,
1647355074784084320,0.066162109375,0.470153808594,0.66748046875,0.573547363281,-2522.0,7183.0,4691.0,-7.0,-5.0,-4.0,
1647355074786681652,0.0659790039062,0.4697265625,0.66748046875,0.573852539062,-2470.0,6618.0,4556.0,-8.0,-3.0,-7.0,
1647355074794150590,0.065673828125,0.469299316406,0.667358398438,0.574401855469,-2517.0,6089.0,4541.0,-5.0,-3.0,-10.0,
1647355074796247720,0.0654907226562,0.469116210938,0.6669921875,0.574951171875,-2644.0,5704.0,4581.0,3.0,-3.0,-10.0,
1647355074800535440,0.065673828125,0.469299316406,0.666442871094,0.575500488281,-2821.0,5502.0,4631.0,12.0,-5.0,-7.0,
1647355074802668571,0.0663452148438,0.4697265625,0.665771484375,0.575805664062,-3010.0,5455.0,4659.0,19.0,-6.0,-4.0,
1647355074803900003,0.0673217773438,0.470458984375,0.6650390625,0.575988769531,-3160.0,5497.0,4678.0,24.0,-7.0,-1.0,
1647355074807150840,0.0684814453125,0.47119140625,0.664367675781,0.576049804688,-3264.0,5557.0,4673.0,25.0,-7.0,1.0,
1647355074815738677,0.0696411132812,0.471984863281,0.663635253906,0.576049804688,-3320.0,5587.0,4664.0,24.0,-7.0,1.0,
1647355074817878961,0.07080078125,0.472717285156,0.662963867188,0.576110839844,-3358.0,5574.0,4672.0,24.0,-7.0,0.0,
1647355074825879096,0.0718994140625,0.473388671875,0.662292480469,0.576171875,-3408.0,5545.0,4695.0,24.0,-6.0,0.0,
1647355074827157258,0.0729370117188,0.474060058594,0.661560058594,0.576354980469,-3467.0,5553.0,4715.0,24.0,-7.0,-1.0,
1647355074831699371,0.073974609375,0.474670410156,0.660827636719,0.576538085938,-3522.0,5606.0,4689.0,23.0,-8.0,-1.0,
1647355074836303710,0.074951171875,0.475219726562,0.66015625,0.576721191406,-3581.0,5687.0,4651.0,20.0,-8.0,-1.0,
1647355074840999603,0.0758666992188,0.4755859375,0.65966796875,0.576904296875,-3610.0,5756.0,4609.0,16.0,-9.0,-1.0,
1647355074848927974,0.07666015625,0.475769042969,0.659240722656,0.577087402344,-3613.0,5787.0,4584.0,11.0,-9.0,0.0,
1647355074849980831,0.0772094726562,0.475708007812,0.659057617188,0.577331542969,-3601.0,5766.0,4568.0,6.0,-9.0,-1.0,
1647355074857030868,0.07763671875,0.475463867188,0.658935546875,0.57763671875,-3588.0,5686.0,4564.0,2.0,-9.0,-2.0,
1647355074861586570,0.077880859375,0.47509765625,0.658813476562,0.577941894531,-3633.0,5603.0,4770.0,0.0,-9.0,-2.0,
1647355074866504192,0.0780639648438,0.474487304688,0.658813476562,0.578491210938,-3642.0,5574.0,4754.0,-1.0,-10.0,-2.0,
1647355074870838642,0.0783081054688,0.474060058594,0.65869140625,0.578918457031,-3641.0,5591.0,4638.0,-1.0,-10.0,-2.0,
1647355074873980998,0.0785522460938,0.473693847656,0.65869140625,0.579223632812,-3651.0,5558.0,4605.0,-3.0,-9.0,-2.0,
1647355074879135370,0.0785522460938,0.47314453125,0.65869140625,0.579650878906,-3631.0,5490.0,4572.0,-6.0,-9.0,-3.0,
1647355074887952327,0.0784912109375,0.472595214844,0.658752441406,0.580078125,-3613.0,5420.0,4569.0,-7.0,-8.0,-4.0,
1647355074891960144,0.0783081054688,0.472045898438,0.65869140625,0.580505371094,-3638.0,5368.0,4599.0,-6.0,-7.0,-5.0,
1647355074896412849,0.0781860351562,0.471618652344,0.658630371094,0.580993652344,-3697.0,5342.0,4652.0,-4.0,-7.0,-5.0,
1647355074901085615,0.078125,0.471313476562,0.658508300781,0.581420898438,-3748.0,5331.0,4704.0,-2.0,-6.0,-4.0,
1647355074904170989,0.0780639648438,0.471069335938,0.658325195312,0.581787109375,-3779.0,5338.0,4735.0,1.0,-5.0,-4.0,
1647355074909144401,0.078125,0.471008300781,0.658081054688,0.582092285156,-3802.0,5343.0,4756.0,3.0,-4.0,-5.0,
1647355074915871143,0.0781860351562,0.471130371094,0.65771484375,0.582458496094,-3824.0,5348.0,4764.0,6.0,-4.0,-6.0,
1647355074920635223,0.078369140625,0.471313476562,0.6572265625,0.582763671875,-3830.0,5374.0,4752.0,9.0,-3.0,-6.0,
1647355074925155878,0.0786743164062,0.471740722656,0.656677246094,0.583068847656,-3828.0,5414.0,4712.0,11.0,-3.0,-6.0,
1647355074930113792,0.0790405273438,0.472229003906,0.656066894531,0.583251953125,-3822.0,5481.0,4662.0,14.0,-2.0,-6.0,
1647355074934698581,0.0794677734375,0.472900390625,0.655395507812,0.583435058594,-3831.0,5580.0,4627.0,16.0,-1.0,-6.0,
1647355074942595243,0.0799560546875,0.4736328125,0.654663085938,0.583557128906,-3849.0,5703.0,4586.0,17.0,-1.0,-5.0,
1647355074947361230,0.0805053710938,0.474426269531,0.653991699219,0.583679199219,-3846.0,5829.0,4566.0,17.0,-1.0,-5.0,
1647355074952103853,0.0809936523438,0.47509765625,0.6533203125,0.583740234375,-3851.0,5933.0,4581.0,16.0,-1.0,-5.0,
1647355074956348180,0.0814819335938,0.475646972656,0.652709960938,0.583923339844,-3865.0,6000.0,4654.0,14.0,-2.0,-6.0,
1647355074961209297,0.081787109375,0.47607421875,0.652160644531,0.584167480469,-3872.0,6028.0,4730.0,12.0,-2.0,-6.0,
1647355074964450597,0.0821533203125,0.476379394531,0.651611328125,0.58447265625,-3873.0,6039.0,4839.0,12.0,-3.0,-7.0,
1647355074968973875,0.0824584960938,0.476684570312,0.651000976562,0.584838867188,-3880.0,6045.0,4922.0,12.0,-4.0,-8.0,
1647355074977064609,0.0828857421875,0.47705078125,0.650390625,0.585205078125,-3885.0,6048.0,4983.0,14.0,-4.0,-7.0,
1647355074982403993,0.0833740234375,0.477478027344,0.649719238281,0.585510253906,-3880.0,6057.0,5002.0,16.0,-4.0,-6.0,
1647355074986225843,0.0840454101562,0.478088378906,0.648986816406,0.585754394531,-3869.0,6061.0,4977.0,19.0,-4.0,-6.0,
1647355074989323854,0.0848388671875,0.478759765625,0.648193359375,0.5859375,-3843.0,6057.0,4913.0,22.0,-4.0,-5.0,
1647355074995582818,0.0857543945312,0.479614257812,0.647277832031,0.586120605469,-3804.0,6037.0,4820.0,24.0,-5.0,-5.0,
1647355075002041816,0.0867919921875,0.480529785156,0.646362304688,0.586242675781,-3727.0,5982.0,4689.0,26.0,-4.0,-5.0,
1647355075006509780,0.0878295898438,0.481628417969,0.645324707031,0.586303710938,-3654.0,5901.0,4584.0,29.0,-3.0,-5.0,
1647355075014475822,0.0890502929688,0.482849121094,0.644226074219,0.586364746094,-3589.0,5802.0,4500.0,33.0,-2.0,-4.0,
1647355075018061161,0.0903930664062,0.484313964844,0.642944335938,0.586303710938,-3522.0,5724.0,4368.0,39.0,-1.0,-4.0,
1647355075025863409,0.0919799804688,0.486206054688,0.641540527344,0.586059570312,-3490.0,5666.0,4275.0,47.0,1.0,-3.0,
1647355075027592420,0.0938720703125,0.488464355469,0.639831542969,0.585693359375,-3496.0,5605.0,4214.0,55.0,2.0,-1.0,
1647355075032094240,0.0960693359375,0.491088867188,0.637939453125,0.585266113281,-3502.0,5548.0,4173.0,64.0,2.0,0.0,
1647355075039661645,0.0985107421875,0.493896484375,0.635803222656,0.584777832031,-3505.0,5527.0,4135.0,72.0,2.0,0.0,
1647355075041390657,0.101257324219,0.497009277344,0.633483886719,0.584228515625,-3493.0,5553.0,4098.0,78.0,2.0,0.0,
1647355075045597553,0.104187011719,0.500305175781,0.630981445312,0.583618164062,-3469.0,5605.0,4070.0,84.0,2.0,1.0,
1647355075049994468,0.107360839844,0.503784179688,0.62841796875,0.582824707031,-3445.0,5660.0,4048.0,89.0,2.0,2.0,
1647355075058807134,0.110778808594,0.507385253906,0.625671386719,0.581970214844,-3428.0,5695.0,4035.0,94.0,2.0,3.0,
1647355075174161434,0.114379882812,0.51123046875,0.622802734375,0.5810546875,-3414.0,5707.0,4003.0,100.0,3.0,4.0,
1647355075182112216,0.118103027344,0.515197753906,0.619689941406,0.580078125,-3396.0,5712.0,3959.0,105.0,3.0,4.0,
1647355075187862873,0.121948242188,0.519287109375,0.616455078125,0.5791015625,-3356.0,5730.0,3895.0,109.0,2.0,3.0,
1647355075201468944,0.125915527344,0.523498535156,0.612976074219,0.578125,-3314.0,5771.0,3815.0,112.0,2.0,2.0,
1647355075283040761,0.130004882812,0.527770996094,0.609436035156,0.577087402344,-3261.0,5832.0,3706.0,114.0,1.0,1.0,
1647355075308446884,0.134155273438,0.532104492188,0.605773925781,0.575988769531,-3204.0,5900.0,3583.0,116.0,1.0,1.0,
1647355075333074569,0.138427734375,0.536437988281,0.602111816406,0.574829101562,-3138.0,5972.0,3436.0,117.0,1.0,2.0,
1647355075364660978,0.142761230469,0.540771484375,0.598449707031,0.573486328125,-3092.0,6039.0,3304.0,118.0,1.0,3.0,
1647355075381359338,0.147155761719,0.545227050781,0.594665527344,0.572143554688,-3055.0,6091.0,3196.0,120.0,2.0,4.0,
1647355075383012771,0.151611328125,0.549743652344,0.590759277344,0.570617675781,-3019.0,6118.0,3088.0,123.0,3.0,4.0,
1647355075394992351,0.15625,0.554504394531,0.586669921875,0.569091796875,-3013.0,6131.0,3065.0,129.0,4.0,4.0,
1647355075395624399,0.161010742188,0.559387207031,0.582336425781,0.567443847656,-3033.0,6157.0,3144.0,136.0,4.0,4.0,
1647355075397007942,0.166015625,0.564331054688,0.577697753906,0.565795898438,-3039.0,6261.0,3082.0,144.0,3.0,4.0,
1647355075398561954,0.171264648438,0.569580078125,0.572937011719,0.563842773438,-3052.0,6464.0,2947.0,148.0,4.0,6.0,
1647355075402356147,0.176696777344,0.574768066406,0.568176269531,0.561706542969,-3088.0,6689.0,2813.0,148.0,4.0,9.0,
1647355075411113023,0.182250976562,0.580017089844,0.563415527344,0.559326171875,-3123.0,6847.0,2696.0,149.0,5.0,12.0,
1647355075426994085,0.187866210938,0.585205078125,0.558654785156,0.556823730469,-3126.0,6933.0,2579.0,151.0,5.0,14.0,
1647355075440201759,0.193481445312,0.590393066406,0.553771972656,0.554321289062,-3091.0,6965.0,2489.0,152.0,5.0,14.0,
1647355075447950601,0.199035644531,0.595520019531,0.548767089844,0.551818847656,-3017.0,6964.0,2390.0,154.0,5.0,12.0,
1647355075454943418,0.20458984375,0.600769042969,0.543579101562,0.549194335938,-2938.0,6925.0,2282.0,157.0,6.0,11.0,
1647355075458990812,0.210266113281,0.606201171875,0.538208007812,0.54638671875,-2860.0,6861.0,2179.0,162.0,8.0,11.0,
1647355075462105751,0.216125488281,0.611755371094,0.532531738281,0.54345703125,-2778.0,6781.0,2059.0,168.0,9.0,11.0,
1647355075479509353,0.234619140625,0.629577636719,0.514038085938,0.533203125,-2533.0,6625.0,1408.0,185.0,13.0,13.0,
1647355075481787443,0.240966796875,0.635803222656,0.507385253906,0.529235839844,-2459.0,6621.0,1090.0,188.0,15.0,13.0,
1647355075484558343,0.247314453125,0.642150878906,0.500610351562,0.525085449219,-2404.0,6610.0,797.0,190.0,17.0,13.0,
1647355075487746238,0.335083007812,0.731628417969,0.396057128906,0.442138671875,-2210.0,8747.0,-2629.0,97.0,28.0,8.0,
1647355075489377260,0.343688964844,0.741638183594,0.384704589844,0.428588867188,-2298.0,8666.0,-2692.0,79.0,28.0,7.0,
1647355075490287065,0.345520019531,0.743957519531,0.382202148438,0.425415039062,-2288.0,8561.0,-2686.0,76.0,27.0,7.0,
1647355075491109848,0.348999023438,0.748168945312,0.377502441406,0.419311523438,-2243.0,8307.0,-2651.0,72.0,26.0,7.0,
1647355075492075443,0.354125976562,0.754455566406,0.370422363281,0.409973144531,-2139.0,7827.0,-2768.0,74.0,27.0,8.0,
1647355075492868185,0.367065429688,0.771179199219,0.349243164062,0.38525390625,-2064.0,7223.0,-3601.0,86.0,30.0,7.0,
1647355075493207454,0.372192382812,0.77783203125,0.340637207031,0.374633789062,-2120.0,7515.0,-3998.0,76.0,29.0,6.0,
1647355075493888854,0.373596191406,0.77978515625,0.338134765625,0.371398925781,-2130.0,7577.0,-4085.0,71.0,28.0,4.0,
1647355075495348215,0.375732421875,0.783325195312,0.333923339844,0.365600585938,-2139.0,7677.0,-4196.0,58.0,26.0,2.0,
1647355075497936725,0.376586914062,0.784790039062,0.332275390625,0.363037109375,-2140.0,7719.0,-4265.0,51.0,26.0,2.0,
1647355075498549222,0.377258300781,0.7861328125,0.330993652344,0.360595703125,-2148.0,7757.0,-4313.0,44.0,25.0,2.0,
1647355075499108791,0.377807617188,0.787292480469,0.329956054688,0.3583984375,-2153.0,7767.0,-4369.0,38.0,24.0,3.0,
1647355075499951124,0.378295898438,0.788330078125,0.329223632812,0.356323242188,-2166.0,7747.0,-4401.0,32.0,24.0,3.0,
1647355075500221967,0.378967285156,0.790100097656,0.328247070312,0.352600097656,-2188.0,7567.0,-4458.0,24.0,23.0,3.0,
1647355075500454902,0.379211425781,0.790954589844,0.327758789062,0.350830078125,-2184.0,7401.0,-4496.0,23.0,23.0,3.0,
1647355075501323699,0.379638671875,0.792846679688,0.326599121094,0.347106933594,-2160.0,7039.0,-4606.0,24.0,23.0,2.0,
1647355075501576662,0.379943847656,0.793884277344,0.325927734375,0.345092773438,-2137.0,6895.0,-4662.0,26.0,24.0,2.0,
1647355075502285003,0.380554199219,0.796142578125,0.324279785156,0.340698242188,-2157.0,6850.0,-4804.0,30.0,27.0,3.0,
1647355075502615690,0.380920410156,0.797180175781,0.323608398438,0.338439941406,-2205.0,6925.0,-4864.0,30.0,28.0,5.0,
1647355075502752780,0.38134765625,0.798217773438,0.322998046875,0.336181640625,-2248.0,7021.0,-4923.0,29.0,28.0,6.0,
1647355075503141641,0.382080078125,0.800048828125,0.321960449219,0.331909179688,-2323.0,7225.0,-4950.0,27.0,27.0,6.0,
1647355075503626346,0.382385253906,0.800903320312,0.321594238281,0.329956054688,-2348.0,7299.0,-4934.0,25.0,26.0,5.0,
1647355075504161596,0.382568359375,0.801635742188,0.3212890625,0.328125,-2361.0,7310.0,-4903.0,23.0,25.0,4.0,
1647355075504417896,0.382690429688,0.802368164062,0.321044921875,0.326477050781,-2365.0,7245.0,-4889.0,20.0,24.0,4.0,
1647355075505767107,0.3828125,0.803100585938,0.320739746094,0.324768066406,-2360.0,7089.0,-4881.0,20.0,23.0,3.0,
1647355075506883621,0.382873535156,0.803955078125,0.3203125,0.323059082031,-2332.0,6873.0,-4908.0,21.0,23.0,2.0,
1647355075510330677,0.382995605469,0.804870605469,0.319641113281,0.321228027344,-2303.0,6629.0,-4961.0,23.0,24.0,2.0,
1647355075516084909,0.383178710938,0.805969238281,0.318725585938,0.319213867188,-2278.0,6404.0,-5009.0,27.0,25.0,2.0,
1647355075519342184,0.383422851562,0.80712890625,0.317626953125,0.317016601562,-2274.0,6223.0,-5039.0,32.0,26.0,2.0,
1647355075524269104,0.383728027344,0.808410644531,0.316284179688,0.314697265625,-2286.0,6112.0,-5059.0,37.0,27.0,2.0,
1647355075530681133,0.384155273438,0.809753417969,0.314880371094,0.312255859375,-2302.0,6072.0,-5100.0,40.0,28.0,3.0,
1647355075535829067,0.384521484375,0.811096191406,0.313415527344,0.309692382812,-2310.0,6082.0,-5183.0,42.0,29.0,3.0,
1647355075540066003,0.384948730469,0.812438964844,0.31201171875,0.307067871094,-2321.0,6123.0,-5284.0,42.0,30.0,4.0,
1647355075544801950,0.385375976562,0.813720703125,0.310729980469,0.304504394531,-2340.0,6175.0,-5372.0,40.0,30.0,4.0,
1647355075549356460,0.3857421875,0.814880371094,0.309509277344,0.302001953125,-2364.0,6234.0,-5461.0,38.0,30.0,4.0,
1647355075557714223,0.386047363281,0.816040039062,0.308471679688,0.299560546875,-2405.0,6290.0,-5526.0,35.0,29.0,4.0,
1647355075561940193,0.38623046875,0.817138671875,0.3076171875,0.29736328125,-2448.0,6345.0,-5568.0,32.0,29.0,3.0,
1647355075566975831,0.386352539062,0.818115234375,0.306823730469,0.295227050781,-2493.0,6352.0,-5580.0,29.0,28.0,3.0,
1647355075569852590,0.386474609375,0.819030761719,0.306091308594,0.293273925781,-2529.0,6314.0,-5567.0,27.0,27.0,3.0,
1647355075574665307,0.386474609375,0.820007324219,0.305358886719,0.291381835938,-2545.0,6260.0,-5538.0,26.0,26.0,2.0,
1647355075579312562,0.386474609375,0.820922851562,0.304626464844,0.28955078125,-2558.0,6231.0,-5504.0,25.0,26.0,1.0,
1647355075583898782,0.386413574219,0.82177734375,0.304016113281,0.287780761719,-2574.0,6243.0,-5461.0,24.0,25.0,1.0,
1647355075593168735,0.386413574219,0.822509765625,0.303588867188,0.2861328125,-2585.0,6295.0,-5426.0,20.0,24.0,2.0,
1647355075595177888,0.386352539062,0.823120117188,0.303405761719,0.28466796875,-2602.0,6373.0,-5398.0,16.0,23.0,3.0,
1647355075602342844,0.38623046875,0.823608398438,0.303527832031,0.283386230469,-2618.0,6428.0,-5400.0,10.0,22.0,3.0,
1647355075604298830,0.385986328125,0.823974609375,0.303833007812,0.282287597656,-2625.0,6434.0,-5433.0,5.0,22.0,3.0,
1647355075610379934,0.385620117188,0.824279785156,0.304321289062,0.28125,-2625.0,6357.0,-5509.0,0.0,22.0,2.0,
1647355075619710683,0.38525390625,0.824645996094,0.304870605469,0.280212402344,-2619.0,6233.0,-5597.0,-2.0,22.0,1.0,
1647355075625645160,0.384765625,0.825073242188,0.305358886719,0.279052734375,-2611.0,6101.0,-5682.0,-3.0,23.0,1.0,
1647355075628737211,0.384216308594,0.825561523438,0.305786132812,0.27783203125,-2603.0,5987.0,-5765.0,-2.0,25.0,0.0,
1647355075634799003,0.383728027344,0.826171875,0.306091308594,0.276489257812,-2589.0,5895.0,-5834.0,0.0,26.0,0.0,
1647355075639011144,0.383178710938,0.826782226562,0.306335449219,0.275085449219,-2584.0,5841.0,-5887.0,2.0,27.0,-1.0,
1647355075643833398,0.382690429688,0.827392578125,0.306579589844,0.273559570312,-2583.0,5810.0,-5933.0,4.0,29.0,0.0,
1647355075648061990,0.382202148438,0.828125,0.306823730469,0.271911621094,-2581.0,5780.0,-5963.0,6.0,30.0,0.0,
1647355075652348995,0.381652832031,0.828857421875,0.306884765625,0.270141601562,-2580.0,5744.0,-5970.0,8.0,31.0,0.0,
1647355075656672477,0.381164550781,0.829711914062,0.306884765625,0.268310546875,-2574.0,5713.0,-5977.0,11.0,32.0,-1.0,
1647355075661360740,0.380737304688,0.830627441406,0.306701660156,0.266357421875,-2560.0,5695.0,-5956.0,14.0,33.0,-1.0,
1647355075666081428,0.380249023438,0.831604003906,0.306396484375,0.264282226562,-2545.0,5701.0,-5923.0,17.0,34.0,-2.0,
1647355075669520854,0.379760742188,0.832580566406,0.306030273438,0.26220703125,-2525.0,5731.0,-5898.0,20.0,34.0,-2.0,
1647355075673886537,0.379333496094,0.833618164062,0.3056640625,0.260070800781,-2508.0,5765.0,-5887.0,20.0,35.0,-2.0,
1647355075682308197,0.37890625,0.834594726562,0.305358886719,0.257995605469,-2492.0,5775.0,-5876.0,20.0,35.0,-2.0,
1647355075687939882,0.37841796875,0.835571289062,0.304992675781,0.255859375,-2469.0,5754.0,-5866.0,20.0,35.0,-2.0,
1647355075689748287,0.3779296875,0.836608886719,0.304565429688,0.253723144531,-2437.0,5718.0,-5854.0,21.0,35.0,-2.0,
1647355075694848060,0.377502441406,0.837646484375,0.304077148438,0.251525878906,-2403.0,5683.0,-5840.0,21.0,35.0,-3.0,
1647355075700580835,0.377014160156,0.838684082031,0.303588867188,0.249389648438,-2365.0,5671.0,-5834.0,22.0,34.0,-3.0,
1647355075707066059,0.376525878906,0.839721679688,0.303100585938,0.247253417969,-2333.0,5673.0,-5819.0,22.0,34.0,-3.0,
1647355075713088035,0.376037597656,0.840698242188,0.302673339844,0.2451171875,-2311.0,5684.0,-5816.0,21.0,34.0,-3.0,
1647355075715257406,0.375610351562,0.841613769531,0.302307128906,0.243103027344,-2297.0,5697.0,-5827.0,20.0,33.0,-2.0,
1647355075719774007,0.375122070312,0.842529296875,0.301940917969,0.241149902344,-2284.0,5709.0,-5825.0,19.0,32.0,-2.0,
1647355075724342823,0.374633789062,0.843383789062,0.301635742188,0.239318847656,-2255.0,5719.0,-5825.0,17.0,31.0,-3.0,
1647355075728988409,0.374084472656,0.844177246094,0.301391601562,0.237548828125,-2247.0,5705.0,-5820.0,16.0,30.0,-3.0,
1647355075736342191,0.373596191406,0.844970703125,0.301147460938,0.235900878906,-2240.0,5690.0,-5809.0,15.0,29.0,-3.0,
1647355075741110563,0.373046875,0.845764160156,0.300903320312,0.234252929688,-2234.0,5681.0,-5788.0,15.0,28.0,-3.0,
1647355075746095180,0.37255859375,0.846496582031,0.300659179688,0.232666015625,-2219.0,5682.0,-5754.0,15.0,27.0,-3.0,
1647355075750360727,0.3720703125,0.847229003906,0.300354003906,0.231140136719,-2210.0,5678.0,-5702.0,15.0,27.0,-3.0,
1647355075754591941,0.37158203125,0.847961425781,0.300109863281,0.229675292969,-2197.0,5680.0,-5665.0,16.0,26.0,-3.0,
1647355075759319543,0.37109375,0.848693847656,0.299743652344,0.228210449219,-2194.0,5684.0,-5612.0,16.0,25.0,-3.0,
1647355075763857126,0.370727539062,0.849365234375,0.299377441406,0.226806640625,-2184.0,5699.0,-5571.0,17.0,24.0,-3.0,
1647355075771982431,0.370300292969,0.850036621094,0.298950195312,0.225463867188,-2175.0,5707.0,-5530.0,18.0,23.0,-3.0,
1647355075776944637,0.369995117188,0.850708007812,0.298461914062,0.224060058594,-2164.0,5695.0,-5513.0,19.0,22.0,-2.0,
1647355075781314373,0.369689941406,0.851379394531,0.297912597656,0.222717285156,-2153.0,5659.0,-5493.0,20.0,22.0,-2.0,
1647355075785085678,0.369445800781,0.852111816406,0.297241210938,0.221313476562,-2146.0,5610.0,-5487.0,21.0,21.0,-2.0,
1647355075789518356,0.369262695312,0.852844238281,0.296447753906,0.219909667969,-2136.0,5566.0,-5483.0,23.0,21.0,-1.0,
1647355075794865131,0.369140625,0.853576660156,0.295532226562,0.218444824219,-2136.0,5547.0,-5494.0,25.0,20.0,-1.0,
1647355075806064605,0.369079589844,0.854309082031,0.294616699219,0.216979980469,-2136.0,5575.0,-5502.0,26.0,20.0,0.0,
1647355075807165861,0.369018554688,0.85498046875,0.293701171875,0.215576171875,-2145.0,5656.0,-5500.0,26.0,19.0,0.0,
1647355075819248676,0.369018554688,0.855590820312,0.292846679688,0.214233398438,-2150.0,5735.0,-5506.0,26.0,18.0,1.0,
1647355075819699525,0.369018554688,0.856201171875,0.292114257812,0.212951660156,-2157.0,5809.0,-5528.0,24.0,18.0,2.0,
1647355075821694135,0.369079589844,0.856689453125,0.291442871094,0.211791992188,-2158.0,5855.0,-5552.0,22.0,16.0,2.0,
1647355075825752496,0.369079589844,0.857177734375,0.290771484375,0.210754394531,-2138.0,5870.0,-5585.0,20.0,15.0,2.0,
1647355075830947160,0.369079589844,0.857604980469,0.290161132812,0.209655761719,-2115.0,5846.0,-5623.0,19.0,15.0,2.0,
1647355075836700201,0.369140625,0.858032226562,0.289611816406,0.208679199219,-2089.0,5813.0,-5647.0,18.0,14.0,2.0,
1647355075841196060,0.369140625,0.858459472656,0.289001464844,0.207641601562,-2059.0,5773.0,-5673.0,18.0,14.0,2.0,
1647355075845825433,0.369201660156,0.85888671875,0.288391113281,0.206726074219,-2021.0,5735.0,-5691.0,17.0,13.0,2.0,
1647355075850420475,0.369201660156,0.859313964844,0.287902832031,0.205749511719,-1973.0,5689.0,-5721.0,16.0,13.0,2.0,
1647355075854697942,0.369262695312,0.859680175781,0.287353515625,0.204772949219,-1912.0,5635.0,-5758.0,16.0,13.0,2.0,
1647355075860145092,0.369323730469,0.860046386719,0.286743164062,0.203796386719,-1857.0,5576.0,-5787.0,16.0,12.0,2.0,
1647355075863785743,0.369445800781,0.860473632812,0.2861328125,0.202758789062,-1803.0,5532.0,-5824.0,17.0,12.0,2.0,
1647355075871780157,0.369506835938,0.860900878906,0.285400390625,0.201721191406,-1748.0,5504.0,-5867.0,19.0,12.0,2.0,
1647355075875195503,0.36962890625,0.861389160156,0.28466796875,0.200622558594,-1692.0,5479.0,-5923.0,20.0,12.0,2.0,
1647355075886456489,0.369750976562,0.861877441406,0.283813476562,0.199462890625,-1638.0,5467.0,-5972.0,21.0,12.0,2.0,
1647355075886962175,0.369873046875,0.862365722656,0.282958984375,0.198364257812,-1587.0,5464.0,-6027.0,21.0,12.0,1.0,
1647355075891871213,0.369995117188,0.862854003906,0.282165527344,0.197265625,-1540.0,5463.0,-6077.0,21.0,12.0,1.0,
1647355075897254467,0.3701171875,0.86328125,0.281311035156,0.196166992188,-1495.0,5472.0,-6122.0,21.0,11.0,1.0,
1647355075900269269,0.370239257812,0.863708496094,0.280578613281,0.195190429688,-1444.0,5480.0,-6157.0,20.0,11.0,1.0,
1647355075904827356,0.370361328125,0.864135742188,0.279846191406,0.194213867188,-1405.0,5486.0,-6172.0,18.0,10.0,1.0,
1647355075909231424,0.370422363281,0.864501953125,0.279235839844,0.193298339844,-1373.0,5510.0,-6169.0,17.0,9.0,1.0,
1647355075913657426,0.370483398438,0.864807128906,0.278686523438,0.192504882812,-1344.0,5530.0,-6150.0,16.0,9.0,0.0,
1647355075921682357,0.370544433594,0.865112304688,0.278259277344,0.191772460938,-1316.0,5533.0,-6122.0,14.0,8.0,0.0,
1647355075924986362,0.370544433594,0.865356445312,0.27783203125,0.191162109375,-1300.0,5523.0,-6099.0,13.0,7.0,0.0,
1647355075929594993,0.370544433594,0.865600585938,0.277404785156,0.190612792969,-1276.0,5518.0,-6094.0,12.0,7.0,-1.0,
1647355075937779426,0.370483398438,0.865844726562,0.277099609375,0.190063476562,-1264.0,5533.0,-6095.0,10.0,6.0,-1.0,
1647355075940942525,0.370483398438,0.866088867188,0.276794433594,0.189636230469,-1258.0,5556.0,-6112.0,9.0,6.0,-1.0,
1647355075947304248,0.370422363281,0.8662109375,0.276611328125,0.189208984375,-1246.0,5594.0,-6142.0,7.0,5.0,-1.0,
1647355075950548410,0.370361328125,0.866333007812,0.276550292969,0.188903808594,-1232.0,5623.0,-6185.0,5.0,4.0,-1.0,
1647355075954997062,0.370239257812,0.866455078125,0.276550292969,0.188720703125,-1205.0,5627.0,-6230.0,2.0,4.0,-1.0,
1647355075962734937,0.3701171875,0.866516113281,0.276672363281,0.188537597656,-1184.0,5606.0,-6268.0,0.0,3.0,-2.0,
1647355075964247703,0.369995117188,0.866516113281,0.27685546875,0.1884765625,-1164.0,5571.0,-6301.0,-2.0,3.0,-2.0,
1647355075969063282,0.369812011719,0.866516113281,0.277099609375,0.188415527344,-1147.0,5534.0,-6332.0,-3.0,3.0,-2.0,
1647355075976870059,0.36962890625,0.866516113281,0.27734375,0.188354492188,-1135.0,5498.0,-6359.0,-4.0,2.0,-2.0,
1647355075979964494,0.369445800781,0.866516113281,0.277709960938,0.188415527344,-1120.0,5470.0,-6388.0,-5.0,2.0,-2.0,
1647355075984909296,0.369262695312,0.866455078125,0.278015136719,0.188415527344,-1097.0,5447.0,-6425.0,-6.0,2.0,-2.0,
1647355075989899158,0.369079589844,0.866394042969,0.278381347656,0.188415527344,-1075.0,5423.0,-6479.0,-7.0,2.0,-2.0,
1647355075994246244,0.368896484375,0.866394042969,0.278747558594,0.188415527344,-1048.0,5403.0,-6532.0,-7.0,2.0,-2.0,
1647355076014357328,0.368774414062,0.866333007812,0.279113769531,0.188415527344,-1025.0,5387.0,-6583.0,-7.0,2.0,-1.0,
1647355076014997720,0.368591308594,0.866271972656,0.279479980469,0.188415527344,-1007.0,5372.0,-6611.0,-7.0,2.0,-1.0,
1647355076015458106,0.368469238281,0.8662109375,0.279846191406,0.188354492188,-994.0,5362.0,-6630.0,-6.0,2.0,-1.0,
1647355076016349077,0.368347167969,0.8662109375,0.280151367188,0.188293457031,-993.0,5355.0,-6632.0,-5.0,3.0,-1.0,
1647355076020247697,0.368225097656,0.866149902344,0.280456542969,0.188171386719,-998.0,5350.0,-6629.0,-4.0,3.0,-1.0,
1647355076024805784,0.368103027344,0.866149902344,0.280700683594,0.188049316406,-999.0,5354.0,-6614.0,-4.0,3.0,-1.0,
1647355076029329061,0.367980957031,0.866149902344,0.280883789062,0.187927246094,-1003.0,5370.0,-6607.0,-3.0,3.0,-1.0,
1647355076035477161,0.367858886719,0.866149902344,0.281127929688,0.187744140625,-1003.0,5391.0,-6617.0,-3.0,4.0,0.0,
1647355076043921470,0.367797851562,0.8662109375,0.281372070312,0.187561035156,-996.0,5407.0,-6624.0,-3.0,4.0,0.0,
1647355076048664093,0.367736816406,0.866149902344,0.281616210938,0.187377929688,-994.0,5416.0,-6627.0,-3.0,4.0,0.0,
1647355076053226232,0.36767578125,0.866149902344,0.281860351562,0.187194824219,-986.0,5430.0,-6606.0,-3.0,4.0,0.0,
1647355076057878255,0.367614746094,0.866088867188,0.282165527344,0.18701171875,-981.0,5450.0,-6569.0,-3.0,4.0,1.0,
1647355076063740015,0.367614746094,0.866027832031,0.282470703125,0.186889648438,-993.0,5465.0,-6525.0,-4.0,4.0,1.0,
1647355076066759824,0.367614746094,0.865966796875,0.282775878906,0.186767578125,-986.0,5488.0,-6494.0,-3.0,3.0,1.0,
1647355076072729825,0.367553710938,0.865905761719,0.283142089844,0.186584472656,-986.0,5495.0,-6475.0,-3.0,3.0,1.0,
1647355076075155258,0.367553710938,0.865844726562,0.283447265625,0.1865234375,-987.0,5490.0,-6456.0,-4.0,3.0,1.0,
1647355076081784009,0.367553710938,0.86572265625,0.283813476562,0.186462402344,-980.0,5501.0,-6441.0,-5.0,2.0,1.0,
1647355076084600210,0.367553710938,0.865600585938,0.2841796875,0.186401367188,-981.0,5515.0,-6449.0,-5.0,2.0,1.0,
1647355076088993072,0.367614746094,0.865478515625,0.284606933594,0.186401367188,-967.0,5525.0,-6496.0,-6.0,2.0,2.0,
1647355076093933105,0.367614746094,0.865295410156,0.285095214844,0.186401367188,-944.0,5532.0,-6537.0,-8.0,1.0,2.0,
1647355076102274894,0.36767578125,0.865051269531,0.285705566406,0.186462402344,-915.0,5543.0,-6583.0,-10.0,1.0,3.0,
1647355076108030557,0.367736816406,0.864807128906,0.286376953125,0.186584472656,-896.0,5548.0,-6611.0,-12.0,1.0,3.0,
1647355076109726667,0.367736816406,0.864501953125,0.287109375,0.186767578125,-881.0,5546.0,-6626.0,-14.0,0.0,2.0,
1647355076114732742,0.36767578125,0.864196777344,0.287963867188,0.18701171875,-873.0,5554.0,-6625.0,-16.0,0.0,2.0,
1647355076119147539,0.367614746094,0.863830566406,0.288940429688,0.187316894531,-882.0,5579.0,-6610.0,-18.0,0.0,2.0,
1647355076124275922,0.367553710938,0.863403320312,0.2900390625,0.187744140625,-895.0,5615.0,-6596.0,-19.0,-1.0,2.0,
1647355076131999731,0.367492675781,0.862915039062,0.291198730469,0.188232421875,-923.0,5638.0,-6534.0,-21.0,-2.0,2.0,
1647355076141176223,0.367370605469,0.862426757812,0.292419433594,0.188842773438,-966.0,5664.0,-6430.0,-23.0,-2.0,2.0,
1647355076141643285,0.367309570312,0.861877441406,0.293579101562,0.189453125,-1005.0,5740.0,-6314.0,-21.0,-3.0,3.0,
1647355076146824121,0.367370605469,0.861328125,0.294738769531,0.190124511719,-1043.0,5856.0,-6222.0,-20.0,-3.0,4.0,
1647355076151400804,0.367431640625,0.860778808594,0.295959472656,0.190795898438,-1061.0,5945.0,-6158.0,-19.0,-4.0,5.0,
1647355076155898809,0.367553710938,0.860168457031,0.297119140625,0.191467285156,-1056.0,5960.0,-6127.0,-20.0,-4.0,5.0,
1647355076160535812,0.367614746094,0.859619140625,0.298217773438,0.192077636719,-1033.0,5913.0,-6093.0,-20.0,-5.0,5.0,
1647355076165197134,0.367736816406,0.859069824219,0.299255371094,0.192687988281,-1015.0,5842.0,-6076.0,-19.0,-5.0,4.0,
1647355076170279502,0.367858886719,0.858581542969,0.300170898438,0.193237304688,-1000.0,5795.0,-6081.0,-19.0,-5.0,4.0,
1647355076175004243,0.367980957031,0.858032226562,0.301147460938,0.193786621094,-1002.0,5790.0,-6099.0,-19.0,-5.0,5.0,
1647355076181617736,0.3681640625,0.857482910156,0.302185058594,0.194396972656,-1003.0,5819.0,-6118.0,-20.0,-5.0,5.0,
1647355076183667421,0.368286132812,0.856872558594,0.303344726562,0.195007324219,-993.0,5854.0,-6147.0,-22.0,-5.0,6.0,
1647355076192044019,0.368408203125,0.856201171875,0.304626464844,0.195739746094,-970.0,5876.0,-6174.0,-25.0,-5.0,6.0,
1647355076195176601,0.368530273438,0.855407714844,0.306091308594,0.196533203125,-942.0,5891.0,-6226.0,-28.0,-6.0,6.0,
1647355076203199386,0.368530273438,0.854614257812,0.307678222656,0.197387695312,-917.0,5900.0,-6269.0,-32.0,-6.0,5.0,
1647355076204349279,0.368530273438,0.853820800781,0.309387207031,0.198364257812,-895.0,5911.0,-6306.0,-35.0,-7.0,5.0,
1647355076208784580,0.368469238281,0.852905273438,0.311218261719,0.199401855469,-871.0,5917.0,-6322.0,-37.0,-7.0,4.0,
1647355076213667392,0.368347167969,0.851989746094,0.313171386719,0.200500488281,-836.0,5910.0,-6350.0,-39.0,-7.0,4.0,
1647355076227338552,0.368225097656,0.85107421875,0.315124511719,0.201538085938,-792.0,5893.0,-6397.0,-40.0,-7.0,3.0,
1647355076228017330,0.368041992188,0.850158691406,0.317138671875,0.20263671875,-749.0,5873.0,-6432.0,-42.0,-7.0,3.0,
1647355076231926202,0.367797851562,0.849243164062,0.319152832031,0.203674316406,-713.0,5861.0,-6462.0,-42.0,-6.0,2.0,
1647355076234145641,0.367553710938,0.848327636719,0.3212890625,0.204711914062,-673.0,5865.0,-6498.0,-43.0,-6.0,1.0,
1647355076244153738,0.3671875,0.847412109375,0.323425292969,0.205749511719,-628.0,5853.0,-6521.0,-44.0,-5.0,1.0,
1647355076252032995,0.366394042969,0.845642089844,0.327758789062,0.207763671875,-559.0,5812.0,-6554.0,-45.0,-3.0,0.0,
1647355076258291244,0.365905761719,0.844787597656,0.329895019531,0.208618164062,-528.0,5807.0,-6568.0,-44.0,-2.0,-1.0,
1647355076261703729,0.365478515625,0.843933105469,0.33203125,0.20947265625,-499.0,5802.0,-6577.0,-43.0,-1.0,-1.0,
1647355076266930341,0.364929199219,0.843139648438,0.334106445312,0.210205078125,-476.0,5789.0,-6585.0,-43.0,0.0,-1.0,
1647355076270250797,0.364440917969,0.842407226562,0.336120605469,0.210815429688,-500.0,5794.0,-6494.0,-41.0,1.0,-1.0,
1647355076275877952,0.364013671875,0.841735839844,0.337890625,0.211303710938,-523.0,5926.0,-6374.0,-35.0,2.0,0.0,
1647355076279620409,0.36376953125,0.841186523438,0.339477539062,0.211608886719,-564.0,6139.0,-6197.0,-26.0,3.0,3.0,
1647355076284887075,0.363647460938,0.840576171875,0.340881347656,0.211791992188,-601.0,6321.0,-6004.0,-20.0,3.0,4.0,
1647355076292006254,0.363647460938,0.840026855469,0.342102050781,0.211975097656,-623.0,6395.0,-5797.0,-16.0,3.0,5.0,
1647355076295116186,0.363708496094,0.839599609375,0.343078613281,0.212158203125,-661.0,6365.0,-5620.0,-13.0,2.0,5.0,
1647355076300380468,0.36376953125,0.839233398438,0.34375,0.212219238281,-687.0,6302.0,-5505.0,-9.0,1.0,4.0,
1647355076305245161,0.363891601562,0.838989257812,0.34423828125,0.212280273438,-710.0,6286.0,-5452.0,-6.0,0.0,4.0,
1647355076309513330,0.364074707031,0.838745117188,0.344604492188,0.212280273438,-699.0,6332.0,-5484.0,-5.0,0.0,5.0,
1647355076314667463,0.364318847656,0.838500976562,0.345092773438,0.212158203125,-691.0,6412.0,-5483.0,-6.0,0.0,6.0,
1647355076321828603,0.364624023438,0.838073730469,0.345703125,0.212219238281,-674.0,6492.0,-5436.0,-8.0,-1.0,7.0,
1647355076324816465,0.364929199219,0.837585449219,0.346435546875,0.212341308594,-656.0,6576.0,-5381.0,-10.0,-2.0,7.0,
1647355076329858303,0.365295410156,0.837097167969,0.347290039062,0.212524414062,-645.0,6629.0,-5339.0,-11.0,-3.0,8.0,
1647355076335105419,0.365539550781,0.836486816406,0.348205566406,0.212829589844,-647.0,6628.0,-5331.0,-14.0,-3.0,7.0,
1647355076338896036,0.36572265625,0.8359375,0.34912109375,0.213256835938,-652.0,6570.0,-5340.0,-16.0,-4.0,6.0,
1647355076345585346,0.365844726562,0.835388183594,0.350036621094,0.213745117188,-650.0,6487.0,-5369.0,-18.0,-5.0,5.0,
1647355076359084129,0.365905761719,0.834777832031,0.351013183594,0.214233398438,-648.0,6429.0,-5403.0,-21.0,-5.0,4.0,
1647355076359366893,0.365905761719,0.834167480469,0.352111816406,0.21484375,-641.0,6421.0,-5456.0,-22.0,-4.0,3.0,
1647355076362568616,0.365905761719,0.833557128906,0.353271484375,0.215393066406,-636.0,6454.0,-5510.0,-24.0,-4.0,3.0,
1647355076366858482,0.365783691406,0.832885742188,0.354553222656,0.215942382812,-630.0,6487.0,-5564.0,-26.0,-3.0,2.0,
1647355076369707107,0.365600585938,0.832214355469,0.35595703125,0.216613769531,-620.0,6487.0,-5608.0,-28.0,-3.0,1.0,
1647355076374292850,0.365356445312,0.83154296875,0.357360839844,0.217224121094,-613.0,6468.0,-5650.0,-29.0,-3.0,0.0,
1647355076378837347,0.365051269531,0.830932617188,0.358764648438,0.217895507812,-600.0,6438.0,-5683.0,-29.0,-2.0,-1.0,
1647355076384865522,0.364685058594,0.830322265625,0.360107421875,0.218505859375,-593.0,6409.0,-5747.0,-29.0,-2.0,-1.0,
1647355076389298915,0.364318847656,0.829772949219,0.361450195312,0.219116210938,-611.0,6389.0,-5759.0,-29.0,-1.0,-2.0,
1647355076393618106,0.363830566406,0.829162597656,0.362854003906,0.219787597656,-599.0,6367.0,-5795.0,-30.0,-1.0,-2.0,
1647355076400111913,0.363342285156,0.82861328125,0.364318847656,0.220397949219,-631.0,6287.0,-5791.0,-32.0,-1.0,-3.0,
1647355076404337406,0.362854003906,0.828002929688,0.365783691406,0.221130371094,-743.0,6213.0,-5671.0,-33.0,-1.0,-3.0,
1647355076408558845,0.362365722656,0.827331542969,0.367126464844,0.222045898438,-825.0,6246.0,-5499.0,-31.0,-3.0,-2.0,
1647355076414992332,0.361999511719,0.82666015625,0.368530273438,0.222900390625,-889.0,6393.0,-5328.0,-28.0,-3.0,0.0,
1647355076419410943,0.361694335938,0.825866699219,0.370056152344,0.223754882812,-941.0,6546.0,-5199.0,-27.0,-3.0,1.0,
1647355076423594236,0.361389160156,0.825012207031,0.371643066406,0.224731445312,-972.0,6622.0,-5088.0,-30.0,-5.0,1.0,
1647355076430804729,0.361145019531,0.824157714844,0.373229980469,0.225769042969,-998.0,6560.0,-4968.0,-31.0,-6.0,1.0,
1647355076445108890,0.36083984375,0.823303222656,0.374694824219,0.226806640625,-1033.0,6438.0,-4845.0,-30.0,-6.0,1.0,
1647355076446065902,0.360595703125,0.822570800781,0.375915527344,0.227783203125,-1036.0,6344.0,-4737.0,-28.0,-6.0,0.0,
1647355076447890520,0.360412597656,0.821960449219,0.377014160156,0.228637695312,-1008.0,6316.0,-4704.0,-24.0,-6.0,0.0,
1647355076454660415,0.360290527344,0.821350097656,0.377990722656,0.229370117188,-1016.0,6326.0,-4710.0,-21.0,-6.0,1.0,
1647355076462658405,0.360168457031,0.820251464844,0.379638671875,0.230712890625,-1004.0,6427.0,-4755.0,-18.0,-6.0,1.0,
1647355076470195055,0.360168457031,0.819702148438,0.380432128906,0.2314453125,-998.0,6496.0,-4766.0,-18.0,-7.0,1.0,
1647355076471745014,0.360107421875,0.819091796875,0.381225585938,0.232177734375,-952.0,6523.0,-4786.0,-18.0,-8.0,1.0,
1647355076476680517,0.360107421875,0.818603515625,0.381958007812,0.23291015625,-898.0,6501.0,-4838.0,-18.0,-8.0,0.0,
1647355076479905605,0.360107421875,0.818115234375,0.382568359375,0.233520507812,-846.0,6421.0,-4914.0,-16.0,-8.0,0.0,
1647355076484300851,0.360229492188,0.817749023438,0.382934570312,0.234008789062,-814.0,6317.0,-5000.0,-13.0,-8.0,0.0,
1647355076488729715,0.3603515625,0.817565917969,0.383056640625,0.234436035156,-793.0,6253.0,-5068.0,-9.0,-7.0,0.0,
1647355076495040178,0.360473632812,0.8173828125,0.383117675781,0.234680175781,-781.0,6284.0,-5110.0,-6.0,-7.0,0.0,
1647355076499897956,0.360656738281,0.817199707031,0.383117675781,0.234924316406,-781.0,6362.0,-5125.0,-4.0,-6.0,1.0,
1647355076504911184,0.36083984375,0.817016601562,0.383239746094,0.235168457031,-779.0,6433.0,-5101.0,-4.0,-5.0,2.0,
1647355076510490894,0.361022949219,0.816772460938,0.383422851562,0.235412597656,-789.0,6501.0,-5059.0,-5.0,-5.0,2.0,
1647355076514975547,0.361206054688,0.816528320312,0.383605957031,0.235717773438,-808.0,6502.0,-5010.0,-5.0,-5.0,2.0,
1647355076518872022,0.361328125,0.816284179688,0.3837890625,0.235961914062,-834.0,6507.0,-4938.0,-4.0,-5.0,1.0,
1647355076525083541,0.361450195312,0.816101074219,0.383911132812,0.236267089844,-862.0,6516.0,-4879.0,-4.0,-5.0,1.0,
1647355076529670715,0.361511230469,0.815979003906,0.384033203125,0.236572265625,-905.0,6526.0,-4818.0,-4.0,-4.0,1.0,
1647355076534431695,0.361572265625,0.815795898438,0.384155273438,0.236877441406,-947.0,6548.0,-4771.0,-4.0,-4.0,0.0,
1647355076540218591,0.361572265625,0.815551757812,0.384338378906,0.237243652344,-978.0,6582.0,-4736.0,-5.0,-4.0,0.0,
1647355076545448780,0.361572265625,0.815307617188,0.384582519531,0.237670898438,-1041.0,6616.0,-4672.0,-7.0,-5.0,0.0,
1647355076551001787,0.361511230469,0.815002441406,0.384948730469,0.238220214844,-1083.0,6645.0,-4606.0,-8.0,-5.0,0.0,
1647355076555561542,0.361511230469,0.814697265625,0.385375976562,0.23876953125,-1124.0,6709.0,-4546.0,-10.0,-6.0,0.0,
1647355076559877157,0.361450195312,0.814270019531,0.385925292969,0.239440917969,-1174.0,6768.0,-4494.0,-11.0,-6.0,0.0,
1647355076564126729,0.361389160156,0.813781738281,0.386474609375,0.240173339844,-1215.0,6779.0,-4446.0,-12.0,-7.0,0.0,
1647355076568761348,0.361267089844,0.813354492188,0.387023925781,0.240905761719,-1246.0,6723.0,-4430.0,-13.0,-7.0,0.0,
1647355076574923753,0.361145019531,0.81298828125,0.387451171875,0.241638183594,-1259.0,6631.0,-4440.0,-13.0,-7.0,-2.0,
1647355076580346107,0.360961914062,0.812683105469,0.387817382812,0.242370605469,-1252.0,6548.0,-4474.0,-12.0,-7.0,-3.0,
1647355076583637475,0.360717773438,0.8125,0.388000488281,0.242980957031,-1237.0,6480.0,-4517.0,-10.0,-6.0,-4.0,
1647355076600761175,0.360534667969,0.812316894531,0.38818359375,0.243591308594,-1211.0,6430.0,-4567.0,-9.0,-6.0,-4.0,
1647355076601419687,0.360290527344,0.812255859375,0.388244628906,0.244018554688,-1199.0,6395.0,-4628.0,-7.0,-5.0,-5.0,
1647355076601990222,0.360046386719,0.812255859375,0.388244628906,0.244445800781,-1169.0,6357.0,-4704.0,-6.0,-4.0,-6.0,
1647355076605323314,0.359741210938,0.812316894531,0.388122558594,0.244812011719,-1139.0,6315.0,-4783.0,-4.0,-3.0,-7.0,
1647355076612500905,0.359375,0.8125,0.387939453125,0.2451171875,-1113.0,6292.0,-4850.0,-3.0,-3.0,-9.0,
1647355076613895177,0.358947753906,0.812744140625,0.3876953125,0.245361328125,-1082.0,6301.0,-4911.0,-1.0,-2.0,-10.0,
1647355076620210886,0.358459472656,0.81298828125,0.387451171875,0.245544433594,-1043.0,6313.0,-4953.0,-1.0,-1.0,-11.0,
1647355076625358343,0.357971191406,0.813293457031,0.38720703125,0.245727539062,-1007.0,6326.0,-4987.0,0.0,0.0,-12.0,
1647355076631165504,0.357299804688,0.813659667969,0.386901855469,0.245910644531,-967.0,6306.0,-5035.0,0.0,0.0,-13.0,
1647355076635101556,0.356628417969,0.814086914062,0.386535644531,0.246032714844,-928.0,6267.0,-5090.0,1.0,1.0,-15.0,
1647355076640785694,0.355895996094,0.814575195312,0.386108398438,0.246154785156,-870.0,6252.0,-5174.0,2.0,1.0,-16.0,
1647355076647915601,0.355163574219,0.815185546875,0.385559082031,0.246154785156,-851.0,6274.0,-5223.0,3.0,2.0,-17.0,
1647355076650081872,0.354370117188,0.815673828125,0.385131835938,0.246215820312,-817.0,6322.0,-5256.0,2.0,2.0,-18.0,
1647355076654424905,0.353515625,0.816223144531,0.384765625,0.246337890625,-790.0,6413.0,-5272.0,1.0,2.0,-18.0,
1647355076658722877,0.352600097656,0.816650390625,0.384582519531,0.246459960938,-742.0,6498.0,-5286.0,-1.0,3.0,-18.0,
1647355076666271686,0.351623535156,0.817016601562,0.384521484375,0.246643066406,-735.0,6560.0,-5302.0,-3.0,3.0,-19.0,
1647355076669377326,0.350646972656,0.817443847656,0.384460449219,0.246887207031,-762.0,6608.0,-5309.0,-4.0,3.0,-19.0,
1647355076674713611,0.349548339844,0.817810058594,0.384460449219,0.247192382812,-814.0,6681.0,-5306.0,-5.0,3.0,-20.0,
1647355076679812908,0.348449707031,0.818115234375,0.384582519531,0.24755859375,-857.0,6785.0,-5292.0,-7.0,3.0,-20.0,
1647355076684501647,0.347290039062,0.818298339844,0.384826660156,0.248046875,-887.0,6901.0,-5268.0,-10.0,3.0,-19.0,
1647355076689226388,0.346130371094,0.818420410156,0.385314941406,0.248474121094,-910.0,7008.0,-5238.0,-12.0,3.0,-19.0,
1647355076695779085,0.345031738281,0.818542480469,0.385864257812,0.2490234375,-937.0,7112.0,-5195.0,-14.0,3.0,-18.0,
1647355076699527025,0.343872070312,0.818542480469,0.386474609375,0.24951171875,-951.0,7205.0,-5148.0,-14.0,3.0,-17.0,
1647355076703711748,0.3427734375,0.818603515625,0.387084960938,0.25,-962.0,7276.0,-5114.0,-14.0,3.0,-17.0,
1647355076710280656,0.341735839844,0.818603515625,0.387634277344,0.250427246094,-962.0,7336.0,-5085.0,-13.0,3.0,-16.0,
1647355076715581655,0.3408203125,0.818603515625,0.38818359375,0.250793457031,-955.0,7388.0,-5064.0,-12.0,3.0,-15.0,
1647355076718729496,0.339904785156,0.818664550781,0.388793945312,0.251098632812,-942.0,7426.0,-5050.0,-12.0,3.0,-14.0,
1647355076729835510,0.339050292969,0.818603515625,0.389343261719,0.251403808594,-938.0,7460.0,-5041.0,-12.0,3.0,-13.0,
1647355076731309413,0.338195800781,0.818542480469,0.390014648438,0.251708984375,-925.0,7471.0,-5048.0,-13.0,3.0,-12.0,
1647355076736520051,0.33740234375,0.818542480469,0.390625,0.251953125,-920.0,7473.0,-5068.0,-13.0,3.0,-12.0,
1647355076741820335,0.336608886719,0.818481445312,0.391235351562,0.252197265625,-918.0,7459.0,-5093.0,-13.0,4.0,-11.0,
1647355076748478412,0.335876464844,0.818481445312,0.391723632812,0.252380371094,-918.0,7416.0,-5125.0,-12.0,4.0,-11.0,
1647355076754999876,0.335083007812,0.818542480469,0.392211914062,0.252502441406,-913.0,7371.0,-5155.0,-11.0,5.0,-11.0,
1647355076758105754,0.334289550781,0.818664550781,0.392578125,0.252563476562,-904.0,7323.0,-5159.0,-10.0,5.0,-11.0,
1647355076770099401,0.333557128906,0.818786621094,0.393005371094,0.252563476562,-906.0,7288.0,-5150.0,-10.0,6.0,-11.0,
1647355076770570516,0.332763671875,0.81884765625,0.393493652344,0.252563476562,-927.0,7261.0,-5108.0,-10.0,6.0,-11.0,
1647355076771032333,0.331970214844,0.818969726562,0.393920898438,0.252563476562,-952.0,7247.0,-5051.0,-10.0,7.0,-11.0,
1647355076775722742,0.331176757812,0.819030761719,0.394470214844,0.252563476562,-989.0,7253.0,-4987.0,-10.0,7.0,-10.0,
1647355076779908418,0.330383300781,0.819091796875,0.39501953125,0.252624511719,-1032.0,7267.0,-4913.0,-10.0,8.0,-10.0,
1647355076785071372,0.32958984375,0.819152832031,0.395568847656,0.252624511719,-1073.0,7284.0,-4819.0,-9.0,8.0,-10.0,
1647355076791136741,0.328735351562,0.819152832031,0.396179199219,0.252685546875,-1116.0,7312.0,-4716.0,-10.0,8.0,-10.0,
1647355076795699357,0.327880859375,0.819152832031,0.396850585938,0.252746582031,-1165.0,7322.0,-4619.0,-11.0,8.0,-10.0,
1647355076800540924,0.327026367188,0.819091796875,0.397583007812,0.252868652344,-1236.0,7338.0,-4503.0,-12.0,8.0,-9.0,
1647355076816375255,0.326171875,0.819030761719,0.398315429688,0.253051757812,-1309.0,7396.0,-4340.0,-12.0,7.0,-9.0,
1647355076818724632,0.325317382812,0.81884765625,0.399169921875,0.253356933594,-1379.0,7496.0,-4179.0,-12.0,6.0,-8.0,
1647355076819675683,0.324523925781,0.818603515625,0.400146484375,0.253723144531,-1446.0,7594.0,-4038.0,-14.0,5.0,-7.0,
1647355076820761203,0.32373046875,0.818176269531,0.401245117188,0.254272460938,-1524.0,7685.0,-3928.0,-17.0,4.0,-7.0,
1647355076826004028,0.322937011719,0.817687988281,0.402465820312,0.2548828125,-1613.0,7745.0,-3828.0,-20.0,3.0,-6.0,
1647355076831545352,0.322143554688,0.817138671875,0.403747558594,0.255676269531,-1699.0,7782.0,-3728.0,-22.0,1.0,-6.0,
1647355076834066629,0.321411132812,0.816528320312,0.405029296875,0.256591796875,-1779.0,7784.0,-3658.0,-24.0,-1.0,-6.0,
1647355076841574430,0.320617675781,0.815856933594,0.406372070312,0.257629394531,-1857.0,7755.0,-3590.0,-25.0,-2.0,-6.0,
1647355076844591617,0.319885253906,0.815124511719,0.407653808594,0.258728027344,-1927.0,7705.0,-3548.0,-26.0,-4.0,-6.0,
1647355076848536014,0.319213867188,0.814392089844,0.408935546875,0.259826660156,-1985.0,7650.0,-3508.0,-27.0,-5.0,-5.0,
1647355076854966878,0.318542480469,0.813598632812,0.410278320312,0.261047363281,-2038.0,7598.0,-3497.0,-28.0,-6.0,-5.0,
1647355076864031314,0.31787109375,0.812805175781,0.411560058594,0.262268066406,-2086.0,7516.0,-3518.0,-28.0,-7.0,-5.0,
1647355076865656614,0.317260742188,0.81201171875,0.412719726562,0.263610839844,-2126.0,7465.0,-3518.0,-28.0,-9.0,-5.0,
1647355076872796297,0.316711425781,0.811157226562,0.413940429688,0.265014648438,-2147.0,7425.0,-3514.0,-30.0,-10.0,-5.0,
1647355076875233650,0.316101074219,0.810241699219,0.415283203125,0.266540527344,-2148.0,7412.0,-3503.0,-32.0,-11.0,-5.0,
1647355076878398180,0.3154296875,0.809143066406,0.416870117188,0.268188476562,-2139.0,7423.0,-3482.0,-37.0,-13.0,-6.0,
1647355076884656906,0.314697265625,0.807861328125,0.418701171875,0.270080566406,-2109.0,7421.0,-3473.0,-43.0,-15.0,-6.0,
1647355076889184951,0.313903808594,0.806335449219,0.420837402344,0.272216796875,-2097.0,7451.0,-3449.0,-50.0,-17.0,-7.0,
1647355076893481969,0.312927246094,0.804565429688,0.42333984375,0.274658203125,-2073.0,7497.0,-3432.0,-59.0,-20.0,-8.0,
1647355076899914979,0.311889648438,0.802490234375,0.426208496094,0.277404785156,-2040.0,7540.0,-3398.0,-68.0,-22.0,-8.0,
1647355076905417680,0.310791015625,0.800109863281,0.429504394531,0.280395507812,-2019.0,7562.0,-3382.0,-77.0,-25.0,-9.0,
1647355076909283161,0.309509277344,0.797485351562,0.43310546875,0.28369140625,-1983.0,7559.0,-3402.0,-85.0,-27.0,-9.0,
1647355076915062427,0.308166503906,0.794677734375,0.436950683594,0.287109375,-1948.0,7515.0,-3471.0,-92.0,-29.0,-10.0,
1647355076919472217,0.306823730469,0.791809082031,0.440795898438,0.290649414062,-1891.0,7429.0,-3597.0,-96.0,-31.0,-10.0,
1647355076924209594,0.305480957031,0.788879394531,0.444641113281,0.294128417969,-1841.0,7293.0,-3771.0,-98.0,-31.0,-10.0,
1647355076930246353,0.304138183594,0.786071777344,0.4482421875,0.297485351562,-1738.0,7138.0,-4051.0,-96.0,-30.0,-10.0,
1647355076934909582,0.302734375,0.783447265625,0.451721191406,0.300659179688,-1624.0,6975.0,-4232.0,-96.0,-29.0,-12.0,
1647355076939528226,0.301208496094,0.780822753906,0.455200195312,0.303833007812,-1506.0,6736.0,-4275.0,-97.0,-28.0,-15.0,
1647355076943808555,0.299560546875,0.778198242188,0.45849609375,0.307067871094,-1419.0,6388.0,-4170.0,-93.0,-29.0,-17.0,
1647355076949943304,0.298034667969,0.775817871094,0.46142578125,0.310180664062,-1414.0,6077.0,-4097.0,-84.0,-27.0,-17.0,
1647355076954406261,0.296569824219,0.773742675781,0.463928222656,0.313110351562,-1477.0,5924.0,-4048.0,-76.0,-26.0,-17.0,
1647355076960371971,0.295166015625,0.771728515625,0.466247558594,0.315979003906,-1582.0,5937.0,-4009.0,-73.0,-26.0,-16.0,
1647355076967111825,0.293701171875,0.769592285156,0.468688964844,0.318908691406,-1707.0,6035.0,-3921.0,-74.0,-26.0,-16.0,
1647355076972483158,0.292114257812,0.767272949219,0.471313476562,0.322021484375,-1834.0,6149.0,-3796.0,-78.0,-26.0,-16.0,
1647355076974243164,0.290344238281,0.764831542969,0.47412109375,0.325317382812,-1947.0,6229.0,-3676.0,-82.0,-27.0,-18.0,
1647355076978632926,0.288391113281,0.762268066406,0.477111816406,0.328674316406,-1993.0,6256.0,-3639.0,-86.0,-27.0,-21.0,
1647355076984811305,0.286193847656,0.759704589844,0.480102539062,0.332092285156,-2062.0,6227.0,-3452.0,-90.0,-26.0,-23.0,
1647355076989487886,0.283874511719,0.757019042969,0.483215332031,0.335693359375,-2089.0,6209.0,-3384.0,-91.0,-26.0,-25.0,
1647355076994863986,0.281616210938,0.75439453125,0.486267089844,0.339050292969,-2101.0,6255.0,-3327.0,-91.0,-25.0,-24.0,
1647355077001198530,0.279296875,0.751770019531,0.489440917969,0.342346191406,-2161.0,6336.0,-3243.0,-92.0,-23.0,-23.0,
1647355077004675626,0.277038574219,0.749084472656,0.492492675781,0.345581054688,-2210.0,6383.0,-3144.0,-90.0,-23.0,-23.0,
1647355077008716583,0.274719238281,0.746459960938,0.495483398438,0.348876953125,-2247.0,6423.0,-3043.0,-89.0,-24.0,-24.0,
1647355077014889478,0.272277832031,0.743835449219,0.498413085938,0.352172851562,-2278.0,6478.0,-2982.0,-87.0,-22.0,-26.0,
1647355077019403457,0.269775390625,0.741394042969,0.501159667969,0.355285644531,-2295.0,6538.0,-2973.0,-86.0,-21.0,-28.0,
1647355077025182962,0.267211914062,0.739135742188,0.503723144531,0.358337402344,-2318.0,6575.0,-3000.0,-83.0,-19.0,-29.0,
1647355077032812356,0.264587402344,0.736999511719,0.506164550781,0.361328125,-2313.0,6570.0,-3048.0,-81.0,-17.0,-32.0,
1647355077037085294,0.261840820312,0.735046386719,0.508361816406,0.364196777344,-2299.0,6539.0,-3085.0,-78.0,-16.0,-34.0,
1647355077040557622,0.258972167969,0.733276367188,0.510314941406,0.366943359375,-2288.0,6507.0,-3078.0,-74.0,-14.0,-37.0,
1647355077046175003,0.256042480469,0.731750488281,0.512084960938,0.36962890625,-2275.0,6511.0,-3050.0,-69.0,-12.0,-40.0,
1647355077050837516,0.253173828125,0.730407714844,0.513610839844,0.372192382812,-2267.0,6570.0,-3026.0,-64.0,-10.0,-41.0,
1647355077054886579,0.250305175781,0.729248046875,0.514892578125,0.37451171875,-2280.0,6689.0,-2961.0,-59.0,-8.0,-41.0,
1647355077066184282,0.247497558594,0.728210449219,0.516174316406,0.376770019531,-2316.0,6855.0,-2848.0,-55.0,-6.0,-40.0,
1647355077068293809,0.244750976562,0.727172851562,0.517395019531,0.37890625,-2361.0,7050.0,-2733.0,-52.0,-5.0,-40.0,
1647355077163712501,0.242004394531,0.726196289062,0.518493652344,0.380920410156,-2410.0,7264.0,-2598.0,-49.0,-4.0,-39.0,
1647355077211042404,0.2392578125,0.725219726562,0.519653320312,0.382995605469,-2458.0,7479.0,-2478.0,-49.0,-3.0,-40.0,
1647355077219713211,0.236389160156,0.724182128906,0.520812988281,0.385070800781,-2508.0,7648.0,-2368.0,-51.0,-3.0,-41.0,
1647355077228108644,0.233459472656,0.72314453125,0.522094726562,0.38720703125,-2534.0,7758.0,-2275.0,-52.0,-3.0,-41.0,
1647355077231135129,0.230529785156,0.721984863281,0.523376464844,0.389282226562,-2541.0,7820.0,-2181.0,-53.0,-3.0,-42.0,
1647355077241009235,0.2275390625,0.720886230469,0.524658203125,0.391357421875,-2550.0,7844.0,-2091.0,-53.0,-2.0,-42.0,
1647355077247292757,0.224548339844,0.719848632812,0.52587890625,0.393432617188,-2559.0,7842.0,-1989.0,-52.0,-2.0,-42.0,
1647355077253099918,0.221557617188,0.71875,0.527038574219,0.395446777344,-2579.0,7829.0,-1888.0,-51.0,-2.0,-42.0,
1647355077256576061,0.218688964844,0.717712402344,0.528137207031,0.3974609375,-2592.0,7837.0,-1800.0,-49.0,-3.0,-41.0,
1647355077259063243,0.215942382812,0.716674804688,0.529235839844,0.3994140625,-2604.0,7881.0,-1716.0,-48.0,-3.0,-40.0,
1647355077263556718,0.213317871094,0.715637207031,0.530334472656,0.401245117188,-2609.0,7937.0,-1637.0,-47.0,-2.0,-38.0,
1647355077270070314,0.210693359375,0.714599609375,0.531433105469,0.403015136719,-2622.0,7965.0,-1564.0,-47.0,-2.0,-37.0,
1647355077271932840,0.2080078125,0.713500976562,0.532592773438,0.404846191406,-2635.0,7963.0,-1487.0,-48.0,-2.0,-37.0,
1647355077275292396,0.205322265625,0.712280273438,0.533813476562,0.406677246094,-2650.0,7922.0,-1418.0,-49.0,-3.0,-37.0,
1647355077283829212,0.20263671875,0.711120605469,0.535034179688,0.408508300781,-2654.0,7859.0,-1344.0,-50.0,-3.0,-37.0,
1647355077290537118,0.199951171875,0.709899902344,0.536193847656,0.410400390625,-2660.0,7796.0,-1251.0,-50.0,-3.0,-37.0,
1647355077293128013,0.197326660156,0.708679199219,0.537414550781,0.412231445312,-2662.0,7766.0,-1121.0,-49.0,-3.0,-36.0,
1647355077295918703,0.19482421875,0.707397460938,0.53857421875,0.4140625,-2651.0,7775.0,-972.0,-47.0,-4.0,-35.0,
1647355077302249193,0.192504882812,0.706115722656,0.539794921875,0.415771484375,-2648.0,7822.0,-806.0,-45.0,-4.0,-33.0,
1647355077305129289,0.188232421875,0.703552246094,0.542114257812,0.419067382812,-2666.0,7958.0,-446.0,-42.0,-5.0,-29.0,
1647355077306023597,0.174560546875,0.691589355469,0.550537109375,0.433654785156,-2869.0,8034.0,597.0,-28.0,-15.0,-17.0,
1647355077307550191,0.173034667969,0.688720703125,0.55224609375,0.436584472656,-2903.0,8200.0,689.0,-30.0,-17.0,-15.0,
1647355077310328006,0.172302246094,0.687194824219,0.553161621094,0.438171386719,-2916.0,8225.0,728.0,-31.0,-18.0,-14.0,
1647355077311499357,0.171508789062,0.685485839844,0.55419921875,0.439758300781,-2917.0,8194.0,743.0,-34.0,-19.0,-15.0,
1647355077314989089,0.170654296875,0.683776855469,0.555236816406,0.441467285156,-2911.0,8121.0,752.0,-36.0,-20.0,-16.0,
1647355077316901206,0.169677734375,0.682006835938,0.556274414062,0.443237304688,-2914.0,8033.0,762.0,-38.0,-20.0,-17.0,
1647355077318084239,0.168701171875,0.680236816406,0.557373046875,0.445068359375,-2918.0,7919.0,777.0,-39.0,-20.0,-17.0,
1647355077323866367,0.167724609375,0.678405761719,0.558471679688,0.44677734375,-2942.0,7787.0,798.0,-38.0,-20.0,-16.0,
1647355077325822114,0.166809082031,0.6767578125,0.559448242188,0.448486328125,-2993.0,7654.0,847.0,-35.0,-20.0,-15.0,
1647355077327185630,0.166076660156,0.675170898438,0.560241699219,0.450134277344,-3066.0,7535.0,946.0,-30.0,-20.0,-14.0,
1647355077332870721,0.165100097656,0.672424316406,0.561096191406,0.453430175781,-3198.0,7459.0,1086.0,-18.0,-21.0,-13.0,
1647355077333943843,0.164855957031,0.67138671875,0.561218261719,0.454956054688,-3242.0,7516.0,1083.0,-14.0,-21.0,-14.0,
1647355077335697889,0.164611816406,0.670471191406,0.561218261719,0.456420898438,-3300.0,7583.0,1094.0,-13.0,-20.0,-15.0,
1647355077338747024,0.164367675781,0.669494628906,0.561218261719,0.457946777344,-3366.0,7625.0,1142.0,-13.0,-21.0,-15.0,
1647355077341443777,0.1640625,0.668518066406,0.561157226562,0.459533691406,-3435.0,7648.0,1248.0,-12.0,-21.0,-16.0,
1647355077343143224,0.163757324219,0.66748046875,0.56103515625,0.461242675781,-3509.0,7716.0,1376.0,-10.0,-22.0,-17.0,
1647355077344767332,0.163513183594,0.666442871094,0.560852050781,0.463073730469,-3621.0,7870.0,1469.0,-10.0,-24.0,-18.0,
1647355077347492456,0.163269042969,0.665161132812,0.560791015625,0.465026855469,-3754.0,8067.0,1507.0,-13.0,-27.0,-18.0,
1647355077349000692,0.162963867188,0.66357421875,0.560974121094,0.467224121094,-3914.0,8077.0,1688.0,-21.0,-30.0,-19.0,
1647355077353191614,0.162048339844,0.661437988281,0.561401367188,0.470092773438,-4075.0,7739.0,2074.0,-32.0,-36.0,-25.0,
1647355077356143951,0.160339355469,0.658752441406,0.561828613281,0.473876953125,-4129.0,7174.0,2537.0,-40.0,-40.0,-36.0,
1647355077360906600,0.158264160156,0.656005859375,0.56201171875,0.478149414062,-4123.0,6632.0,2936.0,-38.0,-40.0,-46.0,
1647355077362174034,0.15625,0.653686523438,0.561767578125,0.482299804688,-4012.0,6205.0,3249.0,-29.0,-38.0,-48.0,
1647355077370562314,0.155029296875,0.65185546875,0.561157226562,0.485900878906,-4009.0,6003.0,3430.0,-15.0,-36.0,-42.0,
1647355077371930122,0.154541015625,0.650573730469,0.56005859375,0.488952636719,-4009.0,5994.0,3515.0,1.0,-36.0,-34.0,
1647355077378491878,0.154907226562,0.649658203125,0.558715820312,0.491577148438,-3961.0,6105.0,3592.0,13.0,-37.0,-27.0,
1647355077381006002,0.155883789062,0.648986816406,0.55712890625,0.493957519531,-4064.0,6363.0,3605.0,23.0,-38.0,-23.0,
1647355077382431983,0.156982421875,0.6484375,0.555358886719,0.496398925781,-4168.0,6674.0,3620.0,25.0,-41.0,-22.0,
1647355077383362293,0.158142089844,0.647583007812,0.553649902344,0.498962402344,-4277.0,7004.0,3600.0,22.0,-44.0,-22.0,
1647355077384302139,0.159118652344,0.646484375,0.55224609375,0.501708984375,-4362.0,7324.0,3552.0,13.0,-47.0,-23.0,
1647355077385760545,0.159790039062,0.644897460938,0.551147460938,0.504699707031,-4483.0,7539.0,3485.0,2.0,-51.0,-26.0,
1647355077387075662,0.160034179688,0.642822265625,0.550354003906,0.508117675781,-4575.0,7709.0,3367.0,-11.0,-54.0,-29.0,
1647355077388316392,0.159912109375,0.640258789062,0.549926757812,0.511840820312,-4585.0,7775.0,3254.0,-24.0,-58.0,-31.0,
1647355077391005039,0.159423828125,0.637268066406,0.549865722656,0.515686035156,-4528.0,7721.0,3125.0,-37.0,-60.0,-32.0,
1647355077395530223,0.15869140625,0.633911132812,0.550231933594,0.519714355469,-4429.0,7564.0,3001.0,-48.0,-61.0,-32.0,
1647355077401973009,0.157592773438,0.630187988281,0.550964355469,0.523803710938,-4299.0,7325.0,2899.0,-57.0,-61.0,-33.0,
1647355077410763502,0.15625,0.626220703125,0.551818847656,0.528015136719,-4142.0,7026.0,2769.0,-64.0,-61.0,-33.0,
1647355077414611339,0.154724121094,0.622192382812,0.552795410156,0.532165527344,-3972.0,6680.0,2639.0,-67.0,-60.0,-34.0,
1647355077417481660,0.153076171875,0.618225097656,0.5537109375,0.536315917969,-3808.0,6307.0,2527.0,-68.0,-58.0,-36.0,
1647355077419933795,0.151306152344,0.614440917969,0.554443359375,0.540405273438,-3654.0,5929.0,2431.0,-65.0,-56.0,-39.0,
1647355077424569606,0.149475097656,0.610900878906,0.554870605469,0.54443359375,-3504.0,5573.0,2333.0,-60.0,-53.0,-41.0,
1647355077431478023,0.147705078125,0.607727050781,0.555053710938,0.54833984375,-3367.0,5272.0,2236.0,-53.0,-50.0,-43.0,
1647355077438008546,0.146057128906,0.60498046875,0.554870605469,0.552001953125,-3288.0,5084.0,2175.0,-45.0,-46.0,-44.0,
1647355077440785884,0.144470214844,0.602478027344,0.554443359375,0.555541992188,-3243.0,5048.0,2068.0,-39.0,-44.0,-45.0,
1647355077450400829,0.143127441406,0.600219726562,0.553894042969,0.558898925781,-3223.0,5201.0,1948.0,-36.0,-43.0,-44.0,
1647355077451698064,0.141845703125,0.597900390625,0.553405761719,0.562133789062,-3231.0,5534.0,1826.0,-37.0,-44.0,-43.0,
1647355077454246282,0.140686035156,0.595397949219,0.55322265625,0.565307617188,-3231.0,5995.0,1692.0,-43.0,-44.0,-41.0,
1647355077459012269,0.139282226562,0.592590332031,0.553405761719,0.568359375,-3220.0,6498.0,1567.0,-52.0,-45.0,-40.0,
1647355077465155601,0.137573242188,0.58935546875,0.554077148438,0.571472167969,-3164.0,6932.0,1476.0,-66.0,-45.0,-41.0,
1647355077472328424,0.135192871094,0.585632324219,0.555236816406,0.57470703125,-3082.0,7233.0,1418.0,-82.0,-44.0,-43.0,
1647355077477291584,0.132080078125,0.581359863281,0.556945800781,0.578186035156,-2970.0,7369.0,1393.0,-99.0,-42.0,-46.0,
1647355077483976364,0.128051757812,0.576538085938,0.55908203125,0.581787109375,-2858.0,7338.0,1419.0,-115.0,-39.0,-50.0,
1647355077486303806,0.123352050781,0.571411132812,0.5615234375,0.585571289062,-2759.0,7181.0,1538.0,-127.0,-36.0,-54.0,
1647355077493516683,0.118041992188,0.565979003906,0.564086914062,0.589477539062,-2696.0,6937.0,1737.0,-134.0,-33.0,-57.0,
1647355077495409250,0.112487792969,0.560485839844,0.566589355469,0.593322753906,-2665.0,6642.0,2014.0,-135.0,-31.0,-57.0,
1647355077500515937,0.10693359375,0.555114746094,0.568969726562,0.59716796875,-2659.0,6325.0,2358.0,-129.0,-28.0,-57.0,
1647355077504610300,0.101623535156,0.549987792969,0.571044921875,0.600830078125,-2719.0,6070.0,2675.0,-120.0,-26.0,-56.0,
1647355077509020328,0.0965576171875,0.545288085938,0.57275390625,0.604309082031,-2774.0,5898.0,2985.0,-109.0,-23.0,-55.0,
1647355077514249801,0.0918579101562,0.540954589844,0.574157714844,0.607604980469,-2864.0,5880.0,3246.0,-100.0,-21.0,-54.0,
1647355077520118474,0.0874633789062,0.536865234375,0.575378417969,0.610717773438,-2961.0,6019.0,3406.0,-93.0,-20.0,-53.0,
1647355077524932146,0.0833129882812,0.533081054688,0.576477050781,0.613525390625,-3058.0,6258.0,3444.0,-90.0,-19.0,-52.0,
1647355077529673099,0.0792846679688,0.529479980469,0.577575683594,0.616149902344,-3135.0,6555.0,3382.0,-91.0,-17.0,-51.0,
1647355077534103393,0.0751342773438,0.526062011719,0.578796386719,0.618530273438,-3171.0,6830.0,3239.0,-93.0,-15.0,-50.0,
1647355077538870811,0.0708618164062,0.522644042969,0.580078125,0.620666503906,-3190.0,7029.0,3087.0,-97.0,-11.0,-50.0,
1647355077545422792,0.0662231445312,0.519287109375,0.581420898438,0.622680664062,-3182.0,7140.0,2952.0,-102.0,-7.0,-50.0,
1647355077550772428,0.0613403320312,0.515991210938,0.582946777344,0.624572753906,-3188.0,7200.0,2866.0,-105.0,-3.0,-50.0,
1647355077555160760,0.05615234375,0.512634277344,0.584533691406,0.626342773438,-3205.0,7221.0,2799.0,-107.0,1.0,-50.0,
1647355077561296939,0.05078125,0.509338378906,0.586120605469,0.627990722656,-3252.0,7232.0,2747.0,-109.0,4.0,-50.0,
1647355077563755989,0.0452880859375,0.506103515625,0.587768554688,0.629455566406,-3333.0,7240.0,2693.0,-111.0,8.0,-48.0,
1647355077569187879,0.03955078125,0.5029296875,0.589538574219,0.630737304688,-3440.0,7212.0,2646.0,-113.0,11.0,-47.0,
1647355077574305772,0.0336303710938,0.499755859375,0.591369628906,0.631896972656,-3561.0,7151.0,2588.0,-115.0,14.0,-46.0,
1647355077580373525,0.0275268554688,0.496643066406,0.593200683594,0.632873535156,-3702.0,7049.0,2557.0,-117.0,17.0,-45.0,
1647355077585291624,0.021240234375,0.493591308594,0.595092773438,0.633728027344,-3879.0,6914.0,2563.0,-118.0,20.0,-44.0,
1647355077590278148,0.0148315429688,0.490600585938,0.596984863281,0.634521484375,-4061.0,6765.0,2593.0,-118.0,21.0,-42.0,
1647355077593827724,0.00848388671875,0.487609863281,0.598815917969,0.635192871094,-4243.0,6640.0,2675.0,-116.0,22.0,-40.0,
1647355077599474191,0.002197265625,0.484619140625,0.600769042969,0.635681152344,-4420.0,6566.0,2762.0,-115.0,23.0,-37.0,
1647355077603502511,-0.00390625,0.481689453125,0.602783203125,0.636047363281,-4591.0,6549.0,2848.0,-115.0,23.0,-34.0,
1647355077613018035,-0.00994873046875,0.478759765625,0.604919433594,0.636169433594,-4739.0,6565.0,2949.0,-115.0,24.0,-30.0,
1647355077615985155,-0.015869140625,0.475708007812,0.607238769531,0.636108398438,-4892.0,6582.0,3090.0,-117.0,24.0,-27.0,
1647355077620248317,-0.0218505859375,0.47265625,0.609680175781,0.635864257812,-5030.0,6564.0,3237.0,-119.0,25.0,-24.0,
1647355077628225803,-0.0279541015625,0.469421386719,0.6123046875,0.635498046875,-5137.0,6500.0,3375.0,-121.0,26.0,-21.0,
1647355077630715847,-0.0340576171875,0.466125488281,0.614990234375,0.635009765625,-5217.0,6384.0,3521.0,-123.0,27.0,-19.0,
1647355077635075807,-0.0401611328125,0.462768554688,0.617736816406,0.634460449219,-5259.0,6227.0,3652.0,-123.0,27.0,-17.0,
1647355077644740104,-0.0462646484375,0.459411621094,0.620483398438,0.6337890625,-5289.0,6046.0,3773.0,-122.0,28.0,-15.0,
1647355077652944326,-0.05224609375,0.456115722656,0.623229980469,0.632995605469,-5301.0,5851.0,3857.0,-120.0,28.0,-13.0,
1647355077657094955,-0.0580444335938,0.452880859375,0.625915527344,0.632141113281,-5301.0,5654.0,3910.0,-117.0,28.0,-12.0,
1647355077664447784,-0.0636596679688,0.449829101562,0.628540039062,0.631225585938,-5311.0,5454.0,3964.0,-113.0,28.0,-10.0,
1647355077670673370,-0.069091796875,0.446838378906,0.631103515625,0.630249023438,-5310.0,5259.0,4007.0,-109.0,28.0,-8.0,
1647355077672394514,-0.0742797851562,0.444030761719,0.633544921875,0.629150390625,-5307.0,5069.0,4072.0,-104.0,27.0,-6.0,
1647355077673247337,-0.0791625976562,0.441284179688,0.635925292969,0.628112792969,-5313.0,4889.0,4140.0,-99.0,26.0,-5.0,
1647355077676956415,-0.0838623046875,0.438659667969,0.638244628906,0.626953125,-5312.0,4712.0,4204.0,-95.0,26.0,-3.0,
1647355077681962013,-0.0883178710938,0.436218261719,0.640441894531,0.625854492188,-5326.0,4558.0,4271.0,-91.0,25.0,-1.0,
1647355077685601711,-0.092529296875,0.433776855469,0.642639160156,0.624633789062,-5351.0,4445.0,4300.0,-87.0,24.0,0.0,
1647355077691352844,-0.0964965820312,0.431457519531,0.644775390625,0.623413085938,-5347.0,4370.0,4179.0,-84.0,22.0,2.0,
1647355077694891691,-0.100402832031,0.429321289062,0.646911621094,0.622131347656,-5372.0,4268.0,4091.0,-84.0,21.0,3.0,
1647355077700449228,-0.104370117188,0.427185058594,0.648986816406,0.620788574219,-5454.0,4072.0,4204.0,-83.0,21.0,3.0,
1647355077703706264,-0.108276367188,0.424926757812,0.651000976562,0.619567871094,-5632.0,3796.0,4505.0,-79.0,21.0,3.0,
1647355077708205223,-0.111877441406,0.422729492188,0.652770996094,0.618530273438,-5887.0,3548.0,4887.0,-71.0,20.0,4.0,
1647355077715029954,-0.114929199219,0.4208984375,0.654296875,0.617614746094,-6173.0,3516.0,5227.0,-58.0,17.0,7.0,
1647355077719779014,-0.117065429688,0.419555664062,0.655700683594,0.616638183594,-6291.0,3600.0,5567.0,-44.0,13.0,10.0,
1647355077725286006,-0.118347167969,0.418518066406,0.657043457031,0.615661621094,-6349.0,3830.0,5673.0,-34.0,9.0,13.0,
1647355077737534284,-0.119201660156,0.417724609375,0.658386230469,0.614562988281,-6315.0,4090.0,5680.0,-31.0,6.0,15.0,
1647355077750656604,-0.119934082031,0.416931152344,0.659851074219,0.613403320312,-6204.0,4253.0,5603.0,-33.0,5.0,15.0,
1647355077753267288,-0.120910644531,0.415954589844,0.661315917969,0.6123046875,-6121.0,4278.0,5557.0,-38.0,5.0,13.0,
1647355077753596067,-0.122192382812,0.414733886719,0.662780761719,0.611267089844,-6049.0,4139.0,5488.0,-41.0,5.0,11.0,
1647355077755739927,-0.123718261719,0.413391113281,0.664123535156,0.610412597656,-6039.0,3940.0,5490.0,-41.0,6.0,10.0,
1647355077756923198,-0.125244140625,0.412048339844,0.665405273438,0.609680175781,-6061.0,3768.0,5481.0,-38.0,5.0,9.0,
1647355077759754896,-0.12646484375,0.410949707031,0.66650390625,0.609008789062,-6100.0,3663.0,5438.0,-33.0,3.0,9.0,
1647355077765040397,-0.127380371094,0.410034179688,0.66748046875,0.608276367188,-6114.0,3630.0,5389.0,-27.0,2.0,11.0,
1647355077771070241,-0.1279296875,0.409423828125,0.66845703125,0.607482910156,-6094.0,3610.0,5352.0,-22.0,1.0,13.0,
1647355077775643825,-0.128295898438,0.408996582031,0.66943359375,0.606628417969,-6057.0,3606.0,5374.0,-18.0,1.0,16.0,
1647355077785110950,-0.12841796875,0.408630371094,0.670471191406,0.605773925781,-6005.0,3627.0,5369.0,-15.0,1.0,17.0,
1647355077787776470,-0.128356933594,0.408386230469,0.671508789062,0.604797363281,-5892.0,3643.0,5248.0,-13.0,1.0,19.0,
1647355077793032646,-0.12841796875,0.408203125,0.672546386719,0.603759765625,-5767.0,3680.0,5180.0,-14.0,2.0,19.0,
1647355077797099828,-0.12841796875,0.408081054688,0.673645019531,0.602600097656,-5688.0,3704.0,5168.0,-14.0,3.0,20.0,
