1649769681078023433,-0.755187988281,-0.335021972656,-0.554565429688,-0.099853515625,3843.0,4767.0,-1210.0,31.0,-260.0,176.0,
1649769681090484142,-0.766906738281,-0.327026367188,-0.54345703125,-0.0986328125,3647.0,4655.0,-1509.0,23.0,-247.0,163.0,
1649769681094315290,-0.777709960938,-0.319519042969,-0.532531738281,-0.0979614257812,3444.0,4688.0,-1867.0,17.0,-237.0,147.0,
1649769681096247911,-0.796875,-0.306640625,-0.511352539062,-0.097900390625,3328.0,4662.0,-2676.0,15.0,-216.0,118.0,
1649769681118754148,-0.830017089844,-0.284912109375,-0.468994140625,-0.100036621094,3226.0,3788.0,-2863.0,2.0,-226.0,78.0,
1649769681127765417,-0.837158203125,-0.280029296875,-0.458679199219,-0.1025390625,2944.0,3757.0,-3097.0,-10.0,-211.0,69.0,
1649769681130072832,-0.843383789062,-0.275329589844,-0.449401855469,-0.105163574219,3004.0,3794.0,-3443.0,-18.0,-186.0,64.0,
1649769681135107517,-0.84912109375,-0.270751953125,-0.440673828125,-0.107604980469,3242.0,3840.0,-3697.0,-18.0,-175.0,62.0,
1649769681139081954,-0.860778808594,-0.261535644531,-0.421936035156,-0.11279296875,3135.0,3885.0,-3501.0,-17.0,-198.0,55.0,
1649769681141536712,-0.866455078125,-0.256958007812,-0.412048339844,-0.116516113281,2123.0,4176.0,-4227.0,-25.0,-203.0,52.0,
1649769681149888515,-0.871643066406,-0.253234863281,-0.402099609375,-0.120422363281,1136.0,4397.0,-5227.0,-29.0,-172.0,49.0,
1649769681151853561,-0.874877929688,-0.250305175781,-0.396179199219,-0.122497558594,1545.0,4329.0,-6169.0,-21.0,-83.0,50.0,
1649769681159199714,-0.876525878906,-0.247802734375,-0.394348144531,-0.121948242188,3107.0,4044.0,-6697.0,-5.0,-22.0,46.0,
1649769681170814990,-0.878295898438,-0.24462890625,-0.393005371094,-0.119873046875,4209.0,3869.0,-7005.0,9.0,-35.0,50.0,
1649769681193959712,-0.881103515625,-0.240966796875,-0.3896484375,-0.117919921875,4800.0,3892.0,-7329.0,17.0,-71.0,61.0,
1649769681200302124,-0.884460449219,-0.237243652344,-0.384704589844,-0.116088867188,5114.0,3898.0,-7608.0,25.0,-92.0,66.0,
1649769681203549385,-0.899108886719,-0.222778320312,-0.361450195312,-0.106872558594,4928.0,3403.0,-7192.0,37.0,-95.0,74.0,
1649769681213154554,-0.910705566406,-0.208251953125,-0.342590332031,-0.0999755859375,4122.0,3033.0,-6490.0,18.0,-70.0,59.0,
1649769681215384483,-0.912658691406,-0.205261230469,-0.339416503906,-0.0990600585938,3937.0,2953.0,-6408.0,10.0,-56.0,52.0,
1649769681219424486,-0.914245605469,-0.202697753906,-0.336791992188,-0.0986328125,3846.0,2880.0,-6344.0,3.0,-46.0,44.0,
1649769681221536874,-0.916687011719,-0.19873046875,-0.332336425781,-0.0990600585938,3524.0,2624.0,-6293.0,-9.0,-38.0,26.0,
1649769681223304986,-0.918212890625,-0.195861816406,-0.329284667969,-0.101013183594,3323.0,2444.0,-6170.0,-22.0,-23.0,14.0,
1649769681232473611,-0.929260253906,-0.182189941406,-0.29345703125,-0.131469726562,3832.0,2929.0,-5627.0,-32.0,-73.0,13.0,
1649769681234681367,-0.931518554688,-0.178100585938,-0.286437988281,-0.136474609375,3630.0,3148.0,-5485.0,-31.0,-71.0,18.0,
1649769681236889123,-0.932678222656,-0.175842285156,-0.28271484375,-0.139038085938,3528.0,3211.0,-5330.0,-33.0,-75.0,20.0,
1649769681244974136,-0.937561035156,-0.1572265625,-0.268432617188,-0.155822753906,3679.0,4231.0,-7149.0,-9.0,-46.0,28.0,
1649769681267512798,-0.836608886719,-0.114074707031,-0.498046875,-0.197692871094,9279.0,6530.0,-6074.0,-201.0,368.0,70.0,
1649769681281852483,-0.822570800781,-0.107971191406,-0.519714355469,-0.204223632812,9630.0,6787.0,-5437.0,-217.0,369.0,79.0,
1649769681286124467,-0.807983398438,-0.100769042969,-0.540893554688,-0.210998535156,9975.0,7020.0,-4784.0,-231.0,362.0,89.0,
1649769681296299457,-0.7783203125,-0.0825805664062,-0.58056640625,-0.224731445312,10747.0,7478.0,-3456.0,-253.0,331.0,116.0,
1649769681300997734,-0.7490234375,-0.0598754882812,-0.615417480469,-0.238159179688,11340.0,7873.0,-2137.0,-268.0,287.0,137.0,
1649769681303026676,-0.721313476562,-0.0335693359375,-0.644714355469,-0.251098632812,11620.0,8136.0,-972.0,-275.0,239.0,153.0,
1649769681307278871,-0.708374023438,-0.0196533203125,-0.657165527344,-0.256958007812,11614.0,8191.0,-477.0,-273.0,213.0,158.0,
1649769681393860101,-0.696411132812,-0.00543212890625,-0.668090820312,-0.26220703125,11458.0,8191.0,-43.0,-265.0,186.0,163.0,
1649769681397963523,-0.685363769531,0.0087890625,-0.677612304688,-0.266784667969,11160.0,8127.0,336.0,-254.0,160.0,166.0,
1649769681400027036,-0.675231933594,0.0228881835938,-0.685913085938,-0.2705078125,10749.0,7989.0,665.0,-241.0,138.0,169.0,
1649769681403624773,-0.665893554688,0.03662109375,-0.693176269531,-0.273498535156,10233.0,7741.0,949.0,-226.0,119.0,169.0,
1649769681409953594,-0.657348632812,0.0499267578125,-0.699584960938,-0.275756835938,9610.0,7390.0,1193.0,-211.0,102.0,167.0,
1649769681415766000,-0.621215820312,0.108337402344,-0.724182128906,-0.279357910156,6508.0,5042.0,1629.0,-150.0,66.0,147.0,
1649769681417884111,-0.614990234375,0.11865234375,-0.727966308594,-0.279113769531,6054.0,4560.0,1578.0,-143.0,61.0,142.0,
1649769681422025442,-0.603454589844,0.138671875,-0.734375,-0.278198242188,5342.0,3665.0,1330.0,-134.0,51.0,134.0,
1649769681424113988,-0.59814453125,0.148315429688,-0.737060546875,-0.277526855469,4986.0,3288.0,1216.0,-129.0,45.0,131.0,
1649769681433968067,-0.593139648438,0.157653808594,-0.739440917969,-0.276733398438,4685.0,2997.0,1110.0,-124.0,40.0,126.0,
1649769681444169998,-0.588439941406,0.166564941406,-0.741577148438,-0.276000976562,4515.0,2777.0,984.0,-118.0,35.0,122.0,
1649769681446347475,-0.584228515625,0.175170898438,-0.743225097656,-0.275085449219,4427.0,2603.0,838.0,-113.0,29.0,117.0,
1649769681449425458,-0.58056640625,0.183471679688,-0.744445800781,-0.274108886719,4305.0,2428.0,701.0,-107.0,19.0,113.0,
1649769681453473091,-0.577514648438,0.191589355469,-0.745239257812,-0.273010253906,4117.0,2242.0,580.0,-101.0,8.0,108.0,
1649769681464313507,-0.574951171875,0.199401855469,-0.74560546875,-0.271728515625,3917.0,2052.0,465.0,-96.0,-1.0,102.0,
1649769681468227386,-0.572875976562,0.206970214844,-0.74560546875,-0.270324707031,3761.0,1896.0,369.0,-90.0,-10.0,99.0,
1649769681474075317,-0.571350097656,0.214233398438,-0.745361328125,-0.268615722656,3620.0,1795.0,262.0,-82.0,-18.0,97.0,
1649769681501180410,-0.570373535156,0.221008300781,-0.744873046875,-0.266723632812,3457.0,1706.0,121.0,-73.0,-26.0,92.0,
1649769681502696990,-0.569946289062,0.227172851562,-0.744079589844,-0.264465332031,3292.0,1594.0,-30.0,-60.0,-33.0,87.0,
1649769681504934072,-0.570129394531,0.232604980469,-0.743225097656,-0.26171875,3158.0,1470.0,-158.0,-45.0,-38.0,83.0,
1649769681526936769,-0.57080078125,0.237243652344,-0.742370605469,-0.258544921875,3101.0,1365.0,-673.0,-28.0,-44.0,79.0,
1649769681529042959,-0.583862304688,0.247497558594,-0.73291015625,-0.24658203125,3179.0,1995.0,-2198.0,29.0,-132.0,42.0,
1649769681535338163,-0.592102050781,0.247619628906,-0.728271484375,-0.240356445312,2568.0,1720.0,-2046.0,71.0,-152.0,33.0,
1649769681537535905,-0.607299804688,0.245666503906,-0.721252441406,-0.225219726562,2802.0,808.0,-1062.0,106.0,-150.0,37.0,
1649769681539599418,-0.6142578125,0.245178222656,-0.718078613281,-0.216857910156,3608.0,535.0,-369.0,102.0,-150.0,49.0,
1649769681548756122,-0.620971679688,0.245666503906,-0.714416503906,-0.209167480469,3970.0,582.0,120.0,80.0,-158.0,54.0,
1649769681551035404,-0.628540039062,0.246154785156,-0.709533691406,-0.20263671875,3303.0,1027.0,-15.0,65.0,-174.0,39.0,
1649769681560032367,-0.666870117188,0.225280761719,-0.697998046875,-0.131958007812,7416.0,-838.0,-489.0,29.0,-19.0,34.0,
1649769681566212177,-0.672241210938,0.228454589844,-0.693359375,-0.123474121094,8638.0,-817.0,-485.0,14.0,-64.0,37.0,
1649769681568476438,-0.675109863281,0.22998046875,-0.690551757812,-0.120361328125,8714.0,-872.0,-457.0,11.0,-78.0,38.0,
1649769681570080041,-0.678344726562,0.231872558594,-0.687377929688,-0.117065429688,8714.0,-914.0,-427.0,10.0,-89.0,40.0,
1649769681599661827,-0.681945800781,0.233825683594,-0.683715820312,-0.113525390625,8635.0,-933.0,-394.0,9.0,-98.0,42.0,
1649769681601322412,-0.685791015625,0.235900878906,-0.679748535156,-0.109924316406,8477.0,-964.0,-380.0,9.0,-106.0,42.0,
1649769681603042125,-0.689697265625,0.237976074219,-0.675598144531,-0.106262207031,8235.0,-1003.0,-386.0,9.0,-109.0,42.0,
1649769681612856149,-0.693603515625,0.239990234375,-0.671447753906,-0.102600097656,7925.0,-1013.0,-428.0,9.0,-109.0,41.0,
1649769681620602130,-0.697448730469,0.241821289062,-0.667358398438,-0.0989990234375,7650.0,-1069.0,-457.0,10.0,-105.0,39.0,
1649769681622485876,-0.700988769531,0.243530273438,-0.663513183594,-0.0953979492188,7379.0,-1124.0,-513.0,12.0,-101.0,37.0,
1649769681624805688,-0.707702636719,0.246154785156,-0.656311035156,-0.0887451171875,6857.0,-1229.0,-600.0,16.0,-90.0,28.0,
1649769681627541303,-0.710754394531,0.246948242188,-0.653076171875,-0.085693359375,6622.0,-1279.0,-677.0,18.0,-84.0,24.0,
1649769681629971504,-0.713684082031,0.247497558594,-0.650085449219,-0.082763671875,6429.0,-1344.0,-782.0,19.0,-78.0,19.0,
1649769681634150505,-0.716369628906,0.247802734375,-0.647338867188,-0.080078125,6263.0,-1425.0,-890.0,20.0,-71.0,15.0,
1649769681643764972,-0.718872070312,0.247924804688,-0.644836425781,-0.0775146484375,6127.0,-1506.0,-1007.0,21.0,-65.0,12.0,
1649769681645672082,-0.72119140625,0.247924804688,-0.642578125,-0.0750732421875,6029.0,-1594.0,-1132.0,22.0,-58.0,10.0,
1649769681648247957,-0.723205566406,0.247924804688,-0.640502929688,-0.0728149414062,5966.0,-1658.0,-1264.0,21.0,-52.0,9.0,
1649769681649954319,-0.725158691406,0.247802734375,-0.638610839844,-0.0706787109375,5943.0,-1712.0,-1411.0,20.0,-48.0,8.0,
1649769681651925563,-0.732238769531,0.247741699219,-0.63134765625,-0.0628051757812,6359.0,-1840.0,-1903.0,17.0,-46.0,9.0,
1649769681653817415,-0.735961914062,0.247924804688,-0.627258300781,-0.0592651367188,6414.0,-1902.0,-2048.0,13.0,-48.0,7.0,
1649769681657636165,-0.737731933594,0.248168945312,-0.625183105469,-0.0576782226562,6423.0,-1931.0,-2100.0,10.0,-47.0,7.0,
1649769681668596982,-0.739440917969,0.248474121094,-0.623168945312,-0.0562133789062,6443.0,-1959.0,-2149.0,8.0,-45.0,7.0,
1649769681674703598,-0.741027832031,0.248840332031,-0.621337890625,-0.0548706054688,6465.0,-1985.0,-2173.0,6.0,-42.0,7.0,
1649769681676959276,-0.742431640625,0.249206542969,-0.61962890625,-0.0537109375,6486.0,-1997.0,-2186.0,4.0,-38.0,7.0,
1649769681682196140,-0.74365234375,0.249572753906,-0.618041992188,-0.052734375,6498.0,-1984.0,-2177.0,2.0,-33.0,6.0,
1649769681684132099,-0.74462890625,0.25,-0.616760253906,-0.0520629882812,6507.0,-1964.0,-2180.0,0.0,-28.0,5.0,
1649769681691696882,-0.746215820312,0.250610351562,-0.614685058594,-0.05126953125,6573.0,-1912.0,-2176.0,-3.0,-18.0,2.0,
1649769681696446180,-0.746704101562,0.250854492188,-0.613952636719,-0.0510864257812,6622.0,-1866.0,-2171.0,-3.0,-14.0,1.0,
1649769681698656082,-0.7470703125,0.250915527344,-0.613464355469,-0.051025390625,6659.0,-1796.0,-2181.0,-2.0,-9.0,-1.0,
1649769681700631856,-0.747375488281,0.250854492188,-0.613220214844,-0.051025390625,6701.0,-1725.0,-2185.0,0.0,-5.0,-1.0,
1649769681704072475,-0.747497558594,0.250671386719,-0.613098144531,-0.0509643554688,6758.0,-1665.0,-2183.0,3.0,-1.0,-2.0,
1649769681708169698,-0.74755859375,0.250305175781,-0.613220214844,-0.05078125,6820.0,-1607.0,-2161.0,6.0,1.0,-1.0,
1649769681719420671,-0.746826171875,0.246215820312,-0.615966796875,-0.0479736328125,7183.0,-1346.0,-2206.0,25.0,10.0,-2.0,
1649769681736156702,-0.74658203125,0.244995117188,-0.616760253906,-0.0470581054688,7285.0,-1344.0,-2226.0,28.0,11.0,-3.0,
1649769681742286443,-0.746032714844,0.242492675781,-0.618591308594,-0.044921875,7443.0,-1448.0,-2268.0,29.0,12.0,0.0,
1649769681748199224,-0.745666503906,0.241516113281,-0.619567871094,-0.0437622070312,7506.0,-1537.0,-2267.0,27.0,13.0,2.0,
1649769681766548395,-0.7451171875,0.24072265625,-0.620544433594,-0.042724609375,7573.0,-1621.0,-2253.0,24.0,15.0,4.0,
1649769681782678127,-0.744506835938,0.240234375,-0.62158203125,-0.0418090820312,7669.0,-1693.0,-2227.0,20.0,16.0,6.0,
1649769681793020725,-0.743713378906,0.239990234375,-0.622619628906,-0.0410766601562,7794.0,-1735.0,-2179.0,15.0,18.0,7.0,
1649769681799568891,-0.742797851562,0.239929199219,-0.623779296875,-0.0405883789062,7928.0,-1752.0,-2133.0,10.0,20.0,9.0,
1649769681803242683,-0.741882324219,0.240051269531,-0.624816894531,-0.0401611328125,8059.0,-1748.0,-2064.0,7.0,20.0,10.0,
1649769681821074008,-0.741027832031,0.240234375,-0.625854492188,-0.0398559570312,8165.0,-1727.0,-1988.0,5.0,19.0,11.0,
1649769681834537744,-0.740173339844,0.240417480469,-0.626770019531,-0.03955078125,8220.0,-1700.0,-1904.0,4.0,17.0,11.0,
1649769681869995355,-0.739379882812,0.240600585938,-0.627624511719,-0.0392456054688,8217.0,-1666.0,-1827.0,4.0,15.0,11.0,
1649769682034331560,-0.738647460938,0.240783691406,-0.628479003906,-0.0388793945312,8178.0,-1653.0,-1740.0,5.0,14.0,11.0,
1649769682391370534,-0.737182617188,0.241088867188,-0.630126953125,-0.037841796875,8114.0,-1636.0,-1583.0,7.0,13.0,13.0,
1649769682392211914,-0.736450195312,0.241271972656,-0.630920410156,-0.037109375,8109.0,-1601.0,-1508.0,9.0,11.0,14.0,
1649769682392890691,-0.73583984375,0.241394042969,-0.631713867188,-0.0362548828125,8103.0,-1561.0,-1447.0,11.0,10.0,16.0,
1649769682393401861,-0.735229492188,0.241516113281,-0.632385253906,-0.0352172851562,8069.0,-1540.0,-1383.0,14.0,7.0,17.0,
1649769682394142389,-0.734741210938,0.241577148438,-0.632995605469,-0.033935546875,8047.0,-1534.0,-1344.0,16.0,5.0,19.0,
1649769682394870758,-0.734252929688,0.24169921875,-0.633605957031,-0.0324096679688,8062.0,-1539.0,-1315.0,19.0,3.0,21.0,
1649769682399899959,-0.73388671875,0.241760253906,-0.634094238281,-0.03076171875,8071.0,-1558.0,-1272.0,21.0,1.0,22.0,
1649769682402423858,-0.733642578125,0.241760253906,-0.634521484375,-0.0289916992188,8022.0,-1604.0,-1246.0,22.0,-2.0,22.0,
1649769682418634891,-0.7333984375,0.241882324219,-0.634765625,-0.027099609375,7992.0,-1667.0,-1273.0,21.0,-4.0,22.0,
1649769682444569110,-0.733276367188,0.242126464844,-0.634887695312,-0.0252685546875,8036.0,-1775.0,-1314.0,19.0,-5.0,23.0,
1649769682450788259,-0.733215332031,0.242614746094,-0.634887695312,-0.0233764648438,8113.0,-1905.0,-1331.0,18.0,-8.0,26.0,
1649769682464368104,-0.733215332031,0.243286132812,-0.634643554688,-0.0214233398438,8144.0,-2005.0,-1323.0,15.0,-13.0,27.0,
1649769682470202445,-0.733459472656,0.244140625,-0.634155273438,-0.0195922851562,8111.0,-2087.0,-1302.0,10.0,-18.0,27.0,
1649769682472404479,-0.733703613281,0.245178222656,-0.633544921875,-0.0180053710938,8001.0,-2182.0,-1251.0,5.0,-19.0,26.0,
1649769682485997200,-0.733825683594,0.246276855469,-0.632934570312,-0.0166625976562,7856.0,-2219.0,-1240.0,1.0,-17.0,24.0,
1649769682504462003,-0.734008789062,0.247375488281,-0.63232421875,-0.0155029296875,7769.0,-2118.0,-1274.0,-1.0,-16.0,23.0,
1649769682515254497,-0.735656738281,0.251403808594,-0.628967285156,-0.0098876953125,7583.0,-2087.0,-1388.0,5.0,-24.0,29.0,
1649769682517462968,-0.736450195312,0.253601074219,-0.627136230469,-0.00616455078125,7374.0,-2145.0,-1530.0,8.0,-21.0,29.0,
1649769682535446643,-0.737548828125,0.256225585938,-0.624877929688,-0.00048828125,7699.0,-2100.0,-1890.0,13.0,-23.0,30.0,
1649769682548959255,-0.738525390625,0.2568359375,-0.623474121094,0.00164794921875,7789.0,-2096.0,-1981.0,14.0,-34.0,29.0,
1649769682556028366,-0.739929199219,0.257385253906,-0.62158203125,0.00390625,7675.0,-2164.0,-2077.0,14.0,-46.0,26.0,
1649769682567538738,-0.741577148438,0.257995605469,-0.619323730469,0.0062255859375,7434.0,-2293.0,-2163.0,13.0,-52.0,23.0,
1649769682591262817,-0.748168945312,0.260986328125,-0.609924316406,0.0142211914062,6603.0,-2838.0,-2342.0,-1.0,-29.0,6.0,
1649769682602397680,-0.762145996094,0.244995117188,-0.599304199219,-0.0008544921875,7410.0,-1948.0,-2929.0,10.0,-31.0,-12.0,
1649769682630070686,-0.791015625,0.23681640625,-0.564147949219,0.006591796875,6981.0,-2421.0,-2796.0,-9.0,-4.0,-11.0,
1649769682634281158,-0.787292480469,0.246032714844,-0.565246582031,-0.0150146484375,7261.0,-1799.0,-2783.0,-6.0,-26.0,3.0,
1649769682696063756,-0.832885742188,0.223999023438,-0.505798339844,-0.0173950195312,6801.0,-1728.0,-3984.0,-5.0,-45.0,-24.0,
1649769682702059030,-0.834655761719,0.22314453125,-0.503356933594,-0.0176391601562,6800.0,-1659.0,-3999.0,-6.0,-46.0,-22.0,
1649769682716857671,-0.836364746094,0.222351074219,-0.500854492188,-0.0180053710938,6809.0,-1588.0,-4034.0,-7.0,-47.0,-20.0,
1649769682724304437,-0.839782714844,0.221130371094,-0.495544433594,-0.0184936523438,6757.0,-1471.0,-4108.0,-7.0,-50.0,-15.0,
1649769682756180763,-0.841491699219,0.220764160156,-0.492797851562,-0.0185546875,6728.0,-1411.0,-4137.0,-6.0,-51.0,-12.0,
1649769682801507949,-0.843139648438,0.220581054688,-0.490112304688,-0.0184326171875,6702.0,-1341.0,-4179.0,-5.0,-51.0,-8.0,
1649769682840412855,-0.8447265625,0.220458984375,-0.487426757812,-0.0181274414062,6687.0,-1282.0,-4231.0,-4.0,-50.0,-4.0,
1649769682852371692,-0.849243164062,0.220520019531,-0.4794921875,-0.016357421875,6619.0,-1186.0,-4377.0,1.0,-51.0,0.0,
1649769682860306262,-0.8583984375,0.219604492188,-0.463500976562,-0.0115356445312,6414.0,-1221.0,-4660.0,4.0,-54.0,-5.0,
1649769682863557100,-0.864501953125,0.217163085938,-0.453247070312,-0.0096435546875,5462.0,-1373.0,-4581.0,1.0,-67.0,-25.0,
1649769682884638071,-0.866394042969,0.216186523438,-0.450134277344,-0.00933837890625,5554.0,-1502.0,-4614.0,-2.0,-53.0,-24.0,
1649769682890338897,-0.867797851562,0.215637207031,-0.447631835938,-0.00921630859375,5879.0,-1452.0,-4649.0,-5.0,-46.0,-15.0,
1649769682892577171,-0.870910644531,0.214782714844,-0.442016601562,-0.00921630859375,5935.0,-1257.0,-4704.0,-6.0,-58.0,-10.0,
1649769682913217544,-0.877502441406,0.214660644531,-0.428771972656,-0.0076904296875,6102.0,-1342.0,-4837.0,-7.0,-61.0,-1.0,
1649769682944370746,-0.880615234375,0.215209960938,-0.422119140625,-0.00665283203125,6163.0,-1144.0,-4963.0,-4.0,-64.0,3.0,
1649769682958344697,-0.882385253906,0.215209960938,-0.41845703125,-0.0059814453125,6019.0,-1121.0,-5010.0,-2.0,-67.0,0.0,
1649769682964232683,-0.887390136719,0.215026855469,-0.407897949219,-0.00360107421875,5812.0,-1234.0,-5093.0,-2.0,-61.0,-4.0,
1649769682968218326,-0.888977050781,0.214660644531,-0.404602050781,-0.00311279296875,5801.0,-1225.0,-5115.0,-2.0,-62.0,-8.0,
1649769682985747098,-0.892639160156,0.213012695312,-0.397399902344,-0.00238037109375,5609.0,-1313.0,-5159.0,-3.0,-67.0,-19.0,
1649769682993695497,-0.900024414062,0.208374023438,-0.382873535156,-0.001708984375,4805.0,-1460.0,-5275.0,-5.0,-57.0,-25.0,
1649769682999960422,-0.904602050781,0.20556640625,-0.37353515625,-0.0020751953125,4797.0,-969.0,-5365.0,-3.0,-31.0,-7.0,
1649769683029036760,-0.905456542969,0.205200195312,-0.371643066406,-0.0025634765625,4649.0,-943.0,-5358.0,-8.0,-29.0,-8.0,
1649769683047819375,-0.906005859375,0.205322265625,-0.370178222656,-0.0028076171875,4829.0,-1078.0,-5377.0,-9.0,-22.0,-1.0,
1649769683069887638,-0.908752441406,0.208984375,-0.361267089844,-0.00250244140625,5740.0,-827.0,-5621.0,-5.0,-33.0,7.0,
1649769683071961164,-0.909484863281,0.209228515625,-0.359375,-0.0023193359375,5582.0,-827.0,-5736.0,-4.0,-35.0,4.0,
1649769683082483530,-0.911071777344,0.211364746094,-0.354064941406,-0.00225830078125,5775.0,-1124.0,-5945.0,-11.0,-2.0,11.0,
1649769683084236145,-0.914978027344,0.209167480469,-0.345031738281,-0.0023193359375,4596.0,-1188.0,-6016.0,-5.0,-14.0,-3.0,
1649769683113470554,-0.91552734375,0.208984375,-0.34375,-0.00244140625,4443.0,-1205.0,-6038.0,-4.0,-19.0,-6.0,
1649769683115659952,-0.916198730469,0.209106445312,-0.341979980469,-0.0018310546875,4920.0,-974.0,-6204.0,4.0,-7.0,5.0,
1649769683135032176,-0.916320800781,0.209167480469,-0.341613769531,-0.00128173828125,5057.0,-845.0,-6226.0,9.0,-10.0,6.0,
1649769683156428575,-0.9296875,0.208068847656,-0.303955078125,0.00732421875,2993.0,-282.0,-6869.0,18.0,-130.0,-30.0,
1649769683158464193,-0.933471679688,0.210754394531,-0.289978027344,0.0142822265625,3721.0,-1187.0,-6800.0,10.0,-31.0,17.0,
1649769683167366504,-0.934448242188,0.213195800781,-0.284729003906,0.0191040039062,3909.0,-1127.0,-6790.0,14.0,-37.0,19.0,
1649769683186795711,-0.934936523438,0.213806152344,-0.282409667969,0.0206298828125,3841.0,-1263.0,-6773.0,13.0,-43.0,15.0,
1649769683188707590,-0.935668945312,0.214172363281,-0.27978515625,0.0222778320312,3568.0,-1408.0,-6732.0,11.0,-48.0,9.0,
1649769683218015432,-0.937805175781,0.216064453125,-0.270629882812,0.0261840820312,2945.0,-1440.0,-6432.0,-1.0,-34.0,6.0,
1649769683220145702,-0.938415527344,0.21630859375,-0.268249511719,0.0267944335938,2758.0,-1475.0,-6301.0,-2.0,-38.0,3.0,
1649769683269037485,-0.93896484375,0.216613769531,-0.265930175781,0.02734375,2544.0,-1539.0,-6181.0,-4.0,-36.0,4.0,
1649769683272821187,-0.939392089844,0.217224121094,-0.263854980469,0.0277099609375,2420.0,-1603.0,-6044.0,-7.0,-29.0,7.0,
1649769683281658649,-0.940246582031,0.219177246094,-0.259155273438,0.0275268554688,2157.0,-1667.0,-5637.0,-15.0,-22.0,5.0,
1649769683293684959,-0.939758300781,0.223876953125,-0.257690429688,0.0191040039062,1939.0,-1477.0,-5244.0,-38.0,20.0,-5.0,
1649769683312915802,-0.938354492188,0.224792480469,-0.262634277344,0.0103149414062,2743.0,-1021.0,-5556.0,-40.0,42.0,-9.0,
1649769683314674139,-0.937805175781,0.224670410156,-0.264587402344,0.0072021484375,3025.0,-802.0,-5671.0,-37.0,41.0,-12.0,
1649769683327142000,-0.937316894531,0.224426269531,-0.266662597656,0.004150390625,3274.0,-646.0,-5811.0,-34.0,41.0,-12.0,
1649769683334936618,-0.9345703125,0.223754882812,-0.276733398438,-0.005126953125,4437.0,-150.0,-6636.0,-13.0,45.0,-8.0,
1649769683473682641,-0.933898925781,0.223327636719,-0.279235839844,-0.006591796875,4560.0,-108.0,-6838.0,-7.0,43.0,-8.0,
1649769683489938497,-0.933227539062,0.222900390625,-0.28173828125,-0.00762939453125,4652.0,-133.0,-7005.0,-1.0,45.0,-6.0,
1649769683493741512,-0.932434082031,0.222595214844,-0.284606933594,-0.0084228515625,4791.0,-183.0,-7162.0,3.0,49.0,-4.0,
1649769683505043268,-0.927978515625,0.220886230469,-0.299926757812,-0.0120239257812,5377.0,-615.0,-7526.0,-2.0,52.0,-6.0,
1649769683526309490,-0.924560546875,0.219421386719,-0.311096191406,-0.017333984375,5290.0,-768.0,-7233.0,-12.0,48.0,-9.0,
1649769683535359144,-0.923706054688,0.21923828125,-0.313659667969,-0.0188598632812,5248.0,-745.0,-7144.0,-13.0,48.0,-7.0,
1649769683543921709,-0.921203613281,0.218688964844,-0.321044921875,-0.0228271484375,5101.0,-569.0,-6913.0,-8.0,43.0,-5.0,
1649769683568085193,-0.92041015625,0.218505859375,-0.323364257812,-0.0238647460938,5040.0,-530.0,-6847.0,-5.0,43.0,-4.0,
1649769683585677385,-0.918762207031,0.218322753906,-0.328125,-0.025390625,5005.0,-472.0,-6719.0,-1.0,43.0,0.0,
1649769683589194059,-0.91796875,0.218200683594,-0.330383300781,-0.0259399414062,4970.0,-461.0,-6659.0,1.0,40.0,-1.0,
1649769683593103170,-0.914855957031,0.216369628906,-0.33984375,-0.02783203125,4764.0,-615.0,-6432.0,2.0,33.0,-7.0,
1649769683595190048,-0.914367675781,0.215942382812,-0.341430664062,-0.0283203125,4811.0,-639.0,-6386.0,1.0,28.0,-8.0,
1649769683597288608,-0.913452148438,0.214660644531,-0.344604492188,-0.0298461914062,4701.0,-747.0,-6228.0,-4.0,18.0,-8.0,
1649769683603012323,-0.912963867188,0.214172363281,-0.345947265625,-0.0310668945312,4813.0,-708.0,-6153.0,-6.0,12.0,-6.0,
1649769683605041980,-0.912841796875,0.213928222656,-0.346374511719,-0.0324096679688,4765.0,-675.0,-6060.0,-6.0,1.0,-2.0,
1649769683607231140,-0.912841796875,0.214050292969,-0.346252441406,-0.0326538085938,4792.0,-683.0,-6053.0,-5.0,-1.0,0.0,
1649769683616351127,-0.912902832031,0.214294433594,-0.345947265625,-0.0328369140625,4834.0,-691.0,-6040.0,-6.0,-4.0,1.0,
1649769683618732213,-0.913513183594,0.2158203125,-0.34326171875,-0.0333862304688,4901.0,-607.0,-5942.0,-7.0,-15.0,4.0,
1649769683627167463,-0.913818359375,0.21630859375,-0.34228515625,-0.033447265625,4909.0,-628.0,-5933.0,-7.0,-18.0,4.0,
1649769683629225254,-0.914123535156,0.216796875,-0.341064453125,-0.033447265625,4905.0,-667.0,-5928.0,-8.0,-20.0,5.0,
1649769683634805679,-0.915588378906,0.219543457031,-0.335327148438,-0.0338745117188,4861.0,-728.0,-5929.0,-14.0,-26.0,7.0,
1649769683637314558,-0.916015625,0.220275878906,-0.333618164062,-0.0341186523438,4830.0,-726.0,-5943.0,-15.0,-28.0,6.0,
1649769683641352415,-0.919616699219,0.228149414062,-0.317932128906,-0.0347900390625,5022.0,-748.0,-6222.0,-14.0,-38.0,17.0,
1649769683646757125,-0.920104980469,0.229553222656,-0.315673828125,-0.03466796875,5122.0,-731.0,-6249.0,-14.0,-40.0,18.0,
1649769683648884534,-0.920532226562,0.230895996094,-0.313293457031,-0.0344848632812,5189.0,-709.0,-6264.0,-14.0,-42.0,18.0,
1649769683653186798,-0.921569824219,0.233642578125,-0.308227539062,-0.033935546875,5208.0,-693.0,-6295.0,-12.0,-46.0,19.0,
1649769683656934976,-0.922546386719,0.236450195312,-0.303283691406,-0.033203125,5311.0,-668.0,-6343.0,-11.0,-44.0,20.0,
1649769683658741712,-0.923828125,0.242248535156,-0.294921875,-0.0313110351562,5553.0,-743.0,-6433.0,-7.0,-37.0,23.0,
1649769683691699504,-0.923461914062,0.247497558594,-0.291809082031,-0.0300903320312,6282.0,-809.0,-6552.0,-8.0,-20.0,31.0,
1649769683693807601,-0.923034667969,0.249450683594,-0.291381835938,-0.0298461914062,6538.0,-834.0,-6538.0,-9.0,-18.0,32.0,
1649769683710932254,-0.905090332031,0.305847167969,-0.294128417969,-0.0280151367188,5319.0,-1310.0,-6481.0,-4.0,-23.0,-6.0,
1649769683721441030,-0.904968261719,0.306701660156,-0.293701171875,-0.0275268554688,4245.0,-1611.0,-6531.0,-9.0,8.0,7.0,
1649769683725336551,-0.901062011719,0.311279296875,-0.30078125,-0.0282592773438,3435.0,-1544.0,-6549.0,7.0,32.0,18.0,
1649769683733096599,-0.887145996094,0.326416015625,-0.325805664062,-0.016845703125,1639.0,-2306.0,-6774.0,33.0,97.0,50.0,
1649769683737140417,-0.879760742188,0.328125,-0.343688964844,-0.0157470703125,2061.0,-2252.0,-7184.0,32.0,105.0,2.0,
1649769683745436906,-0.867858886719,0.319885253906,-0.379272460938,-0.0254516601562,3010.0,-1607.0,-8020.0,17.0,143.0,-43.0,
1649769683747732639,-0.854858398438,0.303100585938,-0.419067382812,-0.0415649414062,2690.0,-1478.0,-8008.0,22.0,255.0,-73.0,
1649769683756696462,-0.849548339844,0.297668457031,-0.432922363281,-0.0475463867188,3106.0,-1250.0,-7863.0,22.0,271.0,-81.0,
1649769683760709524,-0.843872070312,0.291564941406,-0.447204589844,-0.0540161132812,3285.0,-1071.0,-7689.0,22.0,283.0,-89.0,
1649769683766017436,-0.837524414062,0.285278320312,-0.462097167969,-0.060791015625,3432.0,-943.0,-7411.0,22.0,301.0,-92.0,
1649769683774467945,-0.830261230469,0.278686523438,-0.477905273438,-0.06787109375,3833.0,-765.0,-7111.0,22.0,321.0,-93.0,
1649769683776902198,-0.822326660156,0.271667480469,-0.494384765625,-0.0753173828125,4398.0,-504.0,-6810.0,23.0,333.0,-96.0,
1649769683795447111,-0.813842773438,0.263854980469,-0.511169433594,-0.0830078125,4738.0,-147.0,-6431.0,29.0,341.0,-102.0,
1649769683797388315,-0.804870605469,0.255249023438,-0.528076171875,-0.0910034179688,4912.0,-10.0,-6089.0,31.0,350.0,-111.0,
1649769683804513216,-0.795104980469,0.246826171875,-0.545288085938,-0.0984497070312,5245.0,42.0,-5688.0,35.0,360.0,-105.0,
1649769683809955596,-0.784545898438,0.23828125,-0.562683105469,-0.105407714844,5623.0,237.0,-5224.0,40.0,365.0,-99.0,
1649769683815199851,-0.773742675781,0.229309082031,-0.579772949219,-0.112426757812,5911.0,461.0,-4747.0,43.0,362.0,-102.0,
1649769683817356348,-0.7626953125,0.219909667969,-0.596374511719,-0.119567871094,6113.0,516.0,-4247.0,43.0,358.0,-106.0,
1649769683819377660,-0.751159667969,0.210815429688,-0.612670898438,-0.126586914062,6253.0,418.0,-3582.0,38.0,358.0,-104.0,
1649769683825630187,-0.738830566406,0.202453613281,-0.628784179688,-0.133666992188,6430.0,238.0,-3068.0,27.0,358.0,-97.0,
1649769683848280429,-0.725708007812,0.195129394531,-0.644592285156,-0.141052246094,6702.0,48.0,-2570.0,9.0,362.0,-88.0,
1649769683872068405,-0.7119140625,0.188720703125,-0.659973144531,-0.148620605469,7028.0,-129.0,-2026.0,-6.0,362.0,-80.0,
1649769683945863485,-0.697631835938,0.183044433594,-0.674865722656,-0.156433105469,7353.0,-250.0,-1592.0,-20.0,359.0,-73.0,
1649769683977275848,-0.637817382812,0.165893554688,-0.728454589844,-0.187255859375,7669.0,240.0,-98.0,-45.0,344.0,-45.0,
1649769683998160362,-0.622375488281,0.162109375,-0.74072265625,-0.1943359375,7731.0,409.0,323.0,-44.0,340.0,-40.0,
1649769684008912086,-0.606628417969,0.158325195312,-0.752746582031,-0.200927734375,7708.0,583.0,756.0,-41.0,338.0,-34.0,
1649769684014723300,-0.55810546875,0.145874023438,-0.78759765625,-0.216796875,7920.0,1212.0,1885.0,-16.0,333.0,-13.0,
1649769684016677141,-0.527648925781,0.1357421875,-0.808471679688,-0.222839355469,8136.0,1442.0,2349.0,13.0,310.0,-1.0,
1649769684018842220,-0.513305664062,0.129943847656,-0.818176269531,-0.224365234375,8063.0,1451.0,2581.0,30.0,298.0,3.0,
1649769684046636819,-0.49951171875,0.12353515625,-0.827453613281,-0.225036621094,7877.0,1423.0,2796.0,47.0,288.0,4.0,
1649769684055689811,-0.486083984375,0.116333007812,-0.83642578125,-0.225036621094,7592.0,1395.0,3059.0,64.0,281.0,5.0,
1649769684060850858,-0.472717285156,0.108215332031,-0.845336914062,-0.224487304688,7178.0,1349.0,3339.0,80.0,279.0,4.0,
1649769684508178472,-0.402099609375,0.057861328125,-0.887451171875,-0.217834472656,5789.0,936.0,4447.0,129.0,290.0,-3.0,
1649769684586588144,-0.388977050781,0.0466918945312,-0.894592285156,-0.215148925781,6081.0,968.0,4542.0,139.0,277.0,4.0,
1649769684960099220,-0.342956542969,-0.0015869140625,-0.917602539062,-0.201293945312,4717.0,1152.0,5728.0,168.0,235.0,2.0,
1649769685000971555,-0.330871582031,-0.0140380859375,-0.922668457031,-0.19775390625,4627.0,1282.0,6177.0,166.0,240.0,1.0,
1649769685006592035,-0.318969726562,-0.0263671875,-0.92724609375,-0.194458007812,4519.0,1473.0,6602.0,163.0,238.0,-4.0,
1649769685007489442,-0.307556152344,-0.0383911132812,-0.931274414062,-0.191589355469,4286.0,1635.0,6860.0,158.0,225.0,-9.0,
1649769685008201122,-0.284545898438,-0.0614013671875,-0.938354492188,-0.186584472656,3827.0,1619.0,7400.0,144.0,222.0,-16.0,
1649769685025948524,-0.272827148438,-0.0720825195312,-0.941467285156,-0.184814453125,3575.0,1502.0,7632.0,137.0,220.0,-25.0,
1649769685034196376,-0.260986328125,-0.0823364257812,-0.944274902344,-0.183227539062,3522.0,1485.0,7822.0,131.0,217.0,-27.0,
1649769685042776107,-0.21337890625,-0.123474121094,-0.953430175781,-0.173889160156,3605.0,1914.0,8683.0,88.0,150.0,-7.0,
1649769685044912338,-0.190002441406,-0.143127441406,-0.957153320312,-0.165588378906,3546.0,2336.0,8887.0,57.0,89.0,13.0,
1649769685047055959,-0.163879394531,-0.161010742188,-0.962280273438,-0.146179199219,1058.0,3044.0,9004.0,9.0,44.0,9.0,
1649769685055610418,-0.1337890625,-0.168640136719,-0.965515136719,-0.146789550781,577.0,3062.0,8911.0,3.0,72.0,-25.0,
1649769685057522773,-0.1171875,-0.171142578125,-0.966674804688,-0.150512695312,1019.0,3005.0,8859.0,-5.0,56.0,-28.0,
1649769685068700790,-0.105529785156,-0.169921875,-0.967712402344,-0.15380859375,1403.0,3014.0,8709.0,-16.0,35.0,-15.0,
1649769685076798677,-0.102355957031,-0.168823242188,-0.968139648438,-0.154174804688,1501.0,3120.0,8620.0,-14.0,22.0,-4.0,
1649769685111602544,-0.100524902344,-0.167907714844,-0.968566894531,-0.15380859375,1515.0,3178.0,8542.0,-9.0,13.0,2.0,
1649769685124991178,-0.0999145507812,-0.167602539062,-0.968688964844,-0.153564453125,1494.0,3166.0,8503.0,-7.0,9.0,2.0,
1649769685127055644,-0.0982666015625,-0.167053222656,-0.969055175781,-0.153137207031,1335.0,3025.0,8334.0,-1.0,6.0,-2.0,
1649769685129221677,-0.0977783203125,-0.167114257812,-0.969116210938,-0.153198242188,1314.0,2975.0,8283.0,0.0,7.0,-3.0,
1649769685131167173,-0.09716796875,-0.167175292969,-0.969116210938,-0.1533203125,1265.0,2927.0,8247.0,1.0,9.0,-4.0,
1649769685133123874,-0.096435546875,-0.167358398438,-0.969116210938,-0.153503417969,1223.0,2847.0,8203.0,1.0,11.0,-6.0,
1649769685139250993,-0.075927734375,-0.162048339844,-0.972412109375,-0.149780273438,2214.0,2629.0,7749.0,9.0,-4.0,12.0,
1649769685143599987,-0.0848999023438,-0.159545898438,-0.973205566406,-0.142272949219,1150.0,2642.0,8128.0,-11.0,-14.0,6.0,
1649769685149179220,-0.087890625,-0.1533203125,-0.973571777344,-0.144897460938,770.0,2838.0,8255.0,-17.0,-12.0,-9.0,
1649769685159281253,-0.0880126953125,-0.149963378906,-0.973693847656,-0.147583007812,1192.0,2950.0,8066.0,-9.0,2.0,-8.0,
1649769685163249969,-0.0880126953125,-0.151184082031,-0.973449707031,-0.147766113281,2183.0,2800.0,7828.0,9.0,3.0,-1.0,
1649769685227888822,-0.0885620117188,-0.151672363281,-0.973388671875,-0.1474609375,2192.0,2715.0,7825.0,10.0,0.0,2.0,
1649769685232810735,-0.127258300781,-0.137512207031,-0.973510742188,-0.131286621094,1351.0,2820.0,8509.0,-16.0,-48.0,10.0,
1649769685234869956,-0.151611328125,-0.0916748046875,-0.972839355469,-0.149047851562,946.0,2224.0,8614.0,-36.0,12.0,-24.0,
1649769685237089872,-0.142028808594,-0.0601806640625,-0.971801757812,-0.178466796875,2185.0,1896.0,8823.0,-42.0,-33.0,-29.0,
1649769685243638753,-0.156921386719,-0.0486450195312,-0.968200683594,-0.188720703125,2610.0,1388.0,8411.0,-16.0,-30.0,-13.0,
1649769685258120536,-0.16162109375,-0.0372924804688,-0.966613769531,-0.195678710938,2213.0,1370.0,8545.0,-38.0,-24.0,-13.0,
1649769685265105724,-0.1630859375,-0.0335083007812,-0.966064453125,-0.197692871094,2635.0,1741.0,8406.0,-34.0,-19.0,-10.0,
1649769685267397642,-0.164306640625,-0.0318603515625,-0.965698242188,-0.19873046875,2733.0,1779.0,8336.0,-30.0,-22.0,-12.0,
1649769685307717323,-0.167907714844,-0.0189208984375,-0.964111328125,-0.204956054688,4812.0,1935.0,7123.0,-22.0,-7.0,14.0,
1649769685309698104,-0.172058105469,-0.0177612304688,-0.964294433594,-0.200744628906,4791.0,1756.0,6503.0,7.0,-8.0,14.0,
1649769685315523147,-0.172912597656,-0.01806640625,-0.964294433594,-0.199829101562,4442.0,1656.0,6691.0,9.0,-7.0,12.0,
1649769685327055454,-0.17333984375,-0.0184326171875,-0.964416503906,-0.198974609375,4433.0,1352.0,6578.0,8.0,-6.0,13.0,
1649769685329243183,-0.174377441406,-0.0181884765625,-0.964416503906,-0.197998046875,4114.0,1325.0,6771.0,5.0,-9.0,14.0,
1649769685331281900,-0.175109863281,-0.01806640625,-0.964477539062,-0.197021484375,3679.0,1373.0,6884.0,1.0,-13.0,16.0,
1649769685339627504,-0.175842285156,-0.0180053710938,-0.964538574219,-0.196350097656,3200.0,1300.0,6980.0,0.0,-16.0,12.0,
1649769685342104673,-0.176147460938,-0.0177612304688,-0.964599609375,-0.195617675781,2914.0,1295.0,7030.0,-1.0,-13.0,13.0,
1649769685348686695,-0.176574707031,-0.0175170898438,-0.964660644531,-0.194885253906,2664.0,1333.0,7065.0,-2.0,-12.0,13.0,
1649769685391764402,-0.177978515625,-0.017333984375,-0.96484375,-0.19287109375,1994.0,1403.0,7169.0,0.0,-13.0,10.0,
1649769685393629550,-0.17919921875,-0.0185546875,-0.964721679688,-0.192321777344,1205.0,1539.0,7398.0,-2.0,-4.0,-6.0,
1649769685404023408,-0.178771972656,-0.0181274414062,-0.964477539062,-0.193908691406,1888.0,1534.0,7228.0,-10.0,0.0,-8.0,
1649769685407688140,-0.178771972656,-0.0176391601562,-0.96435546875,-0.194580078125,2136.0,1513.0,7156.0,-13.0,0.0,-9.0,
1649769685411400794,-0.1787109375,-0.016845703125,-0.964233398438,-0.195251464844,2416.0,1498.0,7073.0,-17.0,1.0,-9.0,
1649769685415304422,-0.1787109375,-0.015869140625,-0.964111328125,-0.195983886719,2677.0,1520.0,6986.0,-20.0,1.0,-9.0,
1649769685427301883,-0.178771972656,-0.0148315429688,-0.963928222656,-0.196716308594,2902.0,1579.0,6909.0,-22.0,1.0,-9.0,
1649769685436020374,-0.178833007812,-0.0138549804688,-0.963806152344,-0.197509765625,3056.0,1639.0,6873.0,-22.0,2.0,-9.0,
1649769685438325166,-0.178833007812,-0.0130004882812,-0.963623046875,-0.198364257812,3121.0,1688.0,6878.0,-21.0,1.0,-11.0,
1649769685446100473,-0.1787109375,-0.0123291015625,-0.963439941406,-0.199340820312,3119.0,1689.0,6884.0,-19.0,2.0,-13.0,
1649769685454556226,-0.178466796875,-0.01171875,-0.963317871094,-0.200378417969,3126.0,1676.0,6897.0,-17.0,3.0,-15.0,
1649769685458384275,-0.180969238281,-0.0134887695312,-0.960876464844,-0.209350585938,3644.0,1383.0,6977.0,2.0,-8.0,-15.0,
1649769685462086200,-0.181823730469,-0.0138549804688,-0.960510253906,-0.210266113281,3631.0,1384.0,6924.0,3.0,-9.0,-16.0,
1649769685464298486,-0.182739257812,-0.0142211914062,-0.960144042969,-0.211181640625,3596.0,1386.0,6889.0,4.0,-12.0,-17.0,
1649769685476427078,-0.183898925781,-0.0145874023438,-0.959716796875,-0.212219238281,3530.0,1412.0,6804.0,4.0,-15.0,-18.0,
1649769685526903867,-0.189331054688,-0.0162963867188,-0.957946777344,-0.215270996094,3571.0,1590.0,6463.0,11.0,-33.0,-19.0,
1649769685530802965,-0.195983886719,-0.0175170898438,-0.956115722656,-0.217407226562,3536.0,1568.0,6141.0,14.0,-54.0,-21.0,
1649769685543562889,-0.200317382812,-0.0177612304688,-0.954895019531,-0.218627929688,3527.0,1603.0,5913.0,13.0,-67.0,-23.0,
1649769685549517154,-0.257995605469,-0.020263671875,-0.939086914062,-0.226257324219,4239.0,2079.0,4782.0,39.0,-171.0,-24.0,
1649769685559184551,-0.26953125,-0.0209350585938,-0.935607910156,-0.227294921875,4211.0,2208.0,4806.0,42.0,-184.0,-26.0,
1649769685562752485,-0.281616210938,-0.0216674804688,-0.931701660156,-0.228576660156,4131.0,2296.0,4995.0,45.0,-196.0,-31.0,
1649769685600495576,-0.306884765625,-0.0228271484375,-0.922790527344,-0.231994628906,3847.0,2253.0,5260.0,44.0,-216.0,-42.0,
1649769685604768037,-0.319274902344,-0.0233154296875,-0.91796875,-0.234252929688,3629.0,2368.0,5427.0,42.0,-215.0,-48.0,
1649769685610500335,-0.343811035156,-0.0242309570312,-0.907592773438,-0.240051269531,3203.0,2279.0,5865.0,35.0,-221.0,-61.0,
1649769685621937036,-0.355285644531,-0.024169921875,-0.902160644531,-0.243774414062,2931.0,2191.0,5978.0,25.0,-214.0,-70.0,
1649769685623926162,-0.365783691406,-0.0238647460938,-0.896789550781,-0.248107910156,2705.0,2101.0,6016.0,14.0,-201.0,-77.0,
1649769685644740104,-0.412963867188,-0.0159912109375,-0.859619140625,-0.300537109375,3465.0,1489.0,4806.0,-59.0,-70.0,-119.0,
1649769685646811723,-0.414855957031,-0.0145874023438,-0.856018066406,-0.308227539062,3871.0,1531.0,4655.0,-63.0,-57.0,-117.0,
1649769685650948047,-0.416259765625,-0.0130004882812,-0.852783203125,-0.315368652344,4477.0,1561.0,4562.0,-64.0,-47.0,-108.0,
1649769685676192522,-0.417175292969,-0.0108642578125,-0.850280761719,-0.320922851562,5503.0,1550.0,4513.0,-63.0,-34.0,-80.0,
1649769685677803754,-0.418212890625,-0.008056640625,-0.848327636719,-0.32470703125,5455.0,1588.0,4410.0,-58.0,-27.0,-52.0,
1649769685684348106,-0.418823242188,-0.00836181640625,-0.844299316406,-0.334289550781,1979.0,2463.0,4196.0,-59.0,-34.0,-158.0,
1649769685686571121,-0.412292480469,-0.014404296875,-0.841979980469,-0.347778320312,2675.0,3425.0,4051.0,-59.0,55.0,-203.0,
1649769685695096492,-0.405578613281,-0.0188598632812,-0.842895507812,-0.353149414062,4783.0,3655.0,3972.0,-32.0,130.0,-86.0,
1649769685699515104,-0.394897460938,-0.0279541015625,-0.845397949219,-0.358764648438,6621.0,2875.0,4001.0,23.0,135.0,-79.0,
1649769685703934907,-0.389343261719,-0.0347290039062,-0.846801757812,-0.36083984375,6255.0,2918.0,4100.0,49.0,135.0,-74.0,
1649769685708108901,-0.383239746094,-0.0431518554688,-0.848876953125,-0.361633300781,6217.0,3175.0,4297.0,72.0,147.0,-54.0,
1649769685716558218,-0.371337890625,-0.0626831054688,-0.854064941406,-0.35888671875,6327.0,3827.0,4728.0,109.0,163.0,-26.0,
1649769685728253602,-0.3662109375,-0.0732421875,-0.8564453125,-0.356506347656,6424.0,4003.0,5005.0,121.0,155.0,-19.0,
1649769685730084419,-0.361633300781,-0.083251953125,-0.858764648438,-0.353515625,6641.0,3881.0,5097.0,125.0,145.0,-10.0,
1649769685732591629,-0.354614257812,-0.103515625,-0.862731933594,-0.345520019531,6443.0,3323.0,5269.0,148.0,131.0,-1.0,
1649769685734862565,-0.351440429688,-0.113891601562,-0.864562988281,-0.3408203125,6371.0,3363.0,5438.0,156.0,125.0,6.0,
1649769685738575220,-0.343078613281,-0.190490722656,-0.866149902344,-0.3095703125,5703.0,3913.0,7732.0,122.0,-5.0,-22.0,
1649769685740733385,-0.3466796875,-0.196655273438,-0.86376953125,-0.308532714844,5742.0,4067.0,7963.0,124.0,-31.0,-24.0,
1649769685749684572,-0.364074707031,-0.212707519531,-0.853698730469,-0.305786132812,6166.0,4732.0,8478.0,128.0,-94.0,-17.0,
1649769685751764059,-0.372680664062,-0.217224121094,-0.849182128906,-0.304870605469,6474.0,4992.0,8535.0,133.0,-121.0,-12.0,
1649769685760176658,-0.394775390625,-0.225036621094,-0.838134765625,-0.301940917969,7129.0,5479.0,8513.0,145.0,-173.0,6.0,
1649769685766446352,-0.522338867188,-0.239685058594,-0.771362304688,-0.273498535156,7200.0,5911.0,6145.0,167.0,-267.0,72.0,
1649769685771048307,-0.537902832031,-0.240783691406,-0.762084960938,-0.268493652344,6977.0,5832.0,5767.0,165.0,-254.0,72.0,
1649769685773035764,-0.552307128906,-0.241882324219,-0.753112792969,-0.263305664062,6727.0,5734.0,5376.0,161.0,-238.0,71.0,
1649769685791221141,-0.565673828125,-0.243103027344,-0.744567871094,-0.258178710938,6526.0,5578.0,4973.0,156.0,-220.0,68.0,
1649769685814702987,-0.589416503906,-0.245239257812,-0.728759765625,-0.247924804688,6347.0,5211.0,4203.0,140.0,-188.0,63.0,
1649769685823850870,-0.627563476562,-0.245300292969,-0.702270507812,-0.230041503906,6978.0,4859.0,2845.0,94.0,-157.0,59.0,
1649769685826177120,-0.636779785156,-0.244140625,-0.695495605469,-0.226440429688,7185.0,4961.0,2573.0,86.0,-166.0,58.0,
1649769685831569194,-0.646301269531,-0.24267578125,-0.688232421875,-0.223266601562,7374.0,5095.0,2325.0,82.0,-179.0,59.0,
1649769685833856105,-0.688781738281,-0.233642578125,-0.652587890625,-0.212707519531,7214.0,5430.0,1626.0,77.0,-232.0,62.0,
1649769685835919380,-0.699523925781,-0.231079101562,-0.642639160156,-0.210693359375,6919.0,5454.0,1541.0,74.0,-234.0,60.0,
1649769685845680236,-0.709838867188,-0.228576660156,-0.632690429688,-0.209045410156,6589.0,5437.0,1485.0,69.0,-231.0,56.0,
1649769685851795434,-0.719543457031,-0.22607421875,-0.622924804688,-0.207885742188,6207.0,5334.0,1486.0,62.0,-224.0,49.0,
1649769685853813409,-0.728454589844,-0.223754882812,-0.613586425781,-0.207336425781,5762.0,5220.0,1495.0,53.0,-214.0,40.0,
1649769685864750862,-0.736267089844,-0.221557617188,-0.604858398438,-0.20751953125,5284.0,5181.0,1430.0,40.0,-198.0,30.0,
1649769685866719484,-0.742919921875,-0.219665527344,-0.597106933594,-0.208312988281,4835.0,5185.0,1300.0,28.0,-175.0,21.0,
1649769685874989509,-0.748413085938,-0.218139648438,-0.590393066406,-0.209411621094,4511.0,5251.0,1066.0,18.0,-148.0,15.0,
1649769685877043962,-0.752746582031,-0.216857910156,-0.584899902344,-0.210693359375,4419.0,5354.0,761.0,11.0,-121.0,11.0,
1649769685882903575,-0.756286621094,-0.215759277344,-0.580322265625,-0.211853027344,4508.0,5464.0,386.0,6.0,-99.0,8.0,
1649769685896700620,-0.75927734375,-0.21484375,-0.576293945312,-0.212890625,4695.0,5555.0,-11.0,5.0,-85.0,5.0,
1649769685898947000,-0.762145996094,-0.214172363281,-0.572448730469,-0.213806152344,4910.0,5610.0,-393.0,6.0,-80.0,2.0,
1649769685908392667,-0.765075683594,-0.213562011719,-0.568481445312,-0.214599609375,5076.0,5761.0,-911.0,8.0,-81.0,0.0,
1649769685910163879,-0.768371582031,-0.213012695312,-0.563903808594,-0.215270996094,5383.0,5899.0,-1282.0,12.0,-88.0,2.0,
1649769685923916816,-0.771911621094,-0.212524414062,-0.558959960938,-0.215942382812,5296.0,5901.0,-1618.0,16.0,-97.0,-1.0,
1649769685927662134,-0.775634765625,-0.212463378906,-0.553588867188,-0.216613769531,5081.0,5784.0,-1908.0,22.0,-100.0,-5.0,
1649769685939128637,-0.779296875,-0.212341308594,-0.548400878906,-0.216735839844,5076.0,5707.0,-2135.0,25.0,-95.0,1.0,
1649769685941184997,-0.782775878906,-0.212097167969,-0.543579101562,-0.216552734375,5198.0,5698.0,-2357.0,28.0,-89.0,3.0,
1649769685949331998,-0.786071777344,-0.212036132812,-0.538940429688,-0.216186523438,5221.0,5717.0,-2568.0,30.0,-85.0,3.0,
