1645543182246921062,0.375,-0.039794921875,-0.732238769531,0.567138671875,-1551.0,3655.0,4826.0,-21.0,47.0,-8.0,
1645543182251518487,0.376098632812,-0.0371704101562,-0.731506347656,0.567565917969,-1614.0,3565.0,4914.0,-24.0,47.0,-9.0,
1645543182256218671,0.377014160156,-0.0343017578125,-0.730834960938,0.567932128906,-1710.0,3437.0,5048.0,-27.0,47.0,-11.0,
1645543182260704517,0.377746582031,-0.0311889648438,-0.730346679688,0.568237304688,-1807.0,3265.0,5241.0,-30.0,46.0,-13.0,
1645543182265666723,0.378295898438,-0.02783203125,-0.72998046875,0.568603515625,-1907.0,3068.0,5450.0,-32.0,45.0,-15.0,
1645543182270375013,0.378662109375,-0.0244140625,-0.729675292969,0.568786621094,-1993.0,2858.0,5653.0,-33.0,45.0,-17.0,
1645543182278444290,0.379089355469,-0.0209350585938,-0.7294921875,0.568908691406,-2092.0,2667.0,5808.0,-31.0,45.0,-18.0,
1645543182282903909,0.379638671875,-0.0176391601562,-0.729370117188,0.568786621094,-2222.0,2563.0,5947.0,-27.0,44.0,-20.0,
1645543182287896156,0.380187988281,-0.0145874023438,-0.729309082031,0.568664550781,-2359.0,2562.0,6119.0,-24.0,41.0,-20.0,
1645543182290956735,0.380859375,-0.0118408203125,-0.729187011719,0.568420410156,-2507.0,2628.0,6200.0,-21.0,39.0,-19.0,
1645543182295886516,0.381530761719,-0.0091552734375,-0.72900390625,0.568176269531,-2693.0,2704.0,6341.0,-21.0,39.0,-19.0,
1645543182303744077,0.382080078125,-0.00640869140625,-0.728881835938,0.567993164062,-2861.0,2712.0,6514.0,-24.0,38.0,-19.0,
1645543182309092760,0.382507324219,-0.00347900390625,-0.728820800781,0.56787109375,-3042.0,2606.0,6759.0,-26.0,37.0,-19.0,
1645543182314038515,0.382690429688,-0.00042724609375,-0.728881835938,0.567687988281,-3245.0,2425.0,7082.0,-26.0,37.0,-20.0,
1645543182320297241,0.3828125,0.00262451171875,-0.729125976562,0.567321777344,-3427.0,2280.0,7377.0,-23.0,34.0,-22.0,
1645543182331800460,0.383117675781,0.0076904296875,-0.729919433594,0.566040039062,-3719.0,2199.0,7852.0,-12.0,28.0,-24.0,
1645543182338447332,0.383666992188,0.0115356445312,-0.730834960938,0.564331054688,-3969.0,2274.0,8084.0,-5.0,25.0,-25.0,
1645543182345495700,0.384094238281,0.01318359375,-0.731384277344,0.563354492188,-4075.0,2312.0,8131.0,-3.0,23.0,-26.0,
1645543182353627204,0.384582519531,0.0147705078125,-0.73193359375,0.562255859375,-4163.0,2318.0,8149.0,-1.0,23.0,-27.0,
1645543182355398654,0.385131835938,0.0162963867188,-0.732543945312,0.561096191406,-4225.0,2285.0,8148.0,0.0,22.0,-28.0,
1645543182359593868,0.3857421875,0.0177612304688,-0.733093261719,0.559814453125,-4300.0,2206.0,8115.0,3.0,23.0,-28.0,
1645543182363754987,0.386474609375,0.0192260742188,-0.733703613281,0.558471679688,-4421.0,2054.0,8329.0,6.0,23.0,-28.0,
1645543182369104862,0.387145996094,0.0204467773438,-0.734436035156,0.557067871094,-4556.0,1705.0,8387.0,11.0,23.0,-26.0,
1645543182373431444,0.388305664062,0.021484375,-0.735046386719,0.555358886719,-4932.0,1272.0,8608.0,23.0,25.0,-25.0,
1645543182378271579,0.390197753906,0.0214233398438,-0.73583984375,0.553039550781,-5324.0,1076.0,8746.0,50.0,21.0,-21.0,
1645543182383095026,0.392944335938,0.0193481445312,-0.736633300781,0.550048828125,-5578.0,1318.0,8514.0,84.0,11.0,-18.0,
1645543182386278390,0.396423339844,0.0155639648438,-0.737365722656,0.546691894531,-5717.0,1943.0,8204.0,103.0,2.0,-17.0,
1645543182391580581,0.399963378906,0.0109252929688,-0.738037109375,0.543334960938,-5720.0,2784.0,8009.0,106.0,-4.0,-18.0,
1645543182395523548,0.403137207031,0.00604248046875,-0.738647460938,0.540222167969,-5664.0,3745.0,7768.0,99.0,-8.0,-18.0,
1645543182400086641,0.405944824219,0.001708984375,-0.738891601562,0.537780761719,-5682.0,4688.0,7576.0,81.0,-6.0,-16.0,
1645543182409033060,0.408081054688,-0.00177001953125,-0.738952636719,0.5361328125,-5717.0,5393.0,7421.0,57.0,-5.0,-10.0,
1645543182414352655,0.409484863281,-0.00408935546875,-0.738830566406,0.53515625,-5806.0,5694.0,7280.0,34.0,-4.0,-7.0,
1645543182416153192,0.41015625,-0.0048828125,-0.738891601562,0.534606933594,-5958.0,5606.0,7159.0,11.0,0.0,-9.0,
1645543182422662973,0.410400390625,-0.00439453125,-0.739074707031,0.534118652344,-6108.0,5267.0,6979.0,-3.0,3.0,-11.0,
1645543182433245420,0.410400390625,-0.00213623046875,-0.739868164062,0.533020019531,-6274.0,4202.0,6460.0,-8.0,1.0,-13.0,
1645543182442750453,0.409851074219,-0.00030517578125,-0.741149902344,0.531677246094,-6349.0,3345.0,6062.0,-2.0,-8.0,-11.0,
1645543182449645280,0.409362792969,0.0,-0.741882324219,0.531005859375,-6372.0,3048.0,5922.0,2.0,-13.0,-9.0,
1645543182451313972,0.408874511719,6.103515625e-05,-0.742614746094,0.530395507812,-6416.0,2782.0,5876.0,4.0,-16.0,-8.0,
1645543182456136226,0.408264160156,-6.103515625e-05,-0.743469238281,0.529663085938,-6450.0,2569.0,5861.0,7.0,-19.0,-8.0,
1645543182460989236,0.407775878906,-0.00054931640625,-0.744384765625,0.528747558594,-6475.0,2468.0,5868.0,13.0,-20.0,-8.0,
1645543182465491294,0.407470703125,-0.0015869140625,-0.745300292969,0.527770996094,-6477.0,2503.0,5869.0,20.0,-23.0,-7.0,
1645543182470149517,0.407287597656,-0.003173828125,-0.746154785156,0.526611328125,-6455.0,2655.0,5887.0,28.0,-25.0,-6.0,
1645543182478965997,0.407348632812,-0.00537109375,-0.747009277344,0.525390625,-6424.0,2891.0,5937.0,36.0,-27.0,-5.0,
1645543182483977794,0.407470703125,-0.008056640625,-0.747802734375,0.524108886719,-6385.0,3162.0,6004.0,42.0,-29.0,-4.0,
1645543182550695657,0.40771484375,-0.01123046875,-0.748596191406,0.522766113281,-6352.0,3423.0,6089.0,48.0,-31.0,-3.0,
1645543182551263332,0.408081054688,-0.0147094726562,-0.749328613281,0.521301269531,-6323.0,3630.0,6166.0,53.0,-32.0,-2.0,
1645543182551673412,0.408508300781,-0.0184326171875,-0.750061035156,0.519775390625,-6306.0,3754.0,6244.0,58.0,-33.0,-1.0,
1645543182552278757,0.408996582031,-0.0223388671875,-0.750793457031,0.518188476562,-6290.0,3778.0,6306.0,62.0,-34.0,0.0,
1645543182552712440,0.409545898438,-0.0264282226562,-0.751586914062,0.516418457031,-6250.0,3688.0,6350.0,68.0,-35.0,0.0,
1645543182553887128,0.41015625,-0.0307006835938,-0.75244140625,0.514404296875,-6201.0,3502.0,6366.0,74.0,-36.0,0.0,
1645543182554108619,0.410949707031,-0.0353393554688,-0.753356933594,0.51220703125,-6151.0,3242.0,6381.0,83.0,-37.0,0.0,
1645543182554702520,0.411926269531,-0.0403442382812,-0.754272460938,0.509643554688,-6099.0,2931.0,6395.0,93.0,-39.0,0.0,
1645543182556700468,0.412963867188,-0.0457763671875,-0.755310058594,0.5068359375,-6022.0,2629.0,6406.0,103.0,-42.0,0.0,
1645543182557157993,0.415588378906,-0.0582885742188,-0.757202148438,0.50048828125,-5814.0,2455.0,6187.0,121.0,-47.0,2.0,
1645543182557434082,0.418518066406,-0.0720825195312,-0.758544921875,0.494262695312,-5601.0,2803.0,5753.0,120.0,-48.0,6.0,
1645543182557756185,0.419799804688,-0.0789794921875,-0.758972167969,0.491333007812,-5506.0,3118.0,5542.0,115.0,-50.0,7.0,
1645543182558365106,0.420837402344,-0.085693359375,-0.759460449219,0.488647460938,-5417.0,3503.0,5376.0,107.0,-51.0,7.0,
1645543182560655355,0.421508789062,-0.0921630859375,-0.759887695312,0.486267089844,-5327.0,3945.0,5293.0,97.0,-52.0,8.0,
1645543182565502166,0.421752929688,-0.0982666015625,-0.760314941406,0.484130859375,-5237.0,4400.0,5305.0,87.0,-54.0,8.0,
1645543182570646762,0.421630859375,-0.104125976562,-0.760803222656,0.482299804688,-5126.0,4864.0,5336.0,78.0,-55.0,9.0,
1645543182578217983,0.421142578125,-0.109741210938,-0.761291503906,0.480712890625,-4997.0,5289.0,5387.0,70.0,-56.0,10.0,
1645543182582870721,0.420288085938,-0.115051269531,-0.761779785156,0.479431152344,-4848.0,5643.0,5429.0,62.0,-57.0,12.0,
1645543182586250782,0.419189453125,-0.120056152344,-0.76220703125,0.478393554688,-4686.0,5847.0,5444.0,54.0,-57.0,13.0,
1645543182591070890,0.41796875,-0.124755859375,-0.7626953125,0.477478027344,-4528.0,5864.0,5425.0,49.0,-56.0,14.0,
1645543182595592260,0.416687011719,-0.129028320312,-0.763305664062,0.476623535156,-4401.0,5723.0,5369.0,46.0,-54.0,12.0,
1645543182599929809,0.415466308594,-0.133056640625,-0.763916015625,0.4755859375,-4304.0,5494.0,5305.0,45.0,-52.0,11.0,
1645543182608025312,0.414245605469,-0.136962890625,-0.764587402344,0.474426269531,-4225.0,5246.0,5270.0,47.0,-53.0,10.0,
1645543182611282587,0.4130859375,-0.141174316406,-0.765197753906,0.473205566406,-4124.0,5031.0,5250.0,52.0,-54.0,11.0,
1645543182616067886,0.411987304688,-0.145751953125,-0.765747070312,0.471862792969,-3993.0,4903.0,5202.0,59.0,-55.0,13.0,
1645543182620766401,0.411071777344,-0.150756835938,-0.76611328125,0.470458984375,-3843.0,4852.0,5140.0,66.0,-56.0,15.0,
1645543182632962465,0.410278320312,-0.156188964844,-0.766357421875,0.468994140625,-3696.0,4877.0,5096.0,71.0,-55.0,16.0,
1645543182637992382,0.408996582031,-0.167541503906,-0.7666015625,0.465759277344,-3460.0,5042.0,4991.0,77.0,-55.0,15.0,
1645543182647072553,0.407897949219,-0.178955078125,-0.766662597656,0.462463378906,-3199.0,5549.0,4687.0,71.0,-54.0,14.0,
1645543182651503086,0.407043457031,-0.184143066406,-0.7666015625,0.461242675781,-3039.0,5818.0,4557.0,60.0,-53.0,16.0,
1645543182655705690,0.405944824219,-0.188903808594,-0.766540527344,0.460327148438,-2902.0,6063.0,4447.0,50.0,-51.0,17.0,
1645543182661219835,0.404602050781,-0.193237304688,-0.7666015625,0.459716796875,-2793.0,6256.0,4404.0,41.0,-50.0,16.0,
1645543182665171623,0.403076171875,-0.197021484375,-0.766723632812,0.459228515625,-2690.0,6410.0,4380.0,32.0,-49.0,16.0,
1645543182672310352,0.4013671875,-0.200561523438,-0.766845703125,0.458923339844,-2585.0,6530.0,4394.0,27.0,-48.0,16.0,
1645543182678035736,0.399597167969,-0.203918457031,-0.767028808594,0.458679199219,-2501.0,6653.0,4517.0,25.0,-47.0,17.0,
1645543182681177616,0.397705078125,-0.207214355469,-0.767211914062,0.458557128906,-2452.0,6795.0,4697.0,23.0,-47.0,18.0,
1645543182686344623,0.395568847656,-0.21044921875,-0.767456054688,0.458557128906,-2398.0,6942.0,4867.0,21.0,-48.0,19.0,
1645543182691093683,0.393371582031,-0.213500976562,-0.767700195312,0.458557128906,-2320.0,7042.0,4990.0,18.0,-48.0,18.0,
1645543182695760965,0.391235351562,-0.21630859375,-0.768005371094,0.458618164062,-2220.0,7040.0,5059.0,15.0,-46.0,16.0,
1645543182700205564,0.389099121094,-0.21875,-0.768371582031,0.458618164062,-2107.0,6927.0,5101.0,11.0,-44.0,14.0,
1645543182709473848,0.386901855469,-0.220947265625,-0.768859863281,0.458679199219,-1992.0,6736.0,5131.0,9.0,-42.0,12.0,
1645543182713819980,0.384765625,-0.222961425781,-0.769348144531,0.458618164062,-1876.0,6516.0,5139.0,8.0,-41.0,11.0,
1645543182717195034,0.382629394531,-0.224914550781,-0.769836425781,0.458618164062,-1773.0,6303.0,5120.0,8.0,-41.0,11.0,
1645543182722024917,0.380554199219,-0.226928710938,-0.770324707031,0.45849609375,-1669.0,6116.0,5102.0,9.0,-40.0,10.0,
1645543182726898670,0.378540039062,-0.22900390625,-0.770812988281,0.458374023438,-1586.0,5971.0,5109.0,11.0,-40.0,10.0,
1645543182737828969,0.376647949219,-0.231140136719,-0.771240234375,0.458190917969,-1520.0,5839.0,5111.0,14.0,-40.0,10.0,
1645543182748792886,0.371704101562,-0.238525390625,-0.772216796875,0.456848144531,-1391.0,5510.0,5140.0,27.0,-39.0,9.0,
1645543182806530475,0.370361328125,-0.241455078125,-0.772277832031,0.456176757812,-1349.0,5500.0,5165.0,33.0,-39.0,10.0,
1645543182810789108,0.369140625,-0.244812011719,-0.772277832031,0.455444335938,-1300.0,5541.0,5220.0,39.0,-39.0,11.0,
1645543182813801765,0.368041992188,-0.248413085938,-0.772155761719,0.45458984375,-1235.0,5617.0,5269.0,45.0,-39.0,11.0,
1645543182815833330,0.3671875,-0.252319335938,-0.771911621094,0.453552246094,-1204.0,5744.0,5337.0,50.0,-38.0,9.0,
1645543182819540500,0.366394042969,-0.25634765625,-0.771606445312,0.452392578125,-1171.0,5887.0,5371.0,55.0,-38.0,9.0,
1645543182822763442,0.365783691406,-0.260620117188,-0.771240234375,0.451110839844,-1126.0,6026.0,5364.0,58.0,-38.0,9.0,
1645543182827095270,0.365234375,-0.265014648438,-0.770690917969,0.449890136719,-1082.0,6133.0,5328.0,60.0,-37.0,10.0,
1645543182851126194,0.36474609375,-0.269592285156,-0.770080566406,0.448669433594,-1031.0,6183.0,5290.0,63.0,-36.0,12.0,
1645543182864011287,0.364440917969,-0.274291992188,-0.769287109375,0.447387695312,-979.0,6171.0,5261.0,68.0,-36.0,14.0,
1645543182877293586,0.364196777344,-0.279235839844,-0.768371582031,0.446044921875,-930.0,6094.0,5268.0,73.0,-35.0,14.0,
1645543182877938985,0.364196777344,-0.284545898438,-0.767395019531,0.444519042969,-875.0,5963.0,5258.0,82.0,-35.0,14.0,
1645543182878411769,0.364501953125,-0.290283203125,-0.766174316406,0.442565917969,-834.0,5772.0,5310.0,95.0,-35.0,12.0,
1645543182878987312,0.365173339844,-0.296630859375,-0.764709472656,0.440246582031,-775.0,5526.0,5392.0,111.0,-35.0,12.0,
1645543182879510641,0.3662109375,-0.303833007812,-0.762939453125,0.437622070312,-703.0,5281.0,5474.0,130.0,-36.0,14.0,
1645543182879976511,0.367553710938,-0.311950683594,-0.7607421875,0.4345703125,-620.0,5122.0,5507.0,150.0,-37.0,16.0,
1645543182880472421,0.369262695312,-0.321044921875,-0.758056640625,0.431274414062,-531.0,5109.0,5482.0,167.0,-38.0,19.0,
1645543182881051540,0.371276855469,-0.330749511719,-0.7548828125,0.427673339844,-452.0,5258.0,5454.0,180.0,-38.0,20.0,
1645543182881752014,0.375610351562,-0.351257324219,-0.747741699219,0.419982910156,-323.0,5812.0,5502.0,191.0,-39.0,20.0,
1645543182882386684,0.377807617188,-0.361572265625,-0.744018554688,0.415954589844,-288.0,6084.0,5490.0,191.0,-38.0,19.0,
1645543182882945060,0.381958007812,-0.381591796875,-0.736267089844,0.407897949219,-268.0,6339.0,5434.0,189.0,-39.0,20.0,
1645543182883570909,0.383911132812,-0.391479492188,-0.732360839844,0.40380859375,-229.0,6335.0,5334.0,189.0,-39.0,20.0,
1645543182884212255,0.385925292969,-0.401428222656,-0.728210449219,0.399597167969,-173.0,6281.0,5174.0,191.0,-39.0,20.0,
1645543182884831666,0.388000488281,-0.411437988281,-0.723876953125,0.395202636719,-90.0,6197.0,4952.0,195.0,-38.0,20.0,
1645543182885472059,0.39013671875,-0.421630859375,-0.71923828125,0.390747070312,7.0,6073.0,4707.0,199.0,-38.0,20.0,
1645543182886127948,0.392395019531,-0.432067871094,-0.71435546875,0.386047363281,89.0,5932.0,4474.0,205.0,-38.0,20.0,
1645543182886682987,0.394714355469,-0.442504882812,-0.709289550781,0.381225585938,157.0,5853.0,4238.0,209.0,-38.0,20.0,
1645543182891042709,0.39697265625,-0.453002929688,-0.703979492188,0.376342773438,188.0,5900.0,3969.0,210.0,-37.0,21.0,
1645543182895228624,0.399291992188,-0.46337890625,-0.698486328125,0.37158203125,188.0,6114.0,3619.0,208.0,-35.0,22.0,
1645543182900015830,0.401611328125,-0.473510742188,-0.692810058594,0.366882324219,160.0,6471.0,3190.0,203.0,-32.0,22.0,
1645543182907971620,0.403869628906,-0.483215332031,-0.687072753906,0.362365722656,108.0,6879.0,2757.0,193.0,-30.0,23.0,
1645543182915735483,0.405883789062,-0.492370605469,-0.681579589844,0.358154296875,58.0,7244.0,2382.0,180.0,-29.0,23.0,
1645543182922873020,0.407531738281,-0.500854492188,-0.676452636719,0.354248046875,35.0,7487.0,2073.0,167.0,-29.0,22.0,
1645543182925684928,0.409057617188,-0.508666992188,-0.671630859375,0.3505859375,16.0,7637.0,1816.0,154.0,-27.0,20.0,
1645543182936331987,0.410400390625,-0.515747070312,-0.667114257812,0.34716796875,-1.0,7744.0,1632.0,143.0,-25.0,18.0,
1645543182939651727,0.411560058594,-0.522277832031,-0.662963867188,0.343994140625,-30.0,7844.0,1569.0,132.0,-23.0,17.0,
1645543182940651416,0.412475585938,-0.5283203125,-0.6591796875,0.341003417969,-44.0,7939.0,1616.0,124.0,-24.0,16.0,
1645543182952682018,0.414428710938,-0.543762207031,-0.6494140625,0.3330078125,-96.0,8150.0,1616.0,101.0,-20.0,10.0,
1645543182959482669,0.415161132812,-0.548278808594,-0.646362304688,0.33056640625,-159.0,8107.0,1487.0,98.0,-18.0,10.0,
1645543182961396694,0.416076660156,-0.552734375,-0.643249511719,0.328125,-215.0,8030.0,1344.0,98.0,-15.0,9.0,
1645543182966152191,0.417053222656,-0.557189941406,-0.640014648438,0.325622558594,-245.0,7972.0,1191.0,99.0,-14.0,9.0,
1645543182970674753,0.418029785156,-0.561706542969,-0.636596679688,0.3232421875,-238.0,8008.0,1055.0,101.0,-13.0,10.0,
1645543182975348711,0.419006347656,-0.566345214844,-0.633056640625,0.320922851562,-204.0,8160.0,910.0,102.0,-12.0,12.0,
1645543182983137845,0.419921875,-0.570922851562,-0.62939453125,0.318786621094,-138.0,8396.0,747.0,101.0,-10.0,14.0,
1645543182986454010,0.420715332031,-0.575439453125,-0.625671386719,0.316955566406,-75.0,8674.0,584.0,97.0,-8.0,16.0,
1645543182991404771,0.42138671875,-0.579650878906,-0.622131347656,0.315246582031,-42.0,8981.0,534.0,90.0,-7.0,16.0,
1645543182996202468,0.421752929688,-0.583312988281,-0.619201660156,0.313781738281,16.0,9274.0,576.0,80.0,-9.0,14.0,
1645543183001106500,0.421936035156,-0.58642578125,-0.616821289062,0.3125,51.0,9529.0,670.0,67.0,-10.0,11.0,
1645543183012043714,0.421936035156,-0.5888671875,-0.614990234375,0.3115234375,50.0,9747.0,728.0,55.0,-10.0,8.0,
1645543183034038066,0.421691894531,-0.5908203125,-0.613647460938,0.310729980469,6.0,10009.0,703.0,43.0,-10.0,7.0,
1645543183043530464,0.421325683594,-0.592407226562,-0.612670898438,0.310241699219,-73.0,10335.0,567.0,31.0,-10.0,9.0,
1645543183044270038,0.420654296875,-0.593688964844,-0.611938476562,0.31005859375,-147.0,10680.0,301.0,19.0,-10.0,12.0,
1645543183044834136,0.419799804688,-0.594665527344,-0.611511230469,0.310302734375,-219.0,11071.0,-24.0,6.0,-10.0,14.0,
1645543183045742750,0.418640136719,-0.59521484375,-0.611389160156,0.310913085938,-249.0,11433.0,-412.0,-7.0,-9.0,16.0,
1645543183046255588,0.417297363281,-0.595458984375,-0.611572265625,0.31201171875,-195.0,11718.0,-859.0,-21.0,-7.0,19.0,
1645543183056892395,0.411499023438,-0.592529296875,-0.61474609375,0.318786621094,212.0,12474.0,-1863.0,-74.0,1.0,22.0,
1645543183057672739,0.408874511719,-0.590454101562,-0.616638183594,0.322387695312,373.0,12676.0,-1981.0,-87.0,4.0,26.0,
1645543183062198638,0.406005859375,-0.588012695312,-0.618713378906,0.326538085938,484.0,12767.0,-1993.0,-96.0,8.0,30.0,
1645543183066944837,0.403076171875,-0.585266113281,-0.620910644531,0.330993652344,550.0,12699.0,-1913.0,-102.0,11.0,33.0,
1645543183071382284,0.400085449219,-0.582092285156,-0.623291015625,0.335571289062,589.0,12579.0,-1761.0,-106.0,14.0,32.0,
1645543183076068162,0.397155761719,-0.578735351562,-0.625793457031,0.340270996094,631.0,12527.0,-1553.0,-110.0,16.0,31.0,
1645543183084736824,0.39404296875,-0.575134277344,-0.62841796875,0.345031738281,729.0,12486.0,-1332.0,-114.0,16.0,32.0,
1645543183085296869,0.390686035156,-0.571472167969,-0.631042480469,0.35009765625,858.0,12410.0,-1139.0,-116.0,16.0,35.0,
1645543183091917276,0.38720703125,-0.567749023438,-0.633605957031,0.355346679688,954.0,12325.0,-999.0,-118.0,17.0,38.0,
