1646996433693457126,0.494445800781,-0.56689453125,-0.603942871094,-0.263610839844,-6113.0,4370.0,-1946.0,-12.0,-41.0,-45.0,
1646996433698776721,0.49462890625,-0.565002441406,-0.6044921875,-0.266052246094,-6160.0,4418.0,-1882.0,-6.0,-36.0,-44.0,
1646996433702342748,0.494873046875,-0.5634765625,-0.604675292969,-0.268371582031,-6182.0,4440.0,-1819.0,1.0,-31.0,-43.0,
1646996433707116127,0.495056152344,-0.562316894531,-0.604553222656,-0.270751953125,-6180.0,4439.0,-1764.0,8.0,-27.0,-42.0,
1646996433711564779,0.495178222656,-0.5615234375,-0.604125976562,-0.273193359375,-6147.0,4418.0,-1699.0,14.0,-24.0,-40.0,
1646996433715276479,0.495178222656,-0.560974121094,-0.603454589844,-0.275695800781,-6087.0,4389.0,-1642.0,20.0,-22.0,-38.0,
1646996433723259925,0.494995117188,-0.560729980469,-0.602661132812,-0.278259277344,-6020.0,4340.0,-1595.0,26.0,-22.0,-36.0,
1646996433728070735,0.494689941406,-0.560791015625,-0.601684570312,-0.280883789062,-5984.0,4283.0,-1562.0,31.0,-22.0,-33.0,
1646996433734010457,0.494140625,-0.561096191406,-0.600524902344,-0.283569335938,-5993.0,4227.0,-1529.0,37.0,-22.0,-30.0,
1646996433739140748,0.493408203125,-0.561706542969,-0.599243164062,-0.286315917969,-6043.0,4202.0,-1515.0,43.0,-21.0,-27.0,
1646996433744364023,0.492553710938,-0.562866210938,-0.597595214844,-0.289001464844,-6114.0,4187.0,-1502.0,51.0,-17.0,-23.0,
1646996433748753547,0.491638183594,-0.564453125,-0.595581054688,-0.291564941406,-6180.0,4179.0,-1478.0,59.0,-11.0,-18.0,
1646996433753484725,0.490600585938,-0.566467285156,-0.593322753906,-0.294006347656,-6217.0,4157.0,-1471.0,64.0,-7.0,-14.0,
1646996433757977008,0.489501953125,-0.56884765625,-0.590881347656,-0.296203613281,-6233.0,4128.0,-1464.0,68.0,-3.0,-10.0,
1646996433762688159,0.48828125,-0.571533203125,-0.588195800781,-0.298278808594,-6235.0,4080.0,-1437.0,72.0,1.0,-6.0,
1646996433767363309,0.487060546875,-0.574340820312,-0.585510253906,-0.30029296875,-6229.0,4011.0,-1407.0,74.0,3.0,-3.0,
1646996433772098541,0.485778808594,-0.577209472656,-0.582763671875,-0.302185058594,-6211.0,3934.0,-1384.0,75.0,4.0,-2.0,
1646996433776801109,0.484619140625,-0.580078125,-0.579895019531,-0.304077148438,-6176.0,3840.0,-1365.0,74.0,6.0,-2.0,
1646996433781557559,0.483520507812,-0.582824707031,-0.577026367188,-0.305969238281,-6138.0,3773.0,-1352.0,73.0,7.0,-3.0,
1646996433785199880,0.48291015625,-0.585632324219,-0.573791503906,-0.3076171875,-6338.0,3796.0,-1459.0,74.0,17.0,-8.0,
1646996433793298959,0.483276367188,-0.5888671875,-0.569580078125,-0.308715820312,-6361.0,3823.0,-1472.0,77.0,39.0,-13.0,
1646996433797807455,0.483459472656,-0.592529296875,-0.565307617188,-0.309265136719,-5984.0,3786.0,-1524.0,78.0,47.0,-4.0,
1646996433802595853,0.483154296875,-0.596618652344,-0.561340332031,-0.309204101562,-5550.0,3648.0,-1518.0,78.0,46.0,8.0,
1646996433807201623,0.482604980469,-0.600463867188,-0.5576171875,-0.309265136719,-5357.0,3446.0,-1544.0,74.0,39.0,10.0,
1646996433811779737,0.482238769531,-0.603698730469,-0.55419921875,-0.309692382812,-5430.0,3383.0,-1611.0,67.0,33.0,6.0,
1646996433817012071,0.48193359375,-0.606567382812,-0.551086425781,-0.310180664062,-5604.0,3432.0,-1686.0,61.0,29.0,2.0,
1646996433820084333,0.481689453125,-0.609313964844,-0.548034667969,-0.310546875,-5735.0,3500.0,-1770.0,59.0,29.0,1.0,
1646996433828351020,0.481384277344,-0.612121582031,-0.544982910156,-0.310852050781,-5776.0,3537.0,-1835.0,59.0,30.0,2.0,
1646996433832898139,0.481018066406,-0.614807128906,-0.5419921875,-0.311279296875,-5772.0,3551.0,-1888.0,59.0,27.0,1.0,
1646996433839354991,0.480529785156,-0.617309570312,-0.539123535156,-0.312072753906,-5777.0,3573.0,-1906.0,59.0,19.0,-2.0,
1646996433844469070,0.479858398438,-0.619445800781,-0.536560058594,-0.313354492188,-5823.0,3597.0,-1919.0,58.0,10.0,-6.0,
1646996433849220514,0.47900390625,-0.621337890625,-0.5341796875,-0.31494140625,-5897.0,3596.0,-1903.0,57.0,3.0,-8.0,
1646996433853613376,0.478088378906,-0.622924804688,-0.532165527344,-0.316650390625,-5947.0,3551.0,-1815.0,54.0,-3.0,-8.0,
1646996433858274459,0.477233886719,-0.624328613281,-0.530334472656,-0.318176269531,-5852.0,3479.0,-1645.0,48.0,-1.0,-7.0,
1646996433862956047,0.476623535156,-0.625610351562,-0.528686523438,-0.3193359375,-5992.0,3510.0,-1476.0,41.0,5.0,-6.0,
1646996433869483232,0.47607421875,-0.62646484375,-0.527587890625,-0.320373535156,-6233.0,3540.0,-1459.0,32.0,1.0,-7.0,
1646996433874874830,0.475463867188,-0.62744140625,-0.526489257812,-0.321105957031,-6399.0,3472.0,-1493.0,29.0,3.0,-2.0,
1646996433877422094,0.474792480469,-0.628784179688,-0.525329589844,-0.321350097656,-6533.0,3418.0,-1490.0,29.0,8.0,9.0,
1646996433882196903,0.473937988281,-0.630432128906,-0.5244140625,-0.320983886719,-6573.0,3436.0,-1496.0,26.0,14.0,18.0,
1646996433886722564,0.47314453125,-0.632263183594,-0.5234375,-0.320007324219,-6564.0,3454.0,-1535.0,23.0,21.0,22.0,
1646996433892192602,0.472595214844,-0.63427734375,-0.522277832031,-0.318786621094,-6624.0,3384.0,-1554.0,23.0,27.0,22.0,
1646996433895093917,0.472229003906,-0.63623046875,-0.520935058594,-0.317687988281,-6666.0,3275.0,-1545.0,24.0,30.0,20.0,
1646996433903589963,0.471984863281,-0.637939453125,-0.519592285156,-0.316711425781,-6664.0,3217.0,-1551.0,22.0,28.0,17.0,
1646996433907631158,0.471801757812,-0.639526367188,-0.518432617188,-0.315734863281,-6653.0,3203.0,-1581.0,20.0,26.0,15.0,
1646996433912112474,0.4716796875,-0.640991210938,-0.517272949219,-0.314819335938,-6654.0,3207.0,-1616.0,18.0,25.0,12.0,
1646996433916929483,0.471740722656,-0.642395019531,-0.516052246094,-0.31396484375,-6650.0,3210.0,-1685.0,18.0,26.0,9.0,
1646996433921484708,0.471862792969,-0.643737792969,-0.514709472656,-0.313171386719,-6598.0,3221.0,-1754.0,19.0,26.0,6.0,
1646996433924825429,0.471984863281,-0.645141601562,-0.513244628906,-0.312438964844,-6453.0,3237.0,-1820.0,21.0,25.0,6.0,
1646996433933333873,0.471862792969,-0.646545410156,-0.511962890625,-0.311828613281,-6277.0,3232.0,-1865.0,21.0,21.0,7.0,
1646996433938967466,0.471435546875,-0.647827148438,-0.510925292969,-0.311462402344,-6167.0,3201.0,-1897.0,21.0,14.0,8.0,
1646996433945530176,0.470886230469,-0.648864746094,-0.510192871094,-0.311401367188,-6165.0,3150.0,-1928.0,19.0,5.0,7.0,
1646996433950489759,0.47021484375,-0.649475097656,-0.509826660156,-0.311767578125,-6247.0,3097.0,-1979.0,15.0,-4.0,5.0,
1646996433954999446,0.469604492188,-0.649841308594,-0.509582519531,-0.312377929688,-6378.0,3063.0,-2008.0,12.0,-9.0,3.0,
1646996433959627866,0.468994140625,-0.650085449219,-0.509460449219,-0.31298828125,-6514.0,3039.0,-2033.0,11.0,-9.0,2.0,
1646996433964193344,0.468566894531,-0.650268554688,-0.50927734375,-0.313537597656,-6633.0,3020.0,-2043.0,9.0,-7.0,1.0,
1646996433970469236,0.468200683594,-0.650451660156,-0.509155273438,-0.313903808594,-6718.0,3006.0,-2061.0,8.0,-5.0,1.0,
1646996433973323822,0.467895507812,-0.650634765625,-0.509033203125,-0.314147949219,-6796.0,3009.0,-2088.0,6.0,-3.0,3.0,
1646996433978428602,0.467529296875,-0.650939941406,-0.509033203125,-0.314147949219,-6859.0,3008.0,-2122.0,4.0,-2.0,5.0,
1646996433982975006,0.467224121094,-0.651306152344,-0.508972167969,-0.31396484375,-6911.0,3019.0,-2150.0,3.0,1.0,7.0,
1646996433987969636,0.466857910156,-0.651733398438,-0.508911132812,-0.313537597656,-6943.0,3017.0,-2191.0,2.0,3.0,9.0,
1646996433992145299,0.466552734375,-0.652282714844,-0.508850097656,-0.313049316406,-6950.0,3018.0,-2233.0,2.0,5.0,10.0,
1646996433996639728,0.46630859375,-0.652893066406,-0.508728027344,-0.312438964844,-6945.0,3021.0,-2267.0,2.0,8.0,11.0,
1646996434000289201,0.466064453125,-0.653503417969,-0.508483886719,-0.311706542969,-6921.0,3028.0,-2294.0,3.0,9.0,11.0,
1646996434008533716,0.4658203125,-0.654235839844,-0.508239746094,-0.310974121094,-6884.0,3039.0,-2316.0,4.0,10.0,12.0,
1646996434014166355,0.465454101562,-0.655029296875,-0.507995605469,-0.310241699219,-6819.0,3038.0,-2328.0,5.0,9.0,13.0,
1646996434017572164,0.465026855469,-0.655822753906,-0.5078125,-0.3095703125,-6747.0,3029.0,-2331.0,6.0,8.0,14.0,
1646996434025221586,0.464538574219,-0.656616210938,-0.507568359375,-0.308959960938,-6676.0,3004.0,-2322.0,6.0,7.0,14.0,
1646996434026826858,0.464111328125,-0.657348632812,-0.507385253906,-0.308471679688,-6619.0,2973.0,-2317.0,6.0,5.0,13.0,
1646996434030657052,0.463562011719,-0.657958984375,-0.50732421875,-0.307983398438,-6557.0,2952.0,-2315.0,5.0,3.0,13.0,
1646996434038412809,0.463012695312,-0.658508300781,-0.50732421875,-0.307678222656,-6496.0,2929.0,-2327.0,4.0,1.0,13.0,
1646996434045161962,0.46240234375,-0.658996582031,-0.507446289062,-0.307373046875,-6450.0,2903.0,-2333.0,3.0,-2.0,13.0,
1646996434051525115,0.461730957031,-0.659423828125,-0.507629394531,-0.30712890625,-6437.0,2883.0,-2349.0,2.0,-4.0,12.0,
1646996434054585456,0.461059570312,-0.659790039062,-0.507873535156,-0.307006835938,-6447.0,2864.0,-2357.0,2.0,-6.0,12.0,
1646996434059981822,0.460327148438,-0.660095214844,-0.508178710938,-0.306884765625,-6471.0,2845.0,-2357.0,1.0,-7.0,12.0,
1646996434063986778,0.459655761719,-0.660278320312,-0.508605957031,-0.306823730469,-6503.0,2839.0,-2355.0,-1.0,-8.0,12.0,
1646996434068771600,0.458984375,-0.660400390625,-0.509033203125,-0.306762695312,-6552.0,2856.0,-2359.0,-2.0,-8.0,11.0,
1646996434073359966,0.458312988281,-0.660522460938,-0.509643554688,-0.306640625,-6586.0,2885.0,-2361.0,-4.0,-9.0,11.0,
1646996434078554868,0.457641601562,-0.660522460938,-0.510314941406,-0.306518554688,-6598.0,2917.0,-2358.0,-5.0,-10.0,11.0,
1646996434082724094,0.456909179688,-0.660461425781,-0.511047363281,-0.306396484375,-6598.0,2947.0,-2345.0,-6.0,-12.0,12.0,
1646996434087420463,0.4560546875,-0.660400390625,-0.512023925781,-0.306274414062,-6577.0,2977.0,-2338.0,-8.0,-14.0,13.0,
1646996434093537092,0.455078125,-0.660217285156,-0.513122558594,-0.30615234375,-6547.0,2997.0,-2303.0,-10.0,-17.0,15.0,
1646996434097203969,0.453979492188,-0.659912109375,-0.514587402344,-0.306030273438,-6525.0,3014.0,-2267.0,-14.0,-20.0,17.0,
1646996434102627754,0.452758789062,-0.659423828125,-0.516357421875,-0.305908203125,-6513.0,3047.0,-2252.0,-19.0,-25.0,19.0,
1646996434105290651,0.451354980469,-0.658813476562,-0.518493652344,-0.305725097656,-6511.0,3106.0,-2238.0,-23.0,-30.0,21.0,
1646996434114922523,0.44970703125,-0.658142089844,-0.520935058594,-0.305480957031,-6528.0,3187.0,-2249.0,-26.0,-34.0,24.0,
1646996434118715286,0.447875976562,-0.657409667969,-0.523559570312,-0.305297851562,-6590.0,3284.0,-2267.0,-27.0,-38.0,27.0,
1646996434123046875,0.445861816406,-0.65673828125,-0.526184082031,-0.30517578125,-6687.0,3385.0,-2282.0,-26.0,-40.0,29.0,
1646996434128991603,0.443786621094,-0.656066894531,-0.528747558594,-0.305053710938,-6810.0,3465.0,-2285.0,-24.0,-40.0,30.0,
1646996434132205247,0.441711425781,-0.655578613281,-0.531188964844,-0.305053710938,-6935.0,3532.0,-2295.0,-21.0,-38.0,30.0,
1646996434136667728,0.439697265625,-0.655212402344,-0.533325195312,-0.304931640625,-7048.0,3575.0,-2294.0,-18.0,-35.0,29.0,
1646996434143579244,0.437805175781,-0.654968261719,-0.535217285156,-0.304809570312,-7132.0,3602.0,-2303.0,-14.0,-31.0,29.0,
1646996434148159265,0.435974121094,-0.654846191406,-0.536926269531,-0.3046875,-7180.0,3632.0,-2287.0,-12.0,-28.0,28.0,
1646996434152965068,0.434143066406,-0.654846191406,-0.538513183594,-0.304565429688,-7209.0,3654.0,-2262.0,-10.0,-27.0,28.0,
1646996434157595157,0.432250976562,-0.654846191406,-0.540100097656,-0.304443359375,-7230.0,3654.0,-2232.0,-9.0,-27.0,28.0,
1646996434163462162,0.430358886719,-0.654846191406,-0.541625976562,-0.304382324219,-7257.0,3643.0,-2203.0,-8.0,-28.0,29.0,
1646996434167523145,0.428466796875,-0.654907226562,-0.543090820312,-0.304321289062,-7275.0,3623.0,-2175.0,-7.0,-27.0,29.0,
1646996434171815395,0.426574707031,-0.655029296875,-0.544494628906,-0.30419921875,-7280.0,3602.0,-2144.0,-7.0,-26.0,30.0,
1646996434176501035,0.424682617188,-0.655151367188,-0.545959472656,-0.304077148438,-7267.0,3577.0,-2110.0,-7.0,-26.0,30.0,
1646996434179880857,0.422790527344,-0.655212402344,-0.54736328125,-0.303955078125,-7261.0,3553.0,-2074.0,-7.0,-26.0,30.0,
1646996434188155412,0.4208984375,-0.6552734375,-0.548828125,-0.303894042969,-7266.0,3545.0,-2036.0,-8.0,-26.0,29.0,
1646996434192794561,0.419067382812,-0.6552734375,-0.55029296875,-0.303771972656,-7273.0,3558.0,-1993.0,-8.0,-26.0,28.0,
1646996434198538064,0.417297363281,-0.655212402344,-0.551696777344,-0.3037109375,-7280.0,3581.0,-1943.0,-8.0,-26.0,27.0,
1646996434211920738,0.415588378906,-0.655151367188,-0.553100585938,-0.303649902344,-7292.0,3606.0,-1885.0,-8.0,-25.0,26.0,
1646996434212646722,0.413940429688,-0.655090332031,-0.554443359375,-0.303588867188,-7319.0,3645.0,-1825.0,-8.0,-24.0,25.0,
1646996434213057518,0.412353515625,-0.654968261719,-0.555725097656,-0.303588867188,-7373.0,3703.0,-1756.0,-7.0,-23.0,23.0,
1646996434226379632,0.410827636719,-0.654846191406,-0.557006835938,-0.303588867188,-7424.0,3779.0,-1691.0,-7.0,-22.0,22.0,
1646996434226745843,0.409362792969,-0.65478515625,-0.558227539062,-0.303527832031,-7461.0,3855.0,-1628.0,-7.0,-20.0,22.0,
1646996434227981805,0.407958984375,-0.654724121094,-0.559448242188,-0.303344726562,-7487.0,3930.0,-1567.0,-7.0,-19.0,22.0,
1646996434232462167,0.406494140625,-0.654663085938,-0.560607910156,-0.30322265625,-7509.0,3996.0,-1503.0,-7.0,-18.0,22.0,
1646996434238817930,0.405151367188,-0.654602050781,-0.561828613281,-0.303039550781,-7537.0,4071.0,-1465.0,-7.0,-18.0,21.0,
1646996434242567062,0.40380859375,-0.654541015625,-0.562927246094,-0.302856445312,-7565.0,4137.0,-1455.0,-7.0,-17.0,21.0,
1646996434248755455,0.402526855469,-0.654602050781,-0.563903808594,-0.302612304688,-7594.0,4191.0,-1449.0,-5.0,-15.0,20.0,
1646996434254963397,0.4013671875,-0.65478515625,-0.564636230469,-0.302368164062,-7613.0,4239.0,-1462.0,-2.0,-12.0,19.0,
1646996434258302450,0.400329589844,-0.654968261719,-0.565307617188,-0.302062988281,-7627.0,4267.0,-1488.0,-3.0,-10.0,18.0,
1646996434262962102,0.399475097656,-0.655090332031,-0.56591796875,-0.3017578125,-7660.0,4277.0,-1480.0,-3.0,-8.0,16.0,
1646996434267633199,0.398681640625,-0.6552734375,-0.56640625,-0.301513671875,-7674.0,4296.0,-1457.0,-2.0,-7.0,15.0,
1646996434272121191,0.39794921875,-0.655395507812,-0.56689453125,-0.30126953125,-7687.0,4343.0,-1442.0,-2.0,-5.0,14.0,
1646996434276627302,0.397277832031,-0.655639648438,-0.567260742188,-0.300842285156,-7732.0,4381.0,-1415.0,-1.0,-3.0,14.0,
1646996434280559778,0.396728515625,-0.655944824219,-0.567565917969,-0.300476074219,-7785.0,4402.0,-1395.0,0.0,-1.0,13.0,
1646996434289319276,0.396240234375,-0.656188964844,-0.567810058594,-0.300109863281,-7826.0,4417.0,-1372.0,0.0,0.0,12.0,
1646996434292858600,0.395812988281,-0.656494140625,-0.567993164062,-0.299621582031,-7853.0,4438.0,-1348.0,0.0,2.0,11.0,
1646996434297780275,0.3955078125,-0.65673828125,-0.568176269531,-0.299194335938,-7860.0,4463.0,-1314.0,0.0,4.0,11.0,
1646996434302643537,0.395263671875,-0.656982421875,-0.568298339844,-0.298706054688,-7832.0,4479.0,-1281.0,-1.0,4.0,10.0,
1646996434307028293,0.395080566406,-0.6572265625,-0.568420410156,-0.298217773438,-7789.0,4483.0,-1253.0,-1.0,5.0,8.0,
1646996434311757564,0.394958496094,-0.657348632812,-0.568603515625,-0.297790527344,-7746.0,4493.0,-1213.0,-2.0,4.0,7.0,
1646996434315040111,0.394836425781,-0.657409667969,-0.568786621094,-0.297424316406,-7720.0,4507.0,-1178.0,-2.0,3.0,5.0,
1646996434323228359,0.394714355469,-0.657470703125,-0.568969726562,-0.297119140625,-7706.0,4509.0,-1124.0,-3.0,3.0,5.0,
1646996434328091382,0.394714355469,-0.657348632812,-0.569213867188,-0.296875,-7705.0,4484.0,-1084.0,-4.0,2.0,4.0,
1646996434332458734,0.394714355469,-0.6572265625,-0.569458007812,-0.296691894531,-7683.0,4469.0,-1061.0,-5.0,2.0,3.0,
1646996434337248563,0.394775390625,-0.656982421875,-0.56982421875,-0.296447753906,-7643.0,4468.0,-1039.0,-7.0,1.0,2.0,
1646996434341849088,0.394775390625,-0.65673828125,-0.570251464844,-0.296264648438,-7626.0,4468.0,-1021.0,-8.0,0.0,2.0,
1646996434348540782,0.394836425781,-0.656311035156,-0.57080078125,-0.296081542969,-7640.0,4456.0,-1019.0,-10.0,-2.0,1.0,
1646996434353076696,0.394958496094,-0.65576171875,-0.571350097656,-0.295959472656,-7657.0,4445.0,-1035.0,-12.0,-3.0,0.0,
1646996434359013319,0.395141601562,-0.655151367188,-0.571960449219,-0.2958984375,-7669.0,4435.0,-1059.0,-14.0,-3.0,-2.0,
1646996434362584829,0.395385742188,-0.654479980469,-0.572631835938,-0.295776367188,-7683.0,4428.0,-1083.0,-15.0,-3.0,-3.0,
1646996434367323637,0.395751953125,-0.653747558594,-0.5732421875,-0.295776367188,-7706.0,4427.0,-1120.0,-15.0,-3.0,-4.0,
1646996434371885299,0.396179199219,-0.653015136719,-0.573791503906,-0.295715332031,-7729.0,4414.0,-1170.0,-15.0,-2.0,-6.0,
1646996434376409530,0.396789550781,-0.652282714844,-0.57421875,-0.295715332031,-7756.0,4387.0,-1229.0,-15.0,-1.0,-8.0,
1646996434380062580,0.397583007812,-0.651489257812,-0.574523925781,-0.295715332031,-7737.0,4365.0,-1279.0,-15.0,1.0,-10.0,
1646996434388271093,0.398376464844,-0.650817871094,-0.574829101562,-0.295654296875,-7666.0,4364.0,-1320.0,-15.0,3.0,-11.0,
1646996434392845630,0.399169921875,-0.650207519531,-0.575073242188,-0.29541015625,-7580.0,4355.0,-1361.0,-14.0,4.0,-10.0,
1646996434397484302,0.39990234375,-0.649658203125,-0.575317382812,-0.295166015625,-7514.0,4346.0,-1384.0,-14.0,4.0,-8.0,
1646996434402002334,0.400451660156,-0.649108886719,-0.575622558594,-0.294982910156,-7460.0,4351.0,-1398.0,-13.0,3.0,-6.0,
1646996434406592607,0.400939941406,-0.648681640625,-0.575927734375,-0.294738769531,-7418.0,4368.0,-1407.0,-12.0,2.0,-5.0,
1646996434410194873,0.401306152344,-0.648254394531,-0.576232910156,-0.294494628906,-7404.0,4377.0,-1407.0,-11.0,1.0,-4.0,
1646996434418071746,0.401672363281,-0.647888183594,-0.576538085938,-0.294311523438,-7412.0,4376.0,-1424.0,-10.0,1.0,-3.0,
1646996434422751426,0.401977539062,-0.647583007812,-0.576721191406,-0.294128417969,-7423.0,4372.0,-1429.0,-9.0,2.0,-3.0,
1646996434427475214,0.40234375,-0.647338867188,-0.576843261719,-0.2939453125,-7413.0,4359.0,-1447.0,-7.0,2.0,-3.0,
1646996434432188987,0.402709960938,-0.647155761719,-0.576904296875,-0.293823242188,-7387.0,4346.0,-1457.0,-6.0,3.0,-3.0,
1646996434436984539,0.403015136719,-0.64697265625,-0.576904296875,-0.293701171875,-7361.0,4335.0,-1463.0,-5.0,2.0,-4.0,
1646996434441622734,0.403259277344,-0.646850585938,-0.576904296875,-0.293640136719,-7336.0,4321.0,-1476.0,-4.0,1.0,-3.0,
1646996434445257902,0.403442382812,-0.646667480469,-0.576965332031,-0.293640136719,-7318.0,4302.0,-1475.0,-3.0,0.0,-3.0,
1646996434454654932,0.403564453125,-0.646545410156,-0.577026367188,-0.293701171875,-7306.0,4276.0,-1475.0,-3.0,-2.0,-2.0,
1646996434459326028,0.403564453125,-0.646301269531,-0.577209472656,-0.293823242188,-7300.0,4232.0,-1462.0,-4.0,-4.0,-1.0,
1646996434463592052,0.403503417969,-0.646118164062,-0.577392578125,-0.2939453125,-7281.0,4192.0,-1455.0,-4.0,-5.0,-1.0,
1646996434467994928,0.403442382812,-0.645812988281,-0.577697753906,-0.294128417969,-7266.0,4149.0,-1456.0,-5.0,-7.0,0.0,
1646996434472502946,0.4033203125,-0.645446777344,-0.578063964844,-0.294311523438,-7249.0,4113.0,-1435.0,-6.0,-8.0,0.0,
1646996434476796627,0.403137207031,-0.645080566406,-0.578491210938,-0.294555664062,-7241.0,4087.0,-1431.0,-7.0,-9.0,0.0,
1646996434479981899,0.403015136719,-0.644592285156,-0.578979492188,-0.294738769531,-7243.0,4089.0,-1418.0,-8.0,-9.0,0.0,
1646996434487673759,0.402954101562,-0.644165039062,-0.579467773438,-0.294860839844,-7242.0,4103.0,-1407.0,-9.0,-8.0,0.0,
1646996434492466688,0.402893066406,-0.643737792969,-0.580017089844,-0.294921875,-7237.0,4122.0,-1394.0,-10.0,-7.0,0.0,
1646996434496719360,0.402893066406,-0.643310546875,-0.580505371094,-0.294921875,-7230.0,4153.0,-1366.0,-10.0,-6.0,0.0,
1646996434499953508,0.402893066406,-0.642883300781,-0.580993652344,-0.294799804688,-7222.0,4176.0,-1361.0,-10.0,-5.0,0.0,
1646996434507565498,0.402954101562,-0.642456054688,-0.581481933594,-0.294677734375,-7219.0,4203.0,-1348.0,-11.0,-4.0,0.0,
1646996434512062549,0.403076171875,-0.642028808594,-0.581970214844,-0.294494628906,-7230.0,4237.0,-1345.0,-11.0,-3.0,0.0,
1646996434516315937,0.403259277344,-0.641662597656,-0.582397460938,-0.294250488281,-7246.0,4284.0,-1330.0,-11.0,-1.0,-1.0,
1646996434522817611,0.403503417969,-0.641296386719,-0.582763671875,-0.2939453125,-7242.0,4368.0,-1304.0,-11.0,1.0,-1.0,
1646996434527240753,0.403747558594,-0.640991210938,-0.583190917969,-0.29345703125,-7216.0,4451.0,-1263.0,-12.0,3.0,0.0,
1646996434531687498,0.403991699219,-0.640686035156,-0.583618164062,-0.292846679688,-7191.0,4526.0,-1204.0,-12.0,4.0,1.0,
1646996434535148859,0.404174804688,-0.640441894531,-0.584106445312,-0.292175292969,-7192.0,4573.0,-1152.0,-12.0,5.0,2.0,
1646996434544636487,0.404418945312,-0.640258789062,-0.584533691406,-0.291381835938,-7210.0,4604.0,-1110.0,-12.0,7.0,4.0,
1646996434547502756,0.404663085938,-0.640197753906,-0.584838867188,-0.290588378906,-7206.0,4624.0,-1056.0,-10.0,9.0,4.0,
1646996434553612470,0.404907226562,-0.640197753906,-0.585083007812,-0.289733886719,-7177.0,4640.0,-1012.0,-9.0,11.0,5.0,
1646996434559048891,0.405151367188,-0.640319824219,-0.585266113281,-0.288757324219,-7161.0,4631.0,-986.0,-8.0,13.0,6.0,
1646996434563583374,0.405517578125,-0.640441894531,-0.585327148438,-0.287780761719,-7192.0,4592.0,-977.0,-7.0,15.0,5.0,
1646996434567879676,0.406066894531,-0.640563964844,-0.585266113281,-0.286926269531,-7219.0,4537.0,-1008.0,-7.0,16.0,3.0,
1646996434572221279,0.406799316406,-0.640747070312,-0.585083007812,-0.285888671875,-7219.0,4485.0,-1044.0,-6.0,20.0,2.0,
1646996434576628446,0.407653808594,-0.641052246094,-0.584655761719,-0.284790039062,-7202.0,4464.0,-1081.0,-5.0,23.0,2.0,
1646996434580096244,0.408569335938,-0.641418457031,-0.584228515625,-0.283630371094,-7147.0,4464.0,-1112.0,-4.0,25.0,2.0,
1646996434587996959,0.409362792969,-0.641723632812,-0.583801269531,-0.282592773438,-7059.0,4455.0,-1159.0,-4.0,23.0,1.0,
1646996434592384576,0.410095214844,-0.642028808594,-0.583374023438,-0.281616210938,-6989.0,4419.0,-1218.0,-4.0,20.0,0.0,
1646996434596688747,0.410888671875,-0.642333984375,-0.5830078125,-0.280700683594,-6961.0,4364.0,-1298.0,-4.0,19.0,0.0,
1646996434602932929,0.41162109375,-0.642639160156,-0.58251953125,-0.279846191406,-6956.0,4316.0,-1355.0,-2.0,19.0,0.0,
1646996434607409238,0.412292480469,-0.64306640625,-0.58203125,-0.279052734375,-6953.0,4290.0,-1399.0,-1.0,19.0,1.0,
1646996434612169742,0.412963867188,-0.643493652344,-0.581481933594,-0.278198242188,-6923.0,4272.0,-1408.0,0.0,20.0,2.0,
1646996434615143060,0.41357421875,-0.643920898438,-0.580932617188,-0.277282714844,-6877.0,4245.0,-1423.0,1.0,21.0,2.0,
1646996434623009681,0.414306640625,-0.644409179688,-0.580322265625,-0.276428222656,-6845.0,4213.0,-1433.0,1.0,21.0,1.0,
1646996434626921892,0.415100097656,-0.644836425781,-0.579650878906,-0.275573730469,-6803.0,4197.0,-1459.0,1.0,22.0,0.0,
1646996434631448745,0.415893554688,-0.645324707031,-0.578979492188,-0.274719238281,-6741.0,4192.0,-1494.0,1.0,22.0,-1.0,
1646996434638023853,0.416625976562,-0.645751953125,-0.578247070312,-0.273986816406,-6673.0,4190.0,-1537.0,2.0,21.0,-2.0,
1646996434642495155,0.417419433594,-0.646179199219,-0.577575683594,-0.273376464844,-6627.0,4179.0,-1595.0,3.0,19.0,-4.0,
1646996434646775245,0.418151855469,-0.646545410156,-0.576843261719,-0.272888183594,-6623.0,4171.0,-1647.0,3.0,16.0,-5.0,
1646996434650283336,0.418823242188,-0.646850585938,-0.576110839844,-0.272644042969,-6646.0,4179.0,-1701.0,4.0,14.0,-7.0,
1646996434658006668,0.419555664062,-0.647155761719,-0.575317382812,-0.2724609375,-6679.0,4201.0,-1749.0,6.0,13.0,-8.0,
1646996434662452697,0.420227050781,-0.647521972656,-0.574462890625,-0.272338867188,-6693.0,4213.0,-1784.0,7.0,13.0,-8.0,
1646996434666808128,0.420837402344,-0.647888183594,-0.573669433594,-0.272277832031,-6700.0,4213.0,-1795.0,8.0,12.0,-8.0,
1646996434670185804,0.421447753906,-0.648193359375,-0.572937011719,-0.272216796875,-6698.0,4225.0,-1771.0,6.0,11.0,-8.0,
1646996434677829980,0.421997070312,-0.648315429688,-0.572326660156,-0.272155761719,-6703.0,4257.0,-1732.0,4.0,10.0,-8.0,
1646996434682283401,0.422546386719,-0.648498535156,-0.57177734375,-0.272094726562,-6717.0,4291.0,-1671.0,4.0,10.0,-8.0,
1646996434686720371,0.423034667969,-0.648681640625,-0.5712890625,-0.27197265625,-6726.0,4313.0,-1592.0,5.0,10.0,-7.0,
1646996434693038225,0.423461914062,-0.648864746094,-0.57080078125,-0.271850585938,-6716.0,4318.0,-1507.0,5.0,11.0,-6.0,
1646996434697651863,0.423889160156,-0.649047851562,-0.570373535156,-0.271667480469,-6691.0,4305.0,-1448.0,4.0,11.0,-5.0,
1646996434701981067,0.424255371094,-0.649291992188,-0.569946289062,-0.271484375,-6682.0,4289.0,-1437.0,4.0,10.0,-4.0,
1646996434706363439,0.424682617188,-0.649475097656,-0.569458007812,-0.271240234375,-6686.0,4278.0,-1430.0,4.0,11.0,-4.0,
1646996434713030815,0.425048828125,-0.649841308594,-0.568969726562,-0.270935058594,-6669.0,4286.0,-1430.0,5.0,12.0,-3.0,
1646996434717169761,0.425476074219,-0.650207519531,-0.568359375,-0.270568847656,-6630.0,4296.0,-1433.0,6.0,13.0,-2.0,
1646996434721608400,0.425720214844,-0.650695800781,-0.56787109375,-0.270141601562,-6605.0,4287.0,-1462.0,6.0,13.0,0.0,
1646996434724897384,0.425964355469,-0.651184082031,-0.567321777344,-0.269592285156,-6622.0,4244.0,-1489.0,6.0,13.0,2.0,
1646996434732483148,0.426147460938,-0.651733398438,-0.566833496094,-0.269104003906,-6659.0,4184.0,-1525.0,5.0,13.0,4.0,
1646996434737687826,0.426452636719,-0.652221679688,-0.566345214844,-0.2685546875,-6688.0,4133.0,-1561.0,4.0,13.0,4.0,
1646996434744036912,0.426696777344,-0.652648925781,-0.56591796875,-0.268005371094,-6703.0,4112.0,-1599.0,3.0,13.0,4.0,
1646996434747963428,0.426940917969,-0.653015136719,-0.565551757812,-0.267456054688,-6736.0,4128.0,-1644.0,1.0,12.0,3.0,
1646996434752173900,0.427185058594,-0.6533203125,-0.565246582031,-0.266906738281,-6777.0,4168.0,-1680.0,1.0,10.0,3.0,
1646996434758209705,0.427368164062,-0.653625488281,-0.565002441406,-0.266418457031,-6801.0,4206.0,-1710.0,1.0,10.0,3.0,
1646996434766160488,0.427612304688,-0.653930664062,-0.564697265625,-0.265869140625,-6806.0,4231.0,-1734.0,1.0,10.0,3.0,
1646996434769616603,0.427795410156,-0.654357910156,-0.564392089844,-0.265319824219,-6797.0,4246.0,-1745.0,2.0,11.0,3.0,
1646996434773921012,0.427978515625,-0.654724121094,-0.564025878906,-0.264709472656,-6782.0,4265.0,-1755.0,2.0,12.0,4.0,
1646996434778177738,0.428161621094,-0.655212402344,-0.563659667969,-0.264038085938,-6763.0,4291.0,-1787.0,2.0,12.0,4.0,
1646996434782677412,0.428344726562,-0.655639648438,-0.563354492188,-0.263366699219,-6757.0,4318.0,-1819.0,2.0,12.0,5.0,
1646996434787292003,0.428466796875,-0.656188964844,-0.56298828125,-0.2626953125,-6740.0,4347.0,-1835.0,3.0,13.0,6.0,
1646996434791276216,0.428527832031,-0.656799316406,-0.562561035156,-0.261901855469,-6706.0,4374.0,-1832.0,4.0,14.0,7.0,
1646996434799657583,0.428527832031,-0.657531738281,-0.562072753906,-0.260986328125,-6677.0,4390.0,-1827.0,6.0,15.0,9.0,
1646996434802585363,0.428466796875,-0.658386230469,-0.561584472656,-0.260131835938,-6655.0,4389.0,-1814.0,7.0,15.0,11.0,
1646996434806688785,0.428283691406,-0.659240722656,-0.561096191406,-0.25927734375,-6632.0,4376.0,-1819.0,8.0,15.0,12.0,
1646996434809998512,0.428039550781,-0.660095214844,-0.560607910156,-0.258422851562,-6595.0,4354.0,-1817.0,8.0,13.0,13.0,
1646996434817926168,0.427734375,-0.661010742188,-0.560180664062,-0.257629394531,-6559.0,4345.0,-1820.0,8.0,13.0,14.0,
1646996434821985006,0.427368164062,-0.661926269531,-0.559753417969,-0.256774902344,-6555.0,4337.0,-1821.0,9.0,12.0,15.0,
1646996434826419353,0.426879882812,-0.662902832031,-0.559326171875,-0.255981445312,-6559.0,4327.0,-1844.0,10.0,11.0,16.0,
1646996434832968235,0.426391601562,-0.663940429688,-0.558898925781,-0.255187988281,-6565.0,4318.0,-1846.0,10.0,11.0,18.0,
1646996434838453531,0.42578125,-0.6650390625,-0.558410644531,-0.254272460938,-6568.0,4312.0,-1831.0,12.0,12.0,20.0,
1646996434850941181,0.425109863281,-0.666320800781,-0.557861328125,-0.253234863281,-6546.0,4302.0,-1790.0,13.0,15.0,23.0,
1646996434851687908,0.42431640625,-0.667724609375,-0.557312011719,-0.252014160156,-6511.0,4280.0,-1753.0,13.0,17.0,26.0,
1646996434863773345,0.423583984375,-0.669189453125,-0.556823730469,-0.250610351562,-6500.0,4235.0,-1708.0,13.0,19.0,28.0,
1646996434871173381,0.422912597656,-0.670532226562,-0.556335449219,-0.249206542969,-6483.0,4186.0,-1689.0,11.0,19.0,28.0,
1646996434878803014,0.420532226562,-0.675109863281,-0.55517578125,-0.243347167969,-6311.0,4206.0,-1719.0,2.0,13.0,25.0,
1646996434883478164,0.419677734375,-0.675903320312,-0.555358886719,-0.242248535156,-6305.0,4292.0,-1720.0,1.0,7.0,24.0,
1646996434887385845,0.418701171875,-0.676574707031,-0.5556640625,-0.241271972656,-6371.0,4386.0,-1715.0,1.0,3.0,24.0,
1646996434891828775,0.417663574219,-0.67724609375,-0.555969238281,-0.240539550781,-6474.0,4460.0,-1738.0,2.0,0.0,23.0,
1646996434895122528,0.416687011719,-0.677856445312,-0.556213378906,-0.239929199219,-6570.0,4517.0,-1780.0,3.0,0.0,21.0,
1646996434902966976,0.415771484375,-0.678527832031,-0.556274414062,-0.239440917969,-6651.0,4571.0,-1839.0,5.0,0.0,19.0,
1646996434908263921,0.4150390625,-0.67919921875,-0.556213378906,-0.239013671875,-6720.0,4628.0,-1921.0,7.0,1.0,16.0,
1646996434911733150,0.414367675781,-0.679870605469,-0.556030273438,-0.23876953125,-6765.0,4677.0,-2019.0,9.0,1.0,14.0,
1646996434916281700,0.413757324219,-0.680603027344,-0.555603027344,-0.238586425781,-6776.0,4712.0,-2126.0,11.0,1.0,11.0,
1646996434922720670,0.413208007812,-0.681335449219,-0.555114746094,-0.238586425781,-6767.0,4715.0,-2228.0,13.0,0.0,9.0,
1646996434930696725,0.412719726562,-0.682067871094,-0.554565429688,-0.238647460938,-6725.0,4686.0,-2345.0,14.0,-1.0,7.0,
1646996434931230545,0.412292480469,-0.682800292969,-0.553894042969,-0.238891601562,-6677.0,4652.0,-2445.0,15.0,-2.0,5.0,
1646996434937776565,0.411865234375,-0.683471679688,-0.553283691406,-0.239196777344,-6650.0,4618.0,-2512.0,14.0,-3.0,4.0,
1646996434942102193,0.411499023438,-0.684020996094,-0.552734375,-0.239501953125,-6691.0,4598.0,-2597.0,13.0,-3.0,3.0,
1646996434947052717,0.411315917969,-0.684509277344,-0.552124023438,-0.239807128906,-6787.0,4575.0,-2693.0,11.0,-2.0,1.0,
1646996434953001022,0.411315917969,-0.684997558594,-0.551452636719,-0.239929199219,-6904.0,4539.0,-2792.0,10.0,3.0,0.0,
1646996434957173585,0.411682128906,-0.685485839844,-0.550598144531,-0.239929199219,-6991.0,4483.0,-2836.0,10.0,9.0,-1.0,
1646996434962889194,0.412170410156,-0.68603515625,-0.549621582031,-0.239685058594,-6963.0,4406.0,-2856.0,9.0,14.0,-1.0,
1646996434969074964,0.412658691406,-0.686462402344,-0.548828125,-0.239379882812,-6868.0,4369.0,-2879.0,6.0,13.0,-1.0,
1646996434976825952,0.413208007812,-0.686828613281,-0.548156738281,-0.239013671875,-6771.0,4372.0,-2914.0,3.0,12.0,-3.0,
1646996434978024721,0.413757324219,-0.687072753906,-0.547546386719,-0.238647460938,-6695.0,4375.0,-2956.0,3.0,11.0,-3.0,
1646996434982858657,0.414184570312,-0.687438964844,-0.546936035156,-0.238342285156,-6639.0,4364.0,-3001.0,3.0,10.0,-3.0,
1646996434986689090,0.41455078125,-0.687805175781,-0.546325683594,-0.237976074219,-6563.0,4333.0,-3029.0,4.0,10.0,-1.0,
1646996434993082523,0.414916992188,-0.688171386719,-0.545776367188,-0.237609863281,-6496.0,4318.0,-3049.0,3.0,9.0,0.0,
1646996434997608184,0.415222167969,-0.6884765625,-0.545288085938,-0.2373046875,-6445.0,4304.0,-3054.0,2.0,8.0,0.0,
1646996435001679897,0.41552734375,-0.688781738281,-0.544860839844,-0.236999511719,-6389.0,4307.0,-3051.0,2.0,8.0,-1.0,
1646996435007472276,0.415832519531,-0.689025878906,-0.54443359375,-0.236694335938,-6329.0,4327.0,-3040.0,2.0,7.0,-1.0,
1646996435012808799,0.416137695312,-0.689208984375,-0.544067382812,-0.236511230469,-6284.0,4354.0,-3035.0,2.0,6.0,-3.0,
1646996435017233371,0.416442871094,-0.689331054688,-0.543701171875,-0.236389160156,-6267.0,4396.0,-3036.0,2.0,4.0,-4.0,
1646996435021890640,0.416687011719,-0.689453125,-0.543273925781,-0.236450195312,-6282.0,4489.0,-3027.0,3.0,3.0,-5.0,
1646996435028320074,0.416931152344,-0.689575195312,-0.542907714844,-0.236511230469,-6344.0,4599.0,-3000.0,4.0,2.0,-6.0,
1646996435032597541,0.417053222656,-0.689758300781,-0.54248046875,-0.236633300781,-6427.0,4682.0,-2975.0,6.0,2.0,-5.0,
1646996435036988496,0.417358398438,-0.690063476562,-0.541870117188,-0.236755371094,-6512.0,4731.0,-2936.0,9.0,6.0,-6.0,
1646996435042536735,0.417785644531,-0.690490722656,-0.541015625,-0.23681640625,-6573.0,4755.0,-2888.0,11.0,10.0,-7.0,
1646996435048502206,0.41845703125,-0.690979003906,-0.539855957031,-0.236755371094,-6570.0,4768.0,-2881.0,14.0,16.0,-8.0,
1646996435052228450,0.419311523438,-0.691650390625,-0.538452148438,-0.236450195312,-6504.0,4773.0,-2874.0,16.0,22.0,-9.0,
1646996435057043552,0.420349121094,-0.692443847656,-0.536804199219,-0.236022949219,-6406.0,4790.0,-2843.0,18.0,27.0,-11.0,
1646996435065036535,0.421447753906,-0.693298339844,-0.535034179688,-0.235534667969,-6323.0,4808.0,-2804.0,19.0,30.0,-12.0,
1646996435070969820,0.422607421875,-0.694213867188,-0.533264160156,-0.234985351562,-6272.0,4784.0,-2774.0,20.0,31.0,-12.0,
1646996435074406385,0.423828125,-0.695007324219,-0.531433105469,-0.234436035156,-6245.0,4730.0,-2739.0,19.0,31.0,-12.0,
1646996435078852415,0.425048828125,-0.69580078125,-0.529724121094,-0.233947753906,-6257.0,4692.0,-2697.0,18.0,31.0,-12.0,
1646996435083096265,0.426330566406,-0.696533203125,-0.527893066406,-0.2333984375,-6275.0,4653.0,-2676.0,19.0,32.0,-12.0,
1646996435087509393,0.427551269531,-0.697326660156,-0.526062011719,-0.232849121094,-6288.0,4641.0,-2675.0,19.0,34.0,-12.0,
1646996435091655969,0.428833007812,-0.6982421875,-0.524108886719,-0.232238769531,-6320.0,4660.0,-2662.0,21.0,35.0,-11.0,
1646996435100846767,0.430114746094,-0.699157714844,-0.522094726562,-0.231689453125,-6363.0,4689.0,-2656.0,22.0,35.0,-12.0,
1646996435102788448,0.431396484375,-0.700073242188,-0.519958496094,-0.231140136719,-6405.0,4665.0,-2644.0,25.0,37.0,-14.0,
1646996435106932163,0.432922363281,-0.701110839844,-0.517578125,-0.230590820312,-6431.0,4597.0,-2637.0,27.0,40.0,-15.0,
1646996435111402273,0.434631347656,-0.702209472656,-0.514953613281,-0.230041503906,-6419.0,4535.0,-2618.0,29.0,45.0,-17.0,
1646996435120975017,0.436462402344,-0.703308105469,-0.51220703125,-0.229309082031,-6371.0,4499.0,-2580.0,30.0,48.0,-17.0,
1646996435122222185,0.438232421875,-0.704467773438,-0.509460449219,-0.228454589844,-6318.0,4479.0,-2542.0,30.0,50.0,-17.0,
1646996435126478195,0.440002441406,-0.705688476562,-0.506713867188,-0.227478027344,-6280.0,4436.0,-2515.0,29.0,51.0,-15.0,
1646996435133162975,0.441711425781,-0.706848144531,-0.504028320312,-0.226501464844,-6242.0,4379.0,-2515.0,28.0,51.0,-14.0,
1646996435137606143,0.443359375,-0.7080078125,-0.501342773438,-0.225463867188,-6212.0,4320.0,-2519.0,27.0,50.0,-13.0,
1646996435141899347,0.445007324219,-0.709167480469,-0.498779296875,-0.224365234375,-6196.0,4265.0,-2523.0,27.0,50.0,-12.0,
1646996435145337104,0.446594238281,-0.710327148438,-0.496154785156,-0.223266601562,-6174.0,4215.0,-2542.0,26.0,51.0,-11.0,
1646996435152974605,0.448120117188,-0.711486816406,-0.493591308594,-0.222106933594,-6139.0,4142.0,-2586.0,26.0,50.0,-10.0,
1646996435157557249,0.449645996094,-0.712646484375,-0.491027832031,-0.221069335938,-6096.0,4069.0,-2636.0,26.0,48.0,-10.0,
1646996435161912918,0.451110839844,-0.713684082031,-0.488525390625,-0.22021484375,-6063.0,3990.0,-2724.0,26.0,45.0,-11.0,
1646996435167407035,0.45263671875,-0.714782714844,-0.485961914062,-0.219421386719,-6027.0,3894.0,-2815.0,27.0,44.0,-12.0,
1646996435176900148,0.454162597656,-0.7158203125,-0.483215332031,-0.21875,-5982.0,3780.0,-2890.0,28.0,44.0,-14.0,
1646996435184024333,0.455810546875,-0.716796875,-0.480529785156,-0.218078613281,-5955.0,3683.0,-2954.0,27.0,43.0,-15.0,
1646996435190609693,0.457458496094,-0.717712402344,-0.477844238281,-0.217407226562,-5921.0,3623.0,-3026.0,26.0,44.0,-16.0,
1646996435215516567,0.459167480469,-0.718627929688,-0.475219726562,-0.216735839844,-5903.0,3592.0,-3077.0,26.0,44.0,-16.0,
1646996435216834306,0.460754394531,-0.719482421875,-0.472717285156,-0.216064453125,-5923.0,3590.0,-3111.0,25.0,42.0,-16.0,
1646996435218595743,0.462280273438,-0.720275878906,-0.470275878906,-0.21533203125,-5962.0,3594.0,-3127.0,23.0,42.0,-15.0,
1646996435221576213,0.463806152344,-0.720947265625,-0.468078613281,-0.214538574219,-5987.0,3612.0,-3159.0,20.0,42.0,-14.0,
1646996435227610588,0.46533203125,-0.721618652344,-0.465942382812,-0.213562011719,-6010.0,3655.0,-3179.0,18.0,42.0,-13.0,
1646996435229588985,0.466857910156,-0.722290039062,-0.463989257812,-0.212524414062,-6066.0,3718.0,-3205.0,16.0,43.0,-12.0,
1646996435232192039,0.468322753906,-0.722900390625,-0.462036132812,-0.211303710938,-6110.0,3782.0,-3252.0,14.0,44.0,-12.0,
1646996435233814477,0.469909667969,-0.723510742188,-0.460144042969,-0.210021972656,-6130.0,3833.0,-3307.0,13.0,46.0,-11.0,
1646996435235097408,0.471435546875,-0.724060058594,-0.458251953125,-0.208618164062,-6191.0,3865.0,-3379.0,12.0,45.0,-11.0,
1646996435237487077,0.472839355469,-0.724670410156,-0.456420898438,-0.207397460938,-6174.0,3868.0,-3484.0,11.0,43.0,-10.0,
1646996435238946676,0.474304199219,-0.725219726562,-0.45458984375,-0.2060546875,-6230.0,3937.0,-3576.0,11.0,42.0,-9.0,
1646996435244656324,0.475891113281,-0.725708007812,-0.452758789062,-0.204895019531,-6317.0,3932.0,-3655.0,12.0,42.0,-14.0,
1646996435249603509,0.477722167969,-0.72607421875,-0.450622558594,-0.203796386719,-6380.0,3921.0,-3715.0,13.0,46.0,-17.0,
1646996435253393411,0.479858398438,-0.726440429688,-0.448425292969,-0.202575683594,-6392.0,3954.0,-3817.0,13.0,50.0,-20.0,
1646996435257783412,0.482238769531,-0.726623535156,-0.446044921875,-0.201416015625,-6377.0,3974.0,-3930.0,13.0,51.0,-27.0,
1646996435264018774,0.484924316406,-0.726806640625,-0.443359375,-0.2001953125,-6240.0,3962.0,-4045.0,15.0,55.0,-31.0,
1646996435272297143,0.487731933594,-0.726989746094,-0.440490722656,-0.199035644531,-6228.0,3949.0,-4166.0,16.0,56.0,-35.0,
1646996435275450468,0.490661621094,-0.72705078125,-0.437622070312,-0.198059082031,-6155.0,3883.0,-4276.0,16.0,55.0,-38.0,
1646996435282062768,0.493591308594,-0.72705078125,-0.434753417969,-0.197082519531,-6108.0,3833.0,-4377.0,16.0,54.0,-38.0,
1646996435285201549,0.496398925781,-0.726928710938,-0.43212890625,-0.1962890625,-6055.0,3796.0,-4495.0,13.0,48.0,-37.0,
1646996435288774967,0.498962402344,-0.726684570312,-0.429870605469,-0.195556640625,-5952.0,3756.0,-4602.0,10.0,43.0,-36.0,
1646996435293450593,0.501342773438,-0.726379394531,-0.427856445312,-0.194946289062,-5880.0,3695.0,-4712.0,7.0,37.0,-34.0,
1646996435297502279,0.503601074219,-0.726013183594,-0.426086425781,-0.1943359375,-5781.0,3612.0,-4785.0,5.0,33.0,-32.0,
1646996435303685426,0.505676269531,-0.7255859375,-0.424621582031,-0.19384765625,-5729.0,3541.0,-4901.0,1.0,27.0,-31.0,
1646996435308643579,0.507690429688,-0.724975585938,-0.423400878906,-0.193542480469,-5729.0,3510.0,-5034.0,-1.0,22.0,-31.0,
1646996435314832687,0.509582519531,-0.724304199219,-0.42236328125,-0.193298339844,-5704.0,3521.0,-5140.0,-3.0,19.0,-30.0,
1646996435319395303,0.511352539062,-0.723754882812,-0.42138671875,-0.19287109375,-5759.0,3550.0,-5225.0,-3.0,19.0,-27.0,
1646996435322907686,0.513000488281,-0.723205566406,-0.420532226562,-0.192443847656,-5794.0,3569.0,-5307.0,-3.0,19.0,-25.0,
1646996435328511953,0.514526367188,-0.722839355469,-0.419555664062,-0.19189453125,-5804.0,3590.0,-5358.0,-3.0,21.0,-22.0,
1646996435334159612,0.515930175781,-0.722534179688,-0.418640136719,-0.191223144531,-5844.0,3615.0,-5387.0,-2.0,21.0,-19.0,
1646996435338374137,0.517272949219,-0.722290039062,-0.417785644531,-0.190490722656,-5887.0,3624.0,-5385.0,-2.0,22.0,-17.0,
1646996435342522382,0.5185546875,-0.722045898438,-0.416931152344,-0.189697265625,-5930.0,3624.0,-5364.0,-3.0,23.0,-15.0,
1646996435349425315,0.519836425781,-0.721801757812,-0.416137695312,-0.188842773438,-5939.0,3614.0,-5337.0,-4.0,24.0,-15.0,
1646996435353251695,0.521179199219,-0.721557617188,-0.415344238281,-0.187927246094,-5929.0,3600.0,-5310.0,-5.0,25.0,-15.0,
1646996435358279705,0.522521972656,-0.721252441406,-0.41455078125,-0.186950683594,-5919.0,3580.0,-5289.0,-6.0,25.0,-15.0,
1646996435365680932,0.523864746094,-0.720947265625,-0.413818359375,-0.185974121094,-5858.0,3545.0,-5260.0,-6.0,24.0,-15.0,
1646996435369109392,0.525146484375,-0.720642089844,-0.413146972656,-0.18505859375,-5796.0,3511.0,-5235.0,-7.0,22.0,-15.0,
1646996435378691673,0.5263671875,-0.720275878906,-0.41259765625,-0.184204101562,-5734.0,3483.0,-5222.0,-8.0,20.0,-15.0,
1646996435380429506,0.527587890625,-0.719848632812,-0.412109375,-0.183471679688,-5673.0,3453.0,-5201.0,-9.0,18.0,-15.0,
1646996435383444070,0.528747558594,-0.719360351562,-0.411804199219,-0.182861328125,-5605.0,3406.0,-5191.0,-9.0,14.0,-16.0,
1646996435387560367,0.529968261719,-0.718688964844,-0.411560058594,-0.182373046875,-5552.0,3333.0,-5159.0,-11.0,11.0,-18.0,
1646996435391861200,0.531188964844,-0.717834472656,-0.411682128906,-0.18212890625,-5537.0,3261.0,-5134.0,-14.0,6.0,-20.0,
1646996435398976087,0.532470703125,-0.716674804688,-0.412048339844,-0.182067871094,-5570.0,3212.0,-5123.0,-18.0,1.0,-23.0,
1646996435403960943,0.53369140625,-0.715270996094,-0.412780761719,-0.18212890625,-5666.0,3211.0,-5154.0,-22.0,-4.0,-25.0,
1646996435410163640,0.534973144531,-0.713806152344,-0.413635253906,-0.18212890625,-5823.0,3293.0,-5180.0,-25.0,-4.0,-25.0,
1646996435413519144,0.536193847656,-0.712463378906,-0.41455078125,-0.181823730469,-5931.0,3408.0,-5202.0,-26.0,0.0,-22.0,
1646996435417538166,0.537414550781,-0.711303710938,-0.415283203125,-0.181213378906,-5977.0,3501.0,-5216.0,-25.0,6.0,-19.0,
1646996435422631025,0.538513183594,-0.710388183594,-0.415771484375,-0.180297851562,-5957.0,3550.0,-5223.0,-23.0,10.0,-16.0,
1646996435428729295,0.539611816406,-0.709594726562,-0.416076660156,-0.179382324219,-5909.0,3593.0,-5211.0,-21.0,12.0,-14.0,
1646996435432933807,0.540649414062,-0.708923339844,-0.416320800781,-0.178405761719,-5844.0,3616.0,-5197.0,-19.0,13.0,-13.0,
1646996435439836740,0.541625976562,-0.708374023438,-0.416442871094,-0.177429199219,-5770.0,3613.0,-5192.0,-16.0,13.0,-12.0,
1646996435441728591,0.542663574219,-0.707885742188,-0.416381835938,-0.176574707031,-5729.0,3590.0,-5183.0,-14.0,14.0,-13.0,
1646996435448732376,0.543701171875,-0.707336425781,-0.416137695312,-0.175842285156,-5720.0,3559.0,-5166.0,-11.0,15.0,-14.0,
1646996435453337669,0.544860839844,-0.706787109375,-0.415771484375,-0.175170898438,-5716.0,3511.0,-5153.0,-9.0,16.0,-16.0,
1646996435458145618,0.546142578125,-0.706237792969,-0.415283203125,-0.174682617188,-5714.0,3475.0,-5135.0,-8.0,16.0,-18.0,
1646996435462777137,0.547546386719,-0.70556640625,-0.414794921875,-0.174194335938,-5700.0,3430.0,-5127.0,-7.0,16.0,-21.0,
1646996435467060565,0.548950195312,-0.704833984375,-0.414306640625,-0.173889160156,-5655.0,3359.0,-5111.0,-7.0,14.0,-22.0,
1646996435472624778,0.550354003906,-0.704040527344,-0.413879394531,-0.173645019531,-5607.0,3269.0,-5088.0,-8.0,12.0,-24.0,
1646996435482106924,0.551879882812,-0.703002929688,-0.413635253906,-0.173645019531,-5556.0,3169.0,-5077.0,-10.0,8.0,-27.0,
1646996435488018512,0.553405761719,-0.701843261719,-0.41357421875,-0.173767089844,-5514.0,3073.0,-5094.0,-12.0,4.0,-29.0,
1646996435505547046,0.556579589844,-0.698913574219,-0.413940429688,-0.174438476562,-5507.0,2943.0,-5155.0,-17.0,-3.0,-33.0,
1646996435518624782,0.558166503906,-0.697265625,-0.414367675781,-0.1748046875,-5558.0,2930.0,-5204.0,-19.0,-5.0,-34.0,
1646996435519287109,0.559753417969,-0.695617675781,-0.414855957031,-0.175109863281,-5610.0,2964.0,-5231.0,-20.0,-4.0,-34.0,
1646996435520902156,0.561340332031,-0.694091796875,-0.415344238281,-0.17529296875,-5668.0,3044.0,-5246.0,-20.0,-2.0,-32.0,
1646996435522200345,0.562683105469,-0.692749023438,-0.415771484375,-0.175109863281,-5700.0,3142.0,-5265.0,-20.0,1.0,-27.0,
1646996435524003744,0.563903808594,-0.691589355469,-0.416198730469,-0.174743652344,-5749.0,3235.0,-5264.0,-19.0,4.0,-22.0,
1646996435525823831,0.564880371094,-0.690734863281,-0.41650390625,-0.174194335938,-5799.0,3279.0,-5273.0,-17.0,7.0,-17.0,
1646996435530623435,0.565734863281,-0.690185546875,-0.416564941406,-0.173522949219,-5789.0,3275.0,-5255.0,-14.0,9.0,-12.0,
1646996435539578437,0.566467285156,-0.689819335938,-0.41650390625,-0.1728515625,-5766.0,3253.0,-5194.0,-11.0,11.0,-8.0,
1646996435541203737,0.567077636719,-0.689514160156,-0.416381835938,-0.172180175781,-5758.0,3211.0,-5139.0,-9.0,12.0,-6.0,
1646996435547201633,0.567687988281,-0.689331054688,-0.416198730469,-0.171447753906,-5767.0,3158.0,-5066.0,-9.0,12.0,-5.0,
1646996435550744056,0.568298339844,-0.689086914062,-0.416015625,-0.170715332031,-5759.0,3106.0,-4997.0,-9.0,14.0,-4.0,
1646996435553309917,0.568969726562,-0.688842773438,-0.415832519531,-0.169921875,-5730.0,3066.0,-4945.0,-9.0,14.0,-5.0,
1646996435558020114,0.569641113281,-0.688598632812,-0.415710449219,-0.169128417969,-5694.0,3065.0,-4883.0,-11.0,14.0,-5.0,
1646996435565005302,0.5703125,-0.688171386719,-0.415710449219,-0.168334960938,-5674.0,3061.0,-4815.0,-12.0,12.0,-7.0,
1646996435572573184,0.570983886719,-0.687744140625,-0.415832519531,-0.167724609375,-5670.0,3041.0,-4771.0,-13.0,10.0,-8.0,
1646996435573801994,0.571716308594,-0.687194824219,-0.416015625,-0.167175292969,-5691.0,3027.0,-4742.0,-13.0,8.0,-9.0,
1646996435583772182,0.572448730469,-0.6865234375,-0.416259765625,-0.166687011719,-5693.0,3024.0,-4703.0,-14.0,7.0,-11.0,
1646996435587177038,0.5732421875,-0.685791015625,-0.41650390625,-0.166259765625,-5684.0,3013.0,-4665.0,-15.0,6.0,-13.0,
1646996435593680381,0.574157714844,-0.684936523438,-0.416870117188,-0.165832519531,-5687.0,2985.0,-4648.0,-16.0,5.0,-14.0,
1646996435596641302,0.575073242188,-0.683959960938,-0.417236328125,-0.16552734375,-5676.0,2947.0,-4638.0,-17.0,4.0,-16.0,
1646996435599807024,0.576110839844,-0.682922363281,-0.417663574219,-0.165161132812,-5663.0,2922.0,-4653.0,-19.0,4.0,-18.0,
1646996435604000091,0.577270507812,-0.681701660156,-0.418212890625,-0.164916992188,-5682.0,2914.0,-4701.0,-21.0,2.0,-20.0,
1646996435608497381,0.578369140625,-0.680358886719,-0.4189453125,-0.164672851562,-5755.0,2929.0,-4773.0,-24.0,-1.0,-22.0,
1646996435612946033,0.579528808594,-0.678955078125,-0.419738769531,-0.164428710938,-5833.0,2993.0,-4839.0,-25.0,-1.0,-22.0,
1646996435617510557,0.580627441406,-0.677673339844,-0.420471191406,-0.164001464844,-5874.0,3082.0,-4897.0,-24.0,1.0,-20.0,
1646996435622176170,0.581665039062,-0.676574707031,-0.421020507812,-0.163391113281,-5903.0,3153.0,-4957.0,-22.0,5.0,-17.0,
1646996435628992080,0.582580566406,-0.67578125,-0.421325683594,-0.162658691406,-5939.0,3199.0,-5004.0,-19.0,8.0,-14.0,
1646996435633484840,0.583374023438,-0.675170898438,-0.421447753906,-0.161926269531,-5957.0,3228.0,-5047.0,-15.0,10.0,-10.0,
1646996435638025999,0.584167480469,-0.674743652344,-0.42138671875,-0.1611328125,-5959.0,3254.0,-5065.0,-12.0,13.0,-8.0,
1646996435642570018,0.584838867188,-0.674499511719,-0.421142578125,-0.160278320312,-5950.0,3264.0,-5078.0,-9.0,14.0,-6.0,
1646996435646893024,0.58544921875,-0.674377441406,-0.420837402344,-0.159484863281,-5926.0,3254.0,-5085.0,-7.0,15.0,-5.0,
1646996435654301643,0.586059570312,-0.674255371094,-0.42041015625,-0.158752441406,-5888.0,3226.0,-5088.0,-5.0,15.0,-4.0,
1646996435658372640,0.586608886719,-0.674255371094,-0.419921875,-0.158081054688,-5831.0,3192.0,-5084.0,-4.0,15.0,-4.0,
1646996435662930965,0.587158203125,-0.674194335938,-0.41943359375,-0.157409667969,-5779.0,3157.0,-5067.0,-3.0,14.0,-4.0,
1646996435667643308,0.587646484375,-0.674194335938,-0.419006347656,-0.156921386719,-5730.0,3124.0,-5077.0,-3.0,12.0,-4.0,
1646996435672072649,0.588134765625,-0.674133300781,-0.418579101562,-0.156372070312,-5696.0,3118.0,-5069.0,-3.0,11.0,-3.0,
1646996435679459571,0.588562011719,-0.674011230469,-0.418334960938,-0.155944824219,-5692.0,3091.0,-5090.0,-4.0,9.0,-4.0,
1646996435685578584,0.588928222656,-0.673828125,-0.418212890625,-0.155578613281,-5731.0,3041.0,-5086.0,-5.0,6.0,-4.0,
1646996435690263986,0.589294433594,-0.673583984375,-0.418151855469,-0.155334472656,-5763.0,3002.0,-5070.0,-6.0,5.0,-4.0,
1646996435695017814,0.589721679688,-0.67333984375,-0.418212890625,-0.155029296875,-5785.0,2984.0,-5049.0,-7.0,4.0,-5.0,
1646996435699551820,0.590087890625,-0.672912597656,-0.418395996094,-0.154724121094,-5820.0,2987.0,-5052.0,-10.0,3.0,-5.0,
1646996435704037427,0.590454101562,-0.672485351562,-0.418701171875,-0.154418945312,-5857.0,2998.0,-4999.0,-11.0,2.0,-5.0,
1646996435708523035,0.5908203125,-0.671936035156,-0.419189453125,-0.154052734375,-5887.0,2984.0,-4997.0,-13.0,1.0,-6.0,
1646996435713007926,0.59130859375,-0.671325683594,-0.419616699219,-0.153686523438,-5904.0,3014.0,-4996.0,-16.0,1.0,-7.0,
1646996435717605352,0.591918945312,-0.670532226562,-0.420166015625,-0.1533203125,-5923.0,3058.0,-5003.0,-17.0,1.0,-10.0,
1646996435722022294,0.592468261719,-0.669738769531,-0.420776367188,-0.153015136719,-5945.0,3101.0,-5042.0,-17.0,0.0,-11.0,
1646996435729150295,0.593078613281,-0.668884277344,-0.42138671875,-0.152709960938,-5988.0,3171.0,-5078.0,-17.0,-1.0,-12.0,
1646996435733660459,0.593688964844,-0.668090820312,-0.421875,-0.152465820312,-6037.0,3265.0,-5089.0,-15.0,0.0,-12.0,
1646996435738126039,0.594299316406,-0.667419433594,-0.422302246094,-0.152160644531,-6099.0,3343.0,-5100.0,-13.0,2.0,-11.0,
1646996435742676973,0.594787597656,-0.666870117188,-0.422485351562,-0.151794433594,-6121.0,3391.0,-5098.0,-10.0,4.0,-9.0,
1646996435748145341,0.59521484375,-0.666564941406,-0.422546386719,-0.1513671875,-6078.0,3416.0,-5092.0,-8.0,7.0,-6.0,
1646996435754081010,0.595642089844,-0.666381835938,-0.422424316406,-0.15087890625,-6005.0,3443.0,-5087.0,-5.0,8.0,-5.0,
1646996435758748531,0.595947265625,-0.666320800781,-0.422180175781,-0.150329589844,-5933.0,3439.0,-5075.0,-4.0,9.0,-3.0,
1646996435763188838,0.596252441406,-0.666320800781,-0.421936035156,-0.14990234375,-5884.0,3389.0,-5059.0,-2.0,8.0,-2.0,
1646996435767766952,0.596557617188,-0.666320800781,-0.421691894531,-0.149536132812,-5835.0,3329.0,-5050.0,-2.0,7.0,-2.0,
1646996435773153781,0.596862792969,-0.666198730469,-0.421508789062,-0.149291992188,-5806.0,3283.0,-5036.0,-3.0,6.0,-3.0,
1646996435779342889,0.597106933594,-0.666076660156,-0.421447753906,-0.149047851562,-5792.0,3257.0,-5030.0,-5.0,4.0,-4.0,
1646996435786000967,0.597412109375,-0.665832519531,-0.421508789062,-0.148803710938,-5791.0,3241.0,-5021.0,-6.0,3.0,-4.0,
1646996435790312290,0.597778320312,-0.66552734375,-0.421569824219,-0.148559570312,-5801.0,3229.0,-5000.0,-7.0,3.0,-5.0,
1646996435795552492,0.59814453125,-0.665100097656,-0.421752929688,-0.148315429688,-5814.0,3220.0,-4974.0,-8.0,2.0,-6.0,
1646996435799523353,0.598571777344,-0.664672851562,-0.421875,-0.148071289062,-5814.0,3211.0,-4949.0,-9.0,3.0,-8.0,
1646996435804227590,0.59912109375,-0.664184570312,-0.422058105469,-0.147827148438,-5812.0,3212.0,-4903.0,-9.0,3.0,-9.0,
1646996435808652877,0.599670410156,-0.66357421875,-0.422302246094,-0.147583007812,-5751.0,3241.0,-4976.0,-10.0,3.0,-10.0,
1646996435814348459,0.600219726562,-0.662902832031,-0.422546386719,-0.147521972656,-5684.0,3417.0,-5131.0,-10.0,-2.0,-12.0,
1646996435819309711,0.6005859375,-0.662353515625,-0.4228515625,-0.147705078125,-5669.0,3488.0,-5214.0,-6.0,-8.0,-15.0,
1646996435822363376,0.600952148438,-0.661865234375,-0.422973632812,-0.148193359375,-5848.0,3314.0,-5177.0,0.0,-8.0,-15.0,
1646996435827145814,0.6015625,-0.6611328125,-0.422912597656,-0.148986816406,-6008.0,3170.0,-5134.0,0.0,-4.0,-16.0,
1646996435833840847,0.602355957031,-0.660400390625,-0.422729492188,-0.149536132812,-5965.0,3186.0,-5157.0,-2.0,2.0,-17.0,
1646996435838566541,0.603149414062,-0.659729003906,-0.422546386719,-0.149719238281,-5862.0,3256.0,-5168.0,-3.0,2.0,-18.0,
1646996435843152999,0.603820800781,-0.6591796875,-0.422485351562,-0.149841308594,-5797.0,3234.0,-5162.0,-3.0,0.0,-16.0,
1646996435847409725,0.604370117188,-0.658569335938,-0.422485351562,-0.150085449219,-5789.0,3172.0,-5166.0,-4.0,-3.0,-15.0,
1646996435856319665,0.604858398438,-0.658020019531,-0.422546386719,-0.150329589844,-5819.0,3148.0,-5164.0,-4.0,-2.0,-13.0,
1646996435858985900,0.605346679688,-0.657531738281,-0.422607421875,-0.150451660156,-5848.0,3161.0,-5171.0,-5.0,-1.0,-11.0,
1646996435862477064,0.605712890625,-0.657104492188,-0.422790527344,-0.150512695312,-5879.0,3174.0,-5193.0,-6.0,-2.0,-9.0,
1646996435869370460,0.606018066406,-0.65673828125,-0.4228515625,-0.150573730469,-5922.0,3185.0,-5220.0,-5.0,-1.0,-7.0,
1646996435874149560,0.606262207031,-0.656494140625,-0.4228515625,-0.150512695312,-5983.0,3192.0,-5268.0,-3.0,1.0,-6.0,
1646996435879241466,0.606628417969,-0.656433105469,-0.422546386719,-0.150390625,-6020.0,3182.0,-5311.0,-1.0,5.0,-5.0,
1646996435884690523,0.606994628906,-0.656372070312,-0.422119140625,-0.150268554688,-6018.0,3159.0,-5343.0,1.0,7.0,-4.0,
1646996435890601634,0.607360839844,-0.656433105469,-0.421630859375,-0.150085449219,-6025.0,3113.0,-5363.0,2.0,8.0,-4.0,
1646996435894993305,0.607727050781,-0.656433105469,-0.421081542969,-0.150024414062,-6052.0,3064.0,-5366.0,2.0,7.0,-5.0,
1646996435899305105,0.608154296875,-0.656311035156,-0.420654296875,-0.14990234375,-6070.0,3037.0,-5350.0,1.0,7.0,-5.0,
1646996435904629468,0.608581542969,-0.656188964844,-0.420288085938,-0.149780273438,-6072.0,3022.0,-5301.0,-1.0,7.0,-6.0,
1646996435908232927,0.609008789062,-0.655944824219,-0.420104980469,-0.149597167969,-6073.0,2997.0,-5227.0,-3.0,7.0,-6.0,
1646996435912294864,0.609497070312,-0.655639648438,-0.419982910156,-0.149353027344,-6085.0,2967.0,-5137.0,-5.0,6.0,-6.0,
1646996435919198989,0.609985351562,-0.655212402344,-0.420043945312,-0.149047851562,-6088.0,2977.0,-5050.0,-8.0,6.0,-7.0,
1646996435922774076,0.610534667969,-0.654663085938,-0.420227050781,-0.148681640625,-6081.0,3014.0,-4959.0,-11.0,6.0,-8.0,
1646996435929061651,0.611083984375,-0.654052734375,-0.420532226562,-0.148315429688,-6073.0,3079.0,-4894.0,-12.0,5.0,-9.0,
1646996435933421134,0.611694335938,-0.653381347656,-0.420837402344,-0.147888183594,-6050.0,3140.0,-4843.0,-12.0,5.0,-11.0,
1646996435937973260,0.6123046875,-0.652709960938,-0.421142578125,-0.147583007812,-6042.0,3175.0,-4794.0,-11.0,4.0,-12.0,
1646996435947701454,0.612976074219,-0.651977539062,-0.421325683594,-0.147338867188,-6061.0,3182.0,-4758.0,-10.0,5.0,-14.0,
1646996435948503255,0.61376953125,-0.651184082031,-0.42138671875,-0.147216796875,-6069.0,3194.0,-4730.0,-9.0,5.0,-15.0,
1646996435953783512,0.614624023438,-0.650451660156,-0.42138671875,-0.147094726562,-6076.0,3201.0,-4726.0,-8.0,7.0,-16.0,
1646996435958690404,0.615478515625,-0.649719238281,-0.421264648438,-0.146911621094,-6067.0,3209.0,-4715.0,-7.0,8.0,-17.0,
1646996435962427139,0.616394042969,-0.649108886719,-0.421020507812,-0.146728515625,-6066.0,3180.0,-4713.0,-6.0,9.0,-16.0,
1646996435966794252,0.617309570312,-0.648498535156,-0.420715332031,-0.146484375,-6028.0,3143.0,-4719.0,-5.0,11.0,-15.0,
1646996435973222255,0.618225097656,-0.64794921875,-0.420288085938,-0.146179199219,-5972.0,3122.0,-4724.0,-5.0,13.0,-14.0,
1646996435977612018,0.619079589844,-0.6474609375,-0.419860839844,-0.145812988281,-5915.0,3099.0,-4730.0,-5.0,13.0,-13.0,
1646996435981797933,0.619873046875,-0.647094726562,-0.41943359375,-0.145446777344,-5870.0,3068.0,-4743.0,-4.0,12.0,-12.0,
1646996435990537166,0.620666503906,-0.646667480469,-0.419006347656,-0.145080566406,-5814.0,3041.0,-4768.0,-4.0,12.0,-11.0,
1646996435995075941,0.621337890625,-0.646301269531,-0.418640136719,-0.144714355469,-5764.0,3021.0,-4818.0,-4.0,11.0,-10.0,
1646996435999119758,0.622009277344,-0.64599609375,-0.418334960938,-0.144470214844,-5716.0,3040.0,-4937.0,-4.0,8.0,-10.0,
1646996436003441333,0.62255859375,-0.645690917969,-0.418029785156,-0.144287109375,-5720.0,3085.0,-5045.0,-3.0,5.0,-10.0,
1646996436007660388,0.623046875,-0.645446777344,-0.417663574219,-0.144287109375,-5792.0,3039.0,-5105.0,1.0,5.0,-10.0,
1646996436012030124,0.62353515625,-0.645263671875,-0.417114257812,-0.144348144531,-5833.0,2954.0,-5157.0,2.0,7.0,-9.0,
1646996436019855260,0.624206542969,-0.645080566406,-0.416442871094,-0.144409179688,-5840.0,2932.0,-5189.0,3.0,10.0,-9.0,
1646996436024466514,0.624816894531,-0.644897460938,-0.415771484375,-0.144348144531,-5856.0,2934.0,-5224.0,3.0,10.0,-10.0,
1646996436027683734,0.62548828125,-0.644714355469,-0.415100097656,-0.144348144531,-5891.0,2944.0,-5234.0,3.0,10.0,-11.0,
1646996436033823251,0.626281738281,-0.644470214844,-0.414367675781,-0.144348144531,-5932.0,2961.0,-5227.0,4.0,11.0,-13.0,
1646996436038286447,0.627075195312,-0.644104003906,-0.413635253906,-0.144348144531,-5981.0,2991.0,-5216.0,3.0,12.0,-14.0,
1646996436042571544,0.627990722656,-0.643615722656,-0.412963867188,-0.144409179688,-6018.0,3013.0,-5218.0,2.0,12.0,-17.0,
1646996436048951625,0.629028320312,-0.643005371094,-0.412353515625,-0.144409179688,-6046.0,3012.0,-5201.0,0.0,12.0,-20.0,
1646996436052987337,0.630187988281,-0.642211914062,-0.411804199219,-0.144470214844,-6077.0,3011.0,-5166.0,-2.0,11.0,-22.0,
1646996436057337045,0.631469726562,-0.641235351562,-0.411315917969,-0.144470214844,-6088.0,3024.0,-5128.0,-4.0,12.0,-25.0,
1646996436061974525,0.632873535156,-0.640075683594,-0.410949707031,-0.144470214844,-6113.0,3040.0,-5093.0,-7.0,11.0,-28.0,
1646996436068371772,0.634338378906,-0.638793945312,-0.410766601562,-0.144470214844,-6102.0,3056.0,-5058.0,-10.0,10.0,-30.0,
1646996436072687864,0.635864257812,-0.637329101562,-0.410705566406,-0.144409179688,-6092.0,3027.0,-5023.0,-12.0,9.0,-31.0,
1646996436077620267,0.637390136719,-0.635803222656,-0.410705566406,-0.144348144531,-6157.0,3063.0,-4988.0,-15.0,8.0,-32.0,
1646996436083367109,0.638977050781,-0.634155273438,-0.410827636719,-0.144226074219,-6193.0,3166.0,-4978.0,-17.0,9.0,-33.0,
1646996436089040756,0.640563964844,-0.632507324219,-0.410949707031,-0.143859863281,-6183.0,3248.0,-4987.0,-17.0,11.0,-34.0,
1646996436094048500,0.642211914062,-0.630920410156,-0.410949707031,-0.1435546875,-6185.0,3304.0,-4980.0,-17.0,11.0,-34.0,
1646996436098474264,0.643859863281,-0.629272460938,-0.411010742188,-0.143249511719,-6199.0,3341.0,-4978.0,-16.0,11.0,-34.0,
1646996436102919340,0.645568847656,-0.627624511719,-0.411010742188,-0.142944335938,-6232.0,3378.0,-4979.0,-17.0,11.0,-35.0,
1646996436106997013,0.647216796875,-0.625915527344,-0.411010742188,-0.142761230469,-6249.0,3412.0,-4962.0,-16.0,11.0,-36.0,
1646996436113424777,0.648986816406,-0.624206542969,-0.410949707031,-0.142517089844,-6278.0,3451.0,-4974.0,-16.0,12.0,-37.0,
1646996436117785453,0.650817871094,-0.622436523438,-0.410827636719,-0.142272949219,-6255.0,3502.0,-4981.0,-15.0,13.0,-39.0,
1646996436122997760,0.652709960938,-0.62060546875,-0.41064453125,-0.14208984375,-6279.0,3560.0,-4976.0,-15.0,14.0,-41.0,
1646996436129368782,0.65478515625,-0.618713378906,-0.410400390625,-0.141906738281,-6349.0,3600.0,-4945.0,-14.0,15.0,-44.0,
1646996436143282175,0.656982421875,-0.616638183594,-0.410034179688,-0.141784667969,-6411.0,3616.0,-4912.0,-14.0,18.0,-47.0,
1646996436144042730,0.659362792969,-0.614379882812,-0.409545898438,-0.141662597656,-6490.0,3646.0,-4891.0,-14.0,19.0,-51.0,
1646996436144588232,0.661926269531,-0.612060546875,-0.408935546875,-0.141540527344,-6512.0,3693.0,-4908.0,-14.0,23.0,-54.0,
1646996436157246112,0.664611816406,-0.609741210938,-0.408142089844,-0.141357421875,-6515.0,3757.0,-4931.0,-13.0,25.0,-57.0,
1646996436157535791,0.667358398438,-0.607421875,-0.4072265625,-0.141174316406,-6499.0,3774.0,-4963.0,-11.0,26.0,-57.0,
1646996436158530712,0.670043945312,-0.605163574219,-0.406066894531,-0.140991210938,-6458.0,3757.0,-4977.0,-9.0,28.0,-56.0,
1646996436163263797,0.672790527344,-0.60302734375,-0.404846191406,-0.140747070312,-6424.0,3704.0,-4946.0,-8.0,29.0,-55.0,
1646996436168178796,0.675415039062,-0.600891113281,-0.403747558594,-0.140563964844,-6398.0,3688.0,-4928.0,-9.0,28.0,-54.0,
1646996436173712968,0.677917480469,-0.598754882812,-0.402770996094,-0.140380859375,-6407.0,3736.0,-4908.0,-10.0,27.0,-53.0,
1646996436180584907,0.680480957031,-0.596618652344,-0.401794433594,-0.14013671875,-6417.0,3755.0,-4917.0,-9.0,27.0,-54.0,
1646996436184290885,0.683044433594,-0.594421386719,-0.400695800781,-0.140014648438,-6424.0,3728.0,-4921.0,-7.0,27.0,-55.0,
1646996436189161539,0.685668945312,-0.59228515625,-0.399353027344,-0.140014648438,-6412.0,3707.0,-4917.0,-4.0,29.0,-56.0,
1646996436195675611,0.688293457031,-0.590209960938,-0.397888183594,-0.140014648438,-6414.0,3690.0,-4877.0,-2.0,31.0,-57.0,
1646996436200335264,0.690979003906,-0.588195800781,-0.396179199219,-0.140075683594,-6365.0,3611.0,-4810.0,1.0,34.0,-57.0,
1646996436204822778,0.693725585938,-0.586181640625,-0.394348144531,-0.140075683594,-6247.0,3480.0,-4751.0,1.0,37.0,-56.0,
1646996436209322452,0.696472167969,-0.584289550781,-0.392395019531,-0.139953613281,-6117.0,3352.0,-4732.0,0.0,37.0,-54.0,
1646996436214986562,0.699157714844,-0.582275390625,-0.390686035156,-0.139770507812,-5997.0,3219.0,-4745.0,-2.0,35.0,-53.0,
1646996436219527244,0.701721191406,-0.580261230469,-0.389099121094,-0.139587402344,-5915.0,3091.0,-4794.0,-5.0,31.0,-52.0,
1646996436223041296,0.704284667969,-0.578125,-0.387756347656,-0.139465332031,-5863.0,2965.0,-4828.0,-7.0,28.0,-52.0,
1646996436227552413,0.706787109375,-0.575988769531,-0.386413574219,-0.139282226562,-5844.0,2857.0,-4921.0,-8.0,28.0,-52.0,
1646996436234458208,0.709289550781,-0.573791503906,-0.385070800781,-0.139099121094,-5867.0,2805.0,-5057.0,-9.0,27.0,-52.0,
1646996436238973855,0.711853027344,-0.571594238281,-0.383666992188,-0.138916015625,-5914.0,2757.0,-5178.0,-8.0,29.0,-53.0,
1646996436243680000,0.714538574219,-0.569458007812,-0.382019042969,-0.138671875,-5939.0,2684.0,-5270.0,-6.0,32.0,-54.0,
1646996436248456478,0.717407226562,-0.567199707031,-0.380126953125,-0.138427734375,-5976.0,2658.0,-5351.0,-5.0,37.0,-57.0,
1646996436253417253,0.720336914062,-0.56494140625,-0.378051757812,-0.13818359375,-6038.0,2628.0,-5419.0,-3.0,40.0,-59.0,
1646996436257538080,0.723327636719,-0.562744140625,-0.375671386719,-0.138000488281,-5975.0,2530.0,-5484.0,0.0,44.0,-59.0,
1646996436264178514,0.726379394531,-0.560791015625,-0.372863769531,-0.1376953125,-5830.0,2363.0,-5516.0,3.0,49.0,-57.0,
1646996436269386053,0.729309082031,-0.558959960938,-0.369873046875,-0.137390136719,-5657.0,2215.0,-5543.0,4.0,49.0,-54.0,
1646996436274463891,0.732116699219,-0.557250976562,-0.367065429688,-0.136962890625,-5486.0,2084.0,-5578.0,4.0,48.0,-50.0,
1646996436277932643,0.734741210938,-0.555725097656,-0.364318847656,-0.136535644531,-5329.0,1941.0,-5607.0,3.0,45.0,-46.0,
1646996436282507419,0.737121582031,-0.554321289062,-0.361755371094,-0.136169433594,-5199.0,1803.0,-5626.0,3.0,42.0,-42.0,
1646996436287252664,0.739379882812,-0.552978515625,-0.359375,-0.135803222656,-5129.0,1697.0,-5664.0,2.0,39.0,-39.0,
1646996436296038389,0.741516113281,-0.551696777344,-0.357055664062,-0.135375976562,-5071.0,1615.0,-5702.0,2.0,38.0,-38.0,
1646996436301324844,0.743591308594,-0.550476074219,-0.354675292969,-0.134948730469,-5019.0,1527.0,-5742.0,2.0,39.0,-36.0,
1646996436305544137,0.745666503906,-0.549377441406,-0.352233886719,-0.134460449219,-4985.0,1413.0,-5769.0,4.0,41.0,-35.0,
1646996436310626506,0.747741699219,-0.54833984375,-0.349609375,-0.134033203125,-4917.0,1314.0,-5818.0,4.0,43.0,-33.0,
1646996436314682722,0.749755859375,-0.547424316406,-0.346984863281,-0.133544921875,-4807.0,1250.0,-5877.0,5.0,43.0,-32.0,
1646996436319282531,0.751647949219,-0.546630859375,-0.344299316406,-0.133056640625,-4714.0,1163.0,-5938.0,7.0,41.0,-30.0,
1646996436323828697,0.75341796875,-0.5458984375,-0.341674804688,-0.1328125,-4631.0,1053.0,-6010.0,10.0,38.0,-29.0,
1646996436328269004,0.755065917969,-0.545227050781,-0.339111328125,-0.132751464844,-4552.0,964.0,-6061.0,11.0,35.0,-27.0,
1646996436333379030,0.756591796875,-0.544616699219,-0.336608886719,-0.132690429688,-4489.0,883.0,-6105.0,12.0,34.0,-26.0,
1646996436337719440,0.758117675781,-0.544067382812,-0.334167480469,-0.132690429688,-4468.0,815.0,-6155.0,13.0,33.0,-25.0,
1646996436344956159,0.759582519531,-0.543518066406,-0.331665039062,-0.132690429688,-4429.0,749.0,-6196.0,13.0,34.0,-24.0,
1646996436349654674,0.760986328125,-0.543090820312,-0.329162597656,-0.132690429688,-4386.0,696.0,-6246.0,13.0,34.0,-23.0,
1646996436353986501,0.762390136719,-0.542663574219,-0.32666015625,-0.132690429688,-4334.0,636.0,-6297.0,13.0,33.0,-21.0,
1646996436361981391,0.763671875,-0.542358398438,-0.32421875,-0.132690429688,-4341.0,582.0,-6346.0,13.0,31.0,-20.0,
1646996436363352775,0.764831542969,-0.542053222656,-0.322021484375,-0.132690429688,-4378.0,526.0,-6399.0,13.0,29.0,-18.0,
1646996436368048429,0.765869140625,-0.541809082031,-0.31982421875,-0.132690429688,-4442.0,469.0,-6425.0,12.0,29.0,-16.0,
1646996436372513294,0.766906738281,-0.541564941406,-0.317687988281,-0.132629394531,-4530.0,426.0,-6453.0,11.0,30.0,-14.0,
1646996436377459287,0.767944335938,-0.541320800781,-0.315734863281,-0.132446289062,-4538.0,411.0,-6521.0,9.0,29.0,-14.0,
1646996436384361505,0.76904296875,-0.541015625,-0.313781738281,-0.132263183594,-4565.0,374.0,-6559.0,7.0,27.0,-15.0,
1646996436389068603,0.770080566406,-0.540588378906,-0.31201171875,-0.132141113281,-4616.0,322.0,-6574.0,6.0,25.0,-16.0,
1646996436393915176,0.771057128906,-0.540100097656,-0.310363769531,-0.132080078125,-4688.0,289.0,-6563.0,5.0,23.0,-16.0,
1646996436400488376,0.772033691406,-0.539611816406,-0.308837890625,-0.131958007812,-4733.0,270.0,-6547.0,4.0,23.0,-16.0,
1646996436405533790,0.773010253906,-0.539123535156,-0.307373046875,-0.131774902344,-4740.0,261.0,-6525.0,3.0,23.0,-15.0,
1646996436410000562,0.773864746094,-0.538696289062,-0.305969238281,-0.131591796875,-4726.0,264.0,-6478.0,3.0,21.0,-13.0,
1646996436415053844,0.774597167969,-0.538391113281,-0.3046875,-0.131408691406,-4700.0,280.0,-6426.0,3.0,20.0,-11.0,
1646996436419398307,0.775268554688,-0.538208007812,-0.303466796875,-0.131286621094,-4678.0,305.0,-6382.0,4.0,18.0,-9.0,
1646996436423971176,0.775756835938,-0.538146972656,-0.302307128906,-0.131164550781,-4625.0,307.0,-6349.0,5.0,16.0,-6.0,
1646996436430638313,0.776123046875,-0.538208007812,-0.30126953125,-0.131103515625,-4570.0,315.0,-6320.0,6.0,14.0,-4.0,
1646996436433342933,0.776489257812,-0.538269042969,-0.30029296875,-0.131103515625,-4551.0,359.0,-6285.0,5.0,12.0,-3.0,
1646996436437972545,0.776733398438,-0.538391113281,-0.299438476562,-0.131042480469,-4568.0,433.0,-6259.0,5.0,11.0,-2.0,
1646996436442516326,0.776977539062,-0.538513183594,-0.298706054688,-0.130920410156,-4633.0,516.0,-6253.0,4.0,11.0,-2.0,
1646996436451343774,0.777221679688,-0.53857421875,-0.297973632812,-0.130798339844,-4753.0,631.0,-6289.0,4.0,11.0,-3.0,
1646996436455886602,0.777465820312,-0.538635253906,-0.297241210938,-0.130676269531,-4884.0,774.0,-6331.0,6.0,13.0,-4.0,
1646996436459474325,0.777770996094,-0.538696289062,-0.296325683594,-0.130676269531,-5036.0,877.0,-6373.0,9.0,15.0,-5.0,
1646996436464319467,0.778137207031,-0.538818359375,-0.295166015625,-0.130676269531,-5141.0,952.0,-6409.0,11.0,19.0,-6.0,
1646996436468919754,0.778564453125,-0.538940429688,-0.293762207031,-0.130676269531,-5125.0,997.0,-6464.0,13.0,22.0,-7.0,
1646996436473658323,0.779052734375,-0.539123535156,-0.292114257812,-0.130676269531,-5065.0,1012.0,-6492.0,14.0,23.0,-7.0,
1646996436478452205,0.779541015625,-0.539306640625,-0.290466308594,-0.130737304688,-5025.0,1031.0,-6507.0,15.0,22.0,-6.0,
1646996436483001947,0.779968261719,-0.539489746094,-0.288879394531,-0.130798339844,-4970.0,1101.0,-6485.0,15.0,21.0,-6.0,
1646996436487686157,0.780334472656,-0.539733886719,-0.287414550781,-0.130859375,-4880.0,1135.0,-6428.0,16.0,20.0,-6.0,
1646996436492504835,0.780700683594,-0.539978027344,-0.286071777344,-0.131042480469,-4806.0,1127.0,-6367.0,16.0,17.0,-6.0,
1646996436503206253,0.781005859375,-0.5400390625,-0.284790039062,-0.13134765625,-4760.0,1181.0,-6303.0,16.0,14.0,-7.0,
1646996436509397506,0.781616210938,-0.5400390625,-0.282775878906,-0.132202148438,-4671.0,1272.0,-6167.0,16.0,10.0,-9.0,
1646996436514011621,0.781921386719,-0.539916992188,-0.281860351562,-0.132690429688,-4589.0,1288.0,-6096.0,15.0,9.0,-11.0,
1646996436519002437,0.782287597656,-0.539733886719,-0.280944824219,-0.133239746094,-4555.0,1314.0,-6060.0,15.0,7.0,-12.0,
1646996436523374080,0.782653808594,-0.539428710938,-0.280212402344,-0.133911132812,-4575.0,1370.0,-6040.0,15.0,4.0,-14.0,
1646996436527934551,0.783020019531,-0.5390625,-0.279602050781,-0.134582519531,-4561.0,1416.0,-6085.0,14.0,3.0,-15.0,
1646996436533374309,0.783447265625,-0.538635253906,-0.278930664062,-0.13525390625,-4546.0,1468.0,-6145.0,14.0,3.0,-17.0,
1646996436538338661,0.783874511719,-0.538208007812,-0.278198242188,-0.135925292969,-4581.0,1509.0,-6206.0,15.0,4.0,-17.0,
1646996436543519258,0.784301757812,-0.537780761719,-0.277404785156,-0.136657714844,-4650.0,1525.0,-6263.0,16.0,4.0,-17.0,
1646996436551200628,0.784729003906,-0.537475585938,-0.276489257812,-0.137512207031,-4718.0,1506.0,-6335.0,19.0,6.0,-16.0,
1646996436556108713,0.785095214844,-0.537292480469,-0.275390625,-0.138427734375,-4769.0,1429.0,-6368.0,21.0,8.0,-14.0,
1646996436559744358,0.785461425781,-0.537109375,-0.274169921875,-0.139404296875,-4829.0,1297.0,-6431.0,23.0,9.0,-14.0,
1646996436564411163,0.785949707031,-0.536865234375,-0.272766113281,-0.140502929688,-4974.0,1161.0,-6447.0,23.0,10.0,-16.0,
1646996436569083929,0.786499023438,-0.536376953125,-0.271362304688,-0.141662597656,-5152.0,1047.0,-6468.0,23.0,12.0,-19.0,
1646996436573857545,0.787231445312,-0.535827636719,-0.269836425781,-0.142700195312,-5225.0,942.0,-6499.0,22.0,16.0,-22.0,
1646996436579465150,0.7880859375,-0.535217285156,-0.268127441406,-0.143615722656,-5225.0,800.0,-6540.0,21.0,19.0,-24.0,
1646996436583301305,0.789001464844,-0.534545898438,-0.266235351562,-0.144470214844,-5199.0,643.0,-6560.0,20.0,20.0,-24.0,
1646996436587867736,0.789916992188,-0.533935546875,-0.264343261719,-0.145324707031,-5159.0,522.0,-6583.0,20.0,20.0,-23.0,
1646996436592515945,0.790710449219,-0.533386230469,-0.262573242188,-0.146057128906,-5084.0,431.0,-6625.0,19.0,20.0,-21.0,
1646996436601442813,0.791442871094,-0.533020019531,-0.2607421875,-0.146728515625,-5008.0,321.0,-6666.0,19.0,19.0,-18.0,
1646996436609958171,0.792053222656,-0.53271484375,-0.259033203125,-0.147521972656,-4964.0,214.0,-6709.0,20.0,17.0,-15.0,
1646996436614954710,0.793090820312,-0.532287597656,-0.255798339844,-0.149047851562,-4961.0,46.0,-6778.0,19.0,15.0,-13.0,
1646996436619560241,0.793640136719,-0.531982421875,-0.254333496094,-0.149780273438,-4988.0,-8.0,-6832.0,17.0,15.0,-15.0,
1646996436624225616,0.794311523438,-0.531494140625,-0.2529296875,-0.150512695312,-5087.0,-11.0,-6891.0,16.0,14.0,-17.0,
1646996436628792762,0.795043945312,-0.530883789062,-0.251525878906,-0.151123046875,-5154.0,43.0,-6956.0,14.0,16.0,-20.0,
1646996436635733842,0.795837402344,-0.530212402344,-0.25,-0.151611328125,-5122.0,106.0,-6974.0,14.0,19.0,-22.0,
1646996436639063119,0.796752929688,-0.529541015625,-0.248291015625,-0.151977539062,-4914.0,115.0,-6965.0,15.0,21.0,-23.0,
1646996436642857074,0.797668457031,-0.528991699219,-0.246398925781,-0.152282714844,-4556.0,136.0,-6946.0,15.0,22.0,-22.0,
1646996436649858713,0.798522949219,-0.528442382812,-0.244567871094,-0.152526855469,-4279.0,136.0,-6924.0,15.0,17.0,-20.0,
1646996436654381275,0.799194335938,-0.528015136719,-0.2431640625,-0.152893066406,-4066.0,137.0,-6932.0,13.0,11.0,-18.0,
1646996436659263372,0.799743652344,-0.527648925781,-0.241882324219,-0.1533203125,-3905.0,135.0,-6997.0,13.0,8.0,-14.0,
1646996436663698673,0.800109863281,-0.527465820312,-0.24072265625,-0.153747558594,-3810.0,96.0,-7125.0,14.0,6.0,-11.0,
1646996436668457746,0.800415039062,-0.527404785156,-0.239501953125,-0.154296875,-3749.0,-18.0,-7229.0,15.0,6.0,-8.0,
1646996436673071146,0.800598144531,-0.527526855469,-0.238220214844,-0.154907226562,-3658.0,-229.0,-7420.0,17.0,6.0,-5.0,
1646996436681188821,0.800720214844,-0.52783203125,-0.236755371094,-0.155578613281,-3557.0,-542.0,-7551.0,17.0,6.0,-1.0,
1646996436685045957,0.800720214844,-0.528259277344,-0.2353515625,-0.156372070312,-3563.0,-962.0,-7681.0,17.0,5.0,3.0,
1646996436689256906,0.800537109375,-0.528747558594,-0.234130859375,-0.1572265625,-3631.0,-1333.0,-7756.0,13.0,2.0,7.0,
1646996436694042682,0.800415039062,-0.529113769531,-0.233337402344,-0.157958984375,-3857.0,-1551.0,-7815.0,7.0,0.0,8.0,
1646996436699098825,0.80029296875,-0.529296875,-0.23291015625,-0.158508300781,-4136.0,-1632.0,-7849.0,2.0,0.0,5.0,
1646996436703716039,0.80029296875,-0.529357910156,-0.232604980469,-0.158813476562,-4402.0,-1605.0,-7880.0,0.0,3.0,3.0,
1646996436711066722,0.80029296875,-0.529541015625,-0.232116699219,-0.158874511719,-4573.0,-1554.0,-7838.0,1.0,8.0,3.0,
1646996436715501070,0.80029296875,-0.52978515625,-0.2314453125,-0.158935546875,-4684.0,-1491.0,-7719.0,3.0,11.0,4.0,
1646996436720261573,0.800354003906,-0.530090332031,-0.230712890625,-0.158935546875,-4809.0,-1376.0,-7568.0,3.0,13.0,3.0,
1646996436725203752,0.800415039062,-0.5302734375,-0.22998046875,-0.158813476562,-4877.0,-1150.0,-7392.0,2.0,14.0,2.0,
1646996436729649066,0.800598144531,-0.530395507812,-0.229370117188,-0.158508300781,-4899.0,-797.0,-7224.0,1.0,16.0,-2.0,
1646996436734278678,0.800964355469,-0.530334472656,-0.228637695312,-0.157958984375,-4762.0,-467.0,-7058.0,2.0,18.0,-7.0,
1646996436739088058,0.801452636719,-0.530212402344,-0.2275390625,-0.157470703125,-4430.0,-240.0,-6896.0,5.0,20.0,-9.0,
1646996436743875265,0.801940917969,-0.530151367188,-0.226257324219,-0.157043457031,-4041.0,-75.0,-6778.0,7.0,18.0,-10.0,
1646996436748515129,0.802368164062,-0.530029296875,-0.22509765625,-0.15673828125,-3718.0,86.0,-6704.0,8.0,13.0,-9.0,
1646996436753278732,0.802734375,-0.529968261719,-0.224182128906,-0.156677246094,-3537.0,230.0,-6697.0,8.0,6.0,-8.0,
1646996436757807016,0.802917480469,-0.529846191406,-0.2236328125,-0.156799316406,-3478.0,317.0,-6734.0,9.0,1.0,-8.0,
1646996436764847278,0.803100585938,-0.529663085938,-0.22314453125,-0.157165527344,-3491.0,347.0,-6801.0,10.0,-1.0,-8.0,
1646996436769363164,0.80322265625,-0.529479980469,-0.222778320312,-0.157653808594,-3563.0,314.0,-6847.0,11.0,-2.0,-8.0,
1646996436774224758,0.803283691406,-0.529357910156,-0.222534179688,-0.158264160156,-3695.0,215.0,-6882.0,10.0,-4.0,-6.0,
1646996436778552770,0.80322265625,-0.529174804688,-0.222412109375,-0.158996582031,-3891.0,88.0,-6934.0,9.0,-7.0,-5.0,
1646996436783722400,0.803100585938,-0.529052734375,-0.222534179688,-0.159851074219,-4094.0,-28.0,-7026.0,8.0,-8.0,-3.0,
1646996436797054290,0.802978515625,-0.528991699219,-0.222778320312,-0.160705566406,-4316.0,-135.0,-7120.0,7.0,-10.0,-2.0,
1646996436797876119,0.802734375,-0.528930664062,-0.223083496094,-0.161560058594,-4523.0,-266.0,-7185.0,7.0,-10.0,-1.0,
1646996436811061859,0.802551269531,-0.528869628906,-0.223327636719,-0.162414550781,-4605.0,-383.0,-7289.0,6.0,-9.0,0.0,
1646996436818606376,0.802307128906,-0.528930664062,-0.223449707031,-0.1630859375,-4690.0,-473.0,-7391.0,6.0,-8.0,2.0,
1646996436828607559,0.801574707031,-0.529602050781,-0.223205566406,-0.1650390625,-4856.0,-625.0,-7628.0,4.0,-1.0,3.0,
1646996436834817171,0.801330566406,-0.530029296875,-0.222717285156,-0.165222167969,-4787.0,-524.0,-7603.0,3.0,3.0,2.0,
1646996436841300487,0.801330566406,-0.530212402344,-0.222351074219,-0.165222167969,-4707.0,-425.0,-7578.0,3.0,4.0,1.0,
1646996436844475507,0.801330566406,-0.530395507812,-0.221923828125,-0.165100097656,-4623.0,-349.0,-7534.0,4.0,5.0,0.0,
1646996436849485635,0.801391601562,-0.530517578125,-0.221435546875,-0.165161132812,-4540.0,-284.0,-7468.0,5.0,5.0,-2.0,
1646996436854184865,0.801513671875,-0.530578613281,-0.220886230469,-0.165222167969,-4480.0,-215.0,-7405.0,6.0,5.0,-3.0,
1646996436859001398,0.801574707031,-0.530578613281,-0.220458984375,-0.165405273438,-4458.0,-146.0,-7319.0,7.0,4.0,-3.0,
1646996436863559007,0.801574707031,-0.530639648438,-0.220153808594,-0.165649414062,-4492.0,-104.0,-7233.0,7.0,2.0,-3.0,
1646996436868449687,0.801513671875,-0.530639648438,-0.220031738281,-0.166015625,-4580.0,-82.0,-7159.0,7.0,-1.0,-3.0,
1646996436873418331,0.801452636719,-0.530578613281,-0.220092773438,-0.16650390625,-4699.0,-93.0,-7101.0,6.0,-3.0,-2.0,
1646996436880981922,0.801391601562,-0.530456542969,-0.220275878906,-0.1669921875,-4859.0,-125.0,-7085.0,5.0,-4.0,-3.0,
1646996436884666681,0.801330566406,-0.530212402344,-0.220642089844,-0.16748046875,-5008.0,-171.0,-7090.0,2.0,-6.0,-4.0,
1646996436889167070,0.801391601562,-0.529907226562,-0.220947265625,-0.16796875,-5082.0,-228.0,-7093.0,0.0,-5.0,-6.0,
1646996436893870830,0.801513671875,-0.529418945312,-0.221313476562,-0.168212890625,-5133.0,-288.0,-7142.0,-2.0,-5.0,-8.0,
1646996436898546457,0.801818847656,-0.52880859375,-0.221618652344,-0.168395996094,-5130.0,-350.0,-7185.0,-5.0,-4.0,-9.0,
1646996436903267383,0.802124023438,-0.528198242188,-0.221862792969,-0.168273925781,-5053.0,-424.0,-7245.0,-8.0,-2.0,-10.0,
1646996436908172607,0.802551269531,-0.527648925781,-0.221984863281,-0.16796875,-4910.0,-527.0,-7308.0,-10.0,0.0,-9.0,
1646996436914650678,0.802917480469,-0.527221679688,-0.221984863281,-0.16748046875,-4786.0,-652.0,-7372.0,-12.0,2.0,-6.0,
1646996436919672012,0.80322265625,-0.526916503906,-0.222106933594,-0.166931152344,-4545.0,-728.0,-7502.0,-14.0,1.0,-2.0,
1646996436924311399,0.803405761719,-0.52685546875,-0.22216796875,-0.166137695312,-4359.0,-801.0,-7550.0,-14.0,-1.0,1.0,
1646996436928797960,0.803527832031,-0.52685546875,-0.222229003906,-0.165466308594,-4261.0,-921.0,-7572.0,-14.0,0.0,4.0,
1646996436933315753,0.803588867188,-0.526916503906,-0.222290039062,-0.164794921875,-4171.0,-1010.0,-7541.0,-14.0,1.0,5.0,
1646996436938089609,0.803649902344,-0.527038574219,-0.222412109375,-0.164123535156,-4121.0,-996.0,-7465.0,-14.0,1.0,6.0,
1646996436942993640,0.803588867188,-0.527221679688,-0.222778320312,-0.163391113281,-4094.0,-895.0,-7373.0,-15.0,0.0,7.0,
1646996436951036214,0.803405761719,-0.527465820312,-0.223266601562,-0.162536621094,-4061.0,-793.0,-7269.0,-15.0,-1.0,9.0,
1646996436954723834,0.80322265625,-0.527770996094,-0.223876953125,-0.161743164062,-4060.0,-710.0,-7155.0,-15.0,-2.0,10.0,
1646996436959510326,0.803039550781,-0.528015136719,-0.224609375,-0.160949707031,-4083.0,-591.0,-7056.0,-16.0,-4.0,10.0,
1646996436964042901,0.802795410156,-0.528198242188,-0.225524902344,-0.160217285156,-4150.0,-425.0,-6982.0,-16.0,-6.0,9.0,
1646996436968753337,0.802551269531,-0.528381347656,-0.226623535156,-0.159484863281,-4239.0,-234.0,-6918.0,-16.0,-8.0,8.0,
1646996436973299264,0.802307128906,-0.528442382812,-0.227722167969,-0.158813476562,-4311.0,-68.0,-6868.0,-15.0,-8.0,6.0,
1646996436978069782,0.802124023438,-0.528442382812,-0.228820800781,-0.158203125,-4356.0,66.0,-6823.0,-15.0,-9.0,4.0,
1646996436982777118,0.801940917969,-0.5283203125,-0.229919433594,-0.157653808594,-4380.0,172.0,-6780.0,-15.0,-9.0,3.0,
1646996436991253137,0.801879882812,-0.528137207031,-0.231018066406,-0.157043457031,-4370.0,241.0,-6758.0,-15.0,-10.0,1.0,
1646996436994645833,0.801818847656,-0.527954101562,-0.232055664062,-0.156494140625,-4306.0,267.0,-6754.0,-15.0,-10.0,1.0,
1646996436999306678,0.8017578125,-0.52783203125,-0.232971191406,-0.155944824219,-4205.0,272.0,-6751.0,-15.0,-9.0,2.0,
1646996437004009485,0.801574707031,-0.527770996094,-0.23388671875,-0.155395507812,-4104.0,240.0,-6768.0,-14.0,-11.0,4.0,
1646996437010873317,0.801391601562,-0.527893066406,-0.23486328125,-0.154907226562,-4019.0,183.0,-6784.0,-14.0,-12.0,7.0,
1646996437015233516,0.801025390625,-0.528076171875,-0.235778808594,-0.154479980469,-3965.0,109.0,-6792.0,-13.0,-13.0,9.0,
1646996437020053863,0.800598144531,-0.528442382812,-0.236755371094,-0.154113769531,-3900.0,49.0,-6881.0,-12.0,-13.0,13.0,
1646996437025712966,0.799987792969,-0.529052734375,-0.237670898438,-0.153686523438,-3798.0,13.0,-6875.0,-10.0,-14.0,17.0,
1646996437030228376,0.799194335938,-0.529907226562,-0.23876953125,-0.153381347656,-3775.0,-20.0,-6858.0,-10.0,-17.0,22.0,
1646996437034008264,0.798156738281,-0.53076171875,-0.240295410156,-0.153259277344,-3861.0,-35.0,-6845.0,-10.0,-23.0,25.0,
1646996437038604736,0.796997070312,-0.53173828125,-0.241943359375,-0.153198242188,-3973.0,-27.0,-6819.0,-10.0,-24.0,27.0,
1646996437043275833,0.795776367188,-0.532836914062,-0.243713378906,-0.153137207031,-4103.0,-12.0,-6814.0,-10.0,-25.0,29.0,
1646996437048582553,0.794494628906,-0.533874511719,-0.24560546875,-0.153076171875,-4262.0,15.0,-6807.0,-10.0,-26.0,30.0,
1646996437056156158,0.793212890625,-0.534851074219,-0.24755859375,-0.153076171875,-4441.0,53.0,-6826.0,-11.0,-27.0,29.0,
1646996437060031652,0.7919921875,-0.535766601562,-0.249572753906,-0.153015136719,-4617.0,99.0,-6847.0,-12.0,-27.0,27.0,
1646996437064262390,0.790893554688,-0.536499023438,-0.251525878906,-0.152893066406,-4766.0,156.0,-6868.0,-12.0,-24.0,24.0,
1646996437069060325,0.789978027344,-0.537109375,-0.253234863281,-0.152770996094,-4909.0,219.0,-6880.0,-12.0,-22.0,20.0,
1646996437073558330,0.789184570312,-0.53759765625,-0.254821777344,-0.152587890625,-5048.0,286.0,-6897.0,-12.0,-19.0,17.0,
1646996437078682422,0.78857421875,-0.537902832031,-0.256164550781,-0.15234375,-5225.0,334.0,-6813.0,-11.0,-14.0,12.0,
1646996437083183288,0.788269042969,-0.538024902344,-0.257080078125,-0.151977539062,-5349.0,383.0,-6803.0,-11.0,-5.0,7.0,
1646996437091142654,0.788208007812,-0.537963867188,-0.257629394531,-0.151489257812,-5342.0,474.0,-6790.0,-10.0,0.0,2.0,
1646996437094724416,0.788330078125,-0.537841796875,-0.2578125,-0.15087890625,-5272.0,580.0,-6786.0,-9.0,6.0,-1.0,
1646996437099296092,0.788635253906,-0.537719726562,-0.257690429688,-0.150268554688,-5209.0,648.0,-6743.0,-6.0,8.0,-5.0,
1646996437104021072,0.788940429688,-0.537475585938,-0.257385253906,-0.149780273438,-5168.0,658.0,-6671.0,-4.0,10.0,-7.0,
1646996437108564376,0.789367675781,-0.537231445312,-0.256958007812,-0.149353027344,-5075.0,630.0,-6605.0,-2.0,12.0,-7.0,
1646996437113496780,0.789733886719,-0.537109375,-0.25634765625,-0.14892578125,-4926.0,613.0,-6549.0,-2.0,13.0,-6.0,
1646996437120879888,0.7900390625,-0.536987304688,-0.255798339844,-0.148376464844,-4751.0,602.0,-6517.0,-2.0,12.0,-4.0,
1646996437125704050,0.790283203125,-0.537048339844,-0.255310058594,-0.147888183594,-4615.0,575.0,-6510.0,-3.0,9.0,-2.0,
1646996437129924774,0.790405273438,-0.537109375,-0.255004882812,-0.1474609375,-4513.0,546.0,-6506.0,-3.0,7.0,1.0,
1646996437134382247,0.790405273438,-0.537353515625,-0.254821777344,-0.147033691406,-4436.0,502.0,-6472.0,-3.0,5.0,4.0,
1646996437140092372,0.790222167969,-0.537719726562,-0.254760742188,-0.146606445312,-4391.0,461.0,-6466.0,-4.0,3.0,7.0,
1646996437143787860,0.789978027344,-0.5380859375,-0.2548828125,-0.146240234375,-4350.0,431.0,-6471.0,-5.0,0.0,9.0,
1646996437148318290,0.789672851562,-0.53857421875,-0.255187988281,-0.145874023438,-4319.0,436.0,-6500.0,-5.0,-2.0,11.0,
1646996437153063058,0.789184570312,-0.539123535156,-0.255676269531,-0.145446777344,-4296.0,461.0,-6530.0,-5.0,-5.0,13.0,
1646996437161276102,0.788635253906,-0.539733886719,-0.256286621094,-0.145141601562,-4307.0,466.0,-6562.0,-5.0,-8.0,15.0,
1646996437164937257,0.787963867188,-0.540344238281,-0.257080078125,-0.14501953125,-4377.0,445.0,-6588.0,-6.0,-11.0,15.0,
1646996437169618129,0.787353515625,-0.540832519531,-0.257995605469,-0.144897460938,-4471.0,419.0,-6619.0,-7.0,-12.0,15.0,
1646996437174030303,0.786743164062,-0.541320800781,-0.258911132812,-0.144714355469,-4550.0,395.0,-6654.0,-7.0,-11.0,14.0,
1646996437179473876,0.786254882812,-0.541748046875,-0.259704589844,-0.144470214844,-4605.0,388.0,-6687.0,-8.0,-9.0,13.0,
1646996437183163404,0.785766601562,-0.542175292969,-0.260437011719,-0.144104003906,-4660.0,381.0,-6718.0,-9.0,-7.0,12.0,
1646996437187733650,0.785400390625,-0.542541503906,-0.261169433594,-0.143737792969,-4732.0,384.0,-6751.0,-10.0,-7.0,11.0,
1646996437196094751,0.785034179688,-0.542785644531,-0.261901855469,-0.143310546875,-4819.0,398.0,-6763.0,-11.0,-6.0,9.0,
1646996437199521064,0.784790039062,-0.542907714844,-0.262512207031,-0.142883300781,-4897.0,426.0,-6769.0,-11.0,-4.0,7.0,
1646996437204136848,0.78466796875,-0.54296875,-0.263000488281,-0.142395019531,-4945.0,444.0,-6769.0,-11.0,-1.0,5.0,
1646996437208540201,0.78466796875,-0.542907714844,-0.263427734375,-0.141845703125,-4996.0,454.0,-6770.0,-11.0,1.0,3.0,
1646996437215806007,0.784729003906,-0.542846679688,-0.263671875,-0.141296386719,-5081.0,463.0,-6781.0,-11.0,3.0,1.0,
1646996437221508502,0.784912109375,-0.542724609375,-0.263854980469,-0.140686035156,-5183.0,419.0,-6613.0,-11.0,6.0,0.0,
1646996437225785017,0.78515625,-0.542602539062,-0.263793945312,-0.140014648438,-5402.0,409.0,-6425.0,-10.0,13.0,-1.0,
1646996437230225801,0.78564453125,-0.542297363281,-0.263366699219,-0.138977050781,-5228.0,547.0,-6337.0,-13.0,25.0,-4.0,
1646996437234954357,0.786499023438,-0.542114257812,-0.262329101562,-0.136962890625,-4799.0,678.0,-6334.0,-17.0,35.0,-6.0,
1646996437239781379,0.787353515625,-0.5419921875,-0.260986328125,-0.134765625,-4477.0,638.0,-6422.0,-17.0,34.0,-6.0,
1646996437244470596,0.788146972656,-0.541809082031,-0.259887695312,-0.133056640625,-4392.0,536.0,-6437.0,-16.0,26.0,-5.0,
1646996437249302625,0.788696289062,-0.541809082031,-0.259094238281,-0.131652832031,-4290.0,538.0,-6465.0,-15.0,23.0,-1.0,
1646996437254925489,0.789001464844,-0.541931152344,-0.258605957031,-0.130249023438,-4116.0,612.0,-6501.0,-14.0,18.0,3.0,
1646996437258277654,0.7890625,-0.542114257812,-0.258544921875,-0.129028320312,-4029.0,667.0,-6545.0,-14.0,7.0,5.0,
1646996437262791872,0.789001464844,-0.542236328125,-0.258911132812,-0.128112792969,-4047.0,709.0,-6596.0,-14.0,0.0,5.0,
1646996437271391630,0.788879394531,-0.542297363281,-0.259460449219,-0.12744140625,-4107.0,739.0,-6651.0,-13.0,-3.0,5.0,
1646996437276166439,0.788818359375,-0.542358398438,-0.259887695312,-0.126831054688,-4168.0,770.0,-6705.0,-11.0,-2.0,4.0,
1646996437279642343,0.788757324219,-0.54248046875,-0.260192871094,-0.126281738281,-4231.0,798.0,-6763.0,-9.0,0.0,4.0,
1646996437284614801,0.788696289062,-0.542541503906,-0.260375976562,-0.125854492188,-4282.0,817.0,-6823.0,-7.0,1.0,3.0,
1646996437289310932,0.788635253906,-0.542663574219,-0.260498046875,-0.12548828125,-4302.0,815.0,-6856.0,-5.0,1.0,2.0,
1646996437293782949,0.788635253906,-0.542724609375,-0.260498046875,-0.125183105469,-4318.0,799.0,-6891.0,-4.0,2.0,2.0,
1646996437298371076,0.788696289062,-0.542724609375,-0.260498046875,-0.124877929688,-4350.0,772.0,-6926.0,-4.0,2.0,1.0,
1646996437306470632,0.788696289062,-0.542724609375,-0.260498046875,-0.124694824219,-4414.0,753.0,-6957.0,-4.0,1.0,0.0,
1646996437310966491,0.788818359375,-0.542602539062,-0.260620117188,-0.124450683594,-4500.0,744.0,-6980.0,-5.0,0.0,-1.0,
1646996437319655418,0.788879394531,-0.542419433594,-0.2607421875,-0.124267578125,-4597.0,733.0,-6984.0,-6.0,1.0,-2.0,
1646996437324352979,0.7890625,-0.542236328125,-0.260803222656,-0.123901367188,-4705.0,722.0,-6978.0,-6.0,3.0,-3.0,
1646996437329991340,0.789611816406,-0.541809082031,-0.260559082031,-0.122924804688,-4849.0,714.0,-6964.0,-8.0,10.0,-4.0,
1646996437334481477,0.789978027344,-0.541564941406,-0.260131835938,-0.122253417969,-4864.0,729.0,-6950.0,-8.0,14.0,-4.0,
1646996437339406967,0.790466308594,-0.541320800781,-0.259643554688,-0.121398925781,-4829.0,751.0,-6933.0,-8.0,17.0,-5.0,
1646996437343889713,0.790954589844,-0.541137695312,-0.258972167969,-0.120483398438,-4753.0,779.0,-6938.0,-8.0,18.0,-5.0,
