1650621035311528921,0.402038574219,0.5146484375,-0.0185546875,0.757019042969,-5963.0,4845.0,1165.0,-130.0,-88.0,-14.0,
1650621035314533233,0.3955078125,0.510681152344,-0.01708984375,0.76318359375,-5835.0,4838.0,1325.0,-131.0,-90.0,-12.0,
1650621035329645395,0.388977050781,0.50634765625,-0.0156860351562,0.769348144531,-5731.0,4802.0,1497.0,-131.0,-95.0,-11.0,
1650621035330710887,0.382629394531,0.501892089844,-0.0143432617188,0.775512695312,-5669.0,4720.0,1677.0,-128.0,-97.0,-9.0,
1650621035331143379,0.376281738281,0.497314453125,-0.0130615234375,0.781555175781,-5631.0,4637.0,1838.0,-125.0,-98.0,-7.0,
1650621035342682600,0.369995117188,0.492614746094,-0.011962890625,0.787536621094,-5659.0,4610.0,2007.0,-124.0,-101.0,-8.0,
1650621035344906568,0.36376953125,0.487915039062,-0.010986328125,0.793334960938,-5683.0,4618.0,2208.0,-120.0,-100.0,-10.0,
1650621035354319572,0.351806640625,0.479125976562,-0.00897216796875,0.804077148438,-5510.0,4476.0,2559.0,-114.0,-88.0,-9.0,
1650621035360537767,0.339660644531,0.470153808594,-0.0069580078125,0.814514160156,-5492.0,4336.0,2720.0,-116.0,-94.0,-9.0,
1650621035364957809,0.333679199219,0.465637207031,-0.005859375,0.819580078125,-5580.0,4284.0,2786.0,-116.0,-93.0,-7.0,
1650621035369656801,0.327697753906,0.46142578125,-0.00457763671875,0.824340820312,-5667.0,4245.0,2852.0,-115.0,-86.0,-4.0,
1650621035374326229,0.321838378906,0.457397460938,-0.00311279296875,0.828918457031,-5761.0,4215.0,2903.0,-114.0,-81.0,-2.0,
1650621035379067182,0.31591796875,0.453552246094,-0.00146484375,0.833251953125,-5907.0,4201.0,2925.0,-115.0,-77.0,-1.0,
1650621035383757114,0.310119628906,0.450012207031,0.0003662109375,0.83740234375,-6082.0,4206.0,2929.0,-115.0,-71.0,2.0,
1650621035388392448,0.304504394531,0.446960449219,0.00250244140625,0.841064453125,-6264.0,4219.0,2942.0,-113.0,-61.0,4.0,
1650621035395538806,0.298950195312,0.444519042969,0.00482177734375,0.844360351562,-6397.0,4233.0,2848.0,-111.0,-49.0,5.0,
1650621035400338649,0.293640136719,0.442626953125,0.00726318359375,0.84716796875,-6595.0,4255.0,2744.0,-108.0,-40.0,5.0,
1650621035404886722,0.288452148438,0.441284179688,0.009521484375,0.849609375,-6864.0,4270.0,2667.0,-104.0,-32.0,2.0,
1650621035409603595,0.283630371094,0.441040039062,0.0119018554688,0.851379394531,-7067.0,4282.0,2638.0,-96.0,-12.0,2.0,
1650621035414180278,0.279296875,0.442077636719,0.0145263671875,0.852172851562,-7062.0,4292.0,2653.0,-87.0,14.0,2.0,
1650621035418696403,0.275390625,0.444030761719,0.0173950195312,0.852416992188,-6903.0,4295.0,2704.0,-79.0,34.0,4.0,
1650621035423191547,0.271789550781,0.446228027344,0.0204467773438,0.852355957031,-6693.0,4257.0,2788.0,-74.0,44.0,5.0,
1650621035430310487,0.268371582031,0.448425292969,0.0236206054688,0.852172851562,-6423.0,4161.0,2870.0,-71.0,46.0,7.0,
1650621035434840917,0.265197753906,0.450561523438,0.0267944335938,0.851989746094,-6084.0,4044.0,2926.0,-67.0,48.0,10.0,
1650621035439360857,0.262268066406,0.452331542969,0.0299682617188,0.851806640625,-5753.0,3933.0,3023.0,-64.0,42.0,12.0,
1650621035445123434,0.259460449219,0.453369140625,0.0330200195312,0.851989746094,-5482.0,3819.0,3115.0,-62.0,30.0,14.0,
1650621035451302289,0.256774902344,0.453735351562,0.0359497070312,0.8525390625,-5271.0,3712.0,3192.0,-60.0,18.0,16.0,
1650621035456031799,0.254211425781,0.453491210938,0.0386962890625,0.853332519531,-5127.0,3655.0,3262.0,-60.0,6.0,18.0,
1650621035460697650,0.251770019531,0.452514648438,0.0413818359375,0.854431152344,-5047.0,3648.0,3260.0,-60.0,-6.0,20.0,
1650621035466365814,0.249450683594,0.451171875,0.0440673828125,0.855712890625,-5043.0,3628.0,3257.0,-59.0,-15.0,22.0,
1650621035469843626,0.247253417969,0.449523925781,0.046630859375,0.857055664062,-5114.0,3590.0,3204.0,-58.0,-21.0,24.0,
1650621035474385976,0.245056152344,0.44775390625,0.049072265625,0.858459472656,-5228.0,3567.0,3149.0,-57.0,-26.0,25.0,
1650621035479294538,0.243041992188,0.445922851562,0.051513671875,0.85986328125,-5357.0,3590.0,3077.0,-55.0,-27.0,25.0,
1650621035483884334,0.241149902344,0.444152832031,0.0538330078125,0.861145019531,-5500.0,3651.0,3011.0,-53.0,-28.0,25.0,
1650621035488387107,0.239379882812,0.4423828125,0.05615234375,0.862365722656,-5629.0,3725.0,2950.0,-51.0,-27.0,25.0,
1650621035493094682,0.237915039062,0.440856933594,0.0584716796875,0.863403320312,-5713.0,3784.0,2913.0,-47.0,-24.0,26.0,
1650621035500928163,0.236572265625,0.439453125,0.060791015625,0.864379882812,-5761.0,3814.0,2907.0,-44.0,-21.0,26.0,
1650621035505476713,0.2353515625,0.43798828125,0.0630493164062,0.865295410156,-5749.0,3845.0,2897.0,-42.0,-22.0,27.0,
1650621035509879112,0.234252929688,0.436340332031,0.0653076171875,0.866271972656,-5733.0,3899.0,2932.0,-41.0,-24.0,28.0,
1650621035514714002,0.233093261719,0.434265136719,0.0675048828125,0.867431640625,-5746.0,3984.0,2967.0,-42.0,-30.0,28.0,
1650621035519114494,0.231994628906,0.431945800781,0.0697631835938,0.86865234375,-5814.0,4095.0,2987.0,-43.0,-36.0,29.0,
1650621035523936748,0.231018066406,0.429748535156,0.0719604492188,0.869873046875,-5882.0,4189.0,3026.0,-41.0,-35.0,29.0,
1650621035528438806,0.230102539062,0.427612304688,0.0741577148438,0.870971679688,-5901.0,4270.0,3116.0,-39.0,-33.0,29.0,
1650621035533143281,0.229187011719,0.425415039062,0.0762329101562,0.872131347656,-5902.0,4352.0,3231.0,-38.0,-34.0,28.0,
1650621035540382385,0.228210449219,0.422973632812,0.0781860351562,0.873352050781,-5907.0,4438.0,3341.0,-39.0,-37.0,26.0,
1650621035547678947,0.227294921875,0.420471191406,0.080078125,0.874633789062,-5913.0,4524.0,3459.0,-38.0,-39.0,25.0,
1650621035551912307,0.226318359375,0.417907714844,0.0818481445312,0.8759765625,-5935.0,4613.0,3570.0,-38.0,-40.0,23.0,
1650621035556345701,0.225341796875,0.415283203125,0.08349609375,0.877319335938,-5972.0,4697.0,3677.0,-38.0,-42.0,22.0,
1650621035561279296,0.224365234375,0.412658691406,0.0850830078125,0.878662109375,-6022.0,4772.0,3769.0,-38.0,-42.0,21.0,
1650621035565802097,0.223327636719,0.410034179688,0.086669921875,0.880004882812,-6075.0,4828.0,3860.0,-38.0,-42.0,21.0,
1650621035570221424,0.222290039062,0.407592773438,0.0883178710938,0.881225585938,-6106.0,4875.0,3933.0,-38.0,-40.0,21.0,
1650621035574712038,0.22119140625,0.405151367188,0.0900268554688,0.882446289062,-6110.0,4925.0,4001.0,-39.0,-38.0,21.0,
1650621035579486131,0.220092773438,0.402770996094,0.091796875,0.883605957031,-6108.0,4973.0,4053.0,-40.0,-37.0,22.0,
1650621035583974123,0.218933105469,0.400390625,0.0935668945312,0.884826660156,-6116.0,5013.0,4096.0,-41.0,-37.0,22.0,
1650621035588647842,0.2177734375,0.398010253906,0.095458984375,0.885986328125,-6106.0,5042.0,4134.0,-41.0,-36.0,23.0,
1650621035594274282,0.216613769531,0.395751953125,0.0972900390625,0.887084960938,-6077.0,5062.0,4167.0,-41.0,-34.0,23.0,
1650621035597900867,0.215393066406,0.3935546875,0.0992431640625,0.888122558594,-6023.0,5088.0,4210.0,-42.0,-33.0,23.0,
1650621035605286121,0.214233398438,0.391296386719,0.101135253906,0.88916015625,-5957.0,5110.0,4242.0,-42.0,-33.0,23.0,
1650621035609959602,0.213073730469,0.389038085938,0.10302734375,0.890258789062,-5906.0,5133.0,4281.0,-42.0,-34.0,23.0,
1650621035614602804,0.2119140625,0.386596679688,0.104858398438,0.891357421875,-5865.0,5160.0,4331.0,-41.0,-36.0,22.0,
1650621035619369029,0.210876464844,0.384216308594,0.106689453125,0.892456054688,-5838.0,5176.0,4382.0,-40.0,-36.0,22.0,
1650621035623921155,0.209838867188,0.3818359375,0.1083984375,0.893493652344,-5807.0,5171.0,4423.0,-38.0,-36.0,21.0,
1650621035628433942,0.208862304688,0.379577636719,0.110046386719,0.894470214844,-5774.0,5164.0,4480.0,-37.0,-35.0,21.0,
1650621035635755777,0.207946777344,0.377380371094,0.111572265625,0.895446777344,-5740.0,5157.0,4525.0,-35.0,-33.0,19.0,
1650621035640211105,0.207092285156,0.375305175781,0.113037109375,0.896301269531,-5712.0,5141.0,4571.0,-33.0,-32.0,18.0,
1650621035645194292,0.206298828125,0.373352050781,0.114379882812,0.897155761719,-5669.0,5130.0,4633.0,-30.0,-30.0,17.0,
1650621035651353597,0.205688476562,0.371520996094,0.115661621094,0.897888183594,-5621.0,5117.0,4692.0,-28.0,-28.0,16.0,
1650621035656574726,0.205078125,0.369750976562,0.116821289062,0.898620605469,-5589.0,5109.0,4741.0,-25.0,-27.0,15.0,
1650621035661446809,0.204650878906,0.368041992188,0.117858886719,0.899230957031,-5592.0,5095.0,4774.0,-23.0,-26.0,14.0,
1650621035665900707,0.204223632812,0.366516113281,0.118835449219,0.899841308594,-5615.0,5077.0,4789.0,-21.0,-25.0,13.0,
1650621035670774221,0.203918457031,0.365234375,0.11962890625,0.900329589844,-5655.0,5056.0,4811.0,-18.0,-22.0,12.0,
1650621035675212860,0.203674316406,0.364196777344,0.120422363281,0.900695800781,-5702.0,5030.0,4814.0,-16.0,-18.0,11.0,
1650621035679958343,0.203491210938,0.363464355469,0.12109375,0.900939941406,-5765.0,5007.0,4799.0,-14.0,-13.0,9.0,
1650621035684750318,0.203308105469,0.363159179688,0.121765136719,0.901000976562,-5831.0,4989.0,4777.0,-11.0,-8.0,8.0,
1650621035689546346,0.203247070312,0.36328125,0.122375488281,0.900939941406,-5874.0,4964.0,4753.0,-9.0,-1.0,7.0,
1650621035694105148,0.203247070312,0.36376953125,0.122985839844,0.900634765625,-5879.0,4946.0,4732.0,-6.0,7.0,7.0,
1650621035698742628,0.203308105469,0.364685058594,0.123596191406,0.900146484375,-5845.0,4916.0,4714.0,-4.0,13.0,7.0,
1650621035703510046,0.203430175781,0.36572265625,0.124267578125,0.899597167969,-5799.0,4873.0,4705.0,-2.0,17.0,6.0,
1650621035708365201,0.20361328125,0.366943359375,0.124938964844,0.898986816406,-5746.0,4822.0,4694.0,-1.0,20.0,6.0,
1650621035712868928,0.203857421875,0.368225097656,0.125549316406,0.898315429688,-5702.0,4773.0,4699.0,0.0,21.0,6.0,
1650621035719943523,0.2041015625,0.369567871094,0.126159667969,0.897644042969,-5656.0,4720.0,4712.0,2.0,22.0,6.0,
1650621035724564075,0.204345703125,0.370910644531,0.126708984375,0.89697265625,-5610.0,4675.0,4726.0,3.0,23.0,5.0,
1650621035729343891,0.204650878906,0.372253417969,0.127197265625,0.896240234375,-5551.0,4636.0,4733.0,4.0,22.0,4.0,
1650621035733968019,0.205017089844,0.373474121094,0.127563476562,0.895568847656,-5503.0,4614.0,4730.0,5.0,21.0,4.0,
1650621035738475799,0.205505371094,0.374572753906,0.1279296875,0.894958496094,-5483.0,4604.0,4736.0,6.0,18.0,4.0,
1650621035743135929,0.206115722656,0.375549316406,0.128112792969,0.894409179688,-5482.0,4601.0,4752.0,8.0,15.0,3.0,
1650621035748196840,0.206848144531,0.376403808594,0.128234863281,0.893859863281,-5502.0,4586.0,4770.0,11.0,13.0,2.0,
1650621035756723165,0.207763671875,0.377258300781,0.128173828125,0.893310546875,-5552.0,4575.0,4775.0,14.0,12.0,2.0,
1650621035761771917,0.208740234375,0.378173828125,0.127990722656,0.892700195312,-5673.0,4597.0,4790.0,17.0,11.0,0.0,
1650621035766218662,0.209899902344,0.379211425781,0.127502441406,0.89208984375,-5866.0,4663.0,4797.0,21.0,11.0,-2.0,
1650621035770920276,0.211242675781,0.380737304688,0.126770019531,0.891174316406,-6073.0,4726.0,4804.0,27.0,17.0,-6.0,
1650621035775438308,0.212829589844,0.383056640625,0.125793457031,0.889953613281,-6251.0,4759.0,4813.0,34.0,28.0,-9.0,
1650621035780209064,0.214599609375,0.386108398438,0.124633789062,0.888427734375,-6374.0,4768.0,4811.0,41.0,41.0,-13.0,
1650621035785438060,0.216491699219,0.389831542969,0.123229980469,0.886474609375,-6446.0,4776.0,4791.0,48.0,52.0,-16.0,
1650621035789749145,0.218627929688,0.393981933594,0.121765136719,0.884338378906,-6468.0,4789.0,4760.0,54.0,60.0,-19.0,
1650621035794468879,0.220947265625,0.398559570312,0.1201171875,0.881896972656,-6434.0,4769.0,4732.0,59.0,67.0,-20.0,
1650621035799952983,0.223449707031,0.403503417969,0.118408203125,0.879272460938,-6345.0,4703.0,4730.0,64.0,74.0,-21.0,
1650621035803824901,0.226013183594,0.408508300781,0.11669921875,0.876525878906,-6218.0,4609.0,4714.0,67.0,78.0,-22.0,
1650621035808656454,0.228576660156,0.413513183594,0.114929199219,0.873779296875,-6081.0,4504.0,4710.0,68.0,78.0,-22.0,
1650621035813011169,0.231079101562,0.418273925781,0.113037109375,0.87109375,-5944.0,4382.0,4720.0,67.0,75.0,-23.0,
1650621035816709280,0.233520507812,0.422729492188,0.111083984375,0.868530273438,-5830.0,4276.0,4731.0,67.0,71.0,-24.0,
1650621035825580358,0.23583984375,0.4267578125,0.109069824219,0.866149902344,-5750.0,4240.0,4700.0,65.0,63.0,-24.0,
1650621035830505609,0.238220214844,0.430419921875,0.10693359375,0.863952636719,-5744.0,4219.0,4651.0,64.0,55.0,-25.0,
1650621035835286378,0.240539550781,0.433837890625,0.104553222656,0.861877441406,-5802.0,4205.0,4592.0,64.0,50.0,-27.0,
1650621035840203762,0.242919921875,0.437255859375,0.101928710938,0.859802246094,-5897.0,4203.0,4545.0,66.0,48.0,-29.0,
1650621035844673871,0.245361328125,0.440734863281,0.09912109375,0.857666015625,-6020.0,4224.0,4496.0,69.0,48.0,-33.0,
1650621035849385023,0.247863769531,0.444396972656,0.0960083007812,0.85546875,-6166.0,4291.0,4459.0,72.0,49.0,-36.0,
1650621035854753732,0.250427246094,0.4482421875,0.0927124023438,0.85302734375,-6338.0,4370.0,4451.0,76.0,52.0,-39.0,
1650621035861706495,0.253051757812,0.452392578125,0.0891723632812,0.850463867188,-6469.0,4448.0,4396.0,79.0,57.0,-43.0,
1650621035867475986,0.255798339844,0.456909179688,0.0853881835938,0.847595214844,-6584.0,4514.0,4320.0,84.0,63.0,-47.0,
1650621035871023654,0.258666992188,0.461730957031,0.0813598632812,0.844482421875,-6714.0,4574.0,4218.0,88.0,67.0,-51.0,
1650621035875760555,0.26171875,0.466918945312,0.0770263671875,0.841125488281,-6849.0,4626.0,4120.0,94.0,72.0,-54.0,
1650621035880207061,0.264892578125,0.472473144531,0.0724487304688,0.83740234375,-6972.0,4663.0,4031.0,101.0,78.0,-57.0,
1650621035885092020,0.268310546875,0.478393554688,0.0677490234375,0.833374023438,-7092.0,4694.0,3941.0,106.0,86.0,-59.0,
1650621035889650106,0.271789550781,0.484619140625,0.0628662109375,0.828979492188,-7186.0,4697.0,3902.0,110.0,91.0,-61.0,
1650621035894195795,0.275268554688,0.491088867188,0.0580444335938,0.824401855469,-7260.0,4705.0,3829.0,113.0,99.0,-62.0,
1650621035898900747,0.278686523438,0.497680664062,0.0531616210938,0.819580078125,-7216.0,4628.0,3794.0,114.0,102.0,-63.0,
1650621035903353691,0.282043457031,0.504272460938,0.04833984375,0.814697265625,-7223.0,4503.0,3585.0,113.0,104.0,-62.0,
1650621035908237457,0.28515625,0.510498046875,0.0433959960938,0.809997558594,-7182.0,4433.0,3404.0,109.0,95.0,-64.0,
1650621035912664651,0.288391113281,0.516906738281,0.03857421875,0.805053710938,-7022.0,4377.0,3190.0,110.0,100.0,-63.0,
1650621035919886350,0.2919921875,0.523498535156,0.033935546875,0.799682617188,-6825.0,4206.0,3012.0,115.0,107.0,-60.0,
1650621035924577236,0.295532226562,0.529541015625,0.0291748046875,0.794555664062,-6566.0,4062.0,2801.0,115.0,98.0,-58.0,
1650621035929206132,0.299377441406,0.535095214844,0.0244140625,0.789489746094,-6318.0,4002.0,2632.0,118.0,91.0,-54.0,
1650621035933872222,0.303405761719,0.540100097656,0.0194091796875,0.784729003906,-6211.0,3999.0,2574.0,121.0,81.0,-54.0,
1650621035938719034,0.307312011719,0.544250488281,0.013916015625,0.780456542969,-6335.0,4067.0,2638.0,122.0,64.0,-58.0,
1650621035943058252,0.310729980469,0.547973632812,0.00787353515625,0.776550292969,-6602.0,4163.0,2804.0,120.0,55.0,-66.0,
1650621035947448253,0.313598632812,0.551940917969,0.00164794921875,0.772583007812,-7005.0,4248.0,2971.0,115.0,59.0,-74.0,
1650621035955386161,0.315551757812,0.556457519531,-0.00469970703125,0.7685546875,-7464.0,4328.0,3022.0,106.0,66.0,-84.0,
1650621035968359470,0.316833496094,0.561767578125,-0.0108642578125,0.764038085938,-7862.0,4415.0,3026.0,98.0,80.0,-92.0,
1650621035968977928,0.31787109375,0.568359375,-0.0164794921875,0.758605957031,-8037.0,4461.0,2959.0,94.0,107.0,-94.0,
1650621035969340324,0.319091796875,0.576110839844,-0.021240234375,0.752136230469,-7797.0,4385.0,2821.0,92.0,135.0,-90.0,
1650621035981549739,0.32080078125,0.584411621094,-0.0248413085938,0.744873046875,-7198.0,4178.0,2639.0,92.0,157.0,-77.0,
1650621035982207298,0.322937011719,0.59228515625,-0.0274658203125,0.737609863281,-6551.0,3877.0,2485.0,87.0,156.0,-60.0,
1650621035985002279,0.324951171875,0.598815917969,-0.0294799804688,0.731384277344,-6155.0,3520.0,2398.0,75.0,134.0,-45.0,
1650621035989709138,0.326293945312,0.603881835938,-0.0310668945312,0.726501464844,-6088.0,3178.0,2247.0,58.0,106.0,-34.0,
1650621035994189262,0.327026367188,0.608276367188,-0.0321655273438,0.722412109375,-6074.0,2886.0,1947.0,41.0,90.0,-28.0,
1650621035999154806,0.327392578125,0.61279296875,-0.0327758789062,0.718444824219,-5989.0,2702.0,1645.0,30.0,89.0,-24.0,
1650621036003578662,0.327392578125,0.6171875,-0.0330810546875,0.714660644531,-5873.0,2569.0,1389.0,20.0,87.0,-27.0,
1650621036008369684,0.326782226562,0.62109375,-0.0333862304688,0.711486816406,-5885.0,2531.0,1118.0,10.0,75.0,-31.0,
1650621036012914419,0.325439453125,0.624328613281,-0.033935546875,0.709289550781,-6129.0,2627.0,866.0,-1.0,55.0,-37.0,
1650621036019864320,0.323547363281,0.627197265625,-0.034912109375,0.707580566406,-6512.0,2854.0,671.0,-6.0,42.0,-46.0,
1650621036024436950,0.321472167969,0.630432128906,-0.0361328125,0.70556640625,-6782.0,3179.0,493.0,-4.0,49.0,-56.0,
1650621036029410362,0.319580078125,0.634521484375,-0.0374145507812,0.702697753906,-6921.0,3508.0,353.0,3.0,66.0,-62.0,
1650621036033786535,0.317993164062,0.63916015625,-0.0388793945312,0.699096679688,-6990.0,3746.0,252.0,11.0,81.0,-67.0,
1650621036038455724,0.316528320312,0.644226074219,-0.0404663085938,0.695007324219,-7049.0,3918.0,141.0,18.0,91.0,-70.0,
1650621036042942047,0.315185546875,0.649536132812,-0.042236328125,0.690551757812,-7124.0,4054.0,4.0,22.0,96.0,-71.0,
1650621036046280384,0.314147949219,0.655151367188,-0.0440063476562,0.685607910156,-7180.0,4156.0,-149.0,28.0,104.0,-70.0,
1650621036054874897,0.313415527344,0.661071777344,-0.0457153320312,0.680114746094,-7154.0,4191.0,-289.0,34.0,114.0,-68.0,
1650621036059762001,0.313049316406,0.667236328125,-0.0474243164062,0.674133300781,-7092.0,4140.0,-364.0,39.0,122.0,-65.0,
1650621036066712379,0.312805175781,0.67333984375,-0.0489501953125,0.668029785156,-6988.0,3997.0,-467.0,40.0,125.0,-61.0,
1650621036071072101,0.312561035156,0.679321289062,-0.05029296875,0.661987304688,-6913.0,3854.0,-527.0,38.0,124.0,-56.0,
1650621036076963424,0.312194824219,0.684936523438,-0.051513671875,0.65625,-6863.0,3723.0,-629.0,33.0,117.0,-53.0,
1650621036080310344,0.311645507812,0.690246582031,-0.0524291992188,0.650817871094,-6826.0,3598.0,-773.0,28.0,111.0,-51.0,
1650621036085078001,0.31103515625,0.695434570312,-0.0531616210938,0.645568847656,-6836.0,3479.0,-899.0,24.0,109.0,-48.0,
1650621036089796304,0.310302734375,0.700378417969,-0.0537719726562,0.640502929688,-6870.0,3381.0,-1002.0,19.0,104.0,-47.0,
1650621036094300746,0.309326171875,0.705139160156,-0.0542602539062,0.635620117188,-6874.0,3313.0,-1115.0,15.0,101.0,-47.0,
1650621036099181652,0.308227539062,0.709838867188,-0.0546264648438,0.630859375,-6845.0,3276.0,-1244.0,12.0,100.0,-47.0,
1650621036103948593,0.307067871094,0.714416503906,-0.0548706054688,0.626220703125,-6812.0,3263.0,-1380.0,10.0,97.0,-47.0,
1650621036108594417,0.305847167969,0.718933105469,-0.0551147460938,0.621704101562,-6796.0,3270.0,-1506.0,9.0,94.0,-47.0,
1650621036113217592,0.304565429688,0.723266601562,-0.0554809570312,0.617248535156,-6840.0,3297.0,-1627.0,9.0,91.0,-49.0,
1650621036117702245,0.303283691406,0.7275390625,-0.055908203125,0.61279296875,-6916.0,3324.0,-1759.0,10.0,90.0,-50.0,
1650621036125005483,0.302001953125,0.731872558594,-0.0564575195312,0.608154296875,-6975.0,3329.0,-1906.0,13.0,93.0,-52.0,
1650621036129164457,0.30078125,0.736328125,-0.05712890625,0.603271484375,-7013.0,3318.0,-2070.0,16.0,95.0,-52.0,
1650621036133860111,0.299621582031,0.740783691406,-0.0578002929688,0.598388671875,-7050.0,3291.0,-2216.0,17.0,95.0,-52.0,
1650621036143659114,0.298583984375,0.7451171875,-0.0584716796875,0.593383789062,-7055.0,3241.0,-2336.0,18.0,95.0,-49.0,
1650621036144208192,0.297668457031,0.749267578125,-0.0590209960938,0.588562011719,-7068.0,3177.0,-2441.0,17.0,93.0,-46.0,
1650621036150498867,0.296630859375,0.753173828125,-0.0595092773438,0.583984375,-7128.0,3116.0,-2540.0,14.0,87.0,-43.0,
1650621036154743909,0.295654296875,0.756896972656,-0.059814453125,0.579711914062,-7198.0,3064.0,-2635.0,11.0,83.0,-41.0,
1650621036161816358,0.294555664062,0.760437011719,-0.0599365234375,0.575561523438,-7252.0,3002.0,-2708.0,8.0,81.0,-39.0,
1650621036166250467,0.29345703125,0.763916015625,-0.0598754882812,0.571533203125,-7290.0,2930.0,-2769.0,5.0,81.0,-36.0,
1650621036171175718,0.292297363281,0.767333984375,-0.0595703125,0.567565917969,-7314.0,2870.0,-2833.0,1.0,80.0,-35.0,
1650621036175737857,0.290954589844,0.770629882812,-0.05908203125,0.563842773438,-7351.0,2826.0,-2916.0,-4.0,78.0,-34.0,
1650621036180508613,0.289489746094,0.77392578125,-0.0584106445312,0.560180664062,-7380.0,2793.0,-2997.0,-8.0,76.0,-34.0,
1650621036186232805,0.287902832031,0.777160644531,-0.0576171875,0.556518554688,-7383.0,2766.0,-3072.0,-10.0,76.0,-34.0,
1650621036189802169,0.286315917969,0.780395507812,-0.0567016601562,0.552856445312,-7295.0,2755.0,-3130.0,-11.0,77.0,-34.0,
1650621036194562196,0.284729003906,0.78369140625,-0.0558471679688,0.549133300781,-7118.0,2763.0,-3160.0,-11.0,77.0,-35.0,
1650621036199138879,0.283142089844,0.786682128906,-0.0549926757812,0.545715332031,-6928.0,2776.0,-3181.0,-11.0,72.0,-35.0,
1650621036205801248,0.281616210938,0.789428710938,-0.05419921875,0.542602539062,-6759.0,2770.0,-3231.0,-11.0,64.0,-34.0,
1650621036208488225,0.280090332031,0.791870117188,-0.0535278320312,0.539916992188,-6633.0,2756.0,-3293.0,-11.0,55.0,-32.0,
1650621036213671445,0.278625488281,0.7939453125,-0.0529174804688,0.537719726562,-6602.0,2735.0,-3352.0,-12.0,45.0,-30.0,
1650621036218387126,0.277160644531,0.795715332031,-0.0524291992188,0.535888671875,-6657.0,2688.0,-3411.0,-12.0,37.0,-28.0,
1650621036222745895,0.275695800781,0.79736328125,-0.052001953125,0.534240722656,-6720.0,2619.0,-3457.0,-12.0,35.0,-27.0,
1650621036227561473,0.274230957031,0.799011230469,-0.0516357421875,0.532531738281,-6762.0,2560.0,-3498.0,-11.0,35.0,-27.0,
1650621036234602689,0.272827148438,0.800659179688,-0.0512084960938,0.530822753906,-6788.0,2500.0,-3526.0,-11.0,37.0,-27.0,
1650621036239442586,0.271484375,0.802368164062,-0.05078125,0.528991699219,-6756.0,2456.0,-3534.0,-11.0,38.0,-26.0,
1650621036244031190,0.270141601562,0.804077148438,-0.05029296875,0.527160644531,-6720.0,2410.0,-3532.0,-11.0,38.0,-25.0,
1650621036248971939,0.268859863281,0.8056640625,-0.0498046875,0.525390625,-6687.0,2362.0,-3525.0,-11.0,37.0,-24.0,
1650621036253408432,0.267639160156,0.807189941406,-0.0492553710938,0.523742675781,-6658.0,2327.0,-3524.0,-11.0,35.0,-22.0,
1650621036258529901,0.266418457031,0.808654785156,-0.0487060546875,0.522155761719,-6635.0,2306.0,-3545.0,-11.0,34.0,-21.0,
1650621036264103174,0.265319824219,0.809997558594,-0.0481567382812,0.520629882812,-6633.0,2291.0,-3571.0,-11.0,32.0,-20.0,
1650621036269202709,0.264282226562,0.811340332031,-0.0475463867188,0.519165039062,-6665.0,2277.0,-3596.0,-10.0,31.0,-19.0,
1650621036274053573,0.263305664062,0.812622070312,-0.0469970703125,0.517639160156,-6702.0,2247.0,-3619.0,-10.0,32.0,-18.0,
1650621036278927326,0.262390136719,0.814086914062,-0.0464477539062,0.515930175781,-6679.0,2205.0,-3647.0,-8.0,36.0,-17.0,
1650621036283521652,0.261596679688,0.815612792969,-0.0458374023438,0.513977050781,-6607.0,2166.0,-3678.0,-8.0,40.0,-16.0,
1650621036288064002,0.260803222656,0.817077636719,-0.045166015625,0.512023925781,-6544.0,2134.0,-3705.0,-8.0,39.0,-14.0,
1650621036293093204,0.260070800781,0.818481445312,-0.04443359375,0.510314941406,-6525.0,2103.0,-3760.0,-10.0,35.0,-13.0,
1650621036297666072,0.259399414062,0.819763183594,-0.0436401367188,0.508666992188,-6530.0,2093.0,-3816.0,-11.0,33.0,-11.0,
1650621036301270484,0.258728027344,0.820983886719,-0.0427856445312,0.507080078125,-6560.0,2109.0,-3874.0,-11.0,32.0,-11.0,
1650621036309434413,0.258056640625,0.822143554688,-0.0419921875,0.505554199219,-6593.0,2142.0,-3946.0,-10.0,32.0,-11.0,
1650621036314234972,0.257446289062,0.823425292969,-0.041259765625,0.503845214844,-6618.0,2177.0,-4007.0,-8.0,34.0,-12.0,
1650621036318929910,0.2568359375,0.824829101562,-0.0406494140625,0.501953125,-6634.0,2218.0,-4070.0,-5.0,37.0,-14.0,
1650621036323577880,0.256225585938,0.826293945312,-0.0402221679688,0.499877929688,-6637.0,2234.0,-4137.0,-2.0,39.0,-16.0,
1650621036328084230,0.255615234375,0.827880859375,-0.0399780273438,0.49755859375,-6613.0,2239.0,-4199.0,1.0,42.0,-18.0,
1650621036332930564,0.255065917969,0.829528808594,-0.0399780273438,0.4951171875,-6568.0,2225.0,-4252.0,4.0,44.0,-20.0,
1650621036337470054,0.254455566406,0.831237792969,-0.0401000976562,0.492614746094,-6517.0,2207.0,-4295.0,7.0,44.0,-21.0,
1650621036341159820,0.253845214844,0.832885742188,-0.0404663085938,0.490051269531,-6447.0,2184.0,-4323.0,10.0,44.0,-23.0,
1650621036349157571,0.253234863281,0.834533691406,-0.0409545898438,0.487426757812,-6352.0,2149.0,-4341.0,12.0,43.0,-23.0,
1650621036353733062,0.252746582031,0.836120605469,-0.0415649414062,0.484924316406,-6245.0,2104.0,-4359.0,14.0,41.0,-23.0,
1650621036358251094,0.252319335938,0.837646484375,-0.042236328125,0.482543945312,-6161.0,2042.0,-4370.0,15.0,38.0,-22.0,
1650621036363272190,0.251953125,0.838928222656,-0.0429077148438,0.480407714844,-6102.0,1970.0,-4382.0,15.0,34.0,-20.0,
1650621036370373964,0.251647949219,0.840087890625,-0.0436401367188,0.478454589844,-6061.0,1896.0,-4389.0,14.0,29.0,-18.0,
1650621036374139547,0.251403808594,0.841064453125,-0.0442504882812,0.476867675781,-6039.0,1831.0,-4389.0,12.0,25.0,-15.0,
1650621036378710985,0.251159667969,0.841857910156,-0.0447998046875,0.475524902344,-6017.0,1776.0,-4380.0,10.0,20.0,-13.0,
1650621036383280038,0.2509765625,0.842468261719,-0.0452270507812,0.474487304688,-6022.0,1727.0,-4368.0,8.0,15.0,-11.0,
1650621036387786149,0.250732421875,0.842956542969,-0.0455322265625,0.473693847656,-6058.0,1686.0,-4359.0,5.0,11.0,-9.0,
1650621036393017292,0.250549316406,0.843322753906,-0.0457153320312,0.47314453125,-6096.0,1654.0,-4349.0,3.0,9.0,-8.0,
1650621036399759292,0.250244140625,0.843566894531,-0.0458374023438,0.472778320312,-6146.0,1740.0,-4506.0,1.0,6.0,-7.0,
1650621036404398441,0.25,0.843811035156,-0.0458984375,0.472534179688,-6324.0,1884.0,-4624.0,0.0,1.0,-9.0,
1650621036409135580,0.249328613281,0.843505859375,-0.046142578125,0.473388671875,-6905.0,1870.0,-4755.0,-3.0,-17.0,-13.0,
1650621036413894891,0.248413085938,0.843322753906,-0.0467529296875,0.474182128906,-7310.0,1804.0,-4830.0,-2.0,-13.0,-16.0,
1650621036418430805,0.247680664062,0.844055175781,-0.04736328125,0.473205566406,-7285.0,1699.0,-4857.0,6.0,19.0,-18.0,
1650621036423283815,0.247009277344,0.84521484375,-0.0479125976562,0.471374511719,-7097.0,1670.0,-4865.0,8.0,31.0,-19.0,
1650621036428030967,0.246398925781,0.846252441406,-0.0482788085938,0.469787597656,-6979.0,1653.0,-4838.0,6.0,25.0,-19.0,
1650621036432484388,0.245727539062,0.847106933594,-0.0486450195312,0.468505859375,-6882.0,1603.0,-4788.0,5.0,21.0,-18.0,
1650621036436183452,0.245056152344,0.847961425781,-0.0490112304688,0.467346191406,-6766.0,1577.0,-4711.0,4.0,20.0,-18.0,
1650621036444478273,0.244323730469,0.848815917969,-0.0492553710938,0.466186523438,-6660.0,1582.0,-4650.0,2.0,20.0,-18.0,
1650621036449175357,0.243591308594,0.849609375,-0.0494384765625,0.465148925781,-6607.0,1607.0,-4599.0,1.0,18.0,-18.0,
1650621036453660249,0.242736816406,0.850341796875,-0.0496215820312,0.464172363281,-6588.0,1650.0,-4675.0,0.0,18.0,-19.0,
1650621036458952426,0.241882324219,0.851196289062,-0.0498046875,0.462951660156,-6498.0,1737.0,-4715.0,1.0,19.0,-21.0,
1650621036463112354,0.241149902344,0.852294921875,-0.050048828125,0.461364746094,-6427.0,1694.0,-4690.0,5.0,26.0,-22.0,
1650621036469425201,0.240112304688,0.853210449219,-0.050537109375,0.460083007812,-6566.0,1610.0,-4646.0,4.0,21.0,-24.0,
1650621036475291728,0.238891601562,0.854064941406,-0.0510864257812,0.459106445312,-6644.0,1631.0,-4575.0,2.0,19.0,-26.0,
1650621036480056285,0.23779296875,0.855285644531,-0.0515747070312,0.457397460938,-6448.0,1711.0,-4494.0,5.0,32.0,-28.0,
1650621036484784126,0.236633300781,0.856567382812,-0.052001953125,0.455505371094,-6329.0,1752.0,-4435.0,6.0,32.0,-30.0,
1650621036493776559,0.235290527344,0.857543945312,-0.0526123046875,0.454345703125,-6438.0,1822.0,-4446.0,4.0,19.0,-32.0,
1650621036494457006,0.233825683594,0.858520507812,-0.0534057617188,0.453186035156,-6528.0,1854.0,-4458.0,6.0,20.0,-35.0,
1650621036498471260,0.232360839844,0.859802246094,-0.0543212890625,0.451354980469,-6552.0,1818.0,-4478.0,10.0,32.0,-37.0,
1650621036503000974,0.230895996094,0.861267089844,-0.0553588867188,0.44921875,-6527.0,1764.0,-4502.0,11.0,37.0,-39.0,
1650621036507991313,0.229309082031,0.862854003906,-0.056396484375,0.446838378906,-6459.0,1710.0,-4551.0,12.0,40.0,-40.0,
1650621036511157035,0.227661132812,0.864440917969,-0.0574951171875,0.444396972656,-6384.0,1662.0,-4585.0,11.0,39.0,-42.0,
1650621036519616365,0.225891113281,0.866027832031,-0.05859375,0.442016601562,-6316.0,1608.0,-4594.0,11.0,38.0,-43.0,
1650621036524259328,0.224060058594,0.867553710938,-0.0596313476562,0.439819335938,-6273.0,1573.0,-4598.0,10.0,36.0,-44.0,
1650621036529137372,0.222229003906,0.869018554688,-0.0607299804688,0.437805175781,-6233.0,1566.0,-4612.0,9.0,33.0,-44.0,
1650621036533718824,0.220336914062,0.870422363281,-0.0617065429688,0.435852050781,-6186.0,1580.0,-4610.0,8.0,32.0,-44.0,
1650621036538273572,0.218383789062,0.871826171875,-0.0626831054688,0.433837890625,-6133.0,1608.0,-4580.0,8.0,32.0,-45.0,
1650621036542887210,0.216430664062,0.873168945312,-0.0636596679688,0.432006835938,-6101.0,1637.0,-4546.0,8.0,31.0,-45.0,
1650621036547809362,0.214477539062,0.874450683594,-0.0645751953125,0.430236816406,-6094.0,1652.0,-4549.0,7.0,29.0,-45.0,
1650621036551223993,0.212463378906,0.875671386719,-0.0654907226562,0.428527832031,-6119.0,1696.0,-4488.0,6.0,28.0,-46.0,
1650621036559246301,0.210388183594,0.876953125,-0.06640625,0.426818847656,-6158.0,1747.0,-4448.0,6.0,31.0,-47.0,
1650621036563913106,0.208312988281,0.878295898438,-0.0673217773438,0.424987792969,-6279.0,1740.0,-4447.0,7.0,32.0,-48.0,
1650621036568708181,0.205993652344,0.879699707031,-0.0684814453125,0.423034667969,-6421.0,1663.0,-4469.0,8.0,35.0,-52.0,
1650621036575070381,0.203430175781,0.88134765625,-0.0697631835938,0.420532226562,-6476.0,1523.0,-4507.0,10.0,44.0,-57.0,
1650621036580331802,0.200561523438,0.88330078125,-0.0712280273438,0.417541503906,-6563.0,1383.0,-4540.0,10.0,51.0,-63.0,
1650621036584826231,0.197326660156,0.885375976562,-0.07275390625,0.414428710938,-6597.0,1271.0,-4617.0,8.0,54.0,-69.0,
1650621036589566469,0.193908691406,0.887756347656,-0.07421875,0.410766601562,-6542.0,1108.0,-4690.0,8.0,62.0,-73.0,
1650621036594408035,0.190307617188,0.890258789062,-0.0756225585938,0.40673828125,-6482.0,939.0,-4770.0,6.0,67.0,-75.0,
1650621036598829030,0.186584472656,0.892761230469,-0.0769653320312,0.402648925781,-6398.0,835.0,-4868.0,3.0,68.0,-77.0,
1650621036603614568,0.182861328125,0.895385742188,-0.078125,0.398376464844,-6221.0,765.0,-4944.0,2.0,71.0,-76.0,
1650621036609001874,0.179260253906,0.89794921875,-0.0791015625,0.393920898438,-6037.0,696.0,-4973.0,2.0,72.0,-74.0,
1650621036622132062,0.175720214844,0.900390625,-0.0800170898438,0.389770507812,-5891.0,642.0,-4963.0,0.0,68.0,-72.0,
1650621036622959852,0.17236328125,0.902709960938,-0.080810546875,0.3857421875,-5759.0,599.0,-4924.0,-1.0,66.0,-68.0,
1650621036623257875,0.169189453125,0.904907226562,-0.0814208984375,0.381896972656,-5616.0,570.0,-4868.0,-2.0,65.0,-64.0,
1650621036636092901,0.166198730469,0.906982421875,-0.0819702148438,0.378112792969,-5455.0,550.0,-4892.0,-3.0,64.0,-61.0,
1650621036636612653,0.163208007812,0.908935546875,-0.0823974609375,0.37451171875,-5342.0,589.0,-4959.0,-4.0,58.0,-59.0,
1650621036637254238,0.160400390625,0.910827636719,-0.082763671875,0.37109375,-5383.0,618.0,-4987.0,-3.0,55.0,-57.0,
1650621036645396471,0.157653808594,0.91259765625,-0.083251953125,0.367858886719,-5376.0,655.0,-5199.0,-1.0,55.0,-56.0,
1650621036649857759,0.155029296875,0.914489746094,-0.083984375,0.364135742188,-5282.0,761.0,-5341.0,4.0,59.0,-58.0,
1650621036654441833,0.152526855469,0.916442871094,-0.0848999023438,0.35986328125,-5145.0,803.0,-5510.0,12.0,66.0,-59.0,
1650621036658990144,0.150207519531,0.91845703125,-0.086181640625,0.355529785156,-4982.0,718.0,-5725.0,17.0,66.0,-57.0,
1650621036664788007,0.148193359375,0.92041015625,-0.087890625,0.350830078125,-4795.0,494.0,-5845.0,24.0,68.0,-54.0,
1650621036668128252,0.146484375,0.922302246094,-0.0899047851562,0.345947265625,-4496.0,279.0,-5946.0,29.0,70.0,-48.0,
1650621036673774480,0.145080566406,0.924072265625,-0.0919189453125,0.34130859375,-4226.0,78.0,-5984.0,29.0,64.0,-42.0,
1650621036679757356,0.14404296875,0.925537109375,-0.0936889648438,0.337341308594,-4012.0,-133.0,-6003.0,27.0,54.0,-34.0,
1650621036684651374,0.143371582031,0.926696777344,-0.0952758789062,0.334045410156,-3845.0,-320.0,-6005.0,24.0,45.0,-25.0,
1650621036689366579,0.142944335938,0.927551269531,-0.0965576171875,0.331359863281,-3806.0,-422.0,-5958.0,20.0,35.0,-17.0,
1650621036693864345,0.142883300781,0.92822265625,-0.0975952148438,0.329162597656,-3700.0,-456.0,-6009.0,18.0,30.0,-11.0,
1650621036699196815,0.143249511719,0.928955078125,-0.0984497070312,0.326782226562,-3485.0,-504.0,-6034.0,20.0,32.0,-5.0,
1650621036703489780,0.143798828125,0.929565429688,-0.099365234375,0.324401855469,-3328.0,-566.0,-6014.0,21.0,30.0,-1.0,
1650621036708847284,0.144470214844,0.930053710938,-0.100341796875,0.322509765625,-3230.0,-668.0,-5963.0,21.0,22.0,2.0,
1650621036712967157,0.145263671875,0.930297851562,-0.101440429688,0.321044921875,-3117.0,-850.0,-5921.0,21.0,16.0,4.0,
1650621036717449426,0.146057128906,0.930480957031,-0.102478027344,0.319885253906,-3115.0,-1058.0,-5905.0,19.0,11.0,7.0,
1650621036721163988,0.146728515625,0.930480957031,-0.103515625,0.319152832031,-3183.0,-1274.0,-5969.0,16.0,4.0,7.0,
1650621036729214191,0.147216796875,0.930541992188,-0.1044921875,0.318542480469,-3228.0,-1487.0,-6024.0,13.0,3.0,5.0,
1650621036734029769,0.147644042969,0.9306640625,-0.105346679688,0.317626953125,-3158.0,-1686.0,-6132.0,12.0,8.0,5.0,
1650621036738734960,0.14794921875,0.930786132812,-0.106140136719,0.316772460938,-3115.0,-1837.0,-6249.0,8.0,4.0,4.0,
1650621036743424177,0.148193359375,0.930908203125,-0.106628417969,0.316284179688,-3121.0,-1974.0,-6397.0,5.0,-1.0,4.0,
1650621036748199939,0.148376464844,0.930908203125,-0.107116699219,0.315979003906,-3168.0,-2057.0,-6538.0,2.0,-5.0,4.0,
1650621036753269195,0.148559570312,0.930908203125,-0.107360839844,0.31591796875,-3226.0,-2185.0,-6615.0,0.0,-7.0,6.0,
1650621036757606744,0.148803710938,0.930847167969,-0.107543945312,0.315795898438,-3260.0,-2315.0,-6666.0,-2.0,-6.0,8.0,
1650621036761108875,0.148986816406,0.930725097656,-0.107543945312,0.316101074219,-3380.0,-2346.0,-6719.0,-7.0,-12.0,9.0,
1650621036769481897,0.149108886719,0.930419921875,-0.107177734375,0.317077636719,-3595.0,-2248.0,-6731.0,-12.0,-20.0,10.0,
1650621036779428243,0.149291992188,0.930053710938,-0.106628417969,0.318237304688,-3882.0,-2211.0,-6625.0,-13.0,-20.0,11.0,
1650621036781942605,0.149475097656,0.929626464844,-0.10595703125,0.319580078125,-4358.0,-2255.0,-6491.0,-16.0,-19.0,11.0,
1650621036786693572,0.149169921875,0.929016113281,-0.105224609375,0.321716308594,-4894.0,-2155.0,-6447.0,-23.0,-28.0,8.0,
1650621036791201591,0.14892578125,0.928527832031,-0.104309082031,0.323669433594,-5184.0,-1885.0,-6473.0,-23.0,-23.0,5.0,
1650621036795661926,0.148864746094,0.928283691406,-0.103271484375,0.324584960938,-5279.0,-1555.0,-6489.0,-17.0,-10.0,5.0,
1650621036800941467,0.149047851562,0.928100585938,-0.102294921875,0.325378417969,-5396.0,-1343.0,-6430.0,-13.0,-9.0,6.0,
1650621036805195808,0.149291992188,0.927795410156,-0.101501464844,0.326416015625,-5583.0,-1287.0,-6361.0,-12.0,-13.0,9.0,
1650621036809819221,0.149658203125,0.927429199219,-0.100830078125,0.327514648438,-5764.0,-1265.0,-6321.0,-12.0,-13.0,12.0,
1650621036814295291,0.150146484375,0.927062988281,-0.100158691406,0.328491210938,-5844.0,-1175.0,-6284.0,-11.0,-10.0,13.0,
1650621036819062948,0.150695800781,0.926818847656,-0.0994873046875,0.329223632812,-5847.0,-1103.0,-6253.0,-10.0,-6.0,13.0,
1650621036824448585,0.151306152344,0.926574707031,-0.0987548828125,0.329772949219,-5831.0,-1079.0,-6228.0,-9.0,-5.0,14.0,
1650621036828269720,0.15185546875,0.926391601562,-0.0982055664062,0.330261230469,-5823.0,-1124.0,-6213.0,-8.0,-5.0,13.0,
1650621036834788084,0.152221679688,0.92626953125,-0.0977172851562,0.33056640625,-5777.0,-1183.0,-6193.0,-8.0,-2.0,11.0,
1650621036837874650,0.152526855469,0.926208496094,-0.0972900390625,0.33056640625,-5696.0,-1255.0,-6169.0,-8.0,2.0,9.0,
1650621036842596530,0.152709960938,0.92626953125,-0.0968627929688,0.330505371094,-5665.0,-1309.0,-6147.0,-9.0,2.0,7.0,
1650621036846169948,0.152770996094,0.92626953125,-0.096435546875,0.330627441406,-5682.0,-1292.0,-6155.0,-11.0,1.0,5.0,
1650621036854244470,0.152770996094,0.926391601562,-0.0958862304688,0.330444335938,-5661.0,-1249.0,-6151.0,-10.0,5.0,4.0,
1650621036859068870,0.15283203125,0.926574707031,-0.0953369140625,0.329956054688,-5614.0,-1216.0,-6148.0,-9.0,10.0,2.0,
1650621036863598823,0.152770996094,0.926879882812,-0.0947875976562,0.329406738281,-5582.0,-1166.0,-6147.0,-9.0,11.0,2.0,
1650621036868129491,0.152770996094,0.927124023438,-0.0941772460938,0.328918457031,-5546.0,-1095.0,-6141.0,-10.0,11.0,2.0,
1650621036873160600,0.15283203125,0.927368164062,-0.0934448242188,0.328369140625,-5479.0,-1002.0,-6128.0,-11.0,12.0,3.0,
1650621036878738403,0.153015136719,0.927612304688,-0.0926513671875,0.327819824219,-5381.0,-892.0,-6109.0,-11.0,12.0,5.0,
1650621036884495973,0.153259277344,0.927856445312,-0.0917358398438,0.327331542969,-5300.0,-770.0,-6087.0,-11.0,11.0,6.0,
1650621036889325618,0.153564453125,0.928039550781,-0.0906982421875,0.326965332031,-5220.0,-648.0,-6063.0,-12.0,9.0,8.0,
1650621036894087076,0.153991699219,0.928161621094,-0.0896606445312,0.32666015625,-5105.0,-518.0,-6057.0,-12.0,8.0,9.0,
1650621036898780584,0.154541015625,0.928283691406,-0.0885620117188,0.326293945312,-4925.0,-407.0,-6151.0,-11.0,7.0,11.0,
1650621036903497219,0.155395507812,0.928466796875,-0.0875244140625,0.325744628906,-4693.0,-311.0,-6232.0,-9.0,8.0,15.0,
1650621036908260822,0.156127929688,0.928649902344,-0.0865478515625,0.325134277344,-4551.0,-140.0,-6200.0,-7.0,8.0,14.0,
1650621036912847757,0.156616210938,0.928649902344,-0.0855102539062,0.325073242188,-4573.0,0.0,-6230.0,-11.0,0.0,9.0,
1650621036917405128,0.156860351562,0.928649902344,-0.0845336914062,0.325256347656,-4577.0,16.0,-6283.0,-11.0,-1.0,5.0,
1650621036920758008,0.156982421875,0.928833007812,-0.0839233398438,0.32470703125,-4485.0,-3.0,-6316.0,-6.0,8.0,3.0,
1650621036929216146,0.157043457031,0.92919921875,-0.0834350585938,0.323791503906,-4383.0,21.0,-6284.0,-4.0,13.0,0.0,
1650621036933852195,0.156860351562,0.929565429688,-0.0830078125,0.322998046875,-4267.0,60.0,-6230.0,-5.0,11.0,-4.0,
1650621036938373565,0.156555175781,0.929931640625,-0.0824584960938,0.322204589844,-4172.0,122.0,-6175.0,-6.0,11.0,-6.0,
1650621036943372249,0.156066894531,0.930236816406,-0.0818481445312,0.321716308594,-4121.0,199.0,-6122.0,-8.0,7.0,-8.0,
1650621036948004007,0.155578613281,0.930480957031,-0.081298828125,0.321350097656,-4090.0,273.0,-6071.0,-9.0,4.0,-9.0,
1650621036952667951,0.155090332031,0.930725097656,-0.0807495117188,0.321166992188,-4084.0,337.0,-5994.0,-8.0,2.0,-8.0,
1650621036955981731,0.154663085938,0.930847167969,-0.0802612304688,0.321105957031,-4112.0,403.0,-5919.0,-7.0,0.0,-8.0,
1650621036964348316,0.154113769531,0.930908203125,-0.0797729492188,0.3212890625,-4199.0,444.0,-5856.0,-8.0,-2.0,-8.0,
1650621036968777894,0.153503417969,0.930908203125,-0.079345703125,0.321594238281,-4309.0,477.0,-5852.0,-8.0,-4.0,-10.0,
1650621036973229169,0.15283203125,0.930969238281,-0.0789184570312,0.321899414062,-4407.0,511.0,-5864.0,-8.0,-4.0,-11.0,
1650621036978318929,0.152160644531,0.931030273438,-0.07861328125,0.322082519531,-4481.0,561.0,-5856.0,-6.0,-2.0,-12.0,
1650621036985123395,0.151550292969,0.93115234375,-0.078369140625,0.322082519531,-4524.0,589.0,-5848.0,-4.0,0.0,-11.0,
1650621036989728212,0.151123046875,0.931274414062,-0.078125,0.322021484375,-4567.0,608.0,-5840.0,-3.0,1.0,-10.0,
1650621036994656562,0.150695800781,0.931335449219,-0.0779418945312,0.322082519531,-4617.0,633.0,-5852.0,-3.0,-1.0,-8.0,
1650621036999264478,0.150390625,0.931335449219,-0.0777587890625,0.322204589844,-4680.0,632.0,-5876.0,-2.0,-1.0,-7.0,
1650621037004304885,0.150207519531,0.931396484375,-0.07763671875,0.322204589844,-4733.0,585.0,-5881.0,0.0,0.0,-5.0,
1650621037009032964,0.150085449219,0.931457519531,-0.07763671875,0.322204589844,-4751.0,505.0,-5889.0,1.0,1.0,-4.0,
1650621037013197898,0.149963378906,0.931457519531,-0.0776977539062,0.322082519531,-4766.0,421.0,-5895.0,1.0,1.0,-4.0,
1650621037017655372,0.149841308594,0.931518554688,-0.0777587890625,0.322082519531,-4771.0,315.0,-5909.0,1.0,0.0,-4.0,
1650621037022464752,0.149658203125,0.931579589844,-0.077880859375,0.321899414062,-4736.0,172.0,-5949.0,1.0,1.0,-4.0,
1650621037025901556,0.149475097656,0.931701660156,-0.0780639648438,0.321655273438,-4694.0,20.0,-5986.0,1.0,2.0,-4.0,
1650621037034194469,0.149169921875,0.931762695312,-0.0781860351562,0.321533203125,-4681.0,-113.0,-6036.0,0.0,0.0,-5.0,
1650621037038824796,0.148803710938,0.931823730469,-0.078369140625,0.321411132812,-4670.0,-232.0,-6054.0,-1.0,-1.0,-6.0,
1650621037043455839,0.148376464844,0.931945800781,-0.0785522460938,0.321350097656,-4658.0,-340.0,-6070.0,-2.0,0.0,-7.0,
1650621037047919034,0.147888183594,0.932006835938,-0.07861328125,0.321350097656,-4663.0,-409.0,-6081.0,-4.0,-2.0,-8.0,
1650621037052738666,0.147277832031,0.932067871094,-0.07861328125,0.321350097656,-4691.0,-424.0,-6102.0,-5.0,-2.0,-9.0,
1650621037057549476,0.146606445312,0.932189941406,-0.0784912109375,0.321472167969,-4730.0,-414.0,-6120.0,-6.0,-2.0,-10.0,
1650621037060865879,0.145935058594,0.932250976562,-0.0784301757812,0.321533203125,-4756.0,-399.0,-6123.0,-6.0,-1.0,-11.0,
1650621037069041490,0.145202636719,0.932373046875,-0.0783081054688,0.321533203125,-4771.0,-397.0,-6153.0,-5.0,-1.0,-11.0,
1650621037073765277,0.144653320312,0.932434082031,-0.0782470703125,0.321533203125,-4794.0,-365.0,-6166.0,-5.0,-1.0,-10.0,
1650621037078396558,0.144165039062,0.932495117188,-0.078125,0.321655273438,-4820.0,-306.0,-6184.0,-4.0,-2.0,-8.0,
1650621037083224296,0.143920898438,0.932495117188,-0.0779418945312,0.321838378906,-4848.0,-237.0,-6184.0,-4.0,-3.0,-4.0,
1650621037089787960,0.143920898438,0.932495117188,-0.0777587890625,0.321960449219,-4862.0,-190.0,-6168.0,-3.0,-2.0,0.0,
1650621037094626665,0.144104003906,0.932373046875,-0.0775146484375,0.322143554688,-4882.0,-172.0,-6153.0,-2.0,-3.0,3.0,
1650621037099511384,0.14453125,0.932250976562,-0.0772094726562,0.322448730469,-4910.0,-149.0,-6148.0,-2.0,-4.0,7.0,
1650621037103977203,0.14501953125,0.932067871094,-0.076904296875,0.322814941406,-4940.0,-110.0,-6127.0,-2.0,-5.0,9.0,
1650621037108557224,0.145629882812,0.931884765625,-0.0764770507812,0.3232421875,-4960.0,-77.0,-6100.0,-3.0,-5.0,11.0,
1650621037113201379,0.146301269531,0.931640625,-0.0760498046875,0.323608398438,-4975.0,-58.0,-6077.0,-3.0,-4.0,12.0,
1650621037117679119,0.14697265625,0.931457519531,-0.0756225585938,0.323974609375,-4997.0,-45.0,-6060.0,-3.0,-4.0,11.0,
1650621037122444629,0.147521972656,0.931335449219,-0.0751953125,0.324279785156,-5013.0,-40.0,-6050.0,-3.0,-4.0,10.0,
1650621037125925779,0.148010253906,0.931213378906,-0.0748901367188,0.324462890625,-5018.0,-24.0,-6010.0,-2.0,-2.0,8.0,
1650621037134356737,0.148315429688,0.93115234375,-0.0746459960938,0.324523925781,-5008.0,-29.0,-5988.0,-2.0,1.0,5.0,
1650621037139164686,0.148559570312,0.93115234375,-0.0744018554688,0.324462890625,-4964.0,-66.0,-6010.0,-1.0,2.0,4.0,
1650621037143665552,0.148681640625,0.931213378906,-0.0743408203125,0.32421875,-4912.0,-87.0,-6024.0,-1.0,4.0,1.0,
1650621037148309707,0.148742675781,0.931335449219,-0.0742797851562,0.323852539062,-4826.0,-106.0,-6061.0,0.0,4.0,0.0,
1650621037153334856,0.148803710938,0.931518554688,-0.0742797851562,0.323364257812,-4681.0,-128.0,-6090.0,1.0,6.0,-1.0,
1650621037157681941,0.14892578125,0.931701660156,-0.0743408203125,0.322692871094,-4486.0,-164.0,-6111.0,3.0,8.0,0.0,
1650621037162338972,0.149169921875,0.931884765625,-0.0744018554688,0.322082519531,-4328.0,-207.0,-6134.0,2.0,6.0,2.0,
1650621037165835618,0.1494140625,0.931945800781,-0.0743408203125,0.321838378906,-4252.0,-212.0,-6154.0,1.0,-1.0,3.0,
1650621037174663066,0.149719238281,0.931823730469,-0.07421875,0.322021484375,-4218.0,-206.0,-6183.0,0.0,-6.0,5.0,
1650621037178930759,0.150207519531,0.931640625,-0.0740966796875,0.322326660156,-4209.0,-192.0,-6202.0,0.0,-8.0,8.0,
1650621037185868263,0.150817871094,0.931396484375,-0.0739135742188,0.322814941406,-4219.0,-184.0,-6213.0,0.0,-10.0,11.0,
1650621037190196990,0.151611328125,0.931030273438,-0.0736694335938,0.323608398438,-4294.0,-167.0,-6239.0,-1.0,-15.0,14.0,
1650621037195035219,0.152465820312,0.930541992188,-0.0733032226562,0.324645996094,-4420.0,-142.0,-6258.0,-3.0,-19.0,16.0,
1650621037199967145,0.153381347656,0.929992675781,-0.0729370117188,0.325866699219,-4561.0,-107.0,-6259.0,-3.0,-19.0,18.0,
1650621037205149173,0.154296875,0.929443359375,-0.0724487304688,0.327026367188,-4705.0,-76.0,-6252.0,-4.0,-18.0,18.0,
1650621037210745573,0.155212402344,0.928955078125,-0.0719604492188,0.328186035156,-4887.0,-41.0,-6205.0,-4.0,-17.0,18.0,
1650621037214109182,0.156005859375,0.928466796875,-0.0714111328125,0.329223632812,-5170.0,-4.0,-6092.0,-5.0,-14.0,15.0,
1650621037218954563,0.156372070312,0.928161621094,-0.0709228515625,0.330139160156,-5441.0,10.0,-6022.0,-6.0,-7.0,9.0,
1650621037224807024,0.156616210938,0.928100585938,-0.0704345703125,0.330200195312,-5440.0,96.0,-6014.0,-6.0,7.0,5.0,
1650621037228224992,0.156982421875,0.928466796875,-0.0698852539062,0.329162597656,-5261.0,175.0,-6003.0,-2.0,21.0,4.0,
1650621037233971357,0.157348632812,0.928894042969,-0.0693969726562,0.327819824219,-5087.0,214.0,-6009.0,-1.0,22.0,4.0,
1650621037237622261,0.157592773438,0.92919921875,-0.0689086914062,0.327026367188,-5002.0,230.0,-6037.0,-3.0,13.0,2.0,
1650621037241158485,0.157775878906,0.929382324219,-0.0685424804688,0.326416015625,-4954.0,193.0,-6040.0,-2.0,9.0,2.0,
1650621037260954618,0.157836914062,0.929626464844,-0.068359375,0.325805664062,-4892.0,154.0,-6067.0,-1.0,10.0,1.0,
1650621037261689424,0.157836914062,0.929809570312,-0.0682983398438,0.3251953125,-4835.0,123.0,-6112.0,0.0,9.0,-2.0,
1650621037262229681,0.157775878906,0.930053710938,-0.0682373046875,0.324645996094,-4776.0,110.0,-6152.0,0.0,7.0,-3.0,
1650621037273871660,0.157592773438,0.930236816406,-0.068359375,0.324157714844,-4707.0,95.0,-6187.0,2.0,6.0,-5.0,
1650621037274622201,0.157409667969,0.930480957031,-0.0684814453125,0.323608398438,-4599.0,64.0,-6214.0,3.0,6.0,-6.0,
1650621037274867773,0.1572265625,0.9306640625,-0.0686645507812,0.322998046875,-4487.0,42.0,-6220.0,3.0,5.0,-5.0,
1650621037278888463,0.157165527344,0.930786132812,-0.06884765625,0.322631835938,-4387.0,20.0,-6208.0,3.0,2.0,-4.0,
1650621037283481121,0.157165527344,0.930786132812,-0.0690307617188,0.322570800781,-4324.0,-8.0,-6212.0,2.0,-3.0,-2.0,
1650621037289882898,0.1572265625,0.930725097656,-0.0691528320312,0.322814941406,-4295.0,-58.0,-6187.0,1.0,-8.0,1.0,
1650621037295201778,0.157470703125,0.930480957031,-0.0692138671875,0.323303222656,-4268.0,-105.0,-6178.0,0.0,-11.0,4.0,
1650621037300127267,0.157836914062,0.93017578125,-0.0691528320312,0.324035644531,-4258.0,-143.0,-6165.0,-1.0,-15.0,7.0,
1650621037304690122,0.158264160156,0.929748535156,-0.0689697265625,0.325012207031,-4288.0,-175.0,-6158.0,-4.0,-19.0,10.0,
1650621037309356451,0.158752441406,0.929260253906,-0.068603515625,0.326232910156,-4388.0,-226.0,-6139.0,-6.0,-21.0,12.0,
1650621037313951015,0.159301757812,0.928771972656,-0.068115234375,0.327514648438,-4474.0,-258.0,-6116.0,-9.0,-21.0,14.0,
1650621037318488359,0.159851074219,0.928344726562,-0.0674438476562,0.328674316406,-4517.0,-243.0,-6111.0,-11.0,-17.0,15.0,
1650621037323096752,0.160461425781,0.927917480469,-0.0665893554688,0.329650878906,-4580.0,-203.0,-6095.0,-13.0,-16.0,15.0,
1650621037327519893,0.161010742188,0.927490234375,-0.0656127929688,0.330749511719,-4728.0,-145.0,-6072.0,-14.0,-16.0,15.0,
1650621037332545042,0.161560058594,0.927185058594,-0.0646362304688,0.331665039062,-4862.0,-110.0,-5978.0,-14.0,-11.0,15.0,
1650621037335882902,0.162231445312,0.927062988281,-0.0635986328125,0.331848144531,-4870.0,-73.0,-5858.0,-13.0,3.0,15.0,
1650621037344497680,0.162902832031,0.927307128906,-0.0623779296875,0.330993652344,-4672.0,-45.0,-5770.0,-13.0,20.0,15.0,
1650621037348899841,0.163513183594,0.927795410156,-0.0609741210938,0.329650878906,-4437.0,-14.0,-5731.0,-15.0,24.0,13.0,
1650621037353628396,0.163940429688,0.928100585938,-0.0593872070312,0.328918457031,-4287.0,38.0,-5731.0,-20.0,13.0,13.0,
1650621037360281705,0.164367675781,0.928100585938,-0.0577392578125,0.328918457031,-4220.0,101.0,-5751.0,-22.0,1.0,15.0,
1650621037362994670,0.164978027344,0.927978515625,-0.0560302734375,0.329284667969,-4190.0,180.0,-5771.0,-22.0,-5.0,17.0,
1650621037367690563,0.165649414062,0.927734375,-0.054443359375,0.329956054688,-4194.0,261.0,-5803.0,-21.0,-9.0,18.0,
1650621037372300863,0.166320800781,0.927368164062,-0.0529174804688,0.330749511719,-4235.0,331.0,-5853.0,-20.0,-12.0,18.0,
1650621037375641584,0.166931152344,0.927001953125,-0.051513671875,0.331726074219,-4279.0,376.0,-5921.0,-18.0,-14.0,17.0,
1650621037390458583,0.167602539062,0.926635742188,-0.0503540039062,0.332641601562,-4304.0,400.0,-6001.0,-15.0,-14.0,16.0,
1650621037394416809,0.168273925781,0.92626953125,-0.0493774414062,0.33349609375,-4319.0,408.0,-6071.0,-13.0,-15.0,16.0,
1650621037395080804,0.1689453125,0.925842285156,-0.0485229492188,0.33447265625,-4354.0,431.0,-6128.0,-11.0,-17.0,15.0,
1650621037399819612,0.169616699219,0.925354003906,-0.0477905273438,0.335571289062,-4440.0,467.0,-6185.0,-10.0,-20.0,15.0,
1650621037404562234,0.170288085938,0.9248046875,-0.0471801757812,0.336791992188,-4540.0,515.0,-6239.0,-8.0,-21.0,14.0,
1650621037409332275,0.170959472656,0.92431640625,-0.0466918945312,0.337829589844,-4635.0,557.0,-6270.0,-5.0,-18.0,14.0,
1650621037413880348,0.171752929688,0.923889160156,-0.04638671875,0.338684082031,-4703.0,586.0,-6290.0,-2.0,-14.0,13.0,
1650621037418407440,0.172485351562,0.923522949219,-0.046142578125,0.339233398438,-4727.0,602.0,-6319.0,1.0,-11.0,13.0,
1650621037422939538,0.173278808594,0.923278808594,-0.0460815429688,0.339660644531,-4728.0,609.0,-6345.0,3.0,-9.0,12.0,
1650621037427384376,0.174133300781,0.923034667969,-0.0460815429688,0.339904785156,-4732.0,605.0,-6378.0,5.0,-7.0,12.0,
1650621037432385683,0.175048828125,0.922790527344,-0.0462646484375,0.340026855469,-4732.0,595.0,-6404.0,7.0,-6.0,12.0,
1650621037435889244,0.175964355469,0.922546386719,-0.0465087890625,0.340148925781,-4713.0,571.0,-6426.0,9.0,-6.0,12.0,
1650621037444047927,0.176940917969,0.922302246094,-0.046875,0.34033203125,-4687.0,547.0,-6456.0,11.0,-7.0,13.0,
1650621037449021577,0.177978515625,0.921997070312,-0.0472412109375,0.340454101562,-4650.0,523.0,-6471.0,11.0,-8.0,13.0,
1650621037453337669,0.179077148438,0.921691894531,-0.0476684570312,0.340698242188,-4606.0,498.0,-6495.0,12.0,-9.0,14.0,
1650621037457941532,0.180236816406,0.921325683594,-0.0480346679688,0.341003417969,-4560.0,469.0,-6518.0,11.0,-11.0,16.0,
1650621037462727069,0.181518554688,0.9208984375,-0.0482788085938,0.341491699219,-4526.0,454.0,-6527.0,10.0,-14.0,18.0,
1650621037467261791,0.182861328125,0.920288085938,-0.0484619140625,0.34228515625,-4517.0,455.0,-6527.0,8.0,-18.0,21.0,
1650621037470662593,0.184265136719,0.919677734375,-0.0484619140625,0.343322753906,-4535.0,479.0,-6526.0,5.0,-22.0,23.0,
1650621037478671073,0.185668945312,0.9189453125,-0.0482788085938,0.344421386719,-4557.0,520.0,-6527.0,2.0,-23.0,25.0,
1650621037483643293,0.187133789062,0.918212890625,-0.0478515625,0.345642089844,-4581.0,581.0,-6531.0,0.0,-23.0,26.0,
1650621037488279104,0.188659667969,0.91748046875,-0.0472412109375,0.346923828125,-4596.0,667.0,-6536.0,-3.0,-24.0,28.0,
1650621037493311882,0.190246582031,0.916687011719,-0.04638671875,0.348205566406,-4594.0,775.0,-6543.0,-5.0,-23.0,29.0,
1650621037499839067,0.191833496094,0.915954589844,-0.0453491210938,0.349426269531,-4560.0,888.0,-6551.0,-7.0,-22.0,30.0,
1650621037504677295,0.193481445312,0.915222167969,-0.0441284179688,0.3505859375,-4510.0,999.0,-6562.0,-9.0,-22.0,31.0,
1650621037509227991,0.195129394531,0.914428710938,-0.0428466796875,0.351867675781,-4459.0,1112.0,-6582.0,-11.0,-23.0,32.0,
1650621037513640642,0.196899414062,0.913635253906,-0.0414428710938,0.353149414062,-4417.0,1221.0,-6593.0,-12.0,-24.0,34.0,
1650621037518225193,0.19873046875,0.912780761719,-0.0399169921875,0.354553222656,-4376.0,1338.0,-6595.0,-12.0,-25.0,36.0,
1650621037522889614,0.200744628906,0.911865234375,-0.0383911132812,0.355895996094,-4330.0,1452.0,-6590.0,-12.0,-25.0,38.0,
1650621037527557849,0.202819824219,0.910949707031,-0.0368041992188,0.357238769531,-4270.0,1551.0,-6589.0,-12.0,-25.0,39.0,
1650621037532107114,0.204956054688,0.910034179688,-0.0352783203125,0.358520507812,-4168.0,1646.0,-6591.0,-10.0,-24.0,41.0,
1650621037535714149,0.207214355469,0.909057617188,-0.0337524414062,0.359741210938,-4023.0,1737.0,-6603.0,-9.0,-25.0,42.0,
1650621037543867111,0.209594726562,0.908081054688,-0.0323486328125,0.361022949219,-3849.0,1830.0,-6615.0,-7.0,-27.0,43.0,
1650621037548493623,0.212097167969,0.906921386719,-0.0310668945312,0.362609863281,-3701.0,1929.0,-6635.0,-6.0,-34.0,44.0,
1650621037553139686,0.214599609375,0.905517578125,-0.0299072265625,0.364685058594,-3609.0,2025.0,-6664.0,-5.0,-44.0,45.0,
1650621037557663679,0.217224121094,0.903930664062,-0.0288696289062,0.3671875,-3544.0,2125.0,-6685.0,-4.0,-52.0,46.0,
1650621037562242507,0.219909667969,0.902160644531,-0.0280151367188,0.369995117188,-3487.0,2222.0,-6711.0,-2.0,-57.0,47.0,
1650621037565819501,0.222778320312,0.900268554688,-0.0272216796875,0.372924804688,-3433.0,2314.0,-6743.0,1.0,-61.0,48.0,
1650621037573848724,0.225708007812,0.898254394531,-0.026611328125,0.376098632812,-3375.0,2396.0,-6769.0,3.0,-65.0,49.0,
1650621037578509330,0.228759765625,0.896057128906,-0.026123046875,0.37939453125,-3353.0,2479.0,-6802.0,4.0,-70.0,51.0,
1650621037583222389,0.231811523438,0.893798828125,-0.0258178710938,0.382934570312,-3373.0,2567.0,-6831.0,6.0,-74.0,51.0,
1650621037587652921,0.234924316406,0.891418457031,-0.025634765625,0.386657714844,-3408.0,2646.0,-6862.0,8.0,-77.0,50.0,
1650621037592628002,0.238037109375,0.889038085938,-0.025634765625,0.390197753906,-3433.0,2704.0,-6893.0,11.0,-75.0,49.0,
1650621037598585128,0.241088867188,0.88671875,-0.02587890625,0.3935546875,-3443.0,2744.0,-6898.0,15.0,-73.0,47.0,
1650621037603514432,0.244140625,0.884399414062,-0.0263061523438,0.396789550781,-3460.0,2764.0,-6888.0,18.0,-72.0,45.0,
1650621037608846902,0.247131347656,0.882141113281,-0.0269165039062,0.39990234375,-3487.0,2769.0,-6866.0,20.0,-71.0,43.0,
1650621037613254308,0.250061035156,0.879943847656,-0.0277709960938,0.40283203125,-3509.0,2761.0,-6825.0,23.0,-69.0,41.0,
1650621037617914676,0.252990722656,0.877807617188,-0.02880859375,0.405578613281,-3523.0,2726.0,-6806.0,27.0,-66.0,39.0,
1650621037622427225,0.255859375,0.875793457031,-0.030029296875,0.408081054688,-3535.0,2675.0,-6781.0,30.0,-63.0,37.0,
1650621037625914573,0.258728027344,0.873840332031,-0.031494140625,0.410339355469,-3539.0,2624.0,-6744.0,33.0,-60.0,35.0,
1650621037634086608,0.261535644531,0.872009277344,-0.0330810546875,0.412353515625,-3534.0,2558.0,-6694.0,36.0,-57.0,33.0,
1650621037638953685,0.264343261719,0.870239257812,-0.0348510742188,0.414184570312,-3522.0,2474.0,-6659.0,39.0,-54.0,32.0,
1650621037643446445,0.267150878906,0.868530273438,-0.0368041992188,0.415710449219,-3496.0,2390.0,-6609.0,41.0,-50.0,31.0,
1650621037648285388,0.269958496094,0.866943359375,-0.0387573242188,0.417053222656,-3470.0,2292.0,-6554.0,43.0,-47.0,31.0,
1650621037652840137,0.272827148438,0.865356445312,-0.0408325195312,0.418273925781,-3462.0,2184.0,-6508.0,45.0,-45.0,31.0,
1650621037657716035,0.275695800781,0.863830566406,-0.0429077148438,0.419250488281,-3466.0,2056.0,-6483.0,45.0,-42.0,31.0,
1650621037662147760,0.278564453125,0.862426757812,-0.0450439453125,0.420104980469,-3472.0,1951.0,-6478.0,46.0,-39.0,30.0,
1650621037665788650,0.281433105469,0.861083984375,-0.0471801757812,0.420715332031,-3456.0,1875.0,-6490.0,47.0,-36.0,30.0,
1650621037673888921,0.284362792969,0.85986328125,-0.0493774414062,0.421020507812,-3411.0,1823.0,-6504.0,50.0,-32.0,29.0,
1650621037678337812,0.287353515625,0.858703613281,-0.0516967773438,0.421081542969,-3357.0,1755.0,-6517.0,54.0,-29.0,28.0,
1650621037683309078,0.290405273438,0.857543945312,-0.0542602539062,0.420959472656,-3330.0,1672.0,-6517.0,57.0,-28.0,28.0,
1650621037690690040,0.293579101562,0.856384277344,-0.0570068359375,0.420776367188,-3334.0,1574.0,-6519.0,61.0,-27.0,28.0,
1650621037691257715,0.296813964844,0.855285644531,-0.0599365234375,0.42041015625,-3358.0,1467.0,-6519.0,65.0,-25.0,29.0,
1650621037701500177,0.300170898438,0.854187011719,-0.0630493164062,0.419738769531,-3387.0,1338.0,-6509.0,69.0,-21.0,30.0,
1650621037709729909,0.307373046875,0.852172851562,-0.069580078125,0.417602539062,-3436.0,1008.0,-6466.0,75.0,-12.0,32.0,
1650621037714097261,0.311096191406,0.851257324219,-0.0728149414062,0.416137695312,-3460.0,817.0,-6428.0,76.0,-8.0,34.0,
1650621037718816280,0.315002441406,0.850341796875,-0.0760498046875,0.41455078125,-3490.0,623.0,-6395.0,76.0,-6.0,37.0,
1650621037723356962,0.319030761719,0.849365234375,-0.0791015625,0.412841796875,-3529.0,455.0,-6367.0,75.0,-3.0,41.0,
1650621037728100299,0.323303222656,0.848327636719,-0.0819702148438,0.411071777344,-3564.0,301.0,-6321.0,74.0,-1.0,45.0,
1650621037733029365,0.327758789062,0.847229003906,-0.0845947265625,0.409301757812,-3603.0,151.0,-6266.0,73.0,1.0,50.0,
1650621037737605094,0.332336425781,0.846069335938,-0.0870361328125,0.407470703125,-3647.0,0.0,-6217.0,71.0,2.0,55.0,
1650621037742107868,0.337158203125,0.844787597656,-0.0892944335938,0.405700683594,-3695.0,-141.0,-6178.0,69.0,3.0,60.0,
1650621037745745182,0.342163085938,0.843444824219,-0.09130859375,0.403930664062,-3745.0,-266.0,-6151.0,67.0,4.0,65.0,
1650621037753973722,0.347290039062,0.841979980469,-0.0930786132812,0.402099609375,-3785.0,-379.0,-6122.0,65.0,6.0,69.0,
1650621037758573532,0.352661132812,0.840454101562,-0.0946044921875,0.400329589844,-3857.0,-465.0,-6133.0,63.0,6.0,74.0,
1650621037763276338,0.358093261719,0.838745117188,-0.0960693359375,0.398742675781,-3990.0,-492.0,-6154.0,61.0,3.0,77.0,
1650621037767658472,0.363525390625,0.8369140625,-0.097412109375,0.397338867188,-4163.0,-460.0,-6197.0,61.0,2.0,79.0,
1650621037772428512,0.369079589844,0.835021972656,-0.0987548828125,0.395812988281,-4340.0,-401.0,-6234.0,62.0,4.0,78.0,
1650621037777180671,0.374694824219,0.833251953125,-0.10009765625,0.393920898438,-4497.0,-339.0,-6263.0,65.0,9.0,78.0,
1650621037780811309,0.380310058594,0.83154296875,-0.1015625,0.391784667969,-4635.0,-282.0,-6279.0,68.0,14.0,77.0,
1650621037788957118,0.385986328125,0.829833984375,-0.103088378906,0.389526367188,-4791.0,-223.0,-6288.0,71.0,15.0,76.0,
1650621037793328285,0.3916015625,0.828125,-0.104797363281,0.387084960938,-4971.0,-170.0,-6302.0,73.0,17.0,74.0,
1650621037801491498,0.397094726562,0.826416015625,-0.106628417969,0.384582519531,-5165.0,-117.0,-6288.0,76.0,19.0,72.0,
1650621037805825710,0.402648925781,0.824768066406,-0.108520507812,0.3818359375,-5350.0,-57.0,-6282.0,78.0,23.0,71.0,
1650621037810627222,0.408203125,0.823120117188,-0.1103515625,0.378845214844,-5505.0,-4.0,-6273.0,79.0,27.0,71.0,
1650621037815405845,0.413818359375,0.821533203125,-0.112182617188,0.375671386719,-5621.0,57.0,-6248.0,80.0,30.0,71.0,
1650621037819939136,0.419494628906,0.819946289062,-0.113830566406,0.372375488281,-5701.0,136.0,-6211.0,81.0,32.0,73.0,
1650621037824497699,0.425354003906,0.818176269531,-0.115478515625,0.369140625,-5754.0,244.0,-6160.0,81.0,32.0,76.0,
1650621037829449892,0.431335449219,0.816223144531,-0.116943359375,0.366027832031,-5804.0,348.0,-6104.0,81.0,31.0,79.0,
1650621037835814714,0.437561035156,0.814025878906,-0.118408203125,0.363098144531,-5835.0,454.0,-6052.0,81.0,28.0,84.0,
1650621037839221477,0.44384765625,0.811584472656,-0.119873046875,0.3603515625,-5863.0,547.0,-5995.0,81.0,25.0,88.0,
1650621037843729972,0.450378417969,0.808898925781,-0.121276855469,0.357788085938,-5890.0,633.0,-5947.0,81.0,21.0,92.0,
1650621037848360300,0.45703125,0.805969238281,-0.122680664062,0.35546875,-5936.0,720.0,-5899.0,80.0,17.0,96.0,
1650621037853257656,0.463745117188,0.802795410156,-0.124084472656,0.353454589844,-6043.0,817.0,-5844.0,79.0,13.0,100.0,
1650621037860045671,0.470458984375,0.799438476562,-0.12548828125,0.351745605469,-6198.0,931.0,-5798.0,78.0,10.0,102.0,
1650621037864921808,0.477172851562,0.796020507812,-0.126770019531,0.349975585938,-6372.0,1055.0,-5749.0,77.0,11.0,103.0,
1650621037889430761,0.48388671875,0.792663574219,-0.127990722656,0.348022460938,-6525.0,1184.0,-5700.0,78.0,16.0,101.0,
1650621037891520500,0.490417480469,0.789428710938,-0.129089355469,0.345764160156,-6669.0,1309.0,-5650.0,79.0,22.0,98.0,
1650621037894638776,0.496887207031,0.786376953125,-0.130126953125,0.343078613281,-6781.0,1433.0,-5593.0,80.0,29.0,95.0,
1650621037895312309,0.503234863281,0.783508300781,-0.131103515625,0.340087890625,-6857.0,1542.0,-5519.0,81.0,35.0,91.0,
1650621037895999670,0.509399414062,0.78076171875,-0.132019042969,0.336669921875,-6886.0,1636.0,-5445.0,83.0,41.0,87.0,
