1646150860042220354,-0.130920410156,-0.617309570312,-0.607238769531,-0.482849121094,-3445.0,7604.0,1716.0,8.0,0.0,-1.0,
1646150860061669111,-0.131164550781,-0.617553710938,-0.606994628906,-0.482788085938,-3447.0,7612.0,1733.0,6.0,0.0,-1.0,
1646150860080692291,-0.13134765625,-0.617736816406,-0.606872558594,-0.482727050781,-3453.0,7621.0,1753.0,5.0,0.0,-1.0,
1646150860093556642,-0.131408691406,-0.617797851562,-0.606750488281,-0.482727050781,-3459.0,7621.0,1772.0,2.0,0.0,-1.0,
1646150860100453376,-0.131469726562,-0.617797851562,-0.606750488281,-0.482727050781,-3457.0,7604.0,1776.0,0.0,0.0,-1.0,
1646150860103965759,-0.131469726562,-0.617736816406,-0.606811523438,-0.482727050781,-3459.0,7565.0,1784.0,-1.0,-1.0,-1.0,
1646150860109811782,-0.131469726562,-0.617614746094,-0.606872558594,-0.482727050781,-3452.0,7502.0,1798.0,-2.0,-1.0,-1.0,
1646150860113029956,-0.131469726562,-0.617492675781,-0.606994628906,-0.482788085938,-3439.0,7430.0,1817.0,-2.0,-1.0,-1.0,
1646150860116817235,-0.131469726562,-0.617370605469,-0.607055664062,-0.482849121094,-3424.0,7350.0,1839.0,-2.0,-1.0,-1.0,
1646150860119010210,-0.131469726562,-0.617248535156,-0.607116699219,-0.48291015625,-3416.0,7276.0,1849.0,-1.0,-1.0,-1.0,
1646150860119684696,-0.131469726562,-0.6171875,-0.607116699219,-0.483032226562,-3411.0,7216.0,1868.0,0.0,-1.0,-1.0,
1646150860122917175,-0.131469726562,-0.617126464844,-0.607055664062,-0.483154296875,-3406.0,7172.0,1869.0,1.0,-2.0,-2.0,
1646150860126334905,-0.131530761719,-0.617126464844,-0.606994628906,-0.483215332031,-3400.0,7142.0,1872.0,1.0,-2.0,-2.0,
1646150860131702899,-0.131591796875,-0.617126464844,-0.606872558594,-0.483337402344,-3398.0,7120.0,1871.0,2.0,-2.0,-2.0,
1646150860133083105,-0.131652832031,-0.6171875,-0.606750488281,-0.483459472656,-3388.0,7103.0,1873.0,2.0,-2.0,-2.0,
1646150860133805274,-0.131713867188,-0.6171875,-0.606628417969,-0.483520507812,-3385.0,7091.0,1889.0,2.0,-2.0,-2.0,
1646150860134625673,-0.131774902344,-0.617126464844,-0.606567382812,-0.483703613281,-3377.0,7080.0,1907.0,2.0,-2.0,-2.0,
1646150860135397672,-0.131896972656,-0.617126464844,-0.6064453125,-0.483825683594,-3375.0,7067.0,1925.0,2.0,-3.0,-2.0,
1646150860136938095,-0.132019042969,-0.617065429688,-0.606323242188,-0.484008789062,-3369.0,7048.0,1932.0,2.0,-3.0,-2.0,
1646150860139265060,-0.132141113281,-0.617065429688,-0.606201171875,-0.484130859375,-3360.0,7028.0,1931.0,3.0,-3.0,-2.0,
1646150860140227556,-0.132263183594,-0.617126464844,-0.606018066406,-0.484313964844,-3356.0,7011.0,1904.0,3.0,-3.0,-2.0,
1646150860141502857,-0.132385253906,-0.6171875,-0.605773925781,-0.484436035156,-3357.0,6989.0,1880.0,4.0,-3.0,-3.0,
1646150860143107891,-0.132629394531,-0.617370605469,-0.60546875,-0.484558105469,-3357.0,6974.0,1860.0,6.0,-3.0,-3.0,
1646150860147365570,-0.132873535156,-0.617614746094,-0.605102539062,-0.484680175781,-3351.0,6973.0,1832.0,8.0,-3.0,-3.0,
1646150860151239871,-0.133178710938,-0.617919921875,-0.604614257812,-0.484802246094,-3352.0,6998.0,1800.0,10.0,-3.0,-3.0,
1646150860157401084,-0.133483886719,-0.618286132812,-0.604125976562,-0.48486328125,-3351.0,7047.0,1790.0,11.0,-3.0,-3.0,
1646150860163528919,-0.133911132812,-0.61865234375,-0.603576660156,-0.484924316406,-3356.0,7117.0,1783.0,12.0,-3.0,-3.0,
1646150860168259859,-0.134338378906,-0.619079589844,-0.60302734375,-0.484924316406,-3354.0,7190.0,1780.0,12.0,-3.0,-3.0,
1646150860175091505,-0.134704589844,-0.619384765625,-0.602600097656,-0.484985351562,-3354.0,7265.0,1775.0,11.0,-2.0,-3.0,
1646150860179914712,-0.135009765625,-0.619689941406,-0.602233886719,-0.484985351562,-3352.0,7337.0,1764.0,9.0,-2.0,-3.0,
1646150860186617612,-0.13525390625,-0.619873046875,-0.601928710938,-0.485046386719,-3357.0,7396.0,1755.0,6.0,-2.0,-3.0,
1646150860189286231,-0.135437011719,-0.619995117188,-0.601745605469,-0.485046386719,-3368.0,7431.0,1745.0,4.0,-2.0,-2.0,
1646150860193449974,-0.135559082031,-0.620056152344,-0.601623535156,-0.485046386719,-3384.0,7453.0,1736.0,2.0,-1.0,-2.0,
1646150860199411869,-0.135559082031,-0.620056152344,-0.601623535156,-0.485107421875,-3398.0,7449.0,1741.0,0.0,-1.0,-2.0,
1646150860202263355,-0.135559082031,-0.619995117188,-0.601623535156,-0.485229492188,-3409.0,7425.0,1733.0,-1.0,-1.0,-2.0,
1646150860208185911,-0.135498046875,-0.619873046875,-0.601623535156,-0.485290527344,-3417.0,7390.0,1740.0,-2.0,-1.0,-2.0,
1646150860213645219,-0.135498046875,-0.619812011719,-0.601623535156,-0.485412597656,-3421.0,7355.0,1777.0,-2.0,-2.0,-2.0,
1646150860217277526,-0.135498046875,-0.619689941406,-0.601684570312,-0.485534667969,-3423.0,7316.0,1820.0,-1.0,-2.0,-2.0,
1646150860222725629,-0.135498046875,-0.619567871094,-0.601623535156,-0.485717773438,-3419.0,7284.0,1855.0,0.0,-2.0,-2.0,
1646150860229522705,-0.135620117188,-0.619506835938,-0.601623535156,-0.48583984375,-3409.0,7274.0,1864.0,1.0,-2.0,-2.0,
1646150860232547521,-0.135681152344,-0.619445800781,-0.6015625,-0.485961914062,-3403.0,7284.0,1850.0,1.0,-2.0,-2.0,
1646150860241405487,-0.135803222656,-0.619445800781,-0.601440429688,-0.486022949219,-3401.0,7312.0,1829.0,1.0,-2.0,-2.0,
1646150860244365215,-0.135925292969,-0.619445800781,-0.601379394531,-0.486083984375,-3408.0,7349.0,1813.0,1.0,-2.0,-2.0,
1646150860253380775,-0.135986328125,-0.619384765625,-0.601318359375,-0.486145019531,-3416.0,7378.0,1797.0,0.0,-2.0,-2.0,
1646150860255327939,-0.136047363281,-0.619323730469,-0.601318359375,-0.486267089844,-3419.0,7389.0,1781.0,0.0,-2.0,-2.0,
1646150860256714344,-0.136108398438,-0.619262695312,-0.601318359375,-0.486328125,-3418.0,7378.0,1766.0,-1.0,-2.0,-2.0,
1646150860263459682,-0.136108398438,-0.619201660156,-0.601318359375,-0.486389160156,-3411.0,7357.0,1756.0,-1.0,-2.0,-2.0,
1646150860268168210,-0.136169433594,-0.619079589844,-0.601318359375,-0.486511230469,-3397.0,7328.0,1750.0,-1.0,-2.0,-2.0,
1646150860273272752,-0.136169433594,-0.619018554688,-0.601318359375,-0.486633300781,-3377.0,7301.0,1755.0,-1.0,-2.0,-2.0,
1646150860278842926,-0.136169433594,-0.618957519531,-0.601318359375,-0.486694335938,-3358.0,7280.0,1761.0,-1.0,-2.0,-2.0,
1646150860283498048,-0.13623046875,-0.618896484375,-0.601318359375,-0.48681640625,-3344.0,7267.0,1753.0,0.0,-1.0,-2.0,
1646150860288950204,-0.13623046875,-0.618835449219,-0.601257324219,-0.486877441406,-3340.0,7253.0,1746.0,0.0,-1.0,-3.0,
1646150860293109655,-0.136169433594,-0.618835449219,-0.601257324219,-0.486938476562,-3344.0,7244.0,1750.0,-1.0,-1.0,-3.0,
1646150860298720836,-0.136108398438,-0.618774414062,-0.601257324219,-0.487060546875,-3356.0,7244.0,1757.0,-1.0,-1.0,-3.0,
1646150860302895307,-0.136047363281,-0.618713378906,-0.601257324219,-0.487121582031,-3370.0,7249.0,1765.0,-1.0,-1.0,-3.0,
1646150860307396888,-0.135986328125,-0.618591308594,-0.601257324219,-0.487243652344,-3376.0,7244.0,1789.0,-2.0,-1.0,-2.0,
1646150860315773963,-0.135925292969,-0.618469238281,-0.601318359375,-0.487365722656,-3376.0,7240.0,1803.0,-2.0,-1.0,-2.0,
1646150860325020313,-0.135864257812,-0.618408203125,-0.601379394531,-0.487487792969,-3367.0,7234.0,1808.0,-2.0,-1.0,-2.0,
1646150860329102039,-0.135864257812,-0.618286132812,-0.601379394531,-0.487548828125,-3363.0,7231.0,1799.0,-2.0,-1.0,-2.0,
1646150860335024833,-0.135803222656,-0.618225097656,-0.601379394531,-0.487670898438,-3359.0,7235.0,1793.0,-1.0,-1.0,-2.0,
1646150860336849927,-0.135803222656,-0.6181640625,-0.601379394531,-0.487731933594,-3361.0,7248.0,1779.0,-1.0,-1.0,-2.0,
1646150860345833539,-0.135803222656,-0.618103027344,-0.601318359375,-0.48779296875,-3367.0,7269.0,1773.0,0.0,-1.0,-2.0,
1646150860380104303,-0.135803222656,-0.618103027344,-0.601318359375,-0.487854003906,-3373.0,7270.0,1754.0,0.0,-1.0,-2.0,
1646150860383783340,-0.135864257812,-0.6181640625,-0.601196289062,-0.487915039062,-3379.0,7257.0,1727.0,1.0,-1.0,-2.0,
1646150860390696525,-0.135864257812,-0.618286132812,-0.60107421875,-0.487915039062,-3378.0,7251.0,1712.0,2.0,-1.0,-2.0,
1646150860392321586,-0.135925292969,-0.618408203125,-0.600952148438,-0.487976074219,-3382.0,7239.0,1701.0,2.0,0.0,-2.0,
1646150860395487546,-0.135986328125,-0.618530273438,-0.600769042969,-0.487976074219,-3376.0,7232.0,1692.0,3.0,0.0,-3.0,
1646150860399093151,-0.136047363281,-0.618713378906,-0.6005859375,-0.487976074219,-3365.0,7241.0,1674.0,4.0,0.0,-3.0,
1646150860400328636,-0.136108398438,-0.618896484375,-0.600341796875,-0.487976074219,-3359.0,7259.0,1667.0,4.0,0.0,-3.0,
1646150860401973247,-0.136169433594,-0.619079589844,-0.600158691406,-0.487915039062,-3350.0,7276.0,1660.0,4.0,0.0,-3.0,
1646150860403385400,-0.13623046875,-0.619262695312,-0.599975585938,-0.487915039062,-3343.0,7301.0,1673.0,3.0,1.0,-3.0,
1646150860410018920,-0.13623046875,-0.619384765625,-0.599914550781,-0.487915039062,-3338.0,7323.0,1682.0,2.0,1.0,-3.0,
1646150860412011861,-0.13623046875,-0.619445800781,-0.599792480469,-0.487915039062,-3338.0,7349.0,1696.0,1.0,1.0,-3.0,
1646150860414002656,-0.136169433594,-0.619506835938,-0.599792480469,-0.487915039062,-3338.0,7353.0,1699.0,-1.0,1.0,-3.0,
1646150860415532112,-0.135986328125,-0.619445800781,-0.599853515625,-0.487915039062,-3339.0,7342.0,1697.0,-2.0,1.0,-3.0,
1646150860417191743,-0.135803222656,-0.619445800781,-0.599914550781,-0.487976074219,-3353.0,7327.0,1706.0,-3.0,1.0,-3.0,
1646150860418997049,-0.135559082031,-0.619323730469,-0.599975585938,-0.488037109375,-3367.0,7301.0,1721.0,-3.0,1.0,-3.0,
1646150860420264482,-0.135314941406,-0.619262695312,-0.600036621094,-0.488098144531,-3388.0,7279.0,1744.0,-4.0,1.0,-3.0,
1646150860422272205,-0.135070800781,-0.619140625,-0.600158691406,-0.488220214844,-3401.0,7250.0,1778.0,-3.0,1.0,-3.0,
1646150860427447080,-0.134887695312,-0.619018554688,-0.600219726562,-0.488342285156,-3415.0,7230.0,1798.0,-3.0,0.0,-3.0,
1646150860431730985,-0.134704589844,-0.618957519531,-0.600219726562,-0.488403320312,-3426.0,7217.0,1811.0,-2.0,0.0,-3.0,
1646150860436283588,-0.134582519531,-0.618957519531,-0.600219726562,-0.488525390625,-3435.0,7205.0,1812.0,-1.0,0.0,-3.0,
1646150860440733194,-0.134521484375,-0.618896484375,-0.600219726562,-0.488586425781,-3449.0,7195.0,1808.0,-1.0,0.0,-3.0,
1646150860448482036,-0.134399414062,-0.618896484375,-0.600158691406,-0.488647460938,-3461.0,7190.0,1792.0,0.0,0.0,-3.0,
1646150860451999902,-0.134338378906,-0.618957519531,-0.60009765625,-0.488708496094,-3476.0,7189.0,1787.0,0.0,0.0,-3.0,
1646150860458171606,-0.134338378906,-0.619018554688,-0.599975585938,-0.48876953125,-3477.0,7188.0,1770.0,1.0,0.0,-3.0,
1646150860461611032,-0.134338378906,-0.619018554688,-0.599914550781,-0.488830566406,-3482.0,7184.0,1766.0,1.0,-1.0,-3.0,
1646150860469347238,-0.13427734375,-0.619079589844,-0.599792480469,-0.488891601562,-3476.0,7184.0,1755.0,1.0,-1.0,-3.0,
1646150860482236385,-0.13427734375,-0.619079589844,-0.599731445312,-0.489013671875,-3464.0,7184.0,1750.0,1.0,-1.0,-3.0,
1646150860483160495,-0.134338378906,-0.619140625,-0.599670410156,-0.489074707031,-3450.0,7189.0,1734.0,1.0,-1.0,-3.0,
1646150860485616683,-0.134338378906,-0.619201660156,-0.599548339844,-0.489074707031,-3442.0,7204.0,1721.0,1.0,-1.0,-3.0,
1646150860490018367,-0.134338378906,-0.619262695312,-0.599426269531,-0.489135742188,-3440.0,7213.0,1718.0,1.0,-1.0,-3.0,
1646150860494746685,-0.134338378906,-0.619262695312,-0.599365234375,-0.489196777344,-3443.0,7232.0,1713.0,1.0,-1.0,-3.0,
1646150860530254364,-0.134338378906,-0.619323730469,-0.599243164062,-0.489318847656,-3441.0,7253.0,1703.0,1.0,-1.0,-3.0,
1646150860538352966,-0.134338378906,-0.619384765625,-0.599182128906,-0.489318847656,-3439.0,7267.0,1702.0,1.0,-1.0,-3.0,
1646150860547497749,-0.134338378906,-0.619384765625,-0.599060058594,-0.489440917969,-3440.0,7277.0,1699.0,1.0,-1.0,-3.0,
1646150860552424192,-0.134338378906,-0.619445800781,-0.598999023438,-0.489501953125,-3441.0,7295.0,1692.0,1.0,-1.0,-3.0,
1646150860557623147,-0.134338378906,-0.619445800781,-0.598876953125,-0.489562988281,-3446.0,7309.0,1689.0,1.0,-1.0,-3.0,
1646150860559218645,-0.134338378906,-0.619445800781,-0.598815917969,-0.489624023438,-3447.0,7320.0,1686.0,0.0,-1.0,-3.0,
1646150860562232017,-0.134338378906,-0.619506835938,-0.598754882812,-0.489685058594,-3449.0,7330.0,1685.0,0.0,-1.0,-3.0,
1646150860566898107,-0.134399414062,-0.619506835938,-0.598693847656,-0.48974609375,-3458.0,7344.0,1689.0,1.0,-1.0,-2.0,
1646150860573028087,-0.134399414062,-0.619506835938,-0.5986328125,-0.489807128906,-3471.0,7348.0,1689.0,1.0,-1.0,-2.0,
1646150860574539184,-0.134460449219,-0.619567871094,-0.598571777344,-0.489807128906,-3466.0,7344.0,1692.0,1.0,-1.0,-2.0,
1646150860578088521,-0.134521484375,-0.619567871094,-0.598510742188,-0.489868164062,-3466.0,7341.0,1690.0,1.0,-1.0,-2.0,
1646150860583395481,-0.134582519531,-0.619567871094,-0.598510742188,-0.489868164062,-3470.0,7329.0,1691.0,0.0,-1.0,-1.0,
1646150860585438728,-0.134582519531,-0.619567871094,-0.598449707031,-0.489868164062,-3471.0,7318.0,1697.0,0.0,-1.0,-1.0,
1646150860586203336,-0.134643554688,-0.619567871094,-0.598449707031,-0.489929199219,-3471.0,7303.0,1706.0,0.0,-1.0,-1.0,
1646150860586729288,-0.134643554688,-0.619567871094,-0.598388671875,-0.489929199219,-3476.0,7274.0,1727.0,0.0,-1.0,-1.0,
1646150860588662385,-0.134643554688,-0.619506835938,-0.598388671875,-0.489990234375,-3481.0,7249.0,1746.0,0.0,-1.0,-2.0,
1646150860591021060,-0.134643554688,-0.619506835938,-0.598327636719,-0.490051269531,-3484.0,7231.0,1762.0,0.0,-1.0,-2.0,
1646150860592548370,-0.134704589844,-0.619506835938,-0.598327636719,-0.490112304688,-3492.0,7221.0,1785.0,0.0,-1.0,-2.0,
1646150860594242095,-0.134704589844,-0.619445800781,-0.598266601562,-0.490173339844,-3499.0,7209.0,1802.0,0.0,-1.0,-2.0,
1646150860595769166,-0.134704589844,-0.619384765625,-0.598266601562,-0.490295410156,-3496.0,7199.0,1807.0,0.0,-1.0,-2.0,
1646150860596265316,-0.134765625,-0.619323730469,-0.598266601562,-0.490356445312,-3500.0,7192.0,1820.0,0.0,-2.0,-2.0,
1646150860603520154,-0.134765625,-0.619262695312,-0.598205566406,-0.490478515625,-3496.0,7180.0,1825.0,0.0,-2.0,-2.0,
1646150860607335567,-0.134826660156,-0.619201660156,-0.598205566406,-0.490600585938,-3491.0,7172.0,1830.0,0.0,-2.0,-2.0,
1646150860612741947,-0.134887695312,-0.619140625,-0.59814453125,-0.490661621094,-3489.0,7173.0,1834.0,1.0,-2.0,-2.0,
1646150860617937088,-0.134948730469,-0.619140625,-0.598083496094,-0.490783691406,-3488.0,7177.0,1835.0,1.0,-2.0,-2.0,
1646150860622597455,-0.135070800781,-0.619079589844,-0.598022460938,-0.490844726562,-3489.0,7189.0,1826.0,1.0,-2.0,-1.0,
1646150860629328489,-0.135192871094,-0.619079589844,-0.597961425781,-0.490966796875,-3488.0,7206.0,1808.0,2.0,-2.0,-1.0,
1646150860633796930,-0.135375976562,-0.619079589844,-0.597839355469,-0.491027832031,-3487.0,7220.0,1792.0,2.0,-2.0,-1.0,
1646150860637278318,-0.135498046875,-0.619140625,-0.597717285156,-0.491088867188,-3487.0,7228.0,1778.0,2.0,-2.0,-1.0,
1646150860641714096,-0.135681152344,-0.619140625,-0.59765625,-0.491149902344,-3482.0,7238.0,1764.0,2.0,-2.0,-1.0,
1646150860648169517,-0.135803222656,-0.619140625,-0.597534179688,-0.4912109375,-3478.0,7249.0,1748.0,2.0,-2.0,-1.0,
1646150860656073570,-0.135986328125,-0.619140625,-0.597412109375,-0.491271972656,-3473.0,7275.0,1737.0,2.0,-3.0,-1.0,
1646150860661409139,-0.136108398438,-0.619140625,-0.597351074219,-0.491333007812,-3465.0,7291.0,1733.0,2.0,-3.0,-1.0,
1646150860662327766,-0.136291503906,-0.619140625,-0.597290039062,-0.491394042969,-3457.0,7305.0,1722.0,1.0,-3.0,-1.0,
1646150860673099517,-0.136413574219,-0.619140625,-0.597229003906,-0.491455078125,-3457.0,7320.0,1721.0,1.0,-2.0,-1.0,
1646150860673679590,-0.136535644531,-0.619079589844,-0.59716796875,-0.491516113281,-3457.0,7336.0,1734.0,0.0,-2.0,-1.0,
1646150860680674314,-0.136596679688,-0.618957519531,-0.597229003906,-0.491577148438,-3455.0,7332.0,1740.0,-1.0,-2.0,-1.0,
1646150860683141469,-0.136657714844,-0.618896484375,-0.597229003906,-0.49169921875,-3446.0,7317.0,1745.0,-1.0,-2.0,-1.0,
1646150860692628622,-0.13671875,-0.618774414062,-0.597290039062,-0.491760253906,-3438.0,7296.0,1750.0,-2.0,-2.0,-1.0,
1646150860708712816,-0.13671875,-0.618591308594,-0.597351074219,-0.491821289062,-3428.0,7269.0,1747.0,-2.0,-2.0,-1.0,
1646150860709558010,-0.136779785156,-0.618469238281,-0.597412109375,-0.491882324219,-3423.0,7238.0,1752.0,-1.0,-2.0,-1.0,
1646150860710284233,-0.136901855469,-0.618408203125,-0.597473144531,-0.491943359375,-3416.0,7210.0,1756.0,-1.0,-2.0,-1.0,
1646150860711673974,-0.136962890625,-0.618286132812,-0.597473144531,-0.492004394531,-3414.0,7175.0,1755.0,0.0,-2.0,-1.0,
1646150860714618444,-0.137023925781,-0.618225097656,-0.597473144531,-0.492065429688,-3406.0,7150.0,1751.0,0.0,-2.0,-1.0,
1646150860717854261,-0.137145996094,-0.618225097656,-0.597412109375,-0.492126464844,-3403.0,7129.0,1746.0,1.0,-2.0,-1.0,
1646150860722638368,-0.137268066406,-0.618225097656,-0.597351074219,-0.4921875,-3407.0,7120.0,1746.0,2.0,-2.0,-1.0,
1646150860726649284,-0.137451171875,-0.618286132812,-0.597229003906,-0.4921875,-3405.0,7117.0,1730.0,3.0,-2.0,-1.0,
1646150860731256484,-0.137573242188,-0.618347167969,-0.597106933594,-0.492248535156,-3402.0,7117.0,1721.0,3.0,-2.0,-1.0,
1646150860738203287,-0.137756347656,-0.618469238281,-0.596923828125,-0.492248535156,-3397.0,7128.0,1709.0,4.0,-2.0,-1.0,
1646150860742482185,-0.137939453125,-0.618591308594,-0.596740722656,-0.492248535156,-3392.0,7150.0,1705.0,4.0,-1.0,-1.0,
1646150860746987581,-0.138061523438,-0.61865234375,-0.596618652344,-0.492248535156,-3389.0,7170.0,1700.0,4.0,-1.0,-1.0,
1646150860752063035,-0.138244628906,-0.618774414062,-0.596496582031,-0.492248535156,-3383.0,7197.0,1696.0,3.0,-1.0,-1.0,
1646150860756372451,-0.138366699219,-0.618896484375,-0.596374511719,-0.492248535156,-3378.0,7219.0,1704.0,3.0,-1.0,-1.0,
1646150860763500452,-0.138549804688,-0.618957519531,-0.596252441406,-0.4921875,-3369.0,7234.0,1715.0,3.0,-1.0,-1.0,
1646150860767716884,-0.138610839844,-0.619018554688,-0.59619140625,-0.4921875,-3364.0,7242.0,1727.0,2.0,0.0,-1.0,
1646150860772517204,-0.138732910156,-0.619079589844,-0.596130371094,-0.4921875,-3368.0,7245.0,1744.0,2.0,0.0,-1.0,
1646150860777204036,-0.138793945312,-0.619079589844,-0.596130371094,-0.4921875,-3367.0,7245.0,1755.0,2.0,0.0,-1.0,
1646150860783606767,-0.138854980469,-0.619140625,-0.596069335938,-0.4921875,-3379.0,7248.0,1758.0,2.0,-1.0,-1.0,
1646150860789278507,-0.138977050781,-0.619140625,-0.596008300781,-0.4921875,-3383.0,7254.0,1776.0,2.0,-1.0,-1.0,
1646150860800630807,-0.139038085938,-0.619201660156,-0.595947265625,-0.4921875,-3394.0,7258.0,1788.0,2.0,-1.0,-1.0,
1646150860801294088,-0.139099121094,-0.619201660156,-0.595886230469,-0.492248535156,-3409.0,7258.0,1801.0,1.0,-1.0,-1.0,
1646150860806915044,-0.139099121094,-0.619201660156,-0.595825195312,-0.492309570312,-3418.0,7245.0,1795.0,1.0,-1.0,-2.0,
1646150860807531833,-0.13916015625,-0.619201660156,-0.595764160156,-0.492370605469,-3420.0,7235.0,1802.0,1.0,-1.0,-2.0,
1646150860854503393,-0.139221191406,-0.619201660156,-0.595703125,-0.492431640625,-3421.0,7227.0,1792.0,1.0,-1.0,-2.0,
1646150860892336845,-0.139282226562,-0.619262695312,-0.595581054688,-0.492431640625,-3422.0,7219.0,1779.0,2.0,-1.0,-2.0,
1646150860935069084,-0.139404296875,-0.619323730469,-0.595458984375,-0.492492675781,-3421.0,7217.0,1775.0,2.0,-1.0,-2.0,
1646150860975939512,-0.139526367188,-0.619384765625,-0.595336914062,-0.492553710938,-3420.0,7226.0,1766.0,3.0,-1.0,-2.0,
1646150861044016599,-0.1396484375,-0.619506835938,-0.595153808594,-0.492553710938,-3412.0,7238.0,1747.0,3.0,-1.0,-2.0,
1646150861051634073,-0.139770507812,-0.61962890625,-0.595031738281,-0.492553710938,-3408.0,7256.0,1734.0,3.0,-1.0,-2.0,
1646150861053555250,-0.139892578125,-0.619750976562,-0.594848632812,-0.492553710938,-3415.0,7274.0,1716.0,3.0,0.0,-2.0,
1646150861054183959,-0.139953613281,-0.619873046875,-0.5947265625,-0.492492675781,-3417.0,7291.0,1701.0,3.0,0.0,-2.0,
1646150861055322885,-0.140075683594,-0.619995117188,-0.594604492188,-0.492492675781,-3421.0,7312.0,1689.0,3.0,0.0,-2.0,
1646150861056346416,-0.14013671875,-0.6201171875,-0.594482421875,-0.492431640625,-3423.0,7333.0,1690.0,2.0,0.0,-2.0,
1646150861056754827,-0.140197753906,-0.620178222656,-0.594421386719,-0.492431640625,-3423.0,7346.0,1690.0,2.0,0.0,-1.0,
1646150861057709217,-0.140258789062,-0.620300292969,-0.594360351562,-0.492370605469,-3423.0,7355.0,1684.0,2.0,0.0,-1.0,
1646150861064060926,-0.140319824219,-0.620361328125,-0.594299316406,-0.492309570312,-3417.0,7355.0,1678.0,1.0,0.0,-1.0,
1646150861065324306,-0.140319824219,-0.620422363281,-0.594299316406,-0.492248535156,-3408.0,7346.0,1683.0,1.0,1.0,-1.0,
1646150861102637052,-0.140319824219,-0.620422363281,-0.594299316406,-0.492248535156,-3402.0,7335.0,1678.0,0.0,1.0,-1.0,
1646150861104362487,-0.140258789062,-0.620483398438,-0.594299316406,-0.4921875,-3401.0,7329.0,1690.0,0.0,1.0,-2.0,
1646150861105450868,-0.140258789062,-0.620483398438,-0.594299316406,-0.4921875,-3405.0,7320.0,1709.0,0.0,1.0,-2.0,
1646150861105947732,-0.140258789062,-0.620544433594,-0.594299316406,-0.492126464844,-3405.0,7318.0,1718.0,0.0,1.0,-2.0,
1646150861106958389,-0.140197753906,-0.620544433594,-0.594299316406,-0.492126464844,-3409.0,7321.0,1726.0,0.0,1.0,-2.0,
1646150861107465267,-0.14013671875,-0.620544433594,-0.594299316406,-0.492065429688,-3412.0,7327.0,1730.0,0.0,1.0,-2.0,
1646150861107982397,-0.14013671875,-0.620544433594,-0.594360351562,-0.492065429688,-3417.0,7334.0,1745.0,-1.0,1.0,-2.0,
1646150861108608245,-0.140014648438,-0.620483398438,-0.594421386719,-0.492065429688,-3414.0,7324.0,1750.0,-2.0,1.0,-2.0,
1646150861109723806,-0.139953613281,-0.620483398438,-0.594482421875,-0.492065429688,-3414.0,7316.0,1758.0,-2.0,1.0,-2.0,
1646150861111252069,-0.139892578125,-0.620422363281,-0.594604492188,-0.492065429688,-3417.0,7296.0,1761.0,-2.0,1.0,-1.0,
1646150861112037181,-0.139831542969,-0.620361328125,-0.594665527344,-0.492004394531,-3423.0,7282.0,1758.0,-1.0,1.0,-1.0,
1646150861113234281,-0.139709472656,-0.620361328125,-0.594665527344,-0.492004394531,-3424.0,7266.0,1753.0,-1.0,1.0,-2.0,
1646150861113763570,-0.139343261719,-0.620544433594,-0.5947265625,-0.491821289062,-3431.0,7288.0,1677.0,-1.0,1.0,-2.0,
1646150861115021705,-0.138427734375,-0.620666503906,-0.59521484375,-0.491333007812,-3446.0,7266.0,1672.0,-1.0,1.0,-1.0,
1646150861115471363,-0.138366699219,-0.620666503906,-0.595336914062,-0.491271972656,-3444.0,7251.0,1682.0,-2.0,1.0,-1.0,
1646150861117053985,-0.138244628906,-0.620666503906,-0.595397949219,-0.491271972656,-3443.0,7244.0,1686.0,-2.0,1.0,-1.0,
1646150861117805242,-0.13818359375,-0.62060546875,-0.595458984375,-0.4912109375,-3442.0,7239.0,1685.0,-1.0,1.0,-1.0,
1646150861118274211,-0.138122558594,-0.62060546875,-0.595520019531,-0.491149902344,-3437.0,7237.0,1693.0,-1.0,1.0,-1.0,
1646150861118847846,-0.138061523438,-0.62060546875,-0.595581054688,-0.491088867188,-3426.0,7233.0,1702.0,-1.0,1.0,-1.0,
1646150861119443416,-0.137939453125,-0.62060546875,-0.595642089844,-0.491088867188,-3415.0,7228.0,1702.0,-1.0,1.0,-1.0,
1646150861120428323,-0.137939453125,-0.620544433594,-0.595764160156,-0.491027832031,-3405.0,7225.0,1709.0,-1.0,1.0,-1.0,
1646150861120859146,-0.137878417969,-0.620544433594,-0.595825195312,-0.490905761719,-3400.0,7218.0,1716.0,-1.0,1.0,-1.0,
1646150861121830463,-0.137817382812,-0.620544433594,-0.595886230469,-0.490844726562,-3401.0,7214.0,1725.0,-1.0,1.0,-1.0,
1646150861123733758,-0.137756347656,-0.62060546875,-0.595947265625,-0.490783691406,-3403.0,7208.0,1729.0,0.0,1.0,-1.0,
1646150861124437570,-0.1376953125,-0.62060546875,-0.595947265625,-0.49072265625,-3407.0,7205.0,1738.0,0.0,1.0,-1.0,
1646150861124871969,-0.137634277344,-0.62060546875,-0.596008300781,-0.490661621094,-3412.0,7197.0,1739.0,0.0,2.0,-1.0,
1646150861125262737,-0.137573242188,-0.620666503906,-0.596069335938,-0.490600585938,-3414.0,7189.0,1744.0,0.0,2.0,-1.0,
1646150861127049446,-0.137512207031,-0.620666503906,-0.596069335938,-0.490539550781,-3415.0,7185.0,1742.0,0.0,2.0,-1.0,
1646150861127548217,-0.137451171875,-0.620727539062,-0.596130371094,-0.490478515625,-3415.0,7182.0,1743.0,0.0,1.0,-1.0,
1646150861129051923,-0.137390136719,-0.620727539062,-0.596130371094,-0.490478515625,-3414.0,7183.0,1734.0,0.0,1.0,-1.0,
1646150861134473800,-0.137329101562,-0.620788574219,-0.596130371094,-0.490417480469,-3412.0,7183.0,1727.0,0.0,2.0,-2.0,
1646150861144999027,-0.137268066406,-0.620849609375,-0.596130371094,-0.490356445312,-3406.0,7189.0,1721.0,0.0,2.0,-2.0,
1646150861173518657,-0.13720703125,-0.620910644531,-0.596130371094,-0.490234375,-3406.0,7198.0,1716.0,0.0,2.0,-2.0,
1646150861178273439,-0.137145996094,-0.621032714844,-0.596130371094,-0.490173339844,-3409.0,7216.0,1708.0,1.0,2.0,-2.0,
1646150861212554454,-0.137084960938,-0.62109375,-0.596069335938,-0.490112304688,-3408.0,7237.0,1705.0,0.0,2.0,-2.0,
1646150861244350910,-0.137023925781,-0.621215820312,-0.596069335938,-0.490051269531,-3412.0,7260.0,1694.0,0.0,2.0,-2.0,
1646150861284219026,-0.136962890625,-0.621276855469,-0.596069335938,-0.489990234375,-3413.0,7287.0,1687.0,0.0,2.0,-2.0,
1646150861294181823,-0.136901855469,-0.621337890625,-0.596069335938,-0.489929199219,-3423.0,7319.0,1686.0,0.0,2.0,-2.0,
1646150861294680833,-0.136840820312,-0.621398925781,-0.596069335938,-0.489807128906,-3432.0,7338.0,1682.0,-1.0,2.0,-2.0,
1646150861299740552,-0.13671875,-0.621459960938,-0.596130371094,-0.48974609375,-3443.0,7351.0,1692.0,-1.0,2.0,-2.0,
1646150861301546335,-0.136596679688,-0.621459960938,-0.59619140625,-0.489685058594,-3452.0,7362.0,1690.0,-2.0,2.0,-2.0,
1646150861301914930,-0.136474609375,-0.621459960938,-0.596252441406,-0.489624023438,-3461.0,7363.0,1697.0,-2.0,2.0,-2.0,
1646150861303060770,-0.136352539062,-0.621459960938,-0.596374511719,-0.489562988281,-3467.0,7366.0,1700.0,-2.0,2.0,-1.0,
1646150861303807497,-0.13623046875,-0.621398925781,-0.596435546875,-0.489562988281,-3474.0,7359.0,1694.0,-2.0,2.0,-1.0,
1646150861304253101,-0.136108398438,-0.621398925781,-0.596557617188,-0.489440917969,-3473.0,7349.0,1691.0,-2.0,2.0,-1.0,
1646150861304713249,-0.135986328125,-0.621398925781,-0.596618652344,-0.489379882812,-3462.0,7337.0,1685.0,-2.0,2.0,-1.0,
1646150861305901050,-0.135925292969,-0.621398925781,-0.596740722656,-0.489318847656,-3450.0,7323.0,1687.0,-2.0,2.0,-1.0,
1646150861306393861,-0.135864257812,-0.621337890625,-0.596801757812,-0.4892578125,-3445.0,7297.0,1684.0,-2.0,2.0,-1.0,
1646150861307414054,-0.1357421875,-0.621337890625,-0.596923828125,-0.489196777344,-3439.0,7271.0,1679.0,-2.0,2.0,-1.0,
1646150861307990789,-0.135620117188,-0.621337890625,-0.596984863281,-0.489074707031,-3439.0,7244.0,1681.0,-2.0,2.0,-1.0,
1646150861308342695,-0.135559082031,-0.621337890625,-0.597106933594,-0.489013671875,-3434.0,7223.0,1681.0,-1.0,2.0,-1.0,
1646150861309290409,-0.135437011719,-0.621337890625,-0.59716796875,-0.488952636719,-3439.0,7203.0,1686.0,-1.0,2.0,-1.0,
1646150861309755563,-0.135375976562,-0.621337890625,-0.597229003906,-0.488952636719,-3441.0,7187.0,1698.0,-1.0,1.0,-1.0,
1646150861311261653,-0.13525390625,-0.621337890625,-0.597290039062,-0.488891601562,-3452.0,7173.0,1712.0,-1.0,1.0,-1.0,
1646150861311678647,-0.135192871094,-0.621337890625,-0.597290039062,-0.488891601562,-3460.0,7165.0,1723.0,-1.0,1.0,-1.0,
1646150861312106847,-0.135131835938,-0.621337890625,-0.597351074219,-0.488830566406,-3470.0,7150.0,1731.0,-1.0,1.0,-1.0,
1646150861313183307,-0.135070800781,-0.621337890625,-0.597351074219,-0.488830566406,-3468.0,7149.0,1732.0,0.0,1.0,-1.0,
1646150861313635110,-0.135070800781,-0.621337890625,-0.597351074219,-0.488830566406,-3465.0,7150.0,1735.0,0.0,0.0,-1.0,
1646150861314705610,-0.135070800781,-0.621337890625,-0.597351074219,-0.488830566406,-3465.0,7156.0,1725.0,0.0,0.0,-1.0,
1646150861315323829,-0.135131835938,-0.621459960938,-0.597290039062,-0.48876953125,-3443.0,7173.0,1671.0,1.0,0.0,-1.0,
1646150861315683126,-0.135192871094,-0.621520996094,-0.597290039062,-0.488708496094,-3432.0,7180.0,1660.0,1.0,0.0,-1.0,
1646150861316116333,-0.13525390625,-0.62158203125,-0.597229003906,-0.488708496094,-3426.0,7193.0,1643.0,1.0,0.0,-1.0,
1646150861316494941,-0.135314941406,-0.621643066406,-0.59716796875,-0.488647460938,-3425.0,7204.0,1636.0,1.0,0.0,-1.0,
1646150861317612886,-0.135314941406,-0.621704101562,-0.597106933594,-0.488586425781,-3424.0,7221.0,1637.0,2.0,0.0,-1.0,
1646150861318259954,-0.135375976562,-0.621826171875,-0.597045898438,-0.488586425781,-3427.0,7237.0,1626.0,2.0,0.0,-1.0,
1646150861318668365,-0.135437011719,-0.621887207031,-0.596984863281,-0.488525390625,-3426.0,7255.0,1625.0,1.0,0.0,-1.0,
1646150861322266578,-0.135498046875,-0.622009277344,-0.596923828125,-0.488464355469,-3421.0,7267.0,1627.0,1.0,0.0,-1.0,
1646150861327092885,-0.135559082031,-0.6220703125,-0.596862792969,-0.488403320312,-3421.0,7280.0,1641.0,1.0,1.0,-1.0,
1646150861331593751,-0.135559082031,-0.622131347656,-0.596862792969,-0.488342285156,-3418.0,7291.0,1660.0,1.0,1.0,-1.0,
1646150861338566541,-0.135620117188,-0.622131347656,-0.596862792969,-0.48828125,-3422.0,7297.0,1683.0,1.0,1.0,-1.0,
1646150861343956232,-0.135620117188,-0.622192382812,-0.596862792969,-0.488220214844,-3425.0,7305.0,1684.0,1.0,1.0,-1.0,
1646150861347600936,-0.135620117188,-0.622253417969,-0.596862792969,-0.488159179688,-3432.0,7316.0,1697.0,1.0,1.0,-1.0,
1646150861352160215,-0.135620117188,-0.622253417969,-0.596862792969,-0.488098144531,-3435.0,7321.0,1707.0,0.0,1.0,-1.0,
1646150861356756687,-0.135620117188,-0.622253417969,-0.596923828125,-0.488037109375,-3442.0,7328.0,1715.0,0.0,1.0,-1.0,
1646150861361750364,-0.135620117188,-0.622314453125,-0.596923828125,-0.487976074219,-3442.0,7322.0,1717.0,0.0,1.0,-1.0,
1646150861371104001,-0.135559082031,-0.622314453125,-0.596984863281,-0.487976074219,-3437.0,7323.0,1710.0,-1.0,1.0,-1.0,
1646150861373045921,-0.135559082031,-0.622314453125,-0.597045898438,-0.487915039062,-3436.0,7310.0,1715.0,-1.0,1.0,-1.0,
1646150861378093242,-0.135498046875,-0.622253417969,-0.597045898438,-0.487854003906,-3435.0,7302.0,1716.0,-1.0,1.0,-1.0,
1646150861382328033,-0.135498046875,-0.622253417969,-0.597106933594,-0.487854003906,-3437.0,7291.0,1714.0,-1.0,1.0,-1.0,
1646150861387178659,-0.135437011719,-0.622253417969,-0.59716796875,-0.48779296875,-3442.0,7284.0,1709.0,-1.0,1.0,-1.0,
1646150861391762256,-0.135375976562,-0.622253417969,-0.59716796875,-0.48779296875,-3442.0,7281.0,1705.0,-1.0,1.0,-1.0,
1646150861400018453,-0.13525390625,-0.622253417969,-0.597229003906,-0.48779296875,-3435.0,7272.0,1698.0,-1.0,1.0,-2.0,
1646150861405024528,-0.135192871094,-0.622253417969,-0.597290039062,-0.487731933594,-3430.0,7259.0,1702.0,-1.0,1.0,-2.0,
1646150861409586906,-0.135131835938,-0.622253417969,-0.597351074219,-0.487731933594,-3429.0,7245.0,1703.0,-1.0,1.0,-2.0,
1646150861414404869,-0.135009765625,-0.622192382812,-0.597351074219,-0.487731933594,-3422.0,7228.0,1706.0,-1.0,1.0,-2.0,
1646150861418975830,-0.134948730469,-0.622192382812,-0.597412109375,-0.487731933594,-3417.0,7220.0,1704.0,-1.0,1.0,-2.0,
1646150861423499584,-0.134826660156,-0.622192382812,-0.597412109375,-0.487670898438,-3419.0,7212.0,1704.0,-1.0,1.0,-2.0,
1646150861429263114,-0.134765625,-0.622253417969,-0.597473144531,-0.487670898438,-3417.0,7212.0,1708.0,-1.0,1.0,-2.0,
1646150861434183597,-0.134643554688,-0.622253417969,-0.597473144531,-0.487670898438,-3417.0,7219.0,1711.0,0.0,1.0,-2.0,
1646150861437775850,-0.134582519531,-0.622314453125,-0.597473144531,-0.487609863281,-3422.0,7234.0,1709.0,0.0,1.0,-2.0,
1646150861442472934,-0.134521484375,-0.622314453125,-0.597473144531,-0.487609863281,-3426.0,7249.0,1710.0,0.0,1.0,-2.0,
1646150861446545839,-0.134399414062,-0.622375488281,-0.597473144531,-0.487548828125,-3428.0,7267.0,1711.0,-1.0,1.0,-2.0,
1646150861453458547,-0.134338378906,-0.622375488281,-0.597473144531,-0.487548828125,-3432.0,7278.0,1710.0,-1.0,1.0,-2.0,
1646150861458143711,-0.13427734375,-0.622436523438,-0.597534179688,-0.487487792969,-3434.0,7291.0,1706.0,-1.0,1.0,-2.0,
1646150861462632894,-0.134216308594,-0.622436523438,-0.597534179688,-0.487426757812,-3440.0,7304.0,1704.0,0.0,1.0,-2.0,
1646150861467097997,-0.134155273438,-0.622497558594,-0.597595214844,-0.487365722656,-3446.0,7315.0,1702.0,0.0,1.0,-1.0,
1646150861471751689,-0.134094238281,-0.62255859375,-0.597595214844,-0.4873046875,-3452.0,7316.0,1691.0,-1.0,2.0,-1.0,
1646150861478840589,-0.134033203125,-0.62255859375,-0.59765625,-0.487243652344,-3449.0,7322.0,1687.0,-1.0,2.0,-1.0,
1646150861483589887,-0.133911132812,-0.622619628906,-0.59765625,-0.487182617188,-3443.0,7322.0,1681.0,-1.0,2.0,-1.0,
1646150861488285541,-0.133850097656,-0.622619628906,-0.597717285156,-0.487060546875,-3438.0,7315.0,1673.0,-1.0,2.0,-1.0,
1646150861492453575,-0.1337890625,-0.622619628906,-0.597778320312,-0.486999511719,-3431.0,7304.0,1672.0,-1.0,2.0,-1.0,
1646150861497944116,-0.133666992188,-0.622680664062,-0.597839355469,-0.486938476562,-3426.0,7291.0,1672.0,-1.0,2.0,-1.0,
1646150861502262115,-0.133544921875,-0.622680664062,-0.597900390625,-0.486877441406,-3424.0,7275.0,1669.0,-1.0,2.0,-1.0,
1646150861508121490,-0.133483886719,-0.622741699219,-0.597961425781,-0.486755371094,-3425.0,7259.0,1669.0,-1.0,2.0,-1.0,
1646150861512987852,-0.133361816406,-0.622741699219,-0.598022460938,-0.486694335938,-3427.0,7242.0,1672.0,-1.0,2.0,-1.0,
1646150861517529249,-0.133239746094,-0.622802734375,-0.598083496094,-0.486633300781,-3430.0,7226.0,1681.0,-1.0,2.0,-1.0,
1646150861522169828,-0.133178710938,-0.622802734375,-0.598083496094,-0.486572265625,-3426.0,7209.0,1684.0,-1.0,2.0,-1.0,
1646150861526648521,-0.133056640625,-0.622863769531,-0.59814453125,-0.486511230469,-3426.0,7198.0,1677.0,0.0,2.0,-1.0,
1646150861533669471,-0.132995605469,-0.622924804688,-0.59814453125,-0.486389160156,-3424.0,7193.0,1673.0,0.0,2.0,-1.0,
1646150861538173675,-0.132873535156,-0.622985839844,-0.59814453125,-0.486328125,-3423.0,7196.0,1666.0,0.0,2.0,-2.0,
1646150861542584419,-0.1328125,-0.623046875,-0.59814453125,-0.486267089844,-3431.0,7201.0,1663.0,0.0,2.0,-2.0,
1646150861547000646,-0.132690429688,-0.623168945312,-0.59814453125,-0.486206054688,-3442.0,7207.0,1666.0,0.0,2.0,-2.0,
1646150861551729679,-0.132629394531,-0.623229980469,-0.59814453125,-0.486145019531,-3450.0,7220.0,1677.0,0.0,2.0,-2.0,
1646150861558616876,-0.132507324219,-0.623229980469,-0.59814453125,-0.486145019531,-3454.0,7228.0,1678.0,0.0,2.0,-2.0,
1646150861563210248,-0.132385253906,-0.623291015625,-0.59814453125,-0.486083984375,-3454.0,7230.0,1681.0,0.0,2.0,-2.0,
1646150861567844390,-0.13232421875,-0.623352050781,-0.59814453125,-0.486083984375,-3450.0,7225.0,1681.0,-1.0,1.0,-2.0,
1646150861572718381,-0.132202148438,-0.623352050781,-0.598205566406,-0.486022949219,-3449.0,7225.0,1684.0,0.0,1.0,-2.0,
1646150861577147483,-0.132141113281,-0.623413085938,-0.598205566406,-0.485961914062,-3448.0,7226.0,1678.0,0.0,1.0,-2.0,
1646150861581663370,-0.132080078125,-0.623474121094,-0.59814453125,-0.485961914062,-3455.0,7231.0,1672.0,0.0,1.0,-2.0,
1646150861588946342,-0.132080078125,-0.623596191406,-0.598083496094,-0.485900878906,-3456.0,7242.0,1668.0,1.0,1.0,-2.0,
1646150861593096494,-0.132019042969,-0.623657226562,-0.598083496094,-0.48583984375,-3459.0,7257.0,1662.0,1.0,1.0,-2.0,
1646150861600576877,-0.132019042969,-0.623779296875,-0.598022460938,-0.485778808594,-3460.0,7266.0,1659.0,1.0,1.0,-2.0,
1646150861606686830,-0.132019042969,-0.623840332031,-0.597961425781,-0.485717773438,-3456.0,7273.0,1648.0,1.0,1.0,-1.0,
1646150861610040426,-0.132019042969,-0.623962402344,-0.597961425781,-0.485595703125,-3450.0,7274.0,1639.0,1.0,1.0,-1.0,
1646150861614587545,-0.132019042969,-0.6240234375,-0.597961425781,-0.485534667969,-3443.0,7265.0,1640.0,1.0,1.0,-1.0,
1646150861618296623,-0.132019042969,-0.624084472656,-0.597961425781,-0.485473632812,-3437.0,7255.0,1637.0,1.0,1.0,-1.0,
1646150861625547170,-0.131958007812,-0.624145507812,-0.597961425781,-0.4853515625,-3431.0,7238.0,1643.0,1.0,1.0,-1.0,
1646150861628623008,-0.131958007812,-0.624206542969,-0.597961425781,-0.485290527344,-3429.0,7220.0,1641.0,1.0,1.0,-1.0,
1646150861633077144,-0.131958007812,-0.624267578125,-0.597961425781,-0.485229492188,-3432.0,7206.0,1643.0,1.0,1.0,-1.0,
1646150861637391567,-0.131896972656,-0.624389648438,-0.597900390625,-0.485168457031,-3438.0,7193.0,1644.0,1.0,2.0,-1.0,
1646150861674157619,-0.1318359375,-0.624450683594,-0.597900390625,-0.485107421875,-3444.0,7189.0,1644.0,1.0,2.0,-1.0,
1646150861695953607,-0.1318359375,-0.624572753906,-0.597839355469,-0.484985351562,-3446.0,7188.0,1652.0,1.0,2.0,-1.0,
1646150861701037645,-0.131774902344,-0.624633789062,-0.597839355469,-0.484924316406,-3452.0,7186.0,1661.0,1.0,1.0,-1.0,
1646150861704419136,-0.131774902344,-0.624694824219,-0.597778320312,-0.48486328125,-3457.0,7188.0,1663.0,1.0,1.0,-1.0,
1646150861710859060,-0.131774902344,-0.624816894531,-0.597717285156,-0.484802246094,-3456.0,7189.0,1666.0,1.0,1.0,-1.0,
1646150861727464914,-0.131774902344,-0.624938964844,-0.597717285156,-0.484741210938,-3456.0,7198.0,1671.0,2.0,1.0,-1.0,
1646150861741651535,-0.131774902344,-0.625,-0.59765625,-0.484680175781,-3459.0,7207.0,1668.0,2.0,1.0,-1.0,
1646150861745877504,-0.1318359375,-0.625122070312,-0.597595214844,-0.484619140625,-3456.0,7220.0,1666.0,2.0,1.0,-1.0,
1646150861753946542,-0.1318359375,-0.625305175781,-0.597534179688,-0.484497070312,-3458.0,7235.0,1671.0,2.0,1.0,-1.0,
1646150861774551391,-0.131896972656,-0.625366210938,-0.597473144531,-0.484436035156,-3461.0,7247.0,1673.0,2.0,1.0,-1.0,
1646150861777611494,-0.131896972656,-0.62548828125,-0.597412109375,-0.484375,-3464.0,7260.0,1671.0,2.0,1.0,-1.0,
1646150861780760526,-0.131958007812,-0.625610351562,-0.597351074219,-0.484252929688,-3462.0,7271.0,1663.0,2.0,1.0,-1.0,
1646150861782261133,-0.131958007812,-0.625732421875,-0.597290039062,-0.484191894531,-3461.0,7281.0,1649.0,2.0,1.0,-1.0,
1646150861787616729,-0.131958007812,-0.625793457031,-0.597229003906,-0.484069824219,-3468.0,7282.0,1642.0,1.0,1.0,-1.0,
1646150861789176225,-0.131958007812,-0.625915527344,-0.597229003906,-0.484008789062,-3465.0,7284.0,1626.0,1.0,1.0,-1.0,
1646150861793648481,-0.131958007812,-0.6259765625,-0.59716796875,-0.48388671875,-3462.0,7291.0,1610.0,1.0,1.0,-1.0,
1646150861795648813,-0.131958007812,-0.626098632812,-0.59716796875,-0.483825683594,-3462.0,7286.0,1595.0,1.0,1.0,-1.0,
1646150861796244144,-0.131958007812,-0.626159667969,-0.59716796875,-0.483703613281,-3457.0,7283.0,1582.0,1.0,1.0,-1.0,
1646150861804385423,-0.131958007812,-0.626281738281,-0.59716796875,-0.483642578125,-3458.0,7279.0,1569.0,1.0,2.0,-1.0,
1646150861805766582,-0.131958007812,-0.626403808594,-0.597106933594,-0.483520507812,-3456.0,7281.0,1566.0,1.0,1.0,-1.0,
1646150861806803941,-0.131958007812,-0.62646484375,-0.597106933594,-0.4833984375,-3461.0,7285.0,1558.0,1.0,1.0,-1.0,
1646150861811857700,-0.131958007812,-0.626586914062,-0.597045898438,-0.483337402344,-3459.0,7286.0,1553.0,1.0,1.0,-1.0,
1646150861813414573,-0.131958007812,-0.626708984375,-0.597045898438,-0.483215332031,-3468.0,7288.0,1560.0,1.0,2.0,-1.0,
1646150861818510293,-0.131958007812,-0.626770019531,-0.596984863281,-0.483093261719,-3469.0,7284.0,1567.0,1.0,2.0,-1.0,
1646150861819857120,-0.131958007812,-0.626892089844,-0.596984863281,-0.483032226562,-3464.0,7277.0,1575.0,1.0,2.0,-1.0,
1646150861821627140,-0.131958007812,-0.626953125,-0.596984863281,-0.48291015625,-3461.0,7270.0,1588.0,1.0,2.0,-1.0,
1646150861824597597,-0.132019042969,-0.627075195312,-0.596984863281,-0.482849121094,-3457.0,7255.0,1598.0,1.0,1.0,-1.0,
1646150861826433420,-0.132019042969,-0.627136230469,-0.596923828125,-0.482727050781,-3455.0,7246.0,1613.0,1.0,1.0,-1.0,
1646150861827963590,-0.132019042969,-0.627197265625,-0.596923828125,-0.482666015625,-3451.0,7238.0,1630.0,1.0,1.0,-1.0,
1646150861829387426,-0.132019042969,-0.627258300781,-0.596923828125,-0.482604980469,-3454.0,7237.0,1632.0,2.0,1.0,-1.0,
1646150861830235242,-0.132019042969,-0.627380371094,-0.596862792969,-0.482543945312,-3454.0,7231.0,1633.0,2.0,1.0,-1.0,
1646150861832323551,-0.132080078125,-0.62744140625,-0.596801757812,-0.482421875,-3458.0,7234.0,1635.0,2.0,1.0,-1.0,
1646150861833767890,-0.132141113281,-0.627563476562,-0.596801757812,-0.482360839844,-3462.0,7237.0,1629.0,2.0,1.0,-1.0,
1646150861835283041,-0.132141113281,-0.627624511719,-0.596740722656,-0.482299804688,-3460.0,7242.0,1620.0,2.0,1.0,-1.0,
1646150861836500883,-0.132202148438,-0.627746582031,-0.596740722656,-0.482177734375,-3460.0,7246.0,1614.0,1.0,1.0,-1.0,
1646150861837595224,-0.132202148438,-0.627807617188,-0.5966796875,-0.482116699219,-3459.0,7249.0,1600.0,1.0,1.0,-1.0,
1646150861838716506,-0.132202148438,-0.627868652344,-0.5966796875,-0.482055664062,-3456.0,7259.0,1593.0,1.0,1.0,-1.0,
1646150861840641975,-0.132202148438,-0.6279296875,-0.5966796875,-0.481994628906,-3454.0,7266.0,1591.0,1.0,1.0,-1.0,
1646150861841897487,-0.132202148438,-0.627990722656,-0.5966796875,-0.48193359375,-3462.0,7270.0,1587.0,0.0,1.0,-1.0,
1646150861844849109,-0.132202148438,-0.628051757812,-0.5966796875,-0.481872558594,-3466.0,7273.0,1574.0,0.0,1.0,-1.0,
1646150861846321105,-0.132202148438,-0.628112792969,-0.5966796875,-0.481750488281,-3469.0,7273.0,1575.0,0.0,1.0,-1.0,
1646150861849122047,-0.132202148438,-0.628173828125,-0.5966796875,-0.481689453125,-3468.0,7270.0,1563.0,1.0,1.0,-1.0,
1646150861853298664,-0.132202148438,-0.628234863281,-0.596618652344,-0.481628417969,-3465.0,7275.0,1560.0,1.0,1.0,-1.0,
1646150861857374668,-0.132263183594,-0.628295898438,-0.596618652344,-0.481567382812,-3464.0,7278.0,1553.0,1.0,1.0,-1.0,
1646150861861992597,-0.132263183594,-0.628356933594,-0.596618652344,-0.481506347656,-3457.0,7280.0,1550.0,1.0,1.0,-1.0,
1646150861865278959,-0.132263183594,-0.628479003906,-0.596557617188,-0.481384277344,-3453.0,7289.0,1550.0,1.0,1.0,-1.0,
1646150861873495817,-0.13232421875,-0.628540039062,-0.596557617188,-0.481323242188,-3453.0,7298.0,1550.0,2.0,1.0,-1.0,
1646150861878071546,-0.132385253906,-0.628662109375,-0.596496582031,-0.481201171875,-3461.0,7306.0,1551.0,2.0,1.0,-1.0,
1646150861882700681,-0.132446289062,-0.628723144531,-0.596496582031,-0.481140136719,-3463.0,7315.0,1549.0,2.0,1.0,0.0,
1646150861888387918,-0.132446289062,-0.628845214844,-0.596435546875,-0.481018066406,-3461.0,7324.0,1552.0,2.0,1.0,0.0,
1646150861890389442,-0.132507324219,-0.62890625,-0.596435546875,-0.480895996094,-3457.0,7321.0,1554.0,2.0,1.0,0.0,
1646150861898501396,-0.132568359375,-0.629028320312,-0.596435546875,-0.480834960938,-3452.0,7318.0,1547.0,1.0,1.0,0.0,
1646150861903060913,-0.132568359375,-0.629089355469,-0.596374511719,-0.480712890625,-3449.0,7321.0,1544.0,1.0,1.0,0.0,
1646150861907790660,-0.132629394531,-0.629150390625,-0.596374511719,-0.480590820312,-3449.0,7320.0,1553.0,1.0,1.0,0.0,
1646150861914994478,-0.132629394531,-0.629211425781,-0.596435546875,-0.480529785156,-3450.0,7311.0,1559.0,1.0,1.0,0.0,
1646150861920118570,-0.132690429688,-0.629272460938,-0.596435546875,-0.48046875,-3452.0,7301.0,1563.0,1.0,1.0,0.0,
1646150861924737215,-0.132690429688,-0.629272460938,-0.596435546875,-0.480346679688,-3450.0,7293.0,1577.0,0.0,1.0,0.0,
1646150861929611682,-0.132690429688,-0.629272460938,-0.596496582031,-0.480285644531,-3445.0,7277.0,1588.0,0.0,1.0,0.0,
1646150861934348344,-0.132690429688,-0.629333496094,-0.596557617188,-0.480224609375,-3443.0,7260.0,1593.0,0.0,1.0,0.0,
1646150861938643217,-0.132690429688,-0.629333496094,-0.596557617188,-0.480163574219,-3445.0,7242.0,1593.0,0.0,1.0,-1.0,
1646150861943311929,-0.132690429688,-0.629333496094,-0.596557617188,-0.480163574219,-3446.0,7228.0,1589.0,0.0,1.0,-1.0,
1646150861947587013,-0.132690429688,-0.62939453125,-0.596557617188,-0.480102539062,-3442.0,7212.0,1586.0,0.0,1.0,-1.0,
1646150861952093839,-0.132690429688,-0.62939453125,-0.596557617188,-0.480041503906,-3440.0,7206.0,1587.0,1.0,1.0,-1.0,
1646150861956879615,-0.132690429688,-0.629455566406,-0.596496582031,-0.480041503906,-3441.0,7208.0,1572.0,1.0,1.0,-1.0,
1646150861963665008,-0.132690429688,-0.629516601562,-0.596496582031,-0.47998046875,-3446.0,7217.0,1562.0,1.0,1.0,-1.0,
1646150862000055789,-0.132690429688,-0.629638671875,-0.596435546875,-0.47998046875,-3446.0,7239.0,1553.0,1.0,1.0,-1.0,
1646150862059472560,-0.132751464844,-0.629699707031,-0.596374511719,-0.479919433594,-3449.0,7261.0,1547.0,1.0,1.0,-1.0,
1646150862089924335,-0.132751464844,-0.629760742188,-0.596374511719,-0.479858398438,-3443.0,7286.0,1544.0,1.0,1.0,-1.0,
1646150862137867927,-0.132751464844,-0.629821777344,-0.596313476562,-0.479797363281,-3437.0,7303.0,1534.0,1.0,1.0,-1.0,
1646150862172394752,-0.132751464844,-0.6298828125,-0.596313476562,-0.479736328125,-3434.0,7324.0,1524.0,0.0,1.0,-1.0,
1646150862255493164,-0.132751464844,-0.629943847656,-0.596313476562,-0.479675292969,-3436.0,7338.0,1518.0,0.0,1.0,-1.0,
1646150862289684534,-0.132690429688,-0.630004882812,-0.596313476562,-0.479614257812,-3435.0,7354.0,1524.0,0.0,1.0,-1.0,
1646150862397021770,-0.132690429688,-0.630004882812,-0.596313476562,-0.479553222656,-3431.0,7363.0,1526.0,0.0,1.0,-1.0,
1646150862401634454,-0.132629394531,-0.630065917969,-0.596374511719,-0.4794921875,-3429.0,7371.0,1525.0,0.0,1.0,-1.0,
1646150862425928115,-0.132568359375,-0.630065917969,-0.596374511719,-0.479370117188,-3432.0,7377.0,1526.0,0.0,1.0,-1.0,
