1649770696303940296,-0.0421752929688,-0.59130859375,-0.4384765625,0.675476074219,6289.0,4064.0,1365.0,-26.0,7.0,7.0,
1649770696313001394,-0.0433349609375,-0.590454101562,-0.439147949219,0.67578125,6196.0,4071.0,1279.0,-29.0,9.0,8.0,
1649770696313631772,-0.0444946289062,-0.58935546875,-0.439880371094,0.676147460938,6090.0,4085.0,1190.0,-32.0,11.0,10.0,
1649770696320288181,-0.153564453125,0.393005371094,-0.231506347656,0.876525878906,-6673.0,-3787.0,9155.0,15.0,40.0,17.0,
1649770696322433233,-0.151428222656,0.394653320312,-0.231323242188,0.876220703125,-6626.0,-3722.0,9028.0,16.0,38.0,17.0,
1649770696329836845,-0.149169921875,0.396240234375,-0.231079101562,0.8759765625,-6587.0,-3647.0,8888.0,17.0,36.0,18.0,
1649770696331947088,-0.146911621094,0.397705078125,-0.230773925781,0.875732421875,-6551.0,-3555.0,8751.0,18.0,34.0,18.0,
1649770696339909315,-0.144714355469,0.399047851562,-0.230407714844,0.875610351562,-6511.0,-3465.0,8612.0,18.0,31.0,18.0,
1649770696341953992,-0.140380859375,0.401489257812,-0.2294921875,0.875427246094,-6399.0,-3282.0,8334.0,16.0,27.0,19.0,
1649770696344065904,-0.138366699219,0.402526855469,-0.22900390625,0.875427246094,-6328.0,-3194.0,8190.0,15.0,25.0,20.0,
1649770696393566608,-0.136413574219,0.403503417969,-0.228393554688,0.875427246094,-6263.0,-3122.0,8049.0,14.0,23.0,20.0,
1649770696405988454,-0.134582519531,0.404418945312,-0.227722167969,0.87548828125,-6198.0,-3053.0,7905.0,13.0,22.0,20.0,
1649770696417443752,-0.131103515625,0.406066894531,-0.226318359375,0.875610351562,-6074.0,-2953.0,7641.0,11.0,19.0,21.0,
1649770696466565608,-0.0908203125,0.40625,-0.151977539062,0.896423339844,-5679.0,-2666.0,5938.0,4.0,1.0,4.0,
1649770696468605518,-0.0902709960938,0.406127929688,-0.151794433594,0.896545410156,-5668.0,-2639.0,5977.0,2.0,0.0,4.0,
1649770696540083408,-0.0900268554688,0.406005859375,-0.151672363281,0.896667480469,-5666.0,-2635.0,5990.0,2.0,0.0,3.0,
1649770696542323350,-0.0890502929688,0.390930175781,-0.162780761719,0.901489257812,-5491.0,-2423.0,5798.0,1.0,-4.0,-8.0,
1649770696544340848,-0.17333984375,0.391723632812,-0.162963867188,0.888732910156,-5108.0,-4130.0,5155.0,-19.0,16.0,-7.0,
1649770696698459386,-0.189392089844,0.405944824219,-0.167846679688,0.878112792969,-5394.0,-4448.0,5252.0,-20.0,18.0,-13.0,
1649770696707940340,-0.190673828125,0.406982421875,-0.168334960938,0.877258300781,-5407.0,-4469.0,5245.0,-20.0,19.0,-13.0,
1649770696718278646,-0.191955566406,0.408020019531,-0.168823242188,0.876403808594,-5426.0,-4490.0,5236.0,-20.0,19.0,-14.0,
1649770696741148233,-0.198364257812,0.413146972656,-0.171569824219,0.8720703125,-5465.0,-4696.0,5257.0,-19.0,19.0,-15.0,
1649770696751522302,-0.199584960938,0.414123535156,-0.172302246094,0.871154785156,-5491.0,-4758.0,5262.0,-18.0,19.0,-16.0,
1649770696757654428,-0.200744628906,0.415100097656,-0.173034667969,0.870300292969,-5518.0,-4820.0,5258.0,-17.0,19.0,-16.0,
1649770696760060310,-0.201843261719,0.416015625,-0.173828125,0.869445800781,-5548.0,-4876.0,5263.0,-15.0,19.0,-17.0,
1649770696770837306,-0.321655273438,0.450439453125,-0.1826171875,0.812561035156,-4931.0,-6340.0,2865.0,-14.0,-8.0,-5.0,
1649770696781143903,-0.323303222656,0.449401855469,-0.1845703125,0.81201171875,-4673.0,-6051.0,2717.0,6.0,2.0,-2.0,
1649770696833990812,-0.317626953125,0.453002929688,-0.189697265625,0.811096191406,-4719.0,-5523.0,2795.0,13.0,13.0,1.0,
1649770696836264133,-0.316711425781,0.45361328125,-0.190185546875,0.810974121094,-4758.0,-5465.0,2825.0,13.0,13.0,2.0,
1649770696843370676,-0.312927246094,0.456176757812,-0.19140625,0.810729980469,-4878.0,-5203.0,2977.0,10.0,13.0,6.0,
1649770696849088668,-0.311279296875,0.457641601562,-0.191467285156,0.810546875,-4925.0,-5057.0,3059.0,6.0,13.0,7.0,
1649770696854902029,-0.310546875,0.458435058594,-0.191345214844,0.810363769531,-4958.0,-4994.0,3099.0,3.0,13.0,8.0,
1649770696900874853,-0.309875488281,0.459228515625,-0.191101074219,0.810241699219,-4991.0,-4961.0,3142.0,1.0,12.0,9.0,
1649770696929659605,-0.309265136719,0.460083007812,-0.190734863281,0.810119628906,-5025.0,-4937.0,3189.0,0.0,12.0,10.0,
1649770697054960489,-0.308715820312,0.460876464844,-0.190307617188,0.809936523438,-5054.0,-4915.0,3227.0,-2.0,12.0,11.0,
1649770697057252645,-0.305358886719,0.468688964844,-0.182373046875,0.80859375,-5406.0,-4630.0,3507.0,-18.0,8.0,17.0,
1649770697065587043,-0.306030273438,0.470458984375,-0.179321289062,0.807983398438,-5557.0,-4723.0,3589.0,-25.0,5.0,18.0,
1649770697067821264,-0.306640625,0.471313476562,-0.177673339844,0.8076171875,-5626.0,-4831.0,3607.0,-29.0,4.0,18.0,
1649770697079627752,-0.323791503906,0.478820800781,-0.158935546875,0.800354003906,-6175.0,-6694.0,3148.0,-28.0,-2.0,4.0,
1649770697087200164,-0.323181152344,0.47900390625,-0.162841796875,0.799743652344,-5705.0,-6714.0,2454.0,29.0,5.0,-3.0,
1649770697089437007,-0.321838378906,0.478881835938,-0.164001464844,0.800109863281,-5652.0,-6616.0,2489.0,30.0,5.0,-2.0,
1649770697099367856,-0.3203125,0.478820800781,-0.165222167969,0.800476074219,-5605.0,-6428.0,2545.0,32.0,6.0,-3.0,
1649770697109569072,-0.312255859375,0.481140136719,-0.164794921875,0.802368164062,-5465.0,-5428.0,2517.0,0.0,3.0,5.0,
1649770697117114782,-0.311584472656,0.482299804688,-0.164001464844,0.802124023438,-5566.0,-5501.0,2538.0,-1.0,3.0,6.0,
1649770697119311809,-0.311462402344,0.482604980469,-0.163818359375,0.802001953125,-5598.0,-5519.0,2558.0,-1.0,4.0,5.0,
1649770697121449470,-0.311157226562,0.484130859375,-0.162963867188,0.801330566406,-5697.0,-5616.0,2600.0,-3.0,4.0,5.0,
1649770697129016160,-0.310974121094,0.484497070312,-0.162780761719,0.801208496094,-5712.0,-5668.0,2596.0,0.0,5.0,6.0,
1649770697141342163,-0.310241699219,0.485290527344,-0.162536621094,0.801086425781,-5659.0,-5763.0,2572.0,3.0,5.0,7.0,
1649770697149842739,-0.309875488281,0.485656738281,-0.162658691406,0.801025390625,-5683.0,-5799.0,2581.0,5.0,7.0,5.0,
1649770697163629055,-0.309204101562,0.486022949219,-0.162780761719,0.801025390625,-5699.0,-5734.0,2551.0,9.0,7.0,6.0,
1649770697170231103,-0.307861328125,0.487060546875,-0.162780761719,0.800903320312,-5734.0,-5605.0,2531.0,7.0,8.0,6.0,
1649770697172296047,-0.303161621094,0.49169921875,-0.164245605469,0.799560546875,-5717.0,-5828.0,2678.0,18.0,10.0,4.0,
1649770697174421548,-0.301940917969,0.492065429688,-0.164855957031,0.799682617188,-5768.0,-5705.0,2691.0,19.0,10.0,3.0,
1649770697180017948,-0.300964355469,0.492492675781,-0.165344238281,0.799682617188,-5839.0,-5664.0,2744.0,15.0,9.0,2.0,
1649770697192240953,-0.300109863281,0.492858886719,-0.165771484375,0.799682617188,-5905.0,-5602.0,2778.0,13.0,9.0,2.0,
1649770697202039241,-0.29931640625,0.493225097656,-0.166076660156,0.799682617188,-5954.0,-5800.0,2831.0,11.0,8.0,2.0,
1649770697204119920,-0.298645019531,0.493469238281,-0.166564941406,0.799682617188,-5963.0,-5823.0,2854.0,12.0,7.0,2.0,
1649770697226377010,-0.2978515625,0.49365234375,-0.166931152344,0.7998046875,-5949.0,-5878.0,2884.0,14.0,6.0,3.0,
1649770697236423015,-0.291381835938,0.493469238281,-0.174133300781,0.800720214844,-6062.0,-5784.0,3088.0,16.0,1.0,-5.0,
1649770697240464448,-0.289978027344,0.493041992188,-0.175659179688,0.801208496094,-6020.0,-5660.0,3081.0,16.0,0.0,-5.0,
1649770697244510412,-0.274658203125,0.491577148438,-0.185607910156,0.805236816406,-5723.0,-4728.0,2808.0,1.0,3.0,2.0,
1649770697248533725,-0.274536132812,0.491882324219,-0.185485839844,0.805114746094,-5749.0,-4772.0,2826.0,-1.0,3.0,2.0,
1649770697263411283,-0.2744140625,0.4921875,-0.185363769531,0.805053710938,-5774.0,-4827.0,2844.0,-1.0,3.0,2.0,
1649770697267076253,-0.274353027344,0.492431640625,-0.185241699219,0.804870605469,-5799.0,-4886.0,2859.0,-2.0,3.0,2.0,
1649770697275850057,-0.274291992188,0.492736816406,-0.185119628906,0.804748535156,-5825.0,-4951.0,2875.0,-2.0,3.0,2.0,
1649770697306480646,-0.274291992188,0.493041992188,-0.184997558594,0.804626464844,-5860.0,-5023.0,2896.0,-3.0,3.0,2.0,
1649770697308477640,-0.274291992188,0.493286132812,-0.184814453125,0.804504394531,-5898.0,-5093.0,2926.0,-3.0,3.0,2.0,
1649770697310616254,-0.274353027344,0.493530273438,-0.184692382812,0.804321289062,-5943.0,-5161.0,2963.0,-3.0,3.0,2.0,
1649770697373533010,-0.2744140625,0.493957519531,-0.184509277344,0.804138183594,-6033.0,-5306.0,3017.0,-3.0,2.0,1.0,
1649770697380576372,-0.2744140625,0.494201660156,-0.184326171875,0.804016113281,-6107.0,-5409.0,3089.0,-1.0,1.0,1.0,
1649770697384652614,-0.274353027344,0.494262695312,-0.184326171875,0.804016113281,-6134.0,-5441.0,3159.0,0.0,0.0,1.0,
1649770697392421007,-0.274169921875,0.494201660156,-0.184326171875,0.804077148438,-6150.0,-5450.0,3244.0,2.0,0.0,1.0,
1649770697433096408,-0.273803710938,0.494079589844,-0.184448242188,0.804260253906,-6178.0,-5418.0,3315.0,5.0,-1.0,1.0,
1649770697455420255,-0.273315429688,0.493896484375,-0.184509277344,0.804504394531,-6226.0,-5362.0,3399.0,6.0,-2.0,1.0,
1649770697517129659,-0.272827148438,0.49365234375,-0.184509277344,0.804809570312,-6278.0,-5284.0,3471.0,6.0,-3.0,1.0,
1649770697580783128,-0.271850585938,0.492980957031,-0.184265136719,0.8056640625,-6383.0,-5110.0,3602.0,4.0,-8.0,2.0,
1649770697582998752,-0.271423339844,0.492492675781,-0.184020996094,0.80615234375,-6407.0,-5045.0,3647.0,4.0,-10.0,2.0,
1649770697589738845,-0.270629882812,0.490661621094,-0.182800292969,0.807800292969,-6396.0,-4767.0,3578.0,0.0,-15.0,3.0,
1649770697591934442,-0.270568847656,0.489990234375,-0.18212890625,0.808349609375,-6377.0,-4622.0,3530.0,-2.0,-17.0,4.0,
1649770697601256370,-0.270568847656,0.489379882812,-0.181335449219,0.808959960938,-6358.0,-4479.0,3466.0,-5.0,-18.0,4.0,
1649770697611950397,-0.270751953125,0.488708496094,-0.180358886719,0.809509277344,-6337.0,-4358.0,3407.0,-8.0,-19.0,5.0,
1649770697691867828,-0.274963378906,0.485778808594,-0.172912597656,0.811462402344,-6177.0,-4200.0,3215.0,-31.0,-22.0,8.0,
1649770697696281194,-0.282409667969,0.483703613281,-0.165161132812,0.811767578125,-6220.0,-4639.0,3117.0,-44.0,-24.0,5.0,
1649770697698275566,-0.287170410156,0.482788085938,-0.161071777344,0.811462402344,-6252.0,-4746.0,2979.0,-49.0,-22.0,4.0,
1649770697707598447,-0.289672851562,0.482421875,-0.158874511719,0.811218261719,-6254.0,-4776.0,2930.0,-50.0,-23.0,5.0,
1649770697715685606,-0.292236328125,0.481994628906,-0.156677246094,0.810974121094,-6241.0,-4834.0,2841.0,-52.0,-23.0,4.0,
1649770697747907400,-0.294982910156,0.481689453125,-0.154479980469,0.810607910156,-6258.0,-4955.0,2778.0,-53.0,-22.0,3.0,
1649770697749984741,-0.303283691406,0.480407714844,-0.148681640625,0.809387207031,-6347.0,-5501.0,2814.0,-49.0,-22.0,-1.0,
1649770697758007764,-0.305847167969,0.479675292969,-0.147094726562,0.809143066406,-6363.0,-5703.0,2902.0,-45.0,-22.0,-3.0,
1649770697760066509,-0.308166503906,0.478820800781,-0.145812988281,0.808959960938,-6372.0,-5904.0,3017.0,-40.0,-23.0,-4.0,
1649770697762217283,-0.315734863281,0.472473144531,-0.141845703125,0.810485839844,-6473.0,-6377.0,3617.0,-11.0,-29.0,-6.0,
1649770697770151615,-0.316772460938,0.468933105469,-0.141235351562,0.812255859375,-6437.0,-6437.0,3816.0,0.0,-33.0,-7.0,
1649770697793381690,-0.316833496094,0.466918945312,-0.141174316406,0.813354492188,-6367.0,-6477.0,3839.0,7.0,-34.0,-7.0,
1649770697804011344,-0.316345214844,0.462707519531,-0.141418457031,0.81591796875,-6128.0,-6457.0,3745.0,18.0,-36.0,-5.0,
1649770697813097238,-0.309936523438,0.443481445312,-0.141235351562,0.829040527344,-5125.0,-4985.0,3129.0,11.0,-31.0,0.0,
1649770697823692798,-0.309936523438,0.440368652344,-0.140319824219,0.830810546875,-5088.0,-4913.0,3243.0,1.0,-30.0,-1.0,
1649770697842271089,-0.310302734375,0.438842773438,-0.139770507812,0.831604003906,-5106.0,-4947.0,3323.0,-3.0,-30.0,-2.0,
1649770697844407558,-0.310852050781,0.437316894531,-0.13916015625,0.832275390625,-5135.0,-4996.0,3409.0,-6.0,-30.0,-2.0,
1649770697884045839,-0.316650390625,0.424255371094,-0.134460449219,0.837646484375,-5259.0,-5212.0,4033.0,-14.0,-32.0,-6.0,
1649770697886127471,-0.321350097656,0.417846679688,-0.13134765625,0.839538574219,-5216.0,-5404.0,3977.0,-17.0,-32.0,-5.0,
1649770697908859491,-0.339416503906,0.385375976562,-0.118103027344,0.849853515625,-4792.0,-5564.0,3074.0,2.0,-19.0,0.0,
1649770697914813518,-0.339477539062,0.384582519531,-0.117797851562,0.850219726562,-4773.0,-5557.0,3055.0,3.0,-18.0,0.0,
1649770697916930198,-0.339538574219,0.3837890625,-0.117492675781,0.8505859375,-4765.0,-5548.0,3033.0,3.0,-17.0,0.0,
1649770697948138952,-0.339538574219,0.382446289062,-0.116943359375,0.851318359375,-4776.0,-5544.0,2996.0,4.0,-16.0,1.0,
1649770697957875251,-0.339294433594,0.381286621094,-0.116394042969,0.851989746094,-4784.0,-5502.0,2978.0,6.0,-14.0,1.0,
1649770697960625410,-0.339050292969,0.380798339844,-0.116149902344,0.852355957031,-4780.0,-5485.0,2968.0,6.0,-13.0,2.0,
1649770697966682195,-0.330749511719,0.377502441406,-0.114685058594,0.857238769531,-4968.0,-5368.0,3258.0,18.0,-5.0,5.0,
1649770697989134550,-0.328857421875,0.37744140625,-0.114624023438,0.858032226562,-4951.0,-5260.0,3276.0,15.0,-3.0,5.0,
1649770698181830406,-0.328063964844,0.377502441406,-0.114562988281,0.858337402344,-4945.0,-5231.0,3272.0,14.0,-3.0,5.0,
1649770698199487209,-0.326599121094,0.377746582031,-0.114379882812,0.858764648438,-4927.0,-5209.0,3282.0,11.0,-1.0,5.0,
1649770698209329843,-0.325988769531,0.3779296875,-0.114318847656,0.858947753906,-4917.0,-5214.0,3305.0,11.0,0.0,5.0,
1649770698211370229,-0.319763183594,0.379821777344,-0.114318847656,0.860473632812,-4919.0,-5212.0,3691.0,18.0,4.0,8.0,
1649770698213460445,-0.318420410156,0.380126953125,-0.114379882812,0.860778808594,-4927.0,-5182.0,3781.0,20.0,4.0,9.0,
1649770698219622611,-0.317016601562,0.380432128906,-0.114379882812,0.861206054688,-4934.0,-5140.0,3864.0,21.0,4.0,9.0,
1649770698223912715,-0.315490722656,0.380737304688,-0.114440917969,0.861633300781,-4938.0,-5096.0,3940.0,22.0,4.0,10.0,
1649770698225749254,-0.313903808594,0.381042480469,-0.114379882812,0.862060546875,-4945.0,-5050.0,4015.0,22.0,4.0,11.0,
1649770698240153789,-0.312255859375,0.38134765625,-0.114379882812,0.862487792969,-4949.0,-5006.0,4066.0,22.0,4.0,12.0,
1649770698243943929,-0.306091308594,0.382751464844,-0.113830566406,0.864196777344,-4983.0,-4967.0,4312.0,20.0,4.0,13.0,
1649770698251660108,-0.303100585938,0.383361816406,-0.113586425781,0.864990234375,-5022.0,-5065.0,4475.0,20.0,4.0,13.0,
1649770698263673543,-0.299987792969,0.383911132812,-0.113342285156,0.865905761719,-5047.0,-5084.0,4662.0,22.0,4.0,14.0,
1649770698273782491,-0.296813964844,0.384460449219,-0.112854003906,0.866821289062,-5055.0,-5007.0,4741.0,20.0,4.0,15.0,
1649770698275891542,-0.291076660156,0.385986328125,-0.110961914062,0.868286132812,-4984.0,-4900.0,4635.0,16.0,4.0,19.0,
1649770698304782390,-0.289733886719,0.386535644531,-0.1103515625,0.868591308594,-4959.0,-4859.0,4549.0,15.0,5.0,19.0,
1649770698306952714,-0.280517578125,0.392822265625,-0.105895996094,0.869323730469,-4876.0,-4424.0,3594.0,13.0,14.0,21.0,
1649770698315218210,-0.274780273438,0.398559570312,-0.104309082031,0.868713378906,-5051.0,-4666.0,3237.0,26.0,20.0,20.0,
1649770698317446708,-0.272521972656,0.400024414062,-0.1044921875,0.868774414062,-5172.0,-4882.0,3223.0,35.0,21.0,20.0,
1649770698346454620,-0.269653320312,0.401489257812,-0.105041503906,0.868896484375,-5301.0,-5186.0,3202.0,47.0,22.0,19.0,
1649770698348865032,-0.266357421875,0.40283203125,-0.106018066406,0.869201660156,-5443.0,-5634.0,3263.0,59.0,22.0,17.0,
1649770698350921154,-0.262817382812,0.403930664062,-0.107666015625,0.869567871094,-5598.0,-6132.0,3415.0,70.0,22.0,12.0,
1649770698356069564,-0.237182617188,0.406921386719,-0.120483398438,0.873840332031,-5996.0,-5844.0,4432.0,108.0,21.0,8.0,
1649770698359703540,-0.22509765625,0.407653808594,-0.124938964844,0.876037597656,-5994.0,-5223.0,4773.0,99.0,18.0,9.0,
1649770698366729021,-0.219604492188,0.407897949219,-0.126953125,0.877075195312,-5962.0,-4930.0,4918.0,92.0,16.0,9.0,
1649770698419600963,-0.183288574219,0.412536621094,-0.151794433594,0.879272460938,-5710.0,-3598.0,4520.0,12.0,5.0,-4.0,
1649770698423879146,-0.180847167969,0.413757324219,-0.15380859375,0.878845214844,-5801.0,-3601.0,4520.0,10.0,6.0,-4.0,
1649770698434132575,-0.180297851562,0.414123535156,-0.154296875,0.878723144531,-5830.0,-3620.0,4532.0,10.0,7.0,-4.0,
1649770698440446376,-0.179748535156,0.414428710938,-0.154724121094,0.878601074219,-5858.0,-3649.0,4548.0,10.0,7.0,-4.0,
1649770698450997829,-0.179260253906,0.414794921875,-0.1552734375,0.87841796875,-5877.0,-3684.0,4578.0,10.0,6.0,-4.0,
1649770698453502893,-0.1787109375,0.415100097656,-0.15576171875,0.878295898438,-5889.0,-3721.0,4603.0,10.0,6.0,-4.0,
1649770698462006807,-0.178161621094,0.415405273438,-0.156311035156,0.878173828125,-5900.0,-3754.0,4625.0,11.0,6.0,-4.0,
1649770698471608877,-0.177551269531,0.415710449219,-0.156860351562,0.878051757812,-5902.0,-3769.0,4644.0,11.0,6.0,-4.0,
1649770698475315570,-0.176208496094,0.416259765625,-0.157897949219,0.877868652344,-5895.0,-3762.0,4687.0,13.0,6.0,-3.0,
1649770698477426528,-0.175476074219,0.41650390625,-0.158447265625,0.877807617188,-5886.0,-3750.0,4691.0,13.0,6.0,-3.0,
1649770698485151767,-0.173156738281,0.417236328125,-0.159973144531,0.877624511719,-5863.0,-3734.0,4749.0,14.0,6.0,-2.0,
1649770698491886854,-0.17236328125,0.41748046875,-0.160461425781,0.877624511719,-5845.0,-3711.0,4772.0,14.0,6.0,-2.0,
1649770698493990898,-0.171569824219,0.417663574219,-0.160888671875,0.877563476562,-5829.0,-3680.0,4792.0,14.0,6.0,-1.0,
1649770698496309518,-0.170776367188,0.417846679688,-0.161315917969,0.877563476562,-5804.0,-3644.0,4804.0,13.0,5.0,-1.0,
1649770698505008220,-0.167358398438,0.418823242188,-0.162902832031,0.877502441406,-5807.0,-3586.0,4929.0,8.0,5.0,0.0,
1649770698507024526,-0.166870117188,0.419006347656,-0.163146972656,0.87744140625,-5828.0,-3610.0,4966.0,7.0,4.0,0.0,
1649770698513175010,-0.166442871094,0.419189453125,-0.163391113281,0.877380371094,-5842.0,-3633.0,4987.0,7.0,4.0,0.0,
1649770698515218257,-0.166076660156,0.419311523438,-0.16357421875,0.877380371094,-5853.0,-3653.0,4998.0,6.0,4.0,0.0,
1649770698517429590,-0.165710449219,0.419494628906,-0.163757324219,0.877319335938,-5867.0,-3666.0,5028.0,6.0,3.0,-1.0,
1649770698523185253,-0.164855957031,0.419799804688,-0.164367675781,0.877258300781,-5867.0,-3747.0,5084.0,5.0,2.0,-1.0,
1649770698525293111,-0.164611816406,0.419860839844,-0.16455078125,0.877197265625,-5861.0,-3766.0,5104.0,4.0,2.0,-1.0,
1649770698570087194,-0.164367675781,0.419860839844,-0.164794921875,0.877197265625,-5859.0,-3785.0,5119.0,4.0,2.0,-1.0,
1649770698576012372,-0.164184570312,0.419921875,-0.164978027344,0.877197265625,-5852.0,-3795.0,5132.0,4.0,1.0,-1.0,
1649770698579773664,-0.163940429688,0.419921875,-0.165161132812,0.877197265625,-5842.0,-3798.0,5139.0,5.0,1.0,-1.0,
1649770698588865995,-0.163696289062,0.419860839844,-0.165405273438,0.877197265625,-5835.0,-3793.0,5138.0,5.0,1.0,-1.0,
1649770698590973377,-0.163452148438,0.419860839844,-0.165588378906,0.877197265625,-5818.0,-3774.0,5145.0,5.0,1.0,-1.0,
1649770698597311496,-0.163208007812,0.419860839844,-0.165771484375,0.877258300781,-5799.0,-3746.0,5139.0,4.0,0.0,-1.0,
1649770698632639646,-0.162963867188,0.419799804688,-0.165893554688,0.877258300781,-5776.0,-3713.0,5142.0,4.0,0.0,-1.0,
1649770698638838052,-0.162719726562,0.419738769531,-0.166015625,0.877319335938,-5755.0,-3678.0,5129.0,4.0,0.0,-1.0,
1649770698640949249,-0.161926269531,0.419677734375,-0.16650390625,0.87744140625,-5771.0,-3648.0,5155.0,0.0,0.0,-1.0,
1649770698644858360,-0.161865234375,0.419677734375,-0.166564941406,0.87744140625,-5789.0,-3676.0,5157.0,0.0,0.0,-1.0,
1649770698651040792,-0.161865234375,0.419677734375,-0.166625976562,0.877380371094,-5798.0,-3707.0,5163.0,1.0,0.0,-1.0,
1649770698713565587,-0.161804199219,0.419677734375,-0.166748046875,0.877380371094,-5805.0,-3737.0,5162.0,1.0,0.0,-1.0,
1649770698715372085,-0.161682128906,0.419616699219,-0.167053222656,0.877380371094,-5821.0,-3777.0,5166.0,3.0,0.0,-2.0,
1649770698724150419,-0.161499023438,0.419555664062,-0.167236328125,0.87744140625,-5829.0,-3783.0,5176.0,4.0,0.0,-2.0,
1649770698736287117,-0.161315917969,0.419494628906,-0.16748046875,0.87744140625,-5831.0,-3780.0,5187.0,4.0,0.0,-2.0,
1649770698787714004,-0.161071777344,0.419372558594,-0.167663574219,0.877502441406,-5838.0,-3768.0,5184.0,5.0,0.0,-2.0,
1649770699446062803,-0.160217285156,0.419189453125,-0.168395996094,0.877624511719,-5844.0,-3716.0,5193.0,6.0,0.0,-2.0,
1649770699914992809,-0.159484863281,0.4189453125,-0.168884277344,0.877746582031,-5841.0,-3642.0,5208.0,7.0,-1.0,-2.0,
1649770700527029275,-0.158630371094,0.418701171875,-0.169372558594,0.8779296875,-5827.0,-3560.0,5216.0,7.0,-1.0,-2.0,
1649770701036288499,-0.157897949219,0.41845703125,-0.169738769531,0.878112792969,-5818.0,-3474.0,5208.0,6.0,-1.0,-1.0,
1649770701037009239,-0.157531738281,0.418395996094,-0.169860839844,0.878173828125,-5819.0,-3439.0,5198.0,5.0,-1.0,-1.0,
1649770701037461757,-0.157287597656,0.418273925781,-0.169982910156,0.878295898438,-5823.0,-3412.0,5187.0,4.0,-1.0,-1.0,
1649770701037822008,-0.157043457031,0.418212890625,-0.170043945312,0.878356933594,-5826.0,-3391.0,5186.0,3.0,-1.0,-1.0,
1649770701038112878,-0.156860351562,0.418151855469,-0.170104980469,0.87841796875,-5838.0,-3378.0,5184.0,2.0,-1.0,-1.0,
1649770701659087181,-0.15673828125,0.418090820312,-0.170104980469,0.87841796875,-5843.0,-3376.0,5166.0,1.0,-1.0,-1.0,
1649770701662967443,-0.157165527344,0.417846679688,-0.169982910156,0.878479003906,-5908.0,-3525.0,4993.0,-1.0,-2.0,-1.0,
1649770702164132833,-0.157348632812,0.417846679688,-0.169921875,0.878479003906,-5886.0,-3501.0,4943.0,-1.0,-1.0,-1.0,
1649770702165986299,-0.157409667969,0.417846679688,-0.169860839844,0.878479003906,-5866.0,-3487.0,4920.0,-1.0,-1.0,-1.0,
1649770702188124895,-0.158081054688,0.418212890625,-0.169494628906,0.878234863281,-5814.0,-3518.0,4864.0,-2.0,0.0,0.0,
1649770702197058677,-0.158203125,0.418273925781,-0.16943359375,0.878234863281,-5812.0,-3550.0,4876.0,-2.0,0.0,0.0,
1649770702465376615,-0.158264160156,0.418334960938,-0.16943359375,0.878173828125,-5812.0,-3581.0,4885.0,-1.0,0.0,0.0,
1649770702861751079,-0.158325195312,0.418395996094,-0.16943359375,0.878112792969,-5815.0,-3607.0,4889.0,-1.0,0.0,0.0,
1649770703241169929,-0.158325195312,0.41845703125,-0.16943359375,0.878112792969,-5816.0,-3626.0,4888.0,0.0,0.0,0.0,
1649770703260676145,-0.157592773438,0.4189453125,-0.169860839844,0.8779296875,-5799.0,-3640.0,5014.0,0.0,0.0,0.0,
1649770703269837856,-0.157531738281,0.4189453125,-0.169860839844,0.8779296875,-5792.0,-3633.0,5024.0,0.0,0.0,0.0,
1649770703538955450,-0.157653808594,0.418701171875,-0.169921875,0.877990722656,-5812.0,-3659.0,5068.0,0.0,-1.0,0.0,
1649770703543336868,-0.147277832031,0.424072265625,-0.173278808594,0.876586914062,-5939.0,-3460.0,4900.0,-1.0,-1.0,0.0,
1649770703545562505,-0.147399902344,0.424133300781,-0.173217773438,0.876525878906,-5948.0,-3461.0,4896.0,-1.0,-1.0,0.0,
1649770703744022607,-0.152404785156,0.417541503906,-0.173400878906,0.878784179688,-5804.0,-3546.0,5098.0,1.0,0.0,-2.0,
1649770703746155977,-0.151428222656,0.417236328125,-0.174621582031,0.87890625,-5816.0,-3525.0,5182.0,2.0,0.0,-1.0,
1649770703763976812,-0.142272949219,0.418212890625,-0.177185058594,0.879455566406,-5848.0,-3431.0,5139.0,0.0,-1.0,-1.0,
1649770703796591758,-0.143493652344,0.418151855469,-0.182434082031,0.878173828125,-5858.0,-3441.0,5104.0,0.0,-1.0,-2.0,
1649770703823433160,-0.143920898438,0.418151855469,-0.183166503906,0.877990722656,-5878.0,-3444.0,5042.0,-1.0,-1.0,-2.0,
1649770703827027797,-0.144104003906,0.418151855469,-0.183288574219,0.8779296875,-5868.0,-3439.0,5016.0,-1.0,-1.0,-2.0,
1649770703830610275,-0.144226074219,0.418212890625,-0.183349609375,0.877868652344,-5859.0,-3438.0,5020.0,-1.0,-1.0,-2.0,
1649770703838739156,-0.14453125,0.418212890625,-0.183532714844,0.877746582031,-5857.0,-3466.0,4983.0,-1.0,-1.0,-2.0,
1649770704051636695,-0.144653320312,0.418273925781,-0.18359375,0.877685546875,-5857.0,-3473.0,4979.0,-1.0,-1.0,-2.0,
1649770704060927391,-0.140930175781,0.4208984375,-0.192016601562,0.875244140625,-5885.0,-3450.0,5064.0,-2.0,-2.0,-2.0,
1649770704563287019,-0.141052246094,0.4208984375,-0.192016601562,0.875244140625,-5885.0,-3452.0,5056.0,-2.0,-2.0,-2.0,
1649770704565804004,-0.14111328125,0.4208984375,-0.192077636719,0.875183105469,-5890.0,-3450.0,5042.0,-2.0,-2.0,-2.0,
1649770704573539733,-0.141540527344,0.420349121094,-0.197265625,0.874206542969,-5815.0,-3555.0,5151.0,1.0,0.0,-1.0,
1649770704575834035,-0.140563964844,0.420776367188,-0.198364257812,0.873901367188,-5856.0,-3509.0,5075.0,1.0,0.0,-1.0,
1649770704657597780,-0.140502929688,0.420837402344,-0.198486328125,0.873901367188,-5854.0,-3512.0,5072.0,1.0,0.0,-1.0,
1649770704660204172,-0.140441894531,0.4208984375,-0.198547363281,0.873901367188,-5855.0,-3509.0,5061.0,1.0,0.0,-1.0,
1649770704664999961,-0.140197753906,0.421020507812,-0.19873046875,0.873779296875,-5861.0,-3500.0,5044.0,1.0,0.0,-1.0,
1649770704672307729,-0.140075683594,0.421081542969,-0.198852539062,0.873779296875,-5861.0,-3499.0,5041.0,1.0,0.0,-1.0,
1649770704677174806,-0.139099121094,0.420471191406,-0.199768066406,0.8740234375,-5809.0,-3503.0,5115.0,0.0,-1.0,0.0,
1649770704679163932,-0.143615722656,0.417114257812,-0.192199707031,0.876586914062,-5867.0,-3427.0,5072.0,-4.0,-4.0,1.0,
1649770704681129693,-0.225280761719,0.407409667969,-0.154235839844,0.871459960938,-5326.0,-4268.0,4623.0,-21.0,-1.0,-6.0,
1649770704687994480,-0.229919433594,0.407897949219,-0.153442382812,0.870178222656,-5311.0,-4446.0,4612.0,-17.0,0.0,-5.0,
1649770704734209060,-0.236206054688,0.408569335938,-0.152954101562,0.868225097656,-5321.0,-4528.0,4913.0,-7.0,1.0,-3.0,
1649770704740311861,-0.237182617188,0.408569335938,-0.152893066406,0.867980957031,-5323.0,-4485.0,4987.0,-7.0,0.0,-3.0,
1649770704888632774,-0.249084472656,0.402587890625,-0.149291992188,0.868041992188,-5332.0,-4475.0,4637.0,-4.0,-5.0,0.0,
1649770704911443471,-0.249328613281,0.402465820312,-0.149108886719,0.868103027344,-5309.0,-4460.0,4636.0,-5.0,-5.0,0.0,
1649770704913666248,-0.262817382812,0.395263671875,-0.147094726562,0.867736816406,-5397.0,-4939.0,4611.0,-7.0,-8.0,-7.0,
1649770705116992712,-0.263366699219,0.394836425781,-0.147216796875,0.867797851562,-5381.0,-4947.0,4593.0,-6.0,-8.0,-7.0,
1649770705119218587,-0.263854980469,0.394470214844,-0.147277832031,0.867797851562,-5363.0,-4942.0,4591.0,-6.0,-8.0,-7.0,
1649770705121372461,-0.264953613281,0.393615722656,-0.1474609375,0.867797851562,-5333.0,-4931.0,4580.0,-6.0,-8.0,-7.0,
1649770705123713254,-0.267272949219,0.391906738281,-0.147827148438,0.867797851562,-5286.0,-4982.0,4576.0,-6.0,-8.0,-8.0,
1649770705133158445,-0.268432617188,0.39111328125,-0.148132324219,0.867736816406,-5268.0,-4946.0,4583.0,-7.0,-8.0,-8.0,
1649770705138713359,-0.272338867188,0.388610839844,-0.149108886719,0.867492675781,-5213.0,-5020.0,4597.0,-8.0,-7.0,-10.0,
1649770705142875909,-0.273071289062,0.38818359375,-0.149291992188,0.867431640625,-5196.0,-5027.0,4606.0,-8.0,-7.0,-10.0,
1649770705148964643,-0.273742675781,0.387756347656,-0.149536132812,0.867370605469,-5175.0,-5040.0,4620.0,-8.0,-7.0,-10.0,
1649770705151046991,-0.274475097656,0.387329101562,-0.149841308594,0.867248535156,-5166.0,-5062.0,4623.0,-8.0,-7.0,-11.0,
1649770705153092384,-0.291198730469,0.357177734375,-0.173278808594,0.870361328125,-4556.0,-5185.0,4675.0,0.0,-12.0,-15.0,
1649770705159772396,-0.292053222656,0.35546875,-0.174377441406,0.870544433594,-4507.0,-5226.0,4650.0,0.0,-12.0,-15.0,
1649770705164034128,-0.303894042969,0.297790527344,-0.202575683594,0.881958007812,-3540.0,-5433.0,5294.0,0.0,-12.0,-5.0,
1649770705171001672,-0.304077148438,0.297119140625,-0.202575683594,0.882141113281,-3515.0,-5435.0,5287.0,0.0,-12.0,-4.0,
1649770705173166751,-0.304260253906,0.29638671875,-0.202575683594,0.88232421875,-3494.0,-5436.0,5292.0,1.0,-12.0,-4.0,
1649770705181924819,-0.304382324219,0.295654296875,-0.202575683594,0.882507324219,-3471.0,-5434.0,5304.0,1.0,-12.0,-4.0,
1649770705184147596,-0.3076171875,0.284790039062,-0.202026367188,0.885131835938,-3275.0,-5432.0,5236.0,-4.0,-12.0,-5.0,
1649770705189685821,-0.308044433594,0.2841796875,-0.201965332031,0.885131835938,-3273.0,-5455.0,5208.0,-5.0,-11.0,-5.0,
1649770705195843696,-0.309020996094,0.283142089844,-0.201843261719,0.885192871094,-3274.0,-5487.0,5175.0,-5.0,-11.0,-5.0,
1649770705197860956,-0.309509277344,0.282592773438,-0.201782226562,0.885192871094,-3276.0,-5505.0,5166.0,-5.0,-11.0,-5.0,
1649770705207510709,-0.309936523438,0.282104492188,-0.201721191406,0.885192871094,-3278.0,-5516.0,5148.0,-4.0,-10.0,-5.0,
1649770705209563016,-0.310363769531,0.281616210938,-0.201721191406,0.88525390625,-3281.0,-5525.0,5151.0,-4.0,-10.0,-5.0,
1649770705213765859,-0.313171386719,0.277770996094,-0.201354980469,0.885559082031,-3285.0,-5547.0,5127.0,-4.0,-10.0,-4.0,
1649770705215899944,-0.313537597656,0.27734375,-0.201354980469,0.885559082031,-3274.0,-5543.0,5118.0,-4.0,-9.0,-4.0,
1649770705223680496,-0.313903808594,0.276916503906,-0.201293945312,0.885559082031,-3266.0,-5539.0,5108.0,-4.0,-9.0,-4.0,
1649770705226068019,-0.317016601562,0.274719238281,-0.200805664062,0.88525390625,-3219.0,-5531.0,4971.0,-6.0,-6.0,-3.0,
1649770705245282411,-0.328125,0.278991699219,-0.199829101562,0.880065917969,-2974.0,-5912.0,5104.0,-4.0,7.0,0.0,
1649770705259299993,-0.327880859375,0.281616210938,-0.200317382812,0.879211425781,-3018.0,-5883.0,5176.0,0.0,9.0,1.0,
1649770705279047250,-0.318237304688,0.320739746094,-0.209289550781,0.8671875,-3387.0,-5402.0,5132.0,0.0,23.0,0.0,
1649770705284984588,-0.317810058594,0.321899414062,-0.209777832031,0.866821289062,-3381.0,-5398.0,5141.0,1.0,23.0,0.0,
1649770705287082433,-0.317321777344,0.323059082031,-0.210266113281,0.866455078125,-3378.0,-5399.0,5158.0,1.0,23.0,0.0,
1649770705296198368,-0.316833496094,0.324157714844,-0.210693359375,0.866088867188,-3377.0,-5409.0,5186.0,2.0,23.0,0.0,
1649770705298556566,-0.316284179688,0.325256347656,-0.211181640625,0.86572265625,-3374.0,-5419.0,5202.0,2.0,22.0,1.0,
1649770705300617218,-0.315734863281,0.326354980469,-0.211608886719,0.865417480469,-3382.0,-5430.0,5225.0,3.0,22.0,1.0,
1649770705308614730,-0.315124511719,0.327453613281,-0.212036132812,0.865112304688,-3394.0,-5438.0,5243.0,3.0,22.0,1.0,
1649770705331201553,-0.314514160156,0.328552246094,-0.212524414062,0.864868164062,-3404.0,-5444.0,5257.0,4.0,22.0,1.0,
1649770705349628210,-0.313842773438,0.32958984375,-0.212890625,0.864624023438,-3414.0,-5456.0,5266.0,5.0,21.0,2.0,
1649770705353614091,-0.313171386719,0.33056640625,-0.213317871094,0.864318847656,-3437.0,-5456.0,5275.0,5.0,21.0,2.0,
1649770705359715938,-0.312438964844,0.331604003906,-0.213745117188,0.864135742188,-3454.0,-5462.0,5290.0,5.0,20.0,2.0,
1649770705370520114,-0.311767578125,0.33251953125,-0.214111328125,0.863891601562,-3478.0,-5464.0,5301.0,5.0,20.0,2.0,
1649770705374592781,-0.31103515625,0.33349609375,-0.214477539062,0.863708496094,-3499.0,-5463.0,5300.0,6.0,19.0,2.0,
1649770705382303237,-0.310302734375,0.334411621094,-0.21484375,0.863525390625,-3531.0,-5452.0,5281.0,5.0,19.0,2.0,
1649770705384446859,-0.309631347656,0.335327148438,-0.215148925781,0.863342285156,-3555.0,-5447.0,5267.0,5.0,18.0,3.0,
1649770705426843643,-0.308959960938,0.336242675781,-0.215393066406,0.863159179688,-3587.0,-5437.0,5240.0,5.0,17.0,3.0,
1649770706003649234,-0.307678222656,0.337951660156,-0.215881347656,0.862854003906,-3639.0,-5460.0,5191.0,5.0,16.0,3.0,
1649770706004107713,-0.307067871094,0.338806152344,-0.216064453125,0.862670898438,-3663.0,-5477.0,5164.0,5.0,16.0,4.0,
1649770706004624843,-0.306518554688,0.339599609375,-0.216186523438,0.862548828125,-3686.0,-5495.0,5143.0,5.0,15.0,4.0,
1649770706005135297,-0.305908203125,0.340393066406,-0.216369628906,0.862365722656,-3714.0,-5509.0,5134.0,5.0,14.0,4.0,
1649770706005502700,-0.305297851562,0.341125488281,-0.216491699219,0.862243652344,-3739.0,-5530.0,5127.0,5.0,14.0,4.0,
1649770706005804061,-0.3046875,0.341796875,-0.216613769531,0.862182617188,-3767.0,-5549.0,5112.0,5.0,13.0,4.0,
1649770706031431198,-0.304077148438,0.342529296875,-0.216735839844,0.862121582031,-3801.0,-5577.0,5112.0,6.0,12.0,4.0,
1649770706067735433,-0.302124023438,0.344299316406,-0.216979980469,0.861999511719,-3900.0,-5665.0,5098.0,7.0,10.0,5.0,
1649770706074729204,-0.300720214844,0.345397949219,-0.217102050781,0.861999511719,-3973.0,-5691.0,5080.0,8.0,9.0,5.0,
1649770706076929807,-0.29833984375,0.347229003906,-0.217102050781,0.862121582031,-4097.0,-5684.0,4992.0,6.0,7.0,5.0,
1649770706085707426,-0.2978515625,0.34765625,-0.217041015625,0.862121582031,-4127.0,-5709.0,4980.0,5.0,6.0,4.0,
1649770706087758064,-0.297424316406,0.348022460938,-0.216979980469,0.862121582031,-4156.0,-5756.0,4955.0,5.0,6.0,4.0,
1649770706096335411,-0.297058105469,0.348388671875,-0.216979980469,0.862121582031,-4191.0,-5805.0,4947.0,4.0,5.0,4.0,
1649770706108520507,-0.296691894531,0.348754882812,-0.216918945312,0.862121582031,-4231.0,-5844.0,4929.0,4.0,5.0,3.0,
1649770706110625267,-0.296325683594,0.349060058594,-0.216918945312,0.862121582031,-4273.0,-5869.0,4904.0,5.0,4.0,3.0,
1649770706159248828,-0.295959472656,0.349365234375,-0.216857910156,0.862121582031,-4310.0,-5878.0,4893.0,5.0,4.0,3.0,
1649770706171317338,-0.29443359375,0.3505859375,-0.216613769531,0.862243652344,-4427.0,-5876.0,4800.0,3.0,1.0,2.0,
1649770706181797266,-0.294067382812,0.351135253906,-0.216552734375,0.862182617188,-4496.0,-5924.0,4714.0,2.0,1.0,1.0,
1649770706274554729,-0.294006347656,0.351318359375,-0.216491699219,0.862121582031,-4513.0,-5921.0,4687.0,1.0,1.0,0.0,
1649770706296726465,-0.2939453125,0.351501464844,-0.216430664062,0.862060546875,-4530.0,-5904.0,4660.0,1.0,0.0,0.0,
1649770706305727243,-0.293884277344,0.351684570312,-0.216369628906,0.861999511719,-4540.0,-5876.0,4653.0,0.0,0.0,0.0,
1649770706317072868,-0.293884277344,0.351867675781,-0.21630859375,0.861938476562,-4545.0,-5853.0,4644.0,-1.0,0.0,0.0,
1649770707030349493,-0.29443359375,0.352783203125,-0.2158203125,0.861511230469,-4537.0,-5823.0,4577.0,-5.0,0.0,0.0,
1649770707030810117,-0.294738769531,0.35302734375,-0.215637207031,0.861389160156,-4523.0,-5822.0,4547.0,-5.0,1.0,0.0,
1649770707031609773,-0.296325683594,0.35498046875,-0.214477539062,0.860290527344,-4411.0,-5728.0,4439.0,-6.0,2.0,2.0,
1649770707032297134,-0.337768554688,0.342224121094,-0.131103515625,0.866943359375,-3934.0,-5658.0,5099.0,1.0,11.0,-2.0,
1649770707032927274,-0.337524414062,0.342590332031,-0.131530761719,0.866821289062,-3934.0,-5624.0,5122.0,2.0,11.0,-3.0,
1649770707033812761,-0.336853027344,0.343322753906,-0.132446289062,0.866638183594,-3931.0,-5525.0,5163.0,3.0,10.0,-3.0,
1649770707041771888,-0.334045410156,0.345153808594,-0.136352539062,0.866394042969,-3710.0,-4980.0,5035.0,2.0,8.0,-4.0,
1649770707050518751,-0.333801269531,0.345458984375,-0.13671875,0.866333007812,-3692.0,-4975.0,4989.0,1.0,9.0,-3.0,
1649770707063804149,-0.332336425781,0.348022460938,-0.137878417969,0.865661621094,-3827.0,-5125.0,4830.0,3.0,12.0,3.0,
1649770707071176290,-0.327392578125,0.353088378906,-0.138061523438,0.865478515625,-4144.0,-5329.0,4653.0,13.0,15.0,11.0,
1649770707073440551,-0.326171875,0.35400390625,-0.138000488281,0.865539550781,-4172.0,-5304.0,4594.0,14.0,15.0,12.0,
1649770707156408786,-0.324890136719,0.35498046875,-0.137939453125,0.865661621094,-4187.0,-5255.0,4517.0,15.0,15.0,13.0,
1649770707158684492,-0.323547363281,0.356018066406,-0.137878417969,0.86572265625,-4193.0,-5193.0,4452.0,16.0,16.0,13.0,
1649770707803385019,-0.317810058594,0.360595703125,-0.137512207031,0.866027832031,-4153.0,-4902.0,4142.0,17.0,19.0,15.0,
1649770707958436012,-0.316345214844,0.361877441406,-0.137329101562,0.866027832031,-4142.0,-4813.0,4067.0,16.0,20.0,16.0,
1649770707964353561,-0.31494140625,0.36328125,-0.13720703125,0.866027832031,-4141.0,-4718.0,4007.0,15.0,21.0,16.0,
1649770707974300861,-0.313537597656,0.364685058594,-0.137023925781,0.865966796875,-4149.0,-4633.0,3942.0,14.0,22.0,16.0,
1649770707978186607,-0.3046875,0.380859375,-0.133178710938,0.862731933594,-4533.0,-4356.0,3746.0,-2.0,29.0,19.0,
1649770708008438825,-0.303344726562,0.387329101562,-0.130981445312,0.860656738281,-4734.0,-4319.0,3719.0,-10.0,30.0,20.0,
1649770708010443925,-0.303100585938,0.391845703125,-0.129211425781,0.859008789062,-4861.0,-4394.0,3724.0,-15.0,31.0,20.0,
1649770708018805980,-0.293334960938,0.437072753906,-0.115844726562,0.84228515625,-5831.0,-5757.0,3826.0,8.0,20.0,14.0,
1649770708029554843,-0.291748046875,0.439575195312,-0.115600585938,0.841552734375,-5756.0,-5612.0,3757.0,6.0,20.0,13.0,
1649770708051864385,-0.290344238281,0.442016601562,-0.115295410156,0.8408203125,-5706.0,-5484.0,3737.0,4.0,19.0,13.0,
1649770708863428354,-0.308715820312,0.432495117188,-0.122741699219,0.838195800781,-5611.0,-5222.0,3352.0,0.0,-3.0,-8.0,
1649770708966009140,-0.309265136719,0.431884765625,-0.123779296875,0.838134765625,-5608.0,-5204.0,3354.0,1.0,-3.0,-8.0,
1649770708973056077,-0.3095703125,0.431518554688,-0.12451171875,0.838134765625,-5600.0,-5198.0,3365.0,1.0,-3.0,-8.0,
1649770709007148742,-0.309753417969,0.431274414062,-0.124877929688,0.838073730469,-5599.0,-5191.0,3368.0,1.0,-2.0,-8.0,
1649770709009512901,-0.309936523438,0.43115234375,-0.125244140625,0.838073730469,-5593.0,-5191.0,3367.0,0.0,-2.0,-8.0,
1649770709015485763,-0.310668945312,0.430480957031,-0.126647949219,0.837890625,-5597.0,-5178.0,3373.0,0.0,-2.0,-8.0,
1649770709027936697,-0.310852050781,0.430358886719,-0.126953125,0.837829589844,-5598.0,-5172.0,3370.0,0.0,-2.0,-8.0,
1649770709032274484,-0.31103515625,0.430236816406,-0.127319335938,0.837829589844,-5602.0,-5167.0,3378.0,0.0,-2.0,-8.0,
1649770709036327600,-0.311218261719,0.430053710938,-0.127624511719,0.837768554688,-5606.0,-5162.0,3388.0,0.0,-2.0,-8.0,
1649770709038452148,-0.311828613281,0.429626464844,-0.128601074219,0.837585449219,-5581.0,-5131.0,3397.0,-1.0,-2.0,-8.0,
1649770709045480251,-0.312072753906,0.429504394531,-0.12890625,0.837524414062,-5578.0,-5123.0,3397.0,-2.0,-2.0,-8.0,
1649770709049459218,-0.312377929688,0.429382324219,-0.129150390625,0.837463378906,-5565.0,-5117.0,3393.0,-2.0,-2.0,-8.0,
1649770709057009935,-0.312683105469,0.429260253906,-0.129455566406,0.837341308594,-5554.0,-5110.0,3384.0,-2.0,-2.0,-8.0,
1649770709061021089,-0.317749023438,0.429748535156,-0.132690429688,0.834655761719,-5336.0,-5113.0,3190.0,-3.0,4.0,-4.0,
1649770709084121227,-0.317932128906,0.430053710938,-0.132873535156,0.834411621094,-5328.0,-5124.0,3182.0,-3.0,4.0,-4.0,
1649770709140208244,-0.280944824219,0.484130859375,-0.161254882812,0.812805175781,-5776.0,-5457.0,2718.0,5.0,6.0,2.0,
1649770709268918991,-0.277038574219,0.488098144531,-0.163208007812,0.811340332031,-5830.0,-5284.0,2818.0,4.0,8.0,1.0,
1649770709307734012,-0.261962890625,0.502990722656,-0.174682617188,0.804870605469,-5881.0,-4640.0,2521.0,11.0,6.0,5.0,
1649770709309853553,-0.259887695312,0.503784179688,-0.174743652344,0.804992675781,-5915.0,-4418.0,2556.0,13.0,6.0,8.0,
1649770709329665899,-0.258666992188,0.504272460938,-0.174743652344,0.805114746094,-5939.0,-4331.0,2590.0,13.0,7.0,9.0,
1649770709339869260,-0.251220703125,0.507019042969,-0.173767089844,0.805969238281,-6199.0,-3829.0,3016.0,7.0,7.0,12.0,
1649770709342111825,-0.250183105469,0.507507324219,-0.173217773438,0.806091308594,-6245.0,-3718.0,3088.0,4.0,7.0,12.0,
1649770709344148397,-0.249389648438,0.508056640625,-0.172424316406,0.80615234375,-6292.0,-3630.0,3137.0,-1.0,6.0,13.0,
1649770709349694967,-0.248840332031,0.508605957031,-0.171508789062,0.80615234375,-6357.0,-3598.0,3179.0,-6.0,6.0,13.0,
1649770709353498697,-0.248657226562,0.50927734375,-0.17041015625,0.806091308594,-6403.0,-3622.0,3220.0,-11.0,5.0,13.0,
1649770709367530584,-0.237121582031,0.511474609375,-0.135925292969,0.814636230469,-6705.0,-4287.0,2844.0,-15.0,-7.0,10.0,
1649770709371859312,-0.242004394531,0.502075195312,-0.119323730469,0.821594238281,-6600.0,-4156.0,2918.0,0.0,-2.0,0.0,
1649770709412224292,-0.245666503906,0.501159667969,-0.114990234375,0.821716308594,-6499.0,-4388.0,3040.0,-3.0,-1.0,1.0,
1649770709424245357,-0.246154785156,0.50146484375,-0.114135742188,0.821533203125,-6526.0,-4460.0,3135.0,-1.0,0.0,1.0,
1649770709426358938,-0.246154785156,0.50146484375,-0.114074707031,0.821533203125,-6530.0,-4469.0,3145.0,-1.0,0.0,1.0,
1649770709437284708,-0.24609375,0.501525878906,-0.114013671875,0.821472167969,-6527.0,-4470.0,3159.0,-1.0,0.0,1.0,
1649770709447293281,-0.246032714844,0.501525878906,-0.113952636719,0.821533203125,-6514.0,-4463.0,3200.0,0.0,0.0,1.0,
1649770709449553251,-0.245910644531,0.501586914062,-0.113891601562,0.821533203125,-6514.0,-4451.0,3198.0,0.0,0.0,1.0,
1649770709458111524,-0.245849609375,0.501586914062,-0.113891601562,0.821533203125,-6514.0,-4437.0,3203.0,1.0,0.0,1.0,
1649770709466435432,-0.245727539062,0.501586914062,-0.113891601562,0.821594238281,-6511.0,-4424.0,3209.0,1.0,0.0,1.0,
1649770709468918800,-0.24560546875,0.501647949219,-0.113891601562,0.821594238281,-6509.0,-4400.0,3209.0,1.0,0.0,1.0,
1649770709479013204,-0.245422363281,0.501647949219,-0.113830566406,0.821655273438,-6505.0,-4391.0,3204.0,1.0,0.0,1.0,
1649770709501621723,-0.245300292969,0.501647949219,-0.113830566406,0.821655273438,-6495.0,-4374.0,3198.0,1.0,0.0,1.0,
1649770709508177042,-0.245178222656,0.501647949219,-0.113830566406,0.821716308594,-6490.0,-4354.0,3184.0,2.0,0.0,1.0,
1649770709531837940,-0.244445800781,0.501647949219,-0.11376953125,0.821899414062,-6477.0,-4262.0,3146.0,1.0,-1.0,1.0,
1649770709535177469,-0.24365234375,0.501403808594,-0.113098144531,0.822387695312,-6574.0,-4199.0,3019.0,-1.0,-3.0,0.0,
1649770709541436195,-0.243835449219,0.501220703125,-0.1123046875,0.822570800781,-6659.0,-4184.0,2978.0,-2.0,-3.0,0.0,
1649770709551141738,-0.248229980469,0.498413085938,-0.107604980469,0.823608398438,-6530.0,-4267.0,3125.0,-4.0,-5.0,0.0,
1649770709559363603,-0.249206542969,0.497314453125,-0.106384277344,0.824157714844,-6479.0,-4190.0,3171.0,-5.0,-6.0,0.0,
1649770709561412096,-0.249633789062,0.496887207031,-0.105834960938,0.824340820312,-6468.0,-4177.0,3178.0,-6.0,-6.0,0.0,
1649770709563651561,-0.249877929688,0.496704101562,-0.105529785156,0.824401855469,-6465.0,-4172.0,3170.0,-6.0,-6.0,0.0,
1649770709571329355,-0.251403808594,0.495788574219,-0.103881835938,0.82470703125,-6461.0,-4195.0,3113.0,-7.0,-6.0,0.0,
1649770709573614358,-0.251770019531,0.49560546875,-0.103515625,0.824768066406,-6462.0,-4207.0,3095.0,-7.0,-6.0,0.0,
1649770709595801115,-0.252136230469,0.495483398438,-0.103210449219,0.824768066406,-6462.0,-4223.0,3081.0,-7.0,-5.0,1.0,
1649770709599843263,-0.25244140625,0.495300292969,-0.102844238281,0.824768066406,-6459.0,-4249.0,3070.0,-7.0,-5.0,1.0,
1649770709604243755,-0.252807617188,0.495178222656,-0.1025390625,0.824829101562,-6462.0,-4266.0,3061.0,-7.0,-5.0,0.0,
1649770709615720272,-0.253173828125,0.495056152344,-0.102233886719,0.824829101562,-6466.0,-4284.0,3055.0,-7.0,-5.0,0.0,
1649770709623800277,-0.253784179688,0.494750976562,-0.101623535156,0.824890136719,-6476.0,-4312.0,3050.0,-6.0,-5.0,0.0,
1649770709717864990,-0.255920410156,0.493896484375,-0.0997924804688,0.824951171875,-6464.0,-4340.0,3046.0,-6.0,-4.0,0.0,
1649770709728496313,-0.256225585938,0.493835449219,-0.0994873046875,0.824951171875,-6458.0,-4351.0,3042.0,-6.0,-4.0,0.0,
1649770709752182245,-0.256530761719,0.493713378906,-0.0992431640625,0.824951171875,-6450.0,-4366.0,3051.0,-7.0,-4.0,0.0,
1649770709760698080,-0.257202148438,0.493469238281,-0.0987548828125,0.824951171875,-6441.0,-4402.0,3079.0,-6.0,-4.0,0.0,
1649770709771255493,-0.257507324219,0.493347167969,-0.0985107421875,0.824951171875,-6434.0,-4413.0,3080.0,-6.0,-4.0,0.0,
1649770709783385515,-0.258117675781,0.4931640625,-0.0980834960938,0.824951171875,-6420.0,-4422.0,3090.0,-6.0,-3.0,0.0,
1649770709791906595,-0.258728027344,0.492919921875,-0.09765625,0.824890136719,-6416.0,-4436.0,3114.0,-6.0,-3.0,0.0,
1649770709846451759,-0.259033203125,0.492858886719,-0.097412109375,0.824890136719,-6410.0,-4451.0,3126.0,-6.0,-3.0,0.0,
1649770709856184005,-0.259338378906,0.492736816406,-0.0972290039062,0.824890136719,-6399.0,-4462.0,3142.0,-6.0,-3.0,0.0,
1649770709875660657,-0.259643554688,0.492614746094,-0.0970458984375,0.824890136719,-6391.0,-4473.0,3148.0,-6.0,-3.0,0.0,
1649770709886840820,-0.259948730469,0.492492675781,-0.0968017578125,0.824890136719,-6378.0,-4490.0,3161.0,-6.0,-3.0,0.0,
1649770709889019966,-0.260498046875,0.492309570312,-0.096435546875,0.824890136719,-6368.0,-4518.0,3191.0,-6.0,-3.0,0.0,
1649770709899883031,-0.261596679688,0.491821289062,-0.0958862304688,0.824890136719,-6362.0,-4580.0,3227.0,-4.0,-3.0,-1.0,
1649770709917559146,-0.261779785156,0.491638183594,-0.0957641601562,0.824951171875,-6356.0,-4585.0,3233.0,-4.0,-3.0,-1.0,
1649770709927915096,-0.262939453125,0.490905761719,-0.0950927734375,0.825073242188,-6373.0,-4576.0,3212.0,-3.0,-3.0,0.0,
1649770709933825969,-0.263061523438,0.490844726562,-0.0950317382812,0.825073242188,-6373.0,-4573.0,3205.0,-3.0,-3.0,0.0,
1649770709973947286,-0.263610839844,0.490478515625,-0.0947265625,0.825134277344,-6362.0,-4577.0,3161.0,-2.0,-2.0,0.0,
1649770709993651866,-0.263732910156,0.490417480469,-0.0946655273438,0.8251953125,-6361.0,-4573.0,3143.0,-1.0,-2.0,0.0,
1649770710002454280,-0.263793945312,0.490356445312,-0.0946655273438,0.8251953125,-6361.0,-4564.0,3135.0,-1.0,-2.0,0.0,
1649770710007009744,-0.263854980469,0.490295410156,-0.0946044921875,0.8251953125,-6360.0,-4556.0,3116.0,-1.0,-2.0,0.0,
1649770710010849475,-0.263854980469,0.490234375,-0.0946044921875,0.825256347656,-6362.0,-4546.0,3103.0,-1.0,-2.0,0.0,
1649770710022672653,-0.263916015625,0.490173339844,-0.094482421875,0.825317382812,-6370.0,-4498.0,3089.0,0.0,-2.0,0.0,
1649770710032142162,-0.263916015625,0.490112304688,-0.094482421875,0.825317382812,-6371.0,-4483.0,3094.0,0.0,-1.0,0.0,
1649770710036543369,-0.263854980469,0.490112304688,-0.094482421875,0.825317382812,-6372.0,-4473.0,3092.0,0.0,-1.0,0.0,
1649770710064478635,-0.263854980469,0.490051269531,-0.0944213867188,0.825378417969,-6381.0,-4452.0,3097.0,0.0,-1.0,0.0,
1649770710076494932,-0.263854980469,0.490112304688,-0.0944213867188,0.825378417969,-6387.0,-4441.0,3099.0,0.0,-1.0,0.0,
1649770710080450773,-0.263854980469,0.490112304688,-0.0943603515625,0.825378417969,-6390.0,-4433.0,3110.0,0.0,-1.0,0.0,
1649770710117360591,-0.263244628906,0.49072265625,-0.0950927734375,0.825073242188,-6355.0,-4528.0,3170.0,2.0,1.0,-1.0,
1649770710130680799,-0.263061523438,0.490844726562,-0.0953979492188,0.825073242188,-6339.0,-4534.0,3159.0,2.0,1.0,-1.0,
1649770710132829904,-0.262573242188,0.491088867188,-0.0960693359375,0.825012207031,-6342.0,-4510.0,3119.0,2.0,1.0,-1.0,
1649770710161540031,-0.262023925781,0.491455078125,-0.0968627929688,0.824890136719,-6412.0,-4489.0,3093.0,2.0,1.0,-1.0,
1649770710180757045,-0.261840820312,0.491577148438,-0.0971069335938,0.824829101562,-6436.0,-4478.0,3099.0,2.0,1.0,-1.0,
1649770710189949750,-0.260681152344,0.492492675781,-0.0987548828125,0.824401855469,-6417.0,-4466.0,3115.0,3.0,2.0,-2.0,
1649770710192002773,-0.260559082031,0.492614746094,-0.0989990234375,0.824340820312,-6413.0,-4465.0,3116.0,3.0,2.0,-1.0,
1649770710198187589,-0.260375976562,0.492797851562,-0.0991821289062,0.824340820312,-6411.0,-4463.0,3126.0,3.0,3.0,-1.0,
1649770710218098163,-0.258972167969,0.493713378906,-0.100646972656,0.824035644531,-6368.0,-4445.0,3158.0,3.0,3.0,-1.0,
1649770710244516134,-0.2578125,0.49462890625,-0.101928710938,0.823669433594,-6360.0,-4523.0,3131.0,4.0,3.0,-1.0,
1649770710253005027,-0.257385253906,0.494934082031,-0.102478027344,0.823547363281,-6376.0,-4545.0,3118.0,5.0,3.0,-1.0,
1649770710266812562,-0.257080078125,0.4951171875,-0.102722167969,0.823486328125,-6383.0,-4552.0,3114.0,5.0,3.0,-1.0,
1649770710275670051,-0.255249023438,0.495971679688,-0.104370117188,0.823303222656,-6429.0,-4483.0,3084.0,6.0,3.0,-1.0,
1649770710284154653,-0.254638671875,0.496276855469,-0.104919433594,0.823303222656,-6452.0,-4460.0,3074.0,6.0,3.0,-1.0,
1649770710288151741,-0.253295898438,0.496826171875,-0.106018066406,0.8232421875,-6492.0,-4386.0,3068.0,6.0,2.0,-1.0,
1649770710310271501,-0.252685546875,0.4970703125,-0.106506347656,0.823181152344,-6504.0,-4356.0,3071.0,5.0,2.0,-1.0,
1649770710316093683,-0.252380371094,0.497192382812,-0.106689453125,0.823181152344,-6508.0,-4344.0,3085.0,5.0,2.0,-1.0,
1649770710352197170,-0.251647949219,0.497436523438,-0.107360839844,0.823181152344,-6525.0,-4308.0,3066.0,4.0,2.0,-2.0,
1649770710359648227,-0.251159667969,0.497680664062,-0.107727050781,0.823120117188,-6527.0,-4287.0,3048.0,4.0,2.0,-2.0,
1649770710361778259,-0.2509765625,0.497741699219,-0.10791015625,0.823120117188,-6528.0,-4276.0,3043.0,3.0,1.0,-2.0,
1649770710383119344,-0.250061035156,0.498352050781,-0.109191894531,0.822875976562,-6480.0,-4297.0,3061.0,2.0,1.0,-2.0,
1649770710393857479,-0.249450683594,0.498596191406,-0.110961914062,0.822692871094,-6455.0,-4364.0,3083.0,2.0,0.0,-2.0,
1649770710400953292,-0.249389648438,0.498596191406,-0.111083984375,0.822692871094,-6458.0,-4362.0,3085.0,2.0,0.0,-2.0,
1649770710412978172,-0.249328613281,0.498596191406,-0.111267089844,0.822692871094,-6464.0,-4358.0,3088.0,2.0,0.0,-2.0,
1649770711126430988,-0.249206542969,0.49853515625,-0.111999511719,0.822631835938,-6464.0,-4390.0,3063.0,1.0,0.0,-2.0,
1649770711309133768,-0.249206542969,0.498474121094,-0.112915039062,0.822570800781,-6454.0,-4423.0,3039.0,2.0,0.0,-3.0,
1649770711323880672,-0.249206542969,0.498474121094,-0.113098144531,0.822570800781,-6464.0,-4421.0,3036.0,2.0,0.0,-3.0,
1649770711347501993,-0.249145507812,0.498474121094,-0.11328125,0.822509765625,-6469.0,-4415.0,3040.0,2.0,0.0,-3.0,
1649770711418918132,-0.2490234375,0.498413085938,-0.113647460938,0.822570800781,-6485.0,-4391.0,3050.0,2.0,0.0,-3.0,
1649770711421190500,-0.248962402344,0.498413085938,-0.113830566406,0.822570800781,-6494.0,-4371.0,3056.0,2.0,-1.0,-3.0,
1649770711535923719,-0.248901367188,0.498352050781,-0.114074707031,0.822570800781,-6501.0,-4334.0,3058.0,1.0,-1.0,-3.0,
1649770711546141624,-0.248901367188,0.498291015625,-0.114685058594,0.822509765625,-6527.0,-4277.0,3014.0,0.0,-1.0,-3.0,
1649770711551673650,-0.2490234375,0.498352050781,-0.114807128906,0.822448730469,-6533.0,-4267.0,2996.0,-1.0,-1.0,-3.0,
1649770711556020021,-0.249084472656,0.498352050781,-0.114868164062,0.822387695312,-6528.0,-4273.0,2990.0,-1.0,0.0,-3.0,
1649770711567791700,-0.249450683594,0.49853515625,-0.115173339844,0.822143554688,-6514.0,-4310.0,2976.0,-1.0,0.0,-2.0,
1649770711570008277,-0.24951171875,0.498596191406,-0.115234375,0.822082519531,-6508.0,-4320.0,2983.0,-1.0,0.0,-2.0,
1649770711578169822,-0.249816894531,0.498718261719,-0.115539550781,0.821838378906,-6474.0,-4384.0,3036.0,-1.0,0.0,-2.0,
1649770711580390930,-0.249877929688,0.498779296875,-0.115600585938,0.821838378906,-6467.0,-4396.0,3055.0,-1.0,0.0,-2.0,
1649770712211493968,-0.250183105469,0.498840332031,-0.116333007812,0.821594238281,-6409.0,-4435.0,3116.0,0.0,0.0,-2.0,
1649770712217597961,-0.250122070312,0.498840332031,-0.116455078125,0.821594238281,-6407.0,-4435.0,3112.0,0.0,0.0,-2.0,
1649770712218948602,-0.250122070312,0.498901367188,-0.116577148438,0.821533203125,-6411.0,-4423.0,3083.0,0.0,0.0,-2.0,
1649770712219788789,-0.250122070312,0.498901367188,-0.11669921875,0.821472167969,-6413.0,-4418.0,3079.0,1.0,0.0,-1.0,
1649770712273048639,-0.250061035156,0.498962402344,-0.116760253906,0.821472167969,-6424.0,-4413.0,3069.0,1.0,0.0,-1.0,
1649770712303244113,-0.25,0.499084472656,-0.116882324219,0.821411132812,-6451.0,-4412.0,3061.0,0.0,0.0,-1.0,
