1649686943329900264,-0.346740722656,0.452575683594,-0.185668945312,0.80029296875,-7946.0,-5571.0,2895.0,-157.0,-42.0,-58.0,
1649686943333756923,-0.356384277344,0.451721191406,-0.182983398438,0.797119140625,-7927.0,-5345.0,2663.0,-159.0,-40.0,-60.0,
1649686943386038780,-0.366271972656,0.451049804688,-0.179931640625,0.793701171875,-7957.0,-5097.0,2476.0,-169.0,-39.0,-61.0,
1649686943387249708,-0.376953125,0.450378417969,-0.176330566406,0.789855957031,-8002.0,-4937.0,2319.0,-187.0,-40.0,-63.0,
1649686943391040563,-0.388732910156,0.449829101562,-0.172180175781,0.785400390625,-8036.0,-4899.0,2190.0,-208.0,-41.0,-65.0,
1649686943391614437,-0.401611328125,0.449157714844,-0.167602539062,0.7802734375,-8035.0,-4966.0,2070.0,-230.0,-43.0,-69.0,
1649686943392599821,-0.41552734375,0.448364257812,-0.162719726562,0.774475097656,-7988.0,-5083.0,1940.0,-249.0,-44.0,-74.0,
1649686943393292903,-0.430236816406,0.447387695312,-0.157653808594,0.768005371094,-7912.0,-5204.0,1776.0,-264.0,-44.0,-80.0,
1649686943393636941,-0.445495605469,0.4462890625,-0.152465820312,0.760986328125,-7818.0,-5254.0,1574.0,-275.0,-43.0,-84.0,
1649686943394513130,-0.461120605469,0.445068359375,-0.147155761719,0.753356933594,-7669.0,-5271.0,1278.0,-284.0,-43.0,-88.0,
1649686943395328760,-0.477111816406,0.44384765625,-0.141723632812,0.7451171875,-7474.0,-5267.0,945.0,-293.0,-41.0,-90.0,
1649686943395775556,-0.493408203125,0.442565917969,-0.136108398438,0.736328125,-7242.0,-5314.0,546.0,-300.0,-39.0,-91.0,
1649686943396010637,-0.509887695312,0.441284179688,-0.130310058594,0.726806640625,-6971.0,-5454.0,103.0,-308.0,-36.0,-91.0,
1649686943398016691,-0.526489257812,0.440063476562,-0.124572753906,0.716674804688,-6665.0,-5678.0,-385.0,-312.0,-32.0,-90.0,
1649686943402551889,-0.542846679688,0.438842773438,-0.119018554688,0.7060546875,-6335.0,-5966.0,-916.0,-310.0,-27.0,-89.0,
1649686943406960964,-0.558837890625,0.437622070312,-0.113830566406,0.695129394531,-5969.0,-6307.0,-1493.0,-304.0,-21.0,-89.0,
1649686943411613941,-0.574401855469,0.436401367188,-0.109069824219,0.683837890625,-5591.0,-6694.0,-2140.0,-297.0,-14.0,-89.0,
1649686943416255474,-0.589538574219,0.435241699219,-0.104858398438,0.672302246094,-5225.0,-7096.0,-2785.0,-290.0,-8.0,-90.0,
1649686943467657327,-0.604125976562,0.434020996094,-0.101135253906,0.660583496094,-4879.0,-7514.0,-3416.0,-280.0,-2.0,-90.0,
1649686943471606969,-0.618041992188,0.432739257812,-0.0979614257812,0.648986816406,-4579.0,-7929.0,-3970.0,-267.0,4.0,-90.0,
1649686943474089622,-0.631042480469,0.431457519531,-0.095458984375,0.637573242188,-4352.0,-8323.0,-4343.0,-252.0,10.0,-90.0,
1649686943483373165,-0.643005371094,0.430053710938,-0.0936279296875,0.626770019531,-4175.0,-8688.0,-4601.0,-233.0,15.0,-90.0,
1649686943486997365,-0.653747558594,0.428649902344,-0.092529296875,0.616638183594,-4002.0,-8991.0,-4823.0,-210.0,21.0,-89.0,
1649686943542901992,-0.663391113281,0.427185058594,-0.0921630859375,0.607360839844,-3809.0,-9220.0,-4978.0,-187.0,25.0,-88.0,
1649686943547088623,-0.672058105469,0.425720214844,-0.092529296875,0.598754882812,-3595.0,-9326.0,-5057.0,-165.0,29.0,-87.0,
1649686943550810098,-0.679809570312,0.424194335938,-0.0934448242188,0.590881347656,-3377.0,-9274.0,-5065.0,-146.0,32.0,-86.0,
1649686943553245067,-0.686828613281,0.422668457031,-0.0947265625,0.583679199219,-3176.0,-9072.0,-5030.0,-130.0,34.0,-84.0,
1649686943555062532,-0.693115234375,0.421264648438,-0.0963134765625,0.576904296875,-3008.0,-8795.0,-4967.0,-117.0,36.0,-82.0,
1649686943557854652,-0.698974609375,0.419982910156,-0.0980834960938,0.570495605469,-2855.0,-8500.0,-4909.0,-107.0,38.0,-79.0,
1649686943559352636,-0.709716796875,0.417663574219,-0.101806640625,0.558166503906,-2556.0,-7984.0,-4734.0,-99.0,41.0,-75.0,
1649686943560571432,-0.714782714844,0.41650390625,-0.103698730469,0.552124023438,-2391.0,-7748.0,-4585.0,-98.0,42.0,-73.0,
1649686943562047481,-0.719787597656,0.415405273438,-0.105529785156,0.546020507812,-2255.0,-7554.0,-4441.0,-99.0,42.0,-72.0,
1649686943563571929,-0.724670410156,0.414367675781,-0.107421875,0.539978027344,-2103.0,-7412.0,-4387.0,-98.0,43.0,-71.0,
1649686943566679716,-0.7294921875,0.413269042969,-0.109313964844,0.533935546875,-1919.0,-7312.0,-4412.0,-96.0,43.0,-70.0,
1649686943568144559,-0.734130859375,0.412231445312,-0.111328125,0.527954101562,-1731.0,-7247.0,-4436.0,-92.0,43.0,-68.0,
1649686943622752428,-0.738525390625,0.4111328125,-0.113403320312,0.522155761719,-1532.0,-7203.0,-4485.0,-89.0,43.0,-67.0,
1649686943691495418,-0.742736816406,0.410095214844,-0.11572265625,0.516479492188,-1371.0,-7224.0,-4513.0,-83.0,44.0,-66.0,
1649686943846246957,-0.746643066406,0.408996582031,-0.1181640625,0.511169433594,-1237.0,-7329.0,-4486.0,-77.0,45.0,-65.0,
1649686943852622509,-0.750183105469,0.407836914062,-0.120849609375,0.506225585938,-1105.0,-7454.0,-4442.0,-69.0,45.0,-65.0,
1649686943901655435,-0.753356933594,0.406555175781,-0.123779296875,0.501831054688,-987.0,-7515.0,-4364.0,-60.0,45.0,-64.0,
1649686943905784606,-0.756164550781,0.4052734375,-0.126831054688,0.497863769531,-897.0,-7467.0,-4243.0,-51.0,44.0,-63.0,
1649686943907220840,-0.7587890625,0.403869628906,-0.129943847656,0.494262695312,-818.0,-7324.0,-4106.0,-44.0,43.0,-63.0,
1649686943908743858,-0.761169433594,0.402465820312,-0.133056640625,0.490844726562,-758.0,-7122.0,-3978.0,-40.0,42.0,-63.0,
1649686943910537004,-0.763488769531,0.401062011719,-0.136169433594,0.487609863281,-688.0,-6881.0,-3863.0,-36.0,41.0,-62.0,
1649686943911577701,-0.765625,0.399658203125,-0.13916015625,0.484497070312,-603.0,-6642.0,-3747.0,-33.0,40.0,-60.0,
1649686943914513826,-0.767578125,0.398376464844,-0.142150878906,0.481567382812,-494.0,-6428.0,-3667.0,-30.0,39.0,-57.0,
1649686943916041612,-0.769470214844,0.397094726562,-0.145141601562,0.478698730469,-381.0,-6264.0,-3632.0,-28.0,39.0,-55.0,
1649686943917448520,-0.771301269531,0.395874023438,-0.148071289062,0.475891113281,-274.0,-6166.0,-3610.0,-27.0,38.0,-54.0,
1649686943918349504,-0.773010253906,0.394653320312,-0.151000976562,0.47314453125,-168.0,-6152.0,-3567.0,-26.0,38.0,-52.0,
1649686943919437646,-0.774597167969,0.393493652344,-0.153991699219,0.470581054688,-62.0,-6210.0,-3500.0,-24.0,39.0,-50.0,
1649686943920556783,-0.775939941406,0.392395019531,-0.157043457031,0.46826171875,55.0,-6299.0,-3435.0,-21.0,38.0,-48.0,
1649686943923378467,-0.777160644531,0.391235351562,-0.16015625,0.466125488281,156.0,-6395.0,-3350.0,-17.0,38.0,-47.0,
1649686943926095962,-0.778198242188,0.390075683594,-0.163330078125,0.464233398438,226.0,-6499.0,-3257.0,-13.0,37.0,-46.0,
1649686943927728414,-0.779113769531,0.388916015625,-0.16650390625,0.462646484375,277.0,-6576.0,-3138.0,-9.0,37.0,-44.0,
1649686943929484844,-0.779846191406,0.387756347656,-0.169616699219,0.461242675781,321.0,-6586.0,-3016.0,-6.0,35.0,-43.0,
1649686943930286645,-0.780517578125,0.386596679688,-0.172668457031,0.459899902344,340.0,-6526.0,-2900.0,-6.0,34.0,-43.0,
1649686943932498693,-0.781311035156,0.385437011719,-0.175537109375,0.45849609375,366.0,-6464.0,-2826.0,-8.0,32.0,-42.0,
1649686943935040712,-0.782165527344,0.38427734375,-0.17822265625,0.456909179688,384.0,-6423.0,-2830.0,-11.0,31.0,-42.0,
1649686943936326742,-0.784118652344,0.381958007812,-0.183227539062,0.453552246094,471.0,-6348.0,-2861.0,-14.0,28.0,-41.0,
1649686943988276481,-0.795349121094,0.369689941406,-0.208679199219,0.4326171875,920.0,-6481.0,-3568.0,-10.0,21.0,-28.0,
1649686943989904880,-0.798217773438,0.354431152344,-0.255554199219,0.414611816406,830.0,-6487.0,-3077.0,-12.0,7.0,-19.0,
1649686943990339517,-0.798828125,0.353881835938,-0.256042480469,0.41357421875,907.0,-6591.0,-3237.0,-16.0,6.0,-19.0,
1649686943990757703,-0.799560546875,0.353271484375,-0.256591796875,0.412353515625,985.0,-6716.0,-3420.0,-17.0,6.0,-20.0,
1649686943991184473,-0.80029296875,0.352661132812,-0.257141113281,0.411193847656,1048.0,-6833.0,-3499.0,-16.0,5.0,-20.0,
1649686943991727113,-0.800415039062,0.346374511719,-0.264343261719,0.411743164062,1206.0,-6087.0,-3439.0,8.0,4.0,-10.0,
1649686943992301464,-0.800354003906,0.345886230469,-0.265014648438,0.411804199219,1239.0,-6063.0,-3397.0,5.0,4.0,-10.0,
1649686943992799282,-0.800415039062,0.345458984375,-0.265625,0.411682128906,1263.0,-6083.0,-3405.0,1.0,3.0,-10.0,
1649686943993161916,-0.800659179688,0.345092773438,-0.265991210938,0.411193847656,1296.0,-6159.0,-3511.0,-6.0,3.0,-10.0,
1649686943993645906,-0.801147460938,0.344787597656,-0.266296386719,0.410339355469,1319.0,-6311.0,-3661.0,-12.0,3.0,-11.0,
1649686943994103193,-0.8017578125,0.344543457031,-0.266479492188,0.409301757812,1332.0,-6498.0,-3746.0,-16.0,3.0,-12.0,
1649686943994627475,-0.802307128906,0.344360351562,-0.2666015625,0.408264160156,1305.0,-6630.0,-3741.0,-17.0,3.0,-12.0,
1649686943995034217,-0.802795410156,0.344116210938,-0.266784667969,0.407409667969,1281.0,-6678.0,-3758.0,-17.0,3.0,-12.0,
1649686943995578527,-0.803283691406,0.343872070312,-0.266906738281,0.406494140625,1285.0,-6638.0,-3821.0,-16.0,2.0,-12.0,
1649686943995822668,-0.803894042969,0.343627929688,-0.267028808594,0.405517578125,1331.0,-6558.0,-3910.0,-15.0,2.0,-12.0,
1649686943996506929,-0.804504394531,0.343383789062,-0.267150878906,0.404357910156,1392.0,-6516.0,-3982.0,-17.0,2.0,-11.0,
1649686943996788978,-0.805236816406,0.343200683594,-0.267272949219,0.403076171875,1457.0,-6562.0,-4069.0,-19.0,3.0,-11.0,
1649686943997515678,-0.805908203125,0.343017578125,-0.267333984375,0.401733398438,1499.0,-6690.0,-4175.0,-21.0,3.0,-12.0,
1649686943997750043,-0.806640625,0.342834472656,-0.267395019531,0.400329589844,1516.0,-6837.0,-4247.0,-22.0,3.0,-12.0,
1649686943998332977,-0.807312011719,0.342712402344,-0.267517089844,0.399047851562,1525.0,-6921.0,-4310.0,-21.0,3.0,-12.0,
1649686943998856544,-0.807922363281,0.342529296875,-0.267639160156,0.39794921875,1522.0,-6887.0,-4330.0,-18.0,3.0,-11.0,
1649686943999123096,-0.808349609375,0.34228515625,-0.267822265625,0.397033691406,1495.0,-6781.0,-4289.0,-13.0,3.0,-10.0,
1649686944000035047,-0.808715820312,0.342102050781,-0.26806640625,0.396423339844,1446.0,-6645.0,-4196.0,-9.0,3.0,-9.0,
1649686944002334356,-0.808898925781,0.341796875,-0.268615722656,0.395874023438,1352.0,-6492.0,-4085.0,-1.0,3.0,-5.0,
1649686944008486747,-0.808715820312,0.341491699219,-0.269226074219,0.396118164062,1352.0,-6429.0,-4078.0,5.0,2.0,-3.0,
1649686944013144969,-0.808532714844,0.341247558594,-0.269592285156,0.396423339844,1379.0,-6366.0,-4114.0,8.0,2.0,-2.0,
1649686944017526388,-0.808349609375,0.341064453125,-0.269958496094,0.396789550781,1412.0,-6291.0,-4190.0,10.0,2.0,-2.0,
1649686944067614793,-0.80810546875,0.340942382812,-0.270324707031,0.397094726562,1429.0,-6217.0,-4337.0,11.0,2.0,-1.0,
1649686944069023370,-0.807922363281,0.3408203125,-0.270690917969,0.397399902344,1429.0,-6162.0,-4464.0,11.0,3.0,-1.0,
1649686944069330930,-0.807678222656,0.340759277344,-0.271057128906,0.397583007812,1414.0,-6140.0,-4547.0,10.0,4.0,-1.0,
1649686944071128606,-0.807556152344,0.340759277344,-0.271423339844,0.397644042969,1385.0,-6124.0,-4592.0,8.0,5.0,-1.0,
1649686944071671724,-0.807373046875,0.3408203125,-0.271728515625,0.397644042969,1360.0,-6110.0,-4613.0,5.0,6.0,-1.0,
1649686944072636604,-0.807312011719,0.340942382812,-0.272033691406,0.3974609375,1337.0,-6107.0,-4602.0,1.0,6.0,-1.0,
1649686944073633909,-0.807373046875,0.341125488281,-0.272277832031,0.397094726562,1308.0,-6135.0,-4580.0,-3.0,6.0,-2.0,
1649686944074053287,-0.807434082031,0.34130859375,-0.272521972656,0.396606445312,1289.0,-6200.0,-4569.0,-6.0,6.0,-3.0,
1649686944075218915,-0.8076171875,0.341491699219,-0.272705078125,0.39599609375,1278.0,-6283.0,-4556.0,-9.0,6.0,-3.0,
1649686944075563669,-0.807861328125,0.341674804688,-0.272827148438,0.395263671875,1291.0,-6374.0,-4547.0,-11.0,6.0,-4.0,
1649686944077114105,-0.808044433594,0.341857910156,-0.273010253906,0.39453125,1316.0,-6473.0,-4546.0,-11.0,6.0,-5.0,
1649686944079884529,-0.808288574219,0.341918945312,-0.273254394531,0.393798828125,1335.0,-6577.0,-4532.0,-11.0,6.0,-5.0,
1649686944085390567,-0.808532714844,0.341979980469,-0.273498535156,0.393188476562,1347.0,-6678.0,-4505.0,-9.0,5.0,-6.0,
1649686944133288383,-0.808654785156,0.341918945312,-0.273742675781,0.392761230469,1356.0,-6745.0,-4477.0,-7.0,5.0,-6.0,
1649686944134212970,-0.808715820312,0.341613769531,-0.274475097656,0.392395019531,1409.0,-6865.0,-4385.0,0.0,4.0,-6.0,
1649686944135095834,-0.80859375,0.341369628906,-0.27490234375,0.392456054688,1431.0,-6882.0,-4340.0,3.0,3.0,-6.0,
1649686944135793447,-0.808471679688,0.341003417969,-0.275390625,0.392761230469,1462.0,-6858.0,-4299.0,7.0,2.0,-6.0,
1649686944136594533,-0.808288574219,0.340637207031,-0.27587890625,0.393188476562,1500.0,-6789.0,-4290.0,10.0,1.0,-6.0,
1649686944136999368,-0.80810546875,0.340148925781,-0.2763671875,0.393615722656,1543.0,-6690.0,-4303.0,11.0,1.0,-5.0,
1649686944137342453,-0.807922363281,0.339721679688,-0.276794433594,0.393981933594,1587.0,-6577.0,-4326.0,12.0,1.0,-6.0,
1649686944137860774,-0.807800292969,0.339294433594,-0.277282714844,0.394287109375,1625.0,-6470.0,-4371.0,11.0,1.0,-5.0,
1649686944138048410,-0.807800292969,0.3388671875,-0.277648925781,0.394470214844,1652.0,-6389.0,-4470.0,8.0,1.0,-5.0,
1649686944139341115,-0.807800292969,0.338562011719,-0.277954101562,0.394409179688,1627.0,-6355.0,-4535.0,5.0,1.0,-6.0,
1649686944144100427,-0.807983398438,0.338317871094,-0.278198242188,0.394165039062,1624.0,-6342.0,-4583.0,1.0,2.0,-6.0,
1649686944149208307,-0.80810546875,0.338134765625,-0.278442382812,0.393859863281,1635.0,-6288.0,-4701.0,-1.0,3.0,-6.0,
1649686944153383731,-0.808349609375,0.338012695312,-0.278686523438,0.393310546875,1648.0,-6270.0,-4815.0,-3.0,4.0,-6.0,
1649686944158013105,-0.808654785156,0.338012695312,-0.278869628906,0.392517089844,1662.0,-6317.0,-4871.0,-7.0,6.0,-6.0,
1649686944162534475,-0.808959960938,0.338012695312,-0.279174804688,0.391662597656,1673.0,-6402.0,-4928.0,-9.0,7.0,-7.0,
1649686944223858118,-0.809204101562,0.338073730469,-0.279541015625,0.390869140625,1680.0,-6480.0,-4976.0,-9.0,8.0,-7.0,
1649686944225669860,-0.809448242188,0.338195800781,-0.279968261719,0.389953613281,1717.0,-6513.0,-5016.0,-9.0,9.0,-7.0,
1649686944226061105,-0.809692382812,0.338195800781,-0.280456542969,0.389099121094,1786.0,-6534.0,-5079.0,-9.0,10.0,-7.0,
1649686944227467536,-0.809936523438,0.338256835938,-0.281005859375,0.388061523438,1844.0,-6601.0,-5077.0,-9.0,11.0,-8.0,
1649686944227922201,-0.810180664062,0.338256835938,-0.281677246094,0.387145996094,1871.0,-6723.0,-5019.0,-9.0,12.0,-9.0,
1649686944229319334,-0.810302734375,0.338256835938,-0.282470703125,0.386352539062,1880.0,-6836.0,-4917.0,-7.0,13.0,-9.0,
1649686944229634523,-0.810241699219,0.338134765625,-0.283325195312,0.385864257812,1866.0,-6858.0,-4776.0,-4.0,13.0,-9.0,
1649686944230997562,-0.810180664062,0.338012695312,-0.284240722656,0.385559082031,1834.0,-6761.0,-4595.0,-1.0,12.0,-9.0,
1649686944231480121,-0.81005859375,0.337829589844,-0.285095214844,0.38525390625,1787.0,-6576.0,-4408.0,1.0,11.0,-9.0,
1649686944232007503,-0.809997558594,0.337646484375,-0.285888671875,0.384887695312,1711.0,-6373.0,-4222.0,-1.0,10.0,-9.0,
1649686944232725620,-0.81005859375,0.337524414062,-0.286560058594,0.384460449219,1619.0,-6221.0,-4036.0,-4.0,9.0,-8.0,
1649686944232912540,-0.810180664062,0.337524414062,-0.286987304688,0.383911132812,1525.0,-6159.0,-3857.0,-7.0,8.0,-8.0,
1649686944233587503,-0.810302734375,0.337524414062,-0.287353515625,0.38330078125,1453.0,-6184.0,-3716.0,-11.0,7.0,-8.0,
1649686944236206054,-0.810546875,0.337524414062,-0.28759765625,0.382690429688,1397.0,-6232.0,-3585.0,-12.0,5.0,-8.0,
1649686944241374015,-0.810729980469,0.337524414062,-0.287719726562,0.382141113281,1452.0,-6241.0,-3554.0,-13.0,4.0,-7.0,
1649686944245583772,-0.810974121094,0.33740234375,-0.287963867188,0.381530761719,1564.0,-6143.0,-3725.0,-11.0,3.0,-7.0,
1649686944250131368,-0.811340332031,0.337280273438,-0.2880859375,0.380737304688,1599.0,-6051.0,-3837.0,-10.0,3.0,-7.0,
1649686944253564357,-0.811828613281,0.337280273438,-0.2880859375,0.379760742188,1601.0,-6050.0,-3837.0,-14.0,2.0,-6.0,
1649686944258109807,-0.812194824219,0.337341308594,-0.2880859375,0.378967285156,1652.0,-6056.0,-3982.0,-15.0,2.0,-6.0,
1649686944262669563,-0.812561035156,0.337341308594,-0.2880859375,0.378112792969,1691.0,-6105.0,-4133.0,-12.0,3.0,-5.0,
1649686944267121553,-0.812927246094,0.33740234375,-0.2880859375,0.377319335938,1759.0,-6202.0,-4239.0,-11.0,3.0,-5.0,
1649686944271983623,-0.813171386719,0.33740234375,-0.288208007812,0.376647949219,1839.0,-6203.0,-4432.0,-9.0,3.0,-5.0,
1649686944297034740,-0.8134765625,0.337341308594,-0.288391113281,0.3759765625,1883.0,-6133.0,-4618.0,-7.0,4.0,-5.0,
1649686944298567533,-0.813781738281,0.33740234375,-0.288513183594,0.375183105469,1874.0,-6066.0,-4703.0,-7.0,5.0,-4.0,
1649686944300220966,-0.814025878906,0.337524414062,-0.288635253906,0.374389648438,1862.0,-6050.0,-4754.0,-8.0,5.0,-4.0,
1649686944300480842,-0.814208984375,0.337646484375,-0.288818359375,0.373657226562,1843.0,-6076.0,-4764.0,-8.0,6.0,-4.0,
1649686944303231716,-0.814392089844,0.337829589844,-0.2890625,0.373046875,1834.0,-6178.0,-4758.0,-8.0,7.0,-3.0,
1649686944309209346,-0.814392089844,0.338134765625,-0.289672851562,0.372192382812,1781.0,-6522.0,-4686.0,-5.0,7.0,-3.0,
1649686944313738346,-0.814331054688,0.338195800781,-0.290100097656,0.372009277344,1737.0,-6652.0,-4649.0,-2.0,7.0,-4.0,
1649686944318662166,-0.814147949219,0.338134765625,-0.29052734375,0.3720703125,1700.0,-6740.0,-4621.0,1.0,6.0,-5.0,
1649686944322978019,-0.814025878906,0.338012695312,-0.290954589844,0.372131347656,1662.0,-6792.0,-4595.0,3.0,6.0,-5.0,
1649686944327589273,-0.813903808594,0.337829589844,-0.291381835938,0.372253417969,1629.0,-6829.0,-4572.0,4.0,5.0,-6.0,
1649686944331943273,-0.813720703125,0.337646484375,-0.291870117188,0.372436523438,1594.0,-6870.0,-4527.0,5.0,5.0,-6.0,
1649686944336504936,-0.813537597656,0.33740234375,-0.292297363281,0.372680664062,1568.0,-6917.0,-4490.0,7.0,4.0,-6.0,
1649686944344592571,-0.813293457031,0.337097167969,-0.292785644531,0.373107910156,1527.0,-6942.0,-4423.0,9.0,4.0,-6.0,
1649686944365470170,-0.81298828125,0.336730957031,-0.293334960938,0.373718261719,1487.0,-6901.0,-4295.0,12.0,3.0,-6.0,
1649686944367535829,-0.812561035156,0.336303710938,-0.293823242188,0.374572753906,1443.0,-6812.0,-4185.0,15.0,2.0,-5.0,
1649686944368843317,-0.812133789062,0.335876464844,-0.294372558594,0.37548828125,1383.0,-6720.0,-4135.0,18.0,1.0,-4.0,
1649686944373907089,-0.811706542969,0.335388183594,-0.294799804688,0.376525878906,1334.0,-6662.0,-4141.0,20.0,0.0,-4.0,
1649686944375775814,-0.811218261719,0.3349609375,-0.295227050781,0.377624511719,1344.0,-6578.0,-4202.0,20.0,0.0,-4.0,
1649686944442904949,-0.810791015625,0.33447265625,-0.295654296875,0.378601074219,1420.0,-6394.0,-4328.0,22.0,0.0,-3.0,
1649686944447184562,-0.810424804688,0.334045410156,-0.296081542969,0.379455566406,1511.0,-6131.0,-4446.0,22.0,0.0,-2.0,
1649686944459638118,-0.81005859375,0.333679199219,-0.296508789062,0.380187988281,1600.0,-5905.0,-4557.0,21.0,1.0,-1.0,
1649686944527856111,-0.809753417969,0.333435058594,-0.296936035156,0.380676269531,1682.0,-5765.0,-4666.0,18.0,3.0,1.0,
1649686944668180465,-0.809448242188,0.333374023438,-0.29736328125,0.381103515625,1766.0,-5715.0,-4676.0,16.0,4.0,2.0,
1649686944669634103,-0.808532714844,0.333312988281,-0.298400878906,0.382263183594,1905.0,-5925.0,-4546.0,15.0,5.0,4.0,
1649686944670899629,-0.807983398438,0.333312988281,-0.299011230469,0.382995605469,1949.0,-6141.0,-4499.0,15.0,5.0,3.0,
1649686944671993970,-0.807434082031,0.333251953125,-0.299621582031,0.383728027344,1989.0,-6336.0,-4523.0,15.0,5.0,2.0,
1649686944674650669,-0.806945800781,0.333190917969,-0.300170898438,0.384338378906,2022.0,-6480.0,-4550.0,14.0,5.0,1.0,
1649686944675613164,-0.806518554688,0.333129882812,-0.300720214844,0.384826660156,2046.0,-6574.0,-4556.0,12.0,5.0,0.0,
1649686944677722692,-0.806274414062,0.333068847656,-0.301208496094,0.385131835938,2049.0,-6647.0,-4551.0,9.0,5.0,-1.0,
1649686944678642749,-0.806091308594,0.3330078125,-0.301635742188,0.385192871094,2036.0,-6716.0,-4531.0,5.0,5.0,-2.0,
1649686944679066419,-0.805969238281,0.332946777344,-0.302001953125,0.385131835938,2014.0,-6797.0,-4494.0,1.0,5.0,-3.0,
1649686944679821252,-0.805969238281,0.332824707031,-0.302368164062,0.385070800781,1981.0,-6869.0,-4453.0,0.0,4.0,-5.0,
1649686944680296182,-0.805908203125,0.332702636719,-0.302734375,0.385009765625,1943.0,-6938.0,-4416.0,1.0,4.0,-5.0,
1649686944680585622,-0.805786132812,0.332458496094,-0.303100585938,0.385070800781,1907.0,-7005.0,-4396.0,3.0,3.0,-6.0,
1649686944681243658,-0.8056640625,0.332092285156,-0.303527832031,0.385314941406,1875.0,-7085.0,-4347.0,6.0,3.0,-7.0,
1649686944681703567,-0.805419921875,0.331665039062,-0.304077148438,0.385803222656,1846.0,-7148.0,-4274.0,11.0,2.0,-7.0,
1649686944682311773,-0.805053710938,0.3310546875,-0.3046875,0.386657714844,1818.0,-7166.0,-4217.0,17.0,2.0,-7.0,
1649686944684000968,-0.804504394531,0.330322265625,-0.305419921875,0.387878417969,1807.0,-7122.0,-4141.0,24.0,1.0,-7.0,
1649686944684299230,-0.803771972656,0.329406738281,-0.306335449219,0.389404296875,1801.0,-7018.0,-4071.0,32.0,1.0,-7.0,
1649686944684829950,-0.802917480469,0.328491210938,-0.307312011719,0.391235351562,1802.0,-6852.0,-4007.0,39.0,1.0,-6.0,
1649686944685183525,-0.801879882812,0.327453613281,-0.308349609375,0.393310546875,1803.0,-6646.0,-3993.0,44.0,1.0,-5.0,
1649686944685789108,-0.80078125,0.326416015625,-0.309448242188,0.3955078125,1808.0,-6415.0,-3987.0,49.0,1.0,-3.0,
1649686944735949277,-0.799682617188,0.325378417969,-0.310546875,0.397827148438,1811.0,-6194.0,-3982.0,51.0,1.0,-2.0,
1649686944738573789,-0.798461914062,0.324462890625,-0.311584472656,0.400085449219,1815.0,-6015.0,-3978.0,50.0,1.0,0.0,
1649686944738823413,-0.797302246094,0.323669433594,-0.312561035156,0.402282714844,1806.0,-5914.0,-3958.0,49.0,2.0,1.0,
1649686944739748001,-0.796142578125,0.323059082031,-0.3134765625,0.404418945312,1794.0,-5899.0,-3939.0,46.0,2.0,3.0,
1649686944740236759,-0.7919921875,0.321594238281,-0.316528320312,0.411315917969,1801.0,-6333.0,-4042.0,31.0,5.0,4.0,
1649686944740968942,-0.736267089844,0.319702148438,-0.351440429688,0.481872558594,2057.0,-6985.0,-3024.0,84.0,21.0,20.0,
1649686944741332530,-0.732971191406,0.319274902344,-0.353515625,0.485656738281,1913.0,-7050.0,-2573.0,79.0,19.0,18.0,
1649686944741680622,-0.72998046875,0.318969726562,-0.355346679688,0.489074707031,1691.0,-7027.0,-2198.0,68.0,17.0,15.0,
1649686944742037534,-0.727478027344,0.318725585938,-0.356689453125,0.491882324219,1421.0,-6796.0,-1834.0,55.0,14.0,12.0,
1649686944742347002,-0.725524902344,0.318725585938,-0.357666015625,0.494079589844,1174.0,-6451.0,-1541.0,41.0,10.0,10.0,
1649686944742485523,-0.724182128906,0.31884765625,-0.358154296875,0.49560546875,990.0,-6182.0,-1325.0,25.0,7.0,9.0,
1649686944742803573,-0.723388671875,0.319213867188,-0.358215332031,0.496520996094,882.0,-6152.0,-1204.0,11.0,3.0,9.0,
1649686944743322849,-0.722961425781,0.319641113281,-0.357971191406,0.4970703125,857.0,-6399.0,-1151.0,2.0,0.0,9.0,
1649686944744007825,-0.72265625,0.320007324219,-0.357604980469,0.497497558594,899.0,-6797.0,-1133.0,-1.0,-3.0,8.0,
1649686944744225740,-0.722351074219,0.320190429688,-0.357238769531,0.498107910156,978.0,-7209.0,-1149.0,1.0,-5.0,7.0,
1649686944745041608,-0.721862792969,0.320190429688,-0.356994628906,0.498962402344,1079.0,-7516.0,-1177.0,8.0,-6.0,7.0,
1649686944745335578,-0.721252441406,0.319946289062,-0.356872558594,0.500122070312,1184.0,-7661.0,-1227.0,15.0,-7.0,7.0,
1649686944745912313,-0.720520019531,0.319519042969,-0.356750488281,0.501525878906,1285.0,-7657.0,-1287.0,21.0,-8.0,7.0,
1649686944746207714,-0.7197265625,0.319091796875,-0.356689453125,0.5029296875,1374.0,-7550.0,-1336.0,24.0,-9.0,8.0,
1649686944746535062,-0.718933105469,0.318603515625,-0.356628417969,0.504455566406,1441.0,-7384.0,-1396.0,26.0,-9.0,9.0,
1649686944751316785,-0.718139648438,0.318176269531,-0.356506347656,0.505981445312,1505.0,-7202.0,-1456.0,26.0,-9.0,10.0,
1649686944755735397,-0.717346191406,0.317810058594,-0.356262207031,0.507446289062,1569.0,-7021.0,-1502.0,25.0,-9.0,12.0,
1649686944760213851,-0.716613769531,0.317626953125,-0.35595703125,0.5087890625,1635.0,-6871.0,-1514.0,22.0,-9.0,14.0,
1649686944765064001,-0.715942382812,0.317626953125,-0.355590820312,0.510009765625,1681.0,-6786.0,-1528.0,18.0,-9.0,16.0,
1649686944769923686,-0.715454101562,0.317749023438,-0.355041503906,0.511047363281,1689.0,-6787.0,-1490.0,12.0,-8.0,17.0,
1649686944773052453,-0.715087890625,0.318115234375,-0.354309082031,0.511840820312,1700.0,-6848.0,-1417.0,5.0,-9.0,18.0,
1649686944777718305,-0.71484375,0.318603515625,-0.353454589844,0.512451171875,1711.0,-6965.0,-1332.0,-1.0,-9.0,19.0,
1649686944782656431,-0.714721679688,0.319152832031,-0.352478027344,0.512878417969,1717.0,-7138.0,-1223.0,-6.0,-10.0,19.0,
1649686944786911964,-0.714721679688,0.319763183594,-0.351501464844,0.513244628906,1714.0,-7358.0,-1112.0,-10.0,-10.0,18.0,
1649686944791380405,-0.714782714844,0.3203125,-0.350402832031,0.513488769531,1708.0,-7574.0,-1011.0,-12.0,-11.0,17.0,
1649686944818779706,-0.714904785156,0.320861816406,-0.349304199219,0.513732910156,1682.0,-7736.0,-934.0,-14.0,-12.0,16.0,
1649686944820038557,-0.715148925781,0.321350097656,-0.34814453125,0.513916015625,1627.0,-7832.0,-903.0,-15.0,-13.0,15.0,
1649686944820509433,-0.715454101562,0.321838378906,-0.346923828125,0.513977050781,1576.0,-7836.0,-885.0,-16.0,-14.0,14.0,
1649686944821180343,-0.715881347656,0.322326660156,-0.345642089844,0.513977050781,1531.0,-7761.0,-895.0,-18.0,-14.0,13.0,
1649686944821440219,-0.716430664062,0.322875976562,-0.344299316406,0.513793945312,1481.0,-7676.0,-944.0,-20.0,-15.0,13.0,
1649686944823975086,-0.717041015625,0.323364257812,-0.342834472656,0.513488769531,1436.0,-7638.0,-1029.0,-22.0,-16.0,13.0,
1649686944828608512,-0.717712402344,0.323913574219,-0.341369628906,0.513244628906,1407.0,-7653.0,-1146.0,-22.0,-16.0,13.0,
1649686944833006381,-0.718322753906,0.324462890625,-0.33984375,0.513061523438,1374.0,-7687.0,-1285.0,-19.0,-16.0,14.0,
1649686944882653951,-0.718688964844,0.325012207031,-0.33837890625,0.513122558594,1347.0,-7703.0,-1429.0,-13.0,-15.0,16.0,
1649686944883848428,-0.718872070312,0.325500488281,-0.337097167969,0.513488769531,1324.0,-7648.0,-1586.0,-7.0,-14.0,17.0,
1649686944884629726,-0.718872070312,0.326049804688,-0.335815429688,0.513916015625,1282.0,-7539.0,-1712.0,-2.0,-13.0,19.0,
1649686944885305881,-0.71875,0.326599121094,-0.334594726562,0.514526367188,1211.0,-7417.0,-1821.0,0.0,-12.0,20.0,
1649686944885859727,-0.718566894531,0.327270507812,-0.333374023438,0.51513671875,1121.0,-7323.0,-1889.0,1.0,-11.0,22.0,
1649686944886024236,-0.718383789062,0.328063964844,-0.332092285156,0.515808105469,1060.0,-7290.0,-1939.0,-1.0,-11.0,23.0,
1649686944886698246,-0.718200683594,0.328857421875,-0.330749511719,0.516357421875,1045.0,-7281.0,-2025.0,-3.0,-10.0,23.0,
1649686944887605190,-0.718139648438,0.329711914062,-0.329467773438,0.516723632812,1052.0,-7259.0,-2126.0,-5.0,-10.0,23.0,
1649686944887948513,-0.718139648438,0.330627441406,-0.328186035156,0.517028808594,1062.0,-7257.0,-2212.0,-6.0,-9.0,23.0,
1649686944888278484,-0.718139648438,0.33154296875,-0.326843261719,0.517211914062,1045.0,-7286.0,-2277.0,-8.0,-9.0,23.0,
1649686944889191865,-0.718200683594,0.33251953125,-0.325561523438,0.517395019531,1008.0,-7368.0,-2326.0,-8.0,-9.0,23.0,
1649686944892906188,-0.718200683594,0.33349609375,-0.32421875,0.517578125,961.0,-7512.0,-2373.0,-9.0,-8.0,23.0,
1649686944897482395,-0.718139648438,0.33447265625,-0.322937011719,0.517822265625,914.0,-7688.0,-2399.0,-8.0,-8.0,22.0,
1649686944902152776,-0.718017578125,0.335388183594,-0.321716308594,0.518127441406,871.0,-7854.0,-2419.0,-6.0,-8.0,21.0,
1649686944909323215,-0.717834472656,0.336242675781,-0.320617675781,0.5185546875,822.0,-7972.0,-2433.0,-3.0,-7.0,21.0,
1649686944913835525,-0.717468261719,0.336975097656,-0.319580078125,0.519165039062,773.0,-8038.0,-2452.0,1.0,-7.0,21.0,
1649686944918436288,-0.716979980469,0.337646484375,-0.318603515625,0.52001953125,737.0,-8065.0,-2460.0,6.0,-7.0,21.0,
1649686944970884799,-0.71630859375,0.338256835938,-0.317810058594,0.521057128906,702.0,-8068.0,-2471.0,11.0,-7.0,22.0,
1649686944974010467,-0.715454101562,0.338806152344,-0.317016601562,0.522399902344,679.0,-8061.0,-2459.0,17.0,-7.0,22.0,
1649686944978423357,-0.714416503906,0.339233398438,-0.31640625,0.523864746094,663.0,-8040.0,-2416.0,21.0,-7.0,23.0,
1649686944984171628,-0.713256835938,0.339599609375,-0.315795898438,0.525573730469,646.0,-7974.0,-2357.0,25.0,-7.0,23.0,
1649686944992376565,-0.711975097656,0.339904785156,-0.315246582031,0.527404785156,621.0,-7855.0,-2280.0,27.0,-8.0,24.0,
1649686944998615980,-0.710754394531,0.340209960938,-0.314636230469,0.529235839844,590.0,-7722.0,-2175.0,27.0,-8.0,24.0,
1649686945001064300,-0.709533691406,0.340515136719,-0.31396484375,0.531066894531,562.0,-7629.0,-2084.0,26.0,-10.0,24.0,
1649686945046643972,-0.708374023438,0.3408203125,-0.313171386719,0.532836914062,550.0,-7584.0,-1999.0,23.0,-11.0,25.0,
1649686945052602529,-0.707336425781,0.341125488281,-0.312316894531,0.534545898438,581.0,-7561.0,-1937.0,21.0,-12.0,25.0,
1649686945278200149,-0.706359863281,0.341369628906,-0.311401367188,0.536254882812,633.0,-7530.0,-1899.0,20.0,-13.0,25.0,
1649686945283156394,-0.705383300781,0.341613769531,-0.310485839844,0.537902832031,686.0,-7458.0,-1859.0,20.0,-14.0,26.0,
1649686945345521926,-0.704406738281,0.341857910156,-0.309509277344,0.53955078125,722.0,-7339.0,-1815.0,21.0,-15.0,26.0,
1649686945348568916,-0.703430175781,0.342102050781,-0.308471679688,0.541259765625,736.0,-7198.0,-1781.0,21.0,-15.0,27.0,
1649686945349906444,-0.702453613281,0.342407226562,-0.307434082031,0.543029785156,712.0,-7075.0,-1697.0,21.0,-15.0,28.0,
1649686945353218555,-0.701354980469,0.342651367188,-0.306335449219,0.544860839844,671.0,-7015.0,-1607.0,22.0,-16.0,29.0,
1649686945359807014,-0.7001953125,0.342956542969,-0.30517578125,0.546813964844,617.0,-7032.0,-1530.0,23.0,-16.0,30.0,
1649686945362559080,-0.698852539062,0.34326171875,-0.304016113281,0.548950195312,571.0,-7124.0,-1493.0,26.0,-17.0,31.0,
1649686945365066528,-0.697448730469,0.343566894531,-0.302795410156,0.551208496094,541.0,-7243.0,-1500.0,29.0,-17.0,32.0,
1649686945612375259,-0.695922851562,0.343811035156,-0.301696777344,0.553649902344,515.0,-7383.0,-1543.0,33.0,-17.0,33.0,
1649686945627891778,-0.694213867188,0.344055175781,-0.300598144531,0.55615234375,471.0,-7519.0,-1597.0,37.0,-17.0,34.0,
1649686945635197401,-0.692443847656,0.344299316406,-0.299499511719,0.558837890625,403.0,-7652.0,-1657.0,39.0,-17.0,35.0,
1649686945640259981,-0.690551757812,0.344543457031,-0.298400878906,0.561584472656,311.0,-7771.0,-1693.0,42.0,-16.0,36.0,
1649686945659193515,-0.688537597656,0.344848632812,-0.297302246094,0.564453125,219.0,-7911.0,-1698.0,43.0,-16.0,37.0,
1649686945666009187,-0.6865234375,0.345092773438,-0.296142578125,0.567321777344,127.0,-8023.0,-1672.0,44.0,-17.0,36.0,
1649686945697913646,-0.684509277344,0.345275878906,-0.295043945312,0.570251464844,15.0,-8100.0,-1577.0,44.0,-18.0,36.0,
1649686945699901580,-0.682434082031,0.345397949219,-0.293884277344,0.5732421875,-134.0,-8203.0,-1447.0,43.0,-19.0,35.0,
1649686945700822830,-0.680480957031,0.345458984375,-0.292541503906,0.576232910156,-315.0,-8327.0,-1240.0,40.0,-21.0,34.0,
1649686945703475475,-0.678649902344,0.345397949219,-0.291076660156,0.579162597656,-486.0,-8451.0,-1061.0,36.0,-24.0,32.0,
1649686945711717605,-0.677124023438,0.345275878906,-0.289489746094,0.581848144531,-639.0,-8578.0,-946.0,30.0,-27.0,29.0,
1649686945736812591,-0.675903320312,0.345031738281,-0.287719726562,0.584228515625,-772.0,-8711.0,-859.0,24.0,-29.0,27.0,
1649686945739798545,-0.675109863281,0.3447265625,-0.285705566406,0.586242675781,-862.0,-8832.0,-796.0,16.0,-32.0,24.0,
1649686945749589204,-0.674682617188,0.344360351562,-0.283630371094,0.588012695312,-943.0,-8921.0,-741.0,10.0,-35.0,22.0,
1649686945765470504,-0.674499511719,0.343872070312,-0.281372070312,0.589599609375,-1017.0,-8981.0,-741.0,4.0,-37.0,20.0,
1649686945779000043,-0.674499511719,0.343322753906,-0.278991699219,0.591064453125,-1058.0,-9004.0,-738.0,2.0,-39.0,18.0,
1649686945780089139,-0.681640625,0.297607421875,-0.206481933594,0.6357421875,381.0,-8312.0,-1931.0,20.0,-23.0,7.0,
1649686945790962696,-0.68115234375,0.296813964844,-0.205810546875,0.636840820312,389.0,-8240.0,-1953.0,20.0,-21.0,8.0,
1649686945804936408,-0.6787109375,0.292663574219,-0.202087402344,0.642578125,368.0,-8473.0,-1796.0,12.0,-2.0,3.0,
1649686945809647798,-0.67822265625,0.29248046875,-0.202270507812,0.64306640625,348.0,-8410.0,-1733.0,14.0,-2.0,3.0,
1649686945818880081,-0.677856445312,0.292236328125,-0.202514648438,0.643493652344,335.0,-8331.0,-1656.0,13.0,-2.0,2.0,
1649686945820046186,-0.677551269531,0.2919921875,-0.202758789062,0.643859863281,329.0,-8255.0,-1546.0,11.0,-2.0,1.0,
1649686945823778152,-0.677307128906,0.291748046875,-0.203002929688,0.644165039062,307.0,-8211.0,-1436.0,8.0,-1.0,0.0,
1649686945842722892,-0.677124023438,0.291442871094,-0.203247070312,0.644409179688,261.0,-8206.0,-1320.0,6.0,-2.0,0.0,
1649686945872384548,-0.677062988281,0.291198730469,-0.203430175781,0.64453125,224.0,-8241.0,-1194.0,3.0,-2.0,-1.0,
1649686945932942628,-0.606567382812,0.289855957031,-0.24755859375,0.697692871094,-2045.0,-8985.0,216.0,105.0,30.0,-4.0,
1649686945934872388,-0.592529296875,0.289001464844,-0.25634765625,0.706909179688,-1778.0,-8218.0,480.0,94.0,29.0,-6.0,
1649686945941653490,-0.588012695312,0.288696289062,-0.25927734375,0.709716796875,-1678.0,-7995.0,519.0,94.0,30.0,-6.0,
1649686945950660943,-0.583923339844,0.288513183594,-0.262023925781,0.712158203125,-1612.0,-7871.0,575.0,85.0,29.0,-6.0,
1649686945953799724,-0.573608398438,0.288696289062,-0.268859863281,0.717834472656,-1459.0,-7835.0,732.0,66.0,27.0,-3.0,
1649686945962442398,-0.570434570312,0.288879394531,-0.27099609375,0.719543457031,-1431.0,-7939.0,790.0,64.0,27.0,-3.0,
1649686945970345020,-0.564025878906,0.289123535156,-0.275329589844,0.722839355469,-1439.0,-8102.0,956.0,64.0,27.0,-4.0,
1649686945974211931,-0.560668945312,0.289184570312,-0.277526855469,0.724548339844,-1460.0,-8114.0,1045.0,66.0,27.0,-4.0,
1649686945977045059,-0.543640136719,0.2890625,-0.288146972656,0.7333984375,-1578.0,-7484.0,1727.0,59.0,23.0,-6.0,
1649686945983587741,-0.540710449219,0.288940429688,-0.2900390625,0.73486328125,-1586.0,-7312.0,1894.0,54.0,22.0,-7.0,
1649686945987411737,-0.538024902344,0.288879394531,-0.291748046875,0.736145019531,-1571.0,-7158.0,2062.0,47.0,20.0,-7.0,
1649686946040281295,-0.535766601562,0.288818359375,-0.293334960938,0.737243652344,-1535.0,-7028.0,2210.0,39.0,18.0,-7.0,
1649686946088758707,-0.533874511719,0.288818359375,-0.294738769531,0.738037109375,-1487.0,-6943.0,2348.0,32.0,17.0,-7.0,
1649686946146836519,-0.529602050781,0.289184570312,-0.299011230469,0.739196777344,-1173.0,-7206.0,2771.0,8.0,13.0,-6.0,
1649686946163306713,-0.528991699219,0.289367675781,-0.299865722656,0.7392578125,-1075.0,-7380.0,2836.0,7.0,12.0,-6.0,
1649686946166051864,-0.5283203125,0.289489746094,-0.30078125,0.739318847656,-993.0,-7539.0,2893.0,9.0,12.0,-5.0,
1649686946168607234,-0.527404785156,0.28955078125,-0.301696777344,0.739562988281,-929.0,-7660.0,2955.0,13.0,13.0,-4.0,
1649686946176643610,-0.521301269531,0.289306640625,-0.305908203125,0.742248535156,-831.0,-7686.0,3220.0,30.0,13.0,-1.0,
1649686946182668685,-0.519348144531,0.289184570312,-0.306945800781,0.743225097656,-837.0,-7565.0,3261.0,32.0,13.0,0.0,
1649686946185899019,-0.517456054688,0.289123535156,-0.307922363281,0.744201660156,-860.0,-7422.0,3314.0,31.0,13.0,1.0,
1649686946186383008,-0.513854980469,0.289123535156,-0.309509277344,0.746032714844,-960.0,-7116.0,3420.0,26.0,11.0,2.0,
1649686946186772108,-0.510925292969,0.289367675781,-0.310607910156,0.747497558594,-1090.0,-6848.0,3518.0,16.0,9.0,2.0,
1649686946219691991,-0.509887695312,0.28955078125,-0.310913085938,0.748046875,-1156.0,-6749.0,3550.0,11.0,7.0,3.0,
1649686946357946872,-0.508422851562,0.289978027344,-0.311096191406,0.748718261719,-1289.0,-6652.0,3713.0,2.0,4.0,3.0,
1649686946432238578,-0.507995605469,0.290222167969,-0.310974121094,0.748962402344,-1324.0,-6716.0,3714.0,-2.0,2.0,3.0,
1649686946493000030,-0.5078125,0.290405273438,-0.310852050781,0.749084472656,-1335.0,-6920.0,3656.0,-4.0,1.0,3.0,
1649686946563502550,-0.507690429688,0.290649414062,-0.310729980469,0.749145507812,-1343.0,-7239.0,3604.0,-3.0,1.0,2.0,
1649686946599448204,-0.506713867188,0.290771484375,-0.310729980469,0.749755859375,-1347.0,-7855.0,3379.0,12.0,1.0,4.0,
1649686946652083396,-0.495910644531,0.289489746094,-0.313537597656,0.756286621094,-1476.0,-7817.0,3221.0,41.0,5.0,5.0,
1649686946657203674,-0.481079101562,0.286682128906,-0.317932128906,0.765014648438,-1417.0,-7715.0,3444.0,14.0,2.0,-1.0,
1649686946660319328,-0.480346679688,0.286499023438,-0.318237304688,0.765441894531,-1395.0,-7760.0,3444.0,13.0,1.0,-1.0,
1649686946663641691,-0.479675292969,0.286254882812,-0.318542480469,0.765808105469,-1373.0,-7859.0,3422.0,12.0,1.0,-1.0,
1649686946666849374,-0.478515625,0.285766601562,-0.319152832031,0.766479492188,-1327.0,-8033.0,3443.0,13.0,0.0,-2.0,
1649686946669198274,-0.477905273438,0.285461425781,-0.319519042969,0.766845703125,-1294.0,-8015.0,3437.0,13.0,0.0,-3.0,
1649686946672016859,-0.477294921875,0.28515625,-0.319885253906,0.767150878906,-1258.0,-7922.0,3436.0,13.0,1.0,-3.0,
1649686946674783229,-0.476318359375,0.28466796875,-0.320678710938,0.767639160156,-1187.0,-7622.0,3383.0,7.0,1.0,-4.0,
1649686946675728797,-0.476135253906,0.284545898438,-0.320983886719,0.767639160156,-1163.0,-7509.0,3337.0,3.0,1.0,-4.0,
1649686946676385641,-0.476196289062,0.284484863281,-0.321166992188,0.767578125,-1142.0,-7462.0,3270.0,-1.0,1.0,-5.0,
1649686946678696393,-0.476379394531,0.284423828125,-0.321350097656,0.767395019531,-1120.0,-7483.0,3193.0,-3.0,0.0,-5.0,
1649686946682176351,-0.475158691406,0.283325195312,-0.325134277344,0.766967773438,-1250.0,-7890.0,3466.0,7.0,0.0,-8.0,
1649686946682850837,-0.471130371094,0.278442382812,-0.331420898438,0.7685546875,-889.0,-7470.0,3317.0,9.0,1.0,-10.0,
1649686946683360815,-0.466552734375,0.277099609375,-0.337036132812,0.769409179688,-1088.0,-7334.0,3151.0,14.0,6.0,-9.0,
1649686946683765411,-0.46240234375,0.275268554688,-0.341369628906,0.770629882812,-1233.0,-7581.0,3839.0,16.0,4.0,-11.0,
1649686946684165716,-0.460632324219,0.274108886719,-0.343078613281,0.771362304688,-1348.0,-6929.0,4145.0,4.0,-1.0,-8.0,
1649686946684604406,-0.460510253906,0.273864746094,-0.34326171875,0.771423339844,-1399.0,-6654.0,4228.0,-3.0,-3.0,-7.0,
1649686946685028553,-0.460632324219,0.273620605469,-0.34326171875,0.771423339844,-1457.0,-6346.0,4271.0,-9.0,-5.0,-6.0,
1649686946689775466,-0.460998535156,0.273559570312,-0.342956542969,0.771362304688,-1513.0,-6036.0,4293.0,-14.0,-6.0,-3.0,
1649686946690237998,-0.461486816406,0.273559570312,-0.342407226562,0.771301269531,-1565.0,-5817.0,4308.0,-17.0,-9.0,-1.0,
1649686946690617322,-0.462097167969,0.2734375,-0.341674804688,0.771362304688,-1582.0,-5787.0,4273.0,-19.0,-13.0,1.0,
1649686946690961360,-0.462829589844,0.273132324219,-0.340759277344,0.771362304688,-1578.0,-5995.0,4182.0,-17.0,-16.0,2.0,
1649686946710836648,-0.447631835938,0.262939453125,-0.336059570312,0.785827636719,-1194.0,-6584.0,4319.0,-15.0,-11.0,6.0,
1649686946711266517,-0.468505859375,0.266479492188,-0.321960449219,0.7783203125,-684.0,-7666.0,3471.0,-1.0,-2.0,5.0,
1649686946711783647,-0.471374511719,0.265930175781,-0.316223144531,0.779174804688,-873.0,-7580.0,3631.0,-10.0,-6.0,3.0,
1649686946712414264,-0.472473144531,0.264282226562,-0.312316894531,0.780639648438,-1201.0,-6886.0,3623.0,-3.0,-6.0,3.0,
1649686946712829113,-0.470031738281,0.262512207031,-0.31005859375,0.783569335938,-1071.0,-7732.0,3524.0,28.0,0.0,4.0,
1649686946713747024,-0.468872070312,0.265869140625,-0.302795410156,0.786010742188,-1459.0,-7056.0,3837.0,-31.0,-5.0,5.0,
1649686946714225292,-0.470153808594,0.266296386719,-0.301940917969,0.785400390625,-1392.0,-7206.0,3844.0,-29.0,-5.0,5.0,
1649686946714745044,-0.471313476562,0.266662597656,-0.301147460938,0.784851074219,-1346.0,-7350.0,3843.0,-25.0,-5.0,5.0,
1649686946715182781,-0.472229003906,0.266967773438,-0.300415039062,0.784484863281,-1309.0,-7470.0,3819.0,-20.0,-5.0,6.0,
1649686946715520143,-0.472961425781,0.267150878906,-0.299743652344,0.784301757812,-1262.0,-7597.0,3771.0,-15.0,-6.0,6.0,
1649686946715923786,-0.473388671875,0.267272949219,-0.299133300781,0.7841796875,-1205.0,-7719.0,3703.0,-9.0,-6.0,6.0,
1649686946716555833,-0.4736328125,0.267272949219,-0.298645019531,0.784240722656,-1155.0,-7823.0,3651.0,-4.0,-5.0,6.0,
1649686946716991901,-0.473693847656,0.267272949219,-0.298217773438,0.784362792969,-1108.0,-7883.0,3586.0,0.0,-5.0,6.0,
1649686946717570304,-0.473510742188,0.267211914062,-0.297912597656,0.784606933594,-1067.0,-7864.0,3544.0,4.0,-4.0,7.0,
1649686946718211889,-0.47314453125,0.267150878906,-0.297607421875,0.784973144531,-1040.0,-7771.0,3527.0,6.0,-3.0,7.0,
1649686946719396829,-0.472717285156,0.26708984375,-0.29736328125,0.785339355469,-1012.0,-7620.0,3492.0,7.0,-2.0,7.0,
1649686946719868183,-0.472412109375,0.26708984375,-0.297119140625,0.78564453125,-974.0,-7409.0,3449.0,4.0,-2.0,7.0,
1649686946720524549,-0.472351074219,0.267150878906,-0.296752929688,0.785766601562,-941.0,-7185.0,3436.0,-2.0,-2.0,6.0,
1649686946721040725,-0.472534179688,0.267272949219,-0.296325683594,0.785766601562,-972.0,-7023.0,3479.0,-8.0,-2.0,5.0,
1649686946725599288,-0.473083496094,0.267517089844,-0.295776367188,0.785583496094,-1067.0,-6975.0,3464.0,-15.0,-4.0,5.0,
1649686946730349302,-0.473876953125,0.267883300781,-0.295104980469,0.785217285156,-1176.0,-6979.0,3432.0,-20.0,-4.0,4.0,
1649686946734730482,-0.474853515625,0.268371582031,-0.294311523438,0.784729003906,-1257.0,-6994.0,3426.0,-23.0,-4.0,4.0,
1649686946739242553,-0.475952148438,0.268798828125,-0.29345703125,0.784301757812,-1278.0,-7040.0,3437.0,-24.0,-5.0,4.0,
1649686946751900672,-0.477111816406,0.269165039062,-0.292663574219,0.783752441406,-1261.0,-7139.0,3443.0,-26.0,-6.0,4.0,
1649686946759203910,-0.479858398438,0.269714355469,-0.291198730469,0.782409667969,-1186.0,-7448.0,3465.0,-28.0,-7.0,2.0,
1649686946760731220,-0.481201171875,0.269897460938,-0.290466308594,0.781799316406,-1160.0,-7569.0,3479.0,-26.0,-6.0,2.0,
1649686946765213251,-0.482299804688,0.270141601562,-0.289855957031,0.781311035156,-1152.0,-7617.0,3476.0,-23.0,-6.0,3.0,
1649686946769782304,-0.483215332031,0.270324707031,-0.289184570312,0.780883789062,-1153.0,-7616.0,3480.0,-19.0,-5.0,4.0,
1649686946774687528,-0.483947753906,0.270568847656,-0.288635253906,0.780578613281,-1153.0,-7592.0,3454.0,-17.0,-4.0,4.0,
1649686946779786586,-0.484619140625,0.270812988281,-0.288024902344,0.7802734375,-1138.0,-7542.0,3412.0,-16.0,-4.0,4.0,
1649686946783651113,-0.485290527344,0.27099609375,-0.287475585938,0.780029296875,-1114.0,-7470.0,3367.0,-15.0,-4.0,5.0,
1649686946790401220,-0.485900878906,0.271240234375,-0.286926269531,0.779724121094,-1088.0,-7399.0,3327.0,-15.0,-3.0,5.0,
1649686946794878959,-0.486572265625,0.271545410156,-0.286315917969,0.779479980469,-1060.0,-7359.0,3299.0,-15.0,-3.0,6.0,
1649686946799455642,-0.487182617188,0.271789550781,-0.285705566406,0.779174804688,-1045.0,-7361.0,3269.0,-16.0,-3.0,6.0,
1649686946804159641,-0.487854003906,0.272094726562,-0.285095214844,0.778869628906,-1066.0,-7369.0,3259.0,-16.0,-3.0,6.0,
1649686946812936544,-0.488464355469,0.2724609375,-0.284484863281,0.778625488281,-1125.0,-7374.0,3278.0,-16.0,-3.0,6.0,
1649686946813754081,-0.489013671875,0.272827148438,-0.283813476562,0.778381347656,-1206.0,-7355.0,3341.0,-16.0,-3.0,7.0,
1649686946818422079,-0.489501953125,0.273254394531,-0.283081054688,0.778198242188,-1293.0,-7334.0,3396.0,-16.0,-3.0,7.0,
1649686946825398206,-0.489990234375,0.273620605469,-0.282287597656,0.778015136719,-1384.0,-7303.0,3437.0,-16.0,-3.0,8.0,
1649686946831964254,-0.490478515625,0.274047851562,-0.281494140625,0.777893066406,-1464.0,-7236.0,3467.0,-16.0,-4.0,8.0,
1649686946834745883,-0.490966796875,0.274475097656,-0.280578613281,0.777709960938,-1519.0,-7125.0,3473.0,-17.0,-4.0,8.0,
1649686946839254617,-0.49169921875,0.274963378906,-0.279663085938,0.777465820312,-1567.0,-6964.0,3459.0,-21.0,-5.0,8.0,
1649686946843698978,-0.492614746094,0.275512695312,-0.278564453125,0.777038574219,-1599.0,-6789.0,3426.0,-27.0,-5.0,9.0,
1649686946853180408,-0.493896484375,0.276184082031,-0.27734375,0.776428222656,-1622.0,-6631.0,3371.0,-34.0,-6.0,9.0,
1649686946859811305,-0.49560546875,0.276977539062,-0.27587890625,0.775573730469,-1635.0,-6514.0,3272.0,-41.0,-7.0,9.0,
1649686946866712331,-0.500183105469,0.27880859375,-0.272644042969,0.773132324219,-1642.0,-6485.0,2995.0,-55.0,-7.0,9.0,
1649686946870686292,-0.502868652344,0.279907226562,-0.270874023438,0.771606445312,-1619.0,-6625.0,2841.0,-59.0,-8.0,10.0,
1649686946875108003,-0.505737304688,0.280944824219,-0.269104003906,0.77001953125,-1572.0,-6881.0,2702.0,-60.0,-8.0,10.0,
1649686946879778146,-0.508544921875,0.281921386719,-0.267333984375,0.768371582031,-1509.0,-7241.0,2583.0,-58.0,-8.0,10.0,
1649686946888416767,-0.511169433594,0.282836914062,-0.265686035156,0.766845703125,-1439.0,-7657.0,2497.0,-53.0,-7.0,10.0,
1649686946888918638,-0.513427734375,0.28369140625,-0.264221191406,0.765563964844,-1385.0,-8054.0,2430.0,-45.0,-6.0,11.0,
1649686946893440008,-0.51513671875,0.284362792969,-0.263000488281,0.764587402344,-1360.0,-8348.0,2394.0,-34.0,-5.0,11.0,
1649686946900185585,-0.516174316406,0.284973144531,-0.261962890625,0.763977050781,-1365.0,-8495.0,2397.0,-22.0,-3.0,12.0,
1649686946904767036,-0.5166015625,0.285522460938,-0.261108398438,0.763793945312,-1405.0,-8494.0,2441.0,-11.0,-2.0,13.0,
1649686946909363985,-0.516479492188,0.286010742188,-0.260375976562,0.763977050781,-1464.0,-8375.0,2512.0,-3.0,-1.0,14.0,
1649686946913879632,-0.516052246094,0.286376953125,-0.259643554688,0.764343261719,-1513.0,-8195.0,2601.0,1.0,-2.0,14.0,
1649686946918639898,-0.515502929688,0.286743164062,-0.258911132812,0.764831542969,-1580.0,-7995.0,2741.0,2.0,-2.0,14.0,
1649686946925413608,-0.515014648438,0.287109375,-0.258117675781,0.765319824219,-1635.0,-7806.0,2828.0,1.0,-3.0,15.0,
1649686946929980516,-0.514587402344,0.287475585938,-0.257263183594,0.765747070312,-1695.0,-7627.0,2892.0,-2.0,-4.0,15.0,
1649686946934471845,-0.514343261719,0.287841796875,-0.256286621094,0.76611328125,-1758.0,-7403.0,2949.0,-4.0,-5.0,15.0,
1649686946939055681,-0.514282226562,0.288269042969,-0.255126953125,0.766357421875,-1827.0,-7121.0,3005.0,-10.0,-6.0,16.0,
1649686946943741798,-0.514526367188,0.288818359375,-0.253723144531,0.766418457031,-1858.0,-6832.0,3007.0,-17.0,-7.0,17.0,
1649686946948610305,-0.515258789062,0.289489746094,-0.252136230469,0.766235351562,-1862.0,-6634.0,2906.0,-27.0,-8.0,17.0,
1649686946955432653,-0.516540527344,0.290283203125,-0.250366210938,0.765625,-1877.0,-6550.0,2819.0,-35.0,-8.0,17.0,
1649686946960255861,-0.518310546875,0.291076660156,-0.248474121094,0.764770507812,-1886.0,-6564.0,2736.0,-44.0,-10.0,16.0,
1649686946976347446,-0.5205078125,0.291931152344,-0.246459960938,0.763610839844,-1855.0,-6655.0,2617.0,-52.0,-11.0,15.0,
1649686946977459669,-0.523010253906,0.292846679688,-0.244323730469,0.76220703125,-1787.0,-6834.0,2497.0,-57.0,-11.0,15.0,
1649686946978410959,-0.525817871094,0.293701171875,-0.2421875,0.760620117188,-1697.0,-7099.0,2376.0,-61.0,-11.0,15.0,
1649686946994082927,-0.528686523438,0.294616699219,-0.240173339844,0.758972167969,-1585.0,-7430.0,2255.0,-62.0,-11.0,14.0,
1649686946994468212,-0.531616210938,0.29541015625,-0.238220214844,0.757202148438,-1465.0,-7775.0,2127.0,-61.0,-10.0,13.0,
1649686946994840621,-0.534362792969,0.296142578125,-0.236450195312,0.755554199219,-1348.0,-8094.0,2021.0,-56.0,-9.0,12.0,
1649686946996821403,-0.536804199219,0.296813964844,-0.234802246094,0.754028320312,-1263.0,-8350.0,1931.0,-50.0,-8.0,12.0,
1649686946999842166,-0.538879394531,0.297485351562,-0.2333984375,0.752746582031,-1202.0,-8534.0,1880.0,-43.0,-7.0,13.0,
1649686947004552841,-0.54052734375,0.298034667969,-0.232055664062,0.751770019531,-1184.0,-8645.0,1879.0,-35.0,-6.0,13.0,
1649686947009169578,-0.541748046875,0.298583984375,-0.230834960938,0.751037597656,-1191.0,-8685.0,1897.0,-28.0,-5.0,13.0,
1649686947017056226,-0.542602539062,0.299011230469,-0.229736328125,0.750549316406,-1223.0,-8665.0,1935.0,-22.0,-5.0,13.0,
1649686947018455982,-0.543212890625,0.299438476562,-0.228698730469,0.750244140625,-1269.0,-8607.0,1976.0,-17.0,-5.0,13.0,
1649686947025242090,-0.543701171875,0.2998046875,-0.227722167969,0.750122070312,-1305.0,-8501.0,2020.0,-14.0,-5.0,13.0,
1649686947029835939,-0.544067382812,0.300109863281,-0.226745605469,0.75,-1316.0,-8377.0,2064.0,-14.0,-6.0,12.0,
1649686947034413099,-0.544616699219,0.300354003906,-0.225708007812,0.749816894531,-1301.0,-8246.0,2083.0,-16.0,-7.0,12.0,
1649686947039241552,-0.545349121094,0.300537109375,-0.224670410156,0.74951171875,-1274.0,-8117.0,2100.0,-20.0,-8.0,11.0,
1649686947043530941,-0.54638671875,0.300720214844,-0.223510742188,0.7490234375,-1252.0,-8006.0,2093.0,-26.0,-9.0,10.0,
1649686947050730466,-0.547729492188,0.300964355469,-0.222290039062,0.748291015625,-1262.0,-7917.0,2081.0,-31.0,-9.0,9.0,
1649686947060364484,-0.54931640625,0.30126953125,-0.220947265625,0.747436523438,-1288.0,-7864.0,2029.0,-36.0,-10.0,9.0,
1649686947064716100,-0.551025390625,0.301635742188,-0.219543457031,0.746459960938,-1321.0,-7828.0,1950.0,-39.0,-10.0,9.0,
1649686947071051120,-0.554748535156,0.302551269531,-0.216613769531,0.744140625,-1328.0,-7800.0,1705.0,-42.0,-9.0,9.0,
1649686947078814744,-0.556762695312,0.302978515625,-0.215209960938,0.742858886719,-1281.0,-7836.0,1574.0,-43.0,-9.0,8.0,
1649686947080376148,-0.558898925781,0.303466796875,-0.213806152344,0.741516113281,-1208.0,-7909.0,1419.0,-44.0,-8.0,8.0,
1649686947084865808,-0.560974121094,0.303894042969,-0.212524414062,0.740112304688,-1132.0,-8029.0,1281.0,-44.0,-7.0,8.0,
1649686947089485406,-0.563110351562,0.304382324219,-0.211303710938,0.738647460938,-1055.0,-8186.0,1158.0,-42.0,-6.0,8.0,
1649686947093956708,-0.565002441406,0.304870605469,-0.210205078125,0.7373046875,-980.0,-8359.0,1048.0,-39.0,-5.0,8.0,
1649686947098595619,-0.566711425781,0.305358886719,-0.209228515625,0.736083984375,-913.0,-8537.0,964.0,-34.0,-4.0,8.0,
1649686947103047609,-0.568054199219,0.305786132812,-0.208435058594,0.735046386719,-863.0,-8669.0,926.0,-27.0,-2.0,9.0,
1649686947110009670,-0.568908691406,0.306213378906,-0.207946777344,0.734375,-831.0,-8727.0,904.0,-18.0,0.0,9.0,
1649686947114498615,-0.569274902344,0.306579589844,-0.207580566406,0.734008789062,-808.0,-8696.0,925.0,-9.0,2.0,9.0,
1649686947119036436,-0.569213867188,0.306945800781,-0.207336425781,0.734008789062,-807.0,-8585.0,985.0,0.0,3.0,10.0,
1649686947123539209,-0.568664550781,0.307312011719,-0.207214355469,0.734313964844,-820.0,-8422.0,1067.0,7.0,4.0,12.0,
1649686947128102064,-0.56787109375,0.307739257812,-0.207092285156,0.734802246094,-829.0,-8263.0,1176.0,11.0,4.0,13.0,
1649686947134968042,-0.567016601562,0.30810546875,-0.206970214844,0.7353515625,-848.0,-8133.0,1301.0,12.0,4.0,14.0,
1649686947139736890,-0.566101074219,0.308471679688,-0.206909179688,0.735900878906,-871.0,-8026.0,1417.0,12.0,4.0,13.0,
1649686947144186973,-0.565185546875,0.308776855469,-0.206787109375,0.736511230469,-908.0,-7933.0,1504.0,11.0,3.0,13.0,
1649686947148763418,-0.564453125,0.309143066406,-0.20654296875,0.736999511719,-958.0,-7841.0,1576.0,9.0,3.0,13.0,
1649686947153602361,-0.563781738281,0.309448242188,-0.206298828125,0.737426757812,-1011.0,-7749.0,1622.0,6.0,2.0,13.0,
1649686947161727190,-0.563232421875,0.309875488281,-0.205871582031,0.73779296875,-1054.0,-7675.0,1646.0,3.0,1.0,13.0,
1649686947164949417,-0.56298828125,0.310302734375,-0.205383300781,0.737976074219,-1077.0,-7662.0,1651.0,-1.0,1.0,13.0,
1649686947169660329,-0.562927246094,0.310729980469,-0.204772949219,0.737976074219,-1096.0,-7692.0,1621.0,-5.0,0.0,13.0,
1649686947174283981,-0.563049316406,0.311157226562,-0.2041015625,0.737915039062,-1116.0,-7702.0,1597.0,-8.0,-1.0,13.0,
1649686947178846836,-0.563232421875,0.311584472656,-0.203369140625,0.73779296875,-1140.0,-7660.0,1583.0,-10.0,-2.0,13.0,
1649686947183476209,-0.563415527344,0.31201171875,-0.202575683594,0.737670898438,-1165.0,-7575.0,1577.0,-10.0,-2.0,14.0,
1649686947188081979,-0.563598632812,0.3125,-0.201721191406,0.737548828125,-1186.0,-7450.0,1566.0,-10.0,-2.0,14.0,
1649686947195360660,-0.563781738281,0.312927246094,-0.200805664062,0.737487792969,-1208.0,-7286.0,1522.0,-11.0,-3.0,15.0,
1649686947199507951,-0.564025878906,0.3134765625,-0.199829101562,0.737365722656,-1234.0,-7082.0,1494.0,-12.0,-3.0,15.0,
1649686947204047918,-0.564392089844,0.314025878906,-0.19873046875,0.737121582031,-1242.0,-6917.0,1430.0,-16.0,-4.0,16.0,
1649686947208727836,-0.565002441406,0.314636230469,-0.197570800781,0.736694335938,-1223.0,-6861.0,1329.0,-21.0,-4.0,16.0,
1649686947213188648,-0.56591796875,0.315307617188,-0.196350097656,0.736022949219,-1206.0,-6936.0,1275.0,-24.0,-3.0,16.0,
1649686947217939138,-0.56689453125,0.31591796875,-0.195068359375,0.7353515625,-1163.0,-7100.0,1284.0,-26.0,-4.0,16.0,
1649686947228328943,-0.567687988281,0.316467285156,-0.193908691406,0.734802246094,-1113.0,-7326.0,1366.0,-23.0,-4.0,16.0,
1649686947229532241,-0.568115234375,0.316955566406,-0.192932128906,0.734558105469,-1062.0,-7550.0,1475.0,-16.0,-3.0,18.0,
1649686947234269857,-0.567993164062,0.317321777344,-0.192138671875,0.734680175781,-1023.0,-7755.0,1600.0,-6.0,-2.0,19.0,
1649686947238733291,-0.567321777344,0.317565917969,-0.191467285156,0.735229492188,-992.0,-7921.0,1724.0,5.0,-3.0,20.0,
1649686947249901771,-0.566284179688,0.317687988281,-0.19091796875,0.736145019531,-972.0,-8032.0,1819.0,14.0,-3.0,21.0,
1649686947250616312,-0.564819335938,0.317749023438,-0.190551757812,0.737365722656,-966.0,-8053.0,1888.0,23.0,-4.0,22.0,
1649686947254656076,-0.563049316406,0.317749023438,-0.190185546875,0.73876953125,-982.0,-7989.0,1956.0,29.0,-4.0,22.0,
1649686947259824752,-0.561096191406,0.317749023438,-0.189819335938,0.740356445312,-1014.0,-7874.0,2024.0,32.0,-5.0,23.0,
1649686947266179323,-0.558959960938,0.317749023438,-0.189331054688,0.742126464844,-1056.0,-7735.0,2056.0,35.0,-6.0,24.0,
1649686947271504402,-0.556701660156,0.317749023438,-0.188842773438,0.743896484375,-1091.0,-7592.0,2048.0,37.0,-6.0,26.0,
1649686947275685071,-0.554382324219,0.317810058594,-0.188293457031,0.745788574219,-1110.0,-7424.0,2014.0,39.0,-6.0,27.0,
1649686947280973196,-0.552062988281,0.31787109375,-0.187683105469,0.747619628906,-1117.0,-7234.0,1955.0,39.0,-7.0,28.0,
1649686947284725189,-0.5498046875,0.317932128906,-0.186950683594,0.749450683594,-1112.0,-7022.0,1910.0,39.0,-7.0,28.0,
1649686947289227724,-0.547546386719,0.318115234375,-0.186218261719,0.751220703125,-1106.0,-6806.0,1877.0,37.0,-7.0,30.0,
1649686947293798685,-0.545349121094,0.318298339844,-0.185363769531,0.7529296875,-1102.0,-6611.0,1838.0,35.0,-7.0,31.0,
1649686947298388004,-0.543212890625,0.318603515625,-0.184387207031,0.754577636719,-1101.0,-6470.0,1770.0,33.0,-7.0,32.0,
1649686947302920103,-0.541137695312,0.318969726562,-0.183349609375,0.756164550781,-1113.0,-6414.0,1683.0,32.0,-7.0,33.0,
1649686947310104846,-0.539123535156,0.319396972656,-0.182250976562,0.757690429688,-1110.0,-6462.0,1581.0,32.0,-6.0,34.0,
1649686947314582109,-0.537048339844,0.319763183594,-0.181213378906,0.759216308594,-1103.0,-6615.0,1494.0,34.0,-6.0,35.0,
1649686947320890665,-0.534790039062,0.320251464844,-0.180236816406,0.760925292969,-1099.0,-6836.0,1454.0,38.0,-5.0,37.0,
1649686947323729991,-0.532104492188,0.320617675781,-0.179382324219,0.762756347656,-1116.0,-7089.0,1473.0,46.0,-4.0,38.0,
1649686947328287601,-0.528930664062,0.320983886719,-0.1787109375,0.765014648438,-1149.0,-7361.0,1532.0,56.0,-4.0,40.0,
1649686947332873582,-0.525085449219,0.321228027344,-0.178161621094,0.767700195312,-1201.0,-7613.0,1636.0,68.0,-4.0,42.0,
1649686947339742422,-0.520568847656,0.321411132812,-0.177856445312,0.770751953125,-1269.0,-7807.0,1768.0,81.0,-3.0,44.0,
1649686947344141721,-0.515502929688,0.321472167969,-0.177612304688,0.774169921875,-1346.0,-7890.0,1885.0,91.0,-3.0,45.0,
1649686947357365846,-0.509948730469,0.321594238281,-0.177429199219,0.77783203125,-1417.0,-7846.0,1978.0,99.0,-3.0,46.0,
1649686947357954502,-0.504028320312,0.321716308594,-0.177307128906,0.781616210938,-1501.0,-7684.0,2032.0,105.0,-2.0,47.0,
1649686947359871387,-0.497924804688,0.321960449219,-0.177124023438,0.785522460938,-1596.0,-7441.0,2053.0,108.0,-1.0,49.0,
1649686947367370128,-0.491638183594,0.322265625,-0.176818847656,0.789428710938,-1683.0,-7167.0,2060.0,109.0,-1.0,51.0,
1649686947374266862,-0.4853515625,0.322692871094,-0.176391601562,0.793212890625,-1764.0,-6887.0,2064.0,107.0,0.0,53.0,
1649686947380656480,-0.473205566406,0.324035644531,-0.174987792969,0.80029296875,-1971.0,-6277.0,2059.0,98.0,2.0,56.0,
1649686947385628461,-0.467346191406,0.325012207031,-0.173950195312,0.803527832031,-2110.0,-5958.0,2093.0,93.0,3.0,59.0,
1649686947390151500,-0.461608886719,0.326232910156,-0.172607421875,0.806640625,-2284.0,-5696.0,2133.0,86.0,4.0,62.0,
1649686947395130157,-0.456115722656,0.327575683594,-0.171020507812,0.8095703125,-2487.0,-5584.0,2183.0,80.0,4.0,64.0,
1649686947399397134,-0.450988769531,0.328979492188,-0.169250488281,0.812194824219,-2682.0,-5660.0,2207.0,73.0,4.0,64.0,
1649686947403834819,-0.4462890625,0.330444335938,-0.167358398438,0.814636230469,-2854.0,-5869.0,2204.0,67.0,3.0,64.0,
1649686947410151243,-0.44189453125,0.331909179688,-0.16552734375,0.816772460938,-3011.0,-6159.0,2218.0,63.0,3.0,63.0,
1649686947414542198,-0.437622070312,0.333435058594,-0.163696289062,0.81884765625,-3147.0,-6487.0,2202.0,62.0,5.0,63.0,
1649686947420029401,-0.433227539062,0.3349609375,-0.162048339844,0.820861816406,-3290.0,-6822.0,2172.0,65.0,7.0,63.0,
1649686947425084352,-0.4287109375,0.336608886719,-0.160522460938,0.822875976562,-3477.0,-7193.0,2230.0,69.0,8.0,62.0,
1649686947429449319,-0.423828125,0.338134765625,-0.1591796875,0.825012207031,-3690.0,-7553.0,2414.0,76.0,8.0,62.0,
1649686947433013677,-0.418579101562,0.339477539062,-0.158020019531,0.827392578125,-3898.0,-7889.0,2519.0,81.0,8.0,60.0,
