1648738592631961107,-0.0696411132812,-0.0784912109375,0.993835449219,0.0352783203125,-2740.0,-1205.0,7922.0,-38.0,-7.0,5.0,
1648738592636134862,-0.06982421875,-0.0806884765625,0.99365234375,0.0347900390625,-2717.0,-1340.0,7800.0,-34.0,-6.0,5.0,
1648738592640782594,-0.0700073242188,-0.0825805664062,0.993530273438,0.0343627929688,-2665.0,-1468.0,7728.0,-29.0,-5.0,3.0,
1648738592645665645,-0.0701293945312,-0.0841674804688,0.993347167969,0.0340576171875,-2600.0,-1563.0,7667.0,-24.0,-5.0,2.0,
1648738592650156021,-0.0701904296875,-0.0853881835938,0.993286132812,0.0338134765625,-2522.0,-1602.0,7578.0,-18.0,-5.0,2.0,
1648738592658633232,-0.0702514648438,-0.0863037109375,0.993225097656,0.0335693359375,-2420.0,-1589.0,7410.0,-13.0,-4.0,2.0,
1648738592663688421,-0.0703735351562,-0.0868530273438,0.9931640625,0.0333251953125,-2309.0,-1537.0,7193.0,-9.0,-3.0,2.0,
1648738592668107986,-0.070556640625,-0.0872802734375,0.993103027344,0.0331420898438,-2213.0,-1475.0,7022.0,-7.0,-1.0,2.0,
1648738592671520709,-0.07080078125,-0.0875244140625,0.993041992188,0.032958984375,-2139.0,-1406.0,6922.0,-5.0,0.0,2.0,
1648738592676434278,-0.0711669921875,-0.087646484375,0.993041992188,0.0328369140625,-2107.0,-1311.0,6874.0,-3.0,2.0,2.0,
1648738592681418657,-0.0715942382812,-0.0874633789062,0.993041992188,0.0326538085938,-2117.0,-1200.0,6855.0,0.0,3.0,2.0,
1648738592685583114,-0.0721435546875,-0.0870971679688,0.993041992188,0.032470703125,-2160.0,-1070.0,6876.0,3.0,3.0,3.0,
1648738592690268754,-0.0726928710938,-0.0865478515625,0.993041992188,0.0322265625,-2224.0,-911.0,6910.0,4.0,3.0,3.0,
1648738592700511693,-0.0732421875,-0.0859985351562,0.993041992188,0.0320434570312,-2293.0,-716.0,6957.0,4.0,2.0,3.0,
1648738592707166910,-0.07421875,-0.084716796875,0.993103027344,0.0313720703125,-2465.0,-252.0,7145.0,1.0,1.0,4.0,
1648738592712135791,-0.0747680664062,-0.0841674804688,0.9931640625,0.0308837890625,-2565.0,-70.0,7291.0,0.0,1.0,6.0,
1648738592716595411,-0.0753173828125,-0.0836181640625,0.9931640625,0.0303344726562,-2658.0,34.0,7460.0,-2.0,0.0,8.0,
1648738592721407890,-0.0758056640625,-0.0831298828125,0.9931640625,0.0296020507812,-2719.0,76.0,7656.0,-2.0,-1.0,10.0,
1648738592725940942,-0.076171875,-0.0827026367188,0.993225097656,0.0288696289062,-2727.0,87.0,7808.0,-1.0,-1.0,11.0,
1648738592730569124,-0.0764770507812,-0.0821533203125,0.993286132812,0.028076171875,-2666.0,81.0,7850.0,1.0,-2.0,12.0,
1648738592738505840,-0.07666015625,-0.0814208984375,0.993347167969,0.0272216796875,-2534.0,59.0,7874.0,5.0,-3.0,12.0,
1648738592743245840,-0.0767211914062,-0.0804443359375,0.993408203125,0.0264282226562,-2354.0,-6.0,7856.0,9.0,-3.0,13.0,
1648738592746539115,-0.07666015625,-0.079345703125,0.993530273438,0.0256958007812,-2131.0,-122.0,7788.0,14.0,-2.0,13.0,
1648738592751774311,-0.07666015625,-0.0779418945312,0.99365234375,0.0249633789062,-1905.0,-284.0,7648.0,19.0,-1.0,12.0,
1648738592820593595,-0.0765991210938,-0.076416015625,0.993774414062,0.0243530273438,-1703.0,-475.0,7522.0,25.0,0.0,12.0,
1648738592822272062,-0.07666015625,-0.0745239257812,0.993957519531,0.0238037109375,-1552.0,-649.0,7481.0,31.0,2.0,11.0,
1648738592825509786,-0.0767211914062,-0.0722045898438,0.994140625,0.0233154296875,-1469.0,-762.0,7532.0,38.0,2.0,11.0,
1648738592829019069,-0.0767822265625,-0.0693969726562,0.994323730469,0.0227661132812,-1434.0,-807.0,7608.0,46.0,1.0,13.0,
1648738592832069635,-0.0768432617188,-0.066162109375,0.994567871094,0.0220947265625,-1423.0,-757.0,7716.0,52.0,0.0,15.0,
1648738592833122491,-0.0768432617188,-0.0625,0.994812011719,0.021240234375,-1412.0,-621.0,7808.0,55.0,-1.0,18.0,
1648738592834249496,-0.0767211914062,-0.0586547851562,0.9951171875,0.0202026367188,-1383.0,-413.0,7850.0,57.0,-3.0,21.0,
1648738592838032245,-0.0764770507812,-0.0545654296875,0.995361328125,0.0189819335938,-1321.0,-144.0,7843.0,58.0,-4.0,23.0,
1648738592839546442,-0.0762329101562,-0.0504150390625,0.99560546875,0.0176391601562,-1205.0,160.0,7828.0,57.0,-4.0,25.0,
1648738592841973066,-0.0758666992188,-0.0463256835938,0.995910644531,0.01611328125,-1030.0,442.0,7782.0,55.0,-4.0,28.0,
1648738592843408823,-0.0755004882812,-0.042236328125,0.99609375,0.014404296875,-797.0,694.0,7734.0,53.0,-3.0,31.0,
1648738592844827175,-0.0750732421875,-0.038330078125,0.996337890625,0.0125732421875,-546.0,895.0,7759.0,52.0,-2.0,33.0,
1648738592845681190,-0.0745849609375,-0.0344848632812,0.996520996094,0.0106811523438,-262.0,1053.0,7839.0,50.0,-1.0,34.0,
1648738592847553968,-0.0740356445312,-0.0308227539062,0.996704101562,0.00872802734375,10.0,1128.0,7981.0,47.0,0.0,35.0,
1648738592849054574,-0.073486328125,-0.0274658203125,0.996887207031,0.0067138671875,277.0,1079.0,8121.0,44.0,0.0,35.0,
1648738592850079536,-0.0728759765625,-0.0244750976562,0.997009277344,0.00482177734375,526.0,903.0,8291.0,41.0,1.0,34.0,
1648738592851178169,-0.0722045898438,-0.0219116210938,0.997131347656,0.00299072265625,759.0,647.0,8415.0,38.0,0.0,33.0,
1648738592852666139,-0.0714111328125,-0.01953125,0.997253417969,0.001220703125,944.0,429.0,8581.0,37.0,-1.0,32.0,
1648738592853503942,-0.070556640625,-0.0171508789062,0.997314453125,-0.00054931640625,1135.0,243.0,8729.0,38.0,-3.0,32.0,
1648738592854761123,-0.0694580078125,-0.0145263671875,0.997436523438,-0.00250244140625,1323.0,67.0,8747.0,41.0,-5.0,34.0,
1648738592856546163,-0.0682983398438,-0.0117797851562,0.99755859375,-0.0045166015625,1488.0,-128.0,8755.0,45.0,-6.0,36.0,
1648738592861380100,-0.0670776367188,-0.00885009765625,0.997680664062,-0.00653076171875,1624.0,-318.0,8727.0,48.0,-7.0,37.0,
1648738592865927696,-0.0658569335938,-0.0057373046875,0.997741699219,-0.00860595703125,1730.0,-520.0,8698.0,53.0,-8.0,38.0,
1648738592874214649,-0.0646362304688,-0.00244140625,0.997802734375,-0.0107421875,1810.0,-750.0,8722.0,57.0,-8.0,39.0,
1648738592877876043,-0.0632934570312,0.00091552734375,0.997863769531,-0.0128784179688,1895.0,-1025.0,8768.0,60.0,-10.0,39.0,
1648738592882555246,-0.0618896484375,0.00439453125,0.997924804688,-0.0150146484375,1973.0,-1278.0,8826.0,64.0,-11.0,39.0,
1648738592886939287,-0.0603637695312,0.00811767578125,0.997985839844,-0.01708984375,2049.0,-1467.0,8851.0,68.0,-12.0,38.0,
1648738592891427755,-0.058837890625,0.0120849609375,0.997985839844,-0.0191040039062,2101.0,-1589.0,8850.0,72.0,-13.0,38.0,
1648738592898947238,-0.0572509765625,0.0161743164062,0.997985839844,-0.0211181640625,2111.0,-1685.0,8843.0,73.0,-14.0,37.0,
1648738592906044483,-0.0557250976562,0.0200805664062,0.997924804688,-0.0230102539062,2106.0,-1766.0,8813.0,71.0,-14.0,35.0,
1648738592913740873,-0.052734375,0.0269775390625,0.997863769531,-0.0263671875,1998.0,-1998.0,8858.0,62.0,-14.0,29.0,
1648738592917926549,-0.0513305664062,0.02978515625,0.997802734375,-0.0277709960938,1888.0,-2175.0,8940.0,56.0,-14.0,26.0,
1648738592924373149,-0.0499267578125,0.0321044921875,0.997802734375,-0.0289916992188,1760.0,-2362.0,8972.0,51.0,-15.0,23.0,
1648738592929963588,-0.048583984375,0.0341186523438,0.997741699219,-0.030029296875,1642.0,-2486.0,9003.0,46.0,-16.0,20.0,
1648738592933010578,-0.0471801757812,0.0360107421875,0.997741699219,-0.031005859375,1530.0,-2558.0,8994.0,43.0,-16.0,19.0,
1648738592981714248,-0.0458984375,0.037841796875,0.997680664062,-0.031982421875,1415.0,-2587.0,8914.0,42.0,-15.0,18.0,
1648738592997739076,-0.044677734375,0.0397338867188,0.997619628906,-0.0328979492188,1297.0,-2612.0,8809.0,42.0,-15.0,18.0,
1648738593001349449,-0.0435180664062,0.04150390625,0.997619628906,-0.0337524414062,1224.0,-2701.0,8743.0,41.0,-15.0,17.0,
1648738593007020950,-0.0423583984375,0.043212890625,0.99755859375,-0.0345458984375,1211.0,-2881.0,8669.0,41.0,-14.0,15.0,
1648738593013074874,-0.0413208007812,0.044921875,0.997497558594,-0.03515625,1209.0,-3110.0,8595.0,44.0,-10.0,12.0,
1648738593014512300,-0.0405883789062,0.0469970703125,0.997436523438,-0.0355224609375,1192.0,-3318.0,8473.0,52.0,-7.0,9.0,
1648738593022195100,-0.0400390625,0.0496826171875,0.997314453125,-0.0357055664062,1135.0,-3421.0,8344.0,64.0,-4.0,6.0,
1648738593023663043,-0.0396728515625,0.0532836914062,0.997131347656,-0.0358276367188,1049.0,-3360.0,8256.0,76.0,-3.0,5.0,
1648738593026534080,-0.0393676757812,0.0577392578125,0.996887207031,-0.0359497070312,943.0,-3143.0,8233.0,87.0,-3.0,5.0,
1648738593028641700,-0.0391235351562,0.0629272460938,0.99658203125,-0.0360717773438,824.0,-2803.0,8273.0,96.0,-3.0,6.0,
1648738593030540466,-0.0389404296875,0.0687255859375,0.996215820312,-0.0362548828125,662.0,-2371.0,8346.0,103.0,-3.0,6.0,
1648738593031753301,-0.0388793945312,0.0750122070312,0.995727539062,-0.036376953125,451.0,-1876.0,8490.0,107.0,-3.0,6.0,
1648738593033177614,-0.0387573242188,0.0813598632812,0.995239257812,-0.0364990234375,228.0,-1360.0,8680.0,106.0,-5.0,6.0,
1648738593034764528,-0.03857421875,0.0874633789062,0.994689941406,-0.0364990234375,50.0,-888.0,8930.0,101.0,-8.0,4.0,
1648738593035765409,-0.038330078125,0.0932006835938,0.994201660156,-0.036376953125,-76.0,-474.0,9162.0,94.0,-9.0,2.0,
1648738593036233663,-0.0379638671875,0.103759765625,0.9931640625,-0.0361328125,-308.0,244.0,9225.0,85.0,-6.0,2.0,
1648738593037660121,-0.037841796875,0.108642578125,0.99267578125,-0.0362548828125,-390.0,626.0,9164.0,79.0,-7.0,4.0,
1648738593039156913,-0.0374755859375,0.113220214844,0.9921875,-0.0364990234375,-381.0,1058.0,9061.0,72.0,-9.0,7.0,
1648738593040426015,-0.0369873046875,0.117553710938,0.991638183594,-0.0369262695312,-309.0,1540.0,8886.0,65.0,-9.0,10.0,
1648738593041263103,-0.0364379882812,0.121887207031,0.991149902344,-0.03759765625,-238.0,2117.0,8699.0,62.0,-8.0,13.0,
1648738593042587041,-0.0358276367188,0.126220703125,0.990600585938,-0.0385131835938,-158.0,2753.0,8535.0,57.0,-8.0,17.0,
1648738593048775911,-0.0352172851562,0.130187988281,0.990051269531,-0.0396728515625,-40.0,3329.0,8432.0,49.0,-8.0,21.0,
1648738593051334619,-0.0345458984375,0.133544921875,0.989562988281,-0.041015625,96.0,3764.0,8356.0,37.0,-6.0,22.0,
1648738593055416107,-0.0339965820312,0.135925292969,0.989196777344,-0.0423583984375,195.0,4044.0,8333.0,23.0,-3.0,22.0,
1648738593061255216,-0.0336303710938,0.137329101562,0.988952636719,-0.0436401367188,271.0,4142.0,8372.0,9.0,0.0,21.0,
1648738593068964719,-0.0333251953125,0.137756347656,0.988830566406,-0.044921875,325.0,4085.0,8427.0,-2.0,1.0,19.0,
1648738593071751117,-0.0330810546875,0.137512207031,0.988830566406,-0.046142578125,344.0,3875.0,8453.0,-10.0,3.0,18.0,
1648738593077678680,-0.0330200195312,0.13671875,0.988891601562,-0.04736328125,305.0,3538.0,8488.0,-15.0,5.0,18.0,
1648738593081834077,-0.0330810546875,0.135559082031,0.989013671875,-0.048583984375,253.0,3143.0,8511.0,-18.0,6.0,18.0,
1648738593085684061,-0.0331420898438,0.134155273438,0.989135742188,-0.0498046875,232.0,2752.0,8468.0,-18.0,6.0,18.0,
1648738593091202497,-0.033203125,0.132751464844,0.9892578125,-0.051025390625,232.0,2428.0,8339.0,-19.0,7.0,18.0,
1648738593102217674,-0.0333251953125,0.13134765625,0.989379882812,-0.05224609375,229.0,2236.0,8194.0,-19.0,7.0,18.0,
1648738593102501630,-0.033447265625,0.1298828125,0.989501953125,-0.0535278320312,275.0,2179.0,8026.0,-22.0,7.0,19.0,
1648738593105851888,-0.033447265625,0.128356933594,0.989624023438,-0.0548706054688,345.0,2259.0,7828.0,-26.0,7.0,20.0,
1648738593112513780,-0.0333862304688,0.126770019531,0.98974609375,-0.0563354492188,427.0,2457.0,7632.0,-31.0,7.0,21.0,
1648738593117674827,-0.0333251953125,0.124877929688,0.989868164062,-0.057861328125,540.0,2736.0,7448.0,-40.0,8.0,21.0,
1648738593122023820,-0.0332641601562,0.122375488281,0.990112304688,-0.059326171875,647.0,3023.0,7268.0,-52.0,10.0,20.0,
1648738593126811742,-0.0333251953125,0.119018554688,0.990417480469,-0.0608520507812,742.0,3271.0,7103.0,-67.0,13.0,19.0,
1648738593131360054,-0.0335693359375,0.114868164062,0.990844726562,-0.0623168945312,798.0,3473.0,6951.0,-81.0,17.0,18.0,
1648738593136371135,-0.0341186523438,0.109985351562,0.991271972656,-0.0638427734375,819.0,3575.0,6851.0,-93.0,21.0,18.0,
1648738593140680074,-0.0347900390625,0.104309082031,0.991760253906,-0.0653686523438,808.0,3523.0,6825.0,-103.0,24.0,18.0,
1648738593148870706,-0.03564453125,0.097900390625,0.992248535156,-0.06689453125,781.0,3285.0,6870.0,-113.0,27.0,17.0,
1648738593152342319,-0.03662109375,0.0906982421875,0.992797851562,-0.0684204101562,717.0,2877.0,6978.0,-120.0,30.0,16.0,
1648738593156807899,-0.0377807617188,0.0830078125,0.993347167969,-0.0698852539062,633.0,2343.0,7117.0,-123.0,32.0,16.0,
1648738593161329984,-0.0389404296875,0.0751953125,0.993835449219,-0.0712890625,525.0,1737.0,7260.0,-120.0,32.0,15.0,
1648738593166067123,-0.0402221679688,0.0676879882812,0.994201660156,-0.0726318359375,404.0,1120.0,7405.0,-112.0,32.0,16.0,
1648738593170544624,-0.04150390625,0.0607299804688,0.994506835938,-0.0740356445312,239.0,530.0,7675.0,-100.0,31.0,16.0,
1648738593178461074,-0.042724609375,0.0546264648438,0.994689941406,-0.0753784179688,89.0,52.0,7781.0,-86.0,28.0,17.0,
1648738593182243824,-0.0438842773438,0.04931640625,0.994812011719,-0.07666015625,-49.0,-239.0,7845.0,-73.0,26.0,17.0,
1648738593186295747,-0.044921875,0.0451049804688,0.994873046875,-0.0780029296875,-173.0,-370.0,7820.0,-59.0,23.0,18.0,
1648738593191679239,-0.0459594726562,0.0419311523438,0.994873046875,-0.0792846679688,-277.0,-369.0,7748.0,-45.0,21.0,19.0,
1648738593195233821,-0.0469970703125,0.0394897460938,0.994812011719,-0.0806274414062,-362.0,-263.0,7680.0,-35.0,19.0,18.0,
1648738593202679872,-0.0479736328125,0.0375366210938,0.994750976562,-0.081787109375,-401.0,-98.0,7596.0,-31.0,18.0,17.0,
1648738593207803487,-0.048828125,0.03564453125,0.994689941406,-0.0828857421875,-395.0,94.0,7517.0,-32.0,17.0,15.0,
1648738593214576959,-0.0496215820312,0.03369140625,0.99462890625,-0.0838012695312,-349.0,288.0,7432.0,-34.0,17.0,13.0,
1648738593219346284,-0.0504150390625,0.0315551757812,0.99462890625,-0.084716796875,-325.0,432.0,7378.0,-38.0,18.0,11.0,
1648738593223401308,-0.0513305664062,0.0291748046875,0.994567871094,-0.08544921875,-363.0,522.0,7322.0,-41.0,20.0,9.0,
1648738593228399515,-0.052490234375,0.026611328125,0.994506835938,-0.0861206054688,-464.0,559.0,7261.0,-44.0,22.0,8.0,
1648738593233211994,-0.0537719726562,0.0238037109375,0.994445800781,-0.0867309570312,-612.0,545.0,7196.0,-46.0,24.0,6.0,
1648738593239647150,-0.05517578125,0.0208740234375,0.994384765625,-0.0872192382812,-801.0,495.0,7175.0,-47.0,24.0,4.0,
1648738593254431247,-0.056640625,0.017822265625,0.994384765625,-0.0875244140625,-1003.0,410.0,7222.0,-47.0,23.0,2.0,
1648738593269575119,-0.0579833984375,0.014892578125,0.994323730469,-0.087646484375,-1191.0,315.0,7296.0,-45.0,21.0,-1.0,
1648738593274402141,-0.059326171875,0.011962890625,0.994262695312,-0.0875854492188,-1371.0,198.0,7385.0,-44.0,20.0,-4.0,
1648738593279979467,-0.060546875,0.00909423828125,0.994262695312,-0.08740234375,-1532.0,65.0,7477.0,-43.0,18.0,-6.0,
1648738593282158613,-0.0617065429688,0.00634765625,0.994262695312,-0.0870971679688,-1670.0,-13.0,7553.0,-40.0,16.0,-7.0,
1648738593286257982,-0.062744140625,0.00390625,0.994201660156,-0.0867919921875,-1794.0,27.0,7576.0,-36.0,14.0,-8.0,
1648738593290751457,-0.0636596679688,0.00177001953125,0.994201660156,-0.0865478515625,-1881.0,146.0,7537.0,-35.0,12.0,-7.0,
1648738593292247772,-0.0645141601562,-0.0003662109375,0.994140625,-0.0862426757812,-1915.0,304.0,7411.0,-36.0,11.0,-7.0,
1648738593293255567,-0.0653686523438,-0.00244140625,0.994140625,-0.0859375,-1946.0,483.0,7268.0,-37.0,12.0,-8.0,
1648738593294332981,-0.0662841796875,-0.00457763671875,0.994079589844,-0.0855712890625,-1978.0,649.0,7136.0,-39.0,13.0,-10.0,
1648738593297070264,-0.0673217773438,-0.0069580078125,0.994018554688,-0.0850830078125,-2009.0,729.0,7035.0,-43.0,14.0,-11.0,
1648738593298429012,-0.068359375,-0.0096435546875,0.994018554688,-0.0845947265625,-2052.0,694.0,6992.0,-47.0,16.0,-13.0,
1648738593302539587,-0.0695190429688,-0.0126953125,0.993957519531,-0.083984375,-2126.0,570.0,7038.0,-50.0,17.0,-13.0,
1648738593308039665,-0.0706787109375,-0.0159301757812,0.993835449219,-0.0833740234375,-2209.0,373.0,7120.0,-51.0,17.0,-14.0,
1648738593314842462,-0.0718383789062,-0.019287109375,0.993774414062,-0.0827026367188,-2293.0,114.0,7192.0,-51.0,17.0,-15.0,
1648738593318976402,-0.072998046875,-0.0225830078125,0.99365234375,-0.0819091796875,-2375.0,-166.0,7225.0,-47.0,17.0,-16.0,
1648738593323632955,-0.0741577148438,-0.0256958007812,0.993591308594,-0.0810546875,-2454.0,-438.0,7229.0,-43.0,17.0,-17.0,
1648738593328625679,-0.0753784179688,-0.028564453125,0.993469238281,-0.0801391601562,-2530.0,-699.0,7239.0,-38.0,16.0,-18.0,
1648738593332451343,-0.0764770507812,-0.0311279296875,0.993408203125,-0.0791625976562,-2584.0,-924.0,7223.0,-33.0,15.0,-18.0,
1648738593338160991,-0.07763671875,-0.0333251953125,0.993347167969,-0.078125,-2631.0,-1125.0,7180.0,-27.0,15.0,-18.0,
1648738593341635465,-0.078857421875,-0.0352172851562,0.993225097656,-0.0770874023438,-2659.0,-1362.0,7055.0,-21.0,16.0,-19.0,
1648738593346503734,-0.0802001953125,-0.0368041992188,0.9931640625,-0.0758056640625,-2689.0,-1649.0,6854.0,-15.0,18.0,-21.0,
1648738593350996494,-0.081787109375,-0.0381469726562,0.993103027344,-0.0743408203125,-2742.0,-1934.0,6643.0,-8.0,20.0,-24.0,
1648738593357480049,-0.08349609375,-0.0391235351562,0.993041992188,-0.0725708007812,-2837.0,-2140.0,6496.0,0.0,22.0,-27.0,
1648738593362647056,-0.0853271484375,-0.03955078125,0.993041992188,-0.0706787109375,-2949.0,-2251.0,6405.0,9.0,22.0,-30.0,
1648738593367534637,-0.0872192382812,-0.0394287109375,0.993041992188,-0.0686645507812,-3051.0,-2262.0,6327.0,15.0,22.0,-31.0,
1648738593372028350,-0.089111328125,-0.0390625,0.992980957031,-0.0665893554688,-3114.0,-2179.0,6202.0,19.0,22.0,-32.0,
1648738593376126766,-0.0910034179688,-0.0385131835938,0.992980957031,-0.0643920898438,-3181.0,-1944.0,6105.0,18.0,23.0,-34.0,
1648738593383864402,-0.0929565429688,-0.0380859375,0.992980957031,-0.0621337890625,-3235.0,-1699.0,6059.0,13.0,23.0,-36.0,
1648738593386676311,-0.094970703125,-0.0379638671875,0.992919921875,-0.0597534179688,-3337.0,-1487.0,6151.0,7.0,24.0,-38.0,
1648738593391242027,-0.0972290039062,-0.0380249023438,0.992858886719,-0.057373046875,-3552.0,-1367.0,6368.0,5.0,28.0,-39.0,
1648738593395634889,-0.0997314453125,-0.0379028320312,0.992736816406,-0.0549926757812,-3889.0,-1332.0,6635.0,8.0,30.0,-38.0,
1648738593401200532,-0.102416992188,-0.0376586914062,0.992614746094,-0.0526123046875,-4304.0,-1325.0,6933.0,13.0,29.0,-37.0,
1648738593407113075,-0.105102539062,-0.0369873046875,0.992492675781,-0.05029296875,-4687.0,-1292.0,7241.0,19.0,25.0,-36.0,
1648738593411927461,-0.107482910156,-0.0359497070312,0.992370605469,-0.0479125976562,-5006.0,-1210.0,7530.0,25.0,21.0,-36.0,
1648738593418377876,-0.109619140625,-0.0344848632812,0.992309570312,-0.04541015625,-5270.0,-1081.0,7785.0,30.0,17.0,-38.0,
1648738593423562765,-0.111572265625,-0.0328369140625,0.992248535156,-0.0428466796875,-5466.0,-874.0,8001.0,31.0,14.0,-40.0,
1648738593428119182,-0.11328125,-0.0311279296875,0.992248535156,-0.040283203125,-5607.0,-571.0,8141.0,30.0,11.0,-39.0,
1648738593432405233,-0.11474609375,-0.0294799804688,0.9921875,-0.0380249023438,-5702.0,-197.0,8267.0,26.0,7.0,-37.0,
1648738593436676025,-0.115966796875,-0.0280151367188,0.9921875,-0.0359497070312,-5744.0,225.0,8370.0,20.0,4.0,-33.0,
1648738593441268444,-0.117065429688,-0.0267333984375,0.992126464844,-0.0341796875,-5713.0,618.0,8414.0,13.0,3.0,-30.0,
1648738593445821523,-0.118103027344,-0.0258178710938,0.992126464844,-0.0325927734375,-5622.0,928.0,8459.0,6.0,3.0,-27.0,
1648738593450679302,-0.119018554688,-0.0253295898438,0.992065429688,-0.0311279296875,-5490.0,1137.0,8465.0,0.0,4.0,-26.0,
1648738593455368041,-0.119934082031,-0.0253295898438,0.992004394531,-0.02978515625,-5340.0,1233.0,8432.0,-8.0,4.0,-25.0,
1648738593462025165,-0.120727539062,-0.0260009765625,0.991882324219,-0.0284423828125,-5180.0,1202.0,8387.0,-16.0,5.0,-26.0,
1648738593467263698,-0.12158203125,-0.02734375,0.991821289062,-0.0270385742188,-5023.0,1056.0,8337.0,-24.0,6.0,-27.0,
1648738593471786975,-0.122436523438,-0.0291137695312,0.99169921875,-0.0255737304688,-4907.0,860.0,8287.0,-29.0,7.0,-28.0,
1648738593476284742,-0.123291015625,-0.0311889648438,0.991577148438,-0.0240478515625,-4819.0,657.0,8179.0,-31.0,6.0,-30.0,
1648738593481118440,-0.1240234375,-0.0333862304688,0.991455078125,-0.0224609375,-4726.0,463.0,8108.0,-33.0,4.0,-31.0,
1648738593485853672,-0.124694824219,-0.0355834960938,0.991333007812,-0.0208740234375,-4642.0,307.0,8066.0,-33.0,3.0,-31.0,
1648738593492002487,-0.125244140625,-0.037841796875,0.9912109375,-0.0193481445312,-4598.0,219.0,8097.0,-33.0,2.0,-30.0,
1648738593496701717,-0.125671386719,-0.0401611328125,0.991088867188,-0.017822265625,-4527.0,141.0,8076.0,-37.0,0.0,-30.0,
1648738593501566648,-0.126037597656,-0.0427856445312,0.990966796875,-0.0162963867188,-4425.0,61.0,7994.0,-41.0,-1.0,-31.0,
1648738593505711555,-0.12646484375,-0.0454711914062,0.990783691406,-0.0147705078125,-4332.0,-32.0,7946.0,-42.0,1.0,-32.0,
1648738593510145187,-0.126892089844,-0.0481567382812,0.990661621094,-0.0131225585938,-4239.0,-183.0,7933.0,-42.0,2.0,-33.0,
1648738593518069505,-0.127319335938,-0.0509643554688,0.990478515625,-0.0114135742188,-4142.0,-421.0,7949.0,-42.0,3.0,-35.0,
1648738593523283481,-0.127807617188,-0.053955078125,0.990234375,-0.009521484375,-4049.0,-729.0,7996.0,-42.0,4.0,-37.0,
1648738593528007507,-0.128234863281,-0.0569458007812,0.990051269531,-0.0074462890625,-3972.0,-1041.0,8063.0,-40.0,4.0,-39.0,
1648738593534434795,-0.128540039062,-0.0598754882812,0.989868164062,-0.0052490234375,-3910.0,-1277.0,8159.0,-37.0,3.0,-41.0,
1648738593537094116,-0.128723144531,-0.0626220703125,0.989685058594,-0.0029296875,-3867.0,-1386.0,8224.0,-35.0,0.0,-43.0,
1648738593541472673,-0.128784179688,-0.065185546875,0.989501953125,-0.00067138671875,-3852.0,-1353.0,8252.0,-33.0,-2.0,-42.0,
1648738593545995473,-0.128723144531,-0.0675048828125,0.989379882812,0.00152587890625,-3844.0,-1206.0,8274.0,-34.0,-5.0,-41.0,
1648738593550708532,-0.128540039062,-0.0699462890625,0.989196777344,0.00360107421875,-3820.0,-974.0,8273.0,-38.0,-6.0,-41.0,
1648738593555423259,-0.12841796875,-0.0726318359375,0.989013671875,0.00555419921875,-3774.0,-723.0,8250.0,-46.0,-6.0,-40.0,
1648738593562049388,-0.128295898438,-0.07568359375,0.98876953125,0.00738525390625,-3702.0,-479.0,8257.0,-53.0,-5.0,-40.0,
1648738593566832304,-0.128234863281,-0.0790405273438,0.988525390625,0.0091552734375,-3625.0,-258.0,8291.0,-59.0,-3.0,-39.0,
1648738593571203231,-0.128356933594,-0.0825805664062,0.988220214844,0.0108032226562,-3558.0,-94.0,8336.0,-64.0,-1.0,-38.0,
1648738593575772523,-0.128540039062,-0.0863647460938,0.987854003906,0.0123901367188,-3497.0,4.0,8380.0,-67.0,2.0,-37.0,
1648738593580434083,-0.128845214844,-0.0902709960938,0.987426757812,0.013916015625,-3450.0,26.0,8411.0,-69.0,3.0,-35.0,
1648738593586694717,-0.129272460938,-0.0942993164062,0.986999511719,0.0153198242188,-3391.0,-24.0,8399.0,-70.0,4.0,-34.0,
1648738593591280698,-0.129638671875,-0.098388671875,0.986511230469,0.0167236328125,-3306.0,-149.0,8357.0,-70.0,5.0,-33.0,
1648738593595880508,-0.130126953125,-0.102416992188,0.986022949219,0.01806640625,-3212.0,-323.0,8289.0,-67.0,7.0,-32.0,
1648738593600495576,-0.130615234375,-0.106262207031,0.985534667969,0.0194702148438,-3114.0,-524.0,8207.0,-62.0,8.0,-31.0,
1648738593607133388,-0.131164550781,-0.109741210938,0.985046386719,0.0209350585938,-3016.0,-737.0,8110.0,-55.0,8.0,-31.0,
1648738593611755371,-0.131652832031,-0.11279296875,0.984558105469,0.0223388671875,-2932.0,-904.0,8047.0,-48.0,9.0,-30.0,
1648738593618182659,-0.132141113281,-0.115356445312,0.984191894531,0.0238037109375,-2858.0,-1005.0,8011.0,-40.0,8.0,-29.0,
1648738593623800992,-0.132568359375,-0.117431640625,0.983825683594,0.0250854492188,-2797.0,-1022.0,7992.0,-33.0,7.0,-26.0,
1648738593629756689,-0.132934570312,-0.118835449219,0.983581542969,0.0263061523438,-2772.0,-953.0,7968.0,-25.0,7.0,-24.0,
1648738593634021282,-0.133361816406,-0.119812011719,0.9833984375,0.0274047851562,-2763.0,-824.0,7966.0,-19.0,6.0,-21.0,
1648738593638302326,-0.133666992188,-0.120361328125,0.983276367188,0.0283203125,-2735.0,-666.0,7990.0,-15.0,5.0,-19.0,
1648738593642479658,-0.133972167969,-0.120666503906,0.983154296875,0.0291137695312,-2708.0,-490.0,8066.0,-12.0,5.0,-16.0,
1648738593647457122,-0.13427734375,-0.120666503906,0.983093261719,0.0298461914062,-2679.0,-296.0,8180.0,-9.0,5.0,-14.0,
1648738593651878356,-0.134582519531,-0.120422363281,0.983093261719,0.0303955078125,-2644.0,-88.0,8294.0,-6.0,5.0,-11.0,
1648738593656075954,-0.134826660156,-0.119812011719,0.983093261719,0.0307006835938,-2604.0,134.0,8380.0,-3.0,5.0,-8.0,
1648738593662282943,-0.135131835938,-0.118896484375,0.983154296875,0.0308227539062,-2542.0,325.0,8400.0,1.0,4.0,-4.0,
1648738593667909860,-0.135375976562,-0.117858886719,0.983276367188,0.03076171875,-2433.0,466.0,8342.0,4.0,5.0,0.0,
1648738593674560785,-0.135681152344,-0.116638183594,0.983337402344,0.0305786132812,-2277.0,544.0,8215.0,6.0,5.0,3.0,
1648738593677864789,-0.135925292969,-0.115539550781,0.983459472656,0.0303344726562,-2082.0,558.0,8050.0,7.0,6.0,4.0,
1648738593683034896,-0.136169433594,-0.114440917969,0.983581542969,0.030029296875,-1858.0,537.0,7879.0,7.0,7.0,5.0,
1648738593688353300,-0.136474609375,-0.113403320312,0.983642578125,0.0297241210938,-1635.0,504.0,7731.0,8.0,8.0,6.0,
1648738593690193653,-0.13671875,-0.1123046875,0.983764648438,0.0293579101562,-1446.0,469.0,7618.0,9.0,9.0,8.0,
1648738593697920799,-0.137023925781,-0.111083984375,0.98388671875,0.0288696289062,-1277.0,422.0,7524.0,10.0,9.0,10.0,
1648738593703773260,-0.137329101562,-0.109802246094,0.984008789062,0.0283203125,-1120.0,354.0,7465.0,12.0,10.0,11.0,
1648738593707214593,-0.137634277344,-0.108337402344,0.984130859375,0.0277709960938,-999.0,274.0,7440.0,16.0,11.0,12.0,
1648738593711874723,-0.138000488281,-0.106567382812,0.984252929688,0.0271606445312,-902.0,169.0,7435.0,21.0,11.0,14.0,
1648738593716607809,-0.138427734375,-0.104553222656,0.984436035156,0.0265502929688,-832.0,62.0,7471.0,26.0,12.0,16.0,
1648738593720303297,-0.138793945312,-0.102172851562,0.984680175781,0.0257568359375,-773.0,-59.0,7563.0,32.0,11.0,18.0,
1648738593732167243,-0.138977050781,-0.0965576171875,0.985290527344,0.0241088867188,-547.0,-315.0,7842.0,43.0,7.0,21.0,
1648738593736537456,-0.138793945312,-0.0930786132812,0.985656738281,0.0232543945312,-409.0,-430.0,7954.0,51.0,6.0,22.0,
1648738593741718769,-0.138488769531,-0.0890502929688,0.986083984375,0.0223999023438,-257.0,-544.0,8020.0,61.0,5.0,23.0,
1648738593745778322,-0.138122558594,-0.08447265625,0.986572265625,0.0215454101562,-108.0,-644.0,8074.0,71.0,4.0,25.0,
1648738593750362873,-0.137634277344,-0.0794067382812,0.987060546875,0.0206909179688,61.0,-738.0,8111.0,80.0,2.0,26.0,
1648738593758915185,-0.136962890625,-0.0738525390625,0.987609863281,0.019775390625,246.0,-806.0,8125.0,88.0,1.0,28.0,
1648738593762993812,-0.13623046875,-0.06787109375,0.988159179688,0.0188598632812,444.0,-833.0,8104.0,94.0,0.0,29.0,
1648738593766518115,-0.135375976562,-0.0615844726562,0.988708496094,0.0178833007812,652.0,-820.0,8031.0,99.0,-1.0,31.0,
1648738593771233320,-0.134460449219,-0.0549926757812,0.989196777344,0.016845703125,858.0,-767.0,7938.0,104.0,-1.0,32.0,
1648738593776002883,-0.133544921875,-0.0481567382812,0.98974609375,0.0156860351562,1036.0,-687.0,7870.0,107.0,-1.0,34.0,
1648738593782085180,-0.132629394531,-0.0411987304688,0.990173339844,0.0143432617188,1194.0,-585.0,7821.0,108.0,0.0,36.0,
1648738593788956642,-0.131652832031,-0.0342407226562,0.990600585938,0.0128784179688,1336.0,-449.0,7765.0,107.0,-1.0,38.0,
1648738593792187929,-0.130676269531,-0.0272216796875,0.990966796875,0.0112915039062,1464.0,-279.0,7717.0,107.0,-1.0,41.0,
1648738593796733379,-0.129699707031,-0.0202026367188,0.991271972656,0.00946044921875,1572.0,-93.0,7696.0,106.0,-1.0,43.0,
1648738593802246093,-0.128662109375,-0.0133056640625,0.991577148438,0.00750732421875,1671.0,108.0,7721.0,104.0,-2.0,45.0,
1648738593806099414,-0.127563476562,-0.00653076171875,0.991760253906,0.00543212890625,1772.0,295.0,7753.0,100.0,-2.0,47.0,
1648738593810220003,-0.126403808594,0.0,0.991943359375,0.00323486328125,1870.0,449.0,7787.0,95.0,-2.0,48.0,
1648738593817719459,-0.125366210938,0.00604248046875,0.992065429688,0.00091552734375,1936.0,572.0,7843.0,89.0,-1.0,48.0,
1648738593829731702,-0.124389648438,0.0115966796875,0.992126464844,-0.00146484375,1956.0,655.0,7920.0,80.0,0.0,48.0,
1648738593834329128,-0.123413085938,0.0165405273438,0.9921875,-0.00384521484375,1937.0,697.0,8006.0,72.0,0.0,47.0,
1648738593840776205,-0.121276855469,0.0244140625,0.992248535156,-0.00848388671875,1892.0,505.0,8198.0,53.0,-3.0,44.0,
1648738593847635746,-0.119201660156,0.0301513671875,0.992309570312,-0.012939453125,1764.0,-29.0,8380.0,45.0,-3.0,42.0,
1648738593853142499,-0.118103027344,0.0327758789062,0.992309570312,-0.01513671875,1681.0,-339.0,8406.0,45.0,-4.0,42.0,
1648738593857570648,-0.117004394531,0.0354614257812,0.992309570312,-0.0173950195312,1595.0,-621.0,8385.0,49.0,-5.0,43.0,
1648738593862727165,-0.115844726562,0.0384521484375,0.992309570312,-0.0197143554688,1502.0,-845.0,8332.0,54.0,-7.0,45.0,
1648738593866954326,-0.114685058594,0.0418090820312,0.992248535156,-0.0220947265625,1428.0,-1012.0,8255.0,59.0,-8.0,47.0,
1648738593871621370,-0.113403320312,0.0455322265625,0.9921875,-0.0245971679688,1375.0,-1115.0,8144.0,66.0,-9.0,49.0,
1648738593876043796,-0.112182617188,0.0496826171875,0.992065429688,-0.027099609375,1329.0,-1184.0,8038.0,70.0,-9.0,50.0,
1648738593890606403,-0.111022949219,0.053955078125,0.991882324219,-0.029541015625,1287.0,-1231.0,7900.0,73.0,-9.0,49.0,
1648738593891056299,-0.109985351562,0.058349609375,0.99169921875,-0.031982421875,1238.0,-1240.0,7759.0,75.0,-7.0,48.0,
1648738593891588211,-0.109069824219,0.0628051757812,0.991455078125,-0.0343627929688,1165.0,-1186.0,7647.0,75.0,-5.0,47.0,
1648738593903841257,-0.108215332031,0.0671997070312,0.991149902344,-0.0366821289062,1087.0,-1065.0,7556.0,74.0,-5.0,47.0,
1648738593904412746,-0.107421875,0.0716552734375,0.990844726562,-0.0390014648438,1028.0,-885.0,7457.0,72.0,-5.0,46.0,
1648738593906508684,-0.106689453125,0.0759887695312,0.990478515625,-0.0413208007812,970.0,-657.0,7395.0,70.0,-3.0,46.0,
1648738593911332607,-0.106140136719,0.0802001953125,0.990112304688,-0.043701171875,889.0,-442.0,7399.0,66.0,-1.0,45.0,
1648738593916057825,-0.105651855469,0.0841064453125,0.98974609375,-0.0459594726562,775.0,-258.0,7438.0,62.0,0.0,43.0,
1648738593920652151,-0.105224609375,0.0878295898438,0.989379882812,-0.0481567382812,646.0,-103.0,7537.0,59.0,0.0,41.0,
1648738593927525281,-0.104858398438,0.0914306640625,0.988952636719,-0.0501708984375,513.0,23.0,7649.0,57.0,0.0,39.0,
1648738593932569503,-0.1044921875,0.0949096679688,0.988586425781,-0.0521240234375,380.0,133.0,7788.0,57.0,0.0,38.0,
1648738593937069892,-0.104187011719,0.0984497070312,0.988159179688,-0.0540771484375,251.0,259.0,7907.0,58.0,0.0,37.0,
1648738593941363573,-0.103881835938,0.102111816406,0.987731933594,-0.0560302734375,131.0,455.0,8026.0,59.0,0.0,38.0,
1648738593945893526,-0.103515625,0.105895996094,0.987243652344,-0.0580444335938,36.0,730.0,8137.0,60.0,-1.0,39.0,
1648738593950369596,-0.103149414062,0.10986328125,0.986694335938,-0.0601806640625,-47.0,1093.0,8196.0,59.0,-1.0,41.0,
1648738593957093238,-0.102783203125,0.113830566406,0.986145019531,-0.0624389648438,-134.0,1505.0,8244.0,57.0,0.0,42.0,
1648738593961949348,-0.102478027344,0.117614746094,0.985595703125,-0.0648193359375,-224.0,1966.0,8274.0,52.0,0.0,43.0,
1648738593967316389,-0.102233886719,0.12109375,0.985046386719,-0.0673828125,-345.0,2447.0,8298.0,44.0,1.0,45.0,
1648738593971470832,-0.101867675781,0.124084472656,0.984497070312,-0.070068359375,-491.0,2964.0,8300.0,33.0,0.0,46.0,
1648738593976024150,-0.101501464844,0.126342773438,0.984069824219,-0.0728759765625,-640.0,3462.0,8296.0,19.0,-2.0,47.0,
1648738593980695486,-0.101013183594,0.127563476562,0.983703613281,-0.0758056640625,-807.0,3909.0,8321.0,1.0,-3.0,47.0,
1648738593987059116,-0.100463867188,0.127624511719,0.983520507812,-0.0787963867188,-985.0,4297.0,8326.0,-20.0,-3.0,47.0,
1648738593991657733,-0.099853515625,0.126281738281,0.983520507812,-0.0819702148438,-1167.0,4569.0,8310.0,-42.0,-3.0,47.0,
1648738593996330976,-0.0991821289062,0.123779296875,0.983642578125,-0.0852661132812,-1332.0,4760.0,8272.0,-62.0,-4.0,48.0,
1648738594000742912,-0.098388671875,0.1201171875,0.983825683594,-0.0886840820312,-1485.0,4891.0,8222.0,-80.0,-4.0,48.0,
1648738594007389783,-0.0974731445312,0.115295410156,0.984191894531,-0.0922241210938,-1603.0,4925.0,8177.0,-99.0,-5.0,48.0,
1648738594012176036,-0.0963745117188,0.109252929688,0.984619140625,-0.0958251953125,-1659.0,4896.0,8136.0,-117.0,-6.0,48.0,
1648738594016905069,-0.0950927734375,0.102294921875,0.985168457031,-0.0994262695312,-1677.0,4793.0,8087.0,-132.0,-6.0,47.0,
1648738594021366119,-0.09375,0.0942993164062,0.985717773438,-0.10302734375,-1704.0,4539.0,8064.0,-147.0,-6.0,45.0,
1648738594030053853,-0.0924072265625,0.0851440429688,0.986328125,-0.106506347656,-1748.0,4088.0,8072.0,-163.0,-5.0,42.0,
1648738594032709836,-0.0909423828125,0.0748901367188,0.986938476562,-0.109741210938,-1827.0,3475.0,8088.0,-175.0,-5.0,38.0,
1648738594037297725,-0.0894775390625,0.0639038085938,0.987487792969,-0.11279296875,-1938.0,2770.0,8130.0,-182.0,-5.0,34.0,
1648738594041844367,-0.0880126953125,0.0524291992188,0.987976074219,-0.115661621094,-2080.0,2030.0,8162.0,-185.0,-5.0,31.0,
1648738594046406507,-0.0865478515625,0.0408935546875,0.988342285156,-0.118347167969,-2205.0,1323.0,8174.0,-183.0,-6.0,29.0,
1648738594051026344,-0.0850830078125,0.0294799804688,0.988525390625,-0.120849609375,-2313.0,680.0,8159.0,-178.0,-7.0,28.0,
1648738594055943965,-0.0836181640625,0.0184936523438,0.988647460938,-0.123229980469,-2410.0,92.0,8117.0,-172.0,-7.0,26.0,
1648738594060989618,-0.082275390625,0.0079345703125,0.988647460938,-0.12548828125,-2501.0,-399.0,8048.0,-164.0,-7.0,24.0,
1648738594065487623,-0.0809326171875,-0.00225830078125,0.988464355469,-0.127624511719,-2580.0,-790.0,7952.0,-158.0,-8.0,23.0,
1648738594070401906,-0.07958984375,-0.0121459960938,0.98828125,-0.129577636719,-2632.0,-1121.0,7878.0,-155.0,-8.0,21.0,
1648738594076907157,-0.0781860351562,-0.0217895507812,0.987976074219,-0.131469726562,-2665.0,-1340.0,7808.0,-151.0,-9.0,19.0,
1648738594082067012,-0.0767822265625,-0.0311889648438,0.987609863281,-0.133239746094,-2680.0,-1482.0,7672.0,-149.0,-10.0,17.0,
1648738594086179018,-0.0753173828125,-0.0407104492188,0.987121582031,-0.134826660156,-2652.0,-1658.0,7639.0,-153.0,-10.0,14.0,
1648738594090805053,-0.07373046875,-0.0503540039062,0.986633300781,-0.136169433594,-2605.0,-1740.0,7620.0,-154.0,-10.0,11.0,
1648738594095146656,-0.0722045898438,-0.0598754882812,0.986022949219,-0.137390136719,-2569.0,-1795.0,7603.0,-154.0,-9.0,8.0,
1648738594102089166,-0.0707397460938,-0.0693969726562,0.9853515625,-0.138549804688,-2554.0,-1838.0,7634.0,-154.0,-7.0,7.0,
1648738594107007265,-0.0693969726562,-0.078857421875,0.984619140625,-0.139587402344,-2568.0,-1910.0,7665.0,-154.0,-6.0,6.0,
1648738594112502336,-0.068115234375,-0.08837890625,0.983764648438,-0.140502929688,-2586.0,-1978.0,7612.0,-154.0,-5.0,4.0,
1648738594117041826,-0.06689453125,-0.097900390625,0.982849121094,-0.141296386719,-2586.0,-2112.0,7573.0,-155.0,-4.0,1.0,
1648738594176991462,-0.0657958984375,-0.107482910156,0.981811523438,-0.141845703125,-2581.0,-2277.0,7488.0,-154.0,-2.0,-1.0,
1648738594189249515,-0.0647583007812,-0.116882324219,0.980773925781,-0.142272949219,-2549.0,-2467.0,7454.0,-150.0,0.0,-3.0,
1648738594245748043,-0.063720703125,-0.1259765625,0.979614257812,-0.142578125,-2506.0,-2625.0,7481.0,-145.0,1.0,-4.0,
1648738594247979402,-0.0628051757812,-0.134643554688,0.978515625,-0.142883300781,-2479.0,-2773.0,7510.0,-138.0,1.0,-4.0,
1648738594255580425,-0.0619506835938,-0.142822265625,0.977355957031,-0.143127441406,-2495.0,-2871.0,7547.0,-131.0,2.0,-4.0,
1648738594260513544,-0.0612182617188,-0.150573730469,0.976196289062,-0.143310546875,-2530.0,-2867.0,7582.0,-124.0,2.0,-5.0,
1648738594263324975,-0.060546875,-0.157958984375,0.97509765625,-0.143493652344,-2486.0,-2814.0,7442.0,-121.0,1.0,-5.0,
1648738594269740819,-0.0598754882812,-0.165100097656,0.973876953125,-0.143676757812,-2373.0,-2786.0,7197.0,-118.0,2.0,-5.0,
1648738594285548448,-0.059326171875,-0.172180175781,0.972717285156,-0.143615722656,-2243.0,-2907.0,6953.0,-116.0,6.0,-7.0,
1648738594405744552,-0.0589599609375,-0.179565429688,0.971435546875,-0.143371582031,-2132.0,-3220.0,6792.0,-116.0,11.0,-9.0,
1648738594419414281,-0.0587158203125,-0.187072753906,0.970092773438,-0.142883300781,-2075.0,-3654.0,6646.0,-114.0,15.0,-12.0,
1648738594419925212,-0.0587158203125,-0.194519042969,0.96875,-0.142150878906,-2068.0,-4116.0,6481.0,-110.0,17.0,-15.0,
1648738594420670986,-0.058837890625,-0.201721191406,0.967407226562,-0.141235351562,-2122.0,-4620.0,6449.0,-102.0,19.0,-18.0,
1648738594421339273,-0.05908203125,-0.208251953125,0.966186523438,-0.140075683594,-2207.0,-5005.0,6377.0,-89.0,19.0,-20.0,
1648738594422001838,-0.0595703125,-0.2138671875,0.965087890625,-0.138854980469,-2294.0,-5248.0,6323.0,-74.0,20.0,-20.0,
1648738594422628879,-0.0601806640625,-0.218505859375,0.964172363281,-0.137634277344,-2361.0,-5351.0,6311.0,-61.0,20.0,-20.0,
1648738594423251152,-0.0609130859375,-0.222290039062,0.963439941406,-0.136413574219,-2406.0,-5336.0,6324.0,-49.0,19.0,-19.0,
1648738594423845529,-0.061767578125,-0.225341796875,0.962829589844,-0.135314941406,-2425.0,-5212.0,6304.0,-40.0,19.0,-18.0,
1648738594424441099,-0.0626220703125,-0.22802734375,0.962341308594,-0.134155273438,-2398.0,-5012.0,6212.0,-35.0,19.0,-18.0,
1648738594425150632,-0.0634765625,-0.230529785156,0.961853027344,-0.132873535156,-2343.0,-4798.0,6082.0,-35.0,20.0,-20.0,
1648738594425683736,-0.064453125,-0.233093261719,0.961364746094,-0.131408691406,-2279.0,-4607.0,5886.0,-36.0,23.0,-22.0,
1648738594426359891,-0.0656127929688,-0.236022949219,0.960815429688,-0.129821777344,-2206.0,-4470.0,5681.0,-40.0,27.0,-24.0,
1648738594426933765,-0.06689453125,-0.239135742188,0.960144042969,-0.128051757812,-2175.0,-4362.0,5528.0,-42.0,31.0,-25.0,
1648738594427488088,-0.0718994140625,-0.249328613281,0.957946777344,-0.122375488281,-2221.0,-4315.0,5304.0,-48.0,40.0,-27.0,
1648738594428080797,-0.0739135742188,-0.252868652344,0.957092285156,-0.120361328125,-2280.0,-4370.0,5279.0,-47.0,43.0,-28.0,
1648738594428673505,-0.0761108398438,-0.25634765625,0.956298828125,-0.118225097656,-2345.0,-4458.0,5254.0,-45.0,46.0,-29.0,
1648738594429431438,-0.0784301757812,-0.259704589844,0.955444335938,-0.115966796875,-2427.0,-4544.0,5256.0,-42.0,48.0,-30.0,
1648738594429923057,-0.0809326171875,-0.262878417969,0.954650878906,-0.113586425781,-2530.0,-4615.0,5277.0,-39.0,50.0,-31.0,
1648738594430234193,-0.08349609375,-0.265808105469,0.953918457031,-0.111145019531,-2646.0,-4678.0,5318.0,-35.0,52.0,-32.0,
1648738594430718660,-0.0862426757812,-0.268371582031,0.953247070312,-0.108642578125,-2780.0,-4734.0,5383.0,-30.0,53.0,-32.0,
1648738594431086540,-0.089111328125,-0.270629882812,0.95263671875,-0.106018066406,-2927.0,-4755.0,5485.0,-24.0,54.0,-33.0,
1648738594432816267,-0.092041015625,-0.272521972656,0.9521484375,-0.103393554688,-3061.0,-4726.0,5547.0,-19.0,54.0,-34.0,
1648738594433128356,-0.0950317382812,-0.274108886719,0.95166015625,-0.100646972656,-3172.0,-4625.0,5592.0,-15.0,54.0,-35.0,
1648738594433245182,-0.157165527344,-0.254577636719,0.952941894531,-0.0479736328125,-4885.0,-1238.0,7662.0,29.0,20.0,-14.0,
1648738594433518171,-0.160827636719,-0.2490234375,0.953979492188,-0.0452880859375,-4485.0,-1116.0,7480.0,19.0,15.0,-9.0,
1648738594433779716,-0.161865234375,-0.247619628906,0.954162597656,-0.044677734375,-4325.0,-1151.0,7380.0,15.0,14.0,-8.0,
1648738594434004783,-0.162902832031,-0.246398925781,0.954345703125,-0.0441284179688,-4184.0,-1246.0,7356.0,14.0,15.0,-6.0,
1648738594435772180,-0.163940429688,-0.245178222656,0.954528808594,-0.0435791015625,-4082.0,-1379.0,7420.0,14.0,14.0,-5.0,
1648738594440417528,-0.164855957031,-0.243774414062,0.954711914062,-0.0431518554688,-4015.0,-1545.0,7528.0,17.0,13.0,-4.0,
1648738594445619106,-0.165771484375,-0.242004394531,0.955017089844,-0.042724609375,-3985.0,-1732.0,7632.0,24.0,12.0,-2.0,
1648738594546604633,-0.166564941406,-0.239868164062,0.955444335938,-0.0422973632812,-3955.0,-1931.0,7718.0,32.0,9.0,-1.0,
1648738594572860956,-0.167175292969,-0.2373046875,0.955993652344,-0.0418701171875,-3936.0,-2112.0,7842.0,38.0,6.0,-1.0,
1648738594573534965,-0.167541503906,-0.234497070312,0.956665039062,-0.0414428710938,-3873.0,-2281.0,7845.0,43.0,2.0,-1.0,
1648738594574187994,-0.167724609375,-0.231506347656,0.957397460938,-0.0409545898438,-3800.0,-2408.0,7744.0,48.0,0.0,-1.0,
1648738594574928045,-0.167846679688,-0.228393554688,0.958129882812,-0.0404052734375,-3773.0,-2457.0,7715.0,50.0,-2.0,-2.0,
1648738594575592279,-0.167785644531,-0.22509765625,0.958923339844,-0.0399780273438,-3747.0,-2401.0,7702.0,51.0,-6.0,-2.0,
1648738594576137781,-0.167663574219,-0.2216796875,0.959777832031,-0.0396118164062,-3730.0,-2269.0,7602.0,52.0,-8.0,-1.0,
1648738594576724290,-0.167602539062,-0.21826171875,0.960571289062,-0.0394287109375,-3720.0,-2105.0,7468.0,50.0,-8.0,1.0,
1648738594577261924,-0.16748046875,-0.215209960938,0.961303710938,-0.039306640625,-3697.0,-1870.0,7417.0,44.0,-10.0,1.0,
1648738594577820301,-0.167114257812,-0.21240234375,0.961975097656,-0.039306640625,-3622.0,-1590.0,7383.0,36.0,-12.0,1.0,
1648738594578354597,-0.166687011719,-0.210021972656,0.962585449219,-0.0393676757812,-3576.0,-1321.0,7377.0,28.0,-12.0,1.0,
1648738594579195499,-0.166259765625,-0.2080078125,0.963073730469,-0.03955078125,-3589.0,-1095.0,7371.0,21.0,-12.0,0.0,
1648738594579794406,-0.165832519531,-0.206481933594,0.963439941406,-0.039794921875,-3640.0,-926.0,7325.0,13.0,-13.0,0.0,
1648738594580491781,-0.165405273438,-0.205505371094,0.963745117188,-0.0401611328125,-3684.0,-875.0,7283.0,4.0,-14.0,0.0,
1648738594581174850,-0.164916992188,-0.205078125,0.9638671875,-0.0405883789062,-3677.0,-958.0,7287.0,-4.0,-14.0,1.0,
1648738594581815481,-0.164306640625,-0.205139160156,0.963928222656,-0.0410766601562,-3608.0,-1157.0,7333.0,-9.0,-14.0,1.0,
1648738594582524299,-0.163635253906,-0.205505371094,0.963989257812,-0.0415649414062,-3493.0,-1442.0,7381.0,-11.0,-14.0,2.0,
1648738594582848548,-0.162719726562,-0.205993652344,0.963989257812,-0.0419921875,-3306.0,-1780.0,7437.0,-12.0,-15.0,2.0,
1648738594583102226,-0.159118652344,-0.207153320312,0.964294433594,-0.043212890625,-2604.0,-2652.0,7318.0,-2.0,-19.0,2.0,
1648738594583365917,-0.156494140625,-0.206848144531,0.964782714844,-0.043701171875,-2046.0,-2969.0,6820.0,7.0,-18.0,2.0,
1648738594583614110,-0.155334472656,-0.206420898438,0.965026855469,-0.0437622070312,-1806.0,-3137.0,6547.0,11.0,-15.0,2.0,
1648738594583850145,-0.154296875,-0.205749511719,0.96533203125,-0.043701171875,-1629.0,-3315.0,6324.0,16.0,-13.0,0.0,
1648738594584079027,-0.153442382812,-0.204895019531,0.965698242188,-0.0433959960938,-1494.0,-3514.0,6166.0,21.0,-11.0,-2.0,
1648738594584310054,-0.152648925781,-0.203857421875,0.966064453125,-0.0429077148438,-1403.0,-3692.0,6102.0,26.0,-9.0,-4.0,
1648738594586449861,-0.15185546875,-0.202392578125,0.966491699219,-0.0422973632812,-1371.0,-3823.0,6177.0,32.0,-9.0,-6.0,
1648738594590918540,-0.151062011719,-0.200561523438,0.967041015625,-0.04150390625,-1396.0,-3895.0,6368.0,38.0,-9.0,-7.0,
1648738594604635715,-0.150207519531,-0.198181152344,0.967712402344,-0.0407104492188,-1430.0,-3889.0,6600.0,44.0,-11.0,-8.0,
1648738594605125188,-0.149230957031,-0.195434570312,0.968444824219,-0.0399169921875,-1456.0,-3789.0,6853.0,49.0,-13.0,-8.0,
1648738594606110572,-0.148193359375,-0.1923828125,0.96923828125,-0.0391845703125,-1452.0,-3559.0,7109.0,52.0,-15.0,-7.0,
1648738594612707376,-0.147033691406,-0.188903808594,0.970153808594,-0.03857421875,-1404.0,-3191.0,7334.0,54.0,-16.0,-6.0,
1648738594615225553,-0.145812988281,-0.18505859375,0.971069335938,-0.0380249023438,-1323.0,-2743.0,7483.0,57.0,-17.0,-4.0,
1648738594707615137,-0.144592285156,-0.180847167969,0.972106933594,-0.0376586914062,-1249.0,-2293.0,7549.0,59.0,-17.0,-2.0,
1648738594713099241,-0.143493652344,-0.176513671875,0.973022460938,-0.037353515625,-1183.0,-1890.0,7555.0,60.0,-16.0,0.0,
1648738594713870763,-0.142395019531,-0.172241210938,0.973999023438,-0.037109375,-1072.0,-1563.0,7543.0,59.0,-17.0,0.0,
1648738594714543342,-0.141174316406,-0.168151855469,0.974853515625,-0.0369262695312,-927.0,-1331.0,7529.0,57.0,-17.0,1.0,
1648738594715075492,-0.139953613281,-0.164123535156,0.975769042969,-0.0366821289062,-772.0,-1195.0,7514.0,57.0,-16.0,2.0,
1648738594715515613,-0.138732910156,-0.160034179688,0.976623535156,-0.0364990234375,-611.0,-1138.0,7510.0,60.0,-15.0,3.0,
1648738594715990781,-0.137512207031,-0.155578613281,0.9775390625,-0.0364379882812,-459.0,-1127.0,7522.0,67.0,-16.0,5.0,
1648738594716517210,-0.136291503906,-0.150512695312,0.978454589844,-0.0364379882812,-329.0,-1144.0,7576.0,77.0,-16.0,9.0,
1648738594716957092,-0.135009765625,-0.144714355469,0.9794921875,-0.0365600585938,-263.0,-1169.0,7765.0,89.0,-17.0,13.0,
1648738594717416763,-0.133605957031,-0.138061523438,0.980651855469,-0.0369262695312,-228.0,-1204.0,8014.0,103.0,-20.0,17.0,
1648738594768803596,-0.132019042969,-0.130676269531,0.981872558594,-0.0374145507812,-206.0,-1237.0,8286.0,114.0,-24.0,21.0,
1648738594769481420,-0.130310058594,-0.122680664062,0.983093261719,-0.0380859375,-195.0,-1268.0,8568.0,124.0,-28.0,25.0,
1648738594770160198,-0.128356933594,-0.114196777344,0.984313964844,-0.0389404296875,-217.0,-1271.0,8871.0,131.0,-31.0,27.0,
1648738594770774841,-0.126159667969,-0.10546875,0.985534667969,-0.0398559570312,-267.0,-1227.0,9171.0,135.0,-36.0,29.0,
1648738594771613597,-0.123657226562,-0.0967407226562,0.986755371094,-0.0409545898438,-329.0,-1126.0,9403.0,134.0,-42.0,31.0,
1648738594772455215,-0.120971679688,-0.0880737304688,0.98779296875,-0.042236328125,-396.0,-924.0,9530.0,131.0,-46.0,33.0,
1648738594773097515,-0.118103027344,-0.0796508789062,0.988830566406,-0.043701171875,-454.0,-657.0,9590.0,126.0,-49.0,35.0,
1648738594773667335,-0.115234375,-0.071533203125,0.989685058594,-0.04541015625,-498.0,-414.0,9564.0,118.0,-50.0,37.0,
1648738594774169445,-0.112426757812,-0.0639038085938,0.990478515625,-0.047119140625,-536.0,-289.0,9449.0,111.0,-49.0,37.0,
1648738594774742841,-0.109802246094,-0.0569458007812,0.991088867188,-0.0487670898438,-595.0,-289.0,9312.0,103.0,-47.0,35.0,
1648738594775354146,-0.107238769531,-0.0506591796875,0.991638183594,-0.05029296875,-656.0,-381.0,9205.0,95.0,-46.0,33.0,
1648738594777839660,-0.104614257812,-0.0449829101562,0.992126464844,-0.0517578125,-700.0,-523.0,9129.0,88.0,-46.0,31.0,
1648738594778494834,-0.101867675781,-0.0396728515625,0.992553710938,-0.05322265625,-671.0,-694.0,8988.0,84.0,-47.0,31.0,
1648738594779083728,-0.0990600585938,-0.0346069335938,0.992980957031,-0.0546264648438,-596.0,-914.0,8799.0,81.0,-48.0,30.0,
1648738594780209302,-0.0962524414062,-0.0297241210938,0.993286132812,-0.0559692382812,-501.0,-1175.0,8533.0,81.0,-47.0,29.0,
1648738594780658006,-0.0934448242188,-0.0250244140625,0.99365234375,-0.0573120117188,-394.0,-1475.0,8230.0,79.0,-46.0,29.0,
1648738594781095266,-0.0905151367188,-0.0206909179688,0.993896484375,-0.0586547851562,-266.0,-1771.0,7913.0,77.0,-47.0,28.0,
1648738594782145738,-0.087646484375,-0.0164794921875,0.994201660156,-0.059814453125,-150.0,-2018.0,7597.0,75.0,-46.0,27.0,
1648738594782745361,-0.0848999023438,-0.0122680664062,0.994445800781,-0.0609130859375,-76.0,-2189.0,7298.0,76.0,-44.0,25.0,
1648738594783627510,-0.0823364257812,-0.0078125,0.99462890625,-0.0619506835938,-66.0,-2299.0,7051.0,80.0,-42.0,23.0,
1648738594784199237,-0.0800170898438,-0.0030517578125,0.994750976562,-0.0628662109375,-137.0,-2326.0,6903.0,85.0,-40.0,22.0,
1648738594784653663,-0.077880859375,0.00213623046875,0.994873046875,-0.063720703125,-245.0,-2264.0,6826.0,90.0,-39.0,22.0,
1648738594785359859,-0.075927734375,0.0076904296875,0.994934082031,-0.0645751953125,-388.0,-2118.0,6785.0,95.0,-38.0,22.0,
1648738594788655757,-0.0740966796875,0.0134887695312,0.994995117188,-0.0654907226562,-543.0,-1922.0,6807.0,97.0,-37.0,23.0,
1648738594839423179,-0.0723266601562,0.0193481445312,0.994934082031,-0.06640625,-651.0,-1742.0,6835.0,96.0,-37.0,22.0,
1648738594842166900,-0.0706176757812,0.0250244140625,0.994873046875,-0.0671997070312,-717.0,-1628.0,6863.0,93.0,-35.0,21.0,
1648738594842766523,-0.0689697265625,0.0303344726562,0.994812011719,-0.06787109375,-752.0,-1544.0,6889.0,89.0,-33.0,18.0,
1648738594843246221,-0.0674438476562,0.035400390625,0.994750976562,-0.0682983398438,-768.0,-1406.0,6893.0,87.0,-31.0,14.0,
1648738594845015764,-0.0659790039062,0.04052734375,0.99462890625,-0.0685424804688,-770.0,-1227.0,6932.0,86.0,-29.0,11.0,
1648738594845683097,-0.0646362304688,0.0457763671875,0.994445800781,-0.0687866210938,-792.0,-1035.0,7008.0,87.0,-28.0,10.0,
1648738594846569299,-0.0634155273438,0.0510864257812,0.994262695312,-0.0689697265625,-845.0,-859.0,7078.0,88.0,-26.0,10.0,
1648738594851743459,-0.062255859375,0.056396484375,0.994018554688,-0.0691528320312,-931.0,-666.0,7133.0,88.0,-25.0,9.0,
1648738594853435754,-0.061279296875,0.0618896484375,0.993774414062,-0.0692138671875,-1033.0,-445.0,7202.0,89.0,-24.0,8.0,
1648738594854417085,-0.0603637695312,0.0674438476562,0.993469238281,-0.0692749023438,-1121.0,-215.0,7265.0,91.0,-25.0,8.0,
1648738594855274677,-0.0593872070312,0.072998046875,0.993103027344,-0.0693359375,-1188.0,-40.0,7248.0,90.0,-24.0,8.0,
1648738594856343030,-0.0585327148438,0.0782470703125,0.992797851562,-0.0692749023438,-1223.0,-2.0,7215.0,85.0,-24.0,6.0,
1648738594856791019,-0.0575561523438,0.0830688476562,0.992431640625,-0.069091796875,-1228.0,-46.0,7172.0,80.0,-23.0,3.0,
1648738594859174966,-0.056640625,0.087646484375,0.992126464844,-0.0686645507812,-1216.0,-101.0,7106.0,79.0,-23.0,0.0,
1648738594871708631,-0.0557250976562,0.0924072265625,0.991821289062,-0.068115234375,-1192.0,-87.0,7023.0,83.0,-23.0,-2.0,
1648738594872350692,-0.0548706054688,0.0974731445312,0.991394042969,-0.0675659179688,-1178.0,14.0,6931.0,88.0,-22.0,-2.0,
1648738594872900247,-0.0541381835938,0.102844238281,0.990905761719,-0.0670776367188,-1176.0,184.0,6816.0,90.0,-21.0,-1.0,
1648738594877198934,-0.0534057617188,0.108459472656,0.990417480469,-0.066650390625,-1172.0,470.0,6714.0,92.0,-21.0,0.0,
1648738594881948232,-0.0525512695312,0.1142578125,0.989807128906,-0.066162109375,-1149.0,855.0,6643.0,92.0,-23.0,-1.0,
1648738594886255502,-0.0516357421875,0.120056152344,0.989196777344,-0.065673828125,-1127.0,1309.0,6639.0,88.0,-24.0,-1.0,
1648738594890454292,-0.0506591796875,0.125549316406,0.988586425781,-0.0652465820312,-1098.0,1801.0,6678.0,82.0,-25.0,-1.0,
1648738594923488855,-0.049560546875,0.130859375,0.988037109375,-0.0647583007812,-1039.0,2275.0,6751.0,75.0,-25.0,-1.0,
1648738594924553394,-0.04833984375,0.1357421875,0.987426757812,-0.0643920898438,-948.0,2679.0,6801.0,68.0,-26.0,0.0,
1648738594925037145,-0.047119140625,0.14013671875,0.986877441406,-0.0640869140625,-822.0,3017.0,6874.0,61.0,-25.0,0.0,
1648738594925694704,-0.0458374023438,0.143920898438,0.986450195312,-0.063720703125,-704.0,3271.0,6970.0,51.0,-24.0,-1.0,
1648738594926196336,-0.0445556640625,0.147094726562,0.986083984375,-0.0632934570312,-596.0,3447.0,7055.0,42.0,-23.0,-3.0,
1648738594926736831,-0.043212890625,0.149780273438,0.985717773438,-0.0628662109375,-489.0,3587.0,7118.0,34.0,-24.0,-3.0,
1648738594927662611,-0.0418090820312,0.152038574219,0.985473632812,-0.0624389648438,-383.0,3678.0,7198.0,29.0,-24.0,-3.0,
1648738594931901693,-0.0403442382812,0.154052734375,0.985229492188,-0.06201171875,-262.0,3729.0,7329.0,24.0,-25.0,-3.0,
1648738594936515331,-0.0386962890625,0.155822753906,0.985046386719,-0.0617065429688,-153.0,3740.0,7471.0,22.0,-26.0,-1.0,
1648738594991046905,-0.0370483398438,0.157409667969,0.98486328125,-0.0614624023438,-56.0,3697.0,7620.0,20.0,-26.0,0.0,
1648738594992129325,-0.0352783203125,0.158874511719,0.984741210938,-0.061279296875,29.0,3635.0,7760.0,20.0,-27.0,0.0,
1648738594993187904,-0.033447265625,0.160400390625,0.984558105469,-0.06103515625,119.0,3536.0,7906.0,21.0,-29.0,1.0,
1648738594993754863,-0.0314331054688,0.161987304688,0.984375,-0.0608520507812,197.0,3390.0,8056.0,24.0,-30.0,1.0,
1648738594994520902,-0.0293579101562,0.163696289062,0.984191894531,-0.0606079101562,255.0,3231.0,8230.0,27.0,-33.0,1.0,
1648738594995129108,-0.0271606445312,0.16552734375,0.983947753906,-0.0602416992188,280.0,3086.0,8388.0,30.0,-35.0,0.0,
1648738594996548652,-0.0248413085938,0.16748046875,0.983703613281,-0.0597534179688,261.0,2965.0,8528.0,33.0,-39.0,-1.0,
1648738594997877836,-0.0223388671875,0.169616699219,0.983459472656,-0.0592041015625,214.0,2865.0,8665.0,36.0,-42.0,-2.0,
1648738594998568534,-0.0197143554688,0.171875,0.983154296875,-0.05859375,160.0,2785.0,8780.0,38.0,-46.0,-2.0,
1648738594999257802,-0.0169067382812,0.174255371094,0.982788085938,-0.057861328125,118.0,2728.0,8830.0,40.0,-50.0,-3.0,
1648738594999882221,-0.013916015625,0.176818847656,0.982421875,-0.05712890625,86.0,2686.0,8869.0,42.0,-53.0,-3.0,
1648738595000248908,-0.0108032226562,0.179443359375,0.982055664062,-0.0562744140625,58.0,2646.0,8893.0,43.0,-55.0,-4.0,
1648738595007751464,-0.00457763671875,0.184265136719,0.981323242188,-0.0543823242188,-95.0,2649.0,8799.0,38.0,-57.0,-6.0,
1648738595012240409,-0.00140380859375,0.186279296875,0.981018066406,-0.0533447265625,-182.0,2737.0,8685.0,33.0,-58.0,-6.0,
1648738595044279098,0.00177001953125,0.188110351562,0.980712890625,-0.0523681640625,-213.0,2849.0,8548.0,27.0,-59.0,-5.0,
1648738595045025825,0.005126953125,0.189636230469,0.98046875,-0.0513916015625,-190.0,2952.0,8468.0,21.0,-61.0,-5.0,
1648738595045491695,0.00860595703125,0.190734863281,0.980285644531,-0.0503540039062,-119.0,3018.0,8425.0,13.0,-62.0,-5.0,
1648738595073715686,0.0121459960938,0.191284179688,0.980163574219,-0.04931640625,-25.0,3031.0,8412.0,6.0,-61.0,-6.0,
1648738595074252367,0.0156860351562,0.191345214844,0.980163574219,-0.0481567382812,68.0,2958.0,8461.0,-2.0,-61.0,-7.0,
1648738595075208902,0.0192260742188,0.190856933594,0.980285644531,-0.0469970703125,152.0,2812.0,8550.0,-8.0,-60.0,-9.0,
1648738595076256752,0.0227661132812,0.18994140625,0.980407714844,-0.045654296875,205.0,2610.0,8644.0,-13.0,-60.0,-11.0,
1648738595076966762,0.0261840820312,0.188598632812,0.980712890625,-0.0441284179688,211.0,2367.0,8742.0,-18.0,-60.0,-14.0,
1648738595077703714,0.0296020507812,0.186828613281,0.981018066406,-0.0423583984375,172.0,2122.0,8849.0,-24.0,-61.0,-18.0,
1648738595079467773,0.0330200195312,0.184631347656,0.981384277344,-0.0404052734375,121.0,1909.0,8894.0,-29.0,-63.0,-20.0,
1648738595080022096,0.0365600585938,0.182189941406,0.981811523438,-0.038330078125,80.0,1737.0,8907.0,-34.0,-65.0,-22.0,
1648738595081311225,0.0401611328125,0.1796875,0.982177734375,-0.0361938476562,78.0,1556.0,8906.0,-36.0,-67.0,-22.0,
1648738595081778526,0.0438842773438,0.17724609375,0.982543945312,-0.0340576171875,132.0,1316.0,8890.0,-35.0,-68.0,-23.0,
1648738595083284139,0.0476684570312,0.174865722656,0.98291015625,-0.03173828125,229.0,1036.0,8812.0,-31.0,-68.0,-25.0,
1648738595087327957,0.0513305664062,0.172912597656,0.983093261719,-0.0293579101562,341.0,776.0,8725.0,-23.0,-67.0,-29.0,
1648738595139453887,0.0549926757812,0.171508789062,0.983215332031,-0.0267944335938,488.0,555.0,8546.0,-15.0,-66.0,-32.0,
1648738595142378091,0.05859375,0.170715332031,0.983215332031,-0.0241088867188,626.0,392.0,8325.0,-5.0,-64.0,-35.0,
1648738595144482851,0.0620727539062,0.170654296875,0.983093261719,-0.0213012695312,740.0,315.0,8071.0,6.0,-63.0,-38.0,
1648738595152035236,0.0654296875,0.171264648438,0.982849121094,-0.0184326171875,843.0,337.0,7820.0,16.0,-61.0,-40.0,
1648738595153468608,0.068603515625,0.172546386719,0.982421875,-0.0155029296875,932.0,447.0,7572.0,24.0,-59.0,-41.0,
1648738595162845849,0.0716552734375,0.17431640625,0.981994628906,-0.0126953125,1000.0,688.0,7363.0,30.0,-57.0,-41.0,
1648738595292743921,0.0745239257812,0.176452636719,0.981384277344,-0.010009765625,1051.0,1051.0,7083.0,33.0,-54.0,-39.0,
1648738595302775144,0.0772094726562,0.178894042969,0.980773925781,-0.00750732421875,1097.0,1471.0,6833.0,33.0,-51.0,-36.0,
1648738595311451673,0.0797119140625,0.181274414062,0.980163574219,-0.00518798828125,1155.0,1893.0,6656.0,30.0,-47.0,-33.0,
1648738595314055442,0.08203125,0.183410644531,0.979553222656,-0.0029296875,1221.0,2285.0,6555.0,25.0,-43.0,-32.0,
1648738595370760202,0.0841064453125,0.185119628906,0.979064941406,-0.00067138671875,1275.0,2635.0,6559.0,19.0,-40.0,-32.0,
1648738595372445106,0.0859985351562,0.186462402344,0.978637695312,0.00146484375,1313.0,2925.0,6626.0,12.0,-36.0,-31.0,
1648738595376677513,0.087646484375,0.187377929688,0.978332519531,0.00360107421875,1341.0,3149.0,6733.0,6.0,-33.0,-30.0,
1648738595377810716,0.089111328125,0.187927246094,0.978088378906,0.00555419921875,1360.0,3296.0,6867.0,2.0,-30.0,-28.0,
1648738595388494014,0.0904541015625,0.188232421875,0.977905273438,0.0074462890625,1365.0,3381.0,7022.0,-2.0,-27.0,-27.0,
1648738595436860322,0.0916137695312,0.188232421875,0.977722167969,0.00927734375,1369.0,3406.0,7191.0,-4.0,-26.0,-25.0,
1648738595439503431,0.0927734375,0.188171386719,0.977661132812,0.010986328125,1380.0,3402.0,7365.0,-5.0,-25.0,-24.0,
1648738595440655469,0.0938720703125,0.188049316406,0.9775390625,0.0126953125,1393.0,3348.0,7524.0,-5.0,-24.0,-23.0,
1648738595443372011,0.0950317382812,0.187927246094,0.977416992188,0.0142211914062,1408.0,3263.0,7650.0,-3.0,-24.0,-22.0,
1648738595447567701,0.0961303710938,0.187927246094,0.977294921875,0.0157470703125,1433.0,3180.0,7649.0,0.0,-24.0,-21.0,
1648738595452582597,0.0972900390625,0.188171386719,0.977111816406,0.0171508789062,1477.0,3136.0,7630.0,3.0,-24.0,-20.0,
1648738595455350637,0.0985717773438,0.188598632812,0.976867675781,0.0184936523438,1563.0,3116.0,7668.0,6.0,-25.0,-19.0,
1648738595464524269,0.100036621094,0.189147949219,0.976623535156,0.0198364257812,1699.0,3061.0,7782.0,8.0,-26.0,-19.0,
1648738595513293981,0.1015625,0.189636230469,0.976318359375,0.0211181640625,1849.0,2939.0,7928.0,9.0,-27.0,-19.0,
1648738595516918897,0.103088378906,0.190063476562,0.976013183594,0.0224609375,1939.0,2798.0,8043.0,10.0,-26.0,-20.0,
1648738595522959470,0.104431152344,0.190612792969,0.975769042969,0.0238647460938,1942.0,2685.0,8141.0,12.0,-25.0,-22.0,
1648738595527451276,0.105712890625,0.19140625,0.975463867188,0.0252685546875,1908.0,2626.0,8211.0,16.0,-25.0,-21.0,
1648738595530795097,0.106994628906,0.1923828125,0.975036621094,0.0265502929688,1863.0,2640.0,8233.0,20.0,-26.0,-20.0,
1648738595533955097,0.108337402344,0.193603515625,0.974670410156,0.0277709960938,1830.0,2708.0,8215.0,21.0,-26.0,-18.0,
1648738595535086154,0.109680175781,0.194946289062,0.974182128906,0.02880859375,1797.0,2815.0,8184.0,23.0,-26.0,-16.0,
1648738595536729335,0.124633789062,0.204406738281,0.970153808594,0.0381469726562,2151.0,3148.0,8120.0,3.0,-21.0,-9.0,
1648738595539031267,0.126831054688,0.204528808594,0.969787597656,0.0394287109375,2253.0,3051.0,8130.0,4.0,-19.0,-8.0,
