1647612817513361692,0.0699462890625,-0.93310546875,-0.186096191406,-0.2998046875,-4306.0,4045.0,-6522.0,60.0,111.0,1.0,
1647612817518082618,0.0693359375,-0.935668945312,-0.183044433594,-0.293762207031,-3805.0,3888.0,-6182.0,51.0,93.0,10.0,
1647612817522501230,0.0682373046875,-0.937255859375,-0.181945800781,-0.289672851562,-3484.0,3712.0,-6659.0,26.0,62.0,19.0,
1647612817526960849,0.0662231445312,-0.938537597656,-0.181579589844,-0.2861328125,-3415.0,3439.0,-6750.0,11.0,39.0,36.0,
1647612817535160064,0.0638427734375,-0.939208984375,-0.182067871094,-0.2841796875,-3634.0,3073.0,-6657.0,1.0,18.0,45.0,
1647612817539870023,0.0615234375,-0.939331054688,-0.183532714844,-0.283203125,-3928.0,2868.0,-6616.0,-17.0,8.0,48.0,
1647612817543311595,0.0590209960938,-0.939392089844,-0.185913085938,-0.282165527344,-4046.0,2892.0,-6637.0,-28.0,9.0,55.0,
1647612817547793388,0.0559692382812,-0.939392089844,-0.188842773438,-0.28076171875,-4039.0,2983.0,-6624.0,-32.0,9.0,64.0,
1647612817553562879,0.052490234375,-0.939392089844,-0.192016601562,-0.279296875,-4070.0,2970.0,-6526.0,-33.0,7.0,70.0,
1647612817558146715,0.0489501953125,-0.939331054688,-0.195251464844,-0.277954101562,-4169.0,2899.0,-6419.0,-35.0,5.0,73.0,
1647612817569286346,0.0421142578125,-0.93896484375,-0.201416015625,-0.275756835938,-4485.0,2837.0,-6205.0,-33.0,5.0,69.0,
1647612817574269771,0.0389404296875,-0.93896484375,-0.204162597656,-0.274291992188,-4520.0,2956.0,-6127.0,-29.0,14.0,67.0,
1647612817578577995,0.0358276367188,-0.939147949219,-0.206604003906,-0.272216796875,-4496.0,3068.0,-6094.0,-22.0,22.0,65.0,
1647612817583289146,0.0327758789062,-0.939575195312,-0.208557128906,-0.269714355469,-4449.0,3115.0,-6107.0,-15.0,30.0,63.0,
1647612817587944984,0.0298461914062,-0.940124511719,-0.2099609375,-0.266906738281,-4368.0,3152.0,-6158.0,-8.0,34.0,60.0,
1647612817592501163,0.0270385742188,-0.940795898438,-0.210876464844,-0.26416015625,-4238.0,3222.0,-6261.0,0.0,34.0,55.0,
1647612817597110033,0.0242309570312,-0.941467285156,-0.211364746094,-0.261596679688,-4072.0,3363.0,-6357.0,6.0,29.0,52.0,
1647612817605220556,0.0211791992188,-0.942077636719,-0.211608886719,-0.259521484375,-3940.0,3519.0,-6421.0,12.0,19.0,51.0,
1647612817608827114,0.0179443359375,-0.942504882812,-0.211791992188,-0.258117675781,-3971.0,3648.0,-6483.0,15.0,8.0,52.0,
1647612817613687753,0.0145874023438,-0.942687988281,-0.2119140625,-0.257507324219,-4114.0,3668.0,-6527.0,15.0,-3.0,52.0,
1647612817620717287,0.0111694335938,-0.942810058594,-0.2119140625,-0.25732421875,-4263.0,3656.0,-6553.0,15.0,-7.0,52.0,
1647612817622638940,0.00787353515625,-0.94287109375,-0.2119140625,-0.257141113281,-4350.0,3576.0,-6534.0,14.0,-6.0,52.0,
1647612817627433776,0.0048828125,-0.942932128906,-0.211975097656,-0.256958007812,-4512.0,3409.0,-6449.0,11.0,-5.0,49.0,
1647612817635442972,0.0023193359375,-0.942932128906,-0.212158203125,-0.256774902344,-4774.0,3264.0,-6326.0,6.0,-2.0,44.0,
1647612817641839981,0.00018310546875,-0.942993164062,-0.212524414062,-0.256225585938,-4987.0,3158.0,-6175.0,2.0,9.0,41.0,
1647612817643923044,-0.0015869140625,-0.943298339844,-0.213073730469,-0.254638671875,-5125.0,3057.0,-6024.0,-1.0,27.0,39.0,
1647612817649070262,-0.003173828125,-0.943908691406,-0.213684082031,-0.251953125,-5199.0,2943.0,-5853.0,-2.0,47.0,40.0,
1647612817653305768,-0.0045166015625,-0.944763183594,-0.21435546875,-0.248107910156,-5160.0,2819.0,-5695.0,-2.0,65.0,41.0,
1647612817658160209,-0.005859375,-0.945922851562,-0.215026855469,-0.243103027344,-4982.0,2685.0,-5566.0,-3.0,83.0,44.0,
1647612817665273666,-0.00714111328125,-0.947204589844,-0.2158203125,-0.237243652344,-4783.0,2545.0,-5451.0,-4.0,95.0,47.0,
1647612817679268598,-0.00860595703125,-0.948486328125,-0.216857910156,-0.231018066406,-4546.0,2395.0,-5373.0,-7.0,99.0,51.0,
1647612817692669868,-0.0101318359375,-0.949768066406,-0.218017578125,-0.224609375,-4166.0,2262.0,-5334.0,-11.0,101.0,53.0,
1647612817693820714,-0.01171875,-0.950927734375,-0.219360351562,-0.218017578125,-3716.0,2175.0,-5276.0,-14.0,99.0,53.0,
1647612817694110870,-0.013427734375,-0.951965332031,-0.220947265625,-0.211853027344,-3244.0,2102.0,-5252.0,-17.0,90.0,53.0,
1647612817694388628,-0.0152587890625,-0.952758789062,-0.222717285156,-0.206237792969,-2846.0,2131.0,-5290.0,-20.0,78.0,54.0,
1647612817694535017,-0.0173950195312,-0.953308105469,-0.224609375,-0.201293945312,-2672.0,2211.0,-5364.0,-22.0,65.0,54.0,
1647612817698225975,-0.0194702148438,-0.953674316406,-0.226501464844,-0.197143554688,-2578.0,2264.0,-5495.0,-22.0,56.0,53.0,
1647612817703072309,-0.0215454101562,-0.954040527344,-0.228271484375,-0.193237304688,-2576.0,2343.0,-5649.0,-21.0,52.0,52.0,
1647612817707525730,-0.0234985351562,-0.954284667969,-0.229858398438,-0.189697265625,-2422.0,2392.0,-5770.0,-19.0,48.0,49.0,
1647612817712694644,-0.025390625,-0.95458984375,-0.231384277344,-0.186096191406,-2306.0,2516.0,-5917.0,-18.0,46.0,47.0,
1647612817717274665,-0.0272216796875,-0.954833984375,-0.232727050781,-0.182800292969,-2192.0,2635.0,-6049.0,-15.0,42.0,43.0,
1647612817725504875,-0.02880859375,-0.955139160156,-0.233825683594,-0.179870605469,-2109.0,2782.0,-6173.0,-12.0,37.0,37.0,
1647612817730233192,-0.0302734375,-0.955322265625,-0.234619140625,-0.17724609375,-2131.0,2962.0,-6270.0,-8.0,32.0,33.0,
1647612817734108924,-0.0316162109375,-0.955627441406,-0.235168457031,-0.174926757812,-2154.0,3074.0,-6322.0,-2.0,30.0,30.0,
1647612817738629817,-0.0327758789062,-0.955932617188,-0.235290527344,-0.172668457031,-2259.0,3166.0,-6352.0,3.0,30.0,26.0,
1647612817743419885,-0.0338745117188,-0.956359863281,-0.235290527344,-0.170288085938,-2346.0,3248.0,-6341.0,6.0,35.0,26.0,
1647612817747896432,-0.0347290039062,-0.956787109375,-0.235168457031,-0.167785644531,-2337.0,3270.0,-6299.0,8.0,39.0,23.0,
1647612817754657983,-0.035400390625,-0.957275390625,-0.234924316406,-0.1650390625,-2424.0,3228.0,-6232.0,8.0,41.0,20.0,
1647612817762938261,-0.0360717773438,-0.957763671875,-0.234802246094,-0.162231445312,-2414.0,3170.0,-6156.0,6.0,45.0,21.0,
1647612817767441987,-0.0365600585938,-0.958251953125,-0.234802246094,-0.159240722656,-2411.0,3174.0,-6068.0,3.0,47.0,19.0,
1647612817774024963,-0.0369873046875,-0.958984375,-0.235595703125,-0.153503417969,-2353.0,3122.0,-5981.0,-5.0,46.0,14.0,
1647612817778561830,-0.0369262695312,-0.959228515625,-0.236328125,-0.150756835938,-2291.0,3104.0,-5964.0,-10.0,44.0,11.0,
1647612817783233642,-0.0369262695312,-0.959411621094,-0.2373046875,-0.148254394531,-2282.0,3106.0,-5976.0,-15.0,40.0,11.0,
1647612817787910461,-0.0369262695312,-0.959411621094,-0.238586425781,-0.14599609375,-2217.0,3099.0,-6011.0,-20.0,37.0,12.0,
1647612817792567253,-0.0369262695312,-0.959350585938,-0.240112304688,-0.143920898438,-2197.0,3120.0,-6070.0,-25.0,32.0,12.0,
1647612817797421216,-0.0370483398438,-0.959167480469,-0.242004394531,-0.142150878906,-2228.0,3189.0,-6160.0,-30.0,28.0,13.0,
1647612817802114963,-0.0372314453125,-0.958862304688,-0.244079589844,-0.140502929688,-2224.0,3271.0,-6279.0,-34.0,26.0,15.0,
1647612817810392856,-0.03759765625,-0.958435058594,-0.246337890625,-0.139038085938,-2280.0,3427.0,-6417.0,-37.0,22.0,16.0,
1647612817814715862,-0.0379638671875,-0.9580078125,-0.248718261719,-0.137878417969,-2411.0,3635.0,-6536.0,-38.0,18.0,17.0,
1647612817818797349,-0.0383911132812,-0.95751953125,-0.251098632812,-0.136901855469,-2541.0,3826.0,-6647.0,-36.0,17.0,17.0,
1647612817823509216,-0.0387573242188,-0.957092285156,-0.253234863281,-0.135925292969,-2681.0,4003.0,-6716.0,-33.0,18.0,16.0,
1647612817828249692,-0.0390625,-0.956726074219,-0.255126953125,-0.134887695312,-2834.0,4150.0,-6729.0,-28.0,20.0,15.0,
1647612817833232164,-0.0391845703125,-0.956420898438,-0.256774902344,-0.133605957031,-2963.0,4255.0,-6708.0,-24.0,25.0,14.0,
1647612817838171720,-0.039306640625,-0.956237792969,-0.25830078125,-0.132080078125,-2947.0,4765.0,-6915.0,-21.0,29.0,14.0,
1647612817844697713,-0.0393676757812,-0.955932617188,-0.259948730469,-0.130920410156,-3376.0,5153.0,-7067.0,-18.0,19.0,8.0,
1647612817850963354,-0.0391235351562,-0.955810546875,-0.261047363281,-0.129943847656,-3356.0,5161.0,-7190.0,-10.0,28.0,7.0,
1647612817855742692,-0.0386352539062,-0.955993652344,-0.261108398438,-0.12841796875,-3011.0,5120.0,-7247.0,1.0,30.0,1.0,
1647612817860261917,-0.038330078125,-0.956298828125,-0.260681152344,-0.127014160156,-2851.0,4949.0,-7193.0,9.0,20.0,-2.0,
1647612817865125417,-0.0379638671875,-0.956604003906,-0.259826660156,-0.126586914062,-2894.0,4732.0,-7085.0,12.0,9.0,-6.0,
1647612817871887207,-0.0372314453125,-0.956909179688,-0.258911132812,-0.12646484375,-2881.0,4523.0,-6936.0,13.0,9.0,-10.0,
1647612817876451253,-0.036376953125,-0.957275390625,-0.257934570312,-0.125915527344,-2719.0,4340.0,-6824.0,14.0,16.0,-11.0,
1647612817881282329,-0.0354614257812,-0.957702636719,-0.256896972656,-0.124877929688,-2406.0,4172.0,-6805.0,14.0,20.0,-12.0,
1647612817885853528,-0.0345458984375,-0.958129882812,-0.255920410156,-0.123840332031,-2079.0,4000.0,-6796.0,13.0,17.0,-14.0,
1647612817890440464,-0.03369140625,-0.958557128906,-0.255004882812,-0.123046875,-1776.0,3911.0,-6793.0,12.0,10.0,-15.0,
1647612817893900394,-0.032958984375,-0.958801269531,-0.254211425781,-0.122802734375,-1553.0,3865.0,-6847.0,10.0,1.0,-16.0,
1647612817898519992,-0.0323486328125,-0.958984375,-0.253540039062,-0.123046875,-1469.0,3822.0,-6920.0,7.0,-7.0,-15.0,
1647612817903261423,-0.0320434570312,-0.959045410156,-0.253051757812,-0.123474121094,-1414.0,3803.0,-6988.0,4.0,-9.0,-10.0,
1647612817907802343,-0.0318603515625,-0.959045410156,-0.252807617188,-0.123840332031,-1392.0,3839.0,-7071.0,1.0,-8.0,-6.0,
1647612817912511587,-0.0317993164062,-0.959045410156,-0.252868652344,-0.124145507812,-1439.0,3888.0,-7121.0,-3.0,-7.0,-4.0,
1647612817921178102,-0.03173828125,-0.958923339844,-0.253173828125,-0.124267578125,-1404.0,3933.0,-7163.0,-6.0,-3.0,-1.0,
1647612817925276756,-0.03173828125,-0.958801269531,-0.253662109375,-0.124206542969,-1455.0,4023.0,-7200.0,-9.0,-2.0,0.0,
1647612817930000543,-0.0317993164062,-0.958618164062,-0.254333496094,-0.124206542969,-1575.0,4088.0,-7220.0,-11.0,-1.0,1.0,
1647612817933397531,-0.0318603515625,-0.958435058594,-0.255004882812,-0.124084472656,-1688.0,4158.0,-7217.0,-11.0,1.0,3.0,
1647612817938211917,-0.0318603515625,-0.958312988281,-0.255676269531,-0.123901367188,-1763.0,4188.0,-7185.0,-10.0,4.0,2.0,
1647612817942735195,-0.0318603515625,-0.958190917969,-0.256225585938,-0.123657226562,-1847.0,4183.0,-7129.0,-9.0,5.0,2.0,
1647612817947776079,-0.0317993164062,-0.958129882812,-0.256652832031,-0.123413085938,-1935.0,4152.0,-7088.0,-8.0,5.0,2.0,
1647612817955544233,-0.0317993164062,-0.9580078125,-0.257019042969,-0.123352050781,-2056.0,4136.0,-7041.0,-7.0,3.0,1.0,
1647612817960911273,-0.03173828125,-0.957946777344,-0.25732421875,-0.123291015625,-2112.0,4155.0,-7038.0,-6.0,3.0,2.0,
1647612817965509414,-0.0318603515625,-0.957885742188,-0.257629394531,-0.123291015625,-2134.0,4159.0,-7054.0,-5.0,2.0,2.0,
1647612817971723318,-0.0319213867188,-0.957824707031,-0.257751464844,-0.123413085938,-2206.0,4186.0,-7066.0,-3.0,-2.0,2.0,
1647612817976806402,-0.0320434570312,-0.957763671875,-0.2578125,-0.123657226562,-2250.0,4209.0,-7091.0,-1.0,-3.0,1.0,
1647612817981266736,-0.0321044921875,-0.957763671875,-0.257690429688,-0.123962402344,-2341.0,4252.0,-7099.0,1.0,-4.0,1.0,
1647612817985833406,-0.0321044921875,-0.957763671875,-0.257507324219,-0.124389648438,-2456.0,4256.0,-7100.0,3.0,-4.0,-1.0,
1647612817992636680,-0.0319213867188,-0.957763671875,-0.257202148438,-0.124694824219,-2562.0,4250.0,-7101.0,4.0,-1.0,-3.0,
1647612817995345830,-0.0315551757812,-0.957885742188,-0.256774902344,-0.124877929688,-2603.0,4244.0,-7073.0,5.0,3.0,-5.0,
1647612817998822689,-0.0310668945312,-0.9580078125,-0.25634765625,-0.124755859375,-2611.0,4216.0,-7017.0,6.0,7.0,-7.0,
1647612818003398418,-0.0303955078125,-0.958190917969,-0.255981445312,-0.124450683594,-2595.0,4187.0,-6951.0,5.0,10.0,-9.0,
1647612818007979154,-0.0297241210938,-0.958374023438,-0.255676269531,-0.123962402344,-2547.0,4142.0,-6847.0,5.0,13.0,-9.0,
1647612818012557744,-0.0289306640625,-0.958557128906,-0.255432128906,-0.123352050781,-2467.0,4064.0,-6736.0,3.0,14.0,-9.0,
1647612818020595788,-0.0281372070312,-0.958679199219,-0.255249023438,-0.122680664062,-2406.0,3981.0,-6635.0,1.0,15.0,-9.0,
1647612818025111913,-0.02734375,-0.958801269531,-0.255187988281,-0.121948242188,-2323.0,3928.0,-6540.0,-1.0,16.0,-9.0,
1647612818028757572,-0.026611328125,-0.958923339844,-0.255249023438,-0.121154785156,-2251.0,3931.0,-6458.0,-1.0,16.0,-9.0,
1647612818033330440,-0.02587890625,-0.958984375,-0.25537109375,-0.120422363281,-2227.0,3952.0,-6348.0,-2.0,15.0,-8.0,
1647612818038167238,-0.025146484375,-0.959045410156,-0.255615234375,-0.119750976562,-2200.0,3908.0,-6175.0,-2.0,16.0,-8.0,
1647612818042675495,-0.0244750976562,-0.959106445312,-0.255798339844,-0.118896484375,-2126.0,3781.0,-5961.0,-2.0,19.0,-7.0,
1647612818051129579,-0.023681640625,-0.959228515625,-0.255920410156,-0.117858886719,-2015.0,3653.0,-5865.0,-2.0,21.0,-7.0,
1647612818055290222,-0.02294921875,-0.959411621094,-0.255920410156,-0.116760253906,-1935.0,3590.0,-5763.0,-2.0,20.0,-7.0,
1647612818059997081,-0.0222778320312,-0.959533691406,-0.255920410156,-0.11572265625,-1871.0,3567.0,-5875.0,0.0,19.0,-7.0,
1647612818063793420,-0.0216674804688,-0.959716796875,-0.255615234375,-0.114929199219,-1771.0,3818.0,-6401.0,3.0,15.0,-7.0,
1647612818070152282,-0.0213012695312,-0.9599609375,-0.254821777344,-0.114624023438,-1767.0,4151.0,-6807.0,12.0,2.0,-8.0,
1647612818075674533,-0.0211181640625,-0.960205078125,-0.253784179688,-0.115173339844,-2027.0,4412.0,-7096.0,19.0,-10.0,-10.0,
1647612818081995964,-0.0208740234375,-0.960388183594,-0.252563476562,-0.116027832031,-2213.0,4479.0,-7296.0,21.0,-9.0,-8.0,
1647612818086790323,-0.0208129882812,-0.960693359375,-0.251220703125,-0.116516113281,-2316.0,4445.0,-7458.0,21.0,-4.0,-4.0,
1647612818091510534,-0.0206298828125,-0.960998535156,-0.250061035156,-0.116760253906,-2476.0,4382.0,-7597.0,17.0,-1.0,-5.0,
1647612818096007585,-0.020263671875,-0.961242675781,-0.249084472656,-0.116882324219,-2540.0,4351.0,-7733.0,13.0,4.0,-6.0,
1647612818100939512,-0.0197143554688,-0.961486816406,-0.248352050781,-0.116333007812,-2482.0,4435.0,-7726.0,9.0,12.0,-6.0,
1647612818105449914,-0.0192260742188,-0.961669921875,-0.248107910156,-0.115295410156,-2305.0,4368.0,-7691.0,6.0,19.0,-4.0,
1647612818110699176,-0.0188598632812,-0.9619140625,-0.247924804688,-0.114074707031,-2130.0,4204.0,-7653.0,2.0,20.0,-3.0,
1647612818113867521,-0.018310546875,-0.962036132812,-0.247863769531,-0.113098144531,-2114.0,4118.0,-7527.0,-3.0,15.0,-5.0,
1647612818118387699,-0.0177001953125,-0.962036132812,-0.248229980469,-0.112365722656,-2135.0,4012.0,-7291.0,-8.0,14.0,-7.0,
1647612818123025178,-0.0169067382812,-0.961975097656,-0.248901367188,-0.111511230469,-2072.0,3939.0,-7146.0,-12.0,20.0,-7.0,
1647612818130667924,-0.0160522460938,-0.961975097656,-0.249694824219,-0.109985351562,-1886.0,4005.0,-7050.0,-14.0,27.0,-5.0,
1647612818136300563,-0.0154418945312,-0.961975097656,-0.250610351562,-0.10791015625,-1645.0,4025.0,-6974.0,-14.0,33.0,-2.0,
1647612818140880107,-0.0150756835938,-0.961975097656,-0.251586914062,-0.10546875,-1317.0,4008.0,-6950.0,-14.0,35.0,3.0,
1647612818145578384,-0.0150756835938,-0.962036132812,-0.25244140625,-0.10302734375,-1049.0,4040.0,-7076.0,-14.0,32.0,8.0,
1647612818150336742,-0.0154418945312,-0.962036132812,-0.253295898438,-0.101013183594,-906.0,4120.0,-7191.0,-13.0,23.0,11.0,
1647612818155015468,-0.0160522460938,-0.961975097656,-0.254089355469,-0.0994873046875,-811.0,4221.0,-7300.0,-12.0,16.0,13.0,
1647612818158620357,-0.016845703125,-0.961853027344,-0.2548828125,-0.0982055664062,-787.0,4261.0,-7454.0,-11.0,11.0,15.0,
1647612818163494586,-0.0177001953125,-0.961791992188,-0.255432128906,-0.0972900390625,-765.0,4296.0,-7444.0,-9.0,7.0,16.0,
1647612818168159961,-0.0185546875,-0.961669921875,-0.256042480469,-0.0967407226562,-884.0,4246.0,-7396.0,-8.0,2.0,15.0,
1647612818175001382,-0.019287109375,-0.961547851562,-0.256469726562,-0.0966796875,-993.0,4198.0,-7301.0,-7.0,-2.0,12.0,
1647612818179811000,-0.0198364257812,-0.96142578125,-0.256896972656,-0.0966186523438,-1048.0,4160.0,-7189.0,-6.0,-1.0,10.0,
1647612818184427499,-0.0203247070312,-0.961364746094,-0.257263183594,-0.0964965820312,-1100.0,4166.0,-7101.0,-6.0,-1.0,7.0,
1647612818189105749,-0.0206909179688,-0.961242675781,-0.257629394531,-0.096435546875,-1178.0,4184.0,-7015.0,-5.0,-1.0,6.0,
1647612818193870306,-0.0211791992188,-0.961120605469,-0.257934570312,-0.0963745117188,-1256.0,4215.0,-6916.0,-4.0,0.0,8.0,
1647612818198886632,-0.0216064453125,-0.961059570312,-0.25830078125,-0.0961303710938,-1250.0,4255.0,-6844.0,-3.0,2.0,9.0,
1647612818203588724,-0.0221557617188,-0.960998535156,-0.258605957031,-0.095703125,-1233.0,4316.0,-6781.0,-3.0,4.0,9.0,
1647612818208495855,-0.0227661132812,-0.9609375,-0.258972167969,-0.0953369140625,-1284.0,4457.0,-6817.0,-3.0,1.0,10.0,
1647612818213128089,-0.0233154296875,-0.960876464844,-0.259216308594,-0.0953979492188,-1281.0,4591.0,-6858.0,-1.0,-3.0,8.0,
1647612818217632055,-0.02392578125,-0.960876464844,-0.259216308594,-0.0953979492188,-1245.0,4514.0,-6865.0,5.0,-3.0,8.0,
1647612818225867986,-0.0244750976562,-0.9609375,-0.2587890625,-0.0956420898438,-1338.0,4416.0,-6832.0,7.0,-8.0,6.0,
1647612818230387926,-0.0249633789062,-0.960998535156,-0.25830078125,-0.0962524414062,-1435.0,4319.0,-6772.0,7.0,-11.0,4.0,
1647612818235171794,-0.0253295898438,-0.960998535156,-0.257873535156,-0.0968017578125,-1428.0,4242.0,-6700.0,7.0,-8.0,4.0,
1647612818238628625,-0.0258178710938,-0.961059570312,-0.257507324219,-0.0971069335938,-1375.0,4145.0,-6630.0,6.0,-7.0,5.0,
1647612818243340492,-0.0263671875,-0.961120605469,-0.257202148438,-0.0975341796875,-1383.0,4070.0,-6596.0,5.0,-10.0,6.0,
1647612818247900962,-0.0270385742188,-0.961120605469,-0.256958007812,-0.0982055664062,-1418.0,4052.0,-6586.0,4.0,-13.0,7.0,
1647612818252680778,-0.0277099609375,-0.961059570312,-0.256652832031,-0.0989990234375,-1455.0,4079.0,-6591.0,5.0,-15.0,7.0,
1647612818260991811,-0.0283203125,-0.961059570312,-0.256286621094,-0.099853515625,-1507.0,4177.0,-6604.0,7.0,-16.0,6.0,
1647612818265974760,-0.0289306640625,-0.961059570312,-0.255859375,-0.100708007812,-1538.0,4315.0,-6650.0,8.0,-16.0,5.0,
1647612818270828008,-0.0296020507812,-0.961120605469,-0.25537109375,-0.101501464844,-1533.0,4463.0,-6683.0,12.0,-15.0,5.0,
1647612818277327775,-0.0303344726562,-0.961181640625,-0.254638671875,-0.102233886719,-1531.0,4562.0,-6683.0,16.0,-15.0,6.0,
1647612818282141685,-0.0311889648438,-0.961303710938,-0.253723144531,-0.102905273438,-1594.0,4628.0,-6647.0,19.0,-15.0,8.0,
1647612818286960601,-0.0321044921875,-0.961486816406,-0.252624511719,-0.103515625,-1682.0,4626.0,-6598.0,23.0,-12.0,9.0,
1647612818291583538,-0.0330200195312,-0.961791992188,-0.251281738281,-0.103759765625,-1705.0,4643.0,-6565.0,27.0,-6.0,12.0,
1647612818296141862,-0.0339965820312,-0.962219238281,-0.249755859375,-0.103515625,-1624.0,4667.0,-6515.0,30.0,1.0,13.0,
1647612818300711631,-0.0349731445312,-0.962646484375,-0.248168945312,-0.102966308594,-1480.0,4646.0,-6475.0,33.0,4.0,14.0,
1647612818305559158,-0.0360107421875,-0.963134765625,-0.246398925781,-0.102355957031,-1431.0,4627.0,-6459.0,34.0,3.0,13.0,
1647612818310021877,-0.0369873046875,-0.963562011719,-0.244567871094,-0.10205078125,-1463.0,4652.0,-6463.0,36.0,0.0,12.0,
1647612818313731670,-0.037841796875,-0.964050292969,-0.242553710938,-0.101989746094,-1641.0,4750.0,-6589.0,38.0,-2.0,9.0,
1647612818319100856,-0.0385131835938,-0.964599609375,-0.240234375,-0.101989746094,-1801.0,4741.0,-6542.0,44.0,0.0,7.0,
1647612818333073139,-0.0389404296875,-0.96533203125,-0.237609863281,-0.101257324219,-1742.0,4692.0,-6529.0,49.0,14.0,6.0,
1647612818333835601,-0.0392456054688,-0.966186523438,-0.234802246094,-0.0994873046875,-1611.0,4601.0,-6540.0,52.0,26.0,6.0,
1647612818334333896,-0.0394897460938,-0.967102050781,-0.231750488281,-0.097412109375,-1393.0,4525.0,-6563.0,55.0,29.0,5.0,
1647612818346983909,-0.0396728515625,-0.968078613281,-0.228698730469,-0.09521484375,-1167.0,4416.0,-6596.0,56.0,29.0,4.0,
1647612818347556114,-0.0398559570312,-0.968994140625,-0.2255859375,-0.0930786132812,-919.0,4270.0,-6612.0,55.0,28.0,3.0,
1647612818351229667,-0.0400390625,-0.969909667969,-0.222473144531,-0.0909423828125,-670.0,4127.0,-6642.0,54.0,27.0,2.0,
1647612818355772018,-0.0401611328125,-0.970764160156,-0.219543457031,-0.0889282226562,-431.0,3999.0,-6668.0,51.0,23.0,1.0,
1647612818360380172,-0.040283203125,-0.971557617188,-0.216674804688,-0.0872192382812,-199.0,3885.0,-6719.0,48.0,19.0,-1.0,
1647612818365009307,-0.0403442382812,-0.972229003906,-0.214050292969,-0.0858764648438,-5.0,3860.0,-6786.0,45.0,12.0,-3.0,
1647612818368494510,-0.0403442382812,-0.972839355469,-0.211730957031,-0.0849609375,112.0,3889.0,-6869.0,41.0,5.0,-5.0,
1647612818373519420,-0.040283203125,-0.973327636719,-0.209594726562,-0.08447265625,159.0,3979.0,-6940.0,37.0,0.0,-6.0,
1647612818379823207,-0.0402221679688,-0.973754882812,-0.207824707031,-0.0843505859375,139.0,4065.0,-7017.0,33.0,-5.0,-7.0,
1647612818384881734,-0.0400390625,-0.974060058594,-0.206176757812,-0.0844116210938,95.0,4217.0,-7097.0,30.0,-6.0,-8.0,
1647612818389516830,-0.039794921875,-0.974365234375,-0.204772949219,-0.0845336914062,24.0,4356.0,-7132.0,29.0,-5.0,-9.0,
1647612818394426822,-0.0394897460938,-0.974670410156,-0.203430175781,-0.0845947265625,-1.0,4507.0,-7144.0,27.0,-4.0,-10.0,
1647612818398807287,-0.0391235351562,-0.974975585938,-0.202209472656,-0.0844116210938,-30.0,4584.0,-7112.0,28.0,-1.0,-11.0,
1647612818403434753,-0.0386962890625,-0.975280761719,-0.200866699219,-0.0842895507812,-111.0,4670.0,-7055.0,28.0,-1.0,-12.0,
1647612818408726453,-0.0381469726562,-0.975524902344,-0.199523925781,-0.0842895507812,-121.0,4710.0,-6974.0,29.0,0.0,-13.0,
1647612818412922620,-0.0374145507812,-0.975891113281,-0.198120117188,-0.0841064453125,-176.0,4772.0,-6882.0,30.0,0.0,-16.0,
1647612818417620420,-0.03662109375,-0.976257324219,-0.196594238281,-0.0841064453125,-239.0,4805.0,-6761.0,32.0,0.0,-18.0,
1647612818425876617,-0.0357055664062,-0.976623535156,-0.194885253906,-0.0840454101562,-327.0,4842.0,-6655.0,35.0,1.0,-20.0,
1647612818430761575,-0.0347900390625,-0.976989746094,-0.193115234375,-0.0839233398438,-372.0,4840.0,-6579.0,36.0,3.0,-19.0,
1647612818435280799,-0.033935546875,-0.977416992188,-0.191284179688,-0.0836181640625,-355.0,4820.0,-6547.0,37.0,6.0,-17.0,
1647612818440430879,-0.033203125,-0.977844238281,-0.189514160156,-0.0830078125,-388.0,4819.0,-6564.0,36.0,8.0,-15.0,
1647612818443735837,-0.0325927734375,-0.978210449219,-0.187866210938,-0.08251953125,-470.0,4805.0,-6564.0,34.0,7.0,-13.0,
1647612818448763847,-0.0321044921875,-0.978576660156,-0.186340332031,-0.0821533203125,-428.0,4730.0,-6594.0,32.0,6.0,-11.0,
1647612818452937841,-0.0317993164062,-0.978881835938,-0.184936523438,-0.0816040039062,-424.0,4731.0,-6613.0,28.0,5.0,-8.0,
1647612818457713603,-0.0316772460938,-0.979064941406,-0.183959960938,-0.0813598632812,-501.0,4679.0,-6653.0,23.0,1.0,-6.0,
1647612818465974092,-0.0316162109375,-0.979248046875,-0.183227539062,-0.0814208984375,-590.0,4610.0,-6688.0,18.0,-1.0,-4.0,
1647612818470718383,-0.0315551757812,-0.979309082031,-0.182800292969,-0.0814819335938,-636.0,4537.0,-6748.0,12.0,-2.0,-3.0,
1647612818475440979,-0.031494140625,-0.979309082031,-0.1826171875,-0.0816040039062,-681.0,4426.0,-6783.0,8.0,-4.0,-4.0,
1647612818481917858,-0.0313720703125,-0.979309082031,-0.182556152344,-0.08203125,-686.0,4338.0,-6831.0,4.0,-8.0,-4.0,
1647612818486826896,-0.03125,-0.979248046875,-0.182678222656,-0.0828247070312,-733.0,4201.0,-6861.0,1.0,-14.0,-6.0,
1647612818491696119,-0.0310668945312,-0.979064941406,-0.182800292969,-0.0841064453125,-798.0,4041.0,-6843.0,-2.0,-21.0,-8.0,
1647612818496167659,-0.03076171875,-0.978942871094,-0.183044433594,-0.0857543945312,-805.0,3906.0,-6810.0,-4.0,-27.0,-11.0,
1647612818500878810,-0.0303344726562,-0.978637695312,-0.183471679688,-0.087890625,-925.0,3792.0,-6856.0,-7.0,-34.0,-13.0,
1647612818506097316,-0.02978515625,-0.978332519531,-0.183837890625,-0.090576171875,-1155.0,3735.0,-6898.0,-9.0,-42.0,-17.0,
1647612818511863946,-0.0289306640625,-0.97802734375,-0.184265136719,-0.0935668945312,-1420.0,3741.0,-6949.0,-9.0,-42.0,-21.0,
1647612818516243219,-0.0277709960938,-0.977722167969,-0.184631347656,-0.0963134765625,-1730.0,3774.0,-6965.0,-7.0,-36.0,-25.0,
1647612818520437479,-0.0263061523438,-0.977478027344,-0.184875488281,-0.0985107421875,-1963.0,3809.0,-6949.0,-4.0,-24.0,-28.0,
1647612818523599386,-0.0247802734375,-0.977355957031,-0.184936523438,-0.0999755859375,-2105.0,3838.0,-6972.0,0.0,-13.0,-27.0,
1647612818528138399,-0.0234375,-0.977355957031,-0.184692382812,-0.100952148438,-2187.0,3856.0,-7019.0,5.0,-8.0,-24.0,
1647612818532764196,-0.0223999023438,-0.977416992188,-0.184020996094,-0.101623535156,-2264.0,3854.0,-7055.0,12.0,-4.0,-19.0,
1647612818540731906,-0.0216674804688,-0.977600097656,-0.183044433594,-0.101989746094,-2314.0,3864.0,-7114.0,18.0,-1.0,-14.0,
1647612818545506954,-0.0211791992188,-0.977844238281,-0.181823730469,-0.102111816406,-2389.0,3857.0,-7178.0,23.0,3.0,-10.0,
1647612818550010442,-0.0208740234375,-0.978088378906,-0.180358886719,-0.10205078125,-2448.0,3803.0,-7266.0,26.0,6.0,-7.0,
1647612818553549289,-0.0206298828125,-0.978393554688,-0.178833007812,-0.101806640625,-2442.0,3757.0,-7405.0,26.0,9.0,-5.0,
1647612818558339118,-0.0203857421875,-0.978759765625,-0.177185058594,-0.101379394531,-2390.0,3711.0,-7544.0,28.0,9.0,-5.0,
1647612818563456535,-0.0201416015625,-0.979125976562,-0.175476074219,-0.10107421875,-2375.0,3680.0,-7724.0,29.0,7.0,-7.0,
1647612818571400642,-0.0195922851562,-0.9794921875,-0.173583984375,-0.100891113281,-2438.0,3572.0,-7885.0,31.0,6.0,-11.0,
1647612818576346158,-0.0186767578125,-0.979919433594,-0.171447753906,-0.100646972656,-2467.0,3334.0,-8031.0,33.0,9.0,-17.0,
1647612818581768751,-0.0173950195312,-0.980407714844,-0.1689453125,-0.0999755859375,-2332.0,3184.0,-8162.0,35.0,17.0,-21.0,
1647612818586852312,-0.0159912109375,-0.981018066406,-0.166320800781,-0.0988159179688,-2044.0,3060.0,-8244.0,38.0,21.0,-24.0,
1647612818591882467,-0.0144653320312,-0.981567382812,-0.163757324219,-0.0977172851562,-1828.0,2890.0,-8275.0,38.0,17.0,-27.0,
1647612818596697568,-0.0128784179688,-0.982055664062,-0.161193847656,-0.09716796875,-1697.0,2720.0,-8274.0,35.0,9.0,-30.0,
1647612818601281166,-0.0111694335938,-0.982482910156,-0.158874511719,-0.0972900390625,-1530.0,2522.0,-8194.0,32.0,0.0,-33.0,
1647612818605727672,-0.0091552734375,-0.982727050781,-0.156921386719,-0.09814453125,-1415.0,2378.0,-8158.0,24.0,-12.0,-38.0,
1647612818610556125,-0.00701904296875,-0.982788085938,-0.155334472656,-0.099853515625,-1322.0,2259.0,-7849.0,17.0,-26.0,-42.0,
1647612818615185260,-0.0047607421875,-0.982727050781,-0.154541015625,-0.102172851562,-1327.0,2235.0,-7726.0,6.0,-34.0,-44.0,
1647612818619863033,-0.00262451171875,-0.982421875,-0.154357910156,-0.105102539062,-1534.0,2366.0,-7658.0,-2.0,-44.0,-42.0,
1647612818623441696,-0.00067138671875,-0.982116699219,-0.154235839844,-0.108215332031,-1494.0,2505.0,-7537.0,-1.0,-43.0,-40.0,
1647612818628138065,0.001220703125,-0.981811523438,-0.154174804688,-0.111328125,-1851.0,2426.0,-7423.0,0.0,-47.0,-40.0,
1647612818636578559,0.0029296875,-0.9814453125,-0.153747558594,-0.114807128906,-2436.0,2545.0,-7304.0,2.0,-46.0,-35.0,
1647612818641325712,0.00457763671875,-0.981201171875,-0.153259277344,-0.11767578125,-2808.0,2718.0,-7185.0,8.0,-28.0,-31.0,
1647612818645980834,0.00592041015625,-0.981140136719,-0.152465820312,-0.118896484375,-3099.0,2732.0,-7030.0,15.0,-6.0,-24.0,
1647612818650711059,0.00701904296875,-0.981323242188,-0.151184082031,-0.118896484375,-3287.0,2622.0,-6874.0,21.0,14.0,-18.0,
1647612818655301570,0.008056640625,-0.981689453125,-0.149658203125,-0.117736816406,-3289.0,2512.0,-6743.0,24.0,32.0,-14.0,
1647612818660107851,0.009033203125,-0.982238769531,-0.14794921875,-0.115478515625,-3146.0,2432.0,-6664.0,26.0,46.0,-12.0,
1647612818664396286,0.010009765625,-0.982788085938,-0.146179199219,-0.112609863281,-2960.0,2334.0,-6606.0,27.0,52.0,-11.0,
1647612818668647527,0.0108642578125,-0.9833984375,-0.144409179688,-0.109619140625,-2744.0,2230.0,-6564.0,27.0,52.0,-10.0,
1647612818672995328,0.0118408203125,-0.983947753906,-0.142700195312,-0.106811523438,-2569.0,2120.0,-6548.0,26.0,49.0,-12.0,
1647612818677891016,0.0128784179688,-0.984436035156,-0.14111328125,-0.104431152344,-2425.0,2000.0,-6558.0,22.0,42.0,-14.0,
1647612818687430143,0.0142211914062,-0.984802246094,-0.139770507812,-0.1025390625,-2343.0,1950.0,-6568.0,17.0,35.0,-19.0,
1647612818692506790,0.0158081054688,-0.985046386719,-0.138793945312,-0.10107421875,-2207.0,1874.0,-6661.0,11.0,29.0,-24.0,
1647612818697278499,0.0177612304688,-0.985229492188,-0.13818359375,-0.100036621094,-2169.0,1860.0,-6751.0,4.0,21.0,-31.0,
1647612818701775550,0.0202026367188,-0.985229492188,-0.138000488281,-0.099609375,-2138.0,1857.0,-6878.0,-2.0,14.0,-39.0,
1647612818706223011,0.023193359375,-0.985168457031,-0.138061523438,-0.0994262695312,-2085.0,1887.0,-7031.0,-8.0,10.0,-47.0,
1647612818711125850,0.026611328125,-0.985046386719,-0.138366699219,-0.0995483398438,-2018.0,1909.0,-7181.0,-12.0,5.0,-56.0,
1647612818715789318,0.0305786132812,-0.984802246094,-0.138854980469,-0.100036621094,-1950.0,1929.0,-7287.0,-16.0,0.0,-64.0,
1647612818720518589,0.034912109375,-0.984497070312,-0.1396484375,-0.100769042969,-1870.0,1950.0,-7416.0,-22.0,-4.0,-71.0,
1647612818725382089,0.0394897460938,-0.984069824219,-0.140808105469,-0.101745605469,-1739.0,2047.0,-7508.0,-28.0,-8.0,-75.0,
1647612818729988574,0.0442504882812,-0.983520507812,-0.142395019531,-0.102783203125,-1540.0,2134.0,-7543.0,-34.0,-12.0,-79.0,
1647612818733359575,0.0491333007812,-0.982849121094,-0.144409179688,-0.104064941406,-1313.0,2197.0,-7566.0,-40.0,-16.0,-81.0,
1647612818738149166,0.053955078125,-0.982055664062,-0.146850585938,-0.105712890625,-1113.0,2322.0,-7568.0,-48.0,-26.0,-81.0,
1647612818742933511,0.0586547851562,-0.981079101562,-0.149780273438,-0.107971191406,-982.0,2312.0,-7454.0,-53.0,-36.0,-80.0,
1647612818751253366,0.0634765625,-0.979919433594,-0.152954101562,-0.111511230469,-921.0,2293.0,-7358.0,-59.0,-56.0,-83.0,
1647612818756055355,0.0681762695312,-0.978515625,-0.156616210938,-0.115844726562,-800.0,2360.0,-7246.0,-66.0,-69.0,-83.0,
1647612818760426759,0.0726318359375,-0.976928710938,-0.160705566406,-0.120727539062,-737.0,2446.0,-7127.0,-71.0,-81.0,-81.0,
1647612818764884233,0.0768432617188,-0.97509765625,-0.165283203125,-0.126403808594,-776.0,2526.0,-7005.0,-77.0,-94.0,-78.0,
1647612818768493413,0.080810546875,-0.973083496094,-0.170166015625,-0.132934570312,-927.0,2621.0,-6883.0,-81.0,-108.0,-76.0,
1647612818773254632,0.0846557617188,-0.970825195312,-0.175231933594,-0.140319824219,-1249.0,2757.0,-6742.0,-83.0,-120.0,-76.0,
1647612818777979850,0.08837890625,-0.968322753906,-0.180541992188,-0.1484375,-1760.0,2910.0,-6580.0,-84.0,-128.0,-75.0,
1647612818786623954,0.0921630859375,-0.965698242188,-0.185668945312,-0.15673828125,-2325.0,3052.0,-6442.0,-82.0,-127.0,-76.0,
1647612818792734384,0.09619140625,-0.963012695312,-0.190490722656,-0.164672851562,-2895.0,3218.0,-6265.0,-77.0,-117.0,-78.0,
1647612818797717809,0.100524902344,-0.96044921875,-0.194885253906,-0.171813964844,-3501.0,3404.0,-6140.0,-71.0,-101.0,-81.0,
1647612818802405357,0.105102539062,-0.958068847656,-0.19873046875,-0.177856445312,-4048.0,3581.0,-6050.0,-64.0,-78.0,-82.0,
1647612818806935310,0.10986328125,-0.9560546875,-0.201721191406,-0.182250976562,-4449.0,3723.0,-6024.0,-53.0,-51.0,-82.0,
1647612818811706066,0.114685058594,-0.95458984375,-0.203735351562,-0.184997558594,-4711.0,3846.0,-6055.0,-39.0,-23.0,-79.0,
1647612818816433191,0.119201660156,-0.953552246094,-0.204711914062,-0.186157226562,-4829.0,3929.0,-6132.0,-24.0,3.0,-73.0,
1647612818821042060,0.123352050781,-0.953125,-0.204650878906,-0.185729980469,-4770.0,3892.0,-6223.0,-8.0,26.0,-65.0,
1647612818825821161,0.127197265625,-0.953247070312,-0.203491210938,-0.184020996094,-4599.0,3763.0,-6309.0,6.0,46.0,-58.0,
1647612818830474853,0.130615234375,-0.953674316406,-0.201477050781,-0.181518554688,-4329.0,3609.0,-6419.0,17.0,57.0,-50.0,
1647612818834962606,0.133422851562,-0.954345703125,-0.199035644531,-0.178466796875,-4018.0,3454.0,-6563.0,25.0,62.0,-41.0,
1647612818838494300,0.135620117188,-0.955200195312,-0.196350097656,-0.175354003906,-3718.0,3316.0,-6722.0,31.0,61.0,-32.0,
1647612818843214511,0.137268066406,-0.956115722656,-0.193542480469,-0.172302246094,-3434.0,3170.0,-6916.0,34.0,57.0,-23.0,
1647612818847992897,0.138427734375,-0.95703125,-0.190734863281,-0.169311523438,-3079.0,3002.0,-7154.0,35.0,54.0,-16.0,
1647612818856293439,0.139221191406,-0.957946777344,-0.18798828125,-0.166442871094,-2708.0,2806.0,-7428.0,33.0,47.0,-12.0,
1647612818860898256,0.139831542969,-0.958740234375,-0.185424804688,-0.164001464844,-2389.0,2632.0,-7709.0,30.0,37.0,-9.0,
1647612818865608215,0.140258789062,-0.95947265625,-0.183227539062,-0.162048339844,-2112.0,2501.0,-7966.0,25.0,27.0,-7.0,
1647612818870884895,0.140380859375,-0.960083007812,-0.181457519531,-0.160400390625,-1836.0,2424.0,-8209.0,20.0,20.0,-3.0,
1647612818875005722,0.14013671875,-0.960632324219,-0.180053710938,-0.158874511719,-1567.0,2378.0,-8449.0,16.0,16.0,3.0,
1647612818878413677,0.139526367188,-0.961120605469,-0.179016113281,-0.157470703125,-1346.0,2328.0,-8684.0,12.0,10.0,8.0,
1647612818886775493,0.138671875,-0.961547851562,-0.17822265625,-0.156372070312,-1203.0,2321.0,-8889.0,9.0,3.0,13.0,
1647612818893270730,0.137573242188,-0.9619140625,-0.177734375,-0.155822753906,-1173.0,2361.0,-9005.0,6.0,-5.0,15.0,
1647612818901577949,0.135192871094,-0.962158203125,-0.177978515625,-0.15625,-1248.0,2447.0,-9035.0,-3.0,-19.0,16.0,
1647612818906259059,0.133972167969,-0.962036132812,-0.178588867188,-0.157043457031,-1299.0,2481.0,-9016.0,-7.0,-25.0,16.0,
1647612818910913705,0.132751464844,-0.961853027344,-0.179504394531,-0.158386230469,-1453.0,2573.0,-8983.0,-11.0,-35.0,15.0,
1647612818915540933,0.131408691406,-0.961486816406,-0.180725097656,-0.160278320312,-1658.0,2725.0,-8928.0,-13.0,-42.0,15.0,
1647612818920577764,0.130065917969,-0.961059570312,-0.182006835938,-0.162475585938,-1884.0,2892.0,-8844.0,-12.0,-45.0,15.0,
1647612818924961090,0.128784179688,-0.960632324219,-0.183227539062,-0.164794921875,-2117.0,3058.0,-8754.0,-9.0,-46.0,14.0,
1647612818928403854,0.127563476562,-0.960205078125,-0.184143066406,-0.167114257812,-2368.0,3229.0,-8652.0,-5.0,-44.0,12.0,
1647612818933703660,0.12646484375,-0.959838867188,-0.184814453125,-0.169311523438,-2635.0,3368.0,-8536.0,0.0,-40.0,10.0,
1647612818938122749,0.125427246094,-0.959533691406,-0.185119628906,-0.171447753906,-2898.0,3495.0,-8448.0,5.0,-36.0,8.0,
1647612818946631193,0.124572753906,-0.959289550781,-0.185119628906,-0.173400878906,-3145.0,3622.0,-8362.0,10.0,-32.0,6.0,
1647612818950906991,0.123901367188,-0.959106445312,-0.184753417969,-0.175170898438,-3365.0,3750.0,-8291.0,15.0,-27.0,2.0,
1647612818955648183,0.123413085938,-0.958984375,-0.184143066406,-0.1767578125,-3535.0,3854.0,-8233.0,19.0,-22.0,0.0,
1647612818971851825,0.123046875,-0.958984375,-0.183227539062,-0.178100585938,-3652.0,3911.0,-8179.0,23.0,-17.0,-2.0,
1647612818972726106,0.122680664062,-0.959045410156,-0.18212890625,-0.179138183594,-3739.0,3940.0,-8145.0,25.0,-13.0,-3.0,
1647612818973177671,0.122375488281,-0.959167480469,-0.180969238281,-0.179870605469,-3783.0,3963.0,-8111.0,25.0,-8.0,-2.0,
1647612818984876632,0.1220703125,-0.959350585938,-0.179870605469,-0.180358886719,-3769.0,3956.0,-8091.0,24.0,-5.0,-1.0,
1647612818985627412,0.121765136719,-0.95947265625,-0.178833007812,-0.1806640625,-3723.0,3897.0,-8053.0,22.0,-4.0,-1.0,
1647612818986117601,0.121520996094,-0.959594726562,-0.177978515625,-0.181030273438,-3638.0,3802.0,-7993.0,18.0,-5.0,-1.0,
1647612818994230985,0.121398925781,-0.959655761719,-0.177429199219,-0.181457519531,-3519.0,3729.0,-7926.0,12.0,-8.0,-3.0,
1647612819002228498,0.121337890625,-0.959289550781,-0.177734375,-0.182983398438,-3393.0,3579.0,-7719.0,-2.0,-16.0,-4.0,
1647612819006870985,0.121398925781,-0.958984375,-0.178466796875,-0.183959960938,-3246.0,3510.0,-7640.0,-9.0,-19.0,-5.0,
1647612819011530637,0.121643066406,-0.95849609375,-0.179626464844,-0.185180664062,-3055.0,3487.0,-7556.0,-16.0,-25.0,-7.0,
1647612819015950918,0.121887207031,-0.957885742188,-0.181213378906,-0.186645507812,-2893.0,3449.0,-7473.0,-23.0,-33.0,-8.0,
1647612819020506143,0.1220703125,-0.957092285156,-0.183227539062,-0.188537597656,-2794.0,3396.0,-7400.0,-28.0,-39.0,-7.0,
1647612819025178909,0.122131347656,-0.956237792969,-0.185424804688,-0.190673828125,-2742.0,3352.0,-7321.0,-32.0,-44.0,-6.0,
1647612819029939413,0.122192382812,-0.955261230469,-0.187927246094,-0.193115234375,-2730.0,3350.0,-7241.0,-36.0,-49.0,-5.0,
1647612819033334255,0.122192382812,-0.954162597656,-0.190734863281,-0.195678710938,-2789.0,3383.0,-7150.0,-39.0,-52.0,-4.0,
1647612819038255453,0.122192382812,-0.953063964844,-0.193542480469,-0.198425292969,-2862.0,3434.0,-7039.0,-39.0,-53.0,-4.0,
1647612819046670913,0.122314453125,-0.951843261719,-0.196411132812,-0.201354980469,-2952.0,3503.0,-6909.0,-39.0,-56.0,-8.0,
1647612819051126718,0.122619628906,-0.950500488281,-0.199157714844,-0.20458984375,-3122.0,3593.0,-6770.0,-38.0,-59.0,-11.0,
1647612819056386232,0.123046875,-0.94921875,-0.201904296875,-0.207885742188,-3339.0,3688.0,-6623.0,-36.0,-57.0,-13.0,
1647612819060772895,0.123779296875,-0.947875976562,-0.204345703125,-0.210998535156,-3557.0,3735.0,-6475.0,-33.0,-52.0,-18.0,
1647612819065518856,0.124755859375,-0.946655273438,-0.206481933594,-0.2138671875,-3847.0,3820.0,-6323.0,-30.0,-44.0,-21.0,
1647612819070021390,0.125793457031,-0.945617675781,-0.208251953125,-0.216003417969,-4152.0,3932.0,-6178.0,-24.0,-30.0,-20.0,
1647612819073581457,0.126953125,-0.944885253906,-0.209533691406,-0.217224121094,-4409.0,4023.0,-6047.0,-18.0,-12.0,-20.0,
1647612819078006267,0.128540039062,-0.944458007812,-0.210205078125,-0.217651367188,-4623.0,4062.0,-5919.0,-9.0,4.0,-25.0,
1647612819086369991,0.130554199219,-0.944274902344,-0.210144042969,-0.217224121094,-4773.0,4107.0,-5802.0,-1.0,21.0,-31.0,
1647612819091150522,0.132995605469,-0.9443359375,-0.209533691406,-0.216064453125,-4861.0,4171.0,-5674.0,5.0,36.0,-37.0,
1647612819097866773,0.1357421875,-0.944641113281,-0.20849609375,-0.214111328125,-4874.0,4199.0,-5567.0,10.0,50.0,-40.0,
1647612819102910518,0.138793945312,-0.945129394531,-0.206970214844,-0.211547851562,-4770.0,4157.0,-5454.0,16.0,62.0,-45.0,
1647612819107441425,0.142272949219,-0.945678710938,-0.205017089844,-0.208679199219,-4589.0,4083.0,-5331.0,20.0,67.0,-52.0,
1647612819112546920,0.146057128906,-0.9462890625,-0.20263671875,-0.205627441406,-4427.0,4009.0,-5221.0,24.0,71.0,-57.0,
1647612819116717100,0.149841308594,-0.946899414062,-0.200012207031,-0.202331542969,-4258.0,3927.0,-5124.0,27.0,75.0,-58.0,
1647612819121540546,0.153747558594,-0.947570800781,-0.197265625,-0.198974609375,-4097.0,3816.0,-5047.0,29.0,77.0,-59.0,
1647612819125942468,0.15771484375,-0.9482421875,-0.194458007812,-0.195495605469,-3990.0,3729.0,-5013.0,28.0,78.0,-60.0,
1647612819130693197,0.161743164062,-0.948852539062,-0.191772460938,-0.191955566406,-3945.0,3697.0,-5016.0,26.0,79.0,-60.0,
1647612819135275602,0.165893554688,-0.949340820312,-0.189208984375,-0.188415527344,-3983.0,3672.0,-5055.0,24.0,80.0,-62.0,
1647612819139806509,0.170166015625,-0.949829101562,-0.186645507812,-0.184753417969,-4144.0,3650.0,-5138.0,24.0,84.0,-63.0,
1647612819143212318,0.174621582031,-0.950317382812,-0.183837890625,-0.180847167969,-4308.0,3681.0,-5213.0,25.0,91.0,-65.0,
1647612819148601055,0.179443359375,-0.950805664062,-0.180786132812,-0.176513671875,-4365.0,3786.0,-5297.0,29.0,101.0,-70.0,
1647612819153013944,0.1845703125,-0.951293945312,-0.177551269531,-0.171691894531,-4307.0,3850.0,-5371.0,31.0,107.0,-75.0,
1647612819161473989,0.189697265625,-0.951843261719,-0.174072265625,-0.16650390625,-4230.0,3817.0,-5427.0,34.0,113.0,-76.0,
1647612819165895938,0.194641113281,-0.952575683594,-0.170104980469,-0.160766601562,-4137.0,3794.0,-5495.0,38.0,121.0,-71.0,
1647612819170970916,0.199462890625,-0.953308105469,-0.165832519531,-0.154846191406,-4003.0,3778.0,-5584.0,43.0,125.0,-69.0,
1647612819175368547,0.204162597656,-0.954040527344,-0.161315917969,-0.149047851562,-3886.0,3786.0,-5665.0,48.0,123.0,-69.0,
1647612819180911064,0.208923339844,-0.954650878906,-0.156494140625,-0.143310546875,-3820.0,3790.0,-5687.0,53.0,122.0,-71.0,
1647612819183279991,0.2138671875,-0.955200195312,-0.1513671875,-0.137756347656,-3645.0,3674.0,-5718.0,59.0,122.0,-76.0,
1647612819192180156,0.218872070312,-0.955688476562,-0.145935058594,-0.132385253906,-3289.0,3560.0,-5837.0,62.0,119.0,-78.0,
1647612819198298215,0.2236328125,-0.956176757812,-0.140197753906,-0.127197265625,-2855.0,3472.0,-6008.0,67.0,111.0,-75.0,
1647612819207051753,0.232055664062,-0.956848144531,-0.128479003906,-0.119079589844,-2160.0,3125.0,-6359.0,75.0,80.0,-70.0,
1647612819211797237,0.235717773438,-0.95703125,-0.122497558594,-0.116455078125,-1849.0,2935.0,-6515.0,78.0,65.0,-65.0,
1647612819216113090,0.238708496094,-0.957275390625,-0.116638183594,-0.114562988281,-1566.0,2760.0,-6667.0,81.0,51.0,-56.0,
1647612819220925092,0.240966796875,-0.95751953125,-0.110900878906,-0.11328125,-1350.0,2578.0,-6783.0,83.0,39.0,-45.0,
1647612819225441217,0.242492675781,-0.957885742188,-0.105163574219,-0.112670898438,-1201.0,2368.0,-6885.0,85.0,29.0,-34.0,
1647612819230128049,0.243591308594,-0.958190917969,-0.0994262695312,-0.112609863281,-1162.0,2176.0,-6974.0,88.0,19.0,-27.0,
1647612819233514070,0.244201660156,-0.958557128906,-0.09375,-0.11328125,-1274.0,2067.0,-7032.0,92.0,9.0,-21.0,
1647612819238916873,0.244445800781,-0.958862304688,-0.0880126953125,-0.114501953125,-1454.0,2008.0,-7030.0,96.0,4.0,-16.0,
1647612819246808290,0.244323730469,-0.959289550781,-0.0821533203125,-0.115905761719,-1619.0,1975.0,-6942.0,101.0,3.0,-11.0,
1647612819251901388,0.243774414062,-0.959716796875,-0.0759887695312,-0.117309570312,-1699.0,1897.0,-6790.0,107.0,5.0,-5.0,
1647612819256254196,0.242858886719,-0.960327148438,-0.069580078125,-0.118408203125,-1689.0,1767.0,-6650.0,111.0,10.0,2.0,
1647612819262272357,0.24169921875,-0.960998535156,-0.06298828125,-0.119079589844,-1703.0,1612.0,-6512.0,110.0,15.0,6.0,
1647612819265709638,0.240356445312,-0.961669921875,-0.0565185546875,-0.119445800781,-1786.0,1453.0,-6403.0,108.0,21.0,10.0,
1647612819270621538,0.238891601562,-0.96240234375,-0.0501098632812,-0.119323730469,-1852.0,1277.0,-6382.0,105.0,29.0,13.0,
1647612819275445938,0.237182617188,-0.963256835938,-0.0437622070312,-0.118591308594,-1862.0,1071.0,-6433.0,101.0,38.0,17.0,
1647612819279976367,0.235290527344,-0.964111328125,-0.0375366210938,-0.117431640625,-1815.0,855.0,-6568.0,97.0,44.0,22.0,
1647612819283390522,0.233154296875,-0.965026855469,-0.0314331054688,-0.115905761719,-1731.0,590.0,-6726.0,93.0,46.0,26.0,
1647612819288078308,0.23095703125,-0.965881347656,-0.0254516601562,-0.114379882812,-1651.0,279.0,-6904.0,90.0,45.0,28.0,
1647612819296510457,0.228637695312,-0.966735839844,-0.0195922851562,-0.113037109375,-1592.0,-13.0,-7138.0,86.0,41.0,31.0,
1647612819302785634,0.226196289062,-0.967529296875,-0.0139770507812,-0.111999511719,-1574.0,-237.0,-7407.0,84.0,34.0,32.0,
1647612819307783365,0.223937988281,-0.968200683594,-0.0084228515625,-0.111450195312,-1610.0,-367.0,-7688.0,85.0,27.0,29.0,
1647612819312430143,0.221923828125,-0.96875,-0.00274658203125,-0.111206054688,-1659.0,-422.0,-7916.0,90.0,24.0,24.0,
1647612819316929340,0.220153808594,-0.969116210938,0.0032958984375,-0.111145019531,-1652.0,-467.0,-8062.0,97.0,23.0,18.0,
1647612819321742057,0.218627929688,-0.969421386719,0.0096435546875,-0.111328125,-1650.0,-546.0,-8217.0,102.0,19.0,14.0,
1647612819326265335,0.217407226562,-0.969543457031,0.0159912109375,-0.111938476562,-1744.0,-625.0,-8349.0,104.0,12.0,8.0,
1647612819331033945,0.216491699219,-0.969482421875,0.0224609375,-0.112976074219,-1853.0,-665.0,-8443.0,106.0,7.0,2.0,
1647612819335594415,0.216003417969,-0.969299316406,0.0289306640625,-0.114318847656,-1915.0,-692.0,-8490.0,108.0,3.0,-4.0,
1647612819340177059,0.215576171875,-0.968994140625,0.0352783203125,-0.115783691406,-1970.0,-774.0,-8511.0,107.0,-1.0,-6.0,
1647612819344935655,0.215026855469,-0.968627929688,0.0415649414062,-0.117553710938,-2034.0,-916.0,-8526.0,106.0,-5.0,-4.0,
1647612819348766326,0.214294433594,-0.96826171875,0.0476684570312,-0.11962890625,-2107.0,-1098.0,-8531.0,104.0,-10.0,0.0,
1647612819353525876,0.213195800781,-0.967895507812,0.0536499023438,-0.121887207031,-2219.0,-1288.0,-8507.0,102.0,-13.0,5.0,
1647612819361391305,0.211730957031,-0.967590332031,0.0595703125,-0.124267578125,-2352.0,-1465.0,-8465.0,101.0,-13.0,13.0,
1647612819366114616,0.209777832031,-0.967346191406,0.0654296875,-0.126586914062,-2450.0,-1614.0,-8404.0,101.0,-11.0,20.0,
1647612819370999336,0.207458496094,-0.967163085938,0.0711669921875,-0.128845214844,-2526.0,-1770.0,-8300.0,100.0,-10.0,26.0,
1647612819376213550,0.204772949219,-0.966979980469,0.076904296875,-0.131042480469,-2607.0,-1941.0,-8152.0,99.0,-9.0,32.0,
1647612819380308389,0.201782226562,-0.966857910156,0.08251953125,-0.133178710938,-2660.0,-2112.0,-7965.0,98.0,-7.0,37.0,
1647612819385456323,0.198608398438,-0.966735839844,0.0880126953125,-0.135192871094,-2670.0,-2269.0,-7790.0,95.0,-5.0,41.0,
1647612819389759778,0.195190429688,-0.966674804688,0.0933227539062,-0.137084960938,-2656.0,-2370.0,-7615.0,91.0,-4.0,44.0,
1647612819394107580,0.191650390625,-0.966613769531,0.0982055664062,-0.138916015625,-2637.0,-2418.0,-7470.0,87.0,-5.0,47.0,
1647612819404052495,0.188171386719,-0.966552734375,0.102722167969,-0.140808105469,-2630.0,-2446.0,-7394.0,82.0,-8.0,47.0,
1647612819412774801,0.181640625,-0.96630859375,0.110900878906,-0.144775390625,-2598.0,-2526.0,-7288.0,74.0,-12.0,44.0,
1647612819417066812,0.178527832031,-0.966186523438,0.114624023438,-0.146850585938,-2544.0,-2605.0,-7248.0,70.0,-15.0,43.0,
1647612819421603679,0.175537109375,-0.965942382812,0.118103027344,-0.149169921875,-2503.0,-2713.0,-7213.0,65.0,-20.0,42.0,
1647612819426033973,0.172729492188,-0.965637207031,0.121215820312,-0.151916503906,-2499.0,-2799.0,-7133.0,60.0,-28.0,41.0,
1647612819430789232,0.170104980469,-0.965270996094,0.123840332031,-0.155090332031,-2472.0,-2848.0,-7017.0,53.0,-37.0,41.0,
1647612819435272455,0.167602539062,-0.96484375,0.125793457031,-0.158630371094,-2486.0,-2882.0,-6838.0,44.0,-45.0,40.0,
1647612819439941167,0.165283203125,-0.964416503906,0.127014160156,-0.16259765625,-2583.0,-2890.0,-6657.0,33.0,-53.0,40.0,
1647612819443645954,0.1630859375,-0.964050292969,0.127563476562,-0.166870117188,-2704.0,-2866.0,-6490.0,22.0,-58.0,41.0,
1647612819451797962,0.160827636719,-0.963684082031,0.127380371094,-0.171203613281,-2758.0,-2827.0,-6357.0,12.0,-60.0,43.0,
1647612819456654548,0.158508300781,-0.963317871094,0.126647949219,-0.175598144531,-2774.0,-2788.0,-6232.0,4.0,-63.0,45.0,
1647612819461255073,0.156188964844,-0.963073730469,0.125427246094,-0.180114746094,-2816.0,-2748.0,-6137.0,-3.0,-68.0,48.0,
1647612819465734481,0.153747558594,-0.962768554688,0.123779296875,-0.184936523438,-2839.0,-2690.0,-6034.0,-9.0,-72.0,52.0,
1647612819470342636,0.151123046875,-0.962463378906,0.121704101562,-0.189880371094,-2817.0,-2615.0,-5906.0,-14.0,-76.0,56.0,
1647612819475054740,0.148254394531,-0.962158203125,0.119262695312,-0.195068359375,-2751.0,-2525.0,-5754.0,-19.0,-81.0,61.0,
1647612819479773759,0.145141601562,-0.9619140625,0.116333007812,-0.200500488281,-2669.0,-2429.0,-5570.0,-25.0,-86.0,67.0,
1647612819483349084,0.141845703125,-0.961608886719,0.112915039062,-0.206237792969,-2638.0,-2272.0,-5406.0,-31.0,-92.0,74.0,
1647612819491714954,0.138305664062,-0.961303710938,0.108764648438,-0.212219238281,-2710.0,-2086.0,-5307.0,-39.0,-97.0,79.0,
1647612819496227264,0.134521484375,-0.960998535156,0.10400390625,-0.218322753906,-2870.0,-1867.0,-5261.0,-46.0,-98.0,84.0,
1647612819501104116,0.130615234375,-0.960693359375,0.0989379882812,-0.22412109375,-3092.0,-1660.0,-5295.0,-50.0,-92.0,86.0,
1647612819508185863,0.126647949219,-0.960571289062,0.0938720703125,-0.229248046875,-3361.0,-1468.0,-5452.0,-51.0,-81.0,85.0,
1647612819513185024,0.122924804688,-0.96044921875,0.0890502929688,-0.233581542969,-3830.0,-1152.0,-5806.0,-49.0,-67.0,79.0,
1647612819517863750,0.119812011719,-0.960388183594,0.0846557617188,-0.237060546875,-4685.0,-628.0,-6365.0,-42.0,-51.0,63.0,
1647612819522437095,0.117980957031,-0.960327148438,0.0810546875,-0.239501953125,-5856.0,55.0,-6938.0,-29.0,-29.0,34.0,
1647612819527254104,0.117797851562,-0.960266113281,0.0789184570312,-0.240539550781,-7028.0,677.0,-7370.0,-10.0,4.0,-5.0,
1647612819531812667,0.119201660156,-0.960388183594,0.0789184570312,-0.239379882812,-7723.0,955.0,-7677.0,13.0,45.0,-42.0,
1647612819536560535,0.122009277344,-0.960632324219,0.0812377929688,-0.236083984375,-7722.0,900.0,-7920.0,34.0,76.0,-71.0,
1647612819541066408,0.126281738281,-0.960876464844,0.0851440429688,-0.231567382812,-7201.0,669.0,-8141.0,44.0,84.0,-95.0,
1647612819547209024,0.131652832031,-0.9609375,0.0897827148438,-0.226318359375,-6401.0,341.0,-8292.0,48.0,84.0,-113.0,
1647612819550185441,0.1376953125,-0.9609375,0.094970703125,-0.220703125,-5460.0,-142.0,-8367.0,50.0,83.0,-122.0,
1647612819554976463,0.143859863281,-0.960693359375,0.100280761719,-0.215209960938,-4444.0,-723.0,-8441.0,48.0,75.0,-122.0,
1647612819558654785,0.149841308594,-0.960327148438,0.105285644531,-0.210510253906,-3457.0,-1254.0,-8538.0,42.0,57.0,-114.0,
1647612819566754579,0.155456542969,-0.959716796875,0.109558105469,-0.20703125,-2614.0,-1743.0,-8648.0,35.0,34.0,-103.0,
1647612819571501731,0.160522460938,-0.958923339844,0.113098144531,-0.204956054688,-1951.0,-2165.0,-8718.0,29.0,10.0,-90.0,
1647612819576193809,0.165100097656,-0.957946777344,0.116149902344,-0.204162597656,-1458.0,-2492.0,-8729.0,26.0,-10.0,-78.0,
1647612819580895185,0.169128417969,-0.956848144531,0.118835449219,-0.204406738281,-1046.0,-2740.0,-8702.0,26.0,-24.0,-68.0,
1647612819585526704,0.172607421875,-0.955749511719,0.121337890625,-0.205139160156,-700.0,-2991.0,-8634.0,27.0,-32.0,-58.0,
1647612819590476512,0.175598144531,-0.954650878906,0.123840332031,-0.206176757812,-411.0,-3303.0,-8540.0,29.0,-34.0,-50.0,
1647612819595085859,0.17822265625,-0.953552246094,0.12646484375,-0.207336425781,-195.0,-3618.0,-8415.0,29.0,-36.0,-42.0,
1647612819598444461,0.180358886719,-0.952575683594,0.12890625,-0.208618164062,-90.0,-3904.0,-8280.0,28.0,-35.0,-34.0,
1647612819608446121,0.182006835938,-0.95166015625,0.131225585938,-0.2099609375,-99.0,-4150.0,-8164.0,26.0,-33.0,-26.0,
1647612819625648498,0.18408203125,-0.950134277344,0.135681152344,-0.212219238281,-480.0,-4318.0,-8047.0,28.0,-22.0,-16.0,
1647612819626261472,0.184753417969,-0.949523925781,0.13818359375,-0.212768554688,-734.0,-4182.0,-7972.0,35.0,-10.0,-16.0,
1647612819626601934,0.185180664062,-0.949035644531,0.141296386719,-0.212524414062,-845.0,-4045.0,-7794.0,45.0,7.0,-18.0,
1647612819638728857,0.185424804688,-0.948608398438,0.145263671875,-0.211364746094,-794.0,-3993.0,-7537.0,56.0,23.0,-20.0,
1647612819639295816,0.185607910156,-0.9482421875,0.14990234375,-0.209655761719,-619.0,-4027.0,-7261.0,63.0,31.0,-20.0,
1647612819639837503,0.185668945312,-0.947814941406,0.15478515625,-0.207946777344,-405.0,-4077.0,-7034.0,65.0,31.0,-18.0,
1647612819646649360,0.185607910156,-0.947387695312,0.159362792969,-0.206665039062,-237.0,-4161.0,-6881.0,62.0,22.0,-14.0,
1647612819651192903,0.185485839844,-0.946838378906,0.163452148438,-0.2060546875,-157.0,-4307.0,-6806.0,56.0,9.0,-8.0,
1647612819655685901,0.185180664062,-0.946228027344,0.166870117188,-0.206359863281,-214.0,-4485.0,-6803.0,49.0,-5.0,-2.0,
1647612819660476922,0.184875488281,-0.945556640625,0.169555664062,-0.20751953125,-439.0,-4632.0,-6872.0,39.0,-19.0,3.0,
1647612819665028333,0.184509277344,-0.944885253906,0.171325683594,-0.209289550781,-811.0,-4719.0,-7010.0,28.0,-28.0,6.0,
1647612819669971942,0.184265136719,-0.9443359375,0.172302246094,-0.211303710938,-1316.0,-4777.0,-7171.0,19.0,-31.0,7.0,
1647612819673454999,0.184020996094,-0.94384765625,0.172790527344,-0.213256835938,-1869.0,-4844.0,-7320.0,10.0,-27.0,5.0,
1647612819681487321,0.183837890625,-0.943542480469,0.1728515625,-0.214660644531,-2363.0,-4920.0,-7457.0,2.0,-17.0,4.0,
1647612819686256170,0.183654785156,-0.943481445312,0.172546386719,-0.215270996094,-2741.0,-4978.0,-7586.0,-7.0,-5.0,4.0,
1647612819690994501,0.183410644531,-0.943725585938,0.171936035156,-0.215087890625,-3018.0,-4983.0,-7719.0,-15.0,7.0,5.0,
1647612819695736408,0.183166503906,-0.944213867188,0.1708984375,-0.213989257812,-3220.0,-4918.0,-7846.0,-23.0,19.0,5.0,
1647612819700310707,0.182922363281,-0.944885253906,0.169677734375,-0.212097167969,-3385.0,-4770.0,-7969.0,-28.0,32.0,4.0,
1647612819704899549,0.182556152344,-0.94580078125,0.168273925781,-0.209411621094,-3472.0,-4565.0,-8074.0,-31.0,44.0,4.0,
1647612819711611986,0.182189941406,-0.946838378906,0.166931152344,-0.206115722656,-3474.0,-4274.0,-8146.0,-32.0,52.0,3.0,
1647612819716624736,0.181945800781,-0.947875976562,0.16552734375,-0.202575683594,-3357.0,-3917.0,-8214.0,-31.0,56.0,0.0,
1647612819721027374,0.181945800781,-0.948852539062,0.164184570312,-0.199035644531,-3222.0,-3520.0,-8276.0,-28.0,52.0,-4.0,
1647612819725721359,0.182312011719,-0.949645996094,0.163024902344,-0.195861816406,-3135.0,-3112.0,-8298.0,-23.0,45.0,-11.0,
1647612819730426073,0.183166503906,-0.9501953125,0.162109375,-0.193115234375,-3080.0,-2744.0,-8297.0,-18.0,38.0,-19.0,
1647612819735175609,0.184326171875,-0.950561523438,0.161560058594,-0.190734863281,-3054.0,-2453.0,-8270.0,-11.0,32.0,-25.0,
1647612819740031957,0.185729980469,-0.950744628906,0.161376953125,-0.188781738281,-3027.0,-2245.0,-8237.0,-5.0,27.0,-30.0,
1647612819743466377,0.187255859375,-0.95068359375,0.161499023438,-0.187194824219,-3008.0,-2107.0,-8196.0,0.0,21.0,-31.0,
1647612819752086639,0.188781738281,-0.950561523438,0.161804199219,-0.186096191406,-3034.0,-2018.0,-8147.0,4.0,14.0,-31.0,
1647612819756297111,0.190185546875,-0.950317382812,0.162109375,-0.185668945312,-3125.0,-1964.0,-8088.0,5.0,5.0,-29.0,
1647612819761217117,0.191528320312,-0.950012207031,0.162353515625,-0.185852050781,-3256.0,-1939.0,-8017.0,7.0,-3.0,-26.0,
