1649340960101780652,-0.424499511719,-0.285034179688,-0.853637695312,0.0996704101562,6096.0,3004.0,4004.0,10.0,8.0,1.0,
1649340960113197565,-0.424011230469,-0.285461425781,-0.853698730469,0.100158691406,6098.0,3013.0,3999.0,10.0,7.0,0.0,
1649340960204122543,-0.423522949219,-0.285949707031,-0.853698730469,0.1005859375,6092.0,3021.0,4001.0,10.0,7.0,0.0,
1649340960205802679,-0.423034667969,-0.286376953125,-0.853759765625,0.101135253906,6085.0,3033.0,4018.0,11.0,7.0,1.0,
1649340960214112758,-0.422546386719,-0.286865234375,-0.853759765625,0.101684570312,6074.0,3047.0,4027.0,11.0,7.0,1.0,
1649340960237522602,-0.422119140625,-0.287414550781,-0.853759765625,0.102172851562,6053.0,3050.0,4046.0,12.0,6.0,1.0,
1649340960239914417,-0.421630859375,-0.287902832031,-0.853759765625,0.102722167969,6023.0,3030.0,4057.0,12.0,7.0,1.0,
1649340960254959821,-0.418762207031,-0.289978027344,-0.854187011719,0.104858398438,5880.0,2934.0,4047.0,8.0,9.0,-2.0,
1649340960325253486,-0.417541503906,-0.290649414062,-0.8544921875,0.105346679688,5857.0,2915.0,4041.0,7.0,8.0,-3.0,
1649340960364406824,-0.416381835938,-0.291381835938,-0.854797363281,0.105651855469,5841.0,2905.0,4023.0,7.0,7.0,-5.0,
1649340960385144948,-0.413269042969,-0.293273925781,-0.855590820312,0.106018066406,5826.0,2929.0,4071.0,7.0,8.0,-6.0,
1649340960389731168,-0.412658691406,-0.293701171875,-0.855773925781,0.106079101562,5817.0,2933.0,4085.0,7.0,7.0,-6.0,
1649340960403082132,-0.411987304688,-0.294128417969,-0.855895996094,0.106079101562,5807.0,2933.0,4115.0,8.0,7.0,-7.0,
1649340960426552534,-0.4052734375,-0.297241210938,-0.858276367188,0.104187011719,5809.0,2950.0,4233.0,1.0,9.0,-13.0,
1649340960431110858,-0.402709960938,-0.2978515625,-0.859497070312,0.102416992188,5928.0,3051.0,4288.0,-1.0,6.0,-12.0,
1649340960515136957,-0.402160644531,-0.297912597656,-0.859802246094,0.101928710938,5947.0,3070.0,4322.0,-1.0,6.0,-12.0,
1649340960520767688,-0.399658203125,-0.29833984375,-0.861022949219,0.0997314453125,5972.0,3089.0,4409.0,-2.0,7.0,-14.0,
1649340960529965162,-0.398986816406,-0.29833984375,-0.861450195312,0.0991821289062,5985.0,3087.0,4417.0,-3.0,7.0,-14.0,
1649340960542066097,-0.396667480469,-0.297973632812,-0.862915039062,0.0964965820312,5963.0,3062.0,4494.0,-7.0,5.0,-14.0,
1649340960546272039,-0.396179199219,-0.297729492188,-0.863342285156,0.0957641601562,5953.0,3058.0,4529.0,-8.0,4.0,-14.0,
1649340960568107604,-0.395324707031,-0.296997070312,-0.864135742188,0.0941772460938,5918.0,3075.0,4599.0,-10.0,2.0,-13.0,
1649340960678958654,-0.394958496094,-0.296630859375,-0.864501953125,0.0933227539062,5903.0,3115.0,4653.0,-11.0,1.0,-13.0,
1649340960684919595,-0.394592285156,-0.296203613281,-0.864929199219,0.0924682617188,5893.0,3160.0,4712.0,-11.0,1.0,-12.0,
1649340960723594188,-0.392822265625,-0.294006347656,-0.866943359375,0.0880737304688,5796.0,3238.0,4958.0,-13.0,1.0,-14.0,
1649340960729103326,-0.390380859375,-0.290954589844,-0.869689941406,0.08203125,5665.0,3355.0,5048.0,-19.0,2.0,-18.0,
1649340960745201349,-0.388916015625,-0.288940429688,-0.871398925781,0.0775146484375,5581.0,3328.0,4997.0,-21.0,1.0,-22.0,
1649340960757294893,-0.383605957031,-0.267822265625,-0.88330078125,0.0321044921875,5422.0,3426.0,4738.0,-37.0,-7.0,-32.0,
1649340960765851974,-0.38330078125,-0.264221191406,-0.884765625,0.0239868164062,5335.0,3387.0,4696.0,-36.0,-8.0,-33.0,
1649340960802089452,-0.381103515625,-0.243103027344,-0.891662597656,-0.0267333984375,5411.0,3801.0,4371.0,-37.0,-7.0,-36.0,
1649340960804424524,-0.380737304688,-0.240966796875,-0.892211914062,-0.0322875976562,5506.0,3902.0,4290.0,-36.0,-5.0,-34.0,
1649340960812527656,-0.380249023438,-0.236572265625,-0.893005371094,-0.045654296875,5743.0,4001.0,4029.0,-32.0,-5.0,-34.0,
1649340960815191030,-0.380126953125,-0.234069824219,-0.893310546875,-0.05322265625,5864.0,4074.0,3965.0,-30.0,-6.0,-32.0,
1649340960840984821,-0.380126953125,-0.233337402344,-0.893371582031,-0.0556640625,5889.0,4105.0,3955.0,-30.0,-5.0,-31.0,
1649340960937600374,-0.377563476562,-0.223937988281,-0.894470214844,-0.0856323242188,5971.0,4715.0,4041.0,-29.0,1.0,-29.0,
1649340960948768138,-0.373657226562,-0.219299316406,-0.895202636719,-0.10498046875,5967.0,4992.0,3865.0,-26.0,2.0,-29.0,
1649340960993343591,-0.372314453125,-0.217956542969,-0.895324707031,-0.111206054688,5908.0,4871.0,3687.0,-26.0,4.0,-29.0,
1649340960998745441,-0.371887207031,-0.217407226562,-0.895385742188,-0.11328125,5911.0,4853.0,3628.0,-27.0,5.0,-29.0,
1649340961003038406,-0.370666503906,-0.2158203125,-0.895446777344,-0.119689941406,5823.0,4832.0,3507.0,-28.0,2.0,-29.0,
1649340961024779081,-0.3681640625,-0.213195800781,-0.895629882812,-0.130187988281,5589.0,4808.0,3463.0,-26.0,5.0,-26.0,
1649340961030175447,-0.367736816406,-0.212768554688,-0.895629882812,-0.132080078125,5551.0,4858.0,3513.0,-24.0,3.0,-25.0,
1649340961036281585,-0.37060546875,-0.204956054688,-0.892211914062,-0.157348632812,5930.0,5139.0,4296.0,-16.0,-17.0,-14.0,
1649340961040052652,-0.371459960938,-0.204528808594,-0.891662597656,-0.158630371094,5935.0,5136.0,4322.0,-15.0,-18.0,-14.0,
1649340961092559576,-0.373413085938,-0.20361328125,-0.890625,-0.1611328125,5932.0,5104.0,4355.0,-14.0,-19.0,-13.0,
1649340961098196983,-0.375671386719,-0.20263671875,-0.889526367188,-0.163330078125,5896.0,5133.0,4368.0,-14.0,-22.0,-10.0,
1649340961177701234,-0.376831054688,-0.202209472656,-0.888916015625,-0.164428710938,5870.0,5140.0,4393.0,-13.0,-23.0,-9.0,
1649340961193621158,-0.378051757812,-0.201721191406,-0.888305664062,-0.165344238281,5841.0,5141.0,4396.0,-13.0,-23.0,-8.0,
1649340961235319852,-0.387084960938,-0.196166992188,-0.881896972656,-0.184631347656,4612.0,4591.0,4656.0,-1.0,-2.0,-5.0,
1649340961449528217,-0.386840820312,-0.196411132812,-0.8818359375,-0.184936523438,4736.0,4595.0,4677.0,0.0,1.0,-5.0,
1649340961459244966,-0.388793945312,-0.19970703125,-0.879638671875,-0.187866210938,4962.0,4837.0,4846.0,4.0,-11.0,-10.0,
1649340961464717864,-0.3896484375,-0.2001953125,-0.879028320312,-0.1884765625,4922.0,4840.0,4890.0,5.0,-16.0,-10.0,
1649340961471432685,-0.390991210938,-0.201232910156,-0.877807617188,-0.190185546875,4999.0,4906.0,4910.0,3.0,-15.0,-14.0,
1649340961479477167,-0.391967773438,-0.201721191406,-0.877075195312,-0.191040039062,5014.0,4974.0,4894.0,4.0,-19.0,-14.0,
1649340961487241506,-0.396728515625,-0.20458984375,-0.873474121094,-0.19482421875,5011.0,4995.0,4877.0,10.0,-24.0,-13.0,
1649340961522114992,-0.4052734375,-0.21142578125,-0.867858886719,-0.195068359375,4946.0,5105.0,4823.0,22.0,-15.0,7.0,
1649340961539558649,-0.406555175781,-0.212463378906,-0.867126464844,-0.194274902344,5032.0,5118.0,4747.0,23.0,-17.0,8.0,
1649340961576444387,-0.407958984375,-0.213439941406,-0.866455078125,-0.193481445312,5115.0,5118.0,4677.0,23.0,-17.0,8.0,
1649340961586304664,-0.409362792969,-0.214416503906,-0.86572265625,-0.192687988281,5209.0,5119.0,4598.0,23.0,-17.0,8.0,
1649340961622055053,-0.418395996094,-0.219848632812,-0.860778808594,-0.189025878906,5341.0,5205.0,4414.0,29.0,-30.0,6.0,
1649340961646079063,-0.459533691406,-0.245666503906,-0.830078125,-0.198852539062,5446.0,5182.0,3805.0,15.0,-63.0,-25.0,
1649340961670333385,-0.466552734375,-0.247619628906,-0.82470703125,-0.202331542969,5532.0,5381.0,3573.0,20.0,-74.0,-24.0,
1649340961705387115,-0.515930175781,-0.261108398438,-0.788269042969,-0.210632324219,5779.0,5738.0,2633.0,46.0,-93.0,1.0,
1649340961713518142,-0.521118164062,-0.261962890625,-0.78466796875,-0.21044921875,5943.0,5691.0,2673.0,44.0,-93.0,4.0,
1649340961777493953,-0.54052734375,-0.263366699219,-0.771179199219,-0.20947265625,5980.0,5174.0,2927.0,36.0,-72.0,12.0,
1649340961981831073,-0.5439453125,-0.263549804688,-0.768981933594,-0.208557128906,6059.0,5163.0,2916.0,34.0,-60.0,15.0,
1649340962015452146,-0.549377441406,-0.264404296875,-0.765319824219,-0.206604003906,6521.0,5254.0,2747.0,33.0,-42.0,10.0,
1649340962038571596,-0.602355957031,-0.274841308594,-0.72314453125,-0.196899414062,6525.0,5300.0,1415.0,58.0,-93.0,20.0,
1649340962041164398,-0.607421875,-0.275390625,-0.719116210938,-0.1953125,6402.0,5264.0,1320.0,56.0,-92.0,23.0,
1649340962046475172,-0.638122558594,-0.28173828125,-0.690612792969,-0.19140625,4927.0,4786.0,597.0,2.0,-13.0,-11.0,
1649340962053382158,-0.63720703125,-0.283447265625,-0.689697265625,-0.19482421875,4903.0,4690.0,335.0,-6.0,5.0,-16.0,
1649340962104887247,-0.636413574219,-0.284057617188,-0.690002441406,-0.195556640625,4919.0,4694.0,223.0,-6.0,11.0,-16.0,
1649340962117216587,-0.634521484375,-0.285461425781,-0.69091796875,-0.196594238281,4908.0,4653.0,-23.0,-5.0,18.0,-15.0,
1649340962122350931,-0.626159667969,-0.290405273438,-0.695678710938,-0.199340820312,4597.0,4541.0,-341.0,-10.0,47.0,-26.0,
1649340962127110958,-0.556335449219,-0.332824707031,-0.743408203125,-0.164855957031,5545.0,5041.0,443.0,15.0,10.0,4.0,
1649340962132892370,-0.556457519531,-0.333923339844,-0.743225097656,-0.162780761719,5609.0,5183.0,464.0,15.0,5.0,8.0,
1649340962136134386,-0.556823730469,-0.33447265625,-0.742980957031,-0.161865234375,5623.0,5245.0,482.0,15.0,2.0,8.0,
1649340962137817621,-0.557189941406,-0.3349609375,-0.742614746094,-0.161010742188,5635.0,5269.0,485.0,14.0,-1.0,8.0,
1649340962153175115,-0.558288574219,-0.335693359375,-0.741821289062,-0.159545898438,5676.0,5272.0,502.0,12.0,-5.0,6.0,
1649340962188952922,-0.558898925781,-0.3359375,-0.741333007812,-0.158996582031,5679.0,5302.0,491.0,10.0,-7.0,6.0,
1649340962437670469,-0.560852050781,-0.335815429688,-0.739868164062,-0.159423828125,5688.0,5948.0,923.0,-7.0,0.0,0.0,
1649340962458255052,-0.560791015625,-0.335510253906,-0.739868164062,-0.160095214844,5692.0,6096.0,1080.0,-6.0,-4.0,0.0,
1649340962495806694,-0.562316894531,-0.334228515625,-0.738708496094,-0.162902832031,5430.0,6159.0,1207.0,-5.0,-9.0,0.0,
1649340962510446071,-0.563293457031,-0.333740234375,-0.737976074219,-0.163818359375,5374.0,6023.0,1045.0,-3.0,-8.0,2.0,
1649340962514790773,-0.562316894531,-0.333862304688,-0.738830566406,-0.163024902344,5284.0,5702.0,915.0,3.0,6.0,3.0,
1649340962577922105,-0.563537597656,-0.33544921875,-0.738159179688,-0.158447265625,5732.0,5739.0,1009.0,6.0,-4.0,6.0,
1649340962581744194,-0.563842773438,-0.335571289062,-0.737915039062,-0.158142089844,5718.0,5741.0,996.0,5.0,-4.0,5.0,
1649340962610137462,-0.564453125,-0.335754394531,-0.737487792969,-0.157653808594,5655.0,5721.0,968.0,4.0,-3.0,3.0,
1649340962615468263,-0.562316894531,-0.338439941406,-0.738708496094,-0.153991699219,5938.0,5538.0,711.0,3.0,2.0,0.0,
1649340962627051115,-0.556823730469,-0.352844238281,-0.732666015625,-0.169555664062,5451.0,5598.0,377.0,-6.0,12.0,-10.0,
1649340962636612653,-0.553833007812,-0.353698730469,-0.734313964844,-0.170593261719,5565.0,5588.0,562.0,-7.0,18.0,-12.0,
1649340962640112638,-0.551025390625,-0.354064941406,-0.736083984375,-0.171081542969,5850.0,5719.0,793.0,-6.0,12.0,-7.0,
1649340962648273706,-0.551025390625,-0.354187011719,-0.73583984375,-0.171875,5950.0,5670.0,974.0,2.0,-6.0,-2.0,
1649340962657288551,-0.551391601562,-0.354187011719,-0.735595703125,-0.171752929688,5978.0,5690.0,988.0,3.0,-5.0,0.0,
1649340962687898874,-0.552062988281,-0.354125976562,-0.735229492188,-0.171447753906,6052.0,5821.0,994.0,2.0,-5.0,2.0,
1649340962699165105,-0.556823730469,-0.353576660156,-0.731994628906,-0.1708984375,5581.0,5805.0,682.0,0.0,-1.0,5.0,
1649340962703206062,-0.557678222656,-0.353454589844,-0.731567382812,-0.170166015625,5663.0,5839.0,584.0,2.0,-5.0,3.0,
1649340962708410024,-0.558166503906,-0.353576660156,-0.731201171875,-0.169982910156,5647.0,5847.0,548.0,4.0,-7.0,2.0,
1649340962752622604,-0.559265136719,-0.354125976562,-0.730163574219,-0.169677734375,5567.0,5867.0,494.0,8.0,-9.0,1.0,
1649340962763119935,-0.559875488281,-0.3544921875,-0.7294921875,-0.169616699219,5502.0,5875.0,487.0,8.0,-11.0,0.0,
1649340962767105340,-0.561401367188,-0.355712890625,-0.727722167969,-0.169860839844,5269.0,5874.0,307.0,4.0,-6.0,-2.0,
1649340962773443698,-0.560485839844,-0.358337402344,-0.726989746094,-0.170471191406,5345.0,5859.0,-63.0,-2.0,5.0,-8.0,
1649340962777537107,-0.560302734375,-0.358642578125,-0.726928710938,-0.170776367188,5342.0,5865.0,-115.0,-3.0,5.0,-8.0,
1649340962781426668,-0.551574707031,-0.367980957031,-0.729614257812,-0.167602539062,5262.0,6773.0,-6.0,19.0,8.0,7.0,
1649340962783539533,-0.551940917969,-0.369018554688,-0.729125976562,-0.16650390625,5251.0,6707.0,17.0,23.0,2.0,7.0,
1649340962789643526,-0.561096191406,-0.373657226562,-0.722351074219,-0.154541015625,5135.0,5674.0,714.0,-10.0,-13.0,2.0,
1649340962815702199,-0.560852050781,-0.370971679688,-0.723266601562,-0.157592773438,5273.0,5898.0,991.0,-16.0,-2.0,-1.0,
1649340962840615510,-0.559997558594,-0.367248535156,-0.725524902344,-0.158813476562,5806.0,5982.0,883.0,-9.0,4.0,3.0,
1649340962857645988,-0.559814453125,-0.366882324219,-0.725891113281,-0.158813476562,5815.0,5940.0,828.0,-8.0,5.0,2.0,
1649340962879420995,-0.559265136719,-0.366271972656,-0.726623535156,-0.158752441406,5757.0,5841.0,797.0,-8.0,7.0,2.0,
1649340962882766962,-0.558959960938,-0.365905761719,-0.72705078125,-0.15869140625,5711.0,5830.0,803.0,-8.0,7.0,3.0,
1649340962910559177,-0.558654785156,-0.365600585938,-0.727478027344,-0.158630371094,5650.0,5841.0,797.0,-7.0,6.0,3.0,
1649340963013662099,-0.556579589844,-0.366271972656,-0.729125976562,-0.156799316406,5196.0,5708.0,481.0,5.0,13.0,2.0,
1649340963028275728,-0.555725097656,-0.367370605469,-0.7294921875,-0.155578613281,5148.0,5619.0,291.0,8.0,15.0,0.0,
1649340963072643756,-0.5537109375,-0.36962890625,-0.730651855469,-0.151672363281,5446.0,5540.0,-10.0,10.0,16.0,4.0,
1649340963178376913,-0.553283691406,-0.37353515625,-0.730407714844,-0.144775390625,5467.0,5547.0,235.0,10.0,3.0,4.0,
1649340963213520288,-0.553283691406,-0.374145507812,-0.730285644531,-0.143676757812,5548.0,5511.0,323.0,7.0,5.0,2.0,
1649340963241116046,-0.553161621094,-0.374389648438,-0.730346679688,-0.143249511719,5595.0,5495.0,379.0,5.0,5.0,1.0,
1649340963246057271,-0.552734375,-0.374572753906,-0.730712890625,-0.142761230469,5658.0,5485.0,517.0,0.0,6.0,-1.0,
1649340963378555536,-0.552368164062,-0.374572753906,-0.73095703125,-0.142700195312,5671.0,5498.0,608.0,-3.0,6.0,-2.0,
1649340963650326251,-0.551391601562,-0.374206542969,-0.731811523438,-0.14306640625,5691.0,5550.0,775.0,-8.0,8.0,-4.0,
1649340963655891180,-0.548889160156,-0.372924804688,-0.734130859375,-0.144348144531,5932.0,5775.0,908.0,-12.0,5.0,-3.0,
1649340964205880641,-0.549377441406,-0.370666503906,-0.734802246094,-0.14501953125,5998.0,5892.0,897.0,-6.0,-5.0,4.0,
1649340964206206321,-0.549682617188,-0.370300292969,-0.734741210938,-0.145080566406,5960.0,5930.0,890.0,-5.0,-6.0,4.0,
1649340964206529378,-0.549987792969,-0.369995117188,-0.734619140625,-0.145141601562,5929.0,5944.0,896.0,-4.0,-6.0,4.0,
1649340964248229980,-0.553588867188,-0.367919921875,-0.733154296875,-0.144409179688,5794.0,5869.0,1048.0,2.0,-10.0,7.0,
1649340964406721353,-0.554626464844,-0.367553710938,-0.732543945312,-0.143981933594,5706.0,5800.0,1070.0,3.0,-9.0,6.0,
1649340964416786432,-0.555053710938,-0.367553710938,-0.732299804688,-0.143859863281,5670.0,5750.0,1082.0,4.0,-8.0,4.0,
1649340964558795452,-0.555358886719,-0.367553710938,-0.732055664062,-0.143676757812,5659.0,5670.0,1097.0,3.0,-6.0,3.0,
1649340964564075469,-0.555603027344,-0.367492675781,-0.73193359375,-0.1435546875,5688.0,5575.0,1098.0,2.0,-4.0,2.0,
1649340964569707155,-0.555786132812,-0.367309570312,-0.73193359375,-0.143371582031,5745.0,5496.0,1078.0,0.0,-3.0,3.0,
1649340964578410863,-0.556091308594,-0.367065429688,-0.731872558594,-0.143188476562,5794.0,5454.0,1057.0,-1.0,-4.0,3.0,
1649340964590625524,-0.556518554688,-0.366760253906,-0.731689453125,-0.143127441406,5808.0,5440.0,1050.0,-1.0,-8.0,4.0,
1649340964601237535,-0.560974121094,-0.365173339844,-0.729125976562,-0.143005371094,5864.0,5415.0,949.0,3.0,-24.0,7.0,
1649340964613580226,-0.569274902344,-0.363220214844,-0.723388671875,-0.144348144531,5716.0,5456.0,691.0,2.0,-35.0,6.0,
1649340964646158695,-0.573974609375,-0.362487792969,-0.719543457031,-0.146606445312,5391.0,5345.0,573.0,-1.0,-35.0,-3.0,
1649340964662622928,-0.577026367188,-0.362243652344,-0.716247558594,-0.151123046875,5020.0,5231.0,220.0,-10.0,-13.0,-10.0,
1649340964668342590,-0.577026367188,-0.362060546875,-0.716247558594,-0.151794433594,5140.0,5304.0,71.0,-12.0,-1.0,-6.0,
1649340964679486513,-0.575317382812,-0.356323242188,-0.719116210938,-0.158081054688,5752.0,5668.0,124.0,4.0,-7.0,2.0,
1649340964683217048,-0.576721191406,-0.356140136719,-0.718139648438,-0.157775878906,5924.0,5669.0,71.0,-1.0,-7.0,3.0,
1649340964729910850,-0.582702636719,-0.353332519531,-0.713623046875,-0.162841796875,5806.0,5608.0,-22.0,-10.0,-15.0,-10.0,
1649340964738909244,-0.582885742188,-0.353271484375,-0.713195800781,-0.164001464844,5726.0,5564.0,-13.0,-11.0,-12.0,-13.0,
1649340964742793798,-0.583374023438,-0.3525390625,-0.71142578125,-0.171264648438,5409.0,5574.0,261.0,-11.0,-17.0,-11.0,
1649340964773748159,-0.589172363281,-0.348693847656,-0.705261230469,-0.184326171875,5141.0,5941.0,557.0,-9.0,-7.0,-6.0,
1649340964799746751,-0.588745117188,-0.346984863281,-0.704956054688,-0.190124511719,5427.0,5932.0,503.0,-12.0,-12.0,-7.0,
1649340964815820693,-0.589965820312,-0.344909667969,-0.703491210938,-0.195556640625,5471.0,5959.0,483.0,-12.0,-6.0,-5.0,
1649340964857352256,-0.611083984375,-0.329406738281,-0.685852050781,-0.218566894531,5245.0,5837.0,-475.0,-8.0,-31.0,6.0,
1649340964867228984,-0.657775878906,-0.283386230469,-0.646057128906,-0.264038085938,5246.0,5767.0,-443.0,-18.0,-19.0,1.0,
1649340964872740507,-0.692993164062,-0.199584960938,-0.643920898438,-0.255859375,6212.0,5177.0,-438.0,14.0,-3.0,31.0,
1649340964883623123,-0.693908691406,-0.198669433594,-0.643920898438,-0.253967285156,6269.0,5152.0,-452.0,14.0,-7.0,33.0,
1649340964897440433,-0.694946289062,-0.197631835938,-0.643859863281,-0.252136230469,6303.0,5128.0,-473.0,14.0,-10.0,34.0,
1649340965012726545,-0.714599609375,-0.182067871094,-0.637329101562,-0.223815917969,6238.0,4695.0,-630.0,12.0,0.0,26.0,
1649340965061925172,-0.715026855469,-0.181396484375,-0.637634277344,-0.22216796875,6291.0,4672.0,-651.0,13.0,1.0,28.0,
1649340965066139936,-0.717163085938,-0.175048828125,-0.640747070312,-0.211059570312,6478.0,4402.0,-801.0,6.0,4.0,37.0,
1649340965098326683,-0.717529296875,-0.172302246094,-0.642211914062,-0.207641601562,6519.0,4304.0,-847.0,1.0,9.0,37.0,
1649340965103015661,-0.746276855469,-0.100952148438,-0.632751464844,-0.180603027344,6733.0,3458.0,-1113.0,-18.0,-36.0,39.0,
1649340965109237909,-0.748596191406,-0.0952758789062,-0.631103515625,-0.179809570312,6632.0,3437.0,-1090.0,-21.0,-28.0,40.0,
1649340965188243627,-0.760498046875,-0.0205078125,-0.621826171875,-0.186096191406,7414.0,2805.0,-1356.0,-45.0,-19.0,34.0,
1649340965193549871,-0.761169433594,-0.0139770507812,-0.620849609375,-0.187316894531,7444.0,2816.0,-1479.0,-39.0,-19.0,34.0,
1649340965209003925,-0.76220703125,-0.00787353515625,-0.619506835938,-0.188049316406,7417.0,2807.0,-1632.0,-33.0,-22.0,33.0,
1649340965220816612,-0.763366699219,-0.00225830078125,-0.617919921875,-0.188415527344,7324.0,2751.0,-1761.0,-29.0,-21.0,31.0,
1649340965231707334,-0.764282226562,0.00299072265625,-0.616760253906,-0.188720703125,7245.0,2658.0,-1871.0,-28.0,-16.0,30.0,
1649340965266006946,-0.764343261719,0.0203247070312,-0.615539550781,-0.191284179688,7002.0,2502.0,-2092.0,-17.0,-1.0,11.0,
1649340965270935535,-0.764465332031,0.0227661132812,-0.614990234375,-0.192199707031,7060.0,2446.0,-2069.0,-11.0,-4.0,6.0,
1649340965309092044,-0.76513671875,0.0241088867188,-0.614013671875,-0.192565917969,7115.0,2401.0,-2061.0,-9.0,-11.0,5.0,
1649340965314835309,-0.766357421875,0.025634765625,-0.6123046875,-0.192993164062,7109.0,2367.0,-2037.0,-10.0,-18.0,5.0,
1649340965337089776,-0.7724609375,0.0367431640625,-0.601867675781,-0.199584960938,6753.0,2395.0,-1984.0,-21.0,-10.0,4.0,
1649340965367575407,-0.772644042969,0.0377197265625,-0.601318359375,-0.200439453125,6774.0,2425.0,-1982.0,-20.0,-9.0,4.0,
1649340965377526521,-0.774658203125,0.0445556640625,-0.5966796875,-0.204895019531,6978.0,2676.0,-1976.0,-14.0,-17.0,7.0,
1649340965397321701,-0.781066894531,0.0474853515625,-0.588562011719,-0.203308105469,6724.0,2716.0,-2520.0,18.0,-13.0,0.0,
1649340965408376216,-0.784423828125,0.0450439453125,-0.586364746094,-0.197265625,6951.0,2358.0,-2510.0,9.0,-2.0,6.0,
1649340965410059213,-0.784729003906,0.0451049804688,-0.586181640625,-0.196594238281,7032.0,2402.0,-2476.0,8.0,-5.0,7.0,
1649340965412276029,-0.78564453125,0.0452880859375,-0.585388183594,-0.1953125,7083.0,2432.0,-2398.0,8.0,-11.0,8.0,
1649340965451919078,-0.786315917969,0.0454711914062,-0.584716796875,-0.194641113281,7076.0,2388.0,-2367.0,9.0,-15.0,8.0,
1649340965455873489,-0.787841796875,0.0460205078125,-0.583129882812,-0.192932128906,7098.0,2322.0,-2344.0,10.0,-19.0,9.0,
1649340965461105108,-0.790893554688,0.0466918945312,-0.580017089844,-0.189819335938,7052.0,2296.0,-2343.0,14.0,-25.0,10.0,
1649340965465220212,-0.816589355469,0.0501098632812,-0.548583984375,-0.172729492188,7336.0,2236.0,-3091.0,12.0,16.0,3.0,
1649340965476694583,-0.821533203125,0.0487670898438,-0.543884277344,-0.164367675781,7788.0,1957.0,-3084.0,13.0,-19.0,4.0,
1649340965488406896,-0.822204589844,0.048828125,-0.543090820312,-0.163391113281,7775.0,1918.0,-3074.0,13.0,-18.0,6.0,
1649340965502660274,-0.825988769531,0.0499877929688,-0.538757324219,-0.158264160156,7305.0,1757.0,-3114.0,6.0,-13.0,4.0,
1649340965507328987,-0.826965332031,0.050048828125,-0.537475585938,-0.157409667969,7143.0,1741.0,-3169.0,5.0,-12.0,2.0,
1649340965513316392,-0.834655761719,0.0482788085938,-0.527038574219,-0.152526855469,6613.0,1637.0,-3676.0,7.0,-10.0,-6.0,
1649340965522446632,-0.8349609375,0.0477905273438,-0.526733398438,-0.152465820312,6595.0,1626.0,-3639.0,5.0,-2.0,-7.0,
1649340965524526834,-0.834594726562,0.0474853515625,-0.527282714844,-0.152587890625,7303.0,1592.0,-3458.0,-2.0,-8.0,1.0,
1649340965569886922,-0.835510253906,0.0482177734375,-0.525817871094,-0.152282714844,7333.0,1592.0,-3520.0,-1.0,-16.0,4.0,
1649340965580376625,-0.838134765625,0.0504150390625,-0.521606445312,-0.151550292969,7037.0,1810.0,-3513.0,-3.0,-23.0,6.0,
1649340965610002517,-0.840393066406,0.0509033203125,-0.518249511719,-0.150573730469,6824.0,1527.0,-3531.0,1.0,-9.0,0.0,
1649340965613855123,-0.840698242188,0.0509643554688,-0.517700195312,-0.150573730469,6793.0,1560.0,-3517.0,-1.0,-9.0,-1.0,
1649340965651885271,-0.841857910156,0.0523071289062,-0.515380859375,-0.151733398438,6945.0,1653.0,-3531.0,-4.0,-3.0,2.0,
1649340965680292367,-0.842346191406,0.0532836914062,-0.514282226562,-0.15234375,6974.0,1600.0,-3618.0,-8.0,-6.0,1.0,
1649340965697206497,-0.842468261719,0.0537109375,-0.513916015625,-0.152709960938,7018.0,1611.0,-3663.0,-9.0,-6.0,1.0,
1649340965702014684,-0.842651367188,0.0541381835938,-0.513488769531,-0.153198242188,7082.0,1626.0,-3708.0,-10.0,-7.0,0.0,
1649340965729309558,-0.844604492188,0.0564575195312,-0.509216308594,-0.155700683594,7215.0,1608.0,-3828.0,-9.0,-16.0,-3.0,
1649340965734068393,-0.845520019531,0.05712890625,-0.507385253906,-0.156555175781,7223.0,1575.0,-3831.0,-9.0,-17.0,-2.0,
1649340965736049890,-0.846008300781,0.0575561523438,-0.50634765625,-0.156921386719,7210.0,1575.0,-3831.0,-10.0,-19.0,-2.0,
1649340965845414638,-0.849914550781,0.061767578125,-0.498840332031,-0.158386230469,7123.0,1592.0,-3840.0,-9.0,-27.0,7.0,
1649340965976697921,-0.850708007812,0.062744140625,-0.497375488281,-0.158386230469,7078.0,1569.0,-3855.0,-9.0,-29.0,8.0,
1649340965980225563,-0.851501464844,0.063720703125,-0.495910644531,-0.158386230469,7006.0,1551.0,-3870.0,-8.0,-29.0,9.0,
1649340965986470222,-0.856201171875,0.0701904296875,-0.486999511719,-0.157958984375,6460.0,1429.0,-3916.0,-9.0,-29.0,11.0,
1649340965997525691,-0.856872558594,0.0713500976562,-0.485595703125,-0.158020019531,6333.0,1389.0,-3900.0,-11.0,-26.0,10.0,
1649340966001103401,-0.857482910156,0.0723876953125,-0.484313964844,-0.158203125,6256.0,1350.0,-3887.0,-13.0,-23.0,8.0,
1649340966014009237,-0.85791015625,0.0734252929688,-0.483215332031,-0.158569335938,6232.0,1309.0,-3863.0,-15.0,-20.0,7.0,
1649340966129099845,-0.862060546875,0.0818481445312,-0.472534179688,-0.164306640625,5871.0,1710.0,-4123.0,-20.0,-33.0,6.0,
1649340966133043289,-0.862487792969,0.0829467773438,-0.471252441406,-0.1650390625,5850.0,1832.0,-4251.0,-19.0,-14.0,10.0,
1649340966134991407,-0.862426757812,0.0852661132812,-0.470458984375,-0.166381835938,6302.0,1795.0,-4220.0,-21.0,-6.0,12.0,
