1646995522880841970,-0.496948242188,-0.365478515625,0.481811523438,0.622314453125,4380.0,-12502.0,257.0,-109.0,-47.0,5.0,
1646995522918097257,-0.49951171875,-0.37109375,0.479919433594,0.618347167969,4416.0,-12893.0,-165.0,-94.0,-41.0,1.0,
1646995522924175977,-0.50537109375,-0.384887695312,0.473999023438,0.609741210938,4327.0,-13089.0,-1292.0,-59.0,-24.0,-9.0,
1646995522926312685,-0.506713867188,-0.388610839844,0.471984863281,0.607788085938,4257.0,-12875.0,-1494.0,-52.0,-20.0,-12.0,
1646995522938573837,-0.507934570312,-0.391845703125,0.470031738281,0.606262207031,4185.0,-12586.0,-1638.0,-45.0,-14.0,-13.0,
1646995522940937280,-0.508972167969,-0.394714355469,0.468078613281,0.605041503906,4099.0,-12274.0,-1671.0,-38.0,-10.0,-13.0,
1646995522942847728,-0.509826660156,-0.397094726562,0.466247558594,0.604187011719,4005.0,-11981.0,-1590.0,-32.0,-5.0,-12.0,
1646995522944983243,-0.510498046875,-0.399047851562,0.464538574219,0.603637695312,3902.0,-11689.0,-1393.0,-27.0,-2.0,-12.0,
1646995522957920074,-0.510864257812,-0.400695800781,0.463012695312,0.603393554688,3781.0,-11383.0,-1107.0,-20.0,-1.0,-12.0,
1646995522962259054,-0.51025390625,-0.403686523438,0.459899902344,0.604309082031,3441.0,-10518.0,-681.0,1.0,2.0,-12.0,
1646995522964415073,-0.509826660156,-0.404418945312,0.458923339844,0.604919433594,3318.0,-10287.0,-708.0,4.0,3.0,-13.0,
1646995522983451843,-0.509521484375,-0.406433105469,0.455261230469,0.606567382812,2792.0,-9656.0,-834.0,-2.0,10.0,-15.0,
1646995522985534191,-0.509887695312,-0.407043457031,0.453735351562,0.60693359375,2593.0,-9419.0,-984.0,-7.0,12.0,-15.0,
1646995523003874540,-0.511779785156,-0.408447265625,0.450073242188,0.607177734375,2229.0,-8906.0,-1490.0,-16.0,18.0,-15.0,
1646995523018062829,-0.513244628906,-0.4091796875,0.447875976562,0.607055664062,2049.0,-8667.0,-1738.0,-20.0,22.0,-14.0,
1646995523020097017,-0.519592285156,-0.411315917969,0.440551757812,0.605651855469,1534.0,-7928.0,-2242.0,-38.0,28.0,-8.0,
1646995523024415254,-0.5224609375,-0.412109375,0.437866210938,0.604614257812,1354.0,-7649.0,-2294.0,-47.0,29.0,-6.0,
1646995523039940118,-0.533752441406,-0.414916992188,0.429016113281,0.599060058594,529.0,-7165.0,-2139.0,-81.0,30.0,2.0,
1646995523042094230,-0.538391113281,-0.416137695312,0.425903320312,0.596313476562,169.0,-7201.0,-1974.0,-92.0,29.0,4.0,
1646995523044195175,-0.543395996094,-0.417358398438,0.422729492188,0.593200683594,-227.0,-7339.0,-1643.0,-101.0,28.0,5.0,
1646995523062775135,-0.557922363281,-0.420349121094,0.414428710938,0.583312988281,-1300.0,-8184.0,-512.0,-101.0,23.0,9.0,
1646995523077181100,-0.572387695312,-0.421813964844,0.406982421875,0.573364257812,-1991.0,-9190.0,-163.0,-58.0,20.0,7.0,
1646995523079227924,-0.575134277344,-0.421691894531,0.405578613281,0.57177734375,-2090.0,-9196.0,-263.0,-49.0,20.0,7.0,
1646995523083239793,-0.579895019531,-0.420959472656,0.4033203125,0.569091796875,-2181.0,-8856.0,-580.0,-34.0,21.0,8.0,
1646995523096099376,-0.597045898438,-0.414306640625,0.395202636719,0.561889648438,-3253.0,-8079.0,-654.0,-27.0,27.0,4.0,
1646995523098175048,-0.599182128906,-0.413269042969,0.394287109375,0.56103515625,-3444.0,-7935.0,-602.0,-29.0,27.0,4.0,
1646995523100064277,-0.601379394531,-0.412292480469,0.393310546875,0.56005859375,-3632.0,-7745.0,-543.0,-31.0,27.0,4.0,
1646995523104111671,-0.603637695312,-0.411376953125,0.392272949219,0.559020996094,-3797.0,-7534.0,-484.0,-34.0,27.0,4.0,
1646995523106242895,-0.60595703125,-0.410583496094,0.391235351562,0.557861328125,-3927.0,-7350.0,-410.0,-36.0,26.0,3.0,
1646995523117851734,-0.608337402344,-0.409790039062,0.39013671875,0.556579589844,-4020.0,-7232.0,-333.0,-38.0,26.0,3.0,
1646995523120115756,-0.610656738281,-0.409118652344,0.388977050781,0.555358886719,-4069.0,-7206.0,-268.0,-40.0,25.0,2.0,
1646995523124155282,-0.615051269531,-0.408142089844,0.386413574219,0.553039550781,-4064.0,-7437.0,-183.0,-40.0,24.0,-2.0,
1646995523126391410,-0.616943359375,-0.407836914062,0.385009765625,0.552124023438,-4028.0,-7643.0,-163.0,-37.0,23.0,-6.0,
1646995523143503189,-0.618591308594,-0.407592773438,0.383605957031,0.551452636719,-3976.0,-7864.0,-153.0,-33.0,23.0,-10.0,
1646995523158631324,-0.62109375,-0.407165527344,0.380737304688,0.550903320312,-3905.0,-8276.0,-148.0,-23.0,24.0,-16.0,
1646995523182152032,-0.621948242188,-0.406860351562,0.37939453125,0.551086425781,-3903.0,-8444.0,-157.0,-17.0,24.0,-19.0,
1646995523186026334,-0.62255859375,-0.406494140625,0.378112792969,0.551513671875,-3914.0,-8572.0,-155.0,-11.0,24.0,-21.0,
1646995523202594280,-0.623107910156,-0.404907226562,0.375,0.55419921875,-3937.0,-8628.0,-173.0,5.0,24.0,-25.0,
1646995523216527462,-0.622619628906,-0.403076171875,0.372009277344,0.55810546875,-3672.0,-8348.0,-413.0,12.0,25.0,-26.0,
1646995523218654155,-0.622375488281,-0.402526855469,0.370849609375,0.5595703125,-3522.0,-8254.0,-513.0,13.0,25.0,-27.0,
1646995523220614433,-0.6220703125,-0.402099609375,0.36962890625,0.56103515625,-3344.0,-8176.0,-583.0,13.0,26.0,-29.0,
1646995523222757577,-0.621276855469,-0.401306152344,0.366882324219,0.564270019531,-2933.0,-8035.0,-622.0,14.0,26.0,-30.0,
1646995523236301660,-0.620788574219,-0.400939941406,0.365417480469,0.565979003906,-2735.0,-7944.0,-603.0,13.0,26.0,-31.0,
1646995523238392353,-0.619750976562,-0.400268554688,0.360717773438,0.570617675781,-2263.0,-7608.0,-361.0,4.0,26.0,-30.0,
1646995523242621421,-0.61962890625,-0.400146484375,0.359069824219,0.571838378906,-2153.0,-7504.0,-223.0,0.0,26.0,-29.0,
1646995523244687080,-0.61962890625,-0.400085449219,0.357421875,0.572937011719,-2062.0,-7409.0,-45.0,-4.0,25.0,-28.0,
1646995523259252309,-0.619934082031,-0.400024414062,0.354187011719,0.574645996094,-1890.0,-7234.0,222.0,-11.0,22.0,-25.0,
1646995523262957096,-0.620178222656,-0.400024414062,0.352661132812,0.575317382812,-1799.0,-7156.0,276.0,-12.0,21.0,-24.0,
1646995523264967441,-0.620544433594,-0.400146484375,0.35107421875,0.575805664062,-1699.0,-7106.0,281.0,-14.0,20.0,-23.0,
1646995523281207799,-0.620971679688,-0.400329589844,0.349426269531,0.576232910156,-1572.0,-7096.0,182.0,-16.0,20.0,-22.0,
1646995523283356189,-0.621459960938,-0.400573730469,0.347778320312,0.576538085938,-1453.0,-7136.0,20.0,-16.0,20.0,-22.0,
1646995523300066709,-0.6220703125,-0.400817871094,0.346008300781,0.576782226562,-1357.0,-7241.0,-211.0,-15.0,20.0,-21.0,
1646995523302254676,-0.622680664062,-0.401062011719,0.34423828125,0.577026367188,-1284.0,-7387.0,-434.0,-14.0,21.0,-21.0,
1646995523304380178,-0.623168945312,-0.401245117188,0.342529296875,0.577331542969,-1234.0,-7549.0,-631.0,-11.0,21.0,-21.0,
1646995523306287527,-0.623657226562,-0.401306152344,0.340942382812,0.577697753906,-1204.0,-7677.0,-810.0,-9.0,21.0,-21.0,
1646995523321282386,-0.6240234375,-0.4013671875,0.339416503906,0.578186035156,-1187.0,-7751.0,-923.0,-6.0,21.0,-21.0,
1646995523323477506,-0.624328613281,-0.401306152344,0.337951660156,0.578796386719,-1178.0,-7784.0,-978.0,-4.0,21.0,-20.0,
1646995523339926958,-0.624572753906,-0.401123046875,0.336669921875,0.579406738281,-1158.0,-7801.0,-1015.0,-3.0,20.0,-19.0,
1646995523342083215,-0.624816894531,-0.400939941406,0.33544921875,0.579956054688,-1111.0,-7810.0,-1009.0,-2.0,20.0,-17.0,
1646995523344136238,-0.625,-0.400695800781,0.334228515625,0.58056640625,-1039.0,-7802.0,-976.0,-2.0,20.0,-16.0,
1646995523380595445,-0.624938964844,-0.396606445312,0.327575683594,0.587219238281,-422.0,-7495.0,-719.0,9.0,18.0,-8.0,
1646995523383479118,-0.624816894531,-0.395874023438,0.326965332031,0.588195800781,-439.0,-7535.0,-675.0,9.0,18.0,-8.0,
1646995523385447978,-0.62451171875,-0.39453125,0.325866699219,0.590026855469,-454.0,-7583.0,-618.0,9.0,17.0,-9.0,
1646995523401007175,-0.624389648438,-0.393859863281,0.325256347656,0.590942382812,-443.0,-7575.0,-598.0,9.0,17.0,-9.0,
1646995523403238058,-0.624206542969,-0.393249511719,0.32470703125,0.591857910156,-419.0,-7551.0,-573.0,9.0,16.0,-9.0,
1646995523405145406,-0.623901367188,-0.392150878906,0.323608398438,0.593505859375,-374.0,-7486.0,-537.0,7.0,15.0,-8.0,
1646995523407339334,-0.623840332031,-0.3916015625,0.322998046875,0.59423828125,-354.0,-7441.0,-521.0,6.0,15.0,-8.0,
1646995523418266773,-0.623779296875,-0.391174316406,0.322448730469,0.594909667969,-346.0,-7379.0,-540.0,6.0,14.0,-8.0,
1646995523420351028,-0.623718261719,-0.390808105469,0.321899414062,0.595520019531,-324.0,-7328.0,-552.0,4.0,13.0,-8.0,
1646995523444545507,-0.623779296875,-0.390502929688,0.3212890625,0.596008300781,-303.0,-7288.0,-580.0,2.0,12.0,-8.0,
1646995523446639776,-0.623901367188,-0.390319824219,0.320617675781,0.596313476562,-281.0,-7263.0,-604.0,-1.0,11.0,-8.0,
1646995523456395864,-0.624145507812,-0.39013671875,0.319946289062,0.596557617188,-256.0,-7255.0,-644.0,-4.0,11.0,-8.0,
1646995523460819005,-0.624877929688,-0.39013671875,0.318481445312,0.596557617188,-188.0,-7383.0,-730.0,-9.0,10.0,-8.0,
1646995523464919090,-0.625366210938,-0.390197753906,0.317626953125,0.596496582031,-136.0,-7529.0,-774.0,-10.0,9.0,-8.0,
1646995523467090368,-0.625793457031,-0.390319824219,0.316772460938,0.596374511719,-80.0,-7720.0,-799.0,-11.0,9.0,-8.0,
1646995523477455854,-0.626586914062,-0.390319824219,0.314697265625,0.5966796875,156.0,-8119.0,-778.0,-3.0,8.0,-7.0,
1646995523479849100,-0.626586914062,-0.390197753906,0.314147949219,0.597045898438,206.0,-8149.0,-751.0,0.0,9.0,-6.0,
1646995523481924057,-0.626342773438,-0.389587402344,0.313415527344,0.598022460938,224.0,-8166.0,-699.0,5.0,9.0,-5.0,
1646995523484064579,-0.626159667969,-0.389221191406,0.313171386719,0.5986328125,217.0,-8117.0,-630.0,7.0,9.0,-4.0,
1646995523498454809,-0.625854492188,-0.388793945312,0.313049316406,0.599304199219,226.0,-8046.0,-588.0,8.0,8.0,-4.0,
1646995523502968072,-0.625183105469,-0.387634277344,0.312438964844,0.60107421875,311.0,-7757.0,-637.0,8.0,8.0,-4.0,
1646995523505200147,-0.624938964844,-0.386779785156,0.311584472656,0.602294921875,359.0,-7467.0,-584.0,2.0,7.0,-3.0,
1646995523507333278,-0.625061035156,-0.386596679688,0.311340332031,0.602416992188,344.0,-7384.0,-573.0,-2.0,6.0,-2.0,
1646995523521900892,-0.625427246094,-0.386474609375,0.310974121094,0.602355957031,305.0,-7340.0,-566.0,-6.0,6.0,-1.0,
1646995523526072740,-0.629089355469,-0.386779785156,0.308166503906,0.599731445312,301.0,-7963.0,-632.0,-13.0,2.0,-1.0,
1646995523537321329,-0.629455566406,-0.386901855469,0.307922363281,0.599426269531,326.0,-8064.0,-664.0,-10.0,2.0,-1.0,
1646995523539751768,-0.629760742188,-0.386962890625,0.307739257812,0.599182128906,352.0,-8135.0,-702.0,-7.0,1.0,-1.0,
1646995523543835163,-0.630187988281,-0.387084960938,0.307312011719,0.598815917969,473.0,-8171.0,-795.0,-2.0,0.0,-1.0,
1646995523546032905,-0.630249023438,-0.387145996094,0.307189941406,0.598815917969,509.0,-8174.0,-828.0,-1.0,0.0,-1.0,
1646995523558038234,-0.630249023438,-0.387145996094,0.30712890625,0.598815917969,540.0,-8200.0,-871.0,0.0,0.0,-1.0,
1646995523562037229,-0.630249023438,-0.387145996094,0.30712890625,0.598876953125,573.0,-8232.0,-906.0,1.0,0.0,-1.0,
1646995523564415216,-0.630187988281,-0.387084960938,0.307067871094,0.598937988281,599.0,-8255.0,-938.0,2.0,1.0,-1.0,
1646995523577064752,-0.630126953125,-0.387023925781,0.307067871094,0.599060058594,621.0,-8278.0,-961.0,3.0,1.0,-1.0,
1646995523579229354,-0.629699707031,-0.386657714844,0.307067871094,0.599792480469,633.0,-8201.0,-984.0,5.0,2.0,-1.0,
1646995523583441972,-0.629577636719,-0.386535644531,0.307067871094,0.599975585938,613.0,-8140.0,-978.0,4.0,2.0,-1.0,
1646995523585575342,-0.629516601562,-0.38623046875,0.307006835938,0.600219726562,561.0,-8006.0,-950.0,2.0,2.0,0.0,
1646995523598233461,-0.629638671875,-0.386108398438,0.306945800781,0.600280761719,528.0,-7963.0,-934.0,0.0,2.0,0.0,
1646995523600575923,-0.629760742188,-0.385986328125,0.306823730469,0.600280761719,502.0,-7949.0,-921.0,-2.0,2.0,0.0,
1646995523617546081,-0.629943847656,-0.385925292969,0.306640625,0.600158691406,482.0,-7966.0,-912.0,-3.0,2.0,-1.0,
1646995523619727611,-0.630126953125,-0.385864257812,0.306518554688,0.60009765625,465.0,-8004.0,-890.0,-3.0,2.0,-1.0,
1646995523621892929,-0.630310058594,-0.3857421875,0.306335449219,0.600036621094,460.0,-8055.0,-880.0,-3.0,2.0,-1.0,
1646995523623925447,-0.630432128906,-0.385681152344,0.306213378906,0.600036621094,457.0,-8113.0,-867.0,-2.0,3.0,-1.0,
1646995523641569375,-0.630493164062,-0.385559082031,0.306091308594,0.60009765625,462.0,-8154.0,-851.0,-1.0,2.0,-1.0,
1646995523643675804,-0.630493164062,-0.385498046875,0.305969238281,0.600219726562,475.0,-8174.0,-831.0,1.0,2.0,-1.0,
1646995523657571077,-0.630432128906,-0.385375976562,0.305908203125,0.600341796875,499.0,-8162.0,-827.0,2.0,2.0,-1.0,
1646995523659697294,-0.63037109375,-0.38525390625,0.305847167969,0.600524902344,529.0,-8123.0,-814.0,2.0,2.0,-1.0,
1646995523661594390,-0.630310058594,-0.385192871094,0.305786132812,0.600646972656,555.0,-8070.0,-809.0,2.0,1.0,-1.0,
1646995523665615558,-0.630310058594,-0.385192871094,0.305725097656,0.600708007812,576.0,-8020.0,-804.0,0.0,1.0,-1.0,
1646995523677195549,-0.630310058594,-0.385192871094,0.3056640625,0.600769042969,593.0,-7997.0,-817.0,-1.0,1.0,-1.0,
1646995523681375265,-0.63037109375,-0.385192871094,0.305541992188,0.600708007812,608.0,-7987.0,-843.0,-2.0,1.0,-1.0,
1646995523683498382,-0.630493164062,-0.385192871094,0.305480957031,0.600646972656,625.0,-7993.0,-911.0,-1.0,1.0,0.0,
1646995523685501337,-0.630615234375,-0.385192871094,0.305358886719,0.6005859375,612.0,-7995.0,-900.0,-1.0,1.0,0.0,
1646995523701362133,-0.630676269531,-0.385070800781,0.305358886719,0.600646972656,615.0,-7939.0,-947.0,0.0,1.0,1.0,
1646995523703579425,-0.630798339844,-0.384948730469,0.305297851562,0.6005859375,618.0,-7872.0,-953.0,1.0,1.0,1.0,
1646995523705711364,-0.630859375,-0.384765625,0.305358886719,0.600646972656,628.0,-7836.0,-936.0,1.0,1.0,2.0,
1646995523718985795,-0.630920410156,-0.384643554688,0.305358886719,0.600646972656,636.0,-7838.0,-913.0,0.0,1.0,2.0,
1646995523721149682,-0.630981445312,-0.384521484375,0.305358886719,0.600646972656,636.0,-7878.0,-889.0,0.0,1.0,1.0,
1646995523723003149,-0.630981445312,-0.384460449219,0.305358886719,0.600708007812,658.0,-7939.0,-889.0,0.0,1.0,1.0,
1646995523736178159,-0.630981445312,-0.38427734375,0.305297851562,0.600830078125,737.0,-8063.0,-906.0,2.0,1.0,0.0,
1646995523740214824,-0.630920410156,-0.384155273438,0.305297851562,0.600952148438,752.0,-8079.0,-921.0,3.0,1.0,0.0,
1646995523742411613,-0.630798339844,-0.384094238281,0.305297851562,0.601135253906,748.0,-8049.0,-914.0,4.0,1.0,0.0,
1646995523746224403,-0.630676269531,-0.3837890625,0.305419921875,0.601440429688,677.0,-7857.0,-902.0,3.0,1.0,1.0,
1646995523758027076,-0.630798339844,-0.383605957031,0.305541992188,0.601318359375,592.0,-7626.0,-836.0,-2.0,0.0,1.0,
1646995523762346029,-0.63134765625,-0.383544921875,0.305480957031,0.600830078125,540.0,-7521.0,-808.0,-7.0,0.0,2.0,
1646995523764486074,-0.631713867188,-0.383605957031,0.305358886719,0.600463867188,536.0,-7547.0,-818.0,-9.0,-1.0,2.0,
1646995523778289079,-0.632141113281,-0.383728027344,0.305236816406,0.599975585938,537.0,-7617.0,-838.0,-10.0,-1.0,1.0,
1646995523780883550,-0.632934570312,-0.384094238281,0.304870605469,0.59912109375,566.0,-7809.0,-913.0,-10.0,-1.0,1.0,
1646995523782920598,-0.63330078125,-0.384216308594,0.3046875,0.598693847656,584.0,-7902.0,-974.0,-9.0,-1.0,0.0,
1646995523801130294,-0.634216308594,-0.384521484375,0.30419921875,0.597839355469,572.0,-8090.0,-1104.0,-5.0,0.0,1.0,
1646995523803007125,-0.634460449219,-0.384460449219,0.304138183594,0.59765625,544.0,-8138.0,-1119.0,-3.0,1.0,1.0,
1646995523804930448,-0.634643554688,-0.384338378906,0.304077148438,0.597534179688,518.0,-8171.0,-1113.0,-2.0,1.0,1.0,
1646995523818141460,-0.634765625,-0.384216308594,0.304077148438,0.597473144531,496.0,-8199.0,-1097.0,0.0,2.0,1.0,
1646995523822888374,-0.634826660156,-0.384033203125,0.304138183594,0.597534179688,490.0,-8215.0,-1073.0,1.0,2.0,1.0,
1646995523825083017,-0.634826660156,-0.3837890625,0.30419921875,0.59765625,502.0,-8217.0,-1043.0,3.0,2.0,1.0,
1646995523840303182,-0.634704589844,-0.383483886719,0.304260253906,0.597900390625,523.0,-8204.0,-1002.0,5.0,2.0,1.0,
1646995523844486236,-0.634582519531,-0.383239746094,0.304321289062,0.59814453125,548.0,-8173.0,-981.0,6.0,2.0,1.0,
1646995523858849287,-0.634460449219,-0.382934570312,0.304382324219,0.598449707031,574.0,-8127.0,-968.0,6.0,3.0,1.0,
1646995523860970735,-0.63427734375,-0.382690429688,0.304443359375,0.598754882812,591.0,-8063.0,-964.0,6.0,3.0,1.0,
1646995523863067388,-0.634155273438,-0.382446289062,0.304504394531,0.599060058594,595.0,-7984.0,-955.0,6.0,3.0,1.0,
1646995523864934206,-0.634094238281,-0.382202148438,0.304504394531,0.599243164062,583.0,-7906.0,-932.0,4.0,3.0,1.0,
1646995523879300832,-0.634155273438,-0.381713867188,0.304504394531,0.599487304688,519.0,-7767.0,-869.0,1.0,3.0,2.0,
1646995523881842374,-0.63427734375,-0.381469726562,0.304565429688,0.599487304688,474.0,-7711.0,-839.0,0.0,2.0,2.0,
1646995523885785341,-0.634704589844,-0.381042480469,0.304565429688,0.599365234375,383.0,-7645.0,-772.0,-3.0,2.0,3.0,
1646995523896276473,-0.635009765625,-0.380859375,0.304565429688,0.599182128906,359.0,-7640.0,-726.0,-5.0,2.0,3.0,
1646995523903850078,-0.63525390625,-0.380676269531,0.304626464844,0.598999023438,368.0,-7651.0,-703.0,-5.0,1.0,3.0,
1646995523906008243,-0.635559082031,-0.380493164062,0.304626464844,0.598754882812,417.0,-7663.0,-701.0,-6.0,1.0,3.0,
1646995523917076826,-0.635864257812,-0.380432128906,0.304565429688,0.598510742188,481.0,-7690.0,-713.0,-6.0,1.0,4.0,
1646995523921758413,-0.636108398438,-0.380310058594,0.304565429688,0.598327636719,551.0,-7732.0,-736.0,-5.0,1.0,4.0,
1646995523923789262,-0.636352539062,-0.380187988281,0.304565429688,0.598083496094,613.0,-7776.0,-783.0,-4.0,1.0,5.0,
1646995523937800645,-0.636657714844,-0.380065917969,0.304565429688,0.597900390625,660.0,-7819.0,-843.0,-3.0,1.0,5.0,
1646995523940110683,-0.636901855469,-0.3798828125,0.304626464844,0.597778320312,685.0,-7861.0,-904.0,-2.0,1.0,6.0,
1646995523942048311,-0.637084960938,-0.379577636719,0.3046875,0.59765625,685.0,-7902.0,-964.0,0.0,2.0,6.0,
1646995523944162130,-0.637329101562,-0.379211425781,0.304870605469,0.597595214844,670.0,-7937.0,-1019.0,1.0,2.0,7.0,
1646995523958181858,-0.6376953125,-0.378356933594,0.305297851562,0.597534179688,598.0,-7985.0,-1088.0,3.0,3.0,7.0,
1646995523960355520,-0.637878417969,-0.377868652344,0.305480957031,0.597534179688,547.0,-7964.0,-1105.0,4.0,3.0,8.0,
1646995523962357997,-0.638061523438,-0.377319335938,0.305725097656,0.597534179688,500.0,-7918.0,-1107.0,3.0,3.0,8.0,
1646995523964345455,-0.638305664062,-0.376831054688,0.305969238281,0.597473144531,446.0,-7846.0,-1081.0,2.0,3.0,8.0,
1646995523979017972,-0.638549804688,-0.376342773438,0.30615234375,0.597412109375,401.0,-7766.0,-1004.0,0.0,3.0,8.0,
1646995523983178853,-0.638854980469,-0.375854492188,0.306335449219,0.597290039062,360.0,-7718.0,-928.0,-2.0,3.0,8.0,
1646995523985329151,-0.639221191406,-0.37548828125,0.306518554688,0.597045898438,321.0,-7703.0,-863.0,-4.0,2.0,7.0,
1646995524004404544,-0.640197753906,-0.374389648438,0.307006835938,0.596435546875,258.0,-7819.0,-708.0,-4.0,1.0,6.0,
1646995524018846511,-0.640441894531,-0.374084472656,0.307189941406,0.596313476562,235.0,-7856.0,-693.0,-3.0,1.0,6.0,
1646995524021102905,-0.640869140625,-0.373352050781,0.307678222656,0.596069335938,159.0,-7902.0,-707.0,-1.0,1.0,6.0,
1646995524023313760,-0.641052246094,-0.372985839844,0.307922363281,0.595886230469,109.0,-7913.0,-726.0,-1.0,1.0,6.0,
1646995524041416168,-0.641296386719,-0.372619628906,0.308166503906,0.595764160156,52.0,-7938.0,-755.0,-1.0,1.0,6.0,
1646995524045669794,-0.641784667969,-0.371826171875,0.30859375,0.595520019531,-70.0,-7995.0,-807.0,0.0,2.0,5.0,
1646995524056977987,-0.641967773438,-0.371459960938,0.308837890625,0.595397949219,-130.0,-8025.0,-817.0,0.0,2.0,4.0,
1646995524059132337,-0.642150878906,-0.371032714844,0.309020996094,0.595397949219,-173.0,-8051.0,-832.0,1.0,2.0,4.0,
1646995524065116882,-0.642272949219,-0.370666503906,0.309204101562,0.595397949219,-198.0,-8067.0,-847.0,2.0,2.0,3.0,
1646995524077949762,-0.642333984375,-0.370300292969,0.309448242188,0.595458984375,-208.0,-8075.0,-858.0,3.0,2.0,2.0,
1646995524080098152,-0.642272949219,-0.36962890625,0.309753417969,0.595703125,-180.0,-8073.0,-867.0,5.0,2.0,2.0,
1646995524082035779,-0.642211914062,-0.369262695312,0.309936523438,0.595947265625,-149.0,-8045.0,-882.0,5.0,2.0,2.0,
1646995524100875616,-0.642150878906,-0.368896484375,0.310119628906,0.596130371094,-117.0,-8013.0,-877.0,6.0,2.0,2.0,
1646995524102942943,-0.64208984375,-0.368530273438,0.310241699219,0.596374511719,-84.0,-7976.0,-867.0,6.0,2.0,3.0,
1646995524115925312,-0.642028808594,-0.3681640625,0.310424804688,0.596557617188,-53.0,-7938.0,-850.0,6.0,3.0,3.0,
1646995524119766473,-0.641967773438,-0.367309570312,0.310791015625,0.596984863281,-9.0,-7909.0,-870.0,5.0,3.0,4.0,
1646995524122223854,-0.641967773438,-0.366882324219,0.310913085938,0.59716796875,1.0,-7920.0,-889.0,5.0,3.0,4.0,
1646995524124305725,-0.642028808594,-0.366455078125,0.311096191406,0.597351074219,-3.0,-7949.0,-873.0,6.0,4.0,4.0,
1646995524140561580,-0.641845703125,-0.365356445312,0.311584472656,0.597900390625,-78.0,-7981.0,-724.0,8.0,4.0,4.0,
1646995524144760847,-0.641662597656,-0.36474609375,0.311950683594,0.598327636719,-120.0,-7984.0,-648.0,9.0,3.0,4.0,
1646995524156254529,-0.641357421875,-0.364074707031,0.312316894531,0.598754882812,-148.0,-7991.0,-594.0,11.0,3.0,4.0,
1646995524158509016,-0.640686035156,-0.362731933594,0.313232421875,0.599853515625,-195.0,-8022.0,-517.0,14.0,3.0,4.0,
1646995524160211563,-0.640258789062,-0.362060546875,0.313720703125,0.600463867188,-223.0,-8026.0,-498.0,15.0,3.0,3.0,
1646995524164472818,-0.639831542969,-0.361389160156,0.314147949219,0.60107421875,-251.0,-8023.0,-496.0,15.0,3.0,3.0,
1646995524181028842,-0.638610839844,-0.359497070312,0.315368652344,0.602905273438,-309.0,-8031.0,-546.0,15.0,3.0,2.0,
1646995524183182477,-0.637573242188,-0.357788085938,0.316284179688,0.604553222656,-337.0,-8057.0,-621.0,13.0,4.0,1.0,
1646995524196484327,-0.637268066406,-0.357299804688,0.316467285156,0.605041503906,-320.0,-8085.0,-661.0,12.0,4.0,0.0,
1646995524200806856,-0.636474609375,-0.35595703125,0.316833496094,0.606506347656,-150.0,-8199.0,-835.0,12.0,5.0,0.0,
1646995524202978134,-0.636291503906,-0.355529785156,0.316772460938,0.606994628906,-106.0,-8222.0,-844.0,11.0,6.0,0.0,
1646995524219352245,-0.636047363281,-0.355102539062,0.316711425781,0.607421875,-58.0,-8186.0,-769.0,10.0,6.0,-1.0,
1646995524225790500,-0.635681152344,-0.354309082031,0.316589355469,0.6083984375,-41.0,-8132.0,-654.0,7.0,6.0,-1.0,
1646995524241318225,-0.635559082031,-0.353942871094,0.316528320312,0.608764648438,-54.0,-8129.0,-598.0,5.0,6.0,-1.0,
1646995524245505094,-0.635375976562,-0.352966308594,0.316101074219,0.609741210938,-85.0,-8209.0,-458.0,3.0,6.0,-3.0,
1646995524255558490,-0.635314941406,-0.352722167969,0.315856933594,0.610046386719,-117.0,-8218.0,-425.0,2.0,5.0,-4.0,
1646995524257605314,-0.63525390625,-0.3525390625,0.315612792969,0.6103515625,-152.0,-8226.0,-408.0,2.0,5.0,-4.0,
1646995524263859033,-0.635314941406,-0.352233886719,0.314758300781,0.610961914062,-226.0,-8231.0,-389.0,-1.0,5.0,-6.0,
1646995524278768301,-0.635314941406,-0.352172851562,0.31396484375,0.611389160156,-131.0,-8276.0,-354.0,-1.0,5.0,-7.0,
1646995524281273841,-0.63525390625,-0.352233886719,0.313537597656,0.611633300781,-39.0,-8331.0,-358.0,-1.0,5.0,-7.0,
1646995524304207324,-0.635192871094,-0.352294921875,0.31298828125,0.611938476562,57.0,-8396.0,-365.0,0.0,5.0,-8.0,
1646995524399042606,-0.635070800781,-0.352355957031,0.3125,0.6123046875,142.0,-8483.0,-375.0,1.0,6.0,-8.0,
1646995524401152610,-0.634704589844,-0.352355957031,0.311462402344,0.613220214844,263.0,-8689.0,-419.0,4.0,7.0,-8.0,
1646995524403205871,-0.634399414062,-0.352233886719,0.31103515625,0.61376953125,288.0,-8786.0,-462.0,7.0,7.0,-8.0,
1646995524405365943,-0.634033203125,-0.35205078125,0.310668945312,0.614440917969,295.0,-8859.0,-502.0,9.0,7.0,-8.0,
1646995524423125982,-0.633056640625,-0.351501464844,0.309997558594,0.616088867188,246.0,-8907.0,-524.0,14.0,8.0,-8.0,
1646995524464290857,-0.632446289062,-0.351135253906,0.309814453125,0.617004394531,206.0,-8880.0,-517.0,16.0,7.0,-9.0,
1646995524480399131,-0.631774902344,-0.350830078125,0.309631347656,0.617980957031,169.0,-8828.0,-503.0,17.0,7.0,-9.0,
1646995524482395648,-0.631103515625,-0.350463867188,0.309509277344,0.618957519531,143.0,-8757.0,-506.0,17.0,7.0,-9.0,
1646995524484422445,-0.630493164062,-0.350158691406,0.309326171875,0.619812011719,119.0,-8703.0,-495.0,16.0,6.0,-9.0,
1646995524499329328,-0.6298828125,-0.349914550781,0.30908203125,0.620666503906,92.0,-8668.0,-469.0,15.0,6.0,-9.0,
1646995524501495838,-0.629333496094,-0.349731445312,0.308837890625,0.621459960938,66.0,-8659.0,-441.0,13.0,6.0,-10.0,
1646995524520521402,-0.628356933594,-0.349426269531,0.308227539062,0.622924804688,33.0,-8656.0,-343.0,10.0,6.0,-11.0,
1646995524537263154,-0.627868652344,-0.349365234375,0.307861328125,0.623657226562,44.0,-8629.0,-288.0,9.0,5.0,-12.0,
1646995524539419889,-0.627319335938,-0.349365234375,0.307495117188,0.624389648438,70.0,-8579.0,-258.0,9.0,5.0,-12.0,
1646995524543296575,-0.625854492188,-0.349914550781,0.306091308594,0.626220703125,185.0,-8434.0,-326.0,6.0,3.0,-14.0,
1646995524558151960,-0.625549316406,-0.350280761719,0.305480957031,0.626647949219,203.0,-8403.0,-352.0,3.0,3.0,-15.0,
1646995524560286283,-0.625244140625,-0.350708007812,0.304809570312,0.627075195312,209.0,-8382.0,-384.0,2.0,3.0,-16.0,
1646995524562396526,-0.625,-0.351196289062,0.304077148438,0.627380371094,208.0,-8368.0,-421.0,0.0,3.0,-17.0,
1646995524564298152,-0.624816894531,-0.351684570312,0.303344726562,0.627563476562,201.0,-8359.0,-441.0,-2.0,3.0,-17.0,
1646995524576963186,-0.624755859375,-0.352233886719,0.302490234375,0.627746582031,184.0,-8375.0,-438.0,-4.0,3.0,-17.0,
1646995524581121206,-0.624633789062,-0.353393554688,0.300842285156,0.628051757812,159.0,-8448.0,-399.0,-6.0,3.0,-18.0,
1646995524585334062,-0.62451171875,-0.353942871094,0.299987792969,0.628234863281,156.0,-8478.0,-362.0,-5.0,3.0,-18.0,
1646995524598291873,-0.624389648438,-0.3544921875,0.299194335938,0.628479003906,161.0,-8488.0,-305.0,-5.0,3.0,-18.0,
1646995524600533008,-0.624145507812,-0.355041503906,0.29833984375,0.628784179688,182.0,-8482.0,-263.0,-4.0,3.0,-19.0,
1646995524602632284,-0.623901367188,-0.355651855469,0.297546386719,0.629089355469,207.0,-8469.0,-230.0,-3.0,2.0,-19.0,
1646995524620145559,-0.623596191406,-0.356262207031,0.296752929688,0.62939453125,234.0,-8443.0,-200.0,-3.0,2.0,-20.0,
1646995524624670267,-0.619689941406,-0.371276855469,0.279541015625,0.632446289062,286.0,-8545.0,-51.0,8.0,-2.0,-16.0,
1646995524639721632,-0.618957519531,-0.37158203125,0.279418945312,0.633056640625,294.0,-8472.0,-78.0,10.0,-2.0,-15.0,
1646995524641826629,-0.6181640625,-0.371826171875,0.279357910156,0.633666992188,315.0,-8372.0,-129.0,11.0,-2.0,-14.0,
1646995524656300067,-0.616760253906,-0.372314453125,0.279113769531,0.634887695312,387.0,-8189.0,-255.0,12.0,-1.0,-13.0,
1646995524658432483,-0.616149902344,-0.37255859375,0.278991699219,0.635437011719,429.0,-8135.0,-329.0,11.0,-1.0,-12.0,
1646995524662570476,-0.611511230469,-0.372924804688,0.278137207031,0.640075683594,667.0,-7879.0,-323.0,10.0,2.0,-4.0,
1646995524664421081,-0.609802246094,-0.372009277344,0.278747558594,0.641906738281,805.0,-8157.0,-37.0,14.0,1.0,-2.0,
1646995524697700023,-0.609008789062,-0.371643066406,0.279052734375,0.642700195312,841.0,-8306.0,30.0,18.0,1.0,-3.0,
1646995524703638315,-0.605224609375,-0.370239257812,0.280822753906,0.646301269531,915.0,-8676.0,299.0,34.0,-1.0,-4.0,
1646995524721957683,-0.598999023438,-0.367980957031,0.284545898438,0.651794433594,1045.0,-8788.0,566.0,53.0,-5.0,0.0,
1646995524724174022,-0.596435546875,-0.367065429688,0.2861328125,0.653930664062,1093.0,-8800.0,601.0,59.0,-6.0,1.0,
1646995524738242149,-0.587585449219,-0.36376953125,0.2919921875,0.661193847656,1218.0,-8873.0,720.0,74.0,-8.0,3.0,
1646995524742403984,-0.584228515625,-0.362548828125,0.294250488281,0.663818359375,1266.0,-8893.0,740.0,80.0,-9.0,4.0,
1646995524758845090,-0.572875976562,-0.358459472656,0.301696777344,0.672546386719,1492.0,-8698.0,654.0,93.0,-11.0,6.0,
1646995524761061191,-0.568908691406,-0.356994628906,0.304382324219,0.675476074219,1579.0,-8490.0,567.0,95.0,-11.0,8.0,
1646995524764767169,-0.565002441406,-0.35546875,0.307006835938,0.678344726562,1667.0,-8225.0,467.0,94.0,-10.0,10.0,
1646995524780481576,-0.557983398438,-0.352355957031,0.31201171875,0.683471679688,1710.0,-7764.0,231.0,86.0,-8.0,14.0,
1646995524782505989,-0.554992675781,-0.350769042969,0.314392089844,0.685668945312,1806.0,-7696.0,127.0,80.0,-6.0,15.0,
1646995524801129817,-0.552124023438,-0.349304199219,0.316467285156,0.687744140625,1870.0,-7683.0,26.0,76.0,-4.0,14.0,
1646995524803333520,-0.549438476562,-0.347839355469,0.318359375,0.689758300781,1905.0,-7727.0,-52.0,73.0,-1.0,13.0,
1646995524815513610,-0.544494628906,-0.3447265625,0.321838378906,0.693664550781,1947.0,-7680.0,-94.0,69.0,1.0,14.0,
1646995524817643880,-0.542053222656,-0.342956542969,0.323669433594,0.695556640625,1991.0,-7467.0,-28.0,69.0,2.0,16.0,
1646995524819813966,-0.537353515625,-0.339050292969,0.327514648438,0.699279785156,2061.0,-6912.0,109.0,65.0,5.0,23.0,
1646995524823932409,-0.535461425781,-0.337036132812,0.329284667969,0.700866699219,2065.0,-6755.0,148.0,58.0,7.0,24.0,
1646995524838133096,-0.533935546875,-0.335144042969,0.330749511719,0.702270507812,2033.0,-6732.0,200.0,51.0,10.0,22.0,
1646995524842456102,-0.530395507812,-0.32958984375,0.333862304688,0.706115722656,1906.0,-7370.0,434.0,42.0,15.0,16.0,
1646995524844541549,-0.529235839844,-0.327697753906,0.334716796875,0.707458496094,1909.0,-7729.0,468.0,45.0,16.0,15.0,
1646995524857610702,-0.526306152344,-0.323425292969,0.336608886719,0.710693359375,1994.0,-8422.0,545.0,57.0,19.0,16.0,
1646995524859811305,-0.524291992188,-0.320983886719,0.337707519531,0.712768554688,2046.0,-8718.0,609.0,66.0,21.0,16.0,
1646995524876522302,-0.521911621094,-0.318237304688,0.338928222656,0.715148925781,2102.0,-8964.0,666.0,76.0,22.0,16.0,
1646995524878983020,-0.519104003906,-0.315185546875,0.340270996094,0.717895507812,2151.0,-9143.0,727.0,86.0,24.0,16.0,
1646995524881043195,-0.499206542969,-0.29638671875,0.348815917969,0.735717773438,2397.0,-8682.0,1052.0,125.0,29.0,18.0,
1646995524897621870,-0.494384765625,-0.292114257812,0.350708007812,0.73974609375,2469.0,-8302.0,1083.0,128.0,30.0,18.0,
1646995524899809360,-0.480163574219,-0.279235839844,0.356018066406,0.75146484375,2571.0,-6631.0,1247.0,118.0,33.0,20.0,
1646995524901904106,-0.47607421875,-0.275085449219,0.357543945312,0.7548828125,2478.0,-5939.0,1348.0,107.0,34.0,20.0,
1646995524904082775,-0.472595214844,-0.271118164062,0.358947753906,0.7578125,2310.0,-5079.0,1611.0,91.0,33.0,22.0,
1646995524919761896,-0.467346191406,-0.260986328125,0.362976074219,0.7626953125,1878.0,-2690.0,1855.0,23.0,29.0,34.0,
1646995524921881198,-0.468444824219,-0.259033203125,0.363403320312,0.762512207031,1857.0,-2604.0,1793.0,-7.0,28.0,31.0,
1646995524941386222,-0.477600097656,-0.257446289062,0.359741210938,0.759094238281,1918.0,-4099.0,1742.0,-59.0,33.0,8.0,
1646995524959424734,-0.481323242188,-0.257385253906,0.35791015625,0.757568359375,1960.0,-4677.0,1839.0,-61.0,33.0,8.0,
1646995524961546897,-0.487976074219,-0.256591796875,0.355224609375,0.7548828125,2104.0,-5560.0,2301.0,-49.0,32.0,17.0,
1646995524963551521,-0.490600585938,-0.255676269531,0.354431152344,0.753845214844,2105.0,-5917.0,2512.0,-41.0,31.0,22.0,
1646995524980069875,-0.492919921875,-0.254455566406,0.353942871094,0.752990722656,2049.0,-6221.0,2750.0,-32.0,31.0,25.0,
1646995524984156370,-0.497436523438,-0.248901367188,0.354309082031,0.751647949219,1580.0,-6918.0,3427.0,-6.0,28.0,30.0,
1646995524999097824,-0.498107910156,-0.246643066406,0.35498046875,0.751647949219,1408.0,-7079.0,3628.0,2.0,26.0,31.0,
1646995525003337621,-0.498291015625,-0.242004394531,0.35693359375,0.752136230469,1181.0,-7352.0,3881.0,17.0,21.0,31.0,
1646995525016410350,-0.497802734375,-0.239624023438,0.358093261719,0.752685546875,1106.0,-7432.0,3993.0,25.0,20.0,30.0,
1646995525018598794,-0.496948242188,-0.237243652344,0.359313964844,0.75341796875,1061.0,-7482.0,4079.0,31.0,18.0,28.0,
1646995525020624876,-0.495849609375,-0.23486328125,0.360534667969,0.754333496094,1016.0,-7480.0,4129.0,34.0,17.0,27.0,
1646995525022704601,-0.49462890625,-0.232604980469,0.361694335938,0.755187988281,981.0,-7436.0,4141.0,35.0,15.0,26.0,
1646995525024672269,-0.493530273438,-0.23046875,0.362854003906,0.756042480469,966.0,-7364.0,4109.0,34.0,14.0,25.0,
1646995525039172649,-0.492431640625,-0.228454589844,0.364013671875,0.7568359375,976.0,-7268.0,4055.0,32.0,13.0,25.0,
1646995525041173219,-0.49072265625,-0.224792480469,0.366149902344,0.757995605469,1061.0,-7137.0,4006.0,25.0,13.0,25.0,
1646995525043360948,-0.489990234375,-0.223083496094,0.367126464844,0.758483886719,1119.0,-7071.0,4002.0,24.0,13.0,25.0,
1646995525045189619,-0.489196777344,-0.221313476562,0.3681640625,0.759033203125,1163.0,-6984.0,4001.0,25.0,13.0,26.0,
1646995525059518814,-0.487243652344,-0.217529296875,0.370422363281,0.760314941406,1179.0,-6847.0,4026.0,30.0,13.0,27.0,
1646995525061856508,-0.486145019531,-0.215576171875,0.371643066406,0.760986328125,1133.0,-6834.0,4113.0,31.0,13.0,27.0,
1646995525119092702,-0.485107421875,-0.213623046875,0.372802734375,0.761596679688,1050.0,-6857.0,4215.0,29.0,12.0,26.0,
1646995525121368169,-0.483703613281,-0.2099609375,0.375,0.762451171875,722.0,-7007.0,4507.0,19.0,12.0,24.0,
1646995525123435735,-0.483337402344,-0.208312988281,0.3759765625,0.762634277344,545.0,-7132.0,4630.0,14.0,11.0,22.0,
1646995525125582933,-0.483154296875,-0.206848144531,0.376770019531,0.762756347656,353.0,-7245.0,4712.0,9.0,11.0,20.0,
