1646150268642607450,0.0487060546875,0.213073730469,0.15966796875,0.962646484375,-3889.0,1540.0,8548.0,3.0,0.0,1.0,
1646150268650700569,0.0489501953125,0.213012695312,0.159851074219,0.962585449219,-3956.0,1755.0,8773.0,1.0,-2.0,2.0,
1646150268655340194,0.049072265625,0.212768554688,0.160095214844,0.962585449219,-4002.0,1967.0,8999.0,-4.0,-5.0,2.0,
1646150268659651041,0.0488891601562,0.212219238281,0.160400390625,0.962707519531,-4035.0,2093.0,9182.0,-10.0,-8.0,2.0,
1646150268664258480,0.0484008789062,0.211364746094,0.160705566406,0.962829589844,-4025.0,2096.0,9270.0,-15.0,-12.0,1.0,
1646150268669492721,0.047607421875,0.210266113281,0.161010742188,0.963073730469,-3954.0,1986.0,9263.0,-18.0,-16.0,1.0,
1646150268673730134,0.0466918945312,0.208984375,0.161315917969,0.96337890625,-3831.0,1826.0,9182.0,-19.0,-18.0,1.0,
1646150268678547143,0.0458984375,0.207580566406,0.161682128906,0.963623046875,-3666.0,1655.0,9068.0,-16.0,-19.0,3.0,
1646150268685910701,0.04541015625,0.206237792969,0.162109375,0.9638671875,-3466.0,1548.0,8916.0,-11.0,-18.0,6.0,
1646150268689941167,0.04541015625,0.204956054688,0.162719726562,0.964050292969,-3262.0,1549.0,8740.0,-5.0,-17.0,9.0,
1646150268695549726,0.0457153320312,0.203918457031,0.163452148438,0.964111328125,-3041.0,1707.0,8544.0,-1.0,-13.0,12.0,
1646150268700151205,0.0463256835938,0.203186035156,0.164367675781,0.964111328125,-2856.0,2021.0,8318.0,-1.0,-9.0,14.0,
1646150268705576896,0.0469970703125,0.202697753906,0.165466308594,0.963989257812,-2745.0,2415.0,8043.0,-3.0,-5.0,16.0,
1646150268711198806,0.047607421875,0.202392578125,0.166748046875,0.963806152344,-2709.0,2782.0,7776.0,-8.0,-3.0,17.0,
1646150268715243577,0.0479736328125,0.2021484375,0.168151855469,0.963562011719,-2740.0,3047.0,7527.0,-13.0,-3.0,19.0,
1646150268719944953,0.0480346679688,0.201843261719,0.169677734375,0.96337890625,-2793.0,3189.0,7324.0,-17.0,-5.0,20.0,
1646150268725678443,0.0477905273438,0.201477050781,0.171264648438,0.963195800781,-2838.0,3211.0,7175.0,-21.0,-6.0,20.0,
1646150268729812145,0.0472412109375,0.200988769531,0.172729492188,0.963012695312,-2873.0,3129.0,7103.0,-24.0,-6.0,19.0,
1646150268736650228,0.0463256835938,0.200500488281,0.174072265625,0.962951660156,-2899.0,2954.0,7097.0,-26.0,-6.0,17.0,
1646150268739102602,0.0452270507812,0.200012207031,0.175354003906,0.962890625,-2937.0,2710.0,7167.0,-27.0,-5.0,15.0,
1646150268745758533,0.0439453125,0.199523925781,0.176452636719,0.962829589844,-3005.0,2438.0,7307.0,-26.0,-4.0,13.0,
1646150268750154018,0.0425415039062,0.199096679688,0.177368164062,0.962829589844,-3112.0,2168.0,7434.0,-25.0,-3.0,11.0,
1646150268754632711,0.0411376953125,0.19873046875,0.178283691406,0.962768554688,-3254.0,1885.0,7562.0,-25.0,-3.0,10.0,
1646150268760323047,0.0397338867188,0.198364257812,0.179016113281,0.962768554688,-3385.0,1555.0,7624.0,-23.0,-4.0,9.0,
1646150268764782190,0.0383911132812,0.198059082031,0.179626464844,0.962768554688,-3461.0,1205.0,7627.0,-19.0,-5.0,8.0,
1646150268767280340,0.037109375,0.197692871094,0.180114746094,0.962829589844,-3442.0,884.0,7514.0,-17.0,-5.0,6.0,
1646150268776299715,0.0357666015625,0.197326660156,0.180419921875,0.962890625,-3419.0,595.0,7514.0,-17.0,-4.0,3.0,
1646150268780092239,0.0343017578125,0.196960449219,0.180603027344,0.963012695312,-3432.0,337.0,7605.0,-17.0,-3.0,1.0,
1646150268784548282,0.0328979492188,0.196594238281,0.180603027344,0.963134765625,-3461.0,66.0,7761.0,-16.0,-4.0,-1.0,
1646150268789557456,0.03173828125,0.196166992188,0.180541992188,0.963256835938,-3468.0,-200.0,7851.0,-10.0,-4.0,-2.0,
1646150268793986320,0.031005859375,0.195983886719,0.180297851562,0.96337890625,-3409.0,-398.0,7874.0,-2.0,-3.0,-2.0,
1646150268799905538,0.0308227539062,0.195983886719,0.179931640625,0.963439941406,-3343.0,-415.0,7870.0,8.0,0.0,-3.0,
1646150268804515123,0.0313720703125,0.196350097656,0.179565429688,0.96337890625,-3310.0,-230.0,7878.0,16.0,4.0,-3.0,
1646150268812564849,0.0324096679688,0.197021484375,0.17919921875,0.963317871094,-3332.0,47.0,7928.0,21.0,7.0,-3.0,
1646150268817120313,0.03369140625,0.19775390625,0.178833007812,0.963195800781,-3403.0,299.0,8004.0,21.0,7.0,-3.0,
1646150268821861267,0.0348510742188,0.198364257812,0.178405761719,0.963073730469,-3495.0,468.0,8114.0,20.0,5.0,-4.0,
1646150268826563358,0.0357666015625,0.198852539062,0.177795410156,0.963073730469,-3578.0,551.0,8199.0,17.0,2.0,-6.0,
1646150268831318378,0.0364990234375,0.19921875,0.177124023438,0.963073730469,-3658.0,602.0,8321.0,15.0,0.0,-9.0,
1646150268835825920,0.0371704101562,0.199401855469,0.17626953125,0.963195800781,-3733.0,702.0,8436.0,15.0,-2.0,-11.0,
1646150268840438604,0.0379638671875,0.199523925781,0.175415039062,0.963256835938,-3733.0,888.0,8417.0,16.0,-3.0,-11.0,
1646150268844858169,0.0389404296875,0.199645996094,0.174682617188,0.963317871094,-3703.0,1024.0,8400.0,15.0,-3.0,-9.0,
1646150268849450588,0.0396118164062,0.19970703125,0.174011230469,0.963439941406,-3698.0,1127.0,8362.0,11.0,-3.0,-10.0,
1646150268853980779,0.0397338867188,0.19970703125,0.173217773438,0.963562011719,-3670.0,1225.0,8239.0,3.0,-3.0,-14.0,
1646150268858592510,0.0394897460938,0.199645996094,0.17236328125,0.963745117188,-3553.0,1247.0,8027.0,-4.0,-3.0,-15.0,
1646150268861926555,0.0388793945312,0.199584960938,0.171691894531,0.963928222656,-3405.0,1165.0,7788.0,-9.0,-2.0,-14.0,
1646150268870132923,0.0380249023438,0.199523925781,0.171081542969,0.964050292969,-3294.0,1020.0,7578.0,-12.0,0.0,-13.0,
1646150268874586105,0.037109375,0.199584960938,0.170532226562,0.964172363281,-3215.0,857.0,7415.0,-10.0,2.0,-12.0,
1646150268879292488,0.0362548828125,0.199768066406,0.169982910156,0.964233398438,-3162.0,716.0,7291.0,-8.0,4.0,-11.0,
1646150268884412050,0.0355834960938,0.200134277344,0.16943359375,0.964294433594,-3160.0,624.0,7199.0,-5.0,6.0,-10.0,
1646150268888888359,0.03515625,0.200744628906,0.168884277344,0.964294433594,-3255.0,596.0,7274.0,0.0,8.0,-10.0,
1646150268893498897,0.0350952148438,0.201354980469,0.168334960938,0.964233398438,-3432.0,669.0,7501.0,4.0,8.0,-8.0,
1646150268912460565,0.0354614257812,0.202026367188,0.168029785156,0.964172363281,-3624.0,865.0,7676.0,9.0,6.0,-4.0,
1646150268931969165,0.0383911132812,0.203796386719,0.168701171875,0.963562011719,-4590.0,1865.0,8360.0,-7.0,-11.0,3.0,
1646150268936676025,0.0379028320312,0.203186035156,0.168884277344,0.963684082031,-4646.0,1565.0,8421.0,-8.0,-15.0,2.0,
1646150268941352128,0.0372314453125,0.202392578125,0.168823242188,0.9638671875,-4689.0,1260.0,8469.0,-8.0,-16.0,0.0,
1646150268945905685,0.0366821289062,0.201599121094,0.168640136719,0.964111328125,-4697.0,975.0,8496.0,-5.0,-18.0,-2.0,
1646150268951902627,0.036376953125,0.20068359375,0.168395996094,0.96435546875,-4647.0,696.0,8466.0,-1.0,-19.0,-3.0,
1646150268956456899,0.0362548828125,0.19970703125,0.16796875,0.964599609375,-4562.0,464.0,8447.0,4.0,-20.0,-3.0,
1646150268959869861,0.0363159179688,0.198669433594,0.167541503906,0.964904785156,-4461.0,302.0,8495.0,6.0,-21.0,-4.0,
1646150268965587615,0.036376953125,0.197509765625,0.167053222656,0.965209960938,-4374.0,204.0,8585.0,6.0,-21.0,-5.0,
1646150268969101667,0.0364990234375,0.1962890625,0.16650390625,0.965576171875,-4312.0,138.0,8670.0,5.0,-22.0,-6.0,
1646150268973617315,0.0364379882812,0.194946289062,0.165954589844,0.965942382812,-4246.0,51.0,8727.0,3.0,-24.0,-8.0,
1646150268976934671,0.0363159179688,0.193542480469,0.165222167969,0.966369628906,-4171.0,1.0,8758.0,1.0,-26.0,-9.0,
1646150268985099315,0.0360717773438,0.192016601562,0.164489746094,0.966796875,-4064.0,92.0,8789.0,0.0,-27.0,-11.0,
1646150268989645481,0.0359497070312,0.1904296875,0.163696289062,0.967224121094,-3951.0,343.0,8821.0,-3.0,-27.0,-12.0,
1646150268994136333,0.0357666015625,0.188781738281,0.163024902344,0.967712402344,-3866.0,685.0,8849.0,-7.0,-27.0,-12.0,
1646150268998691797,0.0355224609375,0.18701171875,0.162536621094,0.968139648438,-3793.0,1058.0,8868.0,-13.0,-29.0,-11.0,
1646150269004148244,0.034912109375,0.184997558594,0.162109375,0.968627929688,-3736.0,1413.0,8842.0,-21.0,-32.0,-12.0,
1646150269009330272,0.03369140625,0.182800292969,0.161682128906,0.969116210938,-3696.0,1717.0,8846.0,-32.0,-35.0,-14.0,
1646150269015109539,0.0317993164062,0.180358886719,0.161193847656,0.9697265625,-3663.0,1900.0,8885.0,-44.0,-37.0,-17.0,
1646150269023912906,0.0291137695312,0.177612304688,0.160705566406,0.970397949219,-3627.0,1918.0,8949.0,-56.0,-40.0,-20.0,
1646150269025286436,0.0255737304688,0.174499511719,0.160034179688,0.97119140625,-3593.0,1769.0,9000.0,-67.0,-43.0,-23.0,
1646150269029367208,0.0211791992188,0.171203613281,0.159240722656,0.971984863281,-3547.0,1503.0,9029.0,-77.0,-45.0,-26.0,
1646150269033837795,0.0160522460938,0.167602539062,0.158325195312,0.972900390625,-3481.0,1141.0,9075.0,-86.0,-47.0,-30.0,
1646150269038654804,0.0103759765625,0.163879394531,0.1572265625,0.973754882812,-3398.0,691.0,9082.0,-92.0,-48.0,-33.0,
1646150269041971921,0.0045166015625,0.159973144531,0.155883789062,0.974670410156,-3301.0,139.0,9087.0,-92.0,-50.0,-36.0,
1646150269049800395,-0.00128173828125,0.155944824219,0.154357910156,0.9755859375,-3182.0,-447.0,9083.0,-87.0,-51.0,-38.0,
1646150269054548740,-0.0068359375,0.151916503906,0.152587890625,0.976501464844,-3029.0,-1004.0,9100.0,-79.0,-52.0,-40.0,
1646150269059098720,-0.0117797851562,0.14794921875,0.150695800781,0.977355957031,-2849.0,-1436.0,9085.0,-68.0,-51.0,-41.0,
1646150269063759326,-0.0159301757812,0.144165039062,0.148681640625,0.978149414062,-2649.0,-1701.0,9088.0,-56.0,-49.0,-41.0,
1646150269068323373,-0.0192260742188,0.140625,0.146606445312,0.978942871094,-2481.0,-1765.0,9097.0,-45.0,-47.0,-41.0,
1646150269071663618,-0.021728515625,0.137329101562,0.144470214844,0.979675292969,-2347.0,-1655.0,9088.0,-36.0,-44.0,-40.0,
1646150269079596757,-0.0237426757812,0.134216308594,0.142395019531,0.980346679688,-2255.0,-1430.0,9055.0,-31.0,-43.0,-40.0,
1646150269084103584,-0.025390625,0.131164550781,0.140380859375,0.981018066406,-2212.0,-1187.0,9023.0,-30.0,-43.0,-40.0,
1646150269088538408,-0.027099609375,0.128173828125,0.138305664062,0.981628417969,-2194.0,-998.0,8980.0,-31.0,-44.0,-40.0,
1646150269093356847,-0.029052734375,0.125,0.136169433594,0.982299804688,-2172.0,-895.0,8971.0,-35.0,-46.0,-42.0,
1646150269097111701,-0.0313110351562,0.121704101562,0.133850097656,0.982971191406,-2105.0,-898.0,8931.0,-39.0,-48.0,-45.0,
1646150269104787111,-0.033935546875,0.118286132812,0.13134765625,0.983642578125,-2017.0,-1021.0,8891.0,-43.0,-49.0,-49.0,
1646150269111294984,-0.0369262695312,0.114685058594,0.128662109375,0.984313964844,-1953.0,-1262.0,8868.0,-45.0,-49.0,-52.0,
1646150269117162227,-0.0400390625,0.111083984375,0.125732421875,0.984985351562,-1893.0,-1601.0,8860.0,-44.0,-49.0,-54.0,
1646150269121170282,-0.0430297851562,0.107482910156,0.122741699219,0.985656738281,-1808.0,-2014.0,8820.0,-39.0,-50.0,-56.0,
1646150269125470638,-0.0457763671875,0.103942871094,0.119506835938,0.986267089844,-1705.0,-2413.0,8787.0,-32.0,-49.0,-58.0,
1646150269130038499,-0.048095703125,0.100463867188,0.116088867188,0.986938476562,-1608.0,-2734.0,8771.0,-23.0,-48.0,-60.0,
1646150269134442329,-0.0498657226562,0.0971069335938,0.112487792969,0.987609863281,-1541.0,-2972.0,8768.0,-15.0,-46.0,-62.0,
1646150269139147758,-0.0510864257812,0.0939331054688,0.108703613281,0.98828125,-1497.0,-3185.0,8746.0,-5.0,-45.0,-65.0,
1646150269143841266,-0.0517578125,0.0908813476562,0.104675292969,0.988952636719,-1468.0,-3414.0,8725.0,4.0,-45.0,-67.0,
1646150269148703813,-0.052001953125,0.0879516601562,0.100463867188,0.989624023438,-1439.0,-3629.0,8705.0,12.0,-44.0,-70.0,
1646150269152987718,-0.0516967773438,0.0851440429688,0.0960083007812,0.990356445312,-1382.0,-3802.0,8707.0,22.0,-43.0,-73.0,
1646150269156455278,-0.0508422851562,0.0823364257812,0.0913696289062,0.991088867188,-1300.0,-3910.0,8686.0,32.0,-42.0,-75.0,
1646150269164573192,-0.0493774414062,0.0796508789062,0.0864868164062,0.991821289062,-1214.0,-3927.0,8762.0,41.0,-41.0,-78.0,
1646150269169889211,-0.04736328125,0.0770263671875,0.0814208984375,0.992553710938,-1154.0,-3950.0,8803.0,48.0,-40.0,-81.0,
1646150269174056768,-0.044921875,0.074462890625,0.0761108398438,0.993286132812,-1055.0,-4013.0,8794.0,56.0,-40.0,-85.0,
1646150269183589220,-0.0421142578125,0.0718994140625,0.0704345703125,0.994018554688,-980.0,-4040.0,8772.0,63.0,-39.0,-89.0,
1646150269184414148,-0.0390014648438,0.0695190429688,0.0645141601562,0.994689941406,-956.0,-3950.0,8786.0,69.0,-37.0,-94.0,
1646150269190964221,-0.035400390625,0.0673217773438,0.0584716796875,0.995361328125,-929.0,-3754.0,8736.0,74.0,-35.0,-95.0,
1646150269195014476,-0.0313720703125,0.065185546875,0.0523681640625,0.995971679688,-892.0,-3519.0,8659.0,79.0,-34.0,-96.0,
1646150269199978590,-0.0269165039062,0.0631713867188,0.0462036132812,0.996520996094,-858.0,-3263.0,8540.0,84.0,-33.0,-97.0,
1646150269205950975,-0.0222778320312,0.0612182617188,0.0398559570312,0.9970703125,-855.0,-3032.0,8415.0,87.0,-33.0,-100.0,
1646150269209343433,-0.0175170898438,0.0592651367188,0.0332641601562,0.997497558594,-860.0,-2855.0,8322.0,88.0,-33.0,-103.0,
1646150269216028690,-0.0127563476562,0.0573120117188,0.0265502929688,0.997863769531,-883.0,-2723.0,8277.0,89.0,-33.0,-106.0,
1646150269221052885,-0.0079345703125,0.0553588867188,0.0197143554688,0.998229980469,-917.0,-2625.0,8237.0,91.0,-33.0,-108.0,
1646150269226396083,-0.00311279296875,0.053466796875,0.0127563476562,0.998474121094,-952.0,-2523.0,8193.0,92.0,-33.0,-110.0,
1646150269231051206,0.0018310546875,0.0516357421875,0.005615234375,0.998596191406,-985.0,-2395.0,8155.0,94.0,-33.0,-112.0,
1646150269235532760,0.0069580078125,0.0497436523438,-0.00164794921875,0.998718261719,-1016.0,-2254.0,8163.0,96.0,-33.0,-114.0,
1646150269240836858,0.0122680664062,0.0477905273438,-0.009033203125,0.998718261719,-1039.0,-2072.0,8148.0,98.0,-34.0,-116.0,
1646150269268862962,0.0177001953125,0.0458374023438,-0.0164184570312,0.998596191406,-1066.0,-1841.0,8117.0,100.0,-35.0,-117.0,
1646150269272030115,0.0233154296875,0.0438232421875,-0.02392578125,0.998474121094,-1111.0,-1545.0,8112.0,101.0,-36.0,-117.0,
1646150269275800943,0.0289306640625,0.041748046875,-0.0313720703125,0.998168945312,-1190.0,-1272.0,8213.0,100.0,-37.0,-117.0,
1646150269279312133,0.0346069335938,0.03955078125,-0.038818359375,0.997802734375,-1308.0,-1122.0,8367.0,99.0,-40.0,-118.0,
1646150269282611370,0.0403442382812,0.0372314453125,-0.04638671875,0.997375488281,-1397.0,-1108.0,8458.0,103.0,-44.0,-118.0,
1646150269288808107,0.04638671875,0.03466796875,-0.053955078125,0.996826171875,-1383.0,-1054.0,8394.0,112.0,-46.0,-118.0,
1646150269296556472,0.0530395507812,0.0321044921875,-0.0614624023438,0.996154785156,-1292.0,-791.0,8262.0,121.0,-45.0,-117.0,
1646150269299485683,0.060302734375,0.0294799804688,-0.06884765625,0.995361328125,-1218.0,-287.0,8154.0,125.0,-43.0,-116.0,
1646150269307554721,0.0676879882812,0.02685546875,-0.076171875,0.994384765625,-1163.0,326.0,8089.0,122.0,-43.0,-115.0,
1646150269333612918,0.0748291015625,0.0242309570312,-0.0833740234375,0.993347167969,-1108.0,866.0,8025.0,113.0,-44.0,-114.0,
1646150269337088346,0.0812377929688,0.0215454101562,-0.090576171875,0.992309570312,-1064.0,1243.0,7947.0,101.0,-45.0,-113.0,
1646150269345958232,0.0867309570312,0.0188598632812,-0.0977783203125,0.9912109375,-1018.0,1463.0,7860.0,89.0,-46.0,-114.0,
1646150269350385904,0.0914916992188,0.0162353515625,-0.10498046875,0.990112304688,-983.0,1570.0,7829.0,80.0,-47.0,-115.0,
1646150269357144832,0.095947265625,0.013671875,-0.112243652344,0.988891601562,-983.0,1562.0,7760.0,76.0,-47.0,-115.0,
1646150269361600160,0.100402832031,0.0110473632812,-0.119445800781,0.987670898438,-1014.0,1456.0,7697.0,80.0,-47.0,-114.0,
1646150269364851951,0.105224609375,0.00848388671875,-0.126586914062,0.986328125,-1052.0,1341.0,7668.0,88.0,-47.0,-113.0,
1646150269375870704,0.110412597656,0.0059814453125,-0.133544921875,0.984802246094,-1096.0,1333.0,7672.0,96.0,-46.0,-111.0,
1646150269411037683,0.116027832031,0.00347900390625,-0.140502929688,0.983215332031,-1110.0,1465.0,7705.0,101.0,-44.0,-110.0,
1646150269479737043,0.121948242188,0.0009765625,-0.147338867188,0.981506347656,-1114.0,1680.0,7731.0,103.0,-43.0,-109.0,
1646150269496093511,0.127868652344,-0.00152587890625,-0.154174804688,0.979675292969,-1122.0,1935.0,7740.0,101.0,-43.0,-109.0,
1646150269502677202,0.133666992188,-0.00396728515625,-0.161010742188,0.977844238281,-1128.0,2157.0,7755.0,98.0,-43.0,-109.0,
1646150269507975101,0.13916015625,-0.0064697265625,-0.167846679688,0.975891113281,-1122.0,2295.0,7755.0,93.0,-44.0,-109.0,
1646150269509104967,0.144287109375,-0.0089111328125,-0.174621582031,0.973937988281,-1118.0,2355.0,7751.0,88.0,-45.0,-108.0,
1646150269510956764,0.148986816406,-0.0113525390625,-0.181396484375,0.971984863281,-1128.0,2367.0,7746.0,84.0,-45.0,-109.0,
1646150269514652490,0.153442382812,-0.013671875,-0.188232421875,0.969970703125,-1164.0,2367.0,7763.0,80.0,-45.0,-109.0,
1646150269518113374,0.157592773438,-0.0159301757812,-0.195007324219,0.967895507812,-1225.0,2394.0,7823.0,77.0,-45.0,-109.0,
1646150269522711038,0.161499023438,-0.0181884765625,-0.201721191406,0.9658203125,-1278.0,2465.0,7852.0,73.0,-46.0,-107.0,
1646150269524279832,0.165283203125,-0.0203857421875,-0.208374023438,0.963745117188,-1297.0,2589.0,7791.0,70.0,-46.0,-106.0,
1646150269525581359,0.169067382812,-0.0225830078125,-0.21484375,0.961608886719,-1290.0,2788.0,7661.0,68.0,-45.0,-104.0,
1646150269528016090,0.172912597656,-0.0247802734375,-0.221130371094,0.95947265625,-1280.0,3036.0,7538.0,66.0,-44.0,-101.0,
1646150269528910160,0.1767578125,-0.0269775390625,-0.227172851562,0.957275390625,-1283.0,3285.0,7434.0,65.0,-43.0,-97.0,
1646150269531527280,0.180541992188,-0.0291748046875,-0.233032226562,0.955078125,-1318.0,3497.0,7343.0,63.0,-43.0,-94.0,
1646150269532774686,0.184143066406,-0.0313110351562,-0.23876953125,0.952941894531,-1389.0,3650.0,7299.0,60.0,-43.0,-92.0,
1646150269534402608,0.1875,-0.0333862304688,-0.244445800781,0.950744628906,-1493.0,3746.0,7319.0,57.0,-43.0,-92.0,
1646150269537040948,0.190490722656,-0.0353393554688,-0.250244140625,0.948547363281,-1587.0,3789.0,7384.0,53.0,-44.0,-92.0,
1646150269538672685,0.193237304688,-0.0372924804688,-0.255920410156,0.946411132812,-1654.0,3776.0,7475.0,50.0,-46.0,-91.0,
1646150269550933361,0.195678710938,-0.0392456054688,-0.261596679688,0.944274902344,-1682.0,3727.0,7590.0,48.0,-47.0,-90.0,
1646150269551615953,0.197998046875,-0.0413208007812,-0.267211914062,0.942138671875,-1670.0,3662.0,7723.0,47.0,-47.0,-89.0,
1646150269551850318,0.200256347656,-0.04345703125,-0.272644042969,0.940002441406,-1651.0,3582.0,7932.0,48.0,-48.0,-86.0,
1646150269566178798,0.202575683594,-0.0457763671875,-0.277893066406,0.937866210938,-1599.0,3679.0,8117.0,52.0,-48.0,-83.0,
1646150269567063808,0.205322265625,-0.0481567382812,-0.28271484375,0.935729980469,-1590.0,3884.0,8150.0,55.0,-46.0,-77.0,
1646150269567691326,0.20849609375,-0.0507202148438,-0.287170410156,0.933532714844,-1587.0,4032.0,8232.0,59.0,-46.0,-71.0,
1646150269568039178,0.211669921875,-0.0533447265625,-0.291381835938,0.931335449219,-1608.0,3997.0,8102.0,62.0,-47.0,-67.0,
1646150269568688154,0.229370117188,-0.0675048828125,-0.314575195312,0.918640136719,-1697.0,5041.0,6669.0,45.0,-39.0,-49.0,
1646150269569430351,0.237243652344,-0.0759887695312,-0.326904296875,0.91162109375,-1696.0,4296.0,5793.0,35.0,-40.0,-47.0,
1646150269569917917,0.239135742188,-0.0778198242188,-0.329772949219,0.909912109375,-1633.0,4149.0,5694.0,40.0,-36.0,-45.0,
1646150269570276975,0.241394042969,-0.0796508789062,-0.332275390625,0.908264160156,-1561.0,4127.0,5637.0,44.0,-31.0,-41.0,
1646150269570611238,0.243957519531,-0.0814208984375,-0.33447265625,0.906616210938,-1492.0,4211.0,5621.0,48.0,-28.0,-36.0,
1646150269570959091,0.246704101562,-0.0831909179688,-0.33642578125,0.904968261719,-1446.0,4343.0,5634.0,49.0,-25.0,-33.0,
1646150269571299314,0.249389648438,-0.0848999023438,-0.338256835938,0.903381347656,-1432.0,4459.0,5637.0,47.0,-23.0,-31.0,
1646150269571634292,0.251892089844,-0.0863647460938,-0.340026855469,0.90185546875,-1441.0,4520.0,5633.0,43.0,-23.0,-30.0,
1646150269572226524,0.254089355469,-0.0877685546875,-0.341918945312,0.900451660156,-1453.0,4533.0,5650.0,37.0,-23.0,-31.0,
1646150269572579622,0.255859375,-0.0889892578125,-0.343811035156,0.899108886719,-1480.0,4518.0,5698.0,31.0,-23.0,-31.0,
1646150269572931051,0.257263183594,-0.0900268554688,-0.345642089844,0.897888183594,-1493.0,4458.0,5773.0,26.0,-23.0,-29.0,
1646150269573326587,0.258361816406,-0.0910034179688,-0.347473144531,0.896789550781,-1507.0,4359.0,5863.0,23.0,-23.0,-28.0,
1646150269573701620,0.25927734375,-0.0919189453125,-0.349243164062,0.895690917969,-1533.0,4268.0,5942.0,20.0,-23.0,-27.0,
1646150269574273824,0.260131835938,-0.0927734375,-0.350952148438,0.894714355469,-1553.0,4221.0,5961.0,19.0,-22.0,-26.0,
1646150269574604749,0.260925292969,-0.0936279296875,-0.3525390625,0.893798828125,-1580.0,4227.0,5955.0,17.0,-21.0,-24.0,
1646150269575630664,0.26171875,-0.0943603515625,-0.35400390625,0.892883300781,-1626.0,4275.0,5964.0,15.0,-20.0,-22.0,
1646150269580157279,0.262451171875,-0.0950927734375,-0.355346679688,0.892028808594,-1646.0,4313.0,5961.0,13.0,-20.0,-20.0,
1646150269585107564,0.263000488281,-0.0957641601562,-0.356689453125,0.891296386719,-1671.0,4269.0,5948.0,10.0,-19.0,-19.0,
1646150269589380502,0.263305664062,-0.0962524414062,-0.357971191406,0.890625,-1695.0,4127.0,5911.0,7.0,-18.0,-18.0,
1646150269593913078,0.263427734375,-0.0966186523438,-0.359252929688,0.890014648438,-1755.0,3895.0,5916.0,5.0,-17.0,-17.0,
1646150269598537445,0.263488769531,-0.0968627929688,-0.360412597656,0.889526367188,-1872.0,3650.0,6005.0,6.0,-16.0,-15.0,
1646150269603215694,0.263671875,-0.09716796875,-0.361450195312,0.888977050781,-2007.0,3416.0,6073.0,10.0,-17.0,-13.0,
1646150269607924938,0.264038085938,-0.0974731445312,-0.362426757812,0.888488769531,-2181.0,3149.0,6200.0,14.0,-17.0,-12.0,
1646150269611288547,0.264526367188,-0.0978393554688,-0.363525390625,0.887817382812,-2373.0,2917.0,6329.0,18.0,-18.0,-13.0,
1646150269619762659,0.265380859375,-0.0982666015625,-0.364624023438,0.887084960938,-2484.0,2784.0,6411.0,25.0,-19.0,-13.0,
1646150269626777410,0.266662597656,-0.0990600585938,-0.365600585938,0.88623046875,-2444.0,2821.0,6380.0,33.0,-19.0,-12.0,
1646150269631140947,0.268493652344,-0.100280761719,-0.3662109375,0.88525390625,-2329.0,3080.0,6281.0,40.0,-18.0,-8.0,
1646150269635839462,0.27099609375,-0.101745605469,-0.366394042969,0.88427734375,-2222.0,3565.0,6153.0,46.0,-14.0,-3.0,
1646150269640318155,0.273742675781,-0.103332519531,-0.366088867188,0.883361816406,-2174.0,4223.0,6053.0,46.0,-12.0,4.0,
1646150269644938230,0.276489257812,-0.104919433594,-0.365356445312,0.882629394531,-2178.0,4977.0,5969.0,40.0,-11.0,11.0,
1646150269649426460,0.278686523438,-0.106384277344,-0.364379882812,0.882141113281,-2216.0,5742.0,5908.0,27.0,-12.0,18.0,
1646150269654342651,0.280029296875,-0.107543945312,-0.363342285156,0.882019042969,-2299.0,6447.0,5920.0,9.0,-13.0,22.0,
1646150269658806800,0.280151367188,-0.108337402344,-0.3623046875,0.88232421875,-2418.0,7021.0,5961.0,-13.0,-15.0,24.0,
1646150269663308858,0.279113769531,-0.10888671875,-0.361450195312,0.882934570312,-2527.0,7392.0,6023.0,-33.0,-19.0,26.0,
1646150269667832612,0.276733398438,-0.109130859375,-0.360778808594,0.883911132812,-2585.0,7547.0,6107.0,-52.0,-23.0,27.0,
1646150269671307563,0.273254394531,-0.109130859375,-0.360229492188,0.885192871094,-2582.0,7511.0,6134.0,-68.0,-25.0,28.0,
1646150269679323196,0.268859863281,-0.10888671875,-0.359741210938,0.886779785156,-2522.0,7348.0,6102.0,-82.0,-26.0,28.0,
1646150269683983087,0.263854980469,-0.1083984375,-0.359252929688,0.888549804688,-2443.0,7103.0,6032.0,-91.0,-25.0,29.0,
1646150269688603401,0.258422851562,-0.107788085938,-0.358642578125,0.890441894531,-2376.0,6839.0,5959.0,-97.0,-24.0,30.0,
1646150269693235874,0.252868652344,-0.107055664062,-0.35791015625,0.892456054688,-2328.0,6578.0,5916.0,-99.0,-23.0,33.0,
1646150269697923660,0.247253417969,-0.106323242188,-0.356994628906,0.894470214844,-2298.0,6315.0,5875.0,-99.0,-22.0,37.0,
1646150269701396942,0.241760253906,-0.105590820312,-0.355895996094,0.896484375,-2289.0,6016.0,5825.0,-97.0,-21.0,39.0,
1646150269709305524,0.236206054688,-0.104797363281,-0.354736328125,0.898498535156,-2269.0,5694.0,5754.0,-96.0,-21.0,39.0,
1646150269713798761,0.230773925781,-0.103942871094,-0.353576660156,0.900512695312,-2233.0,5390.0,5609.0,-94.0,-19.0,39.0,
1646150269718458414,0.225402832031,-0.102966308594,-0.352416992188,0.902404785156,-2186.0,5123.0,5402.0,-94.0,-17.0,37.0,
1646150269723252058,0.220092773438,-0.101867675781,-0.351318359375,0.904296875,-2102.0,4911.0,5171.0,-95.0,-14.0,35.0,
1646150269730788707,0.214721679688,-0.100524902344,-0.350219726562,0.906127929688,-2019.0,4746.0,4947.0,-99.0,-11.0,34.0,
1646150269735443353,0.209228515625,-0.098876953125,-0.349060058594,0.908081054688,-1946.0,4609.0,4708.0,-103.0,-7.0,34.0,
1646150269739998579,0.203552246094,-0.0969848632812,-0.347900390625,0.909973144531,-1860.0,4414.0,4504.0,-108.0,-3.0,34.0,
1646150269744976997,0.197692871094,-0.0947875976562,-0.346801757812,0.911926269531,-1766.0,4132.0,4346.0,-111.0,0.0,32.0,
1646150269749363899,0.191772460938,-0.0924072265625,-0.345825195312,0.913818359375,-1647.0,3771.0,4199.0,-111.0,3.0,29.0,
1646150269753913640,0.185791015625,-0.0897216796875,-0.344970703125,0.915649414062,-1551.0,3389.0,4171.0,-110.0,7.0,25.0,
1646150269758497476,0.179992675781,-0.0867309570312,-0.344299316406,0.917358398438,-1374.0,3098.0,3931.0,-107.0,12.0,21.0,
1646150269763351440,0.174743652344,-0.0836791992188,-0.343566894531,0.918884277344,-1270.0,2913.0,4062.0,-101.0,18.0,19.0,
1646150269768557071,0.169860839844,-0.080322265625,-0.342651367188,0.920471191406,-1071.0,2704.0,3963.0,-96.0,23.0,20.0,
1646150269773185491,0.165161132812,-0.0769653320312,-0.341735839844,0.921936035156,-888.0,2316.0,3950.0,-94.0,28.0,19.0,
1646150269860575437,0.160339355469,-0.0732421875,-0.340881347656,0.923400878906,-835.0,1764.0,4014.0,-93.0,33.0,17.0,
1646150269863224983,0.155700683594,-0.0691528320312,-0.340209960938,0.924743652344,-768.0,1078.0,4071.0,-85.0,36.0,13.0,
1646150269864608764,0.151489257812,-0.0647583007812,-0.339660644531,0.925964355469,-717.0,440.0,4176.0,-76.0,43.0,8.0,
1646150269866264581,0.14794921875,-0.0601196289062,-0.339233398438,0.927001953125,-683.0,7.0,4359.0,-65.0,51.0,4.0,
1646150269869775295,0.145263671875,-0.0552368164062,-0.338806152344,0.927917480469,-683.0,-156.0,4632.0,-55.0,58.0,2.0,
1646150269871194601,0.143127441406,-0.0501708984375,-0.33837890625,0.928649902344,-721.0,-61.0,4896.0,-50.0,64.0,1.0,
1646150269873787403,0.141357421875,-0.0448608398438,-0.337951660156,0.929382324219,-781.0,221.0,5066.0,-53.0,69.0,0.0,
1646150269875481367,0.139343261719,-0.0391235351562,-0.337524414062,0.930114746094,-861.0,575.0,5159.0,-64.0,74.0,0.0,
1646150269876473665,0.136901855469,-0.032958984375,-0.337158203125,0.930847167969,-914.0,857.0,5236.0,-76.0,77.0,-2.0,
1646150269877907276,0.133911132812,-0.0264282226562,-0.336853027344,0.931579589844,-898.0,940.0,5317.0,-87.0,80.0,-4.0,
1646150269878339767,0.13037109375,-0.0195922851562,-0.336791992188,0.932250976562,-848.0,878.0,5502.0,-92.0,83.0,-9.0,
1646150269879146575,0.126770019531,-0.0126342773438,-0.336975097656,0.932861328125,-835.0,757.0,5751.0,-91.0,85.0,-13.0,
1646150269879671335,0.123413085938,-0.00567626953125,-0.337280273438,0.933227539062,-924.0,699.0,6036.0,-85.0,86.0,-16.0,
1646150269879969596,0.120544433594,0.001220703125,-0.337585449219,0.933532714844,-1085.0,706.0,6326.0,-77.0,86.0,-16.0,
1646150269880341529,0.118225097656,0.008056640625,-0.337768554688,0.933715820312,-1278.0,747.0,6617.0,-70.0,86.0,-15.0,
1646150269881873846,0.116394042969,0.0147094726562,-0.337951660156,0.933776855469,-1454.0,824.0,6955.0,-63.0,85.0,-15.0,
1646150269882286071,0.114868164062,0.0211791992188,-0.338134765625,0.933776855469,-1583.0,901.0,7255.0,-56.0,84.0,-14.0,
1646150269883286714,0.113708496094,0.0272827148438,-0.338256835938,0.933715820312,-1656.0,996.0,7567.0,-51.0,82.0,-13.0,
1646150269883714675,0.112731933594,0.033203125,-0.338195800781,0.933715820312,-1712.0,944.0,7801.0,-47.0,81.0,-10.0,
1646150269884679794,0.11181640625,0.0389404296875,-0.338073730469,0.93359375,-1723.0,842.0,7976.0,-42.0,80.0,-10.0,
1646150269885207414,0.111145019531,0.0446166992188,-0.338012695312,0.933471679688,-1629.0,677.0,8097.0,-37.0,81.0,-10.0,
1646150269886246204,0.110595703125,0.050048828125,-0.337951660156,0.933288574219,-1499.0,507.0,8193.0,-32.0,82.0,-10.0,
1646150269888989925,0.1103515625,0.055419921875,-0.337951660156,0.932983398438,-1419.0,334.0,8332.0,-26.0,83.0,-11.0,
1646150269894176721,0.110473632812,0.0606689453125,-0.338012695312,0.932678222656,-1438.0,227.0,8484.0,-19.0,83.0,-11.0,
1646150269898392438,0.110961914062,0.0658569335938,-0.338012695312,0.932250976562,-1487.0,165.0,8615.0,-14.0,83.0,-11.0,
1646150269902746915,0.111694335938,0.071044921875,-0.338073730469,0.931762695312,-1520.0,120.0,8763.0,-10.0,83.0,-11.0,
1646150269907493114,0.112548828125,0.0761108398438,-0.338134765625,0.931213378906,-1520.0,125.0,8874.0,-8.0,84.0,-12.0,
1646150269910831689,0.113525390625,0.0811157226562,-0.338317871094,0.930603027344,-1502.0,187.0,9007.0,-7.0,84.0,-13.0,
1646150269919028043,0.114562988281,0.0861206054688,-0.338439941406,0.929992675781,-1506.0,269.0,9082.0,-7.0,85.0,-14.0,
1646150269924099683,0.115539550781,0.091064453125,-0.338623046875,0.929321289062,-1530.0,362.0,9137.0,-8.0,85.0,-14.0,
1646150269930441141,0.116516113281,0.0960693359375,-0.338745117188,0.928649902344,-1587.0,448.0,9192.0,-10.0,84.0,-14.0,
1646150269935111284,0.117370605469,0.10107421875,-0.3388671875,0.927978515625,-1639.0,576.0,9150.0,-12.0,84.0,-14.0,
1646150269939928770,0.1181640625,0.106201171875,-0.338989257812,0.92724609375,-1647.0,713.0,9082.0,-15.0,84.0,-15.0,
1646150269944752216,0.118774414062,0.111267089844,-0.339111328125,0.926513671875,-1632.0,820.0,9057.0,-18.0,85.0,-16.0,
1646150269949158906,0.119384765625,0.116333007812,-0.339294433594,0.92578125,-1643.0,893.0,9054.0,-18.0,85.0,-17.0,
1646150269953611612,0.120056152344,0.121337890625,-0.339538574219,0.924987792969,-1711.0,962.0,9070.0,-16.0,84.0,-18.0,
1646150269958285808,0.120849609375,0.126220703125,-0.339721679688,0.924133300781,-1835.0,1014.0,9125.0,-14.0,83.0,-17.0,
1646150269962734699,0.121704101562,0.131042480469,-0.339965820312,0.923217773438,-1993.0,1045.0,9234.0,-11.0,81.0,-17.0,
1646150269967808485,0.122619628906,0.1357421875,-0.340270996094,0.92236328125,-2175.0,1053.0,9384.0,-10.0,79.0,-17.0,
1646150269971438169,0.123413085938,0.140319824219,-0.340637207031,0.92138671875,-2345.0,1043.0,9568.0,-10.0,77.0,-19.0,
1646150269978861808,0.1240234375,0.144836425781,-0.341125488281,0.920471191406,-2500.0,1004.0,9738.0,-11.0,74.0,-20.0,
1646150269983544826,0.124450683594,0.149230957031,-0.341674804688,0.919494628906,-2628.0,922.0,9912.0,-13.0,72.0,-22.0,
1646150269988009452,0.124572753906,0.153564453125,-0.34228515625,0.918518066406,-2731.0,825.0,10070.0,-15.0,70.0,-22.0,
1646150269992799282,0.12451171875,0.157836914062,-0.342895507812,0.917602539062,-2820.0,732.0,10206.0,-17.0,68.0,-23.0,
1646150269996185779,0.124328613281,0.161987304688,-0.343444824219,0.916687011719,-2897.0,656.0,10309.0,-19.0,66.0,-22.0,
1646150270004189968,0.1240234375,0.166015625,-0.344055175781,0.915771484375,-2939.0,604.0,10355.0,-21.0,64.0,-22.0,
1646150270008655071,0.12353515625,0.169982910156,-0.344604492188,0.914916992188,-2943.0,586.0,10328.0,-22.0,62.0,-22.0,
1646150270013203382,0.123046875,0.173828125,-0.34521484375,0.914001464844,-2912.0,673.0,10271.0,-24.0,61.0,-23.0,
1646150270017706394,0.12255859375,0.177673339844,-0.345764160156,0.913146972656,-2847.0,892.0,10181.0,-26.0,61.0,-24.0,
1646150270022483348,0.1220703125,0.181457519531,-0.34619140625,0.912292480469,-2819.0,1191.0,10102.0,-30.0,62.0,-23.0,
1646150270026071548,0.121459960938,0.185241699219,-0.346374511719,0.911560058594,-2853.0,1477.0,10009.0,-36.0,61.0,-21.0,
1646150270035879611,0.120544433594,0.189025878906,-0.346435546875,0.910827636719,-2953.0,1664.0,9918.0,-41.0,58.0,-19.0,
1646150270040578603,0.119323730469,0.192810058594,-0.346496582031,0.910217285156,-3096.0,1719.0,9841.0,-45.0,54.0,-20.0,
1646150270045677900,0.117736816406,0.196533203125,-0.3466796875,0.909545898438,-3270.0,1638.0,9782.0,-48.0,50.0,-21.0,
1646150270049688816,0.115783691406,0.200134277344,-0.346984863281,0.908874511719,-3437.0,1460.0,9747.0,-48.0,45.0,-23.0,
1646150270054440975,0.11376953125,0.203552246094,-0.347473144531,0.908203125,-3584.0,1218.0,9734.0,-47.0,42.0,-25.0,
1646150270058793783,0.111694335938,0.206787109375,-0.34814453125,0.907470703125,-3684.0,966.0,9725.0,-44.0,39.0,-26.0,
1646150270063405752,0.109741210938,0.209838867188,-0.348876953125,0.90673828125,-3757.0,735.0,9764.0,-39.0,37.0,-26.0,
1646150270068018674,0.108032226562,0.212585449219,-0.349609375,0.906005859375,-3806.0,555.0,9807.0,-34.0,35.0,-26.0,
1646150270072989225,0.106506347656,0.215148925781,-0.350463867188,0.9052734375,-3847.0,422.0,9877.0,-30.0,34.0,-25.0,
1646150270077361106,0.105224609375,0.217529296875,-0.351257324219,0.904541015625,-3900.0,299.0,9938.0,-27.0,33.0,-24.0,
1646150270080652475,0.10400390625,0.2197265625,-0.35205078125,0.90380859375,-3961.0,180.0,9975.0,-24.0,31.0,-23.0,
1646150270089072704,0.102966308594,0.221740722656,-0.352905273438,0.903137207031,-4012.0,79.0,9987.0,-21.0,29.0,-23.0,
1646150270093726158,0.10205078125,0.2236328125,-0.353698730469,0.902465820312,-4060.0,18.0,9968.0,-18.0,27.0,-22.0,
1646150270098252058,0.101257324219,0.225280761719,-0.354553222656,0.901794433594,-4093.0,2.0,9919.0,-16.0,25.0,-21.0,
1646150270102671861,0.100646972656,0.226806640625,-0.355346679688,0.901184082031,-4090.0,46.0,9843.0,-13.0,22.0,-20.0,
1646150270107175350,0.100219726562,0.228088378906,-0.356079101562,0.900634765625,-4043.0,160.0,9717.0,-12.0,21.0,-19.0,
1646150270110649108,0.0997924804688,0.229309082031,-0.356689453125,0.900085449219,-3965.0,311.0,9545.0,-13.0,20.0,-17.0,
1646150270118630409,0.0992431640625,0.230529785156,-0.357177734375,0.899658203125,-3890.0,429.0,9346.0,-16.0,20.0,-16.0,
1646150270123490095,0.0985717773438,0.231750488281,-0.357604980469,0.899230957031,-3830.0,469.0,9134.0,-19.0,18.0,-16.0,
1646150270128117084,0.09765625,0.233032226562,-0.358093261719,0.898803710938,-3801.0,419.0,8919.0,-21.0,17.0,-16.0,
1646150270132881641,0.0964965820312,0.234375,-0.358581542969,0.898376464844,-3784.0,298.0,8729.0,-23.0,15.0,-17.0,
1646150270141900777,0.09521484375,0.235656738281,-0.359191894531,0.89794921875,-3785.0,171.0,8589.0,-23.0,15.0,-18.0,
1646150270146208047,0.093994140625,0.236999511719,-0.359802246094,0.8974609375,-3786.0,79.0,8511.0,-21.0,14.0,-18.0,
1646150270149614334,0.0929565429688,0.238159179688,-0.360473632812,0.897033691406,-3787.0,57.0,8458.0,-18.0,14.0,-18.0,
1646150270153705120,0.0921020507812,0.2392578125,-0.361083984375,0.896545410156,-3803.0,107.0,8484.0,-16.0,15.0,-17.0,
1646150270158348321,0.0914306640625,0.240234375,-0.361633300781,0.896179199219,-3823.0,199.0,8497.0,-15.0,14.0,-16.0,
1646150270162813186,0.0908203125,0.241149902344,-0.362121582031,0.895751953125,-3837.0,316.0,8544.0,-15.0,13.0,-15.0,
1646150270167375802,0.0902099609375,0.241882324219,-0.362609863281,0.895446777344,-3871.0,430.0,8600.0,-15.0,12.0,-15.0,
1646150270170887947,0.089599609375,0.242614746094,-0.362976074219,0.895141601562,-3917.0,498.0,8664.0,-15.0,10.0,-14.0,
1646150270178905248,0.0890502929688,0.2431640625,-0.363403320312,0.894897460938,-3936.0,521.0,8705.0,-14.0,8.0,-13.0,
1646150270183512926,0.0885620117188,0.243591308594,-0.363830566406,0.894653320312,-3926.0,526.0,8715.0,-11.0,7.0,-12.0,
1646150270188032865,0.0881958007812,0.243896484375,-0.364196777344,0.894470214844,-3894.0,528.0,8702.0,-8.0,6.0,-11.0,
1646150270204744338,0.0880737304688,0.244079589844,-0.364562988281,0.894226074219,-3851.0,540.0,8651.0,-4.0,6.0,-9.0,
1646150270205290317,0.0881958007812,0.244262695312,-0.364929199219,0.89404296875,-3825.0,574.0,8589.0,-1.0,7.0,-8.0,
1646150270205569744,0.0885009765625,0.244384765625,-0.365173339844,0.893920898438,-3813.0,633.0,8496.0,1.0,7.0,-6.0,
1646150270217903375,0.0890502929688,0.244445800781,-0.365234375,0.893798828125,-3816.0,701.0,8399.0,4.0,7.0,-3.0,
1646150270218695402,0.0897216796875,0.244506835938,-0.365234375,0.893676757812,-3830.0,778.0,8284.0,5.0,7.0,-1.0,
1646150270219166755,0.0904541015625,0.24462890625,-0.365112304688,0.893676757812,-3847.0,861.0,8177.0,5.0,7.0,2.0,
1646150270224167346,0.0912475585938,0.244689941406,-0.364807128906,0.893676757812,-3871.0,934.0,8056.0,5.0,7.0,4.0,
1646150270228714227,0.092041015625,0.244750976562,-0.364440917969,0.893737792969,-3898.0,986.0,7915.0,4.0,7.0,6.0,
1646150270233316898,0.0928344726562,0.244873046875,-0.363891601562,0.893859863281,-3934.0,1037.0,7769.0,3.0,7.0,8.0,
1646150270240023851,0.0935668945312,0.245056152344,-0.363220214844,0.893981933594,-3976.0,1117.0,7643.0,2.0,6.0,10.0,
1646150270245192050,0.09423828125,0.245239257812,-0.362365722656,0.894226074219,-4024.0,1234.0,7549.0,-1.0,6.0,12.0,
1646150270249606370,0.0947875976562,0.245422363281,-0.361328125,0.89453125,-4081.0,1384.0,7478.0,-4.0,6.0,14.0,
1646150270254074096,0.0951538085938,0.245666503906,-0.360168457031,0.894897460938,-4137.0,1545.0,7426.0,-9.0,5.0,16.0,
1646150270258672714,0.0952758789062,0.245971679688,-0.358703613281,0.895385742188,-4190.0,1691.0,7386.0,-15.0,4.0,18.0,
1646150270263474702,0.0950927734375,0.246337890625,-0.357177734375,0.895935058594,-4243.0,1785.0,7365.0,-22.0,3.0,19.0,
1646150270269283533,0.0944213867188,0.246887207031,-0.35546875,0.896545410156,-4285.0,1815.0,7336.0,-29.0,3.0,20.0,
1646150270272732019,0.0933227539062,0.247497558594,-0.353637695312,0.897155761719,-4327.0,1751.0,7320.0,-35.0,2.0,20.0,
1646150270277442455,0.091796875,0.248291015625,-0.351867675781,0.897827148438,-4348.0,1637.0,7288.0,-40.0,2.0,20.0,
1646150270280709981,0.0900268554688,0.249206542969,-0.349975585938,0.898498535156,-4356.0,1491.0,7256.0,-44.0,2.0,20.0,
1646150270288885831,0.088134765625,0.250183105469,-0.348083496094,0.899108886719,-4365.0,1334.0,7252.0,-46.0,3.0,20.0,
1646150270293706178,0.086181640625,0.251220703125,-0.346130371094,0.899780273438,-4387.0,1176.0,7277.0,-46.0,4.0,22.0,
1646150270298592329,0.0843505859375,0.252258300781,-0.344055175781,0.900451660156,-4428.0,1019.0,7329.0,-44.0,4.0,23.0,
1646150270302725315,0.0826416015625,0.253234863281,-0.341979980469,0.901123046875,-4519.0,889.0,7440.0,-42.0,4.0,25.0,
1646150270307606935,0.0811157226562,0.254150390625,-0.339904785156,0.901794433594,-4630.0,781.0,7553.0,-39.0,3.0,26.0,
1646150270312216997,0.0798950195312,0.2548828125,-0.337768554688,0.902526855469,-4707.0,646.0,7593.0,-34.0,3.0,28.0,
1646150270315718173,0.0787963867188,0.255615234375,-0.335754394531,0.903137207031,-4770.0,445.0,7617.0,-31.0,3.0,27.0,
1646150270323973894,0.07763671875,0.25634765625,-0.333984375,0.903686523438,-4850.0,205.0,7617.0,-28.0,3.0,24.0,
1646150270328648805,0.0765380859375,0.257080078125,-0.33251953125,0.904113769531,-4930.0,-19.0,7586.0,-25.0,2.0,19.0,
1646150270333909273,0.0755615234375,0.257873535156,-0.331298828125,0.904418945312,-4960.0,-226.0,7529.0,-22.0,2.0,16.0,
1646150270340205669,0.07470703125,0.258544921875,-0.330200195312,0.904724121094,-4940.0,-399.0,7437.0,-18.0,3.0,16.0,
1646150270344825506,0.0741577148438,0.259155273438,-0.3291015625,0.904968261719,-4936.0,-527.0,7405.0,-14.0,4.0,16.0,
1646150270349604368,0.0737915039062,0.259704589844,-0.328125,0.905212402344,-4988.0,-606.0,7403.0,-11.0,4.0,15.0,
1646150270354001998,0.0735473632812,0.260192871094,-0.327209472656,0.905395507812,-5061.0,-648.0,7417.0,-8.0,3.0,13.0,
1646150270358600378,0.0733642578125,0.260620117188,-0.326538085938,0.905578613281,-5121.0,-658.0,7455.0,-7.0,2.0,11.0,
1646150270363203525,0.0731201171875,0.261047363281,-0.325927734375,0.905639648438,-5162.0,-630.0,7492.0,-8.0,2.0,8.0,
1646150270367902040,0.0726928710938,0.261413574219,-0.325500488281,0.90576171875,-5189.0,-548.0,7561.0,-11.0,1.0,4.0,
1646150270372307538,0.0721435546875,0.261779785156,-0.325073242188,0.905822753906,-5198.0,-434.0,7652.0,-14.0,0.0,2.0,
1646150270377039194,0.0713500976562,0.262084960938,-0.324645996094,0.905944824219,-5193.0,-318.0,7754.0,-17.0,-1.0,2.0,
1646150270380336523,0.0703735351562,0.262390136719,-0.324096679688,0.906127929688,-5168.0,-221.0,7829.0,-21.0,-2.0,3.0,
1646150270388525485,0.0692749023438,0.2626953125,-0.323425292969,0.906372070312,-5118.0,-160.0,7874.0,-25.0,-3.0,4.0,
1646150270393146991,0.0679321289062,0.262939453125,-0.322692871094,0.906677246094,-5053.0,-125.0,7892.0,-27.0,-3.0,5.0,
1646150270397682189,0.06640625,0.263244628906,-0.321899414062,0.906982421875,-4982.0,-120.0,7888.0,-30.0,-4.0,5.0,
1646150270402163743,0.0647583007812,0.263488769531,-0.321166992188,0.907287597656,-4900.0,-142.0,7871.0,-31.0,-5.0,4.0,
1646150270405414581,0.06298828125,0.263732910156,-0.320373535156,0.907592773438,-4812.0,-196.0,7859.0,-32.0,-6.0,4.0,
1646150270413345813,0.0611572265625,0.263977050781,-0.319641113281,0.907958984375,-4727.0,-289.0,7835.0,-33.0,-6.0,4.0,
1646150270418549776,0.0592651367188,0.26416015625,-0.318908691406,0.908264160156,-4641.0,-408.0,7814.0,-32.0,-7.0,4.0,
1646150270422664642,0.0574340820312,0.264343261719,-0.318176269531,0.908569335938,-4552.0,-531.0,7778.0,-31.0,-7.0,4.0,
1646150270427439928,0.0556640625,0.264465332031,-0.317504882812,0.908874511719,-4463.0,-642.0,7735.0,-29.0,-7.0,5.0,
1646150270431909561,0.0540161132812,0.264526367188,-0.31689453125,0.9091796875,-4382.0,-724.0,7677.0,-26.0,-7.0,5.0,
1646150270435450553,0.0526123046875,0.264587402344,-0.316223144531,0.909484863281,-4315.0,-770.0,7616.0,-22.0,-6.0,6.0,
1646150270445573806,0.0515747070312,0.264526367188,-0.315612792969,0.909790039062,-4267.0,-793.0,7564.0,-18.0,-6.0,7.0,
1646150270450400352,0.05078125,0.264465332031,-0.31494140625,0.910095214844,-4232.0,-805.0,7514.0,-14.0,-5.0,8.0,
1646150270454845428,0.0502319335938,0.264343261719,-0.314270019531,0.910339355469,-4217.0,-818.0,7457.0,-10.0,-5.0,9.0,
1646150270461793899,0.0499267578125,0.264221191406,-0.313720703125,0.91064453125,-4223.0,-808.0,7398.0,-6.0,-4.0,9.0,
1646150270463716268,0.0498657226562,0.264038085938,-0.313171386719,0.910827636719,-4235.0,-787.0,7346.0,-3.0,-4.0,9.0,
1646150270468254804,0.0499267578125,0.263854980469,-0.312683105469,0.911071777344,-4255.0,-747.0,7297.0,0.0,-4.0,9.0,
1646150270472709178,0.0501708984375,0.263671875,-0.312194824219,0.911315917969,-4269.0,-691.0,7268.0,1.0,-3.0,9.0,
1646150270477465152,0.0504760742188,0.263427734375,-0.311706542969,0.911499023438,-4280.0,-626.0,7248.0,3.0,-3.0,9.0,
1646150270482075214,0.0508422851562,0.26318359375,-0.311218261719,0.911743164062,-4284.0,-546.0,7234.0,3.0,-3.0,9.0,
1646150270485534191,0.0512084960938,0.262939453125,-0.310729980469,0.911926269531,-4285.0,-457.0,7227.0,2.0,-3.0,9.0,
1646150270493860960,0.051513671875,0.262634277344,-0.310241699219,0.912170410156,-4292.0,-372.0,7251.0,1.0,-3.0,8.0,
1646150270498714923,0.0516967773438,0.262390136719,-0.309692382812,0.912414550781,-4305.0,-311.0,7294.0,-1.0,-3.0,8.0,
1646150270502992868,0.0518798828125,0.262145996094,-0.309143066406,0.912658691406,-4323.0,-273.0,7352.0,-2.0,-4.0,9.0,
1646150270507682085,0.0519409179688,0.261840820312,-0.308654785156,0.912902832031,-4341.0,-251.0,7389.0,-2.0,-5.0,9.0,
1646150270512158870,0.0520629882812,0.261535644531,-0.30810546875,0.913208007812,-4353.0,-244.0,7419.0,-2.0,-5.0,9.0,
1646150270515491724,0.0521850585938,0.26123046875,-0.307556152344,0.913452148438,-4352.0,-237.0,7440.0,-1.0,-5.0,9.0,
1646150270527428865,0.05224609375,0.260925292969,-0.307006835938,0.913696289062,-4336.0,-222.0,7462.0,-1.0,-5.0,9.0,
1646150270528126955,0.0523681640625,0.260559082031,-0.306457519531,0.914001464844,-4318.0,-208.0,7473.0,-1.0,-5.0,9.0,
1646150270532617568,0.0525512695312,0.26025390625,-0.305908203125,0.914245605469,-4299.0,-207.0,7492.0,-1.0,-4.0,10.0,
1646150270537323236,0.0526733398438,0.259948730469,-0.305297851562,0.91455078125,-4295.0,-220.0,7511.0,-1.0,-4.0,10.0,
1646150270542050361,0.0528564453125,0.259582519531,-0.3046875,0.914794921875,-4303.0,-258.0,7509.0,0.0,-4.0,10.0,
1646150270547746419,0.0530395507812,0.25927734375,-0.304138183594,0.915100097656,-4302.0,-299.0,7518.0,1.0,-5.0,10.0,
1646150270556078672,0.0532836914062,0.258972167969,-0.303649902344,0.915344238281,-4293.0,-340.0,7538.0,2.0,-5.0,10.0,
1646150270558656930,0.0535278320312,0.258605957031,-0.303100585938,0.915588378906,-4282.0,-369.0,7579.0,3.0,-4.0,10.0,
1646150270563028335,0.0538330078125,0.258178710938,-0.302551269531,0.915893554688,-4261.0,-373.0,7583.0,3.0,-4.0,10.0,
1646150270567952156,0.05419921875,0.257873535156,-0.302062988281,0.916137695312,-4240.0,-360.0,7601.0,4.0,-4.0,11.0,
1646150270572353363,0.0545654296875,0.257507324219,-0.301513671875,0.916381835938,-4235.0,-329.0,7638.0,4.0,-3.0,11.0,
1646150270576913356,0.0549926757812,0.257141113281,-0.300903320312,0.916625976562,-4243.0,-303.0,7665.0,3.0,-3.0,11.0,
1646150270580453872,0.0552368164062,0.2568359375,-0.300354003906,0.916931152344,-4258.0,-293.0,7690.0,2.0,-4.0,10.0,
1646150270588673353,0.055419921875,0.256530761719,-0.2998046875,0.917175292969,-4275.0,-290.0,7731.0,0.0,-4.0,9.0,
1646150270593146800,0.0555419921875,0.256225585938,-0.29931640625,0.917419433594,-4286.0,-297.0,7766.0,-1.0,-4.0,9.0,
1646150270598652839,0.0555419921875,0.255981445312,-0.298828125,0.917663574219,-4295.0,-328.0,7796.0,-2.0,-4.0,8.0,
1646150270602375984,0.055419921875,0.255676269531,-0.29833984375,0.917846679688,-4304.0,-348.0,7830.0,-2.0,-4.0,8.0,
1646150270606937408,0.055419921875,0.255432128906,-0.2978515625,0.918090820312,-4323.0,-342.0,7853.0,-2.0,-4.0,8.0,
1646150270610177040,0.055419921875,0.255187988281,-0.29736328125,0.918334960938,-4345.0,-326.0,7859.0,-2.0,-4.0,8.0,
1646150270620864868,0.0554809570312,0.254943847656,-0.296813964844,0.918579101562,-4366.0,-298.0,7847.0,-2.0,-4.0,8.0,
1646150270622762203,0.0555419921875,0.254760742188,-0.296325683594,0.918762207031,-4382.0,-270.0,7807.0,-2.0,-4.0,8.0,
1646150270627407073,0.0556030273438,0.254516601562,-0.295776367188,0.919006347656,-4389.0,-254.0,7747.0,-2.0,-4.0,8.0,
1646150270632134199,0.0556640625,0.254272460938,-0.295288085938,0.919250488281,-4396.0,-252.0,7673.0,-2.0,-5.0,8.0,
1646150270635475397,0.0557250976562,0.254028320312,-0.294799804688,0.91943359375,-4377.0,-262.0,7588.0,-1.0,-5.0,8.0,
1646150270643591642,0.0558471679688,0.253784179688,-0.294311523438,0.919677734375,-4349.0,-273.0,7518.0,0.0,-5.0,9.0,
1646150270654590606,0.0559692382812,0.253479003906,-0.293762207031,0.919921875,-4322.0,-306.0,7478.0,0.0,-5.0,9.0,
1646150270655152320,0.05615234375,0.253173828125,-0.293334960938,0.920166015625,-4285.0,-349.0,7449.0,1.0,-5.0,9.0,
1646150270659009218,0.0562133789062,0.252868652344,-0.292846679688,0.920349121094,-4255.0,-390.0,7447.0,1.0,-5.0,9.0,
1646150270663479089,0.0563354492188,0.252502441406,-0.29248046875,0.920593261719,-4238.0,-434.0,7453.0,2.0,-5.0,8.0,
1646150270668142080,0.0564575195312,0.252197265625,-0.292053222656,0.920776367188,-4234.0,-461.0,7469.0,2.0,-5.0,7.0,
1646150270672764062,0.0567016601562,0.251892089844,-0.291748046875,0.920959472656,-4226.0,-473.0,7484.0,3.0,-4.0,8.0,
1646150270677244424,0.0570068359375,0.251525878906,-0.291381835938,0.921142578125,-4208.0,-470.0,7499.0,5.0,-4.0,8.0,
1646150270681765317,0.0574340820312,0.251159667969,-0.291015625,0.92138671875,-4190.0,-451.0,7520.0,6.0,-4.0,8.0,
1646150270685095787,0.0579223632812,0.250732421875,-0.290649414062,0.921569824219,-4155.0,-422.0,7528.0,7.0,-4.0,8.0,
1646150270693133592,0.0584106445312,0.250305175781,-0.290344238281,0.921752929688,-4131.0,-382.0,7525.0,8.0,-3.0,8.0,
1646150270697726011,0.0590209960938,0.249938964844,-0.289978027344,0.921875,-4122.0,-365.0,7523.0,8.0,-3.0,8.0,
1646150270702358722,0.0595703125,0.249572753906,-0.289733886719,0.922058105469,-4125.0,-373.0,7507.0,8.0,-3.0,7.0,
1646150270706732749,0.0601196289062,0.249267578125,-0.289489746094,0.922180175781,-4128.0,-386.0,7472.0,8.0,-2.0,7.0,
1646150270710255622,0.0606689453125,0.2490234375,-0.289245605469,0.922302246094,-4158.0,-398.0,7435.0,9.0,-2.0,6.0,
1646150270718549013,0.061279296875,0.248840332031,-0.2890625,0.92236328125,-4188.0,-405.0,7404.0,10.0,-1.0,6.0,
1646150270723044872,0.0619506835938,0.248657226562,-0.288879394531,0.922424316406,-4227.0,-399.0,7372.0,10.0,-1.0,6.0,
1646150270727752447,0.0626220703125,0.248474121094,-0.288696289062,0.922424316406,-4258.0,-352.0,7350.0,10.0,-1.0,6.0,
1646150270732273817,0.0633544921875,0.248291015625,-0.288513183594,0.922485351562,-4277.0,-264.0,7326.0,10.0,-1.0,6.0,
1646150270736777544,0.0640869140625,0.248168945312,-0.288208007812,0.922607421875,-4286.0,-163.0,7312.0,9.0,0.0,6.0,
1646150270740151405,0.0647583007812,0.247985839844,-0.287902832031,0.922668457031,-4283.0,-91.0,7302.0,7.0,-1.0,7.0,
1646150270750703811,0.0652465820312,0.247802734375,-0.287536621094,0.9228515625,-4279.0,-55.0,7305.0,4.0,-1.0,7.0,
1646150270755099534,0.0656127929688,0.247680664062,-0.287109375,0.922973632812,-4278.0,-59.0,7306.0,3.0,-2.0,7.0,
1646150270759799718,0.06591796875,0.247497558594,-0.286682128906,0.923095703125,-4275.0,-90.0,7325.0,3.0,-2.0,8.0,
1646150270763923168,0.0662231445312,0.247314453125,-0.286254882812,0.923278808594,-4268.0,-121.0,7339.0,3.0,-2.0,8.0,
1646150270768591403,0.0665283203125,0.247131347656,-0.285827636719,0.923461914062,-4260.0,-122.0,7362.0,4.0,-2.0,9.0,
1646150270773117065,0.0669555664062,0.246948242188,-0.285278320312,0.923645019531,-4251.0,-101.0,7382.0,4.0,-2.0,10.0,
1646150270778204441,0.0673828125,0.246704101562,-0.284790039062,0.923828125,-4252.0,-76.0,7402.0,4.0,-2.0,10.0,
1646150270782409906,0.0678100585938,0.246520996094,-0.284240722656,0.924011230469,-4253.0,-52.0,7402.0,4.0,-2.0,10.0,
1646150270787179470,0.0681762695312,0.246337890625,-0.283630371094,0.924194335938,-4255.0,-38.0,7398.0,3.0,-2.0,10.0,
1646150270792003631,0.0685424804688,0.246154785156,-0.283081054688,0.924438476562,-4252.0,-38.0,7391.0,3.0,-2.0,11.0,
1646150270795003175,0.0687866210938,0.245971679688,-0.282470703125,0.924621582031,-4250.0,-50.0,7371.0,2.0,-2.0,11.0,
1646150270803101301,0.0690307617188,0.245849609375,-0.281860351562,0.9248046875,-4253.0,-81.0,7356.0,1.0,-2.0,10.0,
1646150270807625770,0.0692138671875,0.245727539062,-0.281311035156,0.924987792969,-4258.0,-126.0,7334.0,0.0,-2.0,10.0,
1646150270812040805,0.0693359375,0.24560546875,-0.28076171875,0.925170898438,-4269.0,-182.0,7332.0,0.0,-2.0,10.0,
1646150270816673755,0.0694580078125,0.245544433594,-0.280151367188,0.925354003906,-4288.0,-238.0,7333.0,1.0,-2.0,10.0,
1646150270820249795,0.0696411132812,0.245544433594,-0.279602050781,0.925537109375,-4308.0,-283.0,7343.0,1.0,-1.0,10.0,
1646150270828600168,0.06982421875,0.245483398438,-0.279113769531,0.925720214844,-4345.0,-314.0,7350.0,2.0,-1.0,10.0,
1646150270844577312,0.0700073242188,0.245483398438,-0.278564453125,0.925842285156,-4380.0,-334.0,7362.0,2.0,-1.0,10.0,
1646150270856862068,0.0701904296875,0.245422363281,-0.278015136719,0.925964355469,-4410.0,-345.0,7379.0,1.0,-1.0,9.0,
1646150270857567787,0.0703735351562,0.245422363281,-0.277526855469,0.926147460938,-4430.0,-334.0,7398.0,1.0,-1.0,9.0,
1646150270857980012,0.0704345703125,0.245361328125,-0.277038574219,0.92626953125,-4448.0,-333.0,7423.0,0.0,-2.0,9.0,
1646150270870957612,0.0703125,0.2451171875,-0.275085449219,0.926940917969,-4415.0,-393.0,7426.0,-2.0,-3.0,7.0,
1646150270878831386,0.0701293945312,0.244934082031,-0.274291992188,0.92724609375,-4387.0,-455.0,7386.0,-1.0,-3.0,7.0,
1646150270883524656,0.070068359375,0.244873046875,-0.27392578125,0.927368164062,-4381.0,-473.0,7373.0,0.0,-3.0,7.0,
1646150270887840270,0.0701293945312,0.244750976562,-0.273620605469,0.927490234375,-4374.0,-467.0,7364.0,1.0,-2.0,7.0,
1646150270892546892,0.0702514648438,0.244689941406,-0.273315429688,0.927612304688,-4372.0,-443.0,7331.0,2.0,-2.0,6.0,
1646150270897341966,0.0704345703125,0.244567871094,-0.273010253906,0.927673339844,-4365.0,-393.0,7329.0,2.0,-2.0,6.0,
1646150270901549100,0.0706176757812,0.244506835938,-0.272705078125,0.927795410156,-4346.0,-327.0,7320.0,2.0,-2.0,5.0,
1646150270905046701,0.07080078125,0.244384765625,-0.272399902344,0.927917480469,-4326.0,-271.0,7319.0,1.0,-2.0,5.0,
1646150270913282632,0.0708618164062,0.244262695312,-0.272155761719,0.928039550781,-4319.0,-240.0,7330.0,0.0,-2.0,5.0,
1646150270917906522,0.0708618164062,0.244140625,-0.271850585938,0.928100585938,-4314.0,-243.0,7333.0,-1.0,-2.0,4.0,
1646150270922354698,0.07080078125,0.244079589844,-0.271667480469,0.92822265625,-4311.0,-277.0,7324.0,-1.0,-3.0,4.0,
1646150270927054405,0.0706787109375,0.244018554688,-0.271423339844,0.928283691406,-4314.0,-307.0,7321.0,-1.0,-3.0,4.0,
1646150270931780338,0.0706176757812,0.243957519531,-0.271240234375,0.928344726562,-4316.0,-333.0,7312.0,-1.0,-2.0,3.0,
1646150270935146093,0.070556640625,0.243896484375,-0.271057128906,0.928466796875,-4317.0,-345.0,7302.0,0.0,-2.0,3.0,
1646150270943285703,0.070556640625,0.243835449219,-0.270874023438,0.928527832031,-4329.0,-339.0,7288.0,0.0,-2.0,3.0,
1646150270948608875,0.0706176757812,0.243835449219,-0.270690917969,0.928588867188,-4343.0,-327.0,7270.0,0.0,-2.0,3.0,
1646150270954471349,0.0706176757812,0.243835449219,-0.2705078125,0.928588867188,-4353.0,-303.0,7265.0,0.0,-2.0,3.0,
1646150270959168195,0.0706176757812,0.243835449219,-0.270324707031,0.928649902344,-4364.0,-283.0,7269.0,-1.0,-2.0,3.0,
1646150270963895559,0.0706176757812,0.243835449219,-0.270141601562,0.9287109375,-4369.0,-265.0,7279.0,-1.0,-2.0,3.0,
1646150270968651533,0.0706176757812,0.243835449219,-0.269958496094,0.928771972656,-4370.0,-250.0,7289.0,-1.0,-2.0,3.0,
1646150270973249197,0.0706176757812,0.243835449219,-0.269775390625,0.928833007812,-4355.0,-237.0,7300.0,-1.0,-2.0,3.0,
1646150270977617740,0.0706176757812,0.243774414062,-0.269653320312,0.928894042969,-4349.0,-224.0,7316.0,-1.0,-2.0,2.0,
1646150270982112884,0.070556640625,0.243713378906,-0.269470214844,0.928955078125,-4344.0,-207.0,7338.0,-1.0,-2.0,2.0,
1646150270986977338,0.070556640625,0.243713378906,-0.269348144531,0.929016113281,-4347.0,-186.0,7374.0,-1.0,-2.0,2.0,
1646150270991354703,0.0704956054688,0.24365234375,-0.269165039062,0.929077148438,-4348.0,-167.0,7398.0,-2.0,-2.0,2.0,
1646150270994937181,0.0703735351562,0.243591308594,-0.26904296875,0.929138183594,-4341.0,-146.0,7424.0,-2.0,-2.0,2.0,
1646150271002656221,0.0701904296875,0.243530273438,-0.268920898438,0.92919921875,-4330.0,-131.0,7431.0,-3.0,-2.0,1.0,
1646150271007534742,0.0700073242188,0.243469238281,-0.268737792969,0.929260253906,-4312.0,-120.0,7429.0,-4.0,-3.0,1.0,
1646150271011947154,0.0697021484375,0.243408203125,-0.268615722656,0.929321289062,-4290.0,-122.0,7427.0,-5.0,-3.0,1.0,
1646150271016721010,0.0694580078125,0.243347167969,-0.268493652344,0.929382324219,-4274.0,-123.0,7424.0,-5.0,-3.0,1.0,
1646150271020102500,0.0691528320312,0.243347167969,-0.268310546875,0.929504394531,-4258.0,-117.0,7410.0,-5.0,-3.0,1.0,
1646150271028341770,0.0689086914062,0.243286132812,-0.268127441406,0.929565429688,-4247.0,-119.0,7389.0,-5.0,-2.0,2.0,
1646150271032986164,0.0686645507812,0.243286132812,-0.267944335938,0.929626464844,-4232.0,-115.0,7364.0,-4.0,-2.0,2.0,
1646150271037643671,0.0685424804688,0.243286132812,-0.267761230469,0.929748535156,-4216.0,-115.0,7353.0,-4.0,-2.0,3.0,
1646150271042217493,0.068359375,0.243286132812,-0.267517089844,0.929809570312,-4212.0,-113.0,7326.0,-4.0,-1.0,3.0,
1646150271046686649,0.0681762695312,0.243347167969,-0.267333984375,0.929870605469,-4210.0,-117.0,7315.0,-4.0,-1.0,2.0,
1646150271051279783,0.0679931640625,0.243408203125,-0.26708984375,0.929931640625,-4211.0,-123.0,7315.0,-5.0,-1.0,2.0,
1646150271060097932,0.0677490234375,0.243469238281,-0.266906738281,0.929992675781,-4207.0,-150.0,7313.0,-5.0,-1.0,2.0,
1646150271064956426,0.0675048828125,0.243530273438,-0.266723632812,0.929992675781,-4206.0,-176.0,7320.0,-4.0,-1.0,2.0,
1646150271069515943,0.0673217773438,0.24365234375,-0.266540527344,0.930053710938,-4208.0,-200.0,7327.0,-4.0,0.0,2.0,
1646150271073982477,0.0671997070312,0.243713378906,-0.266357421875,0.930114746094,-4220.0,-209.0,7340.0,-3.0,0.0,2.0,
1646150271078555822,0.0670776367188,0.243774414062,-0.266235351562,0.930114746094,-4235.0,-196.0,7353.0,-2.0,0.0,2.0,
1646150271083039045,0.0670776367188,0.243896484375,-0.266052246094,0.93017578125,-4259.0,-175.0,7377.0,-2.0,0.0,2.0,
1646150271087658643,0.0670166015625,0.243957519531,-0.265869140625,0.93017578125,-4288.0,-136.0,7397.0,-2.0,0.0,2.0,
1646150271092284917,0.06689453125,0.244018554688,-0.265686035156,0.930236816406,-4312.0,-89.0,7433.0,-3.0,0.0,1.0,
1646150271097361326,0.0667724609375,0.244079589844,-0.265563964844,0.930236816406,-4327.0,-56.0,7462.0,-4.0,-1.0,1.0,
1646150271101602554,0.0665283203125,0.244140625,-0.265380859375,0.930297851562,-4328.0,-51.0,7502.0,-5.0,-1.0,1.0,
1646150271104915380,0.0662841796875,0.244140625,-0.265258789062,0.930358886719,-4315.0,-62.0,7528.0,-5.0,-2.0,1.0,
1646150271112975835,0.0660400390625,0.244140625,-0.265197753906,0.930419921875,-4303.0,-82.0,7531.0,-4.0,-2.0,0.0,
1646150271117640972,0.0658569335938,0.244079589844,-0.265075683594,0.930480957031,-4292.0,-110.0,7546.0,-4.0,-2.0,1.0,
1646150271122117042,0.065673828125,0.244079589844,-0.265014648438,0.930480957031,-4286.0,-142.0,7559.0,-2.0,-2.0,1.0,
1646150271127365827,0.0655517578125,0.244018554688,-0.264953613281,0.930541992188,-4289.0,-184.0,7574.0,-1.0,-2.0,1.0,
1646150271134293794,0.0654907226562,0.243957519531,-0.264892578125,0.930541992188,-4299.0,-220.0,7579.0,0.0,-2.0,1.0,
1646150271134771108,0.0654296875,0.243896484375,-0.264892578125,0.930603027344,-4310.0,-236.0,7597.0,0.0,-2.0,1.0,
1646150271142925024,0.0654296875,0.243774414062,-0.264831542969,0.930603027344,-4320.0,-256.0,7589.0,1.0,-2.0,1.0,
1646150271147668361,0.0654296875,0.243713378906,-0.264831542969,0.9306640625,-4317.0,-273.0,7582.0,1.0,-3.0,0.0,
1646150271152944803,0.0654296875,0.243591308594,-0.264892578125,0.9306640625,-4309.0,-283.0,7557.0,1.0,-3.0,0.0,
1646150271156944274,0.0654907226562,0.243469238281,-0.264892578125,0.930725097656,-4298.0,-291.0,7524.0,2.0,-3.0,0.0,
1646150271164026737,0.0656127929688,0.243347167969,-0.264953613281,0.930725097656,-4282.0,-280.0,7498.0,3.0,-2.0,0.0,
1646150271168804645,0.0657348632812,0.243225097656,-0.265014648438,0.930725097656,-4272.0,-244.0,7458.0,3.0,-2.0,0.0,
1646150271173304080,0.06591796875,0.243103027344,-0.265014648438,0.930725097656,-4275.0,-185.0,7450.0,3.0,-2.0,0.0,
1646150271177829980,0.0661010742188,0.243041992188,-0.265014648438,0.930725097656,-4278.0,-120.0,7457.0,2.0,-2.0,0.0,
1646150271182392358,0.0662231445312,0.242980957031,-0.264953613281,0.930786132812,-4300.0,-75.0,7490.0,0.0,-2.0,0.0,
1646150271186932563,0.0662231445312,0.242919921875,-0.264953613281,0.930786132812,-4330.0,-67.0,7524.0,-1.0,-2.0,-1.0,
1646150271191374540,0.0661010742188,0.242858886719,-0.265014648438,0.930786132812,-4359.0,-103.0,7568.0,-2.0,-3.0,-1.0,
1646150271194766044,0.0658569335938,0.242797851562,-0.265075683594,0.930786132812,-4376.0,-172.0,7624.0,-2.0,-3.0,-2.0,
1646150271203003406,0.0657348632812,0.242614746094,-0.265197753906,0.930847167969,-4380.0,-246.0,7693.0,0.0,-4.0,-2.0,
1646150271207734107,0.065673828125,0.242431640625,-0.265380859375,0.930847167969,-4388.0,-307.0,7785.0,2.0,-4.0,-2.0,
1646150271212075471,0.0657958984375,0.2421875,-0.265625,0.930847167969,-4399.0,-345.0,7881.0,5.0,-4.0,-2.0,
1646150271216782331,0.0661010742188,0.241821289062,-0.265869140625,0.930847167969,-4419.0,-365.0,7953.0,8.0,-4.0,-2.0,
1646150271221422433,0.0665893554688,0.241394042969,-0.26611328125,0.930847167969,-4437.0,-358.0,8017.0,11.0,-4.0,-1.0,
1646150271226283788,0.0672607421875,0.240905761719,-0.266357421875,0.930847167969,-4454.0,-325.0,8059.0,14.0,-5.0,-1.0,
1646150271230168104,0.068115234375,0.240356445312,-0.2666015625,0.930847167969,-4449.0,-270.0,8075.0,16.0,-6.0,0.0,
1646150271237795352,0.0690307617188,0.239685058594,-0.266845703125,0.930847167969,-4413.0,-190.0,8062.0,17.0,-6.0,0.0,
1646150271242377519,0.0700073242188,0.238952636719,-0.26708984375,0.930908203125,-4357.0,-80.0,8022.0,18.0,-7.0,0.0,
1646150271247228622,0.071044921875,0.238220214844,-0.267333984375,0.930969238281,-4280.0,45.0,7995.0,18.0,-7.0,0.0,
1646150271251564264,0.072021484375,0.237426757812,-0.267578125,0.931030273438,-4214.0,182.0,7969.0,16.0,-7.0,-1.0,
1646150271256933450,0.0728759765625,0.236694335938,-0.267822265625,0.931091308594,-4166.0,289.0,7945.0,14.0,-7.0,0.0,
1646150271263380765,0.0735473632812,0.235961914062,-0.267944335938,0.93115234375,-4143.0,352.0,7936.0,11.0,-8.0,0.0,
1646150271270071983,0.0740966796875,0.235290527344,-0.268127441406,0.931274414062,-4132.0,377.0,7906.0,9.0,-8.0,-1.0,
1646150271274631977,0.074462890625,0.234619140625,-0.268249511719,0.931335449219,-4138.0,375.0,7884.0,8.0,-8.0,-1.0,
1646150271279131650,0.0748291015625,0.234069824219,-0.268432617188,0.931396484375,-4142.0,354.0,7882.0,7.0,-8.0,-1.0,
1646150271283606767,0.0751342773438,0.233459472656,-0.268615722656,0.931457519531,-4131.0,345.0,7853.0,7.0,-8.0,-1.0,
1646150271288204193,0.075439453125,0.232849121094,-0.268798828125,0.931518554688,-4104.0,347.0,7817.0,7.0,-8.0,-1.0,
1646150271292904376,0.0758056640625,0.232238769531,-0.268981933594,0.931579589844,-4066.0,373.0,7798.0,7.0,-8.0,-1.0,
1646150271297685861,0.076171875,0.231689453125,-0.269104003906,0.931701660156,-4027.0,398.0,7811.0,7.0,-8.0,-1.0,
1646150271302290916,0.0765380859375,0.231018066406,-0.269226074219,0.931762695312,-4007.0,407.0,7844.0,7.0,-8.0,0.0,
1646150271306675672,0.076904296875,0.230407714844,-0.269348144531,0.931884765625,-4003.0,388.0,7888.0,7.0,-8.0,0.0,
1646150271311387538,0.0772705078125,0.229736328125,-0.269470214844,0.931945800781,-4017.0,344.0,7939.0,8.0,-8.0,0.0,
1646150271314718008,0.0776977539062,0.229064941406,-0.269592285156,0.932067871094,-4044.0,290.0,7982.0,9.0,-9.0,0.0,
1646150271323185205,0.078125,0.228332519531,-0.269714355469,0.932189941406,-4064.0,238.0,7992.0,11.0,-9.0,1.0,
1646150271327892065,0.0786743164062,0.227600097656,-0.269897460938,0.932250976562,-4071.0,201.0,7990.0,12.0,-10.0,1.0,
1646150271332576274,0.0792846679688,0.226806640625,-0.27001953125,0.932373046875,-4092.0,201.0,7966.0,14.0,-11.0,1.0,
1646150271337660789,0.079833984375,0.225891113281,-0.270202636719,0.932495117188,-4058.0,284.0,7920.0,13.0,-12.0,1.0,
1646150271341946840,0.080078125,0.225036621094,-0.270324707031,0.9326171875,-4027.0,383.0,7920.0,5.0,-13.0,-1.0,
1646150271346595764,0.0797119140625,0.224243164062,-0.270446777344,0.932800292969,-4034.0,434.0,7937.0,-4.0,-14.0,-4.0,
1646150271351347446,0.0787353515625,0.2236328125,-0.270690917969,0.932983398438,-4097.0,385.0,7925.0,-14.0,-15.0,-7.0,
1646150271357141256,0.0771484375,0.223083496094,-0.271057128906,0.933166503906,-4125.0,260.0,7861.0,-21.0,-17.0,-10.0,
1646150271364078283,0.0752563476562,0.222595214844,-0.271362304688,0.933349609375,-4108.0,99.0,7814.0,-24.0,-19.0,-10.0,
1646150271369351625,0.0733032226562,0.222106933594,-0.271606445312,0.933532714844,-4072.0,-29.0,7762.0,-24.0,-19.0,-8.0,
1646150271374613761,0.0715942382812,0.221557617188,-0.271789550781,0.933715820312,-4023.0,-101.0,7702.0,-21.0,-18.0,-7.0,
1646150271378895521,0.070068359375,0.220947265625,-0.271911621094,0.933959960938,-3986.0,-118.0,7653.0,-18.0,-17.0,-6.0,
1646150271383412122,0.06884765625,0.220397949219,-0.272094726562,0.934143066406,-3958.0,-85.0,7584.0,-16.0,-16.0,-5.0,
1646150271387995243,0.0677490234375,0.219848632812,-0.272155761719,0.934326171875,-3939.0,-17.0,7513.0,-14.0,-15.0,-5.0,
1646150271392686843,0.0667724609375,0.219299316406,-0.272216796875,0.934509277344,-3925.0,72.0,7442.0,-14.0,-15.0,-4.0,
1646150271397393465,0.0658569335938,0.21875,-0.272216796875,0.934692382812,-3922.0,165.0,7410.0,-14.0,-14.0,-3.0,
1646150271401998758,0.0650024414062,0.218200683594,-0.272155761719,0.934875488281,-3922.0,244.0,7388.0,-15.0,-14.0,-2.0,
1646150271406558752,0.0640258789062,0.217712402344,-0.272033691406,0.935119628906,-3938.0,304.0,7368.0,-16.0,-14.0,-2.0,
1646150271411348819,0.06298828125,0.21728515625,-0.271911621094,0.935302734375,-3965.0,337.0,7348.0,-17.0,-14.0,-1.0,
1646150271414770841,0.0619506835938,0.216857910156,-0.271667480469,0.935546875,-3998.0,336.0,7324.0,-17.0,-14.0,0.0,
1646150271423380374,0.0609130859375,0.216430664062,-0.271423339844,0.935791015625,-4034.0,318.0,7297.0,-17.0,-14.0,1.0,
1646150271427821397,0.0599365234375,0.216064453125,-0.271057128906,0.93603515625,-4068.0,304.0,7249.0,-17.0,-14.0,3.0,
1646150271432443618,0.0590209960938,0.215759277344,-0.270568847656,0.936340332031,-4107.0,323.0,7196.0,-16.0,-13.0,4.0,
1646150271436753988,0.05810546875,0.215515136719,-0.270080566406,0.936584472656,-4150.0,380.0,7158.0,-17.0,-12.0,5.0,
1646150271441991567,0.0571899414062,0.21533203125,-0.269470214844,0.936828613281,-4210.0,459.0,7131.0,-18.0,-12.0,6.0,
1646150271446120262,0.0562133789062,0.215148925781,-0.268737792969,0.937133789062,-4263.0,542.0,7111.0,-21.0,-12.0,6.0,
1646150271451721191,0.0550537109375,0.215026855469,-0.268005371094,0.9375,-4314.0,600.0,7084.0,-25.0,-12.0,7.0,
1646150271458154916,0.0536499023438,0.214965820312,-0.267150878906,0.937805175781,-4346.0,631.0,7049.0,-28.0,-12.0,7.0,
1646150271462404489,0.0521850585938,0.214904785156,-0.266235351562,0.938171386719,-4364.0,634.0,7002.0,-30.0,-12.0,8.0,
1646150271469556570,0.050537109375,0.214904785156,-0.265258789062,0.938537597656,-4371.0,621.0,6946.0,-32.0,-12.0,9.0,
1646150271474485158,0.0488891601562,0.215026855469,-0.26416015625,0.938903808594,-4379.0,603.0,6898.0,-33.0,-11.0,11.0,
1646150271479158878,0.0472412109375,0.215148925781,-0.263000488281,0.939270019531,-4390.0,575.0,6871.0,-33.0,-11.0,12.0,
1646150271484400987,0.0455932617188,0.215270996094,-0.261779785156,0.939697265625,-4412.0,547.0,6856.0,-33.0,-10.0,13.0,
1646150271497251510,0.0440063476562,0.215454101562,-0.260498046875,0.940063476562,-4448.0,524.0,6852.0,-33.0,-10.0,14.0,
1646150271497960805,0.04248046875,0.215637207031,-0.259094238281,0.940490722656,-4490.0,512.0,6863.0,-32.0,-9.0,15.0,
1646150271498579740,0.041015625,0.215881347656,-0.257690429688,0.94091796875,-4530.0,529.0,6902.0,-32.0,-9.0,17.0,
1646150271510403156,0.0396118164062,0.216064453125,-0.256103515625,0.941345214844,-4575.0,581.0,6947.0,-32.0,-9.0,19.0,
1646150271511677026,0.0382690429688,0.216247558594,-0.254333496094,0.941833496094,-4631.0,643.0,6990.0,-32.0,-9.0,21.0,
1646150271512079715,0.0369262695312,0.216491699219,-0.25244140625,0.942321777344,-4702.0,701.0,7025.0,-34.0,-9.0,24.0,
1646150271516654253,0.0355224609375,0.216735839844,-0.250366210938,0.94287109375,-4780.0,729.0,7065.0,-36.0,-9.0,26.0,
1646150271524455308,0.0339965820312,0.216979980469,-0.248107910156,0.943481445312,-4844.0,729.0,7104.0,-37.0,-10.0,28.0,
1646150271526136398,0.0323486328125,0.21728515625,-0.245849609375,0.944091796875,-4886.0,711.0,7122.0,-39.0,-10.0,29.0,
1646150271529729127,0.0306396484375,0.217529296875,-0.243469238281,0.944702148438,-4902.0,687.0,7096.0,-40.0,-10.0,31.0,
1646150271537570714,0.0289306640625,0.2177734375,-0.240966796875,0.9453125,-4885.0,692.0,7030.0,-41.0,-10.0,32.0,
1646150271542402744,0.0272216796875,0.218078613281,-0.238403320312,0.945922851562,-4858.0,720.0,6947.0,-41.0,-10.0,34.0,
1646150271550933837,0.0255126953125,0.218444824219,-0.235656738281,0.946594238281,-4833.0,749.0,6864.0,-42.0,-9.0,36.0,
1646150271551529169,0.0238647460938,0.21875,-0.232788085938,0.947265625,-4808.0,756.0,6789.0,-43.0,-9.0,38.0,
1646150271557851314,0.0220336914062,0.219116210938,-0.229919433594,0.947937011719,-4785.0,727.0,6736.0,-45.0,-9.0,38.0,
1646150271562660694,0.0199584960938,0.219482421875,-0.226989746094,0.948608398438,-4768.0,678.0,6698.0,-48.0,-9.0,37.0,
1646150271568854093,0.0177001953125,0.219909667969,-0.224182128906,0.94921875,-4747.0,599.0,6696.0,-51.0,-10.0,36.0,
1646150271574174165,0.01513671875,0.220336914062,-0.221374511719,0.949829101562,-4718.0,516.0,6725.0,-54.0,-10.0,34.0,
1646150271580912351,0.0123901367188,0.220764160156,-0.218627929688,0.950378417969,-4673.0,448.0,6802.0,-57.0,-10.0,33.0,
1646150271583750486,0.00946044921875,0.22119140625,-0.2158203125,0.950988769531,-4624.0,399.0,6894.0,-60.0,-9.0,33.0,
1646150271587561368,0.0064697265625,0.221618652344,-0.213012695312,0.951538085938,-4571.0,358.0,7006.0,-62.0,-9.0,33.0,
1646150271592976093,0.0032958984375,0.222045898438,-0.210144042969,0.952087402344,-4525.0,315.0,7131.0,-64.0,-9.0,33.0,
1646150271597208738,0.0001220703125,0.222473144531,-0.207275390625,0.95263671875,-4492.0,250.0,7248.0,-65.0,-9.0,34.0,
1646150271601893663,-0.00311279296875,0.222839355469,-0.204284667969,0.953186035156,-4452.0,160.0,7335.0,-66.0,-10.0,34.0,
1646150271607270479,-0.00634765625,0.223205566406,-0.201293945312,0.953735351562,-4410.0,40.0,7401.0,-65.0,-10.0,35.0,
1646150271610331535,-0.00946044921875,0.223571777344,-0.198303222656,0.954223632812,-4350.0,-101.0,7436.0,-62.0,-9.0,37.0,
1646150271618387222,-0.0123291015625,0.223876953125,-0.195190429688,0.954772949219,-4282.0,-264.0,7460.0,-58.0,-8.0,38.0,
1646150271623335123,-0.0149536132812,0.224182128906,-0.192138671875,0.955261230469,-4211.0,-431.0,7457.0,-52.0,-8.0,40.0,
1646150271627307415,-0.01708984375,0.224487304688,-0.189025878906,0.955810546875,-4129.0,-546.0,7422.0,-45.0,-7.0,42.0,
1646150271633260726,-0.0187377929688,0.224731445312,-0.185913085938,0.956298828125,-4055.0,-579.0,7393.0,-38.0,-6.0,44.0,
1646150271637522459,-0.0198974609375,0.224914550781,-0.182678222656,0.956848144531,-4006.0,-534.0,7381.0,-31.0,-4.0,47.0,
1646150271641357898,-0.0205078125,0.225158691406,-0.179321289062,0.957397460938,-3991.0,-437.0,7400.0,-26.0,-3.0,50.0,
1646150271645694971,-0.0208129882812,0.225280761719,-0.175842285156,0.9580078125,-4003.0,-307.0,7426.0,-22.0,-3.0,53.0,
1646150271654051065,-0.0209350585938,0.225463867188,-0.172241210938,0.958618164062,-4040.0,-181.0,7469.0,-21.0,-4.0,55.0,
1646150271657365322,-0.0210571289062,0.2255859375,-0.168518066406,0.959289550781,-4082.0,-93.0,7519.0,-22.0,-5.0,57.0,
1646150271662511348,-0.021240234375,0.225646972656,-0.164733886719,0.959899902344,-4125.0,-74.0,7570.0,-23.0,-6.0,58.0,
1646150271667935848,-0.0216064453125,0.225646972656,-0.160888671875,0.960571289062,-4138.0,-132.0,7620.0,-23.0,-7.0,58.0,
1646150271673904657,-0.0220336914062,0.2255859375,-0.157043457031,0.961181640625,-4135.0,-233.0,7662.0,-23.0,-8.0,59.0,
1646150271678870677,-0.0224609375,0.225463867188,-0.153137207031,0.961853027344,-4114.0,-349.0,7695.0,-22.0,-9.0,60.0,
1646150271683683872,-0.0228271484375,0.225280761719,-0.149230957031,0.962463378906,-4092.0,-470.0,7715.0,-20.0,-9.0,61.0,
1646150271687661170,-0.0230102539062,0.22509765625,-0.145324707031,0.963134765625,-4061.0,-590.0,7715.0,-17.0,-9.0,62.0,
1646150271692929267,-0.0230712890625,0.224853515625,-0.141357421875,0.963745117188,-4036.0,-718.0,7703.0,-14.0,-9.0,64.0,
1646150271699294805,-0.0228881835938,0.224670410156,-0.137329101562,0.964416503906,-4002.0,-856.0,7682.0,-11.0,-8.0,66.0,
1646150271703399181,-0.0225830078125,0.224426269531,-0.13330078125,0.965026855469,-3967.0,-976.0,7650.0,-7.0,-7.0,67.0,
1646150271708924531,-0.02197265625,0.224304199219,-0.129211425781,0.965637207031,-3915.0,-1050.0,7616.0,-3.0,-6.0,69.0,
1646150271710364818,-0.021240234375,0.224182128906,-0.125061035156,0.966247558594,-3857.0,-1070.0,7564.0,-1.0,-5.0,70.0,
1646150271718144416,-0.020263671875,0.22412109375,-0.120849609375,0.966796875,-3809.0,-1020.0,7517.0,1.0,-3.0,71.0,
1646150271722639560,-0.0192260742188,0.224182128906,-0.116638183594,0.967346191406,-3770.0,-908.0,7457.0,0.0,-2.0,71.0,
1646150271728074550,-0.0181884765625,0.224243164062,-0.1123046875,0.967834472656,-3743.0,-768.0,7370.0,-1.0,-1.0,72.0,
1646150271732326030,-0.0172729492188,0.224426269531,-0.107849121094,0.968322753906,-3727.0,-603.0,7291.0,-5.0,0.0,73.0,
1646150271737964391,-0.0165405273438,0.224670410156,-0.103271484375,0.96875,-3731.0,-447.0,7202.0,-9.0,0.0,74.0,
1646150271742252111,-0.0160522460938,0.224975585938,-0.0985717773438,0.969177246094,-3739.0,-315.0,7126.0,-14.0,0.0,75.0,
1646150271745088815,-0.0159301757812,0.225280761719,-0.0938110351562,0.969604492188,-3753.0,-241.0,7077.0,-20.0,0.0,75.0,
1646150271753518104,-0.0161743164062,0.2255859375,-0.0889892578125,0.969970703125,-3778.0,-250.0,7066.0,-25.0,0.0,74.0,
1646150271757992744,-0.0167846679688,0.225891113281,-0.084228515625,0.970336914062,-3817.0,-326.0,7087.0,-29.0,-1.0,73.0,
1646150271762172937,-0.017578125,0.226196289062,-0.0795288085938,0.970642089844,-3872.0,-446.0,7153.0,-31.0,-2.0,72.0,
1646150271767154216,-0.0184326171875,0.226440429688,-0.0748291015625,0.970947265625,-3921.0,-613.0,7244.0,-30.0,-2.0,72.0,
1646150271775042772,-0.0191650390625,0.2265625,-0.0701904296875,0.971252441406,-3970.0,-788.0,7349.0,-26.0,-3.0,72.0,
1646150271779301643,-0.0197143554688,0.226684570312,-0.0656127929688,0.971496582031,-4019.0,-942.0,7473.0,-22.0,-3.0,73.0,
1646150271784359931,-0.0199584960938,0.226806640625,-0.0609741210938,0.971801757812,-4060.0,-1050.0,7589.0,-17.0,-3.0,74.0,
1646150271788863658,-0.0198364257812,0.226867675781,-0.056396484375,0.972045898438,-4092.0,-1108.0,7677.0,-13.0,-3.0,75.0,
1646150271793426752,-0.0194702148438,0.226928710938,-0.0517578125,0.972290039062,-4121.0,-1136.0,7725.0,-9.0,-3.0,76.0,
1646150271798667669,-0.0189208984375,0.226989746094,-0.0471801757812,0.972534179688,-4132.0,-1141.0,7740.0,-6.0,-3.0,77.0,
1646150271803954839,-0.0182495117188,0.22705078125,-0.0425415039062,0.972717285156,-4108.0,-1119.0,7726.0,-4.0,-2.0,77.0,
1646150271807590961,-0.0175170898438,0.227111816406,-0.0379028320312,0.972961425781,-4065.0,-1077.0,7680.0,-5.0,-2.0,77.0,
1646150271811640262,-0.0169067382812,0.227294921875,-0.0333251953125,0.973083496094,-4010.0,-981.0,7602.0,-6.0,0.0,76.0,
1646150271816343545,-0.016357421875,0.2275390625,-0.0287475585938,0.97314453125,-3963.0,-848.0,7511.0,-9.0,1.0,75.0,
1646150271821822166,-0.0160522460938,0.227844238281,-0.0241088867188,0.973205566406,-3946.0,-698.0,7413.0,-14.0,2.0,74.0,
1646150271825208425,-0.0160522460938,0.228210449219,-0.0194091796875,0.973266601562,-3949.0,-562.0,7331.0,-19.0,3.0,74.0,
1646150271834572315,-0.016357421875,0.228576660156,-0.0146484375,0.973205566406,-3975.0,-441.0,7283.0,-26.0,2.0,73.0,
1646150271838164567,-0.0172119140625,0.228942871094,-0.0098876953125,0.973205566406,-4007.0,-347.0,7250.0,-33.0,2.0,71.0,
1646150271842751741,-0.0184936523438,0.229248046875,-0.00518798828125,0.97314453125,-4029.0,-327.0,7267.0,-41.0,1.0,69.0,
1646150271847928047,-0.0203247070312,0.229431152344,-0.0006103515625,0.973083496094,-4046.0,-407.0,7293.0,-47.0,0.0,66.0,
1646150271852029085,-0.0225830078125,0.229553222656,0.00390625,0.972961425781,-4047.0,-597.0,7345.0,-52.0,-1.0,63.0,
1646150271855309486,-0.025146484375,0.229614257812,0.0081787109375,0.972900390625,-4039.0,-847.0,7404.0,-53.0,-2.0,61.0,
1646150271863299369,-0.02783203125,0.229614257812,0.0123901367188,0.972778320312,-4023.0,-1121.0,7496.0,-52.0,-2.0,59.0,
1646150271868072986,-0.0303344726562,0.229553222656,0.0164184570312,0.97265625,-4007.0,-1379.0,7568.0,-48.0,-1.0,58.0,
1646150271872972965,-0.0325317382812,0.229553222656,0.0203857421875,0.972473144531,-3996.0,-1602.0,7648.0,-42.0,-1.0,58.0,
1646150271879646301,-0.0343017578125,0.229553222656,0.0242309570312,0.972351074219,-3984.0,-1779.0,7730.0,-36.0,-1.0,58.0,
1646150271884624958,-0.0357055664062,0.229614257812,0.0280151367188,0.97216796875,-3978.0,-1888.0,7792.0,-30.0,0.0,59.0,
1646150271889767169,-0.0368041992188,0.229675292969,0.0317993164062,0.972045898438,-3963.0,-1934.0,7855.0,-24.0,0.0,59.0,
1646150271893640279,-0.0375366210938,0.229736328125,0.0354614257812,0.971862792969,-3947.0,-1922.0,7904.0,-21.0,0.0,58.0,
1646150271900885343,-0.0381469726562,0.229797363281,0.0390625,0.9716796875,-3924.0,-1869.0,7939.0,-19.0,0.0,57.0,
1646150271903819799,-0.0386962890625,0.229797363281,0.0426025390625,0.971496582031,-3896.0,-1809.0,7958.0,-19.0,0.0,56.0,
1646150271908360004,-0.0392456054688,0.229797363281,0.0460815429688,0.971313476562,-3867.0,-1760.0,7986.0,-19.0,0.0,55.0,
1646150271912723779,-0.0398559570312,0.229797363281,0.0494995117188,0.971130371094,-3837.0,-1703.0,8004.0,-20.0,-1.0,54.0,
1646150271917590856,-0.0404663085938,0.229736328125,0.0529174804688,0.970947265625,-3798.0,-1645.0,7998.0,-21.0,-1.0,53.0,
1646150271921828508,-0.0411987304688,0.229675292969,0.0562133789062,0.970703125,-3767.0,-1590.0,7977.0,-22.0,0.0,52.0,
1646150271925962686,-0.0419311523438,0.229675292969,0.0595092773438,0.970520019531,-3738.0,-1547.0,7949.0,-22.0,0.0,50.0,
1646150271929286479,-0.042724609375,0.229614257812,0.0626831054688,0.970275878906,-3718.0,-1508.0,7922.0,-22.0,0.0,49.0,
1646150271934811353,-0.0433959960938,0.229614257812,0.0657958984375,0.970031738281,-3695.0,-1479.0,7919.0,-20.0,0.0,48.0,
1646150271942382812,-0.0440063476562,0.229553222656,0.0687866210938,0.969848632812,-3673.0,-1470.0,7942.0,-19.0,-1.0,47.0,
1646150271948161125,-0.0444946289062,0.229431152344,0.0716552734375,0.969604492188,-3652.0,-1468.0,7982.0,-16.0,-1.0,45.0,
1646150271952425718,-0.0448608398438,0.229370117188,0.0744018554688,0.969421386719,-3635.0,-1447.0,8019.0,-14.0,-1.0,44.0,
1646150271955945730,-0.0450439453125,0.229309082031,0.0770874023438,0.96923828125,-3630.0,-1399.0,8056.0,-11.0,0.0,43.0,
1646150271960395574,-0.0451049804688,0.229248046875,0.0796508789062,0.968994140625,-3628.0,-1334.0,8077.0,-9.0,0.0,42.0,
1646150271964769124,-0.0449829101562,0.229248046875,0.0822143554688,0.968811035156,-3613.0,-1260.0,8083.0,-7.0,0.0,41.0,
1646150271972735881,-0.0447998046875,0.229248046875,0.084716796875,0.968627929688,-3591.0,-1190.0,8046.0,-6.0,0.0,41.0,
1646150271978436708,-0.0446166992188,0.229248046875,0.0870971679688,0.968383789062,-3551.0,-1157.0,7978.0,-5.0,0.0,40.0,
1646150271983135223,-0.0443725585938,0.229309082031,0.0894775390625,0.968200683594,-3506.0,-1162.0,7906.0,-4.0,1.0,39.0,
1646150271989301919,-0.0440673828125,0.229370117188,0.0916748046875,0.967956542969,-3466.0,-1202.0,7838.0,-2.0,1.0,38.0,
1646150271992438793,-0.0437622070312,0.2294921875,0.0938110351562,0.9677734375,-3436.0,-1235.0,7788.0,0.0,2.0,37.0,
1646150271997220516,-0.0432739257812,0.229675292969,0.0958862304688,0.967529296875,-3414.0,-1248.0,7730.0,3.0,3.0,36.0,
1646150272002829790,-0.042724609375,0.229919433594,0.0978393554688,0.96728515625,-3403.0,-1239.0,7698.0,5.0,4.0,35.0,
1646150272006675243,-0.0419921875,0.230224609375,0.0997314453125,0.967041015625,-3399.0,-1217.0,7683.0,7.0,4.0,34.0,
1646150272011085033,-0.041259765625,0.230590820312,0.1015625,0.966796875,-3408.0,-1204.0,7684.0,8.0,5.0,33.0,
1646150272015850305,-0.0404052734375,0.230895996094,0.103332519531,0.966613769531,-3416.0,-1174.0,7694.0,9.0,5.0,32.0,
1646150272019175767,-0.0394897460938,0.231262207031,0.10498046875,0.966369628906,-3423.0,-1125.0,7731.0,11.0,5.0,31.0,
1646150272028584241,-0.0384521484375,0.231689453125,0.106567382812,0.966125488281,-3438.0,-1037.0,7782.0,12.0,6.0,31.0,
1646150272032246589,-0.037353515625,0.232055664062,0.108215332031,0.965881347656,-3475.0,-935.0,7835.0,13.0,6.0,30.0,
1646150272036753892,-0.0361938476562,0.232482910156,0.109741210938,0.965637207031,-3507.0,-831.0,7866.0,13.0,6.0,30.0,
1646150272041366815,-0.0350952148438,0.23291015625,0.111267089844,0.965454101562,-3556.0,-733.0,7914.0,13.0,5.0,29.0,
1646150272046087741,-0.0339965820312,0.233276367188,0.11279296875,0.965209960938,-3594.0,-667.0,7999.0,11.0,4.0,28.0,
1646150272049541950,-0.0330810546875,0.233459472656,0.1142578125,0.965026855469,-3654.0,-628.0,8095.0,9.0,3.0,27.0,
1646150272053982019,-0.0322265625,0.233642578125,0.115661621094,0.96484375,-3705.0,-665.0,8157.0,9.0,2.0,26.0,
1646150272061815500,-0.0313110351562,0.233703613281,0.116882324219,0.964721679688,-3744.0,-836.0,8200.0,12.0,0.0,24.0,
1646150272066242218,-0.0304565429688,0.233642578125,0.117858886719,0.964660644531,-3764.0,-1083.0,8259.0,16.0,-2.0,21.0,
1646150272070859432,-0.0294799804688,0.233459472656,0.118591308594,0.964599609375,-3756.0,-1285.0,8338.0,20.0,-3.0,19.0,
1646150272075430870,-0.0283203125,0.233337402344,0.119140625,0.964599609375,-3736.0,-1355.0,8396.0,24.0,-3.0,17.0,
1646150272081365108,-0.0267944335938,0.233215332031,0.11962890625,0.964599609375,-3705.0,-1275.0,8433.0,28.0,-2.0,16.0,
1646150272093181848,-0.02294921875,0.233154296875,0.120849609375,0.964599609375,-3612.0,-910.0,8415.0,29.0,-2.0,18.0,
1646150272097880601,-0.0210571289062,0.233093261719,0.12158203125,0.964538574219,-3559.0,-714.0,8356.0,26.0,-3.0,18.0,
1646150272102224826,-0.0194091796875,0.232971191406,0.122314453125,0.964538574219,-3517.0,-534.0,8284.0,22.0,-3.0,17.0,
1646150272106675148,-0.0179443359375,0.232788085938,0.123046875,0.964477539062,-3490.0,-380.0,8219.0,18.0,-3.0,17.0,
1646150272111354827,-0.0166625976562,0.232604980469,0.123901367188,0.964477539062,-3470.0,-227.0,8160.0,15.0,-4.0,17.0,
1646150272115856170,-0.015625,0.232360839844,0.124755859375,0.964416503906,-3462.0,-97.0,8110.0,11.0,-5.0,17.0,
1646150272136054039,-0.0147705078125,0.232055664062,0.125671386719,0.964416503906,-3463.0,-7.0,8077.0,7.0,-5.0,17.0,
1646150272136773347,-0.0142822265625,0.231689453125,0.126647949219,0.96435546875,-3464.0,42.0,8044.0,3.0,-6.0,16.0,
1646150272137187004,-0.0139770507812,0.231262207031,0.127685546875,0.96435546875,-3464.0,62.0,8023.0,-1.0,-6.0,16.0,
1646150272149328947,-0.013916015625,0.230834960938,0.128723144531,0.964294433594,-3457.0,65.0,8010.0,-4.0,-6.0,17.0,
1646150272150416851,-0.0140380859375,0.230346679688,0.1298828125,0.964233398438,-3443.0,76.0,8012.0,-7.0,-6.0,17.0,
1646150272151288270,-0.0143432617188,0.229858398438,0.131042480469,0.964233398438,-3447.0,95.0,8034.0,-10.0,-6.0,17.0,
1646150272151923894,-0.0147094726562,0.229370117188,0.13232421875,0.964172363281,-3451.0,113.0,8051.0,-12.0,-5.0,18.0,
1646150272157378196,-0.01513671875,0.228881835938,0.133605957031,0.964111328125,-3454.0,125.0,8080.0,-13.0,-6.0,18.0,
1646150272162062168,-0.015625,0.228332519531,0.134948730469,0.963989257812,-3455.0,141.0,8094.0,-14.0,-6.0,19.0,
1646150272166461229,-0.0160522460938,0.227844238281,0.136291503906,0.963928222656,-3450.0,157.0,8109.0,-14.0,-6.0,20.0,
1646150272171186208,-0.0164184570312,0.227294921875,0.1376953125,0.9638671875,-3449.0,186.0,8112.0,-13.0,-6.0,20.0,
1646150272176255464,-0.0167236328125,0.226745605469,0.139099121094,0.963745117188,-3448.0,220.0,8120.0,-11.0,-6.0,21.0,
1646150272180541753,-0.016845703125,0.226257324219,0.140563964844,0.963684082031,-3443.0,265.0,8109.0,-10.0,-6.0,22.0,
1646150272187004327,-0.016845703125,0.225830078125,0.142028808594,0.963562011719,-3443.0,298.0,8109.0,-8.0,-6.0,22.0,
1646150272191757678,-0.0167846679688,0.225402832031,0.143493652344,0.963439941406,-3457.0,322.0,8108.0,-6.0,-6.0,23.0,
1646150272196443796,-0.0165405273438,0.224975585938,0.144958496094,0.963317871094,-3488.0,345.0,8104.0,-4.0,-6.0,23.0,
1646150272200880527,-0.0162353515625,0.224609375,0.146423339844,0.963195800781,-3531.0,356.0,8095.0,-2.0,-6.0,24.0,
1646150272205474376,-0.0158081054688,0.224243164062,0.147888183594,0.963073730469,-3577.0,338.0,8071.0,-1.0,-7.0,24.0,
1646150272208913564,-0.015380859375,0.223876953125,0.149353027344,0.962951660156,-3613.0,291.0,8051.0,0.0,-7.0,24.0,
1646150272216896772,-0.0149536132812,0.223510742188,0.150695800781,0.962829589844,-3628.0,242.0,8038.0,2.0,-8.0,24.0,
1646150272221421241,-0.014404296875,0.223083496094,0.152038574219,0.962707519531,-3632.0,207.0,8026.0,4.0,-8.0,23.0,
1646150272226130247,-0.013671875,0.22265625,0.1533203125,0.962646484375,-3618.0,189.0,8010.0,6.0,-8.0,23.0,
1646150272230876207,-0.0128173828125,0.222229003906,0.154602050781,0.962524414062,-3598.0,183.0,7998.0,8.0,-8.0,23.0,
1646150272235409975,-0.0118408203125,0.221862792969,0.155883789062,0.96240234375,-3573.0,195.0,7979.0,10.0,-8.0,23.0,
1646150272238841056,-0.0108032226562,0.221496582031,0.157104492188,0.962341308594,-3545.0,224.0,7945.0,12.0,-7.0,23.0,
1646150272246849536,-0.0096435546875,0.22119140625,0.158264160156,0.962219238281,-3508.0,271.0,7900.0,12.0,-7.0,23.0,
1646150272251313209,-0.00848388671875,0.221008300781,0.159423828125,0.962097167969,-3435.0,380.0,7840.0,12.0,-5.0,22.0,
1646150272255892992,-0.0074462890625,0.220886230469,0.16064453125,0.9619140625,-3336.0,569.0,7736.0,10.0,-3.0,22.0,
1646150272260428905,-0.006591796875,0.220886230469,0.161926269531,0.961669921875,-3247.0,818.0,7618.0,4.0,1.0,21.0,
1646150272263819456,-0.00604248046875,0.221069335938,0.163330078125,0.96142578125,-3215.0,1063.0,7502.0,-2.0,3.0,21.0,
1646150272271655082,-0.005859375,0.221313476562,0.164794921875,0.961120605469,-3256.0,1230.0,7390.0,-9.0,5.0,21.0,
1646150272278175592,-0.006103515625,0.221618652344,0.166198730469,0.960815429688,-3358.0,1294.0,7323.0,-15.0,4.0,19.0,
1646150272281673192,-0.0068359375,0.221801757812,0.167541503906,0.960510253906,-3496.0,1241.0,7291.0,-20.0,4.0,17.0,
1646150272285906314,-0.00787353515625,0.221984863281,0.168823242188,0.960266113281,-3634.0,1113.0,7282.0,-23.0,3.0,16.0,
1646150272293204069,-0.00909423828125,0.22216796875,0.169982910156,0.960021972656,-3730.0,944.0,7281.0,-23.0,2.0,14.0,
1646150272296922445,-0.0103149414062,0.222290039062,0.171020507812,0.959777832031,-3804.0,762.0,7282.0,-22.0,3.0,13.0,
1646150272301900386,-0.0114135742188,0.222412109375,0.171997070312,0.959533691406,-3864.0,571.0,7303.0,-18.0,3.0,13.0,
1646150272305951118,-0.0122680664062,0.222534179688,0.1728515625,0.959350585938,-3925.0,377.0,7318.0,-14.0,3.0,12.0,
1646150272310817956,-0.0128784179688,0.222778320312,0.173645019531,0.959167480469,-3986.0,204.0,7337.0,-8.0,3.0,12.0,
1646150272315690755,-0.0132446289062,0.223022460938,0.174255371094,0.958984375,-4061.0,43.0,7387.0,-4.0,3.0,11.0,
1646150272320155620,-0.0133666992188,0.223327636719,0.1748046875,0.958801269531,-4135.0,-105.0,7438.0,1.0,2.0,10.0,
1646150272324072599,-0.0133056640625,0.2236328125,0.175170898438,0.958679199219,-4187.0,-246.0,7508.0,5.0,2.0,9.0,
1646150272328660964,-0.0130004882812,0.223876953125,0.175415039062,0.958557128906,-4230.0,-353.0,7600.0,9.0,1.0,7.0,
1646150272336784601,-0.0126342773438,0.22412109375,0.175537109375,0.95849609375,-4238.0,-384.0,7672.0,11.0,0.0,6.0,
1646150272341467618,-0.0120849609375,0.224304199219,0.175598144531,0.958435058594,-4231.0,-337.0,7706.0,12.0,0.0,4.0,
1646150272345944643,-0.0115356445312,0.224487304688,0.175598144531,0.958374023438,-4210.0,-257.0,7742.0,11.0,0.0,3.0,
1646150272351169347,-0.0111083984375,0.224670410156,0.175659179688,0.958374023438,-4198.0,-177.0,7790.0,8.0,0.0,2.0,
1646150272355077028,-0.0108032226562,0.224731445312,0.175659179688,0.958374023438,-4193.0,-101.0,7804.0,5.0,-1.0,1.0,
1646150272358438491,-0.0108032226562,0.224792480469,0.175659179688,0.958312988281,-4183.0,-54.0,7758.0,1.0,-1.0,0.0,
1646150272366513729,-0.0110473632812,0.224853515625,0.175659179688,0.958312988281,-4162.0,-33.0,7659.0,-3.0,-1.0,-1.0,
1646150272371140956,-0.011474609375,0.224975585938,0.175659179688,0.958312988281,-4131.0,-54.0,7521.0,-5.0,0.0,-2.0,
1646150272375829219,-0.011962890625,0.22509765625,0.175598144531,0.958251953125,-4096.0,-109.0,7389.0,-6.0,1.0,-2.0,
1646150272380964756,-0.012451171875,0.225219726562,0.175476074219,0.958251953125,-4054.0,-157.0,7311.0,-4.0,0.0,-2.0,
1646150272384122371,-0.0127563476562,0.225280761719,0.175354003906,0.958251953125,-4013.0,-136.0,7285.0,-2.0,0.0,-2.0,
1646150272390624523,-0.0128784179688,0.225341796875,0.17529296875,0.958251953125,-3994.0,-42.0,7297.0,0.0,0.0,-1.0,
1646150272397194147,-0.0128784179688,0.225402832031,0.175231933594,0.958251953125,-4054.0,104.0,7440.0,0.0,-1.0,-1.0,
1646150272401481866,-0.0127563476562,0.225402832031,0.17529296875,0.958251953125,-4123.0,277.0,7546.0,0.0,-3.0,0.0,
1646150272406128883,-0.0125732421875,0.225341796875,0.175415039062,0.958251953125,-4194.0,395.0,7611.0,-1.0,-4.0,1.0,
1646150272410659551,-0.0125122070312,0.225341796875,0.175476074219,0.958251953125,-4244.0,360.0,7618.0,-2.0,-3.0,0.0,
1646150272415235519,-0.0128173828125,0.225280761719,0.17529296875,0.958251953125,-4216.0,208.0,7609.0,-4.0,-3.0,-4.0,
1646150272420310258,-0.0132446289062,0.22509765625,0.174926757812,0.958374023438,-4110.0,16.0,7580.0,-3.0,-4.0,-6.0,
1646150272423621177,-0.0135498046875,0.224914550781,0.174499511719,0.95849609375,-3963.0,-126.0,7523.0,2.0,-2.0,-7.0,
1646150272431718587,-0.013427734375,0.224853515625,0.174011230469,0.958557128906,-3843.0,-189.0,7486.0,7.0,-1.0,-6.0,
1646150272436216592,-0.012939453125,0.224914550781,0.173645019531,0.958618164062,-3773.0,-210.0,7479.0,12.0,0.0,-3.0,
1646150272440718173,-0.01220703125,0.22509765625,0.17333984375,0.958679199219,-3765.0,-191.0,7509.0,16.0,1.0,-1.0,
1646150272445212364,-0.01123046875,0.225402832031,0.173156738281,0.958618164062,-3777.0,-117.0,7531.0,18.0,2.0,1.0,
1646150272448698520,-0.0103149414062,0.225830078125,0.172973632812,0.958618164062,-3787.0,13.0,7546.0,17.0,3.0,1.0,
1646150272456574678,-0.009521484375,0.226379394531,0.172790527344,0.95849609375,-3815.0,171.0,7584.0,13.0,5.0,-1.0,
1646150272461313009,-0.00897216796875,0.226928710938,0.172546386719,0.958435058594,-3885.0,296.0,7647.0,9.0,6.0,-2.0,
1646150272465706825,-0.00872802734375,0.227416992188,0.172241210938,0.958374023438,-3996.0,336.0,7708.0,5.0,6.0,-5.0,
1646150272470708131,-0.0087890625,0.227905273438,0.171875,0.958312988281,-4122.0,282.0,7742.0,2.0,5.0,-7.0,
1646150272473907232,-0.00897216796875,0.228332519531,0.171325683594,0.958312988281,-4241.0,146.0,7782.0,2.0,4.0,-8.0,
1646150272478785753,-0.00909423828125,0.228759765625,0.170715332031,0.958312988281,-4348.0,32.0,7796.0,5.0,3.0,-8.0,
1646150272486730813,-0.0087890625,0.229187011719,0.170104980469,0.958312988281,-4456.0,-15.0,7812.0,11.0,2.0,-7.0,
1646150272493180990,-0.0079345703125,0.229614257812,0.169616699219,0.958312988281,-4575.0,2.0,7789.0,19.0,0.0,-4.0,
1646150272498081684,-0.00653076171875,0.230041503906,0.169067382812,0.958312988281,-4712.0,12.0,7751.0,26.0,-2.0,-2.0,
1646150272502445459,-0.00469970703125,0.230590820312,0.168579101562,0.958312988281,-4833.0,-11.0,7695.0,34.0,-4.0,0.0,
1646150272507166862,-0.00250244140625,0.231079101562,0.167907714844,0.958312988281,-4936.0,-81.0,7644.0,40.0,-5.0,0.0,
1646150272511862993,-6.103515625e-05,0.231506347656,0.167114257812,0.958312988281,-5045.0,-145.0,7640.0,46.0,-6.0,-1.0,
1646150272516917467,0.0025634765625,0.23193359375,0.166137695312,0.958374023438,-5167.0,-174.0,7686.0,50.0,-8.0,-4.0,
1646150272520950555,0.00531005859375,0.232177734375,0.164978027344,0.95849609375,-5298.0,-191.0,7808.0,51.0,-11.0,-7.0,
1646150272525659561,0.00799560546875,0.232238769531,0.163635253906,0.958740234375,-5443.0,-225.0,8031.0,50.0,-14.0,-9.0,
1646150272530410528,0.0104370117188,0.231994628906,0.162170410156,0.958984375,-5579.0,-266.0,8319.0,47.0,-18.0,-12.0,
1646150272535157918,0.0125732421875,0.2314453125,0.160583496094,0.959350585938,-5704.0,-276.0,8635.0,43.0,-21.0,-15.0,
1646150272539252042,0.0144653320312,0.230651855469,0.158996582031,0.959838867188,-5830.0,-250.0,8944.0,38.0,-25.0,-17.0,
1646150272547935962,0.0161743164062,0.229553222656,0.157348632812,0.960327148438,-5939.0,-192.0,9228.0,34.0,-29.0,-19.0,
1646150272552403450,0.0176391601562,0.228149414062,0.155639648438,0.960876464844,-6041.0,-120.0,9493.0,29.0,-33.0,-21.0,
1646150272556882858,0.018798828125,0.226501464844,0.15380859375,0.961547851562,-6110.0,-60.0,9697.0,24.0,-37.0,-24.0,
1646150272564673423,0.0197143554688,0.224487304688,0.15185546875,0.962341308594,-6144.0,-20.0,9845.0,20.0,-42.0,-27.0,
1646150272565796375,0.0203857421875,0.222229003906,0.149780273438,0.963134765625,-6119.0,-6.0,9944.0,16.0,-46.0,-29.0,
1646150272570886373,0.0209350585938,0.219665527344,0.147583007812,0.964050292969,-6042.0,-36.0,9998.0,13.0,-50.0,-32.0,
1646150272573401927,0.021240234375,0.216796875,0.145324707031,0.965087890625,-5941.0,-122.0,10056.0,11.0,-54.0,-35.0,
1646150272581999301,0.0214233398438,0.213684082031,0.142883300781,0.966125488281,-5821.0,-257.0,10128.0,10.0,-57.0,-37.0,
1646150272586901664,0.0215454101562,0.210327148438,0.140258789062,0.967224121094,-5712.0,-408.0,10196.0,10.0,-60.0,-39.0,
1646150272591497421,0.0216064453125,0.206909179688,0.137573242188,0.968383789062,-5609.0,-538.0,10238.0,10.0,-62.0,-41.0,
1646150272598200798,0.0216064453125,0.203308105469,0.134704589844,0.969482421875,-5504.0,-620.0,10231.0,10.0,-64.0,-43.0,
1646150272602604389,0.0216064453125,0.19970703125,0.131774902344,0.970642089844,-5381.0,-632.0,10167.0,8.0,-66.0,-45.0,
1646150272607596635,0.0215454101562,0.195983886719,0.128784179688,0.971862792969,-5244.0,-590.0,10084.0,5.0,-67.0,-47.0,
1646150272612897396,0.021240234375,0.192077636719,0.125793457031,0.973022460938,-5100.0,-520.0,9983.0,1.0,-68.0,-49.0,
1646150272616248607,0.0208129882812,0.188110351562,0.122680664062,0.974182128906,-4948.0,-468.0,9856.0,-3.0,-70.0,-51.0,
1646150272621308326,0.0200805664062,0.183959960938,0.119445800781,0.975402832031,-4777.0,-459.0,9700.0,-7.0,-72.0,-53.0,
1646150272626732110,0.0191040039062,0.179748535156,0.116027832031,0.976623535156,-4614.0,-477.0,9555.0,-10.0,-73.0,-57.0,
1646150272629271507,0.0178833007812,0.175354003906,0.112426757812,0.977844238281,-4445.0,-482.0,9398.0,-13.0,-75.0,-61.0,
1646150272637776374,0.0165405273438,0.170837402344,0.108642578125,0.979125976562,-4264.0,-500.0,9271.0,-16.0,-76.0,-65.0,
1646150272642141580,0.0150146484375,0.166259765625,0.104614257812,0.980346679688,-4060.0,-545.0,9153.0,-17.0,-77.0,-68.0,
1646150272646581172,0.013427734375,0.161560058594,0.100402832031,0.981628417969,-3839.0,-638.0,9042.0,-18.0,-78.0,-72.0,
1646150272650850296,0.0117797851562,0.156799316406,0.0958862304688,0.982849121094,-3620.0,-754.0,8921.0,-17.0,-78.0,-76.0,
1646150272654985189,0.01025390625,0.152099609375,0.0911254882812,0.984069824219,-3404.0,-864.0,8790.0,-14.0,-78.0,-79.0,
1646150272663011789,0.00885009765625,0.147399902344,0.0862426757812,0.985229492188,-3216.0,-945.0,8683.0,-11.0,-77.0,-82.0,
1646150272668155431,0.00762939453125,0.142761230469,0.0811157226562,0.986389160156,-3032.0,-1004.0,8569.0,-8.0,-76.0,-85.0,
1646150272672133922,0.00665283203125,0.13818359375,0.0758666992188,0.987426757812,-2859.0,-1042.0,8433.0,-4.0,-75.0,-87.0,
1646150272676315307,0.0059814453125,0.133728027344,0.0704956054688,0.988464355469,-2703.0,-1053.0,8297.0,0.0,-74.0,-88.0,
1646150272681432008,0.00555419921875,0.129333496094,0.0650024414062,0.989440917969,-2552.0,-1033.0,8184.0,5.0,-73.0,-90.0,
1646150272684351682,0.00543212890625,0.125,0.0594482421875,0.990295410156,-2418.0,-984.0,8089.0,9.0,-72.0,-91.0,
1646150272692298412,0.00555419921875,0.120788574219,0.0538330078125,0.991149902344,-2304.0,-897.0,8007.0,13.0,-70.0,-91.0,
1646150272699697256,0.0059814453125,0.116638183594,0.0481567382812,0.991943359375,-2194.0,-768.0,7899.0,16.0,-70.0,-91.0,
1646150272704375982,0.006591796875,0.112548828125,0.0425415039062,0.99267578125,-2071.0,-621.0,7785.0,18.0,-69.0,-91.0,
1646150272709573268,0.00732421875,0.108520507812,0.036865234375,0.993347167969,-1934.0,-472.0,7672.0,19.0,-68.0,-91.0,
1646150272712334632,0.00811767578125,0.1044921875,0.03125,0.993957519531,-1769.0,-342.0,7549.0,20.0,-67.0,-91.0,
1646150272716915369,0.0089111328125,0.100463867188,0.025634765625,0.994567871094,-1594.0,-228.0,7387.0,19.0,-66.0,-91.0,
1646150272723646879,0.00958251953125,0.0964965820312,0.02001953125,0.995056152344,-1424.0,-111.0,7199.0,17.0,-65.0,-91.0,
1646150272726820707,0.010009765625,0.0925903320312,0.0144653320312,0.995483398438,-1260.0,-10.0,7037.0,13.0,-63.0,-90.0,
1646150272730685234,0.01025390625,0.0888061523438,0.0089111328125,0.995910644531,-1095.0,38.0,6886.0,9.0,-61.0,-90.0,
1646150272735245466,0.0101928710938,0.0851440429688,0.00341796875,0.996276855469,-940.0,37.0,6752.0,6.0,-59.0,-90.0,
1646150272739034175,0.010009765625,0.0816040039062,-0.00213623046875,0.99658203125,-822.0,14.0,6668.0,4.0,-56.0,-91.0,
1646150272743446588,0.00970458984375,0.0782470703125,-0.0076904296875,0.996826171875,-737.0,17.0,6617.0,3.0,-53.0,-91.0,
1646150272751308441,0.0093994140625,0.0750732421875,-0.0132446289062,0.997009277344,-687.0,70.0,6609.0,2.0,-51.0,-91.0,
1646150272755910634,0.009033203125,0.0720825195312,-0.0187377929688,0.997131347656,-658.0,160.0,6648.0,0.0,-48.0,-91.0,
1646150272760553836,0.00860595703125,0.0692749023438,-0.0242309570312,0.997253417969,-647.0,260.0,6743.0,-2.0,-46.0,-90.0,
1646150272766300439,0.0081787109375,0.0665893554688,-0.0297241210938,0.997253417969,-665.0,338.0,6859.0,-4.0,-44.0,-91.0,
1646150272769872665,0.007568359375,0.06396484375,-0.0352172851562,0.997253417969,-726.0,384.0,6986.0,-5.0,-43.0,-91.0,
1646150272773271322,0.00689697265625,0.0615234375,-0.0407104492188,0.997192382812,-801.0,423.0,7115.0,-6.0,-42.0,-91.0,
1646150272790012121,0.00628662109375,0.05908203125,-0.046142578125,0.997131347656,-866.0,455.0,7235.0,-6.0,-42.0,-91.0,
1646150272791162729,0.00579833984375,0.0567016601562,-0.0515747070312,0.997009277344,-916.0,480.0,7319.0,-3.0,-41.0,-90.0,
