1646662364324747323,0.285339355469,0.348388671875,-0.841613769531,0.298156738281,-5907.0,-3907.0,5052.0,-19.0,-2.0,-11.0,
1646662364329331874,0.284851074219,0.349487304688,-0.841430664062,0.297729492188,-5979.0,-3739.0,4985.0,-13.0,1.0,-10.0,
1646662364333972930,0.284790039062,0.35009765625,-0.841247558594,0.297607421875,-5963.0,-3574.0,4897.0,-11.0,1.0,-7.0,
1646662364338509559,0.284729003906,0.350769042969,-0.841064453125,0.297546386719,-5905.0,-3505.0,4805.0,-12.0,1.0,-7.0,
1646662364343347311,0.284545898438,0.351501464844,-0.840881347656,0.297302246094,-5854.0,-3553.0,4736.0,-11.0,2.0,-8.0,
1646662364348019599,0.284423828125,0.352355957031,-0.840698242188,0.296997070312,-5882.0,-3519.0,4740.0,-11.0,3.0,-8.0,
1646662364352527379,0.284301757812,0.353149414062,-0.840454101562,0.296813964844,-5923.0,-3366.0,4770.0,-12.0,3.0,-7.0,
1646662364357589244,0.284240722656,0.353881835938,-0.840148925781,0.296813964844,-5935.0,-3392.0,4850.0,-15.0,2.0,-7.0,
1646662364364227056,0.283874511719,0.354797363281,-0.839965820312,0.296691894531,-5959.0,-3560.0,4900.0,-17.0,2.0,-8.0,
1646662364369632720,0.283447265625,0.355834960938,-0.839721679688,0.296447753906,-5949.0,-3777.0,4949.0,-16.0,1.0,-9.0,
1646662364373877525,0.283020019531,0.356750488281,-0.839599609375,0.296020507812,-5933.0,-3958.0,4910.0,-11.0,2.0,-9.0,
1646662364378576040,0.282775878906,0.357604980469,-0.839538574219,0.295532226562,-6017.0,-3802.0,4949.0,-8.0,2.0,-9.0,
1646662364383354902,0.282775878906,0.358032226562,-0.839416503906,0.295349121094,-6048.0,-3657.0,4979.0,-8.0,2.0,-8.0,
1646662364389007329,0.282653808594,0.358581542969,-0.839233398438,0.295288085938,-6020.0,-3709.0,4990.0,-11.0,1.0,-7.0,
1646662364392850399,0.282348632812,0.359313964844,-0.839111328125,0.295043945312,-6028.0,-3763.0,4996.0,-11.0,1.0,-7.0,
1646662364397324323,0.282043457031,0.359985351562,-0.838989257812,0.294799804688,-6032.0,-3774.0,4978.0,-10.0,1.0,-7.0,
1646662364402098178,0.281860351562,0.360595703125,-0.8388671875,0.294616699219,-6024.0,-3784.0,4936.0,-9.0,0.0,-7.0,
1646662364409434080,0.281616210938,0.361206054688,-0.838745117188,0.29443359375,-6013.0,-3847.0,4876.0,-10.0,0.0,-7.0,
1646662364414273262,0.281311035156,0.361877441406,-0.838684082031,0.294128417969,-5932.0,-3927.0,4775.0,-8.0,-1.0,-8.0,
1646662364418920040,0.281005859375,0.362426757812,-0.838684082031,0.293762207031,-5805.0,-3964.0,4648.0,-5.0,-1.0,-8.0,
1646662364423491239,0.280883789062,0.362731933594,-0.838745117188,0.293273925781,-5710.0,-3988.0,4550.0,0.0,0.0,-8.0,
1646662364428230285,0.280822753906,0.362854003906,-0.838928222656,0.292663574219,-5643.0,-3907.0,4483.0,4.0,2.0,-9.0,
1646662364433470487,0.280944824219,0.36279296875,-0.839172363281,0.2919921875,-5532.0,-3985.0,4473.0,6.0,3.0,-9.0,
1646662364438711643,0.281066894531,0.362548828125,-0.839477539062,0.291198730469,-5484.0,-4107.0,4475.0,11.0,4.0,-8.0,
1646662364443470954,0.281372070312,0.362121582031,-0.839904785156,0.290222167969,-5508.0,-3923.0,4473.0,17.0,6.0,-9.0,
1646662364447200298,0.282043457031,0.361328125,-0.84033203125,0.289428710938,-5523.0,-3705.0,4486.0,19.0,7.0,-7.0,
1646662364454568624,0.28271484375,0.360473632812,-0.840698242188,0.288757324219,-5549.0,-3640.0,4529.0,17.0,7.0,-7.0,
1646662364459501981,0.283264160156,0.359802246094,-0.841003417969,0.288024902344,-5522.0,-3624.0,4551.0,16.0,6.0,-7.0,
1646662364465466976,0.283813476562,0.359130859375,-0.841430664062,0.287231445312,-5514.0,-3603.0,4562.0,17.0,7.0,-6.0,
1646662364470844268,0.284423828125,0.358459472656,-0.841735839844,0.286437988281,-5543.0,-3598.0,4582.0,17.0,7.0,-7.0,
1646662364475714921,0.284973144531,0.357849121094,-0.842041015625,0.285705566406,-5563.0,-3569.0,4639.0,16.0,7.0,-6.0,
1646662364480544328,0.285522460938,0.357360839844,-0.842346191406,0.285034179688,-5584.0,-3528.0,4699.0,13.0,7.0,-6.0,
1646662364485110282,0.286010742188,0.35693359375,-0.842529296875,0.284484863281,-5610.0,-3552.0,4761.0,11.0,7.0,-5.0,
1646662364489704608,0.286437988281,0.356628417969,-0.842712402344,0.283935546875,-5656.0,-3541.0,4845.0,8.0,7.0,-6.0,
1646662364494573593,0.286743164062,0.356506347656,-0.842834472656,0.283447265625,-5705.0,-3519.0,4969.0,5.0,7.0,-6.0,
1646662364499977588,0.286987304688,0.3564453125,-0.842895507812,0.283081054688,-5772.0,-3571.0,5104.0,2.0,6.0,-5.0,
1646662364505081653,0.287109375,0.356567382812,-0.842895507812,0.28271484375,-5882.0,-3688.0,5231.0,-1.0,5.0,-6.0,
1646662364508764982,0.287170410156,0.356750488281,-0.842895507812,0.282409667969,-5994.0,-3776.0,5312.0,-2.0,4.0,-5.0,
1646662364513415336,0.287170410156,0.356994628906,-0.842895507812,0.282104492188,-6056.0,-3812.0,5359.0,-3.0,3.0,-5.0,
1646662364518360137,0.287170410156,0.357238769531,-0.842834472656,0.281921386719,-6093.0,-3809.0,5390.0,-4.0,3.0,-5.0,
1646662364523140430,0.287109375,0.357543945312,-0.8427734375,0.281799316406,-6102.0,-3806.0,5396.0,-6.0,2.0,-5.0,
1646662364527563810,0.286987304688,0.357971191406,-0.842712402344,0.281677246094,-6094.0,-3833.0,5358.0,-8.0,1.0,-5.0,
1646662364532368421,0.286804199219,0.358520507812,-0.842590332031,0.281494140625,-6082.0,-3866.0,5320.0,-9.0,1.0,-5.0,
1646662364537163019,0.28662109375,0.359130859375,-0.842468261719,0.281372070312,-6073.0,-3834.0,5282.0,-10.0,1.0,-5.0,
1646662364544277667,0.286437988281,0.359680175781,-0.84228515625,0.281311035156,-6033.0,-3802.0,5217.0,-10.0,0.0,-5.0,
1646662364548927068,0.286193847656,0.360290527344,-0.842102050781,0.281311035156,-6010.0,-3797.0,5146.0,-11.0,0.0,-5.0,
1646662364553659915,0.286010742188,0.360900878906,-0.841918945312,0.28125,-5978.0,-3789.0,5062.0,-11.0,0.0,-5.0,
1646662364558470726,0.285827636719,0.361511230469,-0.841735839844,0.281188964844,-5932.0,-3766.0,4958.0,-10.0,0.0,-4.0,
1646662364563859701,0.285705566406,0.361999511719,-0.841613769531,0.281127929688,-5885.0,-3725.0,4866.0,-8.0,0.0,-4.0,
1646662364569923877,0.28564453125,0.362487792969,-0.841430664062,0.281066894531,-5849.0,-3702.0,4804.0,-8.0,1.0,-3.0,
1646662364574983596,0.285583496094,0.362854003906,-0.84130859375,0.281066894531,-5809.0,-3690.0,4754.0,-7.0,1.0,-3.0,
1646662364579864978,0.285522460938,0.36328125,-0.841125488281,0.281005859375,-5786.0,-3695.0,4722.0,-6.0,1.0,-2.0,
1646662364584213018,0.285522460938,0.363586425781,-0.841003417969,0.281005859375,-5773.0,-3707.0,4706.0,-5.0,1.0,-2.0,
1646662364589034557,0.285583496094,0.363891601562,-0.840881347656,0.280944824219,-5765.0,-3738.0,4696.0,-4.0,2.0,-1.0,
1646662364594214200,0.285705566406,0.364074707031,-0.840759277344,0.280944824219,-5763.0,-3777.0,4676.0,-3.0,2.0,-1.0,
1646662364598541259,0.285827636719,0.364318847656,-0.840637207031,0.280883789062,-5757.0,-3796.0,4660.0,-2.0,3.0,0.0,
1646662364603306770,0.286010742188,0.364440917969,-0.840576171875,0.280822753906,-5758.0,-3795.0,4678.0,-2.0,3.0,0.0,
1646662364608582735,0.286193847656,0.364562988281,-0.840454101562,0.28076171875,-5752.0,-3785.0,4717.0,-1.0,3.0,0.0,
1646662364612784147,0.286376953125,0.364624023438,-0.840393066406,0.28076171875,-5761.0,-3774.0,4757.0,-1.0,3.0,0.0,
1646662364617873907,0.286560058594,0.364685058594,-0.840270996094,0.28076171875,-5771.0,-3793.0,4803.0,-2.0,3.0,1.0,
1646662364622467041,0.286682128906,0.364807128906,-0.840148925781,0.280822753906,-5793.0,-3805.0,4845.0,-2.0,3.0,1.0,
1646662364627240896,0.286865234375,0.364929199219,-0.840026855469,0.280822753906,-5812.0,-3814.0,4873.0,-3.0,3.0,1.0,
1646662364632044076,0.286987304688,0.365112304688,-0.839904785156,0.280883789062,-5824.0,-3836.0,4877.0,-3.0,3.0,1.0,
1646662364638835668,0.287109375,0.365295410156,-0.839782714844,0.280944824219,-5836.0,-3848.0,4876.0,-4.0,3.0,1.0,
1646662364643667459,0.287231445312,0.365478515625,-0.839599609375,0.280944824219,-5840.0,-3864.0,4865.0,-4.0,2.0,1.0,
1646662364648382902,0.287353515625,0.36572265625,-0.839477539062,0.281005859375,-5839.0,-3879.0,4847.0,-4.0,2.0,1.0,
1646662364653128623,0.287414550781,0.365905761719,-0.83935546875,0.281005859375,-5838.0,-3882.0,4827.0,-4.0,2.0,0.0,
1646662364657658338,0.287536621094,0.366149902344,-0.839172363281,0.281066894531,-5838.0,-3877.0,4812.0,-4.0,2.0,0.0,
1646662364662391901,0.287658691406,0.366333007812,-0.839050292969,0.281127929688,-5846.0,-3872.0,4806.0,-4.0,2.0,1.0,
1646662364667241334,0.287719726562,0.366577148438,-0.838928222656,0.281188964844,-5849.0,-3881.0,4801.0,-4.0,2.0,1.0,
1646662364673633337,0.287841796875,0.36669921875,-0.838806152344,0.28125,-5852.0,-3887.0,4796.0,-3.0,2.0,1.0,
1646662364679251432,0.287902832031,0.366882324219,-0.838684082031,0.28125,-5852.0,-3880.0,4807.0,-3.0,1.0,0.0,
1646662364683768510,0.287963867188,0.367004394531,-0.838623046875,0.281311035156,-5857.0,-3864.0,4801.0,-2.0,1.0,0.0,
1646662364688256978,0.288024902344,0.367065429688,-0.838562011719,0.281311035156,-5862.0,-3855.0,4786.0,-2.0,1.0,0.0,
1646662364693268537,0.288146972656,0.367126464844,-0.838439941406,0.281372070312,-5854.0,-3851.0,4780.0,-2.0,1.0,0.0,
1646662364698109626,0.288208007812,0.3671875,-0.838439941406,0.281433105469,-5842.0,-3846.0,4778.0,-1.0,1.0,1.0,
1646662364703416109,0.288269042969,0.3671875,-0.83837890625,0.281433105469,-5840.0,-3846.0,4770.0,-1.0,1.0,1.0,
1646662364707805395,0.288391113281,0.3671875,-0.838317871094,0.281433105469,-5839.0,-3841.0,4775.0,-1.0,1.0,1.0,
1646662364713035106,0.288452148438,0.3671875,-0.838256835938,0.281494140625,-5831.0,-3826.0,4776.0,-1.0,1.0,1.0,
1646662364717355966,0.288513183594,0.3671875,-0.838256835938,0.281555175781,-5818.0,-3829.0,4766.0,-1.0,1.0,1.0,
1646662364722519636,0.28857421875,0.367248535156,-0.838195800781,0.281616210938,-5797.0,-3833.0,4762.0,-1.0,1.0,1.0,
1646662364726835966,0.288635253906,0.367248535156,-0.838134765625,0.281677246094,-5783.0,-3829.0,4756.0,-1.0,1.0,1.0,
1646662364733990192,0.288696289062,0.367309570312,-0.838073730469,0.28173828125,-5775.0,-3827.0,4741.0,-1.0,1.0,1.0,
1646662364738534450,0.288757324219,0.367370605469,-0.838012695312,0.28173828125,-5764.0,-3822.0,4735.0,-1.0,1.0,1.0,
1646662364743059873,0.288879394531,0.367431640625,-0.837951660156,0.281799316406,-5760.0,-3816.0,4728.0,-1.0,1.0,1.0,
1646662364747854232,0.289001464844,0.367431640625,-0.837890625,0.281860351562,-5755.0,-3808.0,4727.0,-1.0,1.0,1.0,
1646662364752420902,0.2890625,0.367492675781,-0.837768554688,0.281921386719,-5754.0,-3809.0,4738.0,-1.0,1.0,1.0,
1646662364757184028,0.289184570312,0.367492675781,-0.837707519531,0.281982421875,-5763.0,-3811.0,4748.0,-1.0,1.0,1.0,
1646662364762003183,0.289306640625,0.367553710938,-0.837646484375,0.282043457031,-5782.0,-3829.0,4751.0,-1.0,2.0,1.0,
1646662364766841888,0.289428710938,0.367614746094,-0.837585449219,0.282104492188,-5807.0,-3850.0,4752.0,-1.0,2.0,1.0,
1646662364772367715,0.28955078125,0.36767578125,-0.837463378906,0.282104492188,-5818.0,-3868.0,4745.0,-1.0,2.0,1.0,
1646662364778423309,0.289733886719,0.367736816406,-0.83740234375,0.282104492188,-5828.0,-3877.0,4736.0,-1.0,2.0,1.0,
1646662364783404350,0.289855957031,0.367736816406,-0.837341308594,0.282104492188,-5855.0,-3884.0,4737.0,0.0,2.0,1.0,
1646662364788143873,0.2900390625,0.367736816406,-0.837280273438,0.282104492188,-5872.0,-3883.0,4751.0,0.0,2.0,1.0,
1646662364793073892,0.290222167969,0.367736816406,-0.837280273438,0.282043457031,-5890.0,-3876.0,4756.0,1.0,2.0,1.0,
1646662364797624349,0.290405273438,0.36767578125,-0.837219238281,0.282043457031,-5901.0,-3856.0,4775.0,1.0,2.0,0.0,
1646662364802873849,0.29052734375,0.367614746094,-0.837219238281,0.282043457031,-5915.0,-3847.0,4804.0,1.0,2.0,1.0,
1646662364807192564,0.290710449219,0.367553710938,-0.837158203125,0.282043457031,-5925.0,-3853.0,4838.0,0.0,2.0,0.0,
1646662364815458297,0.290771484375,0.367492675781,-0.837158203125,0.282043457031,-5930.0,-3861.0,4878.0,0.0,1.0,0.0,
1646662364819215536,0.290893554688,0.367431640625,-0.837158203125,0.281982421875,-5941.0,-3876.0,4904.0,0.0,1.0,0.0,
1646662364823661565,0.290954589844,0.367370605469,-0.837158203125,0.281982421875,-5954.0,-3881.0,4920.0,1.0,1.0,0.0,
1646662364828449487,0.291076660156,0.367309570312,-0.837158203125,0.281982421875,-5960.0,-3873.0,4946.0,1.0,1.0,0.0,
1646662364833323478,0.291198730469,0.3671875,-0.837158203125,0.281921386719,-5965.0,-3845.0,4963.0,1.0,1.0,0.0,
1646662364837926149,0.291320800781,0.367065429688,-0.837158203125,0.281982421875,-5962.0,-3826.0,4988.0,1.0,1.0,0.0,
1646662364842635154,0.291381835938,0.367004394531,-0.837158203125,0.281982421875,-5949.0,-3818.0,4979.0,0.0,1.0,1.0,
1646662364847469568,0.29150390625,0.366943359375,-0.837158203125,0.282043457031,-5947.0,-3822.0,4968.0,0.0,1.0,1.0,
1646662364852121591,0.291625976562,0.366943359375,-0.837097167969,0.282043457031,-5938.0,-3830.0,4938.0,0.0,1.0,1.0,
1646662364857499599,0.291748046875,0.366882324219,-0.837097167969,0.282104492188,-5925.0,-3826.0,4918.0,0.0,1.0,1.0,
1646662364869953632,0.291870117188,0.366882324219,-0.837036132812,0.282165527344,-5910.0,-3823.0,4901.0,-1.0,1.0,1.0,
1646662364870874643,0.291931152344,0.366943359375,-0.836975097656,0.2822265625,-5904.0,-3829.0,4887.0,-1.0,1.0,1.0,
1646662364874712944,0.292053222656,0.366943359375,-0.836853027344,0.282287597656,-5904.0,-3841.0,4869.0,-1.0,1.0,1.0,
1646662364882632255,0.292175292969,0.367004394531,-0.836791992188,0.282348632812,-5915.0,-3841.0,4846.0,-2.0,1.0,1.0,
1646662364887500047,0.292297363281,0.367065429688,-0.836730957031,0.282409667969,-5937.0,-3837.0,4820.0,-2.0,1.0,2.0,
1646662364894397735,0.292541503906,0.367126464844,-0.836486816406,0.282653808594,-5953.0,-3826.0,4777.0,-2.0,1.0,2.0,
1646662364900103092,0.292602539062,0.3671875,-0.83642578125,0.282775878906,-5963.0,-3830.0,4763.0,-2.0,1.0,2.0,
1646662364903755664,0.292724609375,0.367248535156,-0.836303710938,0.282897949219,-5975.0,-3834.0,4734.0,-2.0,0.0,2.0,
1646662364908779382,0.292785644531,0.367309570312,-0.836242675781,0.283020019531,-5990.0,-3828.0,4702.0,-2.0,0.0,2.0,
1646662364913211345,0.292846679688,0.367370605469,-0.836120605469,0.283142089844,-5998.0,-3820.0,4684.0,-2.0,0.0,2.0,
1646662364918236732,0.292907714844,0.367370605469,-0.836059570312,0.283264160156,-6007.0,-3808.0,4667.0,-2.0,-1.0,2.0,
1646662364923194408,0.292907714844,0.367431640625,-0.835998535156,0.283447265625,-6001.0,-3796.0,4663.0,-2.0,-1.0,2.0,
1646662364927946329,0.292907714844,0.367431640625,-0.8359375,0.283569335938,-5998.0,-3780.0,4650.0,-2.0,-2.0,2.0,
1646662364932992935,0.292907714844,0.367431640625,-0.835876464844,0.283752441406,-5991.0,-3767.0,4636.0,-2.0,-2.0,1.0,
1646662364937776088,0.292846679688,0.367492675781,-0.835815429688,0.283935546875,-5981.0,-3763.0,4635.0,-2.0,-2.0,2.0,
1646662364942102432,0.292785644531,0.367553710938,-0.835754394531,0.284118652344,-5978.0,-3760.0,4645.0,-3.0,-3.0,2.0,
1646662364946969747,0.292663574219,0.367553710938,-0.835693359375,0.284362792969,-5967.0,-3758.0,4669.0,-3.0,-3.0,1.0,
1646662364951587677,0.292541503906,0.367614746094,-0.835632324219,0.284545898438,-5962.0,-3766.0,4701.0,-3.0,-3.0,1.0,
1646662364958765983,0.292297363281,0.36767578125,-0.835632324219,0.284790039062,-5946.0,-3779.0,4723.0,-4.0,-4.0,1.0,
1646662364963363885,0.292114257812,0.367736816406,-0.835571289062,0.284973144531,-5934.0,-3791.0,4736.0,-4.0,-4.0,1.0,
1646662364967939376,0.291809082031,0.367858886719,-0.835571289062,0.285217285156,-5925.0,-3802.0,4758.0,-4.0,-4.0,1.0,
1646662364972869873,0.291564941406,0.367919921875,-0.835510253906,0.285461425781,-5911.0,-3809.0,4777.0,-4.0,-5.0,1.0,
1646662364979454040,0.291259765625,0.368041992188,-0.835510253906,0.285705566406,-5893.0,-3822.0,4791.0,-5.0,-5.0,1.0,
1646662364984872341,0.290954589844,0.3681640625,-0.83544921875,0.286010742188,-5873.0,-3843.0,4797.0,-5.0,-5.0,1.0,
1646662364989855766,0.290649414062,0.368286132812,-0.83544921875,0.286254882812,-5859.0,-3856.0,4815.0,-5.0,-5.0,1.0,
1646662364994372129,0.290283203125,0.368347167969,-0.83544921875,0.286499023438,-5844.0,-3847.0,4813.0,-5.0,-5.0,1.0,
1646662364999195098,0.2900390625,0.368469238281,-0.835388183594,0.286804199219,-5830.0,-3831.0,4787.0,-5.0,-5.0,1.0,
1646662365003819227,0.289733886719,0.368591308594,-0.835327148438,0.287048339844,-5820.0,-3814.0,4754.0,-5.0,-5.0,2.0,
1646662365008392095,0.289489746094,0.368713378906,-0.835266113281,0.287353515625,-5812.0,-3806.0,4723.0,-5.0,-5.0,2.0,
1646662365013121128,0.289245605469,0.368835449219,-0.835205078125,0.28759765625,-5803.0,-3814.0,4704.0,-5.0,-5.0,1.0,
1646662365018260240,0.2890625,0.368957519531,-0.835144042969,0.287841796875,-5794.0,-3814.0,4677.0,-4.0,-4.0,1.0,
1646662365022790670,0.288818359375,0.369079589844,-0.835083007812,0.288024902344,-5799.0,-3817.0,4652.0,-4.0,-4.0,1.0,
1646662365027785062,0.288635253906,0.369140625,-0.835083007812,0.288208007812,-5812.0,-3820.0,4649.0,-4.0,-4.0,1.0,
1646662365032572269,0.288452148438,0.369201660156,-0.835021972656,0.288452148438,-5833.0,-3826.0,4658.0,-3.0,-4.0,1.0,
1646662365037180423,0.288330078125,0.369262695312,-0.8349609375,0.288635253906,-5847.0,-3837.0,4673.0,-3.0,-4.0,1.0,
1646662365041841268,0.288146972656,0.369323730469,-0.8349609375,0.288818359375,-5861.0,-3846.0,4685.0,-3.0,-4.0,1.0,
1646662365046976804,0.287963867188,0.369323730469,-0.8349609375,0.289001464844,-5873.0,-3840.0,4698.0,-2.0,-4.0,1.0,
1646662365053815126,0.287780761719,0.369323730469,-0.8349609375,0.289184570312,-5890.0,-3839.0,4721.0,-2.0,-4.0,1.0,
1646662365058464527,0.287658691406,0.369323730469,-0.8349609375,0.289367675781,-5904.0,-3835.0,4751.0,-2.0,-4.0,1.0,
1646662365063266515,0.287475585938,0.369262695312,-0.8349609375,0.28955078125,-5915.0,-3826.0,4770.0,-2.0,-4.0,1.0,
1646662365068183183,0.287292480469,0.369201660156,-0.8349609375,0.289733886719,-5919.0,-3815.0,4795.0,-2.0,-4.0,1.0,
1646662365072635889,0.287109375,0.369140625,-0.835021972656,0.289916992188,-5920.0,-3803.0,4824.0,-2.0,-4.0,1.0,
1646662365081082820,0.286926269531,0.369079589844,-0.835021972656,0.290100097656,-5919.0,-3790.0,4853.0,-2.0,-5.0,1.0,
1646662365085489749,0.286682128906,0.369079589844,-0.835021972656,0.290344238281,-5922.0,-3775.0,4866.0,-3.0,-5.0,1.0,
1646662365092067241,0.286437988281,0.369018554688,-0.835083007812,0.290588378906,-5920.0,-3769.0,4867.0,-3.0,-5.0,1.0,
1646662365098422765,0.285949707031,0.369079589844,-0.835021972656,0.291076660156,-5905.0,-3751.0,4816.0,-4.0,-5.0,1.0,
1646662365103622198,0.285705566406,0.369140625,-0.835021972656,0.291320800781,-5894.0,-3745.0,4799.0,-4.0,-5.0,1.0,
1646662365107921838,0.285400390625,0.369201660156,-0.8349609375,0.291625976562,-5880.0,-3746.0,4760.0,-4.0,-5.0,1.0,
1646662365112725496,0.28515625,0.369323730469,-0.8349609375,0.291870117188,-5871.0,-3738.0,4744.0,-4.0,-5.0,1.0,
1646662365117383956,0.284912109375,0.369384765625,-0.834899902344,0.292114257812,-5854.0,-3741.0,4718.0,-5.0,-5.0,1.0,
1646662365122086286,0.28466796875,0.369506835938,-0.834838867188,0.292419433594,-5847.0,-3748.0,4719.0,-5.0,-5.0,1.0,
1646662365126818895,0.284362792969,0.369567871094,-0.834777832031,0.292663574219,-5839.0,-3783.0,4714.0,-4.0,-5.0,1.0,
1646662365131422996,0.284118652344,0.369689941406,-0.834777832031,0.292907714844,-5839.0,-3807.0,4720.0,-4.0,-5.0,1.0,
1646662365138478279,0.283874511719,0.369750976562,-0.834716796875,0.293151855469,-5842.0,-3816.0,4717.0,-4.0,-5.0,1.0,
1646662365143086433,0.283630371094,0.369812011719,-0.834716796875,0.293395996094,-5842.0,-3816.0,4735.0,-4.0,-5.0,1.0,
1646662365147624015,0.283386230469,0.369873046875,-0.834655761719,0.293640136719,-5845.0,-3819.0,4750.0,-4.0,-5.0,1.0,
1646662365152647495,0.283142089844,0.369934082031,-0.834655761719,0.293884277344,-5853.0,-3822.0,4768.0,-4.0,-5.0,1.0,
1646662365157167911,0.282897949219,0.369995117188,-0.834594726562,0.294128417969,-5856.0,-3826.0,4781.0,-4.0,-5.0,1.0,
1646662365161887884,0.282653808594,0.370056152344,-0.834594726562,0.294311523438,-5853.0,-3830.0,4781.0,-3.0,-5.0,1.0,
1646662365167294740,0.282409667969,0.3701171875,-0.834594726562,0.294555664062,-5854.0,-3833.0,4791.0,-4.0,-5.0,1.0,
1646662365174123525,0.2822265625,0.3701171875,-0.834533691406,0.294738769531,-5843.0,-3834.0,4790.0,-3.0,-5.0,1.0,
1646662365178688287,0.281982421875,0.370178222656,-0.834533691406,0.294921875,-5839.0,-3831.0,4794.0,-3.0,-4.0,1.0,
1646662365185728549,0.281799316406,0.370239257812,-0.834533691406,0.295104980469,-5823.0,-3820.0,4792.0,-3.0,-4.0,1.0,
1646662365192450046,0.281555175781,0.370239257812,-0.834533691406,0.295288085938,-5819.0,-3808.0,4789.0,-3.0,-4.0,1.0,
1646662365198732614,0.28125,0.370361328125,-0.83447265625,0.295654296875,-5814.0,-3787.0,4792.0,-3.0,-4.0,0.0,
1646662365203358888,0.281005859375,0.370422363281,-0.83447265625,0.295837402344,-5800.0,-3788.0,4805.0,-3.0,-4.0,0.0,
1646662365208026647,0.280822753906,0.370422363281,-0.834411621094,0.295959472656,-5795.0,-3778.0,4796.0,-3.0,-3.0,1.0,
1646662365213063716,0.280700683594,0.370483398438,-0.834411621094,0.296142578125,-5794.0,-3772.0,4792.0,-3.0,-3.0,1.0,
1646662365218347549,0.280578613281,0.370544433594,-0.834350585938,0.296325683594,-5786.0,-3760.0,4797.0,-3.0,-3.0,1.0,
1646662365224197149,0.280456542969,0.370544433594,-0.834350585938,0.296447753906,-5774.0,-3748.0,4801.0,-2.0,-3.0,1.0,
1646662365227330446,0.280395507812,0.370544433594,-0.834350585938,0.296569824219,-5765.0,-3756.0,4808.0,-2.0,-2.0,1.0,
1646662365231905460,0.2802734375,0.370544433594,-0.834350585938,0.296752929688,-5755.0,-3773.0,4817.0,-2.0,-2.0,1.0,
1646662365237135648,0.280212402344,0.370483398438,-0.834350585938,0.296813964844,-5755.0,-3786.0,4824.0,-1.0,-2.0,1.0,
1646662365241493463,0.280090332031,0.370483398438,-0.834289550781,0.296936035156,-5759.0,-3805.0,4821.0,-1.0,-2.0,1.0,
1646662365246325969,0.280029296875,0.370483398438,-0.834289550781,0.296997070312,-5763.0,-3829.0,4818.0,-1.0,-2.0,1.0,
1646662365253186225,0.279968261719,0.370483398438,-0.834289550781,0.297119140625,-5765.0,-3841.0,4822.0,-1.0,-2.0,1.0,
1646662365258059024,0.279907226562,0.370483398438,-0.834350585938,0.297180175781,-5767.0,-3850.0,4818.0,0.0,-2.0,0.0,
1646662365262909173,0.279907226562,0.370422363281,-0.834350585938,0.297180175781,-5763.0,-3845.0,4810.0,0.0,-1.0,0.0,
1646662365267484188,0.279907226562,0.370361328125,-0.834350585938,0.297241210938,-5756.0,-3830.0,4810.0,0.0,-1.0,0.0,
1646662365272429943,0.279907226562,0.370239257812,-0.834411621094,0.297241210938,-5757.0,-3824.0,4815.0,1.0,-1.0,0.0,
1646662365276902675,0.279907226562,0.370178222656,-0.834411621094,0.297241210938,-5752.0,-3821.0,4837.0,1.0,-1.0,0.0,
1646662365281984806,0.279846191406,0.3701171875,-0.83447265625,0.297241210938,-5756.0,-3825.0,4846.0,0.0,-1.0,0.0,
1646662365288799047,0.279846191406,0.370056152344,-0.83447265625,0.297241210938,-5773.0,-3833.0,4855.0,0.0,-1.0,-1.0,
1646662365293658256,0.27978515625,0.370056152344,-0.834533691406,0.297241210938,-5788.0,-3842.0,4858.0,-1.0,-1.0,-1.0,
1646662365298227548,0.27978515625,0.3701171875,-0.834533691406,0.297241210938,-5793.0,-3843.0,4872.0,-1.0,-1.0,-1.0,
1646662365303014755,0.279663085938,0.3701171875,-0.834533691406,0.297241210938,-5793.0,-3834.0,4874.0,-1.0,-1.0,-1.0,
1646662365307839155,0.279663085938,0.370178222656,-0.834533691406,0.297241210938,-5798.0,-3827.0,4874.0,-2.0,-1.0,-1.0,
1646662365312446832,0.279602050781,0.370239257812,-0.83447265625,0.297241210938,-5801.0,-3828.0,4872.0,-2.0,-1.0,-1.0,
1646662365317212343,0.279541015625,0.370300292969,-0.83447265625,0.297241210938,-5797.0,-3816.0,4877.0,-2.0,-1.0,-1.0,
1646662365322145223,0.279541015625,0.370300292969,-0.83447265625,0.297241210938,-5791.0,-3807.0,4875.0,-1.0,0.0,-1.0,
1646662365327073097,0.279541015625,0.370300292969,-0.83447265625,0.297241210938,-5798.0,-3805.0,4879.0,-1.0,0.0,-1.0,
1646662365331642150,0.279541015625,0.370300292969,-0.83447265625,0.297241210938,-5813.0,-3804.0,4878.0,0.0,0.0,-1.0,
1646662365336460351,0.279602050781,0.370300292969,-0.83447265625,0.297180175781,-5826.0,-3804.0,4882.0,0.0,0.0,0.0,
1646662365341184854,0.279663085938,0.370300292969,-0.83447265625,0.297180175781,-5842.0,-3808.0,4879.0,0.0,0.0,0.0,
1646662365348077535,0.279724121094,0.370300292969,-0.834411621094,0.297180175781,-5852.0,-3812.0,4879.0,-1.0,0.0,0.0,
1646662365352651596,0.279724121094,0.370361328125,-0.834411621094,0.297180175781,-5857.0,-3818.0,4878.0,-1.0,0.0,0.0,
1646662365357591629,0.27978515625,0.370361328125,-0.834411621094,0.297241210938,-5865.0,-3824.0,4874.0,-1.0,0.0,0.0,
1646662365362251281,0.27978515625,0.370361328125,-0.834350585938,0.297241210938,-5867.0,-3825.0,4875.0,-1.0,0.0,0.0,
1646662365366878986,0.279846191406,0.370361328125,-0.834350585938,0.297241210938,-5875.0,-3818.0,4877.0,0.0,0.0,0.0,
1646662365371561288,0.279846191406,0.370300292969,-0.834350585938,0.297302246094,-5878.0,-3811.0,4860.0,0.0,0.0,0.0,
1646662365376148462,0.279907226562,0.370300292969,-0.834350585938,0.297302246094,-5884.0,-3806.0,4846.0,0.0,-1.0,0.0,
1646662365383318424,0.279907226562,0.370239257812,-0.834350585938,0.29736328125,-5883.0,-3806.0,4819.0,0.0,-1.0,0.0,
1646662365389728784,0.279907226562,0.370239257812,-0.834350585938,0.297424316406,-5881.0,-3807.0,4809.0,0.0,-1.0,0.0,
1646662365394796133,0.279907226562,0.370178222656,-0.834350585938,0.297424316406,-5884.0,-3820.0,4787.0,0.0,-2.0,0.0,
1646662365399338006,0.279846191406,0.370178222656,-0.834350585938,0.297485351562,-5900.0,-3823.0,4787.0,0.0,-2.0,0.0,
1646662365404184579,0.27978515625,0.370178222656,-0.834350585938,0.297546386719,-5897.0,-3824.0,4776.0,0.0,-2.0,0.0,
1646662365409051895,0.279724121094,0.3701171875,-0.834350585938,0.297607421875,-5900.0,-3830.0,4768.0,-1.0,-2.0,0.0,
1646662365413675546,0.279663085938,0.370178222656,-0.834350585938,0.297668457031,-5896.0,-3817.0,4757.0,-1.0,-2.0,-1.0,
1646662365418297529,0.279541015625,0.370178222656,-0.834350585938,0.297729492188,-5883.0,-3812.0,4737.0,-2.0,-3.0,-1.0,
1646662365423094511,0.279418945312,0.370239257812,-0.834350585938,0.297729492188,-5867.0,-3805.0,4711.0,-2.0,-3.0,-1.0,
1646662365428491115,0.279296875,0.370300292969,-0.834350585938,0.297790527344,-5841.0,-3803.0,4687.0,-2.0,-3.0,-1.0,
1646662365432947874,0.279174804688,0.370361328125,-0.834411621094,0.2978515625,-5819.0,-3817.0,4695.0,-2.0,-3.0,-1.0,
1646662365438994407,0.278991699219,0.370361328125,-0.834411621094,0.2978515625,-5800.0,-3824.0,4696.0,-1.0,-3.0,-1.0,
1646662365443328142,0.278869628906,0.370361328125,-0.83447265625,0.2978515625,-5783.0,-3820.0,4694.0,-1.0,-3.0,-1.0,
1646662365447069644,0.278686523438,0.370361328125,-0.83447265625,0.297912597656,-5777.0,-3811.0,4710.0,-1.0,-3.0,-1.0,
1646662365451874732,0.278503417969,0.370422363281,-0.834533691406,0.297973632812,-5772.0,-3807.0,4743.0,-2.0,-3.0,-1.0,
1646662365456663370,0.2783203125,0.370422363281,-0.834594726562,0.297973632812,-5773.0,-3810.0,4775.0,-2.0,-3.0,-1.0,
1646662365461391210,0.278137207031,0.370483398438,-0.834594726562,0.298034667969,-5790.0,-3815.0,4795.0,-2.0,-3.0,-2.0,
1646662365466678619,0.277954101562,0.370483398438,-0.834655761719,0.298034667969,-5803.0,-3834.0,4815.0,-2.0,-3.0,-2.0,
1646662365473514556,0.277709960938,0.370483398438,-0.834716796875,0.298095703125,-5797.0,-3834.0,4840.0,-2.0,-3.0,-2.0,
1646662365478714704,0.277526855469,0.370483398438,-0.834777832031,0.298095703125,-5800.0,-3826.0,4852.0,-1.0,-3.0,-2.0,
1646662365483060598,0.27734375,0.370483398438,-0.834838867188,0.298156738281,-5797.0,-3820.0,4871.0,-2.0,-3.0,-2.0,
1646662365489052534,0.277160644531,0.370483398438,-0.834899902344,0.298156738281,-5787.0,-3825.0,4888.0,-2.0,-3.0,-2.0,
1646662365494660615,0.276916503906,0.370544433594,-0.8349609375,0.298156738281,-5773.0,-3829.0,4903.0,-2.0,-3.0,-2.0,
1646662365499358654,0.276672363281,0.370544433594,-0.835021972656,0.298217773438,-5764.0,-3831.0,4904.0,-1.0,-3.0,-2.0,
1646662365503851175,0.276489257812,0.370544433594,-0.835083007812,0.298217773438,-5759.0,-3837.0,4917.0,-1.0,-3.0,-2.0,
1646662365509355068,0.276245117188,0.370544433594,-0.835144042969,0.298217773438,-5753.0,-3856.0,4931.0,-2.0,-4.0,-2.0,
1646662365523374557,0.276000976562,0.370544433594,-0.835205078125,0.298217773438,-5753.0,-3876.0,4953.0,-2.0,-4.0,-2.0,
1646662365524069786,0.275756835938,0.370544433594,-0.835266113281,0.298217773438,-5752.0,-3886.0,4961.0,-2.0,-4.0,-2.0,
1646662365524434328,0.275512695312,0.37060546875,-0.835388183594,0.298217773438,-5751.0,-3891.0,4961.0,-1.0,-4.0,-2.0,
1646662365536469459,0.275268554688,0.37060546875,-0.83544921875,0.298217773438,-5746.0,-3888.0,4955.0,-1.0,-4.0,-2.0,
1646662365537226438,0.275024414062,0.37060546875,-0.835510253906,0.298217773438,-5740.0,-3884.0,4946.0,-2.0,-4.0,-2.0,
1646662365537556648,0.274719238281,0.370666503906,-0.835571289062,0.298278808594,-5730.0,-3877.0,4940.0,-2.0,-4.0,-2.0,
1646662365543641090,0.274475097656,0.370727539062,-0.835571289062,0.29833984375,-5721.0,-3878.0,4938.0,-3.0,-4.0,-2.0,
1646662365548244953,0.274169921875,0.370849609375,-0.835632324219,0.29833984375,-5715.0,-3886.0,4934.0,-3.0,-4.0,-2.0,
1646662365553210020,0.27392578125,0.370910644531,-0.835693359375,0.298400878906,-5729.0,-3889.0,4933.0,-3.0,-4.0,-2.0,
1646662365557818651,0.273620605469,0.371032714844,-0.835693359375,0.298400878906,-5736.0,-3888.0,4925.0,-3.0,-4.0,-2.0,
1646662365562436580,0.273376464844,0.37109375,-0.835754394531,0.298461914062,-5736.0,-3903.0,4927.0,-3.0,-4.0,-2.0,
1646662365567227363,0.273132324219,0.371215820312,-0.835754394531,0.298522949219,-5732.0,-3918.0,4932.0,-3.0,-4.0,-2.0,
1646662365571762084,0.272888183594,0.371276855469,-0.835815429688,0.298522949219,-5736.0,-3924.0,4938.0,-3.0,-4.0,-2.0,
1646662365576577425,0.272644042969,0.371337890625,-0.835815429688,0.298583984375,-5732.0,-3926.0,4949.0,-3.0,-4.0,-2.0,
1646662365581371068,0.272399902344,0.371398925781,-0.835876464844,0.298645019531,-5723.0,-3930.0,4946.0,-2.0,-4.0,-1.0,
1646662365585859298,0.272155761719,0.371459960938,-0.835876464844,0.298706054688,-5711.0,-3944.0,4941.0,-2.0,-4.0,-2.0,
1646662365591543197,0.271911621094,0.371520996094,-0.8359375,0.298706054688,-5698.0,-3943.0,4937.0,-2.0,-3.0,-1.0,
1646662365602902173,0.271484375,0.371643066406,-0.835998535156,0.298767089844,-5670.0,-3947.0,4924.0,-2.0,-3.0,-1.0,
1646662365607585191,0.271301269531,0.371704101562,-0.835998535156,0.298828125,-5667.0,-3963.0,4917.0,-2.0,-3.0,-1.0,
1646662365612179517,0.271118164062,0.371765136719,-0.836059570312,0.298828125,-5661.0,-3969.0,4912.0,-2.0,-3.0,-1.0,
1646662365616705417,0.270874023438,0.371826171875,-0.836059570312,0.298889160156,-5660.0,-3969.0,4901.0,-2.0,-3.0,-1.0,
1646662365621670484,0.270751953125,0.371948242188,-0.836059570312,0.298889160156,-5666.0,-3961.0,4908.0,-2.0,-3.0,-1.0,
1646662365626609086,0.270568847656,0.372009277344,-0.836059570312,0.298950195312,-5663.0,-3961.0,4905.0,-2.0,-3.0,-1.0,
1646662365633175611,0.270385742188,0.3720703125,-0.836120605469,0.299011230469,-5663.0,-3970.0,4912.0,-2.0,-3.0,-1.0,
1646662365636166810,0.270202636719,0.372131347656,-0.836120605469,0.299072265625,-5670.0,-3972.0,4905.0,-2.0,-3.0,-1.0,
1646662365641270160,0.27001953125,0.372253417969,-0.836120605469,0.299072265625,-5674.0,-3967.0,4891.0,-2.0,-2.0,-1.0,
1646662365646077632,0.269897460938,0.372314453125,-0.836120605469,0.299133300781,-5669.0,-3959.0,4885.0,-2.0,-2.0,-1.0,
1646662365650853395,0.269775390625,0.372375488281,-0.836120605469,0.299194335938,-5663.0,-3947.0,4881.0,-2.0,-2.0,-1.0,
1646662365657920360,0.269653320312,0.372497558594,-0.836059570312,0.299194335938,-5664.0,-3936.0,4872.0,-3.0,-2.0,-1.0,
1646662365662715435,0.26953125,0.37255859375,-0.836059570312,0.299255371094,-5666.0,-3938.0,4872.0,-3.0,-2.0,-1.0,
1646662365667315006,0.269409179688,0.372680664062,-0.836059570312,0.299255371094,-5669.0,-3941.0,4860.0,-3.0,-1.0,-1.0,
1646662365672199726,0.269348144531,0.372802734375,-0.835998535156,0.29931640625,-5675.0,-3948.0,4871.0,-2.0,-1.0,-1.0,
1646662365676885366,0.269226074219,0.372863769531,-0.835998535156,0.29931640625,-5676.0,-3945.0,4888.0,-2.0,-1.0,-1.0,
1646662365681354999,0.269165039062,0.372924804688,-0.835998535156,0.29931640625,-5672.0,-3934.0,4890.0,-2.0,-1.0,-1.0,
1646662365686186075,0.269104003906,0.372985839844,-0.835998535156,0.29931640625,-5675.0,-3920.0,4885.0,-2.0,-1.0,-1.0,
1646662365690884590,0.269104003906,0.373046875,-0.835998535156,0.29931640625,-5678.0,-3923.0,4894.0,-2.0,-1.0,-1.0,
1646662365697313070,0.26904296875,0.373107910156,-0.8359375,0.29931640625,-5681.0,-3923.0,4894.0,-2.0,0.0,-1.0,
1646662365702643394,0.268981933594,0.373168945312,-0.8359375,0.299255371094,-5689.0,-3915.0,4884.0,-2.0,0.0,-1.0,
1646662365707201004,0.268981933594,0.373229980469,-0.8359375,0.299255371094,-5689.0,-3906.0,4867.0,-2.0,0.0,-1.0,
1646662365711758613,0.268981933594,0.373352050781,-0.835876464844,0.299194335938,-5692.0,-3898.0,4859.0,-2.0,0.0,-1.0,
1646662365716615438,0.268981933594,0.373413085938,-0.835876464844,0.299194335938,-5713.0,-3880.0,4858.0,-2.0,0.0,-1.0,
1646662365721279144,0.268981933594,0.373474121094,-0.835815429688,0.299133300781,-5722.0,-3872.0,4862.0,-2.0,0.0,-1.0,
1646662365725732803,0.26904296875,0.37353515625,-0.835815429688,0.299133300781,-5721.0,-3869.0,4856.0,-1.0,0.0,-1.0,
1646662365732817173,0.26904296875,0.373596191406,-0.835815429688,0.299072265625,-5728.0,-3855.0,4850.0,-1.0,0.0,-1.0,
1646662365737389087,0.269104003906,0.373657226562,-0.835815429688,0.299011230469,-5740.0,-3850.0,4857.0,-1.0,0.0,-1.0,
1646662365742104053,0.269165039062,0.373657226562,-0.835815429688,0.298950195312,-5755.0,-3845.0,4847.0,0.0,1.0,-1.0,
1646662365746720790,0.269287109375,0.373657226562,-0.835754394531,0.298889160156,-5754.0,-3844.0,4842.0,0.0,1.0,-1.0,
1646662365751465797,0.269348144531,0.373657226562,-0.835754394531,0.298828125,-5760.0,-3839.0,4826.0,0.0,1.0,-1.0,
1646662365756113290,0.269470214844,0.373657226562,-0.835754394531,0.298767089844,-5767.0,-3834.0,4823.0,0.0,1.0,-1.0,
1646662365760698556,0.269592285156,0.373657226562,-0.835754394531,0.298706054688,-5778.0,-3841.0,4831.0,0.0,1.0,-1.0,
1646662365767652750,0.269714355469,0.373657226562,-0.835754394531,0.298645019531,-5787.0,-3852.0,4842.0,0.0,1.0,-1.0,
1646662365772398233,0.269836425781,0.373657226562,-0.835754394531,0.298522949219,-5787.0,-3859.0,4853.0,0.0,1.0,-1.0,
1646662365776927947,0.269958496094,0.373596191406,-0.835754394531,0.298461914062,-5799.0,-3858.0,4841.0,1.0,2.0,-1.0,
1646662365781348943,0.270141601562,0.373596191406,-0.835693359375,0.298400878906,-5809.0,-3855.0,4837.0,1.0,2.0,-1.0,
1646662365786175251,0.270263671875,0.373596191406,-0.835693359375,0.29833984375,-5817.0,-3849.0,4838.0,0.0,2.0,-1.0,
1646662365790668487,0.270446777344,0.373596191406,-0.835632324219,0.298278808594,-5827.0,-3862.0,4834.0,0.0,2.0,-1.0,
1646662365796268463,0.270568847656,0.373657226562,-0.835571289062,0.298217773438,-5827.0,-3881.0,4833.0,0.0,2.0,-1.0,
1646662365802419185,0.270751953125,0.373718261719,-0.835571289062,0.298156738281,-5831.0,-3902.0,4831.0,0.0,2.0,-1.0,
1646662365807176351,0.270874023438,0.373779296875,-0.835510253906,0.298034667969,-5843.0,-3902.0,4839.0,0.0,2.0,-1.0,
1646662365812445640,0.271057128906,0.373779296875,-0.835510253906,0.297912597656,-5848.0,-3904.0,4848.0,0.0,3.0,-1.0,
1646662365816832065,0.271240234375,0.373779296875,-0.83544921875,0.2978515625,-5853.0,-3908.0,4866.0,0.0,3.0,-1.0,
1646662365821660757,0.271423339844,0.373840332031,-0.835388183594,0.297729492188,-5863.0,-3919.0,4892.0,0.0,3.0,-1.0,
1646662365826495885,0.271606445312,0.373840332031,-0.835388183594,0.297668457031,-5877.0,-3930.0,4914.0,0.0,3.0,-1.0,
1646662365831108808,0.271789550781,0.373840332031,-0.835388183594,0.297546386719,-5893.0,-3945.0,4931.0,1.0,3.0,-1.0,
1646662365835660219,0.27197265625,0.373779296875,-0.835327148438,0.297424316406,-5894.0,-3944.0,4945.0,1.0,3.0,-1.0,
1646662365840391874,0.272155761719,0.373779296875,-0.835327148438,0.29736328125,-5890.0,-3939.0,4939.0,1.0,2.0,-1.0,
1646662365847674608,0.272338867188,0.373718261719,-0.835327148438,0.297302246094,-5888.0,-3941.0,4940.0,1.0,2.0,-1.0,
1646662365852277994,0.272521972656,0.373718261719,-0.835327148438,0.297241210938,-5886.0,-3946.0,4938.0,1.0,2.0,0.0,
1646662365856952667,0.272644042969,0.373718261719,-0.835266113281,0.297119140625,-5885.0,-3948.0,4936.0,1.0,2.0,0.0,
1646662365861436605,0.272827148438,0.373657226562,-0.835266113281,0.297058105469,-5874.0,-3937.0,4929.0,1.0,2.0,0.0,
1646662365866199254,0.27294921875,0.373596191406,-0.835266113281,0.297058105469,-5862.0,-3925.0,4916.0,1.0,1.0,0.0,
1646662365870974302,0.273071289062,0.373596191406,-0.835266113281,0.296997070312,-5847.0,-3918.0,4890.0,0.0,1.0,0.0,
1646662365875621795,0.273132324219,0.37353515625,-0.835266113281,0.296997070312,-5835.0,-3901.0,4860.0,0.0,1.0,0.0,
1646662365882883548,0.273254394531,0.373596191406,-0.835205078125,0.296997070312,-5817.0,-3885.0,4833.0,0.0,1.0,0.0,
1646662365887998104,0.273315429688,0.373596191406,-0.835205078125,0.296997070312,-5801.0,-3882.0,4801.0,-1.0,0.0,0.0,
1646662365892195940,0.273376464844,0.373596191406,-0.835144042969,0.296997070312,-5783.0,-3882.0,4776.0,-1.0,0.0,0.0,
1646662365898862600,0.273376464844,0.373657226562,-0.835144042969,0.296997070312,-5766.0,-3881.0,4750.0,-1.0,0.0,0.0,
1646662365903818845,0.273376464844,0.373718261719,-0.835083007812,0.296997070312,-5753.0,-3880.0,4735.0,-1.0,0.0,0.0,
1646662365908718347,0.2734375,0.373718261719,-0.835083007812,0.296997070312,-5745.0,-3884.0,4726.0,-1.0,-1.0,0.0,
1646662365913250446,0.273376464844,0.373779296875,-0.835083007812,0.296997070312,-5737.0,-3893.0,4732.0,-1.0,-1.0,-1.0,
1646662365920350790,0.273376464844,0.373779296875,-0.835083007812,0.296997070312,-5734.0,-3908.0,4736.0,-1.0,-1.0,-1.0,
1646662365922806262,0.273315429688,0.373779296875,-0.835083007812,0.296997070312,-5728.0,-3925.0,4734.0,0.0,-1.0,-1.0,
1646662365927734375,0.273254394531,0.373779296875,-0.835083007812,0.296997070312,-5725.0,-3931.0,4736.0,0.0,-1.0,-1.0,
1646662365931987047,0.273193359375,0.373779296875,-0.835083007812,0.296997070312,-5729.0,-3934.0,4742.0,-1.0,-1.0,0.0,
1646662365936556100,0.273193359375,0.373779296875,-0.835144042969,0.296997070312,-5726.0,-3945.0,4752.0,-1.0,-1.0,0.0,
1646662365941523551,0.273071289062,0.373840332031,-0.835144042969,0.297058105469,-5721.0,-3953.0,4750.0,-1.0,-1.0,-1.0,
1646662365946307182,0.273010253906,0.373901367188,-0.835083007812,0.297058105469,-5721.0,-3954.0,4764.0,-1.0,-1.0,0.0,
1646662365951231718,0.27294921875,0.373901367188,-0.835083007812,0.297119140625,-5724.0,-3949.0,4800.0,-1.0,-1.0,0.0,
1646662365957655191,0.272888183594,0.373901367188,-0.835083007812,0.297119140625,-5731.0,-3960.0,4838.0,-2.0,-1.0,0.0,
1646662365962741851,0.272766113281,0.373962402344,-0.835144042969,0.297180175781,-5734.0,-3977.0,4875.0,-1.0,-1.0,0.0,
1646662365967477083,0.272705078125,0.373962402344,-0.835144042969,0.297241210938,-5747.0,-3986.0,4903.0,-1.0,-1.0,0.0,
1646662365971978902,0.272644042969,0.373962402344,-0.835144042969,0.297302246094,-5756.0,-3985.0,4910.0,-1.0,-1.0,0.0,
1646662365977454900,0.272583007812,0.373901367188,-0.835144042969,0.297302246094,-5758.0,-3974.0,4917.0,-1.0,-1.0,0.0,
1646662365981140851,0.272521972656,0.373901367188,-0.835144042969,0.29736328125,-5761.0,-3972.0,4919.0,-1.0,-1.0,0.0,
1646662365985996961,0.272521972656,0.373901367188,-0.835144042969,0.29736328125,-5771.0,-3968.0,4926.0,-1.0,-1.0,0.0,
1646662365990565061,0.2724609375,0.373901367188,-0.835205078125,0.297424316406,-5781.0,-3966.0,4928.0,-1.0,-1.0,0.0,
1646662365997726917,0.2724609375,0.373840332031,-0.835205078125,0.297424316406,-5782.0,-3955.0,4929.0,-1.0,-1.0,0.0,
1646662366005373239,0.272399902344,0.373840332031,-0.835205078125,0.297424316406,-5773.0,-3945.0,4931.0,-1.0,-1.0,0.0,
1646662366011550903,0.272399902344,0.373840332031,-0.835205078125,0.297485351562,-5760.0,-3945.0,4952.0,-1.0,-1.0,0.0,
1646662366017701148,0.272277832031,0.373840332031,-0.835266113281,0.297485351562,-5729.0,-3935.0,4979.0,-1.0,-1.0,-1.0,
1646662366022581338,0.272155761719,0.373840332031,-0.835266113281,0.297485351562,-5727.0,-3929.0,4971.0,-1.0,-1.0,-1.0,
1646662366027320861,0.272155761719,0.373840332031,-0.835266113281,0.297546386719,-5723.0,-3930.0,4934.0,-1.0,-1.0,-1.0,
1646662366031999349,0.272155761719,0.373840332031,-0.835266113281,0.297546386719,-5715.0,-3925.0,4916.0,-1.0,-1.0,0.0,
1646662366036607503,0.272094726562,0.373901367188,-0.835266113281,0.297546386719,-5708.0,-3931.0,4908.0,-1.0,-1.0,0.0,
1646662366041440248,0.272094726562,0.373901367188,-0.835266113281,0.297546386719,-5689.0,-3937.0,4890.0,-1.0,0.0,0.0,
1646662366046037673,0.272094726562,0.373901367188,-0.835266113281,0.297546386719,-5682.0,-3947.0,4870.0,-1.0,0.0,-1.0,
1646662366050474166,0.272094726562,0.373962402344,-0.835266113281,0.297485351562,-5679.0,-3947.0,4849.0,0.0,0.0,-1.0,
1646662366055460691,0.272094726562,0.373962402344,-0.835205078125,0.297485351562,-5679.0,-3944.0,4845.0,0.0,0.0,-1.0,
1646662366063413619,0.272155761719,0.373962402344,-0.835205078125,0.297424316406,-5676.0,-3947.0,4848.0,0.0,0.0,0.0,
1646662366067094087,0.272216796875,0.373962402344,-0.835205078125,0.297424316406,-5673.0,-3931.0,4841.0,0.0,1.0,-1.0,
1646662366071732997,0.272277832031,0.3740234375,-0.835205078125,0.29736328125,-5683.0,-3930.0,4852.0,0.0,1.0,-1.0,
1646662366076429128,0.272338867188,0.3740234375,-0.835205078125,0.297302246094,-5690.0,-3937.0,4864.0,0.0,1.0,-1.0,
1646662366080848693,0.272399902344,0.3740234375,-0.835205078125,0.297302246094,-5700.0,-3925.0,4861.0,0.0,1.0,0.0,
1646662366085471391,0.272521972656,0.3740234375,-0.835144042969,0.297241210938,-5702.0,-3906.0,4850.0,0.0,1.0,0.0,
1646662366090336322,0.272583007812,0.3740234375,-0.835144042969,0.297180175781,-5713.0,-3901.0,4849.0,0.0,1.0,-1.0,
1646662366097289800,0.272644042969,0.374084472656,-0.835083007812,0.297180175781,-5721.0,-3900.0,4842.0,-1.0,1.0,-1.0,
1646662366105100393,0.272705078125,0.374145507812,-0.835083007812,0.297119140625,-5738.0,-3910.0,4835.0,-2.0,1.0,-1.0,
1646662366109623670,0.272766113281,0.374267578125,-0.835021972656,0.297119140625,-5754.0,-3925.0,4822.0,-2.0,1.0,-1.0,
1646662366116162538,0.272766113281,0.374389648438,-0.8349609375,0.297119140625,-5755.0,-3940.0,4817.0,-2.0,0.0,-1.0,
1646662366122550964,0.272766113281,0.374633789062,-0.834838867188,0.297058105469,-5746.0,-3938.0,4799.0,-2.0,0.0,-1.0,
1646662366127017974,0.272766113281,0.374694824219,-0.834838867188,0.297058105469,-5749.0,-3930.0,4781.0,-2.0,0.0,-1.0,
1646662366131701707,0.272766113281,0.374816894531,-0.834777832031,0.297058105469,-5741.0,-3923.0,4757.0,-2.0,0.0,-1.0,
1646662366136315822,0.272766113281,0.374877929688,-0.834716796875,0.297058105469,-5738.0,-3908.0,4732.0,-2.0,0.0,-1.0,
1646662366140920162,0.272766113281,0.374938964844,-0.834716796875,0.297119140625,-5743.0,-3892.0,4704.0,-2.0,-1.0,0.0,
1646662366146353006,0.272827148438,0.375061035156,-0.834655761719,0.297180175781,-5739.0,-3884.0,4690.0,-2.0,-1.0,0.0,
1646662366162759780,0.272766113281,0.375122070312,-0.834594726562,0.297241210938,-5742.0,-3880.0,4666.0,-2.0,-1.0,0.0,
1646662366163507938,0.272766113281,0.375244140625,-0.834533691406,0.297302246094,-5750.0,-3883.0,4644.0,-3.0,-1.0,0.0,
1646662366175221920,0.272766113281,0.375366210938,-0.834411621094,0.29736328125,-5757.0,-3887.0,4639.0,-2.0,-1.0,0.0,
1646662366175863742,0.272766113281,0.375427246094,-0.834350585938,0.297424316406,-5758.0,-3885.0,4643.0,-2.0,-1.0,0.0,
1646662366176216840,0.272766113281,0.37548828125,-0.834350585938,0.297546386719,-5761.0,-3881.0,4649.0,-2.0,-1.0,1.0,
1646662366177271366,0.272766113281,0.37548828125,-0.834289550781,0.297607421875,-5762.0,-3880.0,4658.0,-1.0,-1.0,1.0,
1646662366181848526,0.272827148438,0.37548828125,-0.834228515625,0.297668457031,-5765.0,-3876.0,4659.0,-1.0,-1.0,1.0,
1646662366186411619,0.272827148438,0.37548828125,-0.834228515625,0.297729492188,-5765.0,-3881.0,4672.0,-1.0,-1.0,1.0,
1646662366191113471,0.272827148438,0.37548828125,-0.834167480469,0.297790527344,-5767.0,-3883.0,4684.0,-1.0,-1.0,1.0,
1646662366195884704,0.272888183594,0.375427246094,-0.834167480469,0.2978515625,-5769.0,-3886.0,4698.0,-1.0,-1.0,1.0,
1646662366200392961,0.272888183594,0.375427246094,-0.834167480469,0.297912597656,-5772.0,-3899.0,4714.0,-1.0,-1.0,1.0,
1646662366206032276,0.272888183594,0.375427246094,-0.834106445312,0.297973632812,-5769.0,-3906.0,4744.0,-1.0,-1.0,1.0,
1646662366212169647,0.272888183594,0.375427246094,-0.834106445312,0.298034667969,-5770.0,-3905.0,4766.0,-1.0,-1.0,1.0,
1646662366217057704,0.27294921875,0.375366210938,-0.834106445312,0.298095703125,-5770.0,-3899.0,4786.0,-1.0,-1.0,0.0,
1646662366221796035,0.27294921875,0.375366210938,-0.834106445312,0.298156738281,-5771.0,-3893.0,4802.0,-1.0,-1.0,1.0,
1646662366227538585,0.273010253906,0.375305175781,-0.834045410156,0.298217773438,-5772.0,-3896.0,4821.0,-1.0,0.0,1.0,
1646662366231676101,0.273010253906,0.375305175781,-0.834045410156,0.298278808594,-5774.0,-3908.0,4839.0,-1.0,0.0,0.0,
1646662366236191034,0.27294921875,0.375366210938,-0.834045410156,0.29833984375,-5778.0,-3916.0,4870.0,-1.0,-1.0,0.0,
1646662366240802049,0.27294921875,0.375366210938,-0.833984375,0.298400878906,-5787.0,-3927.0,4897.0,-1.0,-1.0,0.0,
1646662366245697021,0.27294921875,0.375366210938,-0.833984375,0.298461914062,-5786.0,-3928.0,4921.0,-1.0,-1.0,0.0,
1646662366250207901,0.272888183594,0.375366210938,-0.833984375,0.298522949219,-5782.0,-3925.0,4933.0,-1.0,-1.0,0.0,
1646662366255628585,0.272888183594,0.375366210938,-0.833923339844,0.298583984375,-5777.0,-3919.0,4926.0,-1.0,0.0,0.0,
1646662366262318611,0.272888183594,0.375366210938,-0.833923339844,0.298645019531,-5777.0,-3919.0,4906.0,-1.0,-1.0,0.0,
1646662366266780614,0.272888183594,0.375366210938,-0.833862304688,0.298706054688,-5778.0,-3928.0,4891.0,-1.0,-1.0,0.0,
1646662366271748542,0.272888183594,0.375427246094,-0.833862304688,0.298767089844,-5772.0,-3933.0,4887.0,-1.0,-1.0,0.0,
1646662366276352405,0.27294921875,0.375427246094,-0.833862304688,0.298767089844,-5771.0,-3949.0,4879.0,-1.0,0.0,0.0,
1646662366280847311,0.27294921875,0.375427246094,-0.833801269531,0.298828125,-5776.0,-3959.0,4879.0,-1.0,0.0,0.0,
1646662366285709381,0.27294921875,0.375427246094,-0.833801269531,0.298828125,-5785.0,-3965.0,4891.0,-1.0,0.0,0.0,
1646662366290503025,0.27294921875,0.375427246094,-0.833801269531,0.298889160156,-5791.0,-3972.0,4891.0,0.0,0.0,0.0,
1646662366294976949,0.273010253906,0.375427246094,-0.833801269531,0.298889160156,-5790.0,-3967.0,4903.0,0.0,0.0,0.0,
1646662366302237272,0.273010253906,0.375366210938,-0.833801269531,0.298950195312,-5789.0,-3970.0,4905.0,0.0,0.0,0.0,
1646662366308532238,0.273010253906,0.375366210938,-0.833740234375,0.299011230469,-5785.0,-3963.0,4895.0,0.0,0.0,1.0,
1646662366313429355,0.273071289062,0.375305175781,-0.833740234375,0.299011230469,-5778.0,-3959.0,4890.0,0.0,0.0,1.0,
1646662366318542480,0.273132324219,0.375305175781,-0.833740234375,0.299072265625,-5773.0,-3954.0,4875.0,0.0,0.0,1.0,
1646662366322939634,0.273132324219,0.375305175781,-0.833740234375,0.299133300781,-5763.0,-3949.0,4865.0,0.0,0.0,1.0,
1646662366327696084,0.273193359375,0.375244140625,-0.833679199219,0.299133300781,-5754.0,-3943.0,4849.0,-1.0,0.0,1.0,
1646662366332614898,0.273193359375,0.375244140625,-0.833679199219,0.299194335938,-5753.0,-3939.0,4832.0,-1.0,0.0,1.0,
1646662366337128400,0.273254394531,0.375244140625,-0.833618164062,0.299255371094,-5752.0,-3937.0,4805.0,-1.0,0.0,1.0,
1646662366341829061,0.273315429688,0.375305175781,-0.833618164062,0.29931640625,-5758.0,-3936.0,4786.0,-1.0,0.0,1.0,
1646662366346643686,0.273315429688,0.375305175781,-0.833557128906,0.299377441406,-5757.0,-3930.0,4774.0,-1.0,0.0,1.0,
1646662366351753950,0.273376464844,0.375305175781,-0.83349609375,0.299438476562,-5763.0,-3929.0,4760.0,-1.0,-1.0,1.0,
1646662366356032609,0.273376464844,0.375305175781,-0.83349609375,0.299499511719,-5764.0,-3916.0,4753.0,-1.0,-1.0,1.0,
1646662366360676527,0.2734375,0.375305175781,-0.833435058594,0.299560546875,-5759.0,-3906.0,4751.0,-1.0,-1.0,1.0,
1646662366365271329,0.2734375,0.375366210938,-0.833374023438,0.299621582031,-5754.0,-3903.0,4746.0,-1.0,-1.0,1.0,
1646662366370462179,0.2734375,0.375366210938,-0.833374023438,0.299743652344,-5749.0,-3903.0,4731.0,-1.0,-1.0,1.0,
1646662366377279281,0.2734375,0.375427246094,-0.833312988281,0.2998046875,-5757.0,-3908.0,4715.0,-1.0,-1.0,1.0,
1646662366381646394,0.2734375,0.375427246094,-0.833251953125,0.299865722656,-5763.0,-3915.0,4703.0,-1.0,-1.0,0.0,
1646662366386209726,0.2734375,0.37548828125,-0.833251953125,0.299926757812,-5769.0,-3916.0,4719.0,-1.0,-1.0,0.0,
1646662366391720771,0.2734375,0.37548828125,-0.833251953125,0.299987792969,-5777.0,-3907.0,4736.0,-1.0,-1.0,0.0,
1646662366395433902,0.2734375,0.375427246094,-0.833190917969,0.300048828125,-5784.0,-3905.0,4745.0,-1.0,-1.0,0.0,
1646662366400164127,0.2734375,0.375427246094,-0.833190917969,0.300048828125,-5795.0,-3903.0,4775.0,0.0,-1.0,0.0,
1646662366407498121,0.2734375,0.375366210938,-0.833251953125,0.300109863281,-5796.0,-3907.0,4791.0,0.0,-1.0,0.0,
1646662366413685798,0.273376464844,0.375366210938,-0.833251953125,0.300170898438,-5795.0,-3917.0,4804.0,-1.0,-1.0,0.0,
1646662366418758630,0.273315429688,0.375305175781,-0.833251953125,0.300170898438,-5789.0,-3923.0,4820.0,-1.0,-1.0,0.0,
1646662366423691987,0.273254394531,0.375305175781,-0.833312988281,0.300170898438,-5783.0,-3925.0,4821.0,-1.0,-1.0,0.0,
1646662366428356170,0.273193359375,0.375305175781,-0.833312988281,0.300231933594,-5774.0,-3916.0,4819.0,0.0,-1.0,0.0,
1646662366432957410,0.273132324219,0.375244140625,-0.833312988281,0.300231933594,-5766.0,-3910.0,4820.0,0.0,-2.0,0.0,
1646662366437602758,0.273071289062,0.375244140625,-0.833374023438,0.300231933594,-5763.0,-3905.0,4828.0,0.0,-2.0,-1.0,
1646662366442390441,0.273010253906,0.375183105469,-0.833374023438,0.30029296875,-5758.0,-3905.0,4837.0,0.0,-2.0,-1.0,
1646662366447122097,0.272888183594,0.375122070312,-0.833435058594,0.30029296875,-5755.0,-3911.0,4845.0,0.0,-2.0,-1.0,
1646662366451648235,0.272827148438,0.375122070312,-0.833435058594,0.30029296875,-5758.0,-3916.0,4859.0,0.0,-2.0,-1.0,
1646662366456438064,0.272705078125,0.375061035156,-0.83349609375,0.300354003906,-5761.0,-3912.0,4860.0,0.0,-2.0,-1.0,
1646662366461150884,0.272644042969,0.375061035156,-0.833557128906,0.300354003906,-5762.0,-3904.0,4859.0,-1.0,-2.0,-1.0,
1646662366466002702,0.272521972656,0.375,-0.833557128906,0.300415039062,-5760.0,-3903.0,4845.0,-1.0,-2.0,-1.0,
1646662366470956087,0.272399902344,0.375,-0.833618164062,0.300476074219,-5754.0,-3903.0,4818.0,-1.0,-2.0,-1.0,
1646662366475440502,0.272338867188,0.375061035156,-0.833618164062,0.300476074219,-5751.0,-3904.0,4800.0,-1.0,-2.0,-1.0,
1646662366480355978,0.272216796875,0.375122070312,-0.833618164062,0.300537109375,-5742.0,-3911.0,4794.0,-2.0,-2.0,-1.0,
1646662366484680175,0.272094726562,0.375122070312,-0.833618164062,0.300537109375,-5738.0,-3926.0,4777.0,-2.0,-2.0,-1.0,
1646662366491608858,0.27197265625,0.375183105469,-0.833618164062,0.300537109375,-5737.0,-3938.0,4773.0,-1.0,-2.0,-1.0,
1646662366496526241,0.271850585938,0.375244140625,-0.833618164062,0.300598144531,-5743.0,-3944.0,4776.0,-1.0,-2.0,-1.0,
1646662366502290725,0.271789550781,0.375244140625,-0.833618164062,0.300598144531,-5737.0,-3936.0,4784.0,-1.0,-2.0,-1.0,
1646662366506242990,0.271667480469,0.375305175781,-0.833679199219,0.300598144531,-5734.0,-3927.0,4793.0,-1.0,-2.0,-1.0,
1646662366510803222,0.271606445312,0.375244140625,-0.833679199219,0.300659179688,-5734.0,-3930.0,4799.0,-1.0,-2.0,-1.0,
1646662366518116235,0.271484375,0.375305175781,-0.833679199219,0.300659179688,-5732.0,-3939.0,4808.0,-1.0,-2.0,-1.0,
1646662366523099899,0.271362304688,0.375305175781,-0.833740234375,0.300659179688,-5738.0,-3957.0,4813.0,-1.0,-2.0,-1.0,
1646662366527818918,0.271301269531,0.375305175781,-0.833740234375,0.300598144531,-5742.0,-3962.0,4826.0,-1.0,-2.0,-1.0,
1646662366532601118,0.271179199219,0.375366210938,-0.833801269531,0.300598144531,-5745.0,-3960.0,4832.0,-1.0,-2.0,-1.0,
1646662366537340879,0.271118164062,0.375366210938,-0.833801269531,0.300598144531,-5751.0,-3964.0,4837.0,-1.0,-2.0,-1.0,
1646662366542502164,0.27099609375,0.375366210938,-0.833862304688,0.300598144531,-5755.0,-3966.0,4860.0,-1.0,-2.0,-1.0,
1646662366547242403,0.270874023438,0.375427246094,-0.833862304688,0.300598144531,-5753.0,-3968.0,4892.0,-1.0,-2.0,-1.0,
1646662366551715850,0.270812988281,0.375427246094,-0.833923339844,0.300537109375,-5751.0,-3957.0,4906.0,-1.0,-2.0,-2.0,
1646662366556366920,0.270690917969,0.375427246094,-0.833923339844,0.300537109375,-5745.0,-3951.0,4923.0,-1.0,-1.0,-2.0,
1646662366561073064,0.270568847656,0.375427246094,-0.833984375,0.300537109375,-5733.0,-3941.0,4932.0,-1.0,-1.0,-1.0,
1646662366565701961,0.270446777344,0.375427246094,-0.833984375,0.300537109375,-5722.0,-3941.0,4945.0,-1.0,-1.0,-1.0,
1646662366570436000,0.270324707031,0.37548828125,-0.834045410156,0.300537109375,-5705.0,-3950.0,4953.0,-2.0,-1.0,-2.0,
1646662366575238466,0.270202636719,0.375549316406,-0.834045410156,0.300476074219,-5684.0,-3954.0,4950.0,-2.0,-1.0,-2.0,
1646662366579684495,0.270080566406,0.375549316406,-0.834106445312,0.300476074219,-5664.0,-3948.0,4941.0,-2.0,-1.0,-2.0,
1646662366586722850,0.269958496094,0.375610351562,-0.834106445312,0.300476074219,-5655.0,-3942.0,4928.0,-2.0,-1.0,-1.0,
1646662366591497898,0.269836425781,0.375671386719,-0.834106445312,0.300476074219,-5651.0,-3941.0,4906.0,-2.0,-1.0,-1.0,
1646662366596167087,0.269775390625,0.375732421875,-0.834106445312,0.300476074219,-5646.0,-3933.0,4889.0,-2.0,-1.0,-1.0,
1646662366600954055,0.269653320312,0.375793457031,-0.834106445312,0.300476074219,-5639.0,-3931.0,4863.0,-2.0,-1.0,-1.0,
1646662366605446338,0.269592285156,0.375915527344,-0.834106445312,0.300476074219,-5627.0,-3933.0,4837.0,-2.0,-1.0,-1.0,
1646662366610506772,0.26953125,0.3759765625,-0.834106445312,0.300415039062,-5618.0,-3939.0,4818.0,-2.0,-1.0,-1.0,
1646662366615777015,0.269409179688,0.376037597656,-0.834106445312,0.300415039062,-5619.0,-3937.0,4795.0,-2.0,-1.0,-1.0,
1646662366622219324,0.269409179688,0.376098632812,-0.834106445312,0.300415039062,-5615.0,-3945.0,4780.0,-2.0,-1.0,-1.0,
1646662366627009391,0.269348144531,0.376220703125,-0.834045410156,0.300415039062,-5621.0,-3972.0,4781.0,-1.0,-1.0,-1.0,
1646662366631721973,0.269287109375,0.376281738281,-0.834045410156,0.300415039062,-5631.0,-3986.0,4779.0,-1.0,-1.0,-1.0,
1646662366636279344,0.269287109375,0.376342773438,-0.834045410156,0.300354003906,-5639.0,-3989.0,4784.0,-1.0,-1.0,-1.0,
1646662366641035795,0.269226074219,0.376403808594,-0.834045410156,0.300354003906,-5645.0,-3994.0,4791.0,-1.0,-1.0,-1.0,
1646662366645871639,0.269226074219,0.376403808594,-0.834045410156,0.300354003906,-5653.0,-3983.0,4786.0,-1.0,-1.0,-1.0,
1646662366650317668,0.269165039062,0.37646484375,-0.834045410156,0.300354003906,-5669.0,-3976.0,4788.0,-1.0,-1.0,-1.0,
1646662366654967308,0.269165039062,0.376525878906,-0.833984375,0.300415039062,-5685.0,-3979.0,4792.0,-2.0,-1.0,-1.0,
1646662366659658432,0.269104003906,0.376586914062,-0.833984375,0.300415039062,-5699.0,-3985.0,4797.0,-2.0,-1.0,-1.0,
1646662366667089223,0.269104003906,0.376647949219,-0.833923339844,0.300415039062,-5717.0,-3978.0,4787.0,-2.0,-1.0,-1.0,
1646662366671562433,0.26904296875,0.376708984375,-0.833923339844,0.300415039062,-5732.0,-3973.0,4800.0,-2.0,-1.0,-1.0,
1646662366676317691,0.26904296875,0.376770019531,-0.833923339844,0.300415039062,-5751.0,-3970.0,4814.0,-2.0,-1.0,-1.0,
1646662366681029319,0.268981933594,0.376831054688,-0.833862304688,0.300476074219,-5758.0,-3961.0,4826.0,-2.0,-1.0,-1.0,
1646662366685567855,0.268981933594,0.376892089844,-0.833862304688,0.300476074219,-5764.0,-3947.0,4814.0,-2.0,-1.0,-1.0,
1646662366690414667,0.268920898438,0.376953125,-0.833862304688,0.300476074219,-5782.0,-3942.0,4808.0,-2.0,-1.0,-1.0,
1646662366695325851,0.268920898438,0.377014160156,-0.833801269531,0.300537109375,-5803.0,-3917.0,4802.0,-2.0,-1.0,-1.0,
1646662366700181722,0.268981933594,0.377014160156,-0.833740234375,0.300598144531,-5809.0,-3909.0,4813.0,-2.0,-1.0,0.0,
1646662366705018043,0.268981933594,0.377075195312,-0.833740234375,0.300598144531,-5815.0,-3901.0,4823.0,-2.0,-1.0,0.0,
1646662366709596157,0.268981933594,0.377075195312,-0.833679199219,0.300659179688,-5824.0,-3893.0,4847.0,-2.0,-1.0,0.0,
1646662366718056201,0.268981933594,0.377075195312,-0.833679199219,0.300720214844,-5832.0,-3888.0,4830.0,-1.0,-1.0,0.0,
1646662366724138259,0.26904296875,0.377136230469,-0.833618164062,0.30078125,-5838.0,-3879.0,4817.0,-1.0,-1.0,0.0,
1646662366730503797,0.269104003906,0.377136230469,-0.833618164062,0.30078125,-5843.0,-3864.0,4807.0,-1.0,0.0,0.0,
1646662366736521482,0.269165039062,0.377136230469,-0.833557128906,0.300903320312,-5829.0,-3894.0,4817.0,-1.0,0.0,0.0,
1646662366741266012,0.269165039062,0.377197265625,-0.83349609375,0.300903320312,-5812.0,-3917.0,4811.0,-1.0,0.0,0.0,
1646662366746038198,0.269165039062,0.377258300781,-0.83349609375,0.300964355469,-5798.0,-3931.0,4809.0,-1.0,0.0,0.0,
1646662366750715970,0.269165039062,0.377258300781,-0.833435058594,0.300964355469,-5781.0,-3947.0,4814.0,-1.0,0.0,0.0,
1646662366755505561,0.269165039062,0.377319335938,-0.833435058594,0.300964355469,-5771.0,-3953.0,4823.0,-1.0,0.0,0.0,
1646662366760093450,0.269226074219,0.377319335938,-0.833374023438,0.300964355469,-5757.0,-3965.0,4832.0,-1.0,0.0,0.0,
1646662366764537572,0.269226074219,0.377319335938,-0.833374023438,0.301025390625,-5754.0,-3981.0,4840.0,0.0,0.0,0.0,
1646662366769391775,0.269287109375,0.377319335938,-0.833374023438,0.301025390625,-5755.0,-3994.0,4842.0,0.0,0.0,0.0,
1646662366776617765,0.269348144531,0.377319335938,-0.833374023438,0.301025390625,-5750.0,-4005.0,4840.0,0.0,0.0,0.0,
1646662366781121730,0.269409179688,0.377319335938,-0.833312988281,0.300964355469,-5749.0,-4009.0,4850.0,0.0,1.0,0.0,
1646662366785809993,0.26953125,0.377319335938,-0.833312988281,0.300964355469,-5754.0,-4011.0,4848.0,0.0,1.0,0.0,
1646662366790387392,0.269592285156,0.377258300781,-0.833312988281,0.300964355469,-5751.0,-4014.0,4856.0,0.0,1.0,0.0,
1646662366795146226,0.269653320312,0.377258300781,-0.833312988281,0.300964355469,-5757.0,-4010.0,4867.0,0.0,1.0,0.0,
1646662366799673557,0.269775390625,0.377197265625,-0.833251953125,0.300964355469,-5760.0,-4010.0,4867.0,0.0,1.0,0.0,
1646662366816890478,0.269836425781,0.377197265625,-0.833251953125,0.300964355469,-5763.0,-4012.0,4876.0,0.0,1.0,0.0,
1646662366817653179,0.269897460938,0.377197265625,-0.833251953125,0.300964355469,-5769.0,-4013.0,4869.0,0.0,1.0,0.0,
1646662366818458557,0.269958496094,0.377197265625,-0.833251953125,0.300903320312,-5779.0,-4010.0,4867.0,0.0,1.0,0.0,
1646662366823417186,0.270080566406,0.377197265625,-0.833190917969,0.300903320312,-5780.0,-3987.0,4868.0,0.0,0.0,0.0,
1646662366828503370,0.270141601562,0.377136230469,-0.833190917969,0.300964355469,-5778.0,-3968.0,4881.0,0.0,0.0,0.0,
1646662366835492134,0.270202636719,0.377136230469,-0.833190917969,0.300964355469,-5776.0,-3954.0,4875.0,0.0,0.0,0.0,
1646662366841720104,0.270263671875,0.377136230469,-0.833129882812,0.301025390625,-5766.0,-3947.0,4844.0,-1.0,0.0,0.0,
1646662366846515655,0.270324707031,0.377136230469,-0.833129882812,0.301025390625,-5760.0,-3946.0,4837.0,-1.0,0.0,0.0,
1646662366851030111,0.270324707031,0.377197265625,-0.833068847656,0.301025390625,-5754.0,-3939.0,4830.0,-1.0,0.0,0.0,
1646662366855775594,0.270324707031,0.377197265625,-0.833068847656,0.301086425781,-5758.0,-3932.0,4809.0,-1.0,0.0,0.0,
1646662366860521316,0.270385742188,0.377258300781,-0.8330078125,0.301147460938,-5756.0,-3931.0,4790.0,-1.0,0.0,0.0,
1646662366865137338,0.270385742188,0.377258300781,-0.832946777344,0.301147460938,-5754.0,-3942.0,4782.0,-1.0,0.0,0.0,
1646662366870011329,0.270385742188,0.377319335938,-0.832946777344,0.301208496094,-5755.0,-3952.0,4770.0,-1.0,-1.0,0.0,
1646662366874778509,0.270446777344,0.377380371094,-0.832885742188,0.30126953125,-5755.0,-3953.0,4762.0,-1.0,-1.0,0.0,
1646662366879510164,0.270446777344,0.377380371094,-0.832885742188,0.301330566406,-5754.0,-3954.0,4760.0,-1.0,-1.0,0.0,
1646662366886264324,0.270446777344,0.37744140625,-0.832824707031,0.301330566406,-5756.0,-3963.0,4763.0,-1.0,-1.0,0.0,
1646662366891341209,0.270446777344,0.37744140625,-0.832824707031,0.301391601562,-5762.0,-3971.0,4755.0,-1.0,-1.0,0.0,
1646662366895574092,0.270446777344,0.37744140625,-0.832763671875,0.301452636719,-5769.0,-3980.0,4752.0,0.0,-1.0,0.0,
1646662366900975465,0.2705078125,0.37744140625,-0.832763671875,0.301513671875,-5772.0,-3983.0,4764.0,0.0,-1.0,0.0,
1646662366905048608,0.2705078125,0.377380371094,-0.832763671875,0.301513671875,-5767.0,-3974.0,4773.0,0.0,-1.0,0.0,
1646662366909636497,0.2705078125,0.377380371094,-0.832763671875,0.301574707031,-5764.0,-3977.0,4770.0,0.0,-1.0,0.0,
1646662366914650917,0.270568847656,0.377380371094,-0.832702636719,0.301635742188,-5765.0,-3979.0,4770.0,0.0,-1.0,0.0,
1646662366922830104,0.270568847656,0.377319335938,-0.832702636719,0.301635742188,-5764.0,-3987.0,4780.0,0.0,-1.0,0.0,
1646662366928322553,0.270629882812,0.377319335938,-0.832702636719,0.301696777344,-5755.0,-3998.0,4788.0,0.0,-1.0,0.0,
1646662366933002948,0.270629882812,0.377319335938,-0.832702636719,0.301696777344,-5759.0,-4001.0,4799.0,0.0,-1.0,0.0,
1646662366937750577,0.270629882812,0.377319335938,-0.832702636719,0.3017578125,-5756.0,-3996.0,4819.0,0.0,-1.0,0.0,
1646662366942725658,0.270568847656,0.377258300781,-0.832702636719,0.3017578125,-5755.0,-3994.0,4832.0,-1.0,-1.0,0.0,
1646662366947191238,0.270568847656,0.377258300781,-0.832702636719,0.301818847656,-5760.0,-3997.0,4846.0,-1.0,-1.0,0.0,
1646662366951986789,0.270568847656,0.377258300781,-0.832641601562,0.301879882812,-5761.0,-3994.0,4860.0,-1.0,-1.0,0.0,
1646662366956560373,0.270568847656,0.377258300781,-0.832641601562,0.301879882812,-5758.0,-3990.0,4867.0,-1.0,-1.0,0.0,
1646662366961199522,0.270568847656,0.377258300781,-0.832641601562,0.301940917969,-5756.0,-3988.0,4868.0,-1.0,-1.0,0.0,
1646662366966094493,0.270568847656,0.377258300781,-0.832641601562,0.302001953125,-5752.0,-3973.0,4858.0,-1.0,-1.0,0.0,
1646662366970622777,0.270568847656,0.377258300781,-0.832580566406,0.302062988281,-5750.0,-3960.0,4854.0,-1.0,0.0,0.0,
1646662366975392818,0.270568847656,0.377258300781,-0.832580566406,0.302124023438,-5747.0,-3948.0,4857.0,-1.0,0.0,0.0,
1646662366980098247,0.270629882812,0.377258300781,-0.83251953125,0.302185058594,-5737.0,-3945.0,4850.0,-1.0,0.0,0.0,
1646662366984677791,0.270629882812,0.377258300781,-0.83251953125,0.30224609375,-5729.0,-3950.0,4839.0,-1.0,0.0,0.0,
1646662366989421367,0.270629882812,0.377258300781,-0.83251953125,0.30224609375,-5719.0,-3958.0,4835.0,-1.0,0.0,0.0,
1646662366994215965,0.270690917969,0.377258300781,-0.83251953125,0.30224609375,-5716.0,-3966.0,4833.0,0.0,0.0,0.0,
1646662367001235008,0.270690917969,0.377258300781,-0.832458496094,0.30224609375,-5713.0,-3971.0,4819.0,0.0,0.0,0.0,
1646662367005979061,0.270690917969,0.377258300781,-0.832458496094,0.30224609375,-5715.0,-3968.0,4809.0,0.0,0.0,0.0,
1646662367010690927,0.270751953125,0.377258300781,-0.83251953125,0.30224609375,-5721.0,-3954.0,4786.0,0.0,0.0,0.0,
1646662367015381574,0.270812988281,0.377197265625,-0.832458496094,0.30224609375,-5727.0,-3944.0,4772.0,0.0,0.0,0.0,
1646662367020131826,0.270874023438,0.377197265625,-0.832458496094,0.30224609375,-5731.0,-3933.0,4766.0,0.0,0.0,0.0,
1646662367025280237,0.270935058594,0.377197265625,-0.832458496094,0.30224609375,-5736.0,-3934.0,4758.0,0.0,0.0,0.0,
1646662367031811475,0.27099609375,0.377197265625,-0.832397460938,0.30224609375,-5747.0,-3944.0,4755.0,0.0,0.0,0.0,
1646662367036530494,0.271057128906,0.377197265625,-0.832397460938,0.30224609375,-5754.0,-3950.0,4766.0,0.0,0.0,0.0,
1646662367041086912,0.271118164062,0.377197265625,-0.832397460938,0.302185058594,-5764.0,-3951.0,4768.0,0.0,1.0,0.0,
1646662367046431541,0.271179199219,0.377197265625,-0.832397460938,0.302185058594,-5772.0,-3958.0,4770.0,0.0,0.0,0.0,
1646662367050227165,0.271301269531,0.377197265625,-0.832397460938,0.302185058594,-5783.0,-3951.0,4770.0,1.0,1.0,0.0,
1646662367055065631,0.271423339844,0.377075195312,-0.832397460938,0.302124023438,-5794.0,-3932.0,4775.0,1.0,0.0,0.0,
1646662367059690475,0.271545410156,0.377014160156,-0.832397460938,0.302124023438,-5799.0,-3897.0,4778.0,2.0,0.0,0.0,
1646662367065901994,0.271667480469,0.376831054688,-0.832397460938,0.302124023438,-5807.0,-3865.0,4793.0,2.0,1.0,0.0,
1646662367069320917,0.271789550781,0.376708984375,-0.832397460938,0.302124023438,-5809.0,-3849.0,4794.0,2.0,0.0,0.0,
