1648649267803197622,0.545043945312,-0.657409667969,-0.02978515625,0.519470214844,5270.0,4767.0,-3589.0,-4.0,-121.0,4.0,
1648649267807908058,0.544738769531,-0.6611328125,-0.0335693359375,0.514770507812,5070.0,4811.0,-3683.0,-1.0,-114.0,3.0,
1648649267812257051,0.544677734375,-0.66455078125,-0.0370483398438,0.510192871094,4873.0,4836.0,-3762.0,3.0,-107.0,3.0,
1648649267818128585,0.544677734375,-0.667785644531,-0.040283203125,0.505676269531,4746.0,4848.0,-3833.0,6.0,-102.0,2.0,
1648649267824124813,0.544738769531,-0.670837402344,-0.0431518554688,0.501403808594,4670.0,4871.0,-3908.0,8.0,-96.0,2.0,
1648649267830817222,0.544738769531,-0.673645019531,-0.0458984375,0.497253417969,4611.0,4914.0,-3997.0,8.0,-91.0,2.0,
1648649267833523035,0.544799804688,-0.676391601562,-0.0484008789062,0.493286132812,4570.0,4964.0,-4101.0,9.0,-87.0,2.0,
1648649267838304281,0.544860839844,-0.679077148438,-0.05078125,0.489318847656,4533.0,5017.0,-4211.0,11.0,-84.0,3.0,
1648649267842144250,0.544860839844,-0.681701660156,-0.0529174804688,0.485412597656,4482.0,5063.0,-4292.0,12.0,-82.0,4.0,
1648649267846809625,0.544799804688,-0.684326171875,-0.0550537109375,0.481506347656,4451.0,5085.0,-4358.0,12.0,-81.0,6.0,
1648649267854912519,0.544677734375,-0.686950683594,-0.0570068359375,0.477661132812,4396.0,5096.0,-4436.0,12.0,-80.0,8.0,
1648649267859203100,0.54443359375,-0.689575195312,-0.058837890625,0.473876953125,4344.0,5130.0,-4521.0,13.0,-78.0,10.0,
1648649267862507343,0.544250488281,-0.692199707031,-0.0604858398438,0.470153808594,4272.0,5163.0,-4603.0,15.0,-75.0,11.0,
1648649267867737770,0.544067382812,-0.694702148438,-0.0619506835938,0.466369628906,4186.0,5193.0,-4688.0,17.0,-73.0,12.0,
1648649267874325275,0.5439453125,-0.697265625,-0.0633544921875,0.462524414062,4101.0,5204.0,-4788.0,20.0,-73.0,13.0,
1648649267883372783,0.543823242188,-0.699890136719,-0.0645141601562,0.458435058594,4013.0,5220.0,-4860.0,23.0,-73.0,14.0,
1648649267889542102,0.5439453125,-0.705017089844,-0.066650390625,0.450073242188,3890.0,5192.0,-4852.0,29.0,-74.0,13.0,
1648649267893887042,0.543884277344,-0.707641601562,-0.0676879882812,0.445922851562,3891.0,5164.0,-4838.0,28.0,-75.0,14.0,
1648649267899206638,0.543640136719,-0.710388183594,-0.0687255859375,0.441650390625,3890.0,5160.0,-4829.0,27.0,-78.0,17.0,
1648649267903489589,0.543273925781,-0.713256835938,-0.0698852539062,0.437316894531,3868.0,5177.0,-4857.0,27.0,-81.0,19.0,
1648649267909132003,0.542846679688,-0.716186523438,-0.071044921875,0.432861328125,3818.0,5217.0,-4906.0,27.0,-82.0,20.0,
1648649267914183139,0.542419433594,-0.719116210938,-0.0722045898438,0.428344726562,3775.0,5247.0,-4990.0,28.0,-83.0,20.0,
1648649267919076204,0.542114257812,-0.721984863281,-0.0732421875,0.423645019531,3770.0,5263.0,-5063.0,31.0,-83.0,19.0,
1648649267922810316,0.541931152344,-0.724792480469,-0.07421875,0.418884277344,3809.0,5276.0,-5138.0,34.0,-83.0,17.0,
1648649267928594350,0.541809082031,-0.727600097656,-0.074951171875,0.414001464844,3763.0,5256.0,-5190.0,38.0,-83.0,17.0,
1648649267936321258,0.541870117188,-0.730346679688,-0.0756225585938,0.408935546875,3719.0,5235.0,-5223.0,42.0,-83.0,16.0,
1648649267940153121,0.5419921875,-0.733032226562,-0.0760498046875,0.403869628906,3819.0,5227.0,-5232.0,44.0,-81.0,15.0,
1648649267944524288,0.5419921875,-0.735656738281,-0.0762939453125,0.398986816406,4080.0,5249.0,-5255.0,45.0,-79.0,16.0,
1648649267974355220,0.541931152344,-0.738342285156,-0.07666015625,0.39404296875,4240.0,5168.0,-5247.0,44.0,-85.0,15.0,
1648649267977910280,0.541687011719,-0.741394042969,-0.0774536132812,0.388488769531,4313.0,5018.0,-5346.0,44.0,-97.0,16.0,
1648649267979147195,0.541320800781,-0.744750976562,-0.0784912109375,0.382202148438,4290.0,4972.0,-5424.0,43.0,-109.0,17.0,
1648649267986042976,0.541015625,-0.748168945312,-0.079833984375,0.375671386719,4069.0,4937.0,-5465.0,44.0,-114.0,17.0,
1648649267991715669,0.541015625,-0.751281738281,-0.0812377929688,0.369079589844,3935.0,4872.0,-5499.0,46.0,-111.0,13.0,
1648649267994552373,0.541015625,-0.754272460938,-0.0825805664062,0.362731933594,3909.0,4719.0,-5580.0,45.0,-107.0,12.0,
1648649268001472949,0.540832519531,-0.757263183594,-0.083984375,0.3564453125,3878.0,4561.0,-5646.0,40.0,-109.0,10.0,
1648649268005121946,0.54052734375,-0.760192871094,-0.0859985351562,0.349975585938,3762.0,4433.0,-5645.0,33.0,-116.0,8.0,
1648649268008370876,0.540222167969,-0.763000488281,-0.08837890625,0.343688964844,3589.0,4321.0,-5654.0,27.0,-116.0,6.0,
1648649268010630607,0.539855957031,-0.765625,-0.0908813476562,0.337768554688,3407.0,4154.0,-5623.0,22.0,-110.0,5.0,
1648649268012914180,0.539367675781,-0.768005371094,-0.0934448242188,0.332336425781,3249.0,3985.0,-5607.0,15.0,-103.0,6.0,
1648649268016751289,0.538757324219,-0.770263671875,-0.0960083007812,0.327514648438,3094.0,3867.0,-5579.0,8.0,-95.0,6.0,
1648649268019944667,0.537963867188,-0.772277832031,-0.0985717773438,0.323181152344,2998.0,3843.0,-5575.0,3.0,-89.0,7.0,
1648649268023492336,0.537048339844,-0.774291992188,-0.101135253906,0.319213867188,2894.0,3839.0,-5598.0,1.0,-84.0,10.0,
1648649268026017427,0.536010742188,-0.776245117188,-0.103515625,0.315307617188,2791.0,3827.0,-5632.0,1.0,-82.0,12.0,
1648649268029765129,0.534912109375,-0.7783203125,-0.105895996094,0.311340332031,2709.0,3828.0,-5702.0,2.0,-83.0,14.0,
1648649268032206535,0.533813476562,-0.780395507812,-0.108215332031,0.30712890625,2669.0,3852.0,-5755.0,4.0,-85.0,14.0,
1648649268036239624,0.53271484375,-0.782470703125,-0.110473632812,0.302795410156,2670.0,3892.0,-5790.0,8.0,-87.0,14.0,
1648649268039697408,0.531677246094,-0.78466796875,-0.112609863281,0.298278808594,2705.0,3931.0,-5818.0,11.0,-90.0,14.0,
1648649268045125484,0.530517578125,-0.786926269531,-0.11474609375,0.293518066406,2721.0,3956.0,-5805.0,14.0,-95.0,14.0,
1648649268049048662,0.529418945312,-0.789184570312,-0.116882324219,0.288452148438,2714.0,3977.0,-5759.0,16.0,-99.0,14.0,
1648649268054225921,0.528259277344,-0.79150390625,-0.119140625,0.283386230469,2694.0,3968.0,-5723.0,16.0,-99.0,14.0,
1648649268059891462,0.527099609375,-0.793762207031,-0.121337890625,0.278259277344,2628.0,3933.0,-5701.0,15.0,-100.0,14.0,
1648649268063105106,0.525817871094,-0.796081542969,-0.123718261719,0.27294921875,2508.0,3891.0,-5677.0,16.0,-104.0,14.0,
1648649268068306684,0.524597167969,-0.798400878906,-0.126098632812,0.267333984375,2414.0,3843.0,-5652.0,16.0,-106.0,15.0,
1648649268073243141,0.523315429688,-0.800720214844,-0.128479003906,0.26171875,2426.0,3814.0,-5660.0,17.0,-108.0,15.0,
1648649268078779220,0.521911621094,-0.803161621094,-0.130920410156,0.255859375,2477.0,3804.0,-5648.0,18.0,-113.0,16.0,
1648649268081880807,0.520385742188,-0.8056640625,-0.133422851562,0.249755859375,2431.0,3778.0,-5643.0,20.0,-119.0,16.0,
1648649268089570283,0.518859863281,-0.80810546875,-0.136108398438,0.243286132812,2298.0,3713.0,-5638.0,20.0,-123.0,15.0,
1648649268093920469,0.517456054688,-0.810485839844,-0.138854980469,0.236877441406,2136.0,3603.0,-5665.0,18.0,-121.0,14.0,
1648649268100765228,0.515930175781,-0.812744140625,-0.141662597656,0.230651855469,1991.0,3502.0,-5716.0,14.0,-118.0,14.0,
1648649268102548122,0.514282226562,-0.81494140625,-0.14453125,0.224670410156,1837.0,3422.0,-5773.0,10.0,-115.0,16.0,
1648649268107581615,0.512634277344,-0.817016601562,-0.1474609375,0.218994140625,1666.0,3326.0,-5841.0,6.0,-111.0,16.0,
1648649268111186027,0.510925292969,-0.818969726562,-0.150390625,0.213684082031,1467.0,3207.0,-5931.0,2.0,-105.0,16.0,
1648649268117868185,0.509216308594,-0.82080078125,-0.153198242188,0.208679199219,1288.0,3080.0,-6042.0,-1.0,-98.0,16.0,
1648649268121123552,0.507507324219,-0.822509765625,-0.155883789062,0.204040527344,1119.0,2959.0,-6187.0,-3.0,-92.0,18.0,
1648649268128862857,0.505676269531,-0.82421875,-0.158325195312,0.19970703125,988.0,2880.0,-6353.0,-4.0,-86.0,20.0,
1648649268133440971,0.503784179688,-0.825866699219,-0.160583496094,0.19580078125,878.0,2881.0,-6473.0,-5.0,-79.0,23.0,
1648649268138118743,0.501708984375,-0.827514648438,-0.162902832031,0.192260742188,830.0,2955.0,-6504.0,-8.0,-74.0,25.0,
1648649268142606258,0.49951171875,-0.829040527344,-0.16552734375,0.189208984375,728.0,2939.0,-6658.0,-15.0,-72.0,27.0,
1648649268147068738,0.497375488281,-0.830444335938,-0.168029785156,0.186340332031,724.0,2857.0,-6778.0,-18.0,-65.0,26.0,
1648649268152371644,0.495239257812,-0.831848144531,-0.170104980469,0.18408203125,827.0,2880.0,-6851.0,-18.0,-57.0,27.0,
1648649268156289339,0.493041992188,-0.833068847656,-0.172180175781,0.182250976562,885.0,2993.0,-6913.0,-20.0,-53.0,27.0,
1648649268162693262,0.490966796875,-0.834289550781,-0.174499511719,0.180419921875,894.0,3075.0,-6971.0,-21.0,-54.0,26.0,
1648649268167830705,0.488952636719,-0.835388183594,-0.176818847656,0.178466796875,924.0,3111.0,-7003.0,-21.0,-55.0,23.0,
1648649268172044754,0.486938476562,-0.836486816406,-0.179138183594,0.176391601562,969.0,3142.0,-7025.0,-20.0,-56.0,22.0,
1648649268176070213,0.484924316406,-0.837585449219,-0.181457519531,0.174194335938,984.0,3216.0,-7022.0,-19.0,-58.0,23.0,
1648649268180584907,0.48291015625,-0.838745117188,-0.183776855469,0.171875,1036.0,3294.0,-6993.0,-17.0,-61.0,22.0,
1648649268188561677,0.480895996094,-0.839904785156,-0.186096191406,0.16943359375,1119.0,3381.0,-6983.0,-15.0,-63.0,21.0,
1648649268192970514,0.478820800781,-0.841064453125,-0.188354492188,0.166870117188,1100.0,3613.0,-7014.0,-13.0,-65.0,22.0,
1648649268197074890,0.476745605469,-0.842346191406,-0.190551757812,0.163818359375,980.0,3632.0,-6941.0,-6.0,-71.0,23.0,
1648649268201883077,0.474853515625,-0.843688964844,-0.192565917969,0.160095214844,764.0,3597.0,-6827.0,1.0,-75.0,20.0,
1648649268206089735,0.473083496094,-0.844970703125,-0.194458007812,0.156188964844,608.0,3633.0,-6697.0,3.0,-76.0,19.0,
1648649268210594415,0.471252441406,-0.846252441406,-0.196350097656,0.152526855469,570.0,3683.0,-6623.0,3.0,-72.0,20.0,
1648649268217409133,0.46923828125,-0.847595214844,-0.198181152344,0.149047851562,559.0,3690.0,-6619.0,2.0,-71.0,23.0,
1648649268222214698,0.466979980469,-0.848999023438,-0.199890136719,0.145568847656,505.0,3649.0,-6627.0,2.0,-73.0,26.0,
1648649268226956129,0.464477539062,-0.8505859375,-0.201599121094,0.141967773438,443.0,3585.0,-6627.0,2.0,-74.0,30.0,
1648649268231458902,0.461853027344,-0.852172851562,-0.203308105469,0.138427734375,447.0,3561.0,-6616.0,0.0,-75.0,34.0,
1648649268236139059,0.458923339844,-0.853881835938,-0.205139160156,0.135009765625,485.0,3563.0,-6584.0,-1.0,-76.0,37.0,
1648649268240701198,0.455932617188,-0.855529785156,-0.207153320312,0.131530761719,431.0,3575.0,-6539.0,-3.0,-79.0,38.0,
1648649268245451211,0.453002929688,-0.857055664062,-0.20947265625,0.1279296875,351.0,3661.0,-6495.0,-6.0,-81.0,35.0,
1648649268252066612,0.450378417969,-0.8583984375,-0.2119140625,0.12451171875,293.0,3816.0,-6473.0,-8.0,-78.0,30.0,
1648649268256850957,0.448059082031,-0.859497070312,-0.214416503906,0.120971679688,-6.0,3804.0,-6424.0,-7.0,-78.0,23.0,
1648649268261294364,0.446166992188,-0.860412597656,-0.216735839844,0.1171875,-289.0,3717.0,-6377.0,-4.0,-74.0,18.0,
1648649268266140222,0.444396972656,-0.861267089844,-0.218627929688,0.11376953125,-556.0,3715.0,-6386.0,-3.0,-64.0,18.0,
1648649268270605564,0.442810058594,-0.862060546875,-0.220275878906,0.110778808594,-806.0,3767.0,-6372.0,-1.0,-55.0,19.0,
1648649268275353670,0.441223144531,-0.862915039062,-0.221557617188,0.107971191406,-943.0,3780.0,-6311.0,4.0,-49.0,19.0,
1648649268282177686,0.439636230469,-0.86376953125,-0.222534179688,0.105407714844,-1003.0,3783.0,-6251.0,6.0,-45.0,20.0,
1648649268286924600,0.437927246094,-0.864685058594,-0.223449707031,0.102966308594,-1077.0,3821.0,-6216.0,7.0,-45.0,22.0,
1648649268294295310,0.43603515625,-0.86572265625,-0.224365234375,0.100341796875,-1208.0,3857.0,-6240.0,8.0,-48.0,24.0,
1648649268299180746,0.434265136719,-0.866760253906,-0.225158691406,0.0975952148438,-1338.0,3879.0,-6286.0,10.0,-47.0,24.0,
1648649268303736925,0.432495117188,-0.867736816406,-0.225769042969,0.0949096679688,-1436.0,3863.0,-6347.0,13.0,-45.0,24.0,
1648649268307879447,0.430847167969,-0.868774414062,-0.226196289062,0.0924072265625,-1498.0,3849.0,-6397.0,13.0,-41.0,24.0,
1648649268312470197,0.429077148438,-0.869689941406,-0.226745605469,0.0902709960938,-1493.0,3815.0,-6455.0,8.0,-37.0,25.0,
1648649268317006349,0.42724609375,-0.870544433594,-0.227478027344,0.0885620117188,-1450.0,3866.0,-6526.0,2.0,-34.0,27.0,
1648649268321583271,0.425354003906,-0.871337890625,-0.228515625,0.0873413085938,-1334.0,3978.0,-6591.0,-5.0,-31.0,28.0,
1648649268326272249,0.42333984375,-0.8720703125,-0.229919433594,0.08642578125,-1148.0,4074.0,-6665.0,-11.0,-30.0,28.0,
1648649268330749511,0.421325683594,-0.872680664062,-0.231506347656,0.085693359375,-971.0,4140.0,-6737.0,-17.0,-32.0,27.0,
1648649268335505247,0.419311523438,-0.873168945312,-0.233581542969,0.0848388671875,-877.0,4208.0,-6776.0,-23.0,-36.0,25.0,
1648649268342037677,0.417358398438,-0.87353515625,-0.236083984375,0.0838623046875,-824.0,4305.0,-6769.0,-28.0,-40.0,23.0,
1648649268346882820,0.415466308594,-0.873779296875,-0.239074707031,0.082763671875,-768.0,4396.0,-6734.0,-34.0,-44.0,20.0,
1648649268351495265,0.41357421875,-0.873840332031,-0.242431640625,0.0816650390625,-743.0,4463.0,-6660.0,-39.0,-47.0,18.0,
1648649268355734348,0.411682128906,-0.873840332031,-0.246032714844,0.0803833007812,-781.0,4554.0,-6570.0,-42.0,-50.0,17.0,
1648649268360270500,0.409729003906,-0.873779296875,-0.249877929688,0.0790405273438,-921.0,4646.0,-6518.0,-44.0,-52.0,17.0,
1648649268367172002,0.407775878906,-0.873718261719,-0.253723144531,0.077392578125,-1144.0,4707.0,-6431.0,-42.0,-53.0,17.0,
1648649268371841907,0.405883789062,-0.873657226562,-0.257385253906,0.07568359375,-1371.0,4731.0,-6386.0,-39.0,-51.0,17.0,
1648649268376735687,0.404052734375,-0.873718261719,-0.260620117188,0.073974609375,-1576.0,4824.0,-6369.0,-34.0,-48.0,19.0,
1648649268381552457,0.402282714844,-0.873840332031,-0.263427734375,0.0723266601562,-1796.0,4887.0,-6361.0,-26.0,-44.0,19.0,
1648649268386092662,0.400634765625,-0.8740234375,-0.265686035156,0.0707397460938,-2056.0,4889.0,-6357.0,-19.0,-37.0,19.0,
1648649268392061233,0.399230957031,-0.874267578125,-0.267395019531,0.0694580078125,-2192.0,4870.0,-6346.0,-14.0,-28.0,18.0,
1648649268398557662,0.398010253906,-0.87451171875,-0.268615722656,0.0686645507812,-2191.0,4901.0,-6372.0,-10.0,-18.0,17.0,
1648649268403180837,0.396911621094,-0.874755859375,-0.269470214844,0.068359375,-2154.0,4961.0,-6401.0,-8.0,-10.0,18.0,
1648649268408668756,0.395874023438,-0.875061035156,-0.27001953125,0.0684814453125,-2043.0,4960.0,-6447.0,-5.0,-4.0,18.0,
1648649268412102937,0.394958496094,-0.875366210938,-0.270263671875,0.0687866210938,-1853.0,4932.0,-6536.0,-3.0,0.0,18.0,
1648649268416578292,0.393920898438,-0.875793457031,-0.270385742188,0.0692138671875,-1707.0,4894.0,-6631.0,-2.0,0.0,18.0,
1648649268421214580,0.392944335938,-0.876159667969,-0.270568847656,0.0693969726562,-1586.0,4796.0,-6705.0,-4.0,-3.0,17.0,
1648649268425985336,0.391845703125,-0.87646484375,-0.27099609375,0.0694580078125,-1434.0,4668.0,-6756.0,-8.0,-7.0,17.0,
1648649268430245161,0.390625,-0.876770019531,-0.271911621094,0.0694580078125,-1283.0,4580.0,-6802.0,-15.0,-13.0,17.0,
1648649268436935424,0.389282226562,-0.876892089844,-0.2734375,0.0692749023438,-999.0,4581.0,-7176.0,-23.0,-19.0,17.0,
1648649268441940069,0.387878417969,-0.877014160156,-0.275024414062,0.0693969726562,-594.0,5072.0,-7758.0,-29.0,-20.0,17.0,
1648649268446542501,0.386047363281,-0.877197265625,-0.277221679688,0.0686645507812,-1331.0,5411.0,-8224.0,-26.0,-43.0,15.0,
1648649268451966524,0.384765625,-0.877136230469,-0.279846191406,0.0657348632812,-1793.0,5155.0,-8442.0,-20.0,-51.0,10.0,
1648649268455637216,0.384033203125,-0.877014160156,-0.281860351562,0.063232421875,-1951.0,5115.0,-8466.0,-24.0,-43.0,4.0,
1648649268462015628,0.383178710938,-0.876647949219,-0.284484863281,0.0615234375,-2280.0,5289.0,-8441.0,-32.0,-39.0,3.0,
1648649268466678380,0.382446289062,-0.876098632812,-0.287475585938,0.0599975585938,-2693.0,5266.0,-8378.0,-34.0,-35.0,2.0,
1648649268471138238,0.382141113281,-0.87548828125,-0.289978027344,0.05859375,-2912.0,5134.0,-8301.0,-32.0,-24.0,-1.0,
1648649268475699663,0.382141113281,-0.874938964844,-0.291870117188,0.0579223632812,-2989.0,5091.0,-8182.0,-28.0,-13.0,-2.0,
1648649268480288982,0.382263183594,-0.874389648438,-0.293334960938,0.0577392578125,-2948.0,5058.0,-8044.0,-25.0,-3.0,-3.0,
1648649268487350940,0.382568359375,-0.873840332031,-0.294494628906,0.0580444335938,-2801.0,4966.0,-7875.0,-21.0,4.0,-4.0,
1648649268494367599,0.382873535156,-0.873413085938,-0.295288085938,0.0586547851562,-2515.0,4864.0,-7662.0,-19.0,8.0,-3.0,
1648649268499646425,0.383056640625,-0.873046875,-0.296020507812,0.0594482421875,-2103.0,4825.0,-7411.0,-17.0,8.0,-2.0,
1648649268507740974,0.382629394531,-0.87255859375,-0.297729492188,0.060546875,-1344.0,4744.0,-6808.0,-15.0,-7.0,0.0,
1648649268512033462,0.382141113281,-0.872436523438,-0.298767089844,0.0604248046875,-1038.0,4774.0,-6505.0,-13.0,-15.0,1.0,
1648649268516544580,0.381530761719,-0.872314453125,-0.299987792969,0.059814453125,-892.0,4777.0,-6182.0,-10.0,-24.0,-1.0,
1648649268521137475,0.381103515625,-0.872131347656,-0.301330566406,0.0582275390625,-793.0,4677.0,-5895.0,-6.0,-35.0,-6.0,
1648649268525662899,0.380676269531,-0.872009277344,-0.302734375,0.0559692382812,-777.0,4597.0,-5660.0,-3.0,-45.0,-10.0,
1648649268530338287,0.380249023438,-0.871826171875,-0.30419921875,0.0531005859375,-844.0,4541.0,-5506.0,-2.0,-53.0,-11.0,
1648649268536756515,0.379638671875,-0.871765136719,-0.305786132812,0.0498046875,-845.0,4400.0,-5378.0,0.0,-58.0,-10.0,
1648649268541759967,0.378784179688,-0.871765136719,-0.307373046875,0.04638671875,-920.0,4298.0,-5300.0,-2.0,-64.0,-7.0,
1648649268546435594,0.377624511719,-0.871765136719,-0.309204101562,0.0428466796875,-863.0,4268.0,-5431.0,-5.0,-67.0,-2.0,
1648649268551152944,0.376403808594,-0.871826171875,-0.310974121094,0.0399169921875,-1726.0,4238.0,-5354.0,-9.0,-62.0,0.0,
1648649268555733919,0.375305175781,-0.871643066406,-0.313171386719,0.036865234375,-2165.0,4415.0,-5625.0,-12.0,-46.0,8.0,
1648649268560231208,0.374450683594,-0.871520996094,-0.314575195312,0.03564453125,-2222.0,4508.0,-5683.0,-14.0,-22.0,10.0,
1648649268565105915,0.373840332031,-0.871398925781,-0.315795898438,0.0347290039062,-2432.0,4393.0,-5612.0,-11.0,-20.0,4.0,
1648649268571865558,0.373291015625,-0.871215820312,-0.317077636719,0.0338745117188,-2649.0,4346.0,-5487.0,-15.0,-16.0,7.0,
1648649268576662778,0.372802734375,-0.870910644531,-0.318542480469,0.03369140625,-2464.0,4375.0,-5444.0,-20.0,-6.0,9.0,
1648649268581182718,0.372314453125,-0.87060546875,-0.31982421875,0.0344848632812,-2219.0,4486.0,-5375.0,-23.0,2.0,8.0,
1648649268650322914,0.371826171875,-0.870300292969,-0.321166992188,0.0353393554688,-2158.0,4504.0,-5355.0,-23.0,0.0,6.0,
1648649268653225898,0.37158203125,-0.869873046875,-0.322509765625,0.0359497070312,-2091.0,4521.0,-5305.0,-23.0,1.0,4.0,
1648649268655411958,0.370788574219,-0.868591308594,-0.326599121094,0.03759765625,-1889.0,4749.0,-5188.0,-22.0,0.0,5.0,
1648649268657737970,0.370178222656,-0.868347167969,-0.327941894531,0.0383911132812,-1731.0,4900.0,-5237.0,-22.0,0.0,9.0,
1648649268659604310,0.369262695312,-0.868225097656,-0.329162597656,0.0391235351562,-1326.0,5237.0,-5535.0,-19.0,-4.0,13.0,
1648649268664645433,0.368041992188,-0.868408203125,-0.330078125,0.039306640625,-1491.0,5426.0,-5672.0,-10.0,-17.0,11.0,
1648649268667111635,0.3671875,-0.868469238281,-0.330932617188,0.0380859375,-1559.0,5337.0,-5909.0,0.0,-25.0,7.0,
1648649268668387889,0.366333007812,-0.868774414062,-0.331237792969,0.0369873046875,-1318.0,5425.0,-6276.0,1.0,-22.0,8.0,
1648649268671045780,0.365234375,-0.869140625,-0.331481933594,0.0362548828125,-1159.0,5610.0,-6615.0,0.0,-24.0,9.0,
1648649268672498464,0.363952636719,-0.869567871094,-0.33203125,0.0350952148438,-1163.0,5683.0,-6839.0,0.0,-33.0,10.0,
1648649268676182270,0.362670898438,-0.869873046875,-0.332824707031,0.033447265625,-1184.0,5611.0,-6969.0,-1.0,-38.0,9.0,
1648649268679575920,0.361328125,-0.8701171875,-0.333740234375,0.0315551757812,-1240.0,5545.0,-7044.0,-4.0,-41.0,9.0,
1648649268680717468,0.360046386719,-0.870361328125,-0.334777832031,0.0299072265625,-1218.0,5392.0,-7089.0,-7.0,-38.0,10.0,
1648649268682128906,0.358764648438,-0.870544433594,-0.335693359375,0.0287475585938,-1049.0,5260.0,-7103.0,-10.0,-32.0,11.0,
1648649268683058738,0.357421875,-0.870727539062,-0.336669921875,0.028076171875,-753.0,5168.0,-7118.0,-14.0,-28.0,12.0,
1648649268683457374,0.356018066406,-0.870849609375,-0.337829589844,0.0276489257812,-467.0,5016.0,-7125.0,-17.0,-29.0,13.0,
1648649268684252500,0.354370117188,-0.87109375,-0.339050292969,0.0270385742188,-175.0,4874.0,-7164.0,-18.0,-34.0,15.0,
1648649268685406208,0.352478027344,-0.871337890625,-0.340454101562,0.0261840820312,-3.0,4723.0,-7210.0,-20.0,-41.0,16.0,
1648649268685791015,0.350463867188,-0.871520996094,-0.342102050781,0.0249633789062,106.0,4629.0,-7302.0,-23.0,-47.0,17.0,
1648649268694828987,0.348205566406,-0.871765136719,-0.343933105469,0.0234375,64.0,4538.0,-7416.0,-24.0,-54.0,19.0,
1648649268701066970,0.345764160156,-0.872009277344,-0.345886230469,0.0213012695312,-104.0,4478.0,-7524.0,-24.0,-62.0,20.0,
1648649268704167127,0.34326171875,-0.872192382812,-0.348022460938,0.0187377929688,-302.0,4427.0,-7623.0,-23.0,-68.0,21.0,
1648649268710659503,0.340698242188,-0.872436523438,-0.350158691406,0.0157470703125,-558.0,4387.0,-7669.0,-21.0,-72.0,20.0,
1648649268712991952,0.338134765625,-0.87255859375,-0.352355957031,0.0125122070312,-817.0,4286.0,-7665.0,-20.0,-75.0,18.0,
1648649268717935085,0.335754394531,-0.872680664062,-0.354553222656,0.009033203125,-1026.0,4113.0,-7615.0,-20.0,-76.0,16.0,
1648649268722958803,0.333435058594,-0.872741699219,-0.356689453125,0.0054931640625,-1171.0,3990.0,-7544.0,-21.0,-76.0,15.0,
1648649268726695537,0.3310546875,-0.872680664062,-0.358947753906,0.0020751953125,-1234.0,3899.0,-7430.0,-22.0,-76.0,14.0,
1648649268731184720,0.328735351562,-0.872619628906,-0.361267089844,-0.001220703125,-1200.0,3789.0,-7286.0,-23.0,-76.0,13.0,
1648649268735991716,0.326416015625,-0.872436523438,-0.363708496094,-0.00445556640625,-1135.0,3708.0,-7126.0,-26.0,-77.0,12.0,
1648649268740570783,0.324096679688,-0.872192382812,-0.366455078125,-0.0078125,-1140.0,3650.0,-6929.0,-29.0,-81.0,10.0,
1648649268744961738,0.321838378906,-0.871765136719,-0.369384765625,-0.011474609375,-1225.0,3582.0,-6739.0,-31.0,-84.0,8.0,
1648649268752075195,0.319641113281,-0.871154785156,-0.372436523438,-0.0152587890625,-1416.0,3485.0,-6544.0,-32.0,-85.0,6.0,
1648649268756898880,0.317626953125,-0.870483398438,-0.375549316406,-0.0191650390625,-1655.0,3410.0,-6351.0,-34.0,-83.0,4.0,
1648649268761804580,0.315795898438,-0.869689941406,-0.378723144531,-0.0230102539062,-1907.0,3371.0,-6119.0,-35.0,-81.0,3.0,
1648649268766352415,0.314025878906,-0.868896484375,-0.3818359375,-0.0267944335938,-2209.0,3336.0,-5876.0,-33.0,-79.0,3.0,
1648649268773125886,0.312255859375,-0.868041992188,-0.384948730469,-0.0305786132812,-2546.0,3321.0,-5696.0,-32.0,-76.0,4.0,
1648649268775853633,0.310668945312,-0.867126464844,-0.387878417969,-0.0341796875,-2828.0,3345.0,-5575.0,-32.0,-71.0,3.0,
1648649268780537605,0.309204101562,-0.8662109375,-0.390808105469,-0.0374755859375,-3064.0,3446.0,-5488.0,-33.0,-66.0,3.0,
1648649268785297155,0.307861328125,-0.865234375,-0.393676757812,-0.0404052734375,-3169.0,3651.0,-5405.0,-34.0,-61.0,3.0,
1648649268791911840,0.306457519531,-0.8642578125,-0.396667480469,-0.04296875,-3139.0,3923.0,-5231.0,-35.0,-57.0,4.0,
1648649268796704292,0.304931640625,-0.863342285156,-0.399658203125,-0.0452270507812,-2975.0,4213.0,-5102.0,-33.0,-55.0,5.0,
1648649268803386211,0.303283691406,-0.862487792969,-0.402526855469,-0.04736328125,-2768.0,4408.0,-4968.0,-31.0,-57.0,5.0,
1648649268808097362,0.301391601562,-0.861633300781,-0.405456542969,-0.049560546875,-2613.0,4765.0,-4907.0,-32.0,-61.0,7.0,
1648649268812903404,0.299377441406,-0.860717773438,-0.408630371094,-0.0519409179688,-2346.0,5133.0,-4840.0,-32.0,-65.0,7.0,
1648649268817597150,0.297058105469,-0.859802246094,-0.411743164062,-0.054443359375,-2091.0,5458.0,-4687.0,-30.0,-71.0,7.0,
1648649268822082042,0.294372558594,-0.859008789062,-0.414916992188,-0.057373046875,-1936.0,5738.0,-4497.0,-26.0,-79.0,8.0,
1648649268826815605,0.291442871094,-0.858276367188,-0.418090820312,-0.0607299804688,-1765.0,6015.0,-4318.0,-21.0,-86.0,10.0,
1648649268831271409,0.288208007812,-0.857604980469,-0.421203613281,-0.064208984375,-1562.0,6302.0,-4200.0,-20.0,-90.0,13.0,
1648649268835760831,0.284606933594,-0.85693359375,-0.42431640625,-0.0678100585938,-1440.0,6585.0,-4138.0,-18.0,-95.0,16.0,
1648649268840252399,0.280822753906,-0.856323242188,-0.427490234375,-0.0716552734375,-1441.0,6864.0,-4068.0,-17.0,-100.0,18.0,
1648649268845029592,0.27685546875,-0.855651855469,-0.430725097656,-0.0757446289062,-1499.0,7097.0,-3951.0,-16.0,-103.0,19.0,
1648649268852063655,0.272827148438,-0.854919433594,-0.433959960938,-0.0798950195312,-1583.0,7278.0,-3807.0,-16.0,-104.0,20.0,
1648649268856625080,0.268798828125,-0.854187011719,-0.437194824219,-0.0841064453125,-1642.0,7395.0,-3649.0,-16.0,-103.0,20.0,
1648649268861199617,0.264770507812,-0.853332519531,-0.4404296875,-0.0881958007812,-1699.0,7479.0,-3478.0,-16.0,-102.0,21.0,
1648649268865926980,0.260681152344,-0.8525390625,-0.443603515625,-0.0924072265625,-1829.0,7522.0,-3291.0,-15.0,-103.0,22.0,
1648649268870370626,0.256469726562,-0.851684570312,-0.446655273438,-0.096923828125,-2055.0,7484.0,-3077.0,-13.0,-106.0,21.0,
1648649268877134323,0.252380371094,-0.850830078125,-0.449584960938,-0.101745605469,-2314.0,7398.0,-2886.0,-9.0,-107.0,20.0,
1648649268881937742,0.248291015625,-0.850036621094,-0.452209472656,-0.106750488281,-2552.0,7301.0,-2720.0,-6.0,-106.0,20.0,
1648649268886795997,0.244262695312,-0.849304199219,-0.45458984375,-0.111755371094,-2765.0,7164.0,-2596.0,-2.0,-105.0,20.0,
1648649268891366481,0.240173339844,-0.8486328125,-0.456665039062,-0.116882324219,-3008.0,7047.0,-2536.0,3.0,-106.0,19.0,
1648649268895849943,0.235961914062,-0.84814453125,-0.458312988281,-0.122375488281,-3287.0,6947.0,-2453.0,10.0,-111.0,20.0,
1648649268900866270,0.231567382812,-0.847717285156,-0.459716796875,-0.128540039062,-3947.0,6605.0,-2171.0,17.0,-118.0,19.0,
1648649268906997680,0.227478027344,-0.846984863281,-0.461059570312,-0.135620117188,-4820.0,6211.0,-1824.0,19.0,-121.0,16.0,
1648649268911801338,0.22412109375,-0.845886230469,-0.462646484375,-0.142578125,-5725.0,5655.0,-1779.0,12.0,-111.0,12.0,
1648649268916335821,0.221801757812,-0.844848632812,-0.463684082031,-0.148742675781,-6126.0,5609.0,-1726.0,7.0,-90.0,9.0,
1648649268920732498,0.219665527344,-0.843994140625,-0.46484375,-0.153198242188,-6172.0,5724.0,-1798.0,5.0,-70.0,9.0,
1648649268925419330,0.217529296875,-0.843322753906,-0.465759277344,-0.156921386719,-6472.0,5504.0,-1941.0,7.0,-64.0,7.0,
1648649268929989337,0.215881347656,-0.842590332031,-0.466552734375,-0.160827636719,-6771.0,5383.0,-2147.0,2.0,-60.0,6.0,
1648649268936617612,0.214599609375,-0.841674804688,-0.467529296875,-0.164428710938,-7025.0,5427.0,-2362.0,-4.0,-55.0,4.0,
1648649268941235780,0.213500976562,-0.840759277344,-0.468505859375,-0.167785644531,-7512.0,5430.0,-2592.0,-6.0,-51.0,2.0,
1648649268946034431,0.212890625,-0.839782714844,-0.469299316406,-0.171020507812,-7913.0,5399.0,-2893.0,-5.0,-42.0,0.0,
1648649268950664997,0.212768554688,-0.839111328125,-0.469665527344,-0.173645019531,-8207.0,5398.0,-3201.0,-4.0,-30.0,-3.0,
1648649268955470085,0.213012695312,-0.838500976562,-0.469848632812,-0.17578125,-8436.0,5411.0,-3504.0,-4.0,-21.0,-4.0,
1648649268959695816,0.213500976562,-0.837890625,-0.470031738281,-0.177429199219,-8657.0,5402.0,-3722.0,-7.0,-12.0,-5.0,
1648649268966254949,0.21435546875,-0.837341308594,-0.470275878906,-0.178527832031,-8792.0,5400.0,-3850.0,-10.0,-3.0,-5.0,
1648649268971039056,0.215515136719,-0.836730957031,-0.470581054688,-0.179016113281,-8781.0,5426.0,-3897.0,-13.0,9.0,-5.0,
1648649268975578308,0.216796875,-0.836242675781,-0.471008300781,-0.178833007812,-8644.0,5478.0,-3887.0,-16.0,17.0,-4.0,
1648649268980108261,0.218139648438,-0.835754394531,-0.471496582031,-0.178161621094,-8457.0,5543.0,-3862.0,-17.0,23.0,-4.0,
1648649268984559774,0.219543457031,-0.835327148438,-0.471923828125,-0.17724609375,-8194.0,5614.0,-3794.0,-17.0,28.0,-4.0,
1648649268991232872,0.221008300781,-0.8349609375,-0.472412109375,-0.175903320312,-7764.0,5722.0,-3713.0,-17.0,32.0,-3.0,
1648649268996196269,0.222351074219,-0.834655761719,-0.472900390625,-0.174194335938,-7262.0,5824.0,-3630.0,-17.0,35.0,-2.0,
1648649269000745296,0.223510742188,-0.83447265625,-0.473449707031,-0.172302246094,-6737.0,5917.0,-3548.0,-16.0,35.0,-1.0,
1648649269006393432,0.224548339844,-0.834289550781,-0.473999023438,-0.170288085938,-6202.0,6028.0,-3443.0,-16.0,34.0,1.0,
1648649269011984348,0.225280761719,-0.834106445312,-0.474609375,-0.168273925781,-5643.0,6138.0,-3329.0,-15.0,31.0,2.0,
1648649269016803026,0.225830078125,-0.833984375,-0.475219726562,-0.166320800781,-5138.0,6208.0,-3200.0,-13.0,27.0,3.0,
1648649269021194696,0.22607421875,-0.833923339844,-0.475830078125,-0.164672851562,-4708.0,6219.0,-3128.0,-10.0,21.0,4.0,
1648649269025981903,0.226196289062,-0.833923339844,-0.476318359375,-0.163330078125,-4344.0,6235.0,-3116.0,-8.0,16.0,5.0,
1648649269030744314,0.22607421875,-0.833923339844,-0.476684570312,-0.162231445312,-4105.0,6251.0,-3111.0,-6.0,11.0,6.0,
1648649269035073041,0.225830078125,-0.833862304688,-0.477172851562,-0.161437988281,-3961.0,6219.0,-3145.0,-6.0,7.0,6.0,
1648649269039804458,0.225463867188,-0.833862304688,-0.4775390625,-0.160888671875,-3862.0,6160.0,-3188.0,-4.0,3.0,7.0,
1648649269046745300,0.224975585938,-0.833923339844,-0.477783203125,-0.160522460938,-3844.0,6079.0,-3222.0,-3.0,-1.0,8.0,
1648649269051563262,0.224426269531,-0.833923339844,-0.47802734375,-0.160461425781,-3883.0,5993.0,-3251.0,-1.0,-4.0,9.0,
1648649269055732488,0.223815917969,-0.833923339844,-0.478332519531,-0.160461425781,-3915.0,5929.0,-3278.0,-1.0,-5.0,10.0,
1648649269060413360,0.223205566406,-0.833923339844,-0.478576660156,-0.160400390625,-3942.0,5907.0,-3309.0,-2.0,-4.0,10.0,
1648649269064834833,0.22265625,-0.833923339844,-0.478881835938,-0.160339355469,-4000.0,5921.0,-3343.0,-3.0,-4.0,9.0,
1648649269071403741,0.222290039062,-0.833862304688,-0.479187011719,-0.160278320312,-4039.0,5936.0,-3396.0,-2.0,-2.0,6.0,
1648649269076323032,0.222106933594,-0.833862304688,-0.479370117188,-0.160217285156,-4031.0,5952.0,-3472.0,-2.0,-1.0,5.0,
1648649269080779790,0.221923828125,-0.833801269531,-0.479553222656,-0.160095214844,-3982.0,5992.0,-3563.0,-2.0,0.0,3.0,
1648649269085157155,0.2216796875,-0.833801269531,-0.479736328125,-0.159912109375,-3919.0,6034.0,-3651.0,-3.0,-1.0,3.0,
1648649269089828491,0.221374511719,-0.833740234375,-0.479919433594,-0.159851074219,-3854.0,6077.0,-3775.0,-3.0,-4.0,3.0,
1648649269094484806,0.220947265625,-0.833801269531,-0.480041503906,-0.160095214844,-3812.0,6116.0,-3899.0,0.0,-9.0,3.0,
1648649269101322412,0.220336914062,-0.833862304688,-0.47998046875,-0.160583496094,-3822.0,6149.0,-3997.0,3.0,-14.0,2.0,
1648649269106403112,0.219665527344,-0.833984375,-0.479858398438,-0.161376953125,-3861.0,6143.0,-4081.0,6.0,-16.0,2.0,
1648649269112701654,0.218933105469,-0.834167480469,-0.479614257812,-0.162231445312,-3967.0,6080.0,-4121.0,8.0,-18.0,3.0,
1648649269117737531,0.218139648438,-0.834289550781,-0.479309082031,-0.163269042969,-4099.0,6123.0,-4144.0,9.0,-19.0,4.0,
1648649269121983289,0.217407226562,-0.83447265625,-0.479064941406,-0.164367675781,-4273.0,6125.0,-4151.0,10.0,-18.0,3.0,
1648649269126509666,0.216918945312,-0.834594726562,-0.478637695312,-0.16552734375,-4498.0,6067.0,-4161.0,12.0,-16.0,0.0,
1648649269131165981,0.216674804688,-0.834716796875,-0.478088378906,-0.166625976562,-4671.0,6034.0,-4158.0,12.0,-12.0,-2.0,
1648649269136008262,0.216613769531,-0.834899902344,-0.4775390625,-0.16748046875,-4755.0,6027.0,-4119.0,11.0,-7.0,-3.0,
1648649269140409946,0.216613769531,-0.835083007812,-0.476989746094,-0.168090820312,-4813.0,6016.0,-4057.0,11.0,-4.0,-3.0,
1648649269145054817,0.216674804688,-0.835327148438,-0.476379394531,-0.168579101562,-4791.0,6013.0,-3970.0,11.0,-1.0,-3.0,
1648649269149950027,0.216796875,-0.835571289062,-0.475830078125,-0.168701171875,-4673.0,6069.0,-3843.0,11.0,3.0,-2.0,
1648649269156456947,0.216918945312,-0.835876464844,-0.475341796875,-0.168579101562,-4540.0,6063.0,-3744.0,11.0,7.0,-2.0,
1648649269161378860,0.217102050781,-0.836181640625,-0.474792480469,-0.168212890625,-4302.0,6076.0,-3659.0,10.0,9.0,-2.0,
1648649269167902708,0.217163085938,-0.836486816406,-0.474365234375,-0.167785644531,-4054.0,6122.0,-3560.0,9.0,8.0,-1.0,
1648649269171047687,0.217102050781,-0.836791992188,-0.47412109375,-0.167419433594,-3886.0,6165.0,-3446.0,8.0,5.0,0.0,
1648649269175773620,0.216918945312,-0.8369140625,-0.473999023438,-0.167175292969,-3821.0,6185.0,-3304.0,6.0,2.0,0.0,
1648649269180538177,0.216735839844,-0.836975097656,-0.473999023438,-0.167053222656,-3705.0,6220.0,-3286.0,4.0,2.0,0.0,
1648649269185035467,0.216430664062,-0.837097167969,-0.473937988281,-0.166809082031,-3633.0,6275.0,-3307.0,5.0,1.0,3.0,
1648649269189673900,0.216064453125,-0.837280273438,-0.473815917969,-0.166748046875,-3672.0,6328.0,-3299.0,6.0,-2.0,3.0,
1648649269194400548,0.215637207031,-0.837463378906,-0.473693847656,-0.166870117188,-3768.0,6354.0,-3432.0,8.0,-4.0,2.0,
1648649269201266288,0.21533203125,-0.837768554688,-0.47314453125,-0.167236328125,-3869.0,6314.0,-3508.0,13.0,-4.0,1.0,
1648649269206617116,0.215026855469,-0.838195800781,-0.472412109375,-0.167724609375,-3975.0,6306.0,-3584.0,15.0,-5.0,0.0,
1648649269212839841,0.214721679688,-0.838562011719,-0.4716796875,-0.168273925781,-4098.0,6287.0,-3628.0,17.0,-5.0,0.0,
1648649269217939138,0.214599609375,-0.838928222656,-0.470886230469,-0.168823242188,-4217.0,6280.0,-3639.0,17.0,-4.0,-2.0,
1648649269223465919,0.214660644531,-0.839233398438,-0.470092773438,-0.16943359375,-4331.0,6233.0,-3715.0,17.0,-2.0,-6.0,
1648649269227059125,0.214904785156,-0.839599609375,-0.469055175781,-0.170043945312,-4253.0,6116.0,-3829.0,18.0,-1.0,-8.0,
1648649269231856584,0.214965820312,-0.840209960938,-0.4677734375,-0.170715332031,-4182.0,5983.0,-3910.0,22.0,-4.0,-8.0,
1648649269236400604,0.214965820312,-0.840698242188,-0.466552734375,-0.171691894531,-4154.0,5915.0,-3974.0,22.0,-9.0,-9.0,
1648649269252876043,0.215026855469,-0.841003417969,-0.465454101562,-0.172973632812,-4155.0,5827.0,-4000.0,20.0,-13.0,-12.0,
1648649269253611803,0.215148925781,-0.841186523438,-0.464538574219,-0.174438476562,-4223.0,5717.0,-3906.0,17.0,-16.0,-15.0,
1648649269254527330,0.215454101562,-0.841064453125,-0.463989257812,-0.176147460938,-4417.0,5592.0,-3910.0,12.0,-18.0,-17.0,
1648649269265588521,0.216125488281,-0.8408203125,-0.463500976562,-0.177673339844,-4444.0,5493.0,-3847.0,7.0,-12.0,-18.0,
1648649269266283512,0.216796875,-0.840637207031,-0.463195800781,-0.1787109375,-4432.0,5453.0,-3823.0,4.0,-6.0,-16.0,
1648649269266498804,0.217590332031,-0.84033203125,-0.462951660156,-0.179504394531,-4507.0,5410.0,-3843.0,1.0,-4.0,-17.0,
1648649269270532608,0.218627929688,-0.840026855469,-0.462707519531,-0.180358886719,-4561.0,5349.0,-3869.0,0.0,-3.0,-20.0,
1648649269275164842,0.219848632812,-0.839660644531,-0.46240234375,-0.181213378906,-4534.0,5342.0,-3873.0,-1.0,-1.0,-23.0,
1648649269279691696,0.221130371094,-0.839294433594,-0.462219238281,-0.181945800781,-4435.0,5432.0,-3853.0,-2.0,0.0,-24.0,
1648649269284446001,0.222473144531,-0.8388671875,-0.462158203125,-0.182434082031,-4225.0,5589.0,-3846.0,-4.0,2.0,-25.0,
1648649269291442632,0.223693847656,-0.83837890625,-0.462341308594,-0.182739257812,-3970.0,5722.0,-3860.0,-6.0,1.0,-26.0,
1648649269296528100,0.224609375,-0.837890625,-0.462585449219,-0.183227539062,-3748.0,5837.0,-3786.0,-6.0,-5.0,-23.0,
1648649269301095008,0.225158691406,-0.83740234375,-0.462890625,-0.184020996094,-3388.0,5931.0,-3731.0,-3.0,-12.0,-21.0,
1648649269305729866,0.225219726562,-0.837158203125,-0.463012695312,-0.184814453125,-3028.0,6026.0,-3692.0,2.0,-16.0,-17.0,
1648649269310482978,0.224914550781,-0.837036132812,-0.463073730469,-0.185546875,-2910.0,6125.0,-3673.0,5.0,-18.0,-12.0,
1648649269316392421,0.224426269531,-0.836975097656,-0.463134765625,-0.186218261719,-2983.0,6188.0,-3705.0,5.0,-17.0,-7.0,
1648649269321519374,0.223815917969,-0.8369140625,-0.463256835938,-0.186828613281,-3124.0,6206.0,-3818.0,4.0,-15.0,-1.0,
1648649269326014995,0.223083496094,-0.8369140625,-0.463500976562,-0.187194824219,-3230.0,6281.0,-4059.0,0.0,-13.0,5.0,
1648649269330905675,0.221923828125,-0.836975097656,-0.463806152344,-0.187377929688,-3285.0,6454.0,-4383.0,-2.0,-17.0,12.0,
1648649269335451364,0.220153808594,-0.837158203125,-0.464233398438,-0.187683105469,-3314.0,6641.0,-4708.0,0.0,-24.0,18.0,
1648649269340133428,0.217712402344,-0.837524414062,-0.464477539062,-0.188354492188,-3389.0,6796.0,-5039.0,6.0,-34.0,24.0,
1648649269344843626,0.214721679688,-0.838134765625,-0.464294433594,-0.189392089844,-3586.0,6906.0,-5337.0,16.0,-42.0,29.0,
1648649269349391460,0.21142578125,-0.839111328125,-0.463562011719,-0.190734863281,-3890.0,6987.0,-5589.0,27.0,-43.0,33.0,
1648649269356045246,0.208190917969,-0.840454101562,-0.462158203125,-0.191711425781,-4204.0,7073.0,-5839.0,38.0,-33.0,38.0,
1648649269361100435,0.205078125,-0.842407226562,-0.4599609375,-0.191833496094,-4489.0,7165.0,-6078.0,49.0,-15.0,42.0,
1648649269365806102,0.202331542969,-0.844909667969,-0.456970214844,-0.19091796875,-4718.0,7224.0,-6247.0,61.0,6.0,45.0,
1648649269370509386,0.199829101562,-0.847961425781,-0.453186035156,-0.188903808594,-4837.0,7243.0,-6358.0,72.0,29.0,48.0,
1648649269375540256,0.19775390625,-0.8515625,-0.448669433594,-0.185729980469,-4825.0,7249.0,-6410.0,80.0,52.0,51.0,
1648649269382721185,0.195861816406,-0.855529785156,-0.443725585938,-0.181274414062,-4708.0,7246.0,-6411.0,87.0,73.0,55.0,
1648649269384919881,0.194091796875,-0.859802246094,-0.438415527344,-0.17578125,-4531.0,7214.0,-6359.0,91.0,89.0,60.0,
1648649269389838933,0.192260742188,-0.8642578125,-0.432922363281,-0.169616699219,-4351.0,7164.0,-6270.0,93.0,101.0,64.0,
1648649269394894361,0.190490722656,-0.868713378906,-0.427368164062,-0.162963867188,-4219.0,7099.0,-6136.0,94.0,108.0,67.0,
1648649269399555921,0.188659667969,-0.873046875,-0.421813964844,-0.156066894531,-4082.0,7027.0,-5956.0,93.0,113.0,70.0,
1648649269404907703,0.186950683594,-0.877258300781,-0.416381835938,-0.148803710938,-3921.0,6964.0,-5746.0,90.0,119.0,71.0,
1648649269417142868,0.185363769531,-0.88134765625,-0.4111328125,-0.141174316406,-3745.0,6911.0,-5525.0,87.0,124.0,72.0,
1648649269418414592,0.183776855469,-0.885314941406,-0.406005859375,-0.133117675781,-3555.0,6869.0,-5318.0,84.0,129.0,73.0,
1648649269426485300,0.180725097656,-0.892822265625,-0.395935058594,-0.116149902344,-3158.0,6798.0,-4900.0,81.0,139.0,75.0,
1648649269431071281,0.179260253906,-0.896484375,-0.390869140625,-0.107238769531,-2982.0,6760.0,-4711.0,81.0,143.0,76.0,
1648649269435642480,0.177856445312,-0.900085449219,-0.385620117188,-0.0980834960938,-2843.0,6721.0,-4538.0,82.0,147.0,77.0,
1648649269440334558,0.176574707031,-0.903625488281,-0.380187988281,-0.0886840820312,-2735.0,6676.0,-4381.0,85.0,153.0,77.0,
1648649269444868564,0.175476074219,-0.907104492188,-0.374389648438,-0.0790405273438,-2644.0,6619.0,-4255.0,89.0,159.0,76.0,
1648649269449601173,0.174560546875,-0.91064453125,-0.368225097656,-0.0690307617188,-2585.0,6544.0,-4152.0,94.0,167.0,75.0,
1648649269454949140,0.173889160156,-0.914123535156,-0.361633300781,-0.0587768554688,-2567.0,6453.0,-4071.0,98.0,174.0,73.0,
1648649269461239576,0.173461914062,-0.91748046875,-0.354797363281,-0.04833984375,-2597.0,6351.0,-4003.0,101.0,180.0,72.0,
1648649269467229843,0.17333984375,-0.920715332031,-0.347717285156,-0.0376586914062,-2659.0,6241.0,-3944.0,102.0,187.0,70.0,
1648649269470755338,0.173461914062,-0.923767089844,-0.340515136719,-0.0267333984375,-2693.0,6127.0,-3875.0,102.0,193.0,67.0,
1648649269475663900,0.173889160156,-0.926574707031,-0.333251953125,-0.0155639648438,-2695.0,6005.0,-3829.0,101.0,200.0,64.0,
1648649269480194807,0.174560546875,-0.929138183594,-0.326049804688,-0.00408935546875,-2678.0,5883.0,-3795.0,98.0,204.0,60.0,
1648649269484941482,0.175476074219,-0.931396484375,-0.318969726562,0.0074462890625,-2648.0,5746.0,-3782.0,94.0,207.0,57.0,
1648649269489674091,0.176696777344,-0.933349609375,-0.31201171875,0.0191040039062,-2621.0,5606.0,-3783.0,89.0,209.0,52.0,
1648649269494460344,0.178161621094,-0.934997558594,-0.305297851562,0.03076171875,-2607.0,5460.0,-3805.0,84.0,211.0,48.0,
1648649269501281738,0.179870605469,-0.936279296875,-0.298706054688,0.04248046875,-2616.0,5323.0,-3861.0,79.0,213.0,43.0,
1648649269506392717,0.181945800781,-0.937316894531,-0.292297363281,0.05419921875,-2642.0,5188.0,-3919.0,75.0,216.0,38.0,
1648649269510770082,0.184326171875,-0.938049316406,-0.286071777344,0.0660400390625,-2679.0,5054.0,-3994.0,70.0,219.0,33.0,
1648649269515760183,0.187072753906,-0.938415527344,-0.280029296875,0.0780029296875,-2728.0,4919.0,-4076.0,65.0,223.0,28.0,
1648649269522194862,0.190124511719,-0.938415527344,-0.274169921875,0.090087890625,-2789.0,4785.0,-4158.0,60.0,228.0,22.0,
1648649269527220010,0.193725585938,-0.938049316406,-0.268615722656,0.102355957031,-2835.0,4640.0,-4243.0,54.0,234.0,14.0,
1648649269531998395,0.197937011719,-0.937194824219,-0.263244628906,0.114868164062,-2841.0,4487.0,-4330.0,48.0,240.0,5.0,
1648649269536546707,0.20263671875,-0.935974121094,-0.258117675781,0.127624511719,-2790.0,4330.0,-4420.0,42.0,246.0,-5.0,
1648649269541240692,0.207946777344,-0.934326171875,-0.253234863281,0.140502929688,-2684.0,4171.0,-4509.0,37.0,250.0,-15.0,
1648649269545699596,0.213745117188,-0.932189941406,-0.248596191406,0.153381347656,-2546.0,4032.0,-4595.0,32.0,252.0,-26.0,
1648649269550879001,0.220031738281,-0.9296875,-0.244201660156,0.166320800781,-2387.0,3913.0,-4656.0,27.0,253.0,-36.0,
1648649269555150985,0.226745605469,-0.926818847656,-0.239990234375,0.179016113281,-2255.0,3797.0,-4700.0,25.0,252.0,-45.0,
1648649269559700012,0.233825683594,-0.923583984375,-0.236022949219,0.19140625,-2168.0,3673.0,-4731.0,22.0,249.0,-53.0,
1648649269564276456,0.2412109375,-0.920043945312,-0.232177734375,0.203552246094,-2117.0,3529.0,-4756.0,20.0,247.0,-61.0,
1648649269571217060,0.248840332031,-0.916198730469,-0.228637695312,0.215393066406,-2074.0,3388.0,-4785.0,16.0,245.0,-68.0,
1648649269575998306,0.2568359375,-0.911987304688,-0.225402832031,0.227172851562,-2016.0,3257.0,-4831.0,11.0,246.0,-75.0,
1648649269580511331,0.265014648438,-0.907287597656,-0.222473144531,0.238952636719,-1931.0,3150.0,-4883.0,5.0,247.0,-82.0,
1648649269585252761,0.2734375,-0.902221679688,-0.219787597656,0.250854492188,-1819.0,3076.0,-4953.0,-1.0,249.0,-88.0,
1648649269589956283,0.281982421875,-0.896728515625,-0.217407226562,0.262817382812,-1679.0,3041.0,-5038.0,-6.0,251.0,-93.0,
1648649269594767332,0.290649414062,-0.890930175781,-0.215209960938,0.274841308594,-1512.0,3035.0,-5136.0,-11.0,252.0,-96.0,
1648649269599296808,0.299194335938,-0.884765625,-0.213195800781,0.286804199219,-1319.0,3056.0,-5245.0,-14.0,252.0,-98.0,
1648649269672217845,0.307739257812,-0.878356933594,-0.211303710938,0.298706054688,-1105.0,3111.0,-5338.0,-17.0,251.0,-99.0,
1648649269676394939,0.316162109375,-0.871643066406,-0.209350585938,0.310607910156,-846.0,3217.0,-5404.0,-17.0,251.0,-100.0,
1648649269679873704,0.324645996094,-0.864685058594,-0.207275390625,0.322509765625,-514.0,3354.0,-5461.0,-15.0,253.0,-101.0,
1648649269682920217,0.333068847656,-0.857543945312,-0.204833984375,0.334350585938,-126.0,3502.0,-5491.0,-10.0,252.0,-101.0,
1648649269685750961,0.341369628906,-0.850341796875,-0.201904296875,0.345825195312,263.0,3619.0,-5514.0,-2.0,249.0,-99.0,
1648649269688632011,0.349609375,-0.843200683594,-0.198547363281,0.356872558594,610.0,3696.0,-5513.0,6.0,243.0,-97.0,
1648649269691860198,0.357788085938,-0.836120605469,-0.194702148438,0.367370605469,925.0,3743.0,-5511.0,15.0,238.0,-96.0,
1648649269699211120,0.365966796875,-0.829040527344,-0.190368652344,0.377502441406,1246.0,3789.0,-5511.0,24.0,236.0,-94.0,
1648649269702791213,0.374206542969,-0.821899414062,-0.185607910156,0.387329101562,1595.0,3840.0,-5513.0,32.0,235.0,-94.0,
1648649269707994222,0.382568359375,-0.814636230469,-0.180297851562,0.396911621094,1974.0,3893.0,-5516.0,41.0,234.0,-95.0,
1648649269710185289,0.391052246094,-0.807312011719,-0.174499511719,0.406066894531,2393.0,3937.0,-5526.0,50.0,232.0,-96.0,
1648649269712684392,0.399597167969,-0.799987792969,-0.168212890625,0.414733886719,2833.0,3975.0,-5561.0,59.0,228.0,-96.0,
1648649269719031333,0.408142089844,-0.792785644531,-0.16162109375,0.4228515625,3295.0,4014.0,-5616.0,68.0,221.0,-96.0,
1648649269724766969,0.416625976562,-0.785705566406,-0.154724121094,0.430297851562,3775.0,4061.0,-5677.0,75.0,213.0,-96.0,
1648649269727756023,0.425048828125,-0.77880859375,-0.147644042969,0.437072753906,4251.0,4112.0,-5746.0,82.0,203.0,-94.0,
1648649269729270696,0.433349609375,-0.772094726562,-0.140502929688,0.443176269531,4729.0,4162.0,-5811.0,87.0,193.0,-94.0,
1648649269730257749,0.441467285156,-0.765563964844,-0.133422851562,0.448486328125,5199.0,4204.0,-5867.0,91.0,181.0,-93.0,
1648649269731441974,0.449523925781,-0.759338378906,-0.126403808594,0.453186035156,5627.0,4243.0,-5912.0,95.0,169.0,-93.0,
1648649269732928037,0.45751953125,-0.753295898438,-0.119445800781,0.457092285156,5995.0,4292.0,-5947.0,99.0,157.0,-93.0,
1648649269735231161,0.465393066406,-0.74755859375,-0.112548828125,0.460327148438,6284.0,4352.0,-5940.0,104.0,146.0,-92.0,
1648649269736707925,0.473327636719,-0.741943359375,-0.105712890625,0.462890625,6502.0,4407.0,-5890.0,109.0,137.0,-91.0,
1648649269738098621,0.481262207031,-0.736511230469,-0.0988159179688,0.464904785156,6694.0,4439.0,-5791.0,116.0,129.0,-90.0,
1648649269739790439,0.489135742188,-0.731262207031,-0.0916748046875,0.466430664062,6871.0,4465.0,-5654.0,123.0,123.0,-88.0,
1648649269741129159,0.496948242188,-0.726135253906,-0.0843505859375,0.467590332031,7011.0,4488.0,-5489.0,129.0,117.0,-85.0,
1648649269742290973,0.504699707031,-0.721130371094,-0.0767822265625,0.468322753906,7099.0,4502.0,-5284.0,135.0,113.0,-82.0,
1648649269743653059,0.512390136719,-0.716186523438,-0.069091796875,0.468811035156,7140.0,4492.0,-5071.0,140.0,110.0,-80.0,
1648649269744729042,0.52001953125,-0.711181640625,-0.061279296875,0.469116210938,7172.0,4452.0,-4875.0,143.0,109.0,-78.0,
1648649269746333360,0.527526855469,-0.706115722656,-0.0532836914062,0.469360351562,7197.0,4386.0,-4717.0,144.0,110.0,-76.0,
1648649269747710943,0.534851074219,-0.700988769531,-0.045166015625,0.469665527344,7244.0,4299.0,-4609.0,143.0,112.0,-74.0,
1648649269751482486,0.541870117188,-0.695739746094,-0.0369873046875,0.470031738281,7323.0,4193.0,-4554.0,140.0,114.0,-72.0,
1648649269755850315,0.548645019531,-0.690490722656,-0.02880859375,0.470458984375,7461.0,4066.0,-4521.0,136.0,115.0,-69.0,
1648649269760992288,0.554992675781,-0.685363769531,-0.0206909179688,0.471008300781,7687.0,3923.0,-4498.0,131.0,114.0,-65.0,
1648649269765090703,0.560729980469,-0.680480957031,-0.0127563476562,0.471496582031,7981.0,3771.0,-4517.0,124.0,107.0,-60.0,
1648649269770135641,0.56591796875,-0.676147460938,-0.0052490234375,0.471740722656,8270.0,3601.0,-4572.0,117.0,97.0,-53.0,
1648649269774837493,0.570495605469,-0.672241210938,0.001708984375,0.471740722656,8499.0,3427.0,-4652.0,107.0,85.0,-48.0,
1648649269781461715,0.574645996094,-0.668884277344,0.008056640625,0.471496582031,8664.0,3249.0,-4733.0,98.0,74.0,-43.0,
1648649269787492513,0.578308105469,-0.665893554688,0.0137939453125,0.471069335938,8781.0,3099.0,-4811.0,89.0,63.0,-38.0,
1648649269790942668,0.581481933594,-0.663391113281,0.01904296875,0.470520019531,8819.0,3011.0,-4845.0,82.0,54.0,-32.0,
1648649269795738935,0.584289550781,-0.661254882812,0.0237426757812,0.469848632812,8787.0,2975.0,-4847.0,74.0,46.0,-27.0,
1648649269800479173,0.586730957031,-0.659362792969,0.0280151367188,0.46923828125,8738.0,2985.0,-4810.0,67.0,41.0,-22.0,
1648649269806729793,0.588745117188,-0.65771484375,0.0320434570312,0.46875,8699.0,3041.0,-4757.0,61.0,38.0,-16.0,
1648649269811878681,0.590393066406,-0.656311035156,0.0359497070312,0.468383789062,8652.0,3100.0,-4693.0,57.0,35.0,-10.0,
1648649269816211938,0.591674804688,-0.6552734375,0.0397338867188,0.467956542969,8583.0,3152.0,-4637.0,54.0,32.0,-3.0,
1648649269820496559,0.592712402344,-0.654418945312,0.0435180664062,0.467407226562,8463.0,3208.0,-4586.0,53.0,29.0,2.0,
1648649269827323436,0.593627929688,-0.65380859375,0.0472412109375,0.466796875,8309.0,3284.0,-4543.0,53.0,27.0,6.0,
1648649269832960844,0.594543457031,-0.653198242188,0.051025390625,0.466064453125,8146.0,3359.0,-4520.0,54.0,27.0,9.0,
1648649269836915254,0.595458984375,-0.652587890625,0.054931640625,0.46533203125,7988.0,3403.0,-4507.0,56.0,29.0,10.0,
1648649269841491937,0.596435546875,-0.65185546875,0.0590209960938,0.464599609375,7857.0,3418.0,-4513.0,58.0,32.0,10.0,
1648649269846726655,0.597473144531,-0.651000976562,0.063232421875,0.4638671875,7759.0,3417.0,-4527.0,59.0,35.0,9.0,
1648649269851503610,0.598571777344,-0.650024414062,0.0675659179688,0.463256835938,7685.0,3406.0,-4555.0,60.0,37.0,8.0,
1648649269854923486,0.599731445312,-0.649047851562,0.0719604492188,0.462524414062,7612.0,3388.0,-4585.0,62.0,38.0,7.0,
1648649269860115289,0.600952148438,-0.64794921875,0.0762329101562,0.461669921875,7535.0,3359.0,-4593.0,63.0,37.0,5.0,
1648649269864244937,0.602294921875,-0.646850585938,0.0805053710938,0.460754394531,7450.0,3322.0,-4595.0,64.0,35.0,4.0,
1648649269871410608,0.603576660156,-0.645812988281,0.0846557617188,0.459777832031,7353.0,3284.0,-4581.0,63.0,34.0,4.0,
1648649269876894950,0.604858398438,-0.644775390625,0.0887451171875,0.458801269531,7244.0,3251.0,-4557.0,63.0,32.0,4.0,
1648649269891934633,0.606140136719,-0.643737792969,0.0927124023438,0.457763671875,7135.0,3213.0,-4505.0,62.0,31.0,4.0,
1648649269904963731,0.607360839844,-0.642700195312,0.0964965820312,0.456787109375,7032.0,3173.0,-4445.0,59.0,30.0,4.0,
1648649269906232833,0.608459472656,-0.641784667969,0.100219726562,0.455932617188,6932.0,3138.0,-4381.0,57.0,30.0,5.0,
1648649269907300949,0.609436035156,-0.640808105469,0.103759765625,0.455139160156,6836.0,3113.0,-4311.0,53.0,29.0,6.0,
1648649269908292055,0.610290527344,-0.639953613281,0.107177734375,0.454406738281,6732.0,3096.0,-4226.0,50.0,29.0,6.0,
1648649269910448789,0.611083984375,-0.638977050781,0.110473632812,0.453918457031,6635.0,3074.0,-4144.0,47.0,29.0,5.0,
1648649269911807775,0.61181640625,-0.638000488281,0.113647460938,0.453552246094,6542.0,3044.0,-4060.0,44.0,30.0,5.0,
1648649269915673017,0.612365722656,-0.637023925781,0.116760253906,0.453369140625,6442.0,3004.0,-3980.0,40.0,32.0,6.0,
1648649269920033931,0.61279296875,-0.636108398438,0.119812011719,0.453369140625,6337.0,2971.0,-3901.0,37.0,33.0,7.0,
1648649269924901485,0.613037109375,-0.635131835938,0.122741699219,0.453552246094,6228.0,2917.0,-3806.0,32.0,35.0,8.0,
1648649269936896562,0.612731933594,-0.63330078125,0.128479003906,0.454895019531,6087.0,2779.0,-3588.0,21.0,41.0,11.0,
1648649269941357135,0.612182617188,-0.632446289062,0.131286621094,0.4560546875,6070.0,2698.0,-3471.0,15.0,44.0,12.0,
1648649269946169853,0.611328125,-0.631530761719,0.133972167969,0.457641601562,6077.0,2626.0,-3356.0,8.0,46.0,14.0,
1648649269950282335,0.610229492188,-0.630737304688,0.136413574219,0.45947265625,6086.0,2569.0,-3256.0,1.0,46.0,14.0,
1648649269955187082,0.608947753906,-0.630065917969,0.138610839844,0.461486816406,6095.0,2529.0,-3177.0,-6.0,46.0,16.0,
1648649269960079908,0.607421875,-0.629516601562,0.140563964844,0.463684082031,6108.0,2504.0,-3131.0,-12.0,45.0,17.0,
1648649269965602636,0.605712890625,-0.629028320312,0.142333984375,0.465942382812,6143.0,2498.0,-3106.0,-16.0,43.0,18.0,
1648649269970391273,0.603942871094,-0.628723144531,0.143920898438,0.468200683594,6204.0,2500.0,-3083.0,-19.0,41.0,19.0,
1648649269975145578,0.602111816406,-0.628540039062,0.145385742188,0.470336914062,6267.0,2487.0,-3063.0,-20.0,37.0,21.0,
1648649269979737758,0.600219726562,-0.628601074219,0.146606445312,0.472290039062,6314.0,2473.0,-3044.0,-22.0,31.0,22.0,
1648649269984444141,0.598266601562,-0.62890625,0.147521972656,0.47412109375,6360.0,2475.0,-3012.0,-24.0,26.0,23.0,
1648649269988833189,0.596252441406,-0.629333496094,0.148254394531,0.475830078125,6419.0,2488.0,-2984.0,-26.0,21.0,23.0,
1648649269995660066,0.59423828125,-0.629821777344,0.148742675781,0.477478027344,6485.0,2516.0,-2958.0,-28.0,17.0,23.0,
1648649270000363588,0.59228515625,-0.630493164062,0.14892578125,0.479125976562,6546.0,2549.0,-2937.0,-31.0,13.0,22.0,
1648649270005319356,0.590270996094,-0.631225585938,0.148742675781,0.480590820312,6583.0,2589.0,-2926.0,-33.0,8.0,21.0,
1648649270009686946,0.588317871094,-0.632141113281,0.148254394531,0.481994628906,6613.0,2632.0,-2914.0,-35.0,3.0,20.0,
1648649270014184951,0.586303710938,-0.633117675781,0.147521972656,0.483276367188,6634.0,2674.0,-2920.0,-38.0,-2.0,19.0,
1648649270018758296,0.584350585938,-0.63427734375,0.146484375,0.484497070312,6655.0,2737.0,-2959.0,-40.0,-6.0,19.0,
1648649270025642395,0.582397460938,-0.635559082031,0.145263671875,0.485595703125,6679.0,2820.0,-3010.0,-41.0,-9.0,19.0,
1648649270033403635,0.580505371094,-0.636840820312,0.143798828125,0.486572265625,6692.0,2924.0,-3075.0,-42.0,-13.0,18.0,
1648649270041062593,0.577026367188,-0.639587402344,0.140380859375,0.488037109375,6721.0,3154.0,-3209.0,-41.0,-20.0,15.0,
1648649270046034097,0.575500488281,-0.640991210938,0.138488769531,0.488525390625,6725.0,3285.0,-3251.0,-38.0,-23.0,14.0,
1648649270050454616,0.57421875,-0.642395019531,0.136596679688,0.488830566406,6720.0,3406.0,-3289.0,-34.0,-26.0,12.0,
1648649270054976224,0.573181152344,-0.643737792969,0.134643554688,0.488830566406,6711.0,3512.0,-3302.0,-29.0,-29.0,10.0,
1648649270059435844,0.572387695312,-0.64501953125,0.1328125,0.488525390625,6665.0,3608.0,-3323.0,-24.0,-32.0,8.0,
1648649270063924789,0.571899414062,-0.646179199219,0.130981445312,0.487976074219,6575.0,3681.0,-3334.0,-19.0,-34.0,6.0,
1648649270068630933,0.571655273438,-0.647338867188,0.129272460938,0.487243652344,6457.0,3745.0,-3350.0,-13.0,-35.0,4.0,
1648649270075385093,0.571655273438,-0.6484375,0.127746582031,0.486267089844,6330.0,3807.0,-3363.0,-8.0,-34.0,3.0,
1648649270080114841,0.57177734375,-0.6494140625,0.126403808594,0.485107421875,6199.0,3837.0,-3380.0,-2.0,-34.0,3.0,
1648649270084792375,0.572021484375,-0.650390625,0.125305175781,0.483825683594,6061.0,3843.0,-3412.0,3.0,-33.0,4.0,
1648649270089185476,0.572326660156,-0.6513671875,0.124450683594,0.482360839844,5921.0,3831.0,-3456.0,7.0,-32.0,5.0,
1648649270094012975,0.572692871094,-0.652221679688,0.123901367188,0.480834960938,5799.0,3809.0,-3526.0,11.0,-29.0,6.0,
1648649270100622177,0.573120117188,-0.653076171875,0.123596191406,0.479248046875,5701.0,3776.0,-3611.0,14.0,-26.0,7.0,
