1647596952777660369,-0.507080078125,-0.723510742188,-0.275024414062,0.379333496094,6399.0,-128.0,-4499.0,-14.0,14.0,-2.0,
1647596952781797409,-0.507019042969,-0.723022460938,-0.276184082031,0.379455566406,6563.0,106.0,-4360.0,-13.0,9.0,-1.0,
1647596952786113739,-0.507080078125,-0.72265625,-0.277160644531,0.379333496094,6681.0,284.0,-4238.0,-12.0,4.0,1.0,
1647596952790603160,-0.507263183594,-0.722351074219,-0.27783203125,0.379089355469,6742.0,391.0,-4116.0,-11.0,-1.0,3.0,
1647596952797113418,-0.507690429688,-0.722106933594,-0.278259277344,0.378784179688,6777.0,439.0,-4006.0,-10.0,-5.0,5.0,
1647596952800520896,-0.508178710938,-0.721801757812,-0.278503417969,0.378479003906,6855.0,460.0,-3921.0,-9.0,-7.0,7.0,
1647596952805559158,-0.508850097656,-0.721435546875,-0.278625488281,0.378234863281,6962.0,495.0,-3871.0,-9.0,-8.0,10.0,
1647596952811352014,-0.509704589844,-0.721069335938,-0.278564453125,0.377868652344,6987.0,503.0,-3848.0,-8.0,-12.0,13.0,
1647596952816435813,-0.510681152344,-0.720764160156,-0.278137207031,0.377380371094,6967.0,461.0,-3866.0,-7.0,-16.0,15.0,
1647596952819820642,-0.511840820312,-0.720458984375,-0.277526855469,0.376770019531,6930.0,402.0,-3913.0,-6.0,-18.0,17.0,
1647596952824379920,-0.513122558594,-0.720153808594,-0.27685546875,0.376159667969,6871.0,344.0,-3933.0,-7.0,-19.0,18.0,
1647596952830798625,-0.514404296875,-0.719848632812,-0.276123046875,0.375549316406,6828.0,307.0,-4027.0,-7.0,-19.0,18.0,
1647596952835050582,-0.515563964844,-0.719665527344,-0.275512695312,0.374816894531,6763.0,334.0,-4156.0,-7.0,-19.0,16.0,
1647596952839363813,-0.516540527344,-0.719543457031,-0.27490234375,0.3740234375,6698.0,395.0,-4284.0,-6.0,-18.0,13.0,
1647596952845771074,-0.517395019531,-0.719543457031,-0.2744140625,0.373291015625,6710.0,463.0,-4361.0,-5.0,-15.0,11.0,
1647596952849920988,-0.518127441406,-0.719482421875,-0.274047851562,0.372619628906,6814.0,467.0,-4440.0,-5.0,-14.0,11.0,
1647596952854433298,-0.51904296875,-0.719299316406,-0.273559570312,0.3720703125,6940.0,508.0,-4563.0,-6.0,-15.0,13.0,
1647596952860803604,-0.520263671875,-0.719116210938,-0.272827148438,0.371276855469,6972.0,626.0,-4706.0,-5.0,-21.0,18.0,
1647596952864949703,-0.521606445312,-0.719177246094,-0.271667480469,0.3701171875,6891.0,717.0,-4820.0,-2.0,-29.0,21.0,
1647596952869183063,-0.523193359375,-0.719360351562,-0.27001953125,0.368774414062,6752.0,737.0,-4905.0,2.0,-36.0,24.0,
1647596952878705263,-0.524963378906,-0.719665527344,-0.267822265625,0.367309570312,6622.0,701.0,-4954.0,5.0,-43.0,27.0,
1647596952883040904,-0.526794433594,-0.719970703125,-0.265319824219,0.365783691406,6561.0,640.0,-5002.0,7.0,-47.0,29.0,
1647596952886982679,-0.52880859375,-0.720397949219,-0.262390136719,0.364074707031,6589.0,584.0,-5026.0,9.0,-55.0,30.0,
1647596952891906261,-0.530944824219,-0.721008300781,-0.259216308594,0.362060546875,6567.0,485.0,-5053.0,11.0,-64.0,31.0,
1647596952895768165,-0.533264160156,-0.721862792969,-0.255676269531,0.359497070312,6558.0,383.0,-5212.0,10.0,-75.0,30.0,
1647596952900286912,-0.53564453125,-0.722900390625,-0.252075195312,0.356384277344,6579.0,345.0,-5403.0,5.0,-82.0,27.0,
1647596952904998064,-0.538146972656,-0.72412109375,-0.24853515625,0.352722167969,6579.0,307.0,-5613.0,1.0,-88.0,25.0,
1647596952911255836,-0.540710449219,-0.725341796875,-0.245056152344,0.3486328125,6532.0,273.0,-5847.0,-5.0,-93.0,24.0,
1647596952915417432,-0.543395996094,-0.726623535156,-0.241821289062,0.344055175781,6456.0,336.0,-6152.0,-11.0,-96.0,21.0,
1647596952931815385,-0.546020507812,-0.728149414062,-0.238586425781,0.338745117188,6302.0,455.0,-6359.0,-16.0,-103.0,17.0,
1647596952932685852,-0.548522949219,-0.730102539062,-0.235290527344,0.332946777344,6053.0,540.0,-6560.0,-16.0,-112.0,11.0,
1647596952933289527,-0.550964355469,-0.732299804688,-0.231506347656,0.326599121094,5779.0,633.0,-6510.0,-14.0,-122.0,9.0,
1647596952945118427,-0.553405761719,-0.734558105469,-0.227661132812,0.320068359375,5425.0,612.0,-6430.0,-14.0,-128.0,8.0,
1647596952945567131,-0.555603027344,-0.736755371094,-0.224182128906,0.313537597656,5033.0,605.0,-6494.0,-19.0,-123.0,1.0,
1647596952946305274,-0.557556152344,-0.739013671875,-0.220947265625,0.307006835938,4693.0,673.0,-6552.0,-21.0,-117.0,-3.0,
1647596952949979066,-0.559143066406,-0.741516113281,-0.217895507812,0.300170898438,4482.0,710.0,-6524.0,-21.0,-118.0,-10.0,
1647596952954258918,-0.560363769531,-0.744323730469,-0.214904785156,0.293029785156,4288.0,657.0,-6459.0,-23.0,-125.0,-20.0,
1647596952960669279,-0.561218261719,-0.74755859375,-0.211975097656,0.28515625,4093.0,540.0,-6482.0,-28.0,-135.0,-32.0,
1647596952965094089,-0.561828613281,-0.751281738281,-0.208923339844,0.2763671875,3912.0,386.0,-6537.0,-34.0,-148.0,-43.0,
1647596952969141244,-0.562255859375,-0.75537109375,-0.205505371094,0.266662597656,3698.0,184.0,-6619.0,-37.0,-163.0,-52.0,
1647596952978125333,-0.5625,-0.759765625,-0.201782226562,0.256408691406,3374.0,-51.0,-6714.0,-38.0,-171.0,-59.0,
1647596952982982397,-0.562316894531,-0.764038085938,-0.198486328125,0.246520996094,2951.0,-256.0,-6863.0,-40.0,-160.0,-64.0,
1647596952987909317,-0.561645507812,-0.76806640625,-0.195739746094,0.237487792969,2498.0,-391.0,-6936.0,-38.0,-137.0,-68.0,
1647596952991766214,-0.560607910156,-0.771667480469,-0.193725585938,0.229797363281,2179.0,-431.0,-7006.0,-35.0,-110.0,-66.0,
1647596952996094703,-0.559509277344,-0.774597167969,-0.192504882812,0.223571777344,2116.0,-375.0,-7121.0,-32.0,-83.0,-58.0,
1647596953000452518,-0.558410644531,-0.77685546875,-0.191833496094,0.218933105469,2276.0,-238.0,-7236.0,-25.0,-59.0,-48.0,
1647596953004734516,-0.557312011719,-0.778625488281,-0.19140625,0.215637207031,2502.0,-68.0,-7333.0,-16.0,-42.0,-39.0,
1647596953010265588,-0.556213378906,-0.780212402344,-0.19091796875,0.213317871094,2710.0,74.0,-7389.0,-5.0,-32.0,-34.0,
1647596953015663623,-0.555053710938,-0.78173828125,-0.190063476562,0.211547851562,2959.0,176.0,-7401.0,3.0,-28.0,-31.0,
1647596953019946098,-0.553833007812,-0.783203125,-0.189025878906,0.210083007812,3331.0,287.0,-7393.0,9.0,-28.0,-30.0,
1647596953024199008,-0.552673339844,-0.784729003906,-0.187805175781,0.208679199219,3779.0,410.0,-7394.0,12.0,-33.0,-29.0,
1647596953030799388,-0.551452636719,-0.786437988281,-0.186157226562,0.206909179688,4167.0,511.0,-7401.0,16.0,-45.0,-31.0,
1647596953034587383,-0.550170898438,-0.788513183594,-0.183837890625,0.204406738281,4421.0,533.0,-7405.0,19.0,-62.0,-35.0,
1647596953039131164,-0.548889160156,-0.791015625,-0.180725097656,0.201049804688,4564.0,458.0,-7402.0,21.0,-80.0,-39.0,
1647596953045524835,-0.547607421875,-0.793762207031,-0.177001953125,0.196960449219,4596.0,305.0,-7385.0,21.0,-96.0,-43.0,
1647596953049781560,-0.546447753906,-0.796691894531,-0.1728515625,0.192138671875,4528.0,132.0,-7361.0,19.0,-108.0,-45.0,
1647596953056160926,-0.545288085938,-0.799621582031,-0.168640136719,0.186767578125,4365.0,-21.0,-7338.0,15.0,-114.0,-46.0,
1647596953060124635,-0.544189453125,-0.802551269531,-0.16455078125,0.181030273438,4085.0,-135.0,-7329.0,8.0,-116.0,-47.0,
1647596953064353942,-0.543029785156,-0.805419921875,-0.160888671875,0.174865722656,3708.0,-204.0,-7334.0,0.0,-115.0,-49.0,
1647596953070888757,-0.541809082031,-0.808227539062,-0.15771484375,0.168395996094,3296.0,-228.0,-7346.0,-10.0,-112.0,-51.0,
1647596953075873851,-0.540466308594,-0.810974121094,-0.155334472656,0.161743164062,2911.0,-203.0,-7362.0,-20.0,-105.0,-54.0,
1647596953081622123,-0.538879394531,-0.813598632812,-0.15380859375,0.155151367188,2590.0,-133.0,-7397.0,-30.0,-95.0,-58.0,
1647596953086042165,-0.537048339844,-0.816101074219,-0.153198242188,0.148681640625,2333.0,-20.0,-7442.0,-40.0,-85.0,-61.0,
1647596953091545820,-0.535034179688,-0.818542480469,-0.1533203125,0.142456054688,2131.0,146.0,-7509.0,-47.0,-75.0,-65.0,
1647596953094848871,-0.532775878906,-0.820922851562,-0.154052734375,0.136352539062,1965.0,372.0,-7550.0,-52.0,-67.0,-67.0,
1647596953099397659,-0.530395507812,-0.823181152344,-0.155151367188,0.130432128906,1820.0,655.0,-7565.0,-53.0,-62.0,-68.0,
1647596953105637788,-0.527893066406,-0.825439453125,-0.156494140625,0.124694824219,1707.0,957.0,-7578.0,-53.0,-57.0,-69.0,
1647596953110901594,-0.525207519531,-0.82763671875,-0.158081054688,0.119262695312,1636.0,1226.0,-7592.0,-52.0,-51.0,-69.0,
1647596953114358186,-0.5224609375,-0.829833984375,-0.15966796875,0.114013671875,1595.0,1451.0,-7608.0,-50.0,-48.0,-70.0,
1647596953121085166,-0.519653320312,-0.831970214844,-0.161071777344,0.109008789062,1568.0,1630.0,-7637.0,-46.0,-48.0,-70.0,
1647596953126185178,-0.516845703125,-0.834106445312,-0.162170410156,0.104187011719,1536.0,1793.0,-7676.0,-42.0,-47.0,-69.0,
1647596953131004095,-0.514099121094,-0.836242675781,-0.1630859375,0.0996704101562,1524.0,1897.0,-7721.0,-36.0,-45.0,-67.0,
1647596953136991977,-0.511291503906,-0.838256835938,-0.163757324219,0.0955810546875,1586.0,1905.0,-7764.0,-31.0,-42.0,-65.0,
1647596953140122175,-0.508605957031,-0.840209960938,-0.164184570312,0.0919189453125,1697.0,1789.0,-7778.0,-26.0,-40.0,-63.0,
1647596953145460367,-0.505981445312,-0.842163085938,-0.164306640625,0.088623046875,1819.0,1563.0,-7757.0,-22.0,-39.0,-62.0,
1647596953149801492,-0.503356933594,-0.844055175781,-0.164245605469,0.0855102539062,1935.0,1248.0,-7717.0,-21.0,-39.0,-61.0,
1647596953156620025,-0.500854492188,-0.845886230469,-0.164123535156,0.0825805664062,2069.0,925.0,-7690.0,-22.0,-38.0,-61.0,
1647596953160257577,-0.498352050781,-0.847595214844,-0.164123535156,0.0797729492188,2192.0,679.0,-7709.0,-24.0,-36.0,-60.0,
1647596953167082309,-0.495849609375,-0.849304199219,-0.164245605469,0.076904296875,2227.0,495.0,-7770.0,-26.0,-36.0,-60.0,
1647596953171508073,-0.493347167969,-0.851013183594,-0.164367675781,0.0738525390625,2190.0,363.0,-7860.0,-28.0,-37.0,-60.0,
1647596953178144693,-0.490783691406,-0.852722167969,-0.164611816406,0.0707397460938,2174.0,279.0,-7992.0,-29.0,-35.0,-61.0,
1647596953184817075,-0.488098144531,-0.854431152344,-0.164978027344,0.0678100585938,2234.0,246.0,-8144.0,-29.0,-31.0,-62.0,
1647596953190340518,-0.485412597656,-0.856079101562,-0.165283203125,0.0650634765625,2278.0,267.0,-8284.0,-27.0,-30.0,-61.0,
1647596953194566249,-0.482788085938,-0.857727050781,-0.165405273438,0.0624389648438,2247.0,297.0,-8390.0,-22.0,-31.0,-59.0,
1647596953198217153,-0.480224609375,-0.859375,-0.165283203125,0.0598754882812,2175.0,304.0,-8438.0,-17.0,-31.0,-58.0,
1647596953202055215,-0.477722167969,-0.861022949219,-0.164978027344,0.0576171875,2135.0,300.0,-8425.0,-13.0,-27.0,-56.0,
1647596953206898450,-0.475280761719,-0.862548828125,-0.164672851562,0.0558471679688,2150.0,290.0,-8379.0,-10.0,-21.0,-53.0,
1647596953216784477,-0.473022460938,-0.863891601562,-0.164367675781,0.0546875,2227.0,299.0,-8296.0,-7.0,-15.0,-48.0,
1647596953224079370,-0.470886230469,-0.865112304688,-0.164184570312,0.0540771484375,2362.0,319.0,-8180.0,-3.0,-8.0,-43.0,
1647596953226632356,-0.468994140625,-0.8662109375,-0.164001464844,0.053955078125,2598.0,320.0,-8034.0,1.0,-3.0,-38.0,
1647596953240131855,-0.467407226562,-0.867126464844,-0.163696289062,0.0543212890625,2915.0,274.0,-7893.0,5.0,-1.0,-32.0,
1647596953244104385,-0.466247558594,-0.867797851562,-0.1630859375,0.0550537109375,3236.0,209.0,-7753.0,10.0,-3.0,-25.0,
1647596953250300884,-0.465454101562,-0.868408203125,-0.161987304688,0.0557250976562,3541.0,119.0,-7597.0,16.0,-9.0,-18.0,
1647596953258415460,-0.465148925781,-0.868835449219,-0.160278320312,0.0562744140625,3801.0,17.0,-7388.0,22.0,-18.0,-10.0,
1647596953261804103,-0.465393066406,-0.869079589844,-0.158203125,0.0563354492188,3966.0,-77.0,-7170.0,23.0,-29.0,-2.0,
1647596953269072532,-0.466125488281,-0.869140625,-0.155883789062,0.0557861328125,4060.0,-176.0,-6965.0,21.0,-40.0,5.0,
1647596953271082162,-0.467224121094,-0.869018554688,-0.153503417969,0.0547485351562,4131.0,-271.0,-6796.0,17.0,-48.0,11.0,
1647596953277841091,-0.468688964844,-0.868713378906,-0.151245117188,0.0532836914062,4192.0,-343.0,-6670.0,10.0,-53.0,17.0,
1647596953280801773,-0.470642089844,-0.8681640625,-0.149169921875,0.0514526367188,4215.0,-352.0,-6605.0,4.0,-58.0,25.0,
1647596953289390563,-0.473205566406,-0.8671875,-0.147277832031,0.0491943359375,4156.0,-294.0,-6541.0,-2.0,-63.0,35.0,
1647596953290839195,-0.476318359375,-0.865905761719,-0.145690917969,0.0465698242188,3989.0,-180.0,-6491.0,-9.0,-65.0,46.0,
1647596953292261123,-0.47998046875,-0.864196777344,-0.144592285156,0.0435791015625,3738.0,-18.0,-6433.0,-19.0,-65.0,56.0,
1647596953294487476,-0.484069824219,-0.862121582031,-0.144348144531,0.0404663085938,3518.0,138.0,-6402.0,-30.0,-58.0,66.0,
1647596953295723199,-0.488464355469,-0.859680175781,-0.144958496094,0.0377807617188,3317.0,323.0,-6368.0,-41.0,-46.0,72.0,
1647596953299475431,-0.492797851562,-0.857055664062,-0.146545410156,0.0354614257812,3138.0,595.0,-6394.0,-51.0,-32.0,75.0,
1647596953302165269,-0.496887207031,-0.854248046875,-0.149169921875,0.0337524414062,3058.0,957.0,-6533.0,-57.0,-15.0,74.0,
1647596953309586763,-0.500671386719,-0.8515625,-0.152404785156,0.0328369140625,3087.0,1364.0,-6718.0,-58.0,1.0,70.0,
1647596953312767028,-0.504150390625,-0.848937988281,-0.155578613281,0.0326538085938,3120.0,1729.0,-6866.0,-49.0,10.0,67.0,
1647596953314804792,-0.507385253906,-0.846496582031,-0.158142089844,0.0328979492188,3112.0,2001.0,-6947.0,-35.0,11.0,65.0,
1647596953321794509,-0.510437011719,-0.844299316406,-0.159790039062,0.0335693359375,3184.0,2171.0,-6993.0,-20.0,11.0,60.0,
1647596953326394081,-0.51318359375,-0.842407226562,-0.160766601562,0.0345458984375,3478.0,2296.0,-6978.0,-7.0,9.0,55.0,
1647596953330725431,-0.515869140625,-0.840698242188,-0.161193847656,0.0355834960938,3868.0,2424.0,-7041.0,1.0,-2.0,51.0,
1647596953336631059,-0.5185546875,-0.839172363281,-0.160400390625,0.0360107421875,4171.0,2508.0,-7057.0,12.0,-23.0,48.0,
1647596953340247154,-0.521667480469,-0.837646484375,-0.158142089844,0.0357055664062,4151.0,2417.0,-6935.0,27.0,-46.0,53.0,
1647596953344436645,-0.525085449219,-0.836181640625,-0.154724121094,0.0347900390625,3766.0,2158.0,-6807.0,34.0,-60.0,57.0,
1647596953348699569,-0.528503417969,-0.834716796875,-0.151123046875,0.033447265625,3210.0,1878.0,-6756.0,29.0,-59.0,57.0,
1647596953355192899,-0.53173828125,-0.833374023438,-0.14794921875,0.0319213867188,2661.0,1625.0,-6779.0,21.0,-51.0,53.0,
1647596953359337329,-0.53466796875,-0.831970214844,-0.145324707031,0.0305786132812,2147.0,1425.0,-6873.0,13.0,-41.0,50.0,
1647596953363723754,-0.537414550781,-0.83056640625,-0.143432617188,0.0293579101562,1673.0,1333.0,-7007.0,5.0,-31.0,48.0,
1647596953370354652,-0.539794921875,-0.829223632812,-0.142456054688,0.0284423828125,1290.0,1337.0,-7165.0,-2.0,-17.0,43.0,
1647596953374479293,-0.541625976562,-0.828002929688,-0.142639160156,0.0279541015625,1144.0,1428.0,-7328.0,-12.0,0.0,36.0,
1647596953381151437,-0.543090820312,-0.826843261719,-0.143859863281,0.0280151367188,1217.0,1586.0,-7490.0,-20.0,13.0,30.0,
1647596953386903285,-0.544311523438,-0.82568359375,-0.145751953125,0.0281982421875,1430.0,1794.0,-7676.0,-25.0,17.0,26.0,
1647596953391197681,-0.545288085938,-0.82470703125,-0.147705078125,0.0282592773438,1688.0,2041.0,-7898.0,-26.0,13.0,22.0,
1647596953395921707,-0.546203613281,-0.823791503906,-0.149353027344,0.0281372070312,1930.0,2242.0,-8057.0,-22.0,6.0,19.0,
1647596953400130510,-0.547058105469,-0.822998046875,-0.150634765625,0.0280151367188,2138.0,2310.0,-8149.0,-16.0,2.0,17.0,
1647596953404532432,-0.5478515625,-0.822326660156,-0.151550292969,0.028076171875,2239.0,2254.0,-8218.0,-12.0,2.0,16.0,
1647596953408917427,-0.548645019531,-0.821655273438,-0.152099609375,0.0281982421875,2247.0,2171.0,-8247.0,-9.0,1.0,15.0,
1647596953415511608,-0.54931640625,-0.821166992188,-0.152465820312,0.0283813476562,2246.0,2100.0,-8231.0,-6.0,2.0,14.0,
1647596953420029640,-0.549987792969,-0.820617675781,-0.152893066406,0.0286865234375,2283.0,2022.0,-8188.0,-6.0,4.0,13.0,
1647596953424061536,-0.550598144531,-0.820068359375,-0.153381347656,0.0291137695312,2332.0,1936.0,-8120.0,-6.0,6.0,13.0,
1647596953428750753,-0.55126953125,-0.819580078125,-0.15380859375,0.0294799804688,2329.0,1848.0,-8026.0,-6.0,4.0,13.0,
1647596953435948133,-0.551879882812,-0.819030761719,-0.154174804688,0.0297241210938,2278.0,1775.0,-7955.0,-6.0,3.0,12.0,
1647596953439104318,-0.552551269531,-0.818542480469,-0.154479980469,0.0298461914062,2206.0,1766.0,-7891.0,-7.0,1.0,12.0,
1647596953443717718,-0.55322265625,-0.818054199219,-0.154846191406,0.0298461914062,2115.0,1780.0,-7834.0,-7.0,1.0,13.0,
1647596953450021028,-0.553894042969,-0.817504882812,-0.155212402344,0.0298461914062,1993.0,1813.0,-7801.0,-6.0,2.0,14.0,
1647596953454337835,-0.554626464844,-0.816955566406,-0.155456542969,0.0299072265625,1845.0,1853.0,-7789.0,-5.0,3.0,14.0,
1647596953458786725,-0.555297851562,-0.816467285156,-0.155700683594,0.030029296875,1728.0,1892.0,-7785.0,-3.0,4.0,14.0,
1647596953465025186,-0.555969238281,-0.815979003906,-0.155883789062,0.0301513671875,1688.0,1894.0,-7766.0,-2.0,4.0,14.0,
1647596953469270944,-0.556579589844,-0.815490722656,-0.155944824219,0.0303955078125,1691.0,1841.0,-7723.0,0.0,3.0,13.0,
1647596953473597526,-0.557312011719,-0.815063476562,-0.155822753906,0.0306396484375,1664.0,1755.0,-7676.0,1.0,0.0,13.0,
1647596953480015516,-0.558044433594,-0.814575195312,-0.155456542969,0.0307006835938,1569.0,1670.0,-7622.0,1.0,-3.0,14.0,
1647596953484145164,-0.558776855469,-0.814147949219,-0.155090332031,0.0306396484375,1447.0,1576.0,-7587.0,1.0,-4.0,14.0,
1647596953490265130,-0.559509277344,-0.813720703125,-0.15478515625,0.030517578125,1331.0,1494.0,-7551.0,-1.0,-3.0,14.0,
1647596953497305631,-0.560241699219,-0.813232421875,-0.154602050781,0.0304565429688,1239.0,1444.0,-7505.0,-3.0,-1.0,14.0,
1647596953501533031,-0.560974121094,-0.812744140625,-0.154724121094,0.0303955078125,1186.0,1420.0,-7471.0,-5.0,2.0,14.0,
1647596953505869865,-0.561584472656,-0.812255859375,-0.155029296875,0.0303955078125,1153.0,1423.0,-7455.0,-7.0,4.0,13.0,
1647596953510259866,-0.56201171875,-0.811828613281,-0.155456542969,0.030517578125,1145.0,1443.0,-7451.0,-8.0,7.0,10.0,
1647596953514595270,-0.562255859375,-0.811584472656,-0.156127929688,0.0308227539062,1174.0,1458.0,-7465.0,-8.0,12.0,6.0,
1647596953518993139,-0.562255859375,-0.811401367188,-0.156982421875,0.0313110351562,1229.0,1474.0,-7507.0,-8.0,16.0,3.0,
1647596953525523900,-0.562194824219,-0.811218261719,-0.157897949219,0.0319213867188,1294.0,1489.0,-7565.0,-9.0,17.0,1.0,
1647596953529809951,-0.562072753906,-0.811096191406,-0.158874511719,0.0325317382812,1382.0,1511.0,-7643.0,-9.0,18.0,0.0,
1647596953534020662,-0.561950683594,-0.810974121094,-0.159851074219,0.0331420898438,1469.0,1527.0,-7733.0,-9.0,18.0,-1.0,
1647596953540133237,-0.561767578125,-0.810852050781,-0.160827636719,0.0337524414062,1565.0,1549.0,-7815.0,-9.0,17.0,-1.0,
1647596953544422864,-0.561584472656,-0.810791015625,-0.161804199219,0.0342407226562,1710.0,1591.0,-7890.0,-10.0,16.0,-1.0,
1647596953548660755,-0.561462402344,-0.810607910156,-0.162841796875,0.0347290039062,1870.0,1679.0,-7960.0,-11.0,14.0,-1.0,
1647596953555209875,-0.561401367188,-0.810485839844,-0.163818359375,0.0350341796875,1962.0,1788.0,-8010.0,-10.0,11.0,0.0,
1647596953559576511,-0.561340332031,-0.810363769531,-0.16455078125,0.0352172851562,1986.0,1868.0,-8040.0,-8.0,7.0,0.0,
1647596953563902139,-0.561279296875,-0.810241699219,-0.165161132812,0.0352172851562,2008.0,1923.0,-8028.0,-7.0,6.0,-1.0,
1647596953571196317,-0.561218261719,-0.810180664062,-0.165649414062,0.0352783203125,2042.0,1939.0,-7993.0,-6.0,4.0,-1.0,
1647596953585218667,-0.561157226562,-0.810119628906,-0.166076660156,0.0353393554688,2070.0,1950.0,-7963.0,-5.0,3.0,-1.0,
1647596953586158275,-0.561157226562,-0.810119628906,-0.166381835938,0.0353393554688,2049.0,1984.0,-7926.0,-4.0,2.0,-1.0,
1647596953598654031,-0.561157226562,-0.81005859375,-0.16650390625,0.0352172851562,1986.0,2021.0,-7892.0,-2.0,-1.0,0.0,
1647596953604735136,-0.561096191406,-0.810363769531,-0.165344238281,0.0346069335938,1679.0,1825.0,-7599.0,4.0,-4.0,-2.0,
1647596953614152669,-0.560913085938,-0.810668945312,-0.164489746094,0.0343627929688,1465.0,1643.0,-7455.0,3.0,-2.0,-3.0,
1647596953619796037,-0.560791015625,-0.810852050781,-0.164184570312,0.0343017578125,1380.0,1543.0,-7417.0,1.0,0.0,-3.0,
1647596953625249624,-0.560668945312,-0.810974121094,-0.164001464844,0.0343627929688,1315.0,1458.0,-7392.0,0.0,2.0,-3.0,
1647596953630636453,-0.560546875,-0.81103515625,-0.164001464844,0.0344848632812,1261.0,1406.0,-7413.0,-2.0,5.0,-3.0,
1647596953634763956,-0.560363769531,-0.811096191406,-0.164184570312,0.03466796875,1236.0,1399.0,-7454.0,-3.0,7.0,-2.0,
1647596953639533758,-0.560241699219,-0.811157226562,-0.164428710938,0.0349731445312,1231.0,1423.0,-7504.0,-3.0,9.0,-2.0,
1647596953644338846,-0.56005859375,-0.811218261719,-0.164733886719,0.0352172851562,1241.0,1447.0,-7542.0,-2.0,9.0,-2.0,
1647596953648782491,-0.559875488281,-0.811279296875,-0.164916992188,0.0355834960938,1261.0,1448.0,-7571.0,-1.0,9.0,-3.0,
1647596953653812885,-0.559631347656,-0.811401367188,-0.165100097656,0.0359497070312,1295.0,1445.0,-7592.0,-1.0,9.0,-3.0,
1647596953660941600,-0.559326171875,-0.8115234375,-0.165344238281,0.036376953125,1382.0,1452.0,-7618.0,-1.0,10.0,-4.0,
1647596953665739059,-0.55908203125,-0.811584472656,-0.165710449219,0.036865234375,1493.0,1487.0,-7657.0,-1.0,11.0,-4.0,
1647596953669651031,-0.558837890625,-0.811645507812,-0.166076660156,0.037353515625,1587.0,1554.0,-7695.0,-2.0,10.0,-3.0,
1647596953674321174,-0.558654785156,-0.811706542969,-0.166381835938,0.0377197265625,1649.0,1615.0,-7705.0,-1.0,7.0,-2.0,
1647596953678636074,-0.55859375,-0.811706542969,-0.166564941406,0.0379638671875,1685.0,1646.0,-7703.0,0.0,6.0,-2.0,
1647596953685946464,-0.558471679688,-0.811767578125,-0.166625976562,0.038330078125,1732.0,1661.0,-7667.0,1.0,5.0,-1.0,
1647596953690316915,-0.558471679688,-0.811706542969,-0.166809082031,0.0387573242188,1806.0,1679.0,-7627.0,1.0,6.0,1.0,
1647596953696968555,-0.55859375,-0.811584472656,-0.1669921875,0.0391845703125,1881.0,1711.0,-7599.0,0.0,7.0,3.0,
1647596953701785087,-0.558715820312,-0.811462402344,-0.167175292969,0.0396118164062,1924.0,1732.0,-7583.0,1.0,5.0,3.0,
1647596953707354068,-0.558837890625,-0.811340332031,-0.167236328125,0.0399780273438,1883.0,1749.0,-7591.0,2.0,4.0,3.0,
1647596953711091756,-0.558959960938,-0.811218261719,-0.167114257812,0.0402221679688,1790.0,1767.0,-7612.0,3.0,3.0,3.0,
1647596953715864658,-0.55908203125,-0.811157226562,-0.166931152344,0.0404663085938,1709.0,1754.0,-7620.0,4.0,3.0,3.0,
1647596953720340251,-0.559204101562,-0.811157226562,-0.166625976562,0.0407104492188,1657.0,1689.0,-7600.0,5.0,3.0,3.0,
1647596953726022720,-0.559326171875,-0.811157226562,-0.166259765625,0.0410766601562,1589.0,1584.0,-7558.0,5.0,3.0,2.0,
1647596953729708194,-0.559387207031,-0.811157226562,-0.165893554688,0.0413818359375,1503.0,1477.0,-7535.0,5.0,3.0,2.0,
1647596953733838081,-0.559448242188,-0.811157226562,-0.16552734375,0.0416259765625,1412.0,1403.0,-7507.0,3.0,3.0,1.0,
1647596953738336801,-0.559509277344,-0.811157226562,-0.165344238281,0.0418701171875,1342.0,1366.0,-7476.0,1.0,5.0,1.0,
1647596953745192766,-0.559509277344,-0.811096191406,-0.165344238281,0.0421142578125,1302.0,1334.0,-7459.0,0.0,6.0,1.0,
1647596953749885082,-0.559509277344,-0.811096191406,-0.165466308594,0.04248046875,1302.0,1314.0,-7451.0,-1.0,8.0,0.0,
1647596953754559516,-0.559448242188,-0.81103515625,-0.165710449219,0.0429077148438,1347.0,1300.0,-7448.0,-2.0,10.0,0.0,
1647596953758977174,-0.559387207031,-0.810974121094,-0.166137695312,0.04345703125,1444.0,1301.0,-7470.0,-3.0,12.0,1.0,
1647596953763458967,-0.559387207031,-0.810852050781,-0.166625976562,0.0441284179688,1584.0,1334.0,-7501.0,-3.0,13.0,2.0,
1647596953768234014,-0.559448242188,-0.810668945312,-0.167114257812,0.0447998046875,1725.0,1381.0,-7538.0,-2.0,12.0,3.0,
1647596953775162935,-0.5595703125,-0.810485839844,-0.167541503906,0.0454711914062,1840.0,1411.0,-7575.0,-1.0,10.0,4.0,
1647596953779877185,-0.559692382812,-0.810302734375,-0.167724609375,0.0460205078125,1920.0,1434.0,-7638.0,0.0,7.0,4.0,
1647596953784201622,-0.559875488281,-0.810119628906,-0.167846679688,0.0465087890625,1981.0,1450.0,-7691.0,1.0,6.0,4.0,
1647596953788712739,-0.56005859375,-0.809936523438,-0.167907714844,0.0469970703125,2028.0,1450.0,-7743.0,1.0,6.0,4.0,
1647596953793323040,-0.560241699219,-0.809814453125,-0.16796875,0.0474853515625,2083.0,1436.0,-7804.0,1.0,6.0,4.0,
1647596953800001621,-0.560485839844,-0.8095703125,-0.16796875,0.0479736328125,2146.0,1438.0,-7836.0,0.0,5.0,5.0,
1647596953804976224,-0.560729980469,-0.809387207031,-0.16796875,0.0482788085938,2176.0,1425.0,-7863.0,0.0,2.0,5.0,
1647596953809441328,-0.560974121094,-0.809204101562,-0.167907714844,0.0484619140625,2161.0,1391.0,-7891.0,0.0,1.0,4.0,
1647596953814065217,-0.561218261719,-0.80908203125,-0.167724609375,0.048583984375,2122.0,1351.0,-7905.0,-1.0,0.0,4.0,
1647596953818608522,-0.561462402344,-0.808959960938,-0.167602539062,0.0486450195312,2102.0,1312.0,-7909.0,-1.0,-1.0,4.0,
1647596953825550317,-0.561706542969,-0.808776855469,-0.16748046875,0.048583984375,2100.0,1283.0,-7913.0,-3.0,-1.0,4.0,
1647596953830810785,-0.56201171875,-0.80859375,-0.167419433594,0.0485229492188,2088.0,1266.0,-7943.0,-3.0,-2.0,4.0,
1647596953835004329,-0.562255859375,-0.808471679688,-0.167358398438,0.0484008789062,2040.0,1263.0,-7943.0,-4.0,-3.0,4.0,
1647596953839161396,-0.5625,-0.808349609375,-0.167236328125,0.048095703125,1977.0,1236.0,-7931.0,-5.0,-4.0,3.0,
1647596953844008207,-0.562744140625,-0.808166503906,-0.167175292969,0.0477294921875,1908.0,1209.0,-7915.0,-6.0,-4.0,3.0,
1647596953848411083,-0.56298828125,-0.808044433594,-0.167175292969,0.04736328125,1846.0,1192.0,-7893.0,-7.0,-4.0,3.0,
1647596953853250265,-0.563293457031,-0.807861328125,-0.167175292969,0.0469970703125,1811.0,1199.0,-7856.0,-8.0,-3.0,3.0,
1647596953859927892,-0.563537597656,-0.807678222656,-0.167297363281,0.0465698242188,1817.0,1221.0,-7801.0,-8.0,-3.0,4.0,
1647596953864450931,-0.563842773438,-0.807495117188,-0.167358398438,0.0462036132812,1823.0,1217.0,-7734.0,-7.0,-4.0,4.0,
1647596953869281768,-0.564208984375,-0.807250976562,-0.167358398438,0.0458374023438,1807.0,1185.0,-7681.0,-7.0,-6.0,5.0,
1647596953873831272,-0.564575195312,-0.807006835938,-0.167297363281,0.04541015625,1778.0,1142.0,-7643.0,-7.0,-6.0,5.0,
1647596953880706071,-0.565002441406,-0.806762695312,-0.167358398438,0.0449829101562,1721.0,1122.0,-7606.0,-9.0,-5.0,6.0,
1647596953885117530,-0.5654296875,-0.806457519531,-0.16748046875,0.0445556640625,1667.0,1109.0,-7616.0,-10.0,-3.0,6.0,
1647596953889366388,-0.565856933594,-0.806091308594,-0.167785644531,0.0441284179688,1635.0,1129.0,-7641.0,-12.0,-1.0,7.0,
1647596953894078254,-0.566345214844,-0.805725097656,-0.168212890625,0.0437622070312,1637.0,1171.0,-7640.0,-13.0,-1.0,8.0,
1647596953899360179,-0.566955566406,-0.80517578125,-0.168701171875,0.0433349609375,1634.0,1205.0,-7657.0,-14.0,-1.0,11.0,
1647596953906728506,-0.567626953125,-0.804626464844,-0.169128417969,0.0428466796875,1611.0,1220.0,-7658.0,-14.0,-3.0,12.0,
1647596953911455154,-0.568420410156,-0.804077148438,-0.16943359375,0.0422973632812,1586.0,1230.0,-7651.0,-14.0,-3.0,13.0,
1647596953915678024,-0.569274902344,-0.803405761719,-0.169738769531,0.0418090820312,1556.0,1243.0,-7628.0,-13.0,-4.0,15.0,
1647596953920377254,-0.570190429688,-0.802734375,-0.169921875,0.0413208007812,1527.0,1243.0,-7584.0,-12.0,-5.0,17.0,
1647596953924913644,-0.571228027344,-0.802001953125,-0.169982910156,0.040771484375,1498.0,1196.0,-7527.0,-11.0,-7.0,19.0,
1647596953930408954,-0.572387695312,-0.801208496094,-0.169921875,0.0401611328125,1450.0,1125.0,-7488.0,-11.0,-10.0,20.0,
1647596953934060811,-0.57373046875,-0.800354003906,-0.169738769531,0.0394287109375,1391.0,1056.0,-7472.0,-12.0,-11.0,23.0,
1647596953938244104,-0.575073242188,-0.799438476562,-0.169677734375,0.0387573242188,1287.0,1014.0,-7479.0,-13.0,-10.0,24.0,
1647596953942920446,-0.576477050781,-0.798461914062,-0.169738769531,0.0381469726562,1174.0,1033.0,-7482.0,-15.0,-6.0,25.0,
1647596953949995756,-0.577697753906,-0.797485351562,-0.170166015625,0.0376586914062,1118.0,1105.0,-7505.0,-16.0,0.0,24.0,
1647596953954416751,-0.578674316406,-0.796630859375,-0.171081542969,0.0374145507812,1145.0,1223.0,-7542.0,-19.0,6.0,20.0,
1647596953959120988,-0.579467773438,-0.795776367188,-0.172241210938,0.0372924804688,1252.0,1352.0,-7600.0,-20.0,11.0,17.0,
1647596953963659524,-0.580139160156,-0.794982910156,-0.173522949219,0.0372924804688,1405.0,1468.0,-7651.0,-19.0,12.0,16.0,
1647596953968473434,-0.580871582031,-0.794189453125,-0.174682617188,0.037353515625,1586.0,1565.0,-7673.0,-17.0,9.0,16.0,
1647596953975300788,-0.581726074219,-0.793395996094,-0.175598144531,0.0372924804688,1784.0,1630.0,-7645.0,-15.0,4.0,17.0,
1647596953979640007,-0.582702636719,-0.792541503906,-0.176208496094,0.0370483398438,1977.0,1649.0,-7591.0,-14.0,-3.0,19.0,
1647596953983880758,-0.583801269531,-0.791687011719,-0.176574707031,0.0364990234375,2141.0,1660.0,-7562.0,-14.0,-9.0,20.0,
1647596953988415718,-0.585021972656,-0.790771484375,-0.176879882812,0.0357666015625,2256.0,1705.0,-7546.0,-15.0,-14.0,20.0,
1647596953993184804,-0.586242675781,-0.789855957031,-0.177062988281,0.0347290039062,2335.0,1766.0,-7533.0,-16.0,-18.0,21.0,
1647596954001416206,-0.587524414062,-0.788940429688,-0.177124023438,0.033447265625,2389.0,1785.0,-7536.0,-16.0,-22.0,21.0,
1647596954006700038,-0.5888671875,-0.788024902344,-0.177001953125,0.0320434570312,2419.0,1786.0,-7555.0,-16.0,-25.0,20.0,
1647596954011587619,-0.590209960938,-0.787109375,-0.176696777344,0.0306396484375,2417.0,1783.0,-7526.0,-14.0,-27.0,21.0,
1647596954016202926,-0.591735839844,-0.7861328125,-0.176208496094,0.0291137695312,2373.0,1714.0,-7489.0,-13.0,-30.0,24.0,
1647596954020648479,-0.59326171875,-0.785217285156,-0.175537109375,0.0275268554688,2226.0,1644.0,-7494.0,-12.0,-32.0,24.0,
1647596954025074958,-0.594787597656,-0.784362792969,-0.174560546875,0.0258178710938,2051.0,1607.0,-7523.0,-11.0,-34.0,22.0,
1647596954030080556,-0.59619140625,-0.783569335938,-0.173583984375,0.024169921875,1873.0,1613.0,-7591.0,-9.0,-32.0,21.0,
1647596954034221887,-0.597473144531,-0.782836914062,-0.172668457031,0.0226440429688,1728.0,1655.0,-7652.0,-8.0,-28.0,20.0,
1647596954038580656,-0.598693847656,-0.782104492188,-0.171752929688,0.0211791992188,1640.0,1693.0,-7682.0,-7.0,-27.0,19.0,
1647596954043112039,-0.599792480469,-0.781494140625,-0.170959472656,0.019775390625,1607.0,1687.0,-7709.0,-7.0,-26.0,17.0,
1647596954049801111,-0.600769042969,-0.780944824219,-0.170166015625,0.0183715820312,1610.0,1670.0,-7758.0,-8.0,-27.0,14.0,
1647596954054557800,-0.601684570312,-0.780395507812,-0.169555664062,0.0170288085938,1651.0,1695.0,-7788.0,-9.0,-25.0,13.0,
1647596954059156894,-0.6025390625,-0.779846191406,-0.169006347656,0.0157470703125,1742.0,1743.0,-7811.0,-9.0,-25.0,12.0,
1647596954063704729,-0.603393554688,-0.779357910156,-0.168579101562,0.0144653320312,1833.0,1794.0,-7797.0,-9.0,-24.0,12.0,
1647596954068735837,-0.604248046875,-0.77880859375,-0.168151855469,0.0132446289062,1873.0,1797.0,-7812.0,-8.0,-25.0,11.0,
1647596954073053121,-0.60498046875,-0.778381347656,-0.16748046875,0.0120239257812,1916.0,1770.0,-7775.0,-6.0,-25.0,10.0,
1647596954079033851,-0.605773925781,-0.777954101562,-0.166809082031,0.010986328125,2027.0,1744.0,-7729.0,-5.0,-24.0,10.0,
1647596954084977149,-0.606506347656,-0.777526855469,-0.166076660156,0.0100708007812,2120.0,1717.0,-7738.0,-3.0,-25.0,10.0,
1647596954090258121,-0.607299804688,-0.777160644531,-0.165161132812,0.00909423828125,2122.0,1688.0,-7754.0,-1.0,-27.0,9.0,
1647596954094021797,-0.608032226562,-0.776794433594,-0.1640625,0.00811767578125,2084.0,1660.0,-7808.0,0.0,-27.0,9.0,
1647596954099090576,-0.608764648438,-0.776428222656,-0.162963867188,0.0072021484375,2070.0,1664.0,-7875.0,1.0,-25.0,10.0,
1647596954104081392,-0.609558105469,-0.776062011719,-0.161987304688,0.00640869140625,1989.0,1672.0,-7937.0,2.0,-23.0,11.0,
1647596954111420869,-0.6103515625,-0.775634765625,-0.160949707031,0.00555419921875,1823.0,1649.0,-7996.0,2.0,-22.0,11.0,
1647596954116274833,-0.611022949219,-0.775329589844,-0.160095214844,0.00482177734375,1583.0,1632.0,-8059.0,0.0,-18.0,10.0,
1647596954120779514,-0.611572265625,-0.775024414062,-0.159484863281,0.00408935546875,1331.0,1665.0,-8126.0,-3.0,-11.0,9.0,
1647596954125323772,-0.611999511719,-0.774719238281,-0.159362792969,0.00347900390625,1137.0,1748.0,-8148.0,-6.0,-4.0,8.0,
1647596954132435083,-0.6123046875,-0.7744140625,-0.159545898438,0.00299072265625,1033.0,1834.0,-8139.0,-8.0,1.0,7.0,
1647596954136744022,-0.612548828125,-0.774169921875,-0.159973144531,0.00262451171875,965.0,1896.0,-8067.0,-10.0,3.0,5.0,
1647596954140400171,-0.612731933594,-0.773864746094,-0.160461425781,0.00225830078125,920.0,1928.0,-7992.0,-10.0,3.0,5.0,
1647596954144323587,-0.612854003906,-0.773620605469,-0.161071777344,0.0020751953125,903.0,1970.0,-7906.0,-11.0,7.0,4.0,
1647596954150860548,-0.612976074219,-0.7734375,-0.161865234375,0.00201416015625,920.0,2004.0,-7797.0,-11.0,9.0,4.0,
1647596954156167030,-0.612976074219,-0.773193359375,-0.162780761719,0.00213623046875,987.0,2006.0,-7680.0,-10.0,11.0,3.0,
1647596954163233518,-0.612976074219,-0.773010253906,-0.163696289062,0.00238037109375,1102.0,2007.0,-7578.0,-9.0,13.0,3.0,
1647596954165551900,-0.612976074219,-0.772766113281,-0.164672851562,0.00286865234375,1217.0,2039.0,-7479.0,-8.0,14.0,3.0,
1647596954172623634,-0.612976074219,-0.772583007812,-0.165588378906,0.00335693359375,1306.0,2058.0,-7403.0,-7.0,14.0,2.0,
1647596954176091432,-0.612976074219,-0.7724609375,-0.166442871094,0.0037841796875,1328.0,2064.0,-7396.0,-6.0,13.0,2.0,
1647596954181337118,-0.612854003906,-0.772338867188,-0.167114257812,0.0042724609375,1274.0,2050.0,-7407.0,-5.0,13.0,1.0,
1647596954188696146,-0.612731933594,-0.772338867188,-0.167724609375,0.004638671875,1265.0,2023.0,-7410.0,-4.0,13.0,0.0,
1647596954201487541,-0.612670898438,-0.772216796875,-0.168395996094,0.005126953125,1277.0,1982.0,-7416.0,-4.0,14.0,1.0,
1647596954203788518,-0.612609863281,-0.772155761719,-0.169006347656,0.005615234375,1276.0,1964.0,-7434.0,-5.0,14.0,1.0,
1647596954209951639,-0.612487792969,-0.772094726562,-0.169616699219,0.00604248046875,1295.0,1961.0,-7443.0,-5.0,13.0,0.0,
1647596954240279912,-0.612426757812,-0.772033691406,-0.170166015625,0.00640869140625,1305.0,1940.0,-7489.0,-4.0,11.0,0.0,
1647596954242957592,-0.612182617188,-0.772094726562,-0.170837402344,0.0068359375,1210.0,1839.0,-7538.0,-4.0,8.0,-2.0,
1647596954244302749,-0.611999511719,-0.772155761719,-0.171081542969,0.00701904296875,1238.0,1809.0,-7551.0,-4.0,8.0,-2.0,
1647596954245747566,-0.611877441406,-0.772094726562,-0.171691894531,0.00732421875,1378.0,1846.0,-7566.0,-6.0,11.0,0.0,
1647596954247288465,-0.611877441406,-0.77197265625,-0.172424316406,0.0076904296875,1534.0,1937.0,-7583.0,-7.0,11.0,1.0,
1647596954249366521,-0.611877441406,-0.771789550781,-0.173156738281,0.00799560546875,1644.0,2015.0,-7611.0,-6.0,9.0,1.0,
1647596954252458572,-0.61181640625,-0.771728515625,-0.173645019531,0.0081787109375,1668.0,2013.0,-7630.0,-4.0,6.0,0.0,
1647596954253306865,-0.611694335938,-0.771728515625,-0.173889160156,0.00830078125,1650.0,1962.0,-7664.0,-3.0,4.0,-1.0,
1647596954254509449,-0.611633300781,-0.771789550781,-0.174072265625,0.0084228515625,1651.0,1920.0,-7700.0,-3.0,4.0,-2.0,
1647596954255752801,-0.611511230469,-0.771850585938,-0.174255371094,0.00860595703125,1672.0,1909.0,-7740.0,-3.0,4.0,-2.0,
1647596954260926961,-0.611389160156,-0.771911621094,-0.174499511719,0.0086669921875,1684.0,1910.0,-7761.0,-3.0,4.0,-3.0,
1647596954266116857,-0.611206054688,-0.77197265625,-0.174682617188,0.00872802734375,1652.0,1884.0,-7774.0,-3.0,3.0,-3.0,
1647596954269949197,-0.611022949219,-0.772094726562,-0.174743652344,0.0087890625,1568.0,1844.0,-7774.0,-3.0,3.0,-4.0,
1647596954274644136,-0.61083984375,-0.772216796875,-0.1748046875,0.00885009765625,1472.0,1803.0,-7767.0,-2.0,4.0,-4.0,
1647596954279885292,-0.610656738281,-0.772399902344,-0.174865722656,0.0089111328125,1378.0,1761.0,-7756.0,-2.0,5.0,-4.0,
1647596954286134958,-0.610412597656,-0.772521972656,-0.174987792969,0.00909423828125,1310.0,1748.0,-7756.0,-2.0,7.0,-4.0,
1647596954289988517,-0.610107421875,-0.772705078125,-0.175231933594,0.00927734375,1291.0,1747.0,-7755.0,-2.0,8.0,-4.0,
1647596954293421506,-0.609924316406,-0.772827148438,-0.175415039062,0.009521484375,1307.0,1748.0,-7734.0,-2.0,8.0,-3.0,
1647596954298820018,-0.609741210938,-0.772888183594,-0.175659179688,0.00982666015625,1340.0,1746.0,-7692.0,-1.0,7.0,-3.0,
1647596954303594827,-0.609558105469,-0.773010253906,-0.175842285156,0.0101318359375,1398.0,1727.0,-7658.0,-1.0,7.0,-3.0,
1647596954314361572,-0.609375,-0.773071289062,-0.176086425781,0.0104370117188,1474.0,1716.0,-7636.0,-2.0,7.0,-3.0,
1647596954316977739,-0.609191894531,-0.773132324219,-0.176330566406,0.0107421875,1545.0,1728.0,-7634.0,-2.0,6.0,-3.0,
1647596954323916912,-0.609008789062,-0.773254394531,-0.176635742188,0.010986328125,1603.0,1759.0,-7636.0,-2.0,6.0,-3.0,
1647596954327213048,-0.608825683594,-0.773315429688,-0.176818847656,0.01123046875,1659.0,1783.0,-7657.0,-2.0,5.0,-4.0,
1647596954331732273,-0.608642578125,-0.7734375,-0.177001953125,0.0113525390625,1694.0,1793.0,-7686.0,-1.0,4.0,-4.0,
1647596954335930109,-0.608459472656,-0.773559570312,-0.177062988281,0.011474609375,1692.0,1761.0,-7704.0,-1.0,2.0,-4.0,
1647596954341695308,-0.608337402344,-0.773681640625,-0.177001953125,0.0115356445312,1673.0,1702.0,-7723.0,-1.0,1.0,-4.0,
1647596954346697807,-0.608215332031,-0.773742675781,-0.177001953125,0.0115966796875,1640.0,1660.0,-7745.0,-3.0,1.0,-3.0,
1647596954348837614,-0.608154296875,-0.773803710938,-0.177062988281,0.0115356445312,1614.0,1660.0,-7778.0,-4.0,1.0,-2.0,
1647596954354226112,-0.608154296875,-0.773742675781,-0.177185058594,0.011474609375,1613.0,1689.0,-7801.0,-5.0,2.0,-1.0,
1647596954359380722,-0.608154296875,-0.773681640625,-0.177429199219,0.0114135742188,1607.0,1709.0,-7801.0,-5.0,2.0,0.0,
1647596954363419294,-0.608215332031,-0.773620605469,-0.177551269531,0.0113525390625,1578.0,1699.0,-7794.0,-5.0,1.0,1.0,
1647596954369748592,-0.608337402344,-0.773498535156,-0.177673339844,0.0112915039062,1545.0,1685.0,-7783.0,-4.0,1.0,2.0,
1647596954374462127,-0.608459472656,-0.773376464844,-0.177795410156,0.0112915039062,1526.0,1693.0,-7760.0,-5.0,2.0,2.0,
1647596954379256725,-0.608581542969,-0.773254394531,-0.177978515625,0.0112915039062,1526.0,1732.0,-7756.0,-5.0,3.0,3.0,
1647596954384244680,-0.608703613281,-0.773071289062,-0.17822265625,0.0113525390625,1539.0,1791.0,-7749.0,-5.0,4.0,3.0,
1647596954390508651,-0.608764648438,-0.77294921875,-0.178466796875,0.0114135742188,1545.0,1835.0,-7741.0,-4.0,4.0,2.0,
1647596954392676591,-0.608825683594,-0.772888183594,-0.178649902344,0.0115356445312,1539.0,1849.0,-7719.0,-2.0,3.0,2.0,
1647596954401840448,-0.60888671875,-0.772827148438,-0.1787109375,0.0116577148438,1569.0,1826.0,-7672.0,-1.0,3.0,1.0,
1647596954413746595,-0.608947753906,-0.772766113281,-0.178833007812,0.0117797851562,1579.0,1774.0,-7637.0,-1.0,3.0,1.0,
1647596954425158977,-0.609008789062,-0.772705078125,-0.178833007812,0.0119018554688,1560.0,1751.0,-7614.0,-2.0,2.0,0.0,
1647596954461724758,-0.609008789062,-0.772644042969,-0.178955078125,0.0119018554688,1537.0,1758.0,-7600.0,-3.0,2.0,1.0,
1647596954465989828,-0.609069824219,-0.772583007812,-0.179077148438,0.0119018554688,1528.0,1772.0,-7583.0,-4.0,3.0,1.0,
1647596954481757640,-0.609130859375,-0.772521972656,-0.179260253906,0.011962890625,1538.0,1778.0,-7577.0,-4.0,3.0,1.0,
1647596954482563018,-0.609130859375,-0.7724609375,-0.179443359375,0.0120849609375,1566.0,1757.0,-7569.0,-3.0,3.0,1.0,
1647596954483228683,-0.609191894531,-0.772399902344,-0.179504394531,0.0122680664062,1591.0,1720.0,-7571.0,-2.0,3.0,1.0,
1647596954484896659,-0.609313964844,-0.772277832031,-0.179565429688,0.012451171875,1600.0,1694.0,-7575.0,-1.0,3.0,2.0,
1647596954501936674,-0.609436035156,-0.772216796875,-0.179565429688,0.0125732421875,1590.0,1685.0,-7584.0,-1.0,2.0,2.0,
1647596954502528667,-0.609558105469,-0.772094726562,-0.179565429688,0.0127563476562,1606.0,1690.0,-7599.0,-1.0,2.0,2.0,
1647596954505438804,-0.609680175781,-0.77197265625,-0.179565429688,0.0128784179688,1633.0,1698.0,-7591.0,-1.0,2.0,3.0,
1647596954505873203,-0.609802246094,-0.771911621094,-0.179565429688,0.0130004882812,1620.0,1693.0,-7590.0,-1.0,1.0,2.0,
1647596954515418052,-0.60986328125,-0.771911621094,-0.179382324219,0.0130004882812,1529.0,1654.0,-7578.0,0.0,-1.0,0.0,
1647596954519850254,-0.60986328125,-0.77197265625,-0.179138183594,0.012939453125,1428.0,1599.0,-7541.0,0.0,-1.0,-1.0,
1647596954523401975,-0.609802246094,-0.772033691406,-0.179077148438,0.0128784179688,1427.0,1585.0,-7522.0,-2.0,2.0,-1.0,
1647596954529797554,-0.609802246094,-0.77197265625,-0.179260253906,0.0130004882812,1530.0,1637.0,-7507.0,-4.0,5.0,0.0,
1647596954530606269,-0.60986328125,-0.771789550781,-0.179809570312,0.0133056640625,1655.0,1743.0,-7526.0,-5.0,7.0,2.0,
1647596954531269550,-0.609924316406,-0.771606445312,-0.180358886719,0.0135498046875,1758.0,1862.0,-7553.0,-4.0,7.0,2.0,
1647596954534558296,-0.609985351562,-0.771484375,-0.180786132812,0.0138549804688,1877.0,1946.0,-7607.0,-2.0,6.0,2.0,
1647596954541085004,-0.610046386719,-0.771301269531,-0.181030273438,0.01416015625,2015.0,1990.0,-7647.0,-1.0,4.0,3.0,
1647596954547440052,-0.610168457031,-0.771179199219,-0.18115234375,0.014404296875,2046.0,2004.0,-7691.0,0.0,1.0,3.0,
1647596954550386428,-0.610290527344,-0.771118164062,-0.181091308594,0.0145263671875,2006.0,1998.0,-7746.0,1.0,-1.0,1.0,
1647596954553273677,-0.6103515625,-0.771118164062,-0.180969238281,0.0145263671875,1995.0,1990.0,-7773.0,0.0,-1.0,0.0,
1647596954553719043,-0.610412597656,-0.771057128906,-0.180969238281,0.0145263671875,1980.0,1972.0,-7776.0,-1.0,-1.0,0.0,
1647596954557331562,-0.610412597656,-0.771057128906,-0.180908203125,0.0144653320312,1923.0,1946.0,-7750.0,-2.0,-1.0,-1.0,
1647596954562415361,-0.6103515625,-0.771118164062,-0.180908203125,0.0142822265625,1857.0,1905.0,-7722.0,-3.0,-1.0,-2.0,
1647596954565160989,-0.610290527344,-0.771179199219,-0.180847167969,0.0140991210938,1807.0,1874.0,-7705.0,-3.0,-1.0,-2.0,
1647596954568517923,-0.610229492188,-0.771240234375,-0.180847167969,0.0139770507812,1726.0,1850.0,-7696.0,-4.0,-1.0,-2.0,
1647596954571535825,-0.610168457031,-0.771301269531,-0.180786132812,0.0137329101562,1634.0,1818.0,-7696.0,-3.0,-1.0,-2.0,
1647596954577055931,-0.610107421875,-0.771362304688,-0.180725097656,0.0135498046875,1529.0,1757.0,-7685.0,-3.0,-1.0,-3.0,
1647596954592525720,-0.609985351562,-0.771484375,-0.180603027344,0.0133056640625,1430.0,1673.0,-7699.0,-3.0,-1.0,-3.0,
1647596954596856117,-0.60986328125,-0.771606445312,-0.180419921875,0.0131225585938,1342.0,1634.0,-7697.0,-4.0,0.0,-3.0,
1647596954603073596,-0.609802246094,-0.771728515625,-0.180419921875,0.012939453125,1289.0,1627.0,-7690.0,-4.0,1.0,-3.0,
1647596954612309932,-0.609680175781,-0.771789550781,-0.180480957031,0.0128173828125,1275.0,1630.0,-7649.0,-5.0,2.0,-3.0,
1647596954653256416,-0.609497070312,-0.771911621094,-0.180603027344,0.0126953125,1286.0,1632.0,-7628.0,-4.0,2.0,-3.0,
1647596954708843231,-0.609375,-0.77197265625,-0.180725097656,0.0126953125,1335.0,1627.0,-7614.0,-4.0,3.0,-3.0,
1647596954742974519,-0.609252929688,-0.772033691406,-0.180908203125,0.0128173828125,1432.0,1613.0,-7601.0,-3.0,4.0,-2.0,
1647596954786310672,-0.609191894531,-0.772033691406,-0.181091308594,0.0130004882812,1544.0,1613.0,-7601.0,-3.0,4.0,-1.0,
1647596954896262168,-0.609191894531,-0.77197265625,-0.181213378906,0.01318359375,1617.0,1633.0,-7629.0,-3.0,3.0,0.0,
1647596954941847562,-0.609252929688,-0.771911621094,-0.181274414062,0.0132446289062,1646.0,1642.0,-7658.0,-2.0,1.0,0.0,
1647596955000119209,-0.609313964844,-0.771911621094,-0.181274414062,0.0133056640625,1686.0,1620.0,-7684.0,-2.0,1.0,1.0,
1647596955050417900,-0.609436035156,-0.771789550781,-0.181213378906,0.013427734375,1727.0,1595.0,-7718.0,-2.0,1.0,2.0,
1647596955089226484,-0.609558105469,-0.771667480469,-0.181213378906,0.0134887695312,1741.0,1596.0,-7751.0,-3.0,0.0,2.0,
1647596955143563032,-0.609802246094,-0.771545410156,-0.181213378906,0.0134887695312,1733.0,1612.0,-7783.0,-3.0,0.0,3.0,
1647596955192871570,-0.609985351562,-0.771362304688,-0.181213378906,0.013427734375,1707.0,1631.0,-7810.0,-4.0,0.0,3.0,
1647596955219265937,-0.610168457031,-0.771179199219,-0.181213378906,0.0133056640625,1678.0,1659.0,-7814.0,-4.0,0.0,3.0,
1647596955222731590,-0.6103515625,-0.771057128906,-0.181274414062,0.01318359375,1643.0,1714.0,-7823.0,-4.0,0.0,3.0,
1647596955227263927,-0.610473632812,-0.770935058594,-0.181335449219,0.0130004882812,1600.0,1764.0,-7808.0,-4.0,0.0,2.0,
1647596955345862627,-0.610595703125,-0.770812988281,-0.181457519531,0.012939453125,1593.0,1773.0,-7786.0,-4.0,1.0,2.0,
1647596955389763832,-0.610656738281,-0.770751953125,-0.181579589844,0.012939453125,1606.0,1742.0,-7750.0,-4.0,2.0,1.0,
1647596955493901252,-0.610717773438,-0.770690917969,-0.181762695312,0.012939453125,1624.0,1728.0,-7718.0,-4.0,3.0,1.0,
1647596955500182867,-0.610717773438,-0.770568847656,-0.182006835938,0.0130004882812,1666.0,1742.0,-7670.0,-5.0,3.0,1.0,
1647596955587281465,-0.610778808594,-0.7705078125,-0.182312011719,0.0130004882812,1683.0,1767.0,-7652.0,-6.0,3.0,1.0,
1647596955671424865,-0.610778808594,-0.770385742188,-0.1826171875,0.0130004882812,1728.0,1804.0,-7626.0,-6.0,3.0,0.0,
1647596955719545125,-0.610778808594,-0.770324707031,-0.182983398438,0.0130615234375,1840.0,1800.0,-7588.0,-5.0,3.0,1.0,
1647596955825256586,-0.610900878906,-0.770202636719,-0.183227539062,0.0132446289062,1924.0,1748.0,-7535.0,-3.0,2.0,1.0,
1647596955861935615,-0.611022949219,-0.770080566406,-0.183288574219,0.0133666992188,1915.0,1703.0,-7505.0,-3.0,0.0,1.0,
1647596955926917552,-0.611083984375,-0.77001953125,-0.183227539062,0.0133056640625,1850.0,1685.0,-7469.0,-3.0,-1.0,1.0,
1647596955966772556,-0.611145019531,-0.769958496094,-0.183227539062,0.01318359375,1818.0,1659.0,-7440.0,-3.0,-1.0,0.0,
1647596956061557531,-0.611633300781,-0.769653320312,-0.182983398438,0.0131225585938,1730.0,1676.0,-7456.0,-3.0,2.0,4.0,
1647596956102340459,-0.61279296875,-0.768371582031,-0.184326171875,0.0149536132812,2280.0,1963.0,-7557.0,-4.0,4.0,4.0,
1647596956188475131,-0.614135742188,-0.766540527344,-0.187316894531,0.01513671875,2503.0,2043.0,-7428.0,-10.0,6.0,5.0,
1647596956225094318,-0.617980957031,-0.7626953125,-0.1904296875,0.01513671875,1818.0,1568.0,-7381.0,-3.0,-4.0,6.0,
1647596956266195058,-0.617736816406,-0.763061523438,-0.18994140625,0.0137939453125,1903.0,1698.0,-7433.0,-2.0,7.0,-6.0,
1647596956323821306,-0.616149902344,-0.763610839844,-0.192565917969,0.0144653320312,2093.0,1874.0,-7813.0,-3.0,-6.0,-6.0,
1647596956357952833,-0.614135742188,-0.765014648438,-0.19384765625,0.0119018554688,1333.0,1570.0,-7390.0,-7.0,6.0,-5.0,
1647596956385649204,-0.613342285156,-0.764892578125,-0.196594238281,0.011474609375,2054.0,2084.0,-7691.0,-6.0,-3.0,0.0,
1647596956428206682,-0.61572265625,-0.763061523438,-0.196472167969,0.009033203125,1635.0,1888.0,-7426.0,-3.0,-1.0,4.0,
1647596956455736875,-0.616638183594,-0.762329101562,-0.196411132812,0.00946044921875,1868.0,1856.0,-7454.0,-1.0,1.0,3.0,
1647596956486969947,-0.616821289062,-0.76220703125,-0.196472167969,0.0096435546875,1955.0,1832.0,-7470.0,-2.0,1.0,3.0,
1647596956516741991,-0.617004394531,-0.762023925781,-0.196472167969,0.009765625,1960.0,1820.0,-7486.0,-2.0,-1.0,3.0,
1647596956566066980,-0.618774414062,-0.760620117188,-0.1962890625,0.00872802734375,1700.0,2000.0,-7674.0,-5.0,3.0,2.0,
1647596956598617315,-0.619262695312,-0.760375976562,-0.195922851562,0.00836181640625,1489.0,1943.0,-7220.0,2.0,-2.0,-3.0,
1647596956632885217,-0.618591308594,-0.761413574219,-0.193969726562,0.0116577148438,1951.0,1826.0,-7771.0,6.0,3.0,-2.0,
