1648735136753211021,0.0907592773438,0.221313476562,0.728088378906,-0.642395019531,526.0,1889.0,6521.0,-54.0,24.0,-4.0,
1648735136759520292,0.0911254882812,0.217712402344,0.729248046875,-0.642211914062,506.0,1940.0,6622.0,-54.0,23.0,-4.0,
1648735136764063119,0.091552734375,0.214233398438,0.730407714844,-0.642028808594,503.0,1980.0,6705.0,-53.0,22.0,-4.0,
1648735136768594026,0.092041015625,0.210815429688,0.731506347656,-0.641845703125,509.0,2010.0,6787.0,-53.0,22.0,-4.0,
1648735136773355960,0.0924682617188,0.207458496094,0.732543945312,-0.641662597656,535.0,2026.0,6844.0,-51.0,21.0,-5.0,
1648735136777825593,0.0928955078125,0.204223632812,0.733642578125,-0.641418457031,589.0,2020.0,6893.0,-50.0,20.0,-5.0,
1648735136782778263,0.0933837890625,0.201049804688,0.734619140625,-0.641174316406,666.0,1986.0,6938.0,-49.0,20.0,-5.0,
1648735136789442300,0.0938110351562,0.197937011719,0.735656738281,-0.640930175781,758.0,1913.0,6983.0,-48.0,20.0,-6.0,
1648735136793973445,0.0942993164062,0.194946289062,0.736633300781,-0.640686035156,850.0,1813.0,7029.0,-46.0,19.0,-6.0,
1648735136798776388,0.0947265625,0.192016601562,0.737548828125,-0.640380859375,943.0,1699.0,7063.0,-43.0,19.0,-7.0,
1648735136803226470,0.0950927734375,0.189208984375,0.738464355469,-0.64013671875,1041.0,1585.0,7081.0,-41.0,19.0,-7.0,
1648735136807778358,0.0953979492188,0.186645507812,0.739379882812,-0.639831542969,1136.0,1487.0,7113.0,-37.0,18.0,-8.0,
1648735136812515497,0.0956420898438,0.184204101562,0.740234375,-0.639526367188,1233.0,1424.0,7158.0,-34.0,18.0,-8.0,
1648735136819665193,0.0957641601562,0.181945800781,0.741027832031,-0.63916015625,1311.0,1396.0,7212.0,-32.0,17.0,-8.0,
1648735136823848962,0.0958251953125,0.179870605469,0.741821289062,-0.638854980469,1375.0,1387.0,7267.0,-30.0,17.0,-9.0,
1648735136828286409,0.0958251953125,0.177795410156,0.74267578125,-0.638488769531,1421.0,1372.0,7311.0,-29.0,16.0,-9.0,
1648735136832933187,0.0958251953125,0.175842285156,0.743469238281,-0.638061523438,1480.0,1346.0,7356.0,-28.0,15.0,-10.0,
1648735136837669610,0.0958251953125,0.173889160156,0.744262695312,-0.637634277344,1546.0,1301.0,7389.0,-28.0,15.0,-10.0,
1648735136845349073,0.095947265625,0.171936035156,0.7451171875,-0.63720703125,1619.0,1249.0,7413.0,-28.0,15.0,-11.0,
1648735136850379228,0.0960693359375,0.170043945312,0.745971679688,-0.636657714844,1702.0,1186.0,7418.0,-28.0,14.0,-12.0,
1648735136854586362,0.0963134765625,0.168090820312,0.746887207031,-0.636108398438,1778.0,1118.0,7420.0,-28.0,14.0,-13.0,
1648735136859286069,0.0964965820312,0.166259765625,0.747741699219,-0.635498046875,1844.0,1060.0,7415.0,-28.0,14.0,-14.0,
1648735136863786458,0.0966796875,0.164367675781,0.748657226562,-0.634887695312,1897.0,996.0,7413.0,-28.0,14.0,-14.0,
1648735136868682146,0.0968627929688,0.162536621094,0.749633789062,-0.634216308594,1949.0,941.0,7408.0,-27.0,14.0,-15.0,
1648735136873137950,0.0970458984375,0.160766601562,0.750549316406,-0.633544921875,1991.0,884.0,7411.0,-27.0,13.0,-16.0,
1648735136877638339,0.0972900390625,0.159057617188,0.75146484375,-0.6328125,2038.0,842.0,7422.0,-26.0,13.0,-16.0,
1648735136884732484,0.0974731445312,0.157348632812,0.75244140625,-0.632080078125,2090.0,789.0,7441.0,-26.0,12.0,-17.0,
1648735136890472888,0.0977172851562,0.155639648438,0.75341796875,-0.63134765625,2132.0,715.0,7484.0,-26.0,12.0,-17.0,
1648735136894126176,0.0979614257812,0.153930664062,0.75439453125,-0.630554199219,2155.0,613.0,7548.0,-26.0,12.0,-17.0,
1648735136899198770,0.09814453125,0.152221679688,0.75537109375,-0.629760742188,2166.0,520.0,7603.0,-25.0,11.0,-18.0,
1648735136903376340,0.098388671875,0.150634765625,0.75634765625,-0.62890625,2180.0,443.0,7666.0,-23.0,11.0,-18.0,
1648735136907999038,0.0985717773438,0.149169921875,0.75732421875,-0.628112792969,2197.0,405.0,7702.0,-22.0,10.0,-19.0,
1648735136912647485,0.0988159179688,0.147766113281,0.758239746094,-0.627258300781,2228.0,409.0,7740.0,-21.0,9.0,-19.0,
1648735136918676376,0.0989990234375,0.146484375,0.759155273438,-0.626403808594,2262.0,423.0,7769.0,-20.0,8.0,-18.0,
1648735136925323724,0.0991821289062,0.145263671875,0.760070800781,-0.625549316406,2289.0,444.0,7789.0,-21.0,8.0,-18.0,
1648735136930699586,0.0994262695312,0.143981933594,0.760986328125,-0.624694824219,2313.0,461.0,7816.0,-21.0,8.0,-18.0,
1648735136934384107,0.0997314453125,0.142700195312,0.761901855469,-0.623840332031,2324.0,467.0,7860.0,-22.0,7.0,-18.0,
1648735136939112901,0.100036621094,0.141296386719,0.762817382812,-0.622985839844,2323.0,482.0,7920.0,-23.0,7.0,-18.0,
1648735136945913553,0.100341796875,0.139892578125,0.763732910156,-0.622131347656,2302.0,507.0,7986.0,-24.0,7.0,-18.0,
1648735136957558631,0.100769042969,0.138427734375,0.7646484375,-0.621215820312,2282.0,534.0,8061.0,-26.0,7.0,-17.0,
1648735136958167552,0.101196289062,0.136901855469,0.765563964844,-0.620361328125,2269.0,540.0,8139.0,-27.0,6.0,-17.0,
1648735136960680007,0.101684570312,0.135314941406,0.766479492188,-0.619506835938,2248.0,514.0,8225.0,-28.0,6.0,-17.0,
1648735136964280128,0.102233886719,0.133605957031,0.767456054688,-0.61865234375,2241.0,454.0,8299.0,-29.0,6.0,-17.0,
1648735136969151973,0.102844238281,0.131896972656,0.768310546875,-0.617797851562,2237.0,387.0,8350.0,-29.0,6.0,-17.0,
1648735136974736213,0.103515625,0.130249023438,0.769226074219,-0.616943359375,2219.0,316.0,8386.0,-29.0,5.0,-17.0,
1648735136978760480,0.104125976562,0.128662109375,0.770080566406,-0.616088867188,2211.0,263.0,8395.0,-28.0,5.0,-16.0,
1648735136985201597,0.104675292969,0.127197265625,0.770874023438,-0.615295410156,2226.0,236.0,8378.0,-26.0,4.0,-16.0,
1648735137010664939,0.105224609375,0.125854492188,0.771667480469,-0.614501953125,2258.0,231.0,8343.0,-24.0,4.0,-15.0,
1648735137010815143,0.105712890625,0.124694824219,0.772399902344,-0.61376953125,2312.0,252.0,8304.0,-22.0,4.0,-15.0,
1648735137016895771,0.106201171875,0.12353515625,0.773071289062,-0.612976074219,2378.0,293.0,8249.0,-21.0,4.0,-14.0,
1648735137017028331,0.106689453125,0.12255859375,0.773742675781,-0.612243652344,2434.0,295.0,8208.0,-21.0,4.0,-14.0,
1648735137025201320,0.107116699219,0.121459960938,0.774475097656,-0.611511230469,2483.0,265.0,8178.0,-20.0,5.0,-15.0,
1648735137026896238,0.107482910156,0.120422363281,0.775146484375,-0.610778808594,2526.0,204.0,8163.0,-19.0,5.0,-15.0,
1648735137027942419,0.107788085938,0.119506835938,0.77587890625,-0.609985351562,2564.0,135.0,8150.0,-16.0,5.0,-15.0,
1648735137030612468,0.107971191406,0.11865234375,0.776550292969,-0.609252929688,2593.0,72.0,8127.0,-14.0,5.0,-16.0,
1648735137031685829,0.108093261719,0.117919921875,0.777221679688,-0.608520507812,2622.0,31.0,8102.0,-11.0,5.0,-16.0,
1648735137034897089,0.108154296875,0.117370605469,0.777893066406,-0.607788085938,2648.0,25.0,8080.0,-8.0,5.0,-16.0,
1648735137039354324,0.108093261719,0.116943359375,0.778564453125,-0.607055664062,2666.0,51.0,8056.0,-6.0,5.0,-17.0,
1648735137047337770,0.10791015625,0.116516113281,0.779235839844,-0.606262207031,2675.0,101.0,8027.0,-6.0,5.0,-17.0,
1648735137051282405,0.107727050781,0.116149902344,0.779907226562,-0.605529785156,2686.0,156.0,7999.0,-6.0,6.0,-17.0,
1648735137056668043,0.107604980469,0.115783691406,0.780578613281,-0.604736328125,2687.0,185.0,7994.0,-7.0,6.0,-17.0,
1648735137059511184,0.107482910156,0.115234375,0.781311035156,-0.603881835938,2677.0,191.0,8002.0,-8.0,6.0,-18.0,
1648735137066652297,0.107360839844,0.114624023438,0.782043457031,-0.603088378906,2650.0,180.0,8017.0,-9.0,6.0,-18.0,
1648735137069084882,0.107299804688,0.113952636719,0.782836914062,-0.602172851562,2607.0,182.0,8048.0,-10.0,6.0,-19.0,
1648735137074684619,0.107299804688,0.11328125,0.78369140625,-0.601257324219,2555.0,199.0,8073.0,-12.0,6.0,-20.0,
1648735137080768823,0.107299804688,0.112548828125,0.784545898438,-0.600280761719,2497.0,248.0,8109.0,-13.0,5.0,-20.0,
1648735137085150480,0.107299804688,0.111755371094,0.785400390625,-0.599243164062,2437.0,329.0,8137.0,-14.0,4.0,-21.0,
1648735137089329004,0.107360839844,0.111022949219,0.786315917969,-0.598205566406,2384.0,397.0,8163.0,-15.0,4.0,-21.0,
1648735137094426870,0.107482910156,0.110290527344,0.787231445312,-0.597106933594,2357.0,438.0,8190.0,-17.0,3.0,-21.0,
1648735137101148128,0.107666015625,0.109436035156,0.788146972656,-0.596008300781,2355.0,437.0,8196.0,-17.0,3.0,-22.0,
1648735137106586933,0.10791015625,0.108642578125,0.7890625,-0.594909667969,2372.0,387.0,8198.0,-17.0,3.0,-22.0,
1648735137135488986,0.108215332031,0.107788085938,0.789978027344,-0.59375,2405.0,309.0,8192.0,-17.0,3.0,-22.0,
1648735137138164043,0.108520507812,0.107055664062,0.790832519531,-0.592712402344,2426.0,243.0,8165.0,-15.0,3.0,-22.0,
1648735137141656637,0.108703613281,0.106384277344,0.791687011719,-0.591613769531,2467.0,198.0,8128.0,-12.0,3.0,-22.0,
1648735137145843029,0.108825683594,0.10595703125,0.792541503906,-0.590576171875,2514.0,161.0,8057.0,-10.0,3.0,-21.0,
1648735137150600671,0.10888671875,0.105651855469,0.793273925781,-0.589599609375,2568.0,122.0,7976.0,-7.0,3.0,-21.0,
1648735137152463197,0.10888671875,0.105407714844,0.794006347656,-0.588684082031,2620.0,79.0,7893.0,-4.0,3.0,-20.0,
1648735137157281637,0.108764648438,0.105285644531,0.794677734375,-0.587829589844,2667.0,37.0,7816.0,-2.0,4.0,-19.0,
1648735137158539533,0.108642578125,0.105224609375,0.795349121094,-0.586975097656,2715.0,12.0,7768.0,-1.0,4.0,-19.0,
1648735137160081148,0.108459472656,0.105163574219,0.796020507812,-0.586120605469,2748.0,2.0,7745.0,0.0,5.0,-18.0,
1648735137161162137,0.10791015625,0.10498046875,0.797241210938,-0.584533691406,2732.0,58.0,7771.0,-1.0,5.0,-17.0,
1648735137165188789,0.107604980469,0.104858398438,0.7978515625,-0.583801269531,2700.0,110.0,7799.0,-1.0,5.0,-17.0,
1648735137171190023,0.107299804688,0.104675292969,0.798461914062,-0.5830078125,2657.0,180.0,7857.0,-3.0,5.0,-16.0,
1648735137174255609,0.107055664062,0.104431152344,0.799072265625,-0.582275390625,2619.0,262.0,7931.0,-5.0,5.0,-15.0,
1648735137179495096,0.10693359375,0.104064941406,0.799682617188,-0.581604003906,2566.0,348.0,8013.0,-7.0,4.0,-15.0,
1648735137183893918,0.106811523438,0.103576660156,0.800231933594,-0.580871582031,2522.0,425.0,8090.0,-10.0,4.0,-14.0,
1648735137187430620,0.106811523438,0.10302734375,0.800842285156,-0.580200195312,2496.0,487.0,8151.0,-12.0,4.0,-13.0,
1648735137195446014,0.10693359375,0.102355957031,0.801391601562,-0.579528808594,2484.0,527.0,8216.0,-13.0,3.0,-13.0,
1648735137199865102,0.107055664062,0.101684570312,0.801940917969,-0.578857421875,2478.0,537.0,8280.0,-15.0,3.0,-12.0,
1648735137204069375,0.107299804688,0.100952148438,0.802429199219,-0.578247070312,2486.0,490.0,8321.0,-15.0,3.0,-12.0,
1648735137208939790,0.107543945312,0.100219726562,0.802917480469,-0.57763671875,2492.0,384.0,8356.0,-14.0,3.0,-12.0,
1648735137212334871,0.107788085938,0.0994873046875,0.803405761719,-0.577026367188,2492.0,255.0,8384.0,-12.0,3.0,-12.0,
1648735137220869064,0.108032226562,0.098876953125,0.803894042969,-0.576477050781,2486.0,150.0,8391.0,-9.0,2.0,-12.0,
1648735137225475072,0.108154296875,0.0984497070312,0.804321289062,-0.575927734375,2471.0,101.0,8387.0,-7.0,1.0,-11.0,
1648735137230957746,0.108276367188,0.0982055664062,0.8046875,-0.575439453125,2468.0,116.0,8365.0,-4.0,0.0,-10.0,
1648735137234302520,0.108337402344,0.0980834960938,0.804992675781,-0.574951171875,2485.0,181.0,8314.0,-4.0,-1.0,-10.0,
1648735137239091873,0.1083984375,0.0980224609375,0.805358886719,-0.574462890625,2510.0,273.0,8275.0,-4.0,-1.0,-9.0,
1648735137241301774,0.108581542969,0.0979614257812,0.8056640625,-0.573974609375,2528.0,356.0,8239.0,-6.0,-1.0,-9.0,
1648735137256014585,0.108764648438,0.0977783203125,0.806030273438,-0.573486328125,2536.0,410.0,8230.0,-8.0,-1.0,-9.0,
1648735137264891862,0.10986328125,0.096435546875,0.807189941406,-0.571899414062,2556.0,353.0,8261.0,-14.0,-1.0,-10.0,
1648735137271368503,0.110412597656,0.0957641601562,0.8076171875,-0.571350097656,2554.0,294.0,8324.0,-15.0,-1.0,-10.0,
1648735137277840137,0.110961914062,0.0950927734375,0.807983398438,-0.570739746094,2539.0,239.0,8390.0,-15.0,-2.0,-10.0,
1648735137280805587,0.111450195312,0.0944213867188,0.808410644531,-0.570190429688,2519.0,202.0,8448.0,-14.0,-2.0,-10.0,
1648735137285388469,0.111938476562,0.0938720703125,0.808776855469,-0.569702148438,2505.0,203.0,8483.0,-13.0,-3.0,-9.0,
1648735137290394783,0.112365722656,0.093505859375,0.80908203125,-0.569213867188,2508.0,200.0,8489.0,-11.0,-3.0,-9.0,
1648735137294819355,0.11279296875,0.0932006835938,0.809387207031,-0.568725585938,2516.0,180.0,8521.0,-10.0,-4.0,-8.0,
1648735137298766374,0.113159179688,0.0929565429688,0.809692382812,-0.568237304688,2515.0,131.0,8550.0,-8.0,-4.0,-8.0,
1648735137302345514,0.113464355469,0.0927734375,0.809936523438,-0.56787109375,2512.0,60.0,8545.0,-6.0,-4.0,-8.0,
1648735137311542034,0.11376953125,0.0927734375,0.810180664062,-0.567443847656,2527.0,-3.0,8514.0,-3.0,-4.0,-8.0,
1648735137314080476,0.114013671875,0.0928955078125,0.810363769531,-0.567138671875,2553.0,-31.0,8455.0,0.0,-5.0,-7.0,
1648735137319447278,0.114135742188,0.0932006835938,0.810546875,-0.566833496094,2579.0,-9.0,8421.0,3.0,-5.0,-7.0,
1648735137325031995,0.1142578125,0.0936279296875,0.810668945312,-0.566589355469,2600.0,31.0,8375.0,5.0,-5.0,-6.0,
1648735137327559471,0.1142578125,0.0941772460938,0.810729980469,-0.566345214844,2611.0,68.0,8310.0,6.0,-5.0,-6.0,
1648735137335158586,0.114318847656,0.0947265625,0.810852050781,-0.566101074219,2617.0,118.0,8250.0,5.0,-5.0,-5.0,
1648735137339489459,0.114379882812,0.09521484375,0.810913085938,-0.565856933594,2639.0,188.0,8161.0,4.0,-5.0,-5.0,
1648735137344571590,0.114501953125,0.0956420898438,0.81103515625,-0.565673828125,2671.0,262.0,8080.0,2.0,-5.0,-5.0,
1648735137347774028,0.114624023438,0.0960083007812,0.811157226562,-0.5654296875,2711.0,306.0,7994.0,1.0,-4.0,-5.0,
1648735137355376243,0.114868164062,0.0962524414062,0.811218261719,-0.565185546875,2742.0,321.0,7932.0,-1.0,-3.0,-5.0,
1648735137359168529,0.115112304688,0.0963134765625,0.811401367188,-0.564880371094,2742.0,314.0,7912.0,-3.0,-3.0,-5.0,
1648735137366844892,0.115356445312,0.0963134765625,0.8115234375,-0.564636230469,2728.0,285.0,7899.0,-4.0,-2.0,-5.0,
1648735137370862483,0.115539550781,0.0962524414062,0.811706542969,-0.564392089844,2705.0,258.0,7888.0,-4.0,-2.0,-5.0,
1648735137375047683,0.11572265625,0.0961303710938,0.811828613281,-0.564147949219,2671.0,249.0,7896.0,-4.0,-2.0,-5.0,
1648735137379753828,0.115966796875,0.0960693359375,0.811950683594,-0.563903808594,2648.0,279.0,7894.0,-4.0,-2.0,-4.0,
1648735137384785652,0.116149902344,0.095947265625,0.812133789062,-0.563720703125,2632.0,318.0,7881.0,-5.0,-2.0,-4.0,
1648735137388623952,0.116455078125,0.0958251953125,0.812255859375,-0.5634765625,2628.0,363.0,7873.0,-7.0,-2.0,-4.0,
1648735137395432949,0.116760253906,0.0955810546875,0.812377929688,-0.563232421875,2626.0,394.0,7891.0,-9.0,-2.0,-4.0,
1648735137401025533,0.1171875,0.09521484375,0.812561035156,-0.56298828125,2625.0,414.0,7913.0,-11.0,-2.0,-3.0,
1648735137405131340,0.117614746094,0.0947875976562,0.812683105469,-0.562744140625,2633.0,399.0,7918.0,-12.0,-2.0,-4.0,
1648735137409044504,0.118103027344,0.0943603515625,0.812866210938,-0.5625,2652.0,380.0,7923.0,-13.0,-2.0,-4.0,
1648735137414312124,0.118591308594,0.0938720703125,0.81298828125,-0.562255859375,2678.0,353.0,7919.0,-12.0,-2.0,-3.0,
1648735137418673753,0.119079589844,0.093505859375,0.813110351562,-0.56201171875,2706.0,321.0,7907.0,-11.0,-2.0,-3.0,
1648735137424823760,0.119567871094,0.0931396484375,0.813171386719,-0.561889648438,2740.0,277.0,7897.0,-10.0,-2.0,-2.0,
1648735137429103374,0.119995117188,0.0928955078125,0.813232421875,-0.561767578125,2794.0,219.0,7874.0,-8.0,-2.0,-2.0,
1648735137436462402,0.120361328125,0.0927734375,0.813293457031,-0.561645507812,2841.0,172.0,7847.0,-6.0,-2.0,-2.0,
1648735137439750194,0.120727539062,0.0926513671875,0.813293457031,-0.561584472656,2883.0,161.0,7819.0,-5.0,-2.0,-1.0,
1648735137444236278,0.12109375,0.0926513671875,0.813293457031,-0.561462402344,2911.0,180.0,7775.0,-4.0,-2.0,-1.0,
1648735137451801776,0.121337890625,0.0927124023438,0.813293457031,-0.561401367188,2925.0,187.0,7725.0,-3.0,-2.0,-1.0,
1648735137457594156,0.12158203125,0.0927124023438,0.813293457031,-0.561340332031,2940.0,193.0,7676.0,-3.0,-2.0,-1.0,
1648735137463660478,0.1220703125,0.0927124023438,0.813293457031,-0.561279296875,2957.0,219.0,7600.0,-3.0,-1.0,-1.0,
1648735137471074342,0.122314453125,0.0927124023438,0.813293457031,-0.561218261719,2965.0,232.0,7564.0,-4.0,-1.0,-1.0,
1648735137475033998,0.12255859375,0.0926513671875,0.813293457031,-0.561157226562,2975.0,232.0,7547.0,-4.0,-1.0,-1.0,
1648735137479609012,0.122802734375,0.092529296875,0.813293457031,-0.561096191406,2981.0,230.0,7554.0,-5.0,0.0,-1.0,
1648735137484219312,0.123046875,0.0924072265625,0.813354492188,-0.56103515625,2980.0,254.0,7574.0,-6.0,-1.0,-1.0,
1648735137488693475,0.123352050781,0.0922241210938,0.813354492188,-0.560974121094,2987.0,293.0,7608.0,-7.0,-1.0,-1.0,
1648735137491163730,0.123657226562,0.0919799804688,0.813415527344,-0.560852050781,2989.0,304.0,7641.0,-8.0,0.0,-1.0,
1648735137499811172,0.123901367188,0.0916748046875,0.8134765625,-0.560791015625,2969.0,281.0,7711.0,-9.0,0.0,-1.0,
1648735137505919933,0.124206542969,0.0912475585938,0.813537597656,-0.560668945312,2944.0,262.0,7803.0,-9.0,0.0,-1.0,
1648735137509858608,0.12451171875,0.0908813476562,0.813598632812,-0.560607910156,2918.0,246.0,7869.0,-9.0,0.0,-1.0,
1648735137514547109,0.124755859375,0.0905151367188,0.813598632812,-0.560546875,2892.0,248.0,7922.0,-8.0,0.0,0.0,
1648735137519269466,0.125,0.0902709960938,0.813598632812,-0.560546875,2869.0,261.0,7985.0,-7.0,-1.0,0.0,
1648735137522357463,0.125183105469,0.0900268554688,0.813598632812,-0.560546875,2860.0,271.0,7996.0,-6.0,-1.0,0.0,
1648735137526586532,0.125427246094,0.0899047851562,0.813598632812,-0.560485839844,2860.0,272.0,7984.0,-5.0,-1.0,0.0,
1648735137534350395,0.125671386719,0.08984375,0.813598632812,-0.560485839844,2875.0,255.0,7953.0,-5.0,-2.0,0.0,
1648735137539725542,0.125915527344,0.0897827148438,0.813537597656,-0.560485839844,2899.0,243.0,7886.0,-4.0,-2.0,1.0,
1648735137544755220,0.126159667969,0.0897216796875,0.813537597656,-0.560485839844,2927.0,230.0,7804.0,-4.0,-1.0,0.0,
1648735137549186229,0.126403808594,0.0897216796875,0.8134765625,-0.560546875,2952.0,215.0,7736.0,-3.0,-1.0,1.0,
1648735137552654504,0.126586914062,0.0897827148438,0.813415527344,-0.560546875,2973.0,186.0,7674.0,-2.0,-1.0,1.0,
1648735137561286211,0.126770019531,0.08984375,0.813354492188,-0.560607910156,2981.0,170.0,7629.0,-1.0,-1.0,1.0,
1648735137568876028,0.126831054688,0.0899658203125,0.813293457031,-0.560607910156,2978.0,157.0,7591.0,0.0,0.0,0.0,
1648735137570307254,0.126892089844,0.090087890625,0.813293457031,-0.560668945312,2975.0,129.0,7569.0,1.0,0.0,0.0,
1648735137576009750,0.126831054688,0.0902709960938,0.813232421875,-0.560668945312,2964.0,59.0,7582.0,2.0,0.0,0.0,
1648735137584566116,0.126770019531,0.0903930664062,0.813232421875,-0.560729980469,2949.0,-2.0,7609.0,3.0,1.0,-1.0,
1648735137586727142,0.126647949219,0.090576171875,0.813232421875,-0.560729980469,2931.0,-38.0,7649.0,5.0,0.0,-1.0,
1648735137590621709,0.126525878906,0.0908203125,0.813171386719,-0.560791015625,2899.0,-30.0,7700.0,6.0,0.0,0.0,
1648735137593792438,0.126342773438,0.0911865234375,0.813110351562,-0.560852050781,2862.0,35.0,7760.0,6.0,0.0,0.0,
1648735137596885681,0.126098632812,0.091552734375,0.813049316406,-0.560913085938,2825.0,125.0,7818.0,6.0,-1.0,0.0,
1648735137604978799,0.125854492188,0.0919799804688,0.813049316406,-0.560974121094,2788.0,212.0,7881.0,5.0,-1.0,0.0,
1648735137608547210,0.125610351562,0.0923461914062,0.81298828125,-0.560974121094,2746.0,292.0,7930.0,4.0,-1.0,0.0,
1648735137612943172,0.125366210938,0.0926513671875,0.81298828125,-0.560974121094,2709.0,349.0,7976.0,3.0,-1.0,0.0,
1648735137618119001,0.125183105469,0.0929565429688,0.81298828125,-0.56103515625,2691.0,372.0,8003.0,3.0,-1.0,0.0,
1648735137620994091,0.125061035156,0.0932006835938,0.812927246094,-0.561096191406,2681.0,368.0,8001.0,3.0,-1.0,0.0,
1648735137629365444,0.124938964844,0.093505859375,0.812866210938,-0.561096191406,2655.0,367.0,8022.0,3.0,-2.0,0.0,
1648735137635393857,0.124877929688,0.09375,0.812805175781,-0.561157226562,2649.0,389.0,8029.0,3.0,-2.0,0.0,
1648735137638433218,0.124816894531,0.0941162109375,0.812744140625,-0.561218261719,2653.0,392.0,8003.0,4.0,-3.0,1.0,
1648735137643184185,0.124755859375,0.094482421875,0.812683105469,-0.561279296875,2660.0,332.0,7981.0,4.0,-3.0,1.0,
1648735137646638631,0.124694824219,0.0947875976562,0.812561035156,-0.561340332031,2651.0,272.0,7962.0,5.0,-3.0,1.0,
1648735137655433893,0.124633789062,0.0951538085938,0.812438964844,-0.561462402344,2634.0,288.0,7951.0,6.0,-3.0,1.0,
1648735137661694526,0.124572753906,0.0956420898438,0.812316894531,-0.561645507812,2617.0,373.0,7885.0,7.0,-4.0,2.0,
1648735137668979167,0.124328613281,0.0968017578125,0.811950683594,-0.56201171875,2579.0,657.0,7849.0,4.0,-5.0,3.0,
1648735137675334930,0.124328613281,0.09716796875,0.811828613281,-0.562133789062,2545.0,764.0,7862.0,0.0,-4.0,3.0,
1648735137679729700,0.124450683594,0.0972900390625,0.811706542969,-0.562255859375,2533.0,792.0,7865.0,-3.0,-4.0,4.0,
1648735137684456110,0.124633789062,0.0972900390625,0.811584472656,-0.562438964844,2522.0,749.0,7937.0,-5.0,-3.0,4.0,
1648735137688933610,0.124816894531,0.09716796875,0.811401367188,-0.562622070312,2505.0,691.0,8023.0,-5.0,-3.0,5.0,
1648735137693321704,0.125061035156,0.0971069335938,0.811218261719,-0.562866210938,2484.0,685.0,8096.0,-4.0,-4.0,5.0,
1648735137698293685,0.125244140625,0.09716796875,0.810974121094,-0.563171386719,2496.0,686.0,8132.0,-2.0,-5.0,6.0,
1648735137701194763,0.12548828125,0.0973510742188,0.810729980469,-0.563415527344,2529.0,667.0,8178.0,-1.0,-6.0,6.0,
1648735137708937883,0.125732421875,0.0975952148438,0.810424804688,-0.563720703125,2548.0,635.0,8225.0,0.0,-6.0,7.0,
1648735137713834285,0.1259765625,0.0978393554688,0.810119628906,-0.564086914062,2550.0,621.0,8243.0,0.0,-7.0,7.0,
1648735137718382358,0.126220703125,0.09814453125,0.809814453125,-0.564453125,2554.0,635.0,8271.0,1.0,-7.0,8.0,
1648735137721398353,0.12646484375,0.0985107421875,0.809448242188,-0.564880371094,2525.0,692.0,8329.0,2.0,-8.0,9.0,
1648735137726314783,0.126647949219,0.0989379882812,0.80908203125,-0.565307617188,2485.0,729.0,8356.0,1.0,-9.0,9.0,
1648735137734182834,0.127014160156,0.0992431640625,0.808715820312,-0.565673828125,2437.0,759.0,8355.0,-1.0,-10.0,9.0,
1648735137738651037,0.127380371094,0.0994262695312,0.808349609375,-0.566040039062,2433.0,705.0,8312.0,-3.0,-10.0,9.0,
1648735137743194341,0.1279296875,0.0994873046875,0.807983398438,-0.56640625,2469.0,598.0,8247.0,-5.0,-10.0,9.0,
1648735137747189283,0.128662109375,0.0994873046875,0.8076171875,-0.566772460938,2536.0,505.0,8149.0,-5.0,-10.0,9.0,
1648735137759690046,0.12939453125,0.0995483398438,0.807250976562,-0.567138671875,2613.0,435.0,8041.0,-5.0,-10.0,9.0,
1648735137767348527,0.130920410156,0.099853515625,0.806457519531,-0.567932128906,2763.0,370.0,7903.0,-4.0,-10.0,9.0,
1648735137778530836,0.132873535156,0.100524902344,0.80517578125,-0.569152832031,2938.0,222.0,7833.0,0.0,-9.0,9.0,
1648735137784677982,0.133422851562,0.100830078125,0.804748535156,-0.569519042969,2984.0,212.0,7787.0,0.0,-9.0,9.0,
1648735137789053678,0.133911132812,0.101135253906,0.804321289062,-0.569946289062,3036.0,206.0,7753.0,0.0,-9.0,9.0,
1648735137793558835,0.134460449219,0.101440429688,0.803955078125,-0.5703125,3086.0,206.0,7727.0,0.0,-8.0,9.0,
1648735137798137664,0.135070800781,0.101684570312,0.803527832031,-0.570678710938,3122.0,205.0,7715.0,-2.0,-8.0,8.0,
1648735137801337003,0.135620117188,0.101867675781,0.80322265625,-0.570983886719,3146.0,179.0,7722.0,-3.0,-8.0,8.0,
1648735137807241439,0.13623046875,0.101989746094,0.802856445312,-0.571350097656,3167.0,129.0,7737.0,-3.0,-8.0,7.0,
1648735137814242601,0.136840820312,0.10205078125,0.802551269531,-0.571655273438,3187.0,82.0,7760.0,-3.0,-8.0,7.0,
1648735137818652629,0.137451171875,0.102111816406,0.802185058594,-0.571960449219,3200.0,56.0,7771.0,-3.0,-8.0,7.0,
1648735137823632955,0.138061523438,0.102233886719,0.801879882812,-0.572265625,3207.0,49.0,7772.0,-3.0,-8.0,7.0,
1648735137828069686,0.138671875,0.102355957031,0.801513671875,-0.572570800781,3230.0,35.0,7752.0,-3.0,-8.0,7.0,
1648735137831162214,0.139282226562,0.102478027344,0.801208496094,-0.572814941406,3256.0,16.0,7737.0,-3.0,-8.0,7.0,
1648735137839533090,0.139892578125,0.102600097656,0.800903320312,-0.573120117188,3291.0,4.0,7701.0,-3.0,-8.0,7.0,
1648735137843683242,0.140502929688,0.102783203125,0.800598144531,-0.573364257812,3332.0,-5.0,7663.0,-2.0,-8.0,7.0,
1648735137848173856,0.141052246094,0.102966308594,0.800231933594,-0.573608398438,3379.0,-26.0,7626.0,-1.0,-7.0,6.0,
1648735137851378679,0.1416015625,0.103271484375,0.799926757812,-0.573913574219,3426.0,-54.0,7602.0,0.0,-7.0,6.0,
1648735137859100818,0.142028808594,0.103576660156,0.799682617188,-0.574157714844,3456.0,-83.0,7578.0,2.0,-6.0,5.0,
1648735137864330053,0.142395019531,0.10400390625,0.799377441406,-0.574340820312,3478.0,-116.0,7559.0,3.0,-6.0,5.0,
1648735137870688199,0.142700195312,0.104431152344,0.799072265625,-0.574584960938,3476.0,-144.0,7560.0,5.0,-6.0,4.0,
1648735137875322818,0.142883300781,0.10498046875,0.798828125,-0.574829101562,3463.0,-169.0,7568.0,6.0,-6.0,4.0,
1648735137879950761,0.143127441406,0.105529785156,0.798583984375,-0.575012207031,3439.0,-194.0,7603.0,7.0,-6.0,3.0,
1648735137884418964,0.143249511719,0.106079101562,0.79833984375,-0.575256347656,3418.0,-199.0,7614.0,8.0,-7.0,3.0,
1648735137888917446,0.143432617188,0.106628417969,0.798095703125,-0.575378417969,3388.0,-184.0,7613.0,7.0,-7.0,3.0,
1648735137893798589,0.143676757812,0.107177734375,0.7978515625,-0.575561523438,3361.0,-175.0,7615.0,6.0,-7.0,2.0,
1648735137898257493,0.143920898438,0.107604980469,0.797668457031,-0.575622558594,3343.0,-183.0,7629.0,4.0,-7.0,2.0,
1648735137901722431,0.144165039062,0.107971191406,0.797485351562,-0.575744628906,3329.0,-187.0,7639.0,3.0,-7.0,2.0,
1648735137906071662,0.144470214844,0.108276367188,0.79736328125,-0.575866699219,3317.0,-180.0,7669.0,2.0,-6.0,2.0,
1648735137913872241,0.144775390625,0.108642578125,0.797180175781,-0.575988769531,3293.0,-134.0,7690.0,3.0,-6.0,2.0,
1648735137918643951,0.144958496094,0.109008789062,0.796997070312,-0.576110839844,3265.0,-74.0,7734.0,3.0,-6.0,2.0,
1648735137923081159,0.145080566406,0.109436035156,0.796813964844,-0.576232910156,3234.0,-15.0,7781.0,4.0,-6.0,3.0,
1648735137926338911,0.145202636719,0.10986328125,0.796630859375,-0.576416015625,3212.0,38.0,7832.0,5.0,-6.0,3.0,
1648735137931323289,0.145202636719,0.110412597656,0.79638671875,-0.576599121094,3196.0,66.0,7868.0,6.0,-6.0,3.0,
1648735137939235210,0.145263671875,0.110961914062,0.796142578125,-0.576782226562,3176.0,80.0,7907.0,7.0,-6.0,3.0,
1648735137943740367,0.145263671875,0.111511230469,0.7958984375,-0.577026367188,3156.0,97.0,7928.0,7.0,-6.0,4.0,
1648735137948353052,0.145324707031,0.112121582031,0.795654296875,-0.577270507812,3143.0,131.0,7957.0,7.0,-7.0,4.0,
1648735137951436281,0.145385742188,0.112670898438,0.795349121094,-0.577514648438,3128.0,184.0,8000.0,7.0,-7.0,4.0,
1648735137956077575,0.145446777344,0.113220214844,0.795104980469,-0.577758789062,3105.0,242.0,8059.0,6.0,-8.0,5.0,
1648735137964304208,0.145629882812,0.113708496094,0.794799804688,-0.578002929688,3067.0,314.0,8122.0,4.0,-8.0,5.0,
1648735137971009731,0.145812988281,0.114013671875,0.794555664062,-0.578247070312,3025.0,357.0,8188.0,1.0,-8.0,6.0,
1648735137975813388,0.146118164062,0.1142578125,0.794250488281,-0.578552246094,2983.0,370.0,8257.0,-1.0,-9.0,6.0,
1648735137980438470,0.146484375,0.114379882812,0.794006347656,-0.578796386719,2940.0,368.0,8326.0,-3.0,-9.0,6.0,
1648735137984999418,0.146911621094,0.114440917969,0.793701171875,-0.579040527344,2896.0,367.0,8393.0,-3.0,-10.0,7.0,
1648735137989482164,0.147399902344,0.114501953125,0.793395996094,-0.579345703125,2851.0,387.0,8470.0,-3.0,-11.0,8.0,
1648735137993849039,0.147827148438,0.114685058594,0.793029785156,-0.579711914062,2804.0,411.0,8535.0,-2.0,-11.0,8.0,
1648735137998738765,0.148254394531,0.114990234375,0.792663574219,-0.580078125,2774.0,429.0,8564.0,-1.0,-12.0,9.0,
1648735138003796815,0.148681640625,0.115295410156,0.792236328125,-0.580444335938,2745.0,448.0,8547.0,0.0,-13.0,9.0,
1648735138006506443,0.149169921875,0.11572265625,0.791748046875,-0.580871582031,2738.0,488.0,8527.0,0.0,-13.0,10.0,
1648735138010958909,0.149658203125,0.116149902344,0.791320800781,-0.581298828125,2742.0,513.0,8508.0,0.0,-14.0,10.0,
1648735138018951416,0.150207519531,0.116577148438,0.790771484375,-0.581787109375,2764.0,518.0,8478.0,0.0,-15.0,11.0,
1648735138023867607,0.150817871094,0.117004394531,0.790283203125,-0.582214355469,2808.0,525.0,8424.0,0.0,-15.0,11.0,
1648735138028004884,0.151489257812,0.117553710938,0.789733886719,-0.582702636719,2855.0,530.0,8341.0,0.0,-15.0,12.0,
1648735138031275749,0.152099609375,0.118103027344,0.789123535156,-0.583251953125,2897.0,557.0,8257.0,1.0,-15.0,13.0,
1648735138036096572,0.152709960938,0.11865234375,0.788452148438,-0.583862304688,2935.0,607.0,8152.0,2.0,-15.0,13.0,
1648735138043969631,0.1533203125,0.119323730469,0.787841796875,-0.584411621094,2965.0,669.0,8042.0,2.0,-14.0,14.0,
1648735138048527956,0.153869628906,0.119995117188,0.787109375,-0.585083007812,2996.0,716.0,7952.0,2.0,-14.0,15.0,
1648735138053273916,0.154418945312,0.12060546875,0.786437988281,-0.585754394531,3019.0,768.0,7864.0,2.0,-14.0,16.0,
1648735138056174993,0.154907226562,0.121154785156,0.785705566406,-0.586486816406,3021.0,816.0,7811.0,2.0,-13.0,17.0,
1648735138061900138,0.155395507812,0.121765136719,0.784973144531,-0.587219238281,2997.0,836.0,7794.0,2.0,-13.0,17.0,
1648735138069692611,0.15576171875,0.122253417969,0.7841796875,-0.588012695312,2959.0,828.0,7790.0,2.0,-12.0,18.0,
1648735138078158617,0.156616210938,0.123168945312,0.782592773438,-0.589721679688,2869.0,835.0,7768.0,2.0,-13.0,19.0,
1648735138082847833,0.157104492188,0.123596191406,0.781799316406,-0.590576171875,2847.0,853.0,7735.0,2.0,-13.0,19.0,
1648735138087639808,0.157592773438,0.1240234375,0.781005859375,-0.591430664062,2837.0,852.0,7698.0,0.0,-13.0,19.0,
1648735138092113494,0.158203125,0.124389648438,0.780212402344,-0.592224121094,2832.0,826.0,7664.0,-1.0,-13.0,19.0,
1648735138096758842,0.158874511719,0.124633789062,0.779418945312,-0.593017578125,2816.0,774.0,7636.0,-2.0,-13.0,19.0,
1648735138101213693,0.159545898438,0.124877929688,0.778625488281,-0.593872070312,2794.0,714.0,7605.0,-2.0,-14.0,19.0,
1648735138109007596,0.16015625,0.125183105469,0.77783203125,-0.594665527344,2786.0,663.0,7569.0,0.0,-14.0,18.0,
1648735138113812685,0.160766601562,0.125671386719,0.777038574219,-0.595458984375,2788.0,634.0,7543.0,2.0,-15.0,18.0,
1648735138118256568,0.161315917969,0.126342773438,0.776184082031,-0.596252441406,2789.0,631.0,7507.0,5.0,-15.0,18.0,
1648735138121321439,0.161743164062,0.127197265625,0.775329589844,-0.597045898438,2781.0,648.0,7483.0,8.0,-16.0,18.0,
1648735138126130104,0.161987304688,0.128173828125,0.774475097656,-0.597900390625,2770.0,679.0,7450.0,11.0,-17.0,18.0,
1648735138134296417,0.162170410156,0.12939453125,0.773620605469,-0.598754882812,2771.0,728.0,7411.0,14.0,-17.0,17.0,
1648735138139430284,0.162292480469,0.130737304688,0.772705078125,-0.599609375,2796.0,788.0,7344.0,17.0,-17.0,17.0,
1648735138143187999,0.162353515625,0.132263183594,0.771728515625,-0.600463867188,2820.0,864.0,7268.0,19.0,-18.0,17.0,
1648735138146388053,0.162414550781,0.133850097656,0.770751953125,-0.601318359375,2844.0,887.0,7189.0,20.0,-17.0,18.0,
1648735138151442766,0.162414550781,0.135437011719,0.769775390625,-0.602233886719,2854.0,907.0,7136.0,21.0,-17.0,18.0,
1648735138159332275,0.162353515625,0.137084960938,0.768737792969,-0.603210449219,2879.0,942.0,7108.0,22.0,-17.0,19.0,
1648735138163554906,0.162231445312,0.138854980469,0.767700195312,-0.604187011719,2883.0,1003.0,7076.0,24.0,-17.0,19.0,
1648735138166841030,0.161987304688,0.140686035156,0.766540527344,-0.605224609375,2886.0,1103.0,7082.0,26.0,-18.0,20.0,
1648735138172119617,0.161743164062,0.142578125,0.765441894531,-0.606323242188,2897.0,1235.0,7102.0,26.0,-18.0,21.0,
1648735138180701732,0.161437988281,0.14453125,0.764221191406,-0.607421875,2880.0,1381.0,7154.0,26.0,-18.0,22.0,
1648735138185396194,0.161010742188,0.146423339844,0.763061523438,-0.608520507812,2870.0,1511.0,7203.0,26.0,-18.0,23.0,
1648735138189885139,0.16064453125,0.148376464844,0.761840820312,-0.609741210938,2871.0,1631.0,7239.0,26.0,-18.0,24.0,
1648735138194443464,0.160278320312,0.150268554688,0.760559082031,-0.610900878906,2891.0,1720.0,7245.0,26.0,-18.0,25.0,
1648735138198748350,0.160034179688,0.152160644531,0.75927734375,-0.612182617188,2921.0,1761.0,7236.0,25.0,-18.0,26.0,
1648735138203166723,0.159790039062,0.153930664062,0.757934570312,-0.613403320312,2949.0,1760.0,7238.0,25.0,-17.0,27.0,
1648735138206479549,0.159606933594,0.155700683594,0.756530761719,-0.61474609375,2971.0,1709.0,7213.0,25.0,-17.0,28.0,
1648735138211258888,0.159423828125,0.157409667969,0.755065917969,-0.616149902344,3001.0,1652.0,7164.0,26.0,-17.0,29.0,
1648735138219095468,0.159240722656,0.1591796875,0.753540039062,-0.617614746094,3051.0,1619.0,7105.0,27.0,-17.0,30.0,
1648735138223586082,0.159118652344,0.161010742188,0.751953125,-0.619079589844,3110.0,1598.0,7039.0,28.0,-17.0,31.0,
1648735138226856470,0.158996582031,0.162841796875,0.750366210938,-0.62060546875,3161.0,1541.0,6978.0,28.0,-17.0,31.0,
1648735138231590509,0.158874511719,0.16455078125,0.748718261719,-0.622192382812,3209.0,1471.0,6936.0,27.0,-16.0,32.0,
1648735138238744258,0.158752441406,0.166259765625,0.7470703125,-0.623718261719,3277.0,1393.0,6873.0,27.0,-16.0,32.0,
1648735138244210243,0.15869140625,0.167907714844,0.745361328125,-0.625366210938,3347.0,1303.0,6778.0,27.0,-15.0,33.0,
1648735138250383377,0.158630371094,0.169494628906,0.74365234375,-0.626953125,3420.0,1246.0,6699.0,27.0,-14.0,33.0,
1648735138251764297,0.158447265625,0.171142578125,0.741882324219,-0.628662109375,3499.0,1208.0,6612.0,28.0,-13.0,34.0,
1648735138256549596,0.158264160156,0.172790527344,0.740112304688,-0.630310058594,3575.0,1171.0,6515.0,29.0,-12.0,34.0,
1648735138261946439,0.158020019531,0.174377441406,0.738342285156,-0.632019042969,3648.0,1141.0,6446.0,29.0,-10.0,35.0,
1648735138269058227,0.157592773438,0.176025390625,0.736511230469,-0.6337890625,3720.0,1090.0,6366.0,30.0,-9.0,35.0,
1648735138276389837,0.157165527344,0.177551269531,0.734680175781,-0.635620117188,3798.0,1042.0,6300.0,31.0,-8.0,36.0,
1648735138283941268,0.156188964844,0.180603027344,0.73095703125,-0.639282226562,3977.0,918.0,6155.0,32.0,-5.0,36.0,
1648735138290160179,0.155639648438,0.182067871094,0.729064941406,-0.64111328125,4061.0,836.0,6091.0,33.0,-3.0,36.0,
1648735138294857978,0.154968261719,0.183532714844,0.727233886719,-0.643005371094,4145.0,753.0,6044.0,34.0,-2.0,35.0,
1648735138299701213,0.154174804688,0.184997558594,0.725341796875,-0.644836425781,4214.0,672.0,6005.0,36.0,-1.0,35.0,
1648735138304032802,0.153381347656,0.186462402344,0.723510742188,-0.646728515625,4278.0,571.0,5959.0,37.0,1.0,34.0,
1648735138308424472,0.152404785156,0.187927246094,0.7216796875,-0.648559570312,4336.0,465.0,5922.0,38.0,2.0,33.0,
1648735138311590194,0.1513671875,0.189392089844,0.719848632812,-0.650390625,4395.0,353.0,5905.0,40.0,3.0,32.0,
1648735138316794633,0.150207519531,0.19091796875,0.718017578125,-0.652221679688,4463.0,229.0,5877.0,42.0,4.0,31.0,
1648735138327589273,0.148986816406,0.192443847656,0.716247558594,-0.653991699219,4544.0,136.0,5865.0,44.0,5.0,30.0,
1648735138328823328,0.147705078125,0.194091796875,0.714416503906,-0.655822753906,4618.0,102.0,5871.0,46.0,5.0,29.0,
1648735138333341360,0.146240234375,0.19580078125,0.712646484375,-0.657592773438,4682.0,118.0,5894.0,47.0,6.0,29.0,
1648735138336433410,0.144714355469,0.197509765625,0.710815429688,-0.659362792969,4734.0,176.0,5927.0,47.0,7.0,29.0,
1648735138342343091,0.14306640625,0.199157714844,0.709106445312,-0.661071777344,4778.0,237.0,5962.0,47.0,8.0,29.0,
1648735138349232912,0.141418457031,0.200744628906,0.707336425781,-0.662841796875,4827.0,281.0,6018.0,46.0,9.0,29.0,
1648735138353707075,0.139770507812,0.202270507812,0.705627441406,-0.66455078125,4887.0,309.0,6087.0,45.0,10.0,28.0,
1648735138356698513,0.138122558594,0.20361328125,0.703918457031,-0.666259765625,4958.0,308.0,6137.0,44.0,11.0,28.0,
1648735138361421108,0.136474609375,0.204956054688,0.702209472656,-0.66796875,5034.0,263.0,6172.0,44.0,13.0,28.0,
1648735138366049766,0.134826660156,0.206237792969,0.700561523438,-0.669677734375,5107.0,204.0,6197.0,44.0,14.0,27.0,
1648735138374182224,0.133117675781,0.207458496094,0.698913574219,-0.671325683594,5187.0,132.0,6201.0,45.0,15.0,26.0,
1648735138380647182,0.13134765625,0.208679199219,0.697326660156,-0.673034667969,5264.0,39.0,6167.0,46.0,16.0,25.0,
1648735138386435747,0.129455566406,0.210021972656,0.695678710938,-0.674621582031,5322.0,-47.0,6126.0,48.0,18.0,23.0,
1648735138390092372,0.127380371094,0.211364746094,0.694091796875,-0.67626953125,5365.0,-105.0,6086.0,51.0,19.0,22.0,
1648735138394622802,0.125122070312,0.212768554688,0.692504882812,-0.677856445312,5397.0,-115.0,6046.0,54.0,20.0,21.0,
1648735138400155544,0.122680664062,0.21435546875,0.69091796875,-0.679443359375,5433.0,-73.0,6008.0,56.0,21.0,20.0,
1648735138413776397,0.120056152344,0.216003417969,0.689331054688,-0.680969238281,5471.0,3.0,5960.0,59.0,22.0,19.0,
1648735138414173841,0.1171875,0.217834472656,0.687805175781,-0.682434082031,5504.0,84.0,5898.0,62.0,23.0,18.0,
1648735138414675235,0.114196777344,0.219604492188,0.686279296875,-0.683898925781,5528.0,175.0,5845.0,63.0,25.0,16.0,
1648735138427203178,0.111022949219,0.221374511719,0.684814453125,-0.685302734375,5545.0,289.0,5794.0,63.0,27.0,15.0,
1648735138427843809,0.107788085938,0.22314453125,0.683349609375,-0.686706542969,5557.0,421.0,5763.0,63.0,28.0,14.0,
1648735138428132772,0.104553222656,0.224792480469,0.682006835938,-0.688049316406,5565.0,574.0,5750.0,62.0,30.0,14.0,
1648735138431743144,0.101196289062,0.226257324219,0.680603027344,-0.689392089844,5575.0,693.0,5717.0,60.0,32.0,14.0,
1648735138436582088,0.0978393554688,0.227600097656,0.679260253906,-0.690795898438,5579.0,781.0,5697.0,58.0,34.0,14.0,
1648735138444409370,0.0945434570312,0.228698730469,0.677978515625,-0.692199707031,5572.0,837.0,5684.0,56.0,37.0,14.0,
1648735138449083089,0.0912475585938,0.229553222656,0.676696777344,-0.693542480469,5563.0,881.0,5695.0,53.0,39.0,14.0,
1648735138453505039,0.0880126953125,0.230224609375,0.675476074219,-0.694946289062,5544.0,932.0,5731.0,50.0,40.0,14.0,
1648735138456692218,0.0848388671875,0.230590820312,0.674377441406,-0.6962890625,5522.0,954.0,5801.0,46.0,42.0,13.0,
1648735138461276054,0.0817260742188,0.230712890625,0.67333984375,-0.697631835938,5474.0,928.0,5894.0,43.0,44.0,12.0,
1648735138466377496,0.0786743164062,0.230529785156,0.672424316406,-0.698913574219,5422.0,854.0,6002.0,39.0,46.0,11.0,
1648735138474154233,0.0757446289062,0.230041503906,0.671569824219,-0.7001953125,5368.0,724.0,6125.0,37.0,48.0,9.0,
1648735138479174613,0.07275390625,0.229431152344,0.670837402344,-0.701477050781,5303.0,540.0,6250.0,36.0,50.0,8.0,
1648735138488324642,0.066650390625,0.227783203125,0.66943359375,-0.703918457031,5143.0,131.0,6462.0,39.0,52.0,5.0,
1648735138492822647,0.0633544921875,0.22705078125,0.668762207031,-0.705078125,5070.0,49.0,6521.0,41.0,53.0,3.0,
1648735138497802019,0.0599365234375,0.226440429688,0.668090820312,-0.706237792969,4998.0,58.0,6563.0,43.0,53.0,3.0,
1648735138502500534,0.0563354492188,0.225952148438,0.66748046875,-0.707275390625,4936.0,143.0,6605.0,44.0,53.0,2.0,
1648735138506891489,0.0526733398438,0.225463867188,0.666870117188,-0.708312988281,4874.0,247.0,6655.0,45.0,54.0,1.0,
1648735138511332750,0.0488891601562,0.225036621094,0.666259765625,-0.709228515625,4815.0,348.0,6699.0,44.0,55.0,0.0,
1648735138519028663,0.0451049804688,0.224487304688,0.665771484375,-0.710144042969,4756.0,438.0,6725.0,43.0,56.0,-1.0,
1648735138523633956,0.041259765625,0.223815917969,0.665283203125,-0.711059570312,4687.0,496.0,6752.0,42.0,57.0,-2.0,
1648735138526687860,0.0374755859375,0.222961425781,0.664855957031,-0.7119140625,4619.0,516.0,6771.0,40.0,58.0,-3.0,
1648735138531759023,0.03369140625,0.221984863281,0.664489746094,-0.712707519531,4549.0,498.0,6763.0,39.0,60.0,-3.0,
1648735138536320924,0.0299072265625,0.220886230469,0.664184570312,-0.713562011719,4465.0,440.0,6749.0,38.0,62.0,-4.0,
1648735138541018486,0.026123046875,0.219543457031,0.663879394531,-0.714416503906,4386.0,346.0,6701.0,37.0,64.0,-5.0,
1648735138549812555,0.0222778320312,0.218139648438,0.66357421875,-0.715270996094,4307.0,210.0,6638.0,37.0,66.0,-5.0,
1648735138551815509,0.0183715820312,0.216491699219,0.663330078125,-0.716064453125,4218.0,52.0,6575.0,37.0,69.0,-7.0,
1648735138556564569,0.0143432617188,0.214782714844,0.663146972656,-0.716857910156,4106.0,-76.0,6515.0,37.0,71.0,-8.0,
1648735138561022758,0.0101928710938,0.212890625,0.662963867188,-0.717651367188,3970.0,-147.0,6467.0,38.0,73.0,-9.0,
1648735138569575309,0.00592041015625,0.2109375,0.662841796875,-0.718383789062,3829.0,-144.0,6428.0,38.0,75.0,-10.0,
1648735138573652267,0.00152587890625,0.208923339844,0.662780761719,-0.719055175781,3680.0,-43.0,6456.0,36.0,77.0,-11.0,
1648735138577189445,-0.0029296875,0.206787109375,0.662780761719,-0.719665527344,3512.0,153.0,6593.0,34.0,78.0,-12.0,
1648735138583908796,-0.00738525390625,0.204406738281,0.662902832031,-0.72021484375,3321.0,415.0,6823.0,30.0,79.0,-12.0,
1648735138591391086,-0.0119018554688,0.201904296875,0.6630859375,-0.720703125,3100.0,713.0,7109.0,27.0,79.0,-13.0,
1648735138592857837,-0.0164794921875,0.19921875,0.663330078125,-0.721130371094,2869.0,1021.0,7436.0,25.0,80.0,-14.0,
1648735138597543239,-0.0210571289062,0.196411132812,0.66357421875,-0.721557617188,2675.0,1330.0,7782.0,23.0,80.0,-14.0,
1648735138602986097,-0.025634765625,0.193603515625,0.663879394531,-0.721923828125,2530.0,1608.0,8096.0,22.0,80.0,-14.0,
1648735138606193780,-0.0300903320312,0.190795898438,0.664123535156,-0.722229003906,2417.0,1854.0,8374.0,21.0,79.0,-14.0,
1648735138611803531,-0.0344848632812,0.18798828125,0.664306640625,-0.722595214844,2312.0,2047.0,8596.0,20.0,79.0,-13.0,
1648735138619634151,-0.038818359375,0.185180664062,0.664489746094,-0.722961425781,2210.0,2139.0,8733.0,20.0,79.0,-13.0,
1648735138624628782,-0.0431518554688,0.182373046875,0.664611816406,-0.723327636719,2104.0,2151.0,8796.0,21.0,79.0,-13.0,
1648735138628501176,-0.04736328125,0.179565429688,0.664733886719,-0.7236328125,1988.0,2109.0,8807.0,22.0,79.0,-13.0,
1648735138632739067,-0.0516357421875,0.1767578125,0.664794921875,-0.723999023438,1886.0,2062.0,8759.0,23.0,78.0,-12.0,
1648735138638064384,-0.0558471679688,0.174011230469,0.664794921875,-0.724304199219,1798.0,2065.0,8653.0,23.0,77.0,-12.0,
1648735138641813516,-0.0599975585938,0.17138671875,0.664733886719,-0.724670410156,1718.0,2141.0,8540.0,22.0,76.0,-11.0,
1648735138650273323,-0.0641479492188,0.168762207031,0.664672851562,-0.724975585938,1660.0,2242.0,8383.0,20.0,76.0,-11.0,
1648735138654231309,-0.068115234375,0.166015625,0.664672851562,-0.725280761719,1595.0,2324.0,8212.0,16.0,77.0,-11.0,
1648735138658730268,-0.072021484375,0.1630859375,0.664733886719,-0.725524902344,1543.0,2338.0,8044.0,12.0,78.0,-12.0,
1648735138661804437,-0.07568359375,0.159851074219,0.664855957031,-0.725769042969,1485.0,2293.0,7886.0,8.0,79.0,-13.0,
1648735138666943788,-0.0792846679688,0.156372070312,0.6650390625,-0.725952148438,1429.0,2211.0,7731.0,5.0,81.0,-14.0,
1648735138671464443,-0.082763671875,0.152770996094,0.665222167969,-0.726135253906,1375.0,2114.0,7579.0,3.0,82.0,-15.0,
1648735138679390192,-0.0863037109375,0.148986816406,0.665405273438,-0.726318359375,1319.0,2019.0,7420.0,2.0,83.0,-16.0,
1648735138686742544,-0.0897827148438,0.145202636719,0.665649414062,-0.726440429688,1257.0,1911.0,7267.0,1.0,84.0,-17.0,
1648735138693686246,-0.0968017578125,0.13720703125,0.666259765625,-0.7265625,1079.0,1636.0,7008.0,1.0,87.0,-19.0,
1648735138698558807,-0.100402832031,0.133056640625,0.666625976562,-0.726501464844,936.0,1515.0,6935.0,1.0,88.0,-20.0,
1648735138706195592,-0.104064941406,0.128784179688,0.6669921875,-0.726440429688,767.0,1412.0,6875.0,0.0,89.0,-21.0,
1648735138707691431,-0.107727050781,0.124389648438,0.667358398438,-0.726318359375,584.0,1342.0,6829.0,0.0,89.0,-22.0,
1648735138711864948,-0.111511230469,0.120056152344,0.667785644531,-0.72607421875,399.0,1304.0,6796.0,1.0,89.0,-23.0,
1648735138716475248,-0.115356445312,0.11572265625,0.668273925781,-0.725769042969,236.0,1298.0,6807.0,2.0,89.0,-24.0,
1648735138721231937,-0.119201660156,0.111389160156,0.668762207031,-0.725341796875,92.0,1323.0,6859.0,2.0,88.0,-26.0,
1648735138729160785,-0.123046875,0.107116699219,0.669311523438,-0.724853515625,-73.0,1386.0,6925.0,2.0,88.0,-27.0,
1648735138733783006,-0.126892089844,0.102844238281,0.669860839844,-0.724304199219,-275.0,1483.0,6968.0,1.0,87.0,-28.0,
1648735138737258911,-0.130798339844,0.0985717773438,0.670471191406,-0.7236328125,-495.0,1563.0,6971.0,1.0,86.0,-29.0,
1648735138741871833,-0.134765625,0.0942993164062,0.671081542969,-0.722900390625,-718.0,1597.0,6943.0,2.0,86.0,-30.0,
1648735138746709346,-0.138793945312,0.0900268554688,0.671813964844,-0.722045898438,-906.0,1602.0,6891.0,2.0,85.0,-32.0,
1648735138751401424,-0.142761230469,0.0858154296875,0.672546386719,-0.721130371094,-1058.0,1596.0,6824.0,4.0,84.0,-33.0,
1648735138759083509,-0.146667480469,0.0817260742188,0.673278808594,-0.720092773438,-1175.0,1619.0,6746.0,5.0,83.0,-33.0,
1648735138763720750,-0.150634765625,0.0777587890625,0.673950195312,-0.719055175781,-1268.0,1674.0,6677.0,6.0,82.0,-34.0,
1648735138767001390,-0.154602050781,0.0739135742188,0.674682617188,-0.717956542969,-1348.0,1771.0,6606.0,6.0,81.0,-34.0,
1648735138771916151,-0.158569335938,0.0701293945312,0.675415039062,-0.716796875,-1420.0,1889.0,6531.0,5.0,81.0,-35.0,
1648735138776587724,-0.162475585938,0.0662841796875,0.676147460938,-0.715576171875,-1495.0,2010.0,6481.0,4.0,81.0,-36.0,
1648735138780958890,-0.166381835938,0.0624389648438,0.676940917969,-0.714294433594,-1569.0,2127.0,6469.0,2.0,80.0,-37.0,
1648735138786268234,-0.170043945312,0.0584106445312,0.677795410156,-0.712951660156,-1657.0,2245.0,6507.0,-1.0,80.0,-39.0,
1648735138793241739,-0.173583984375,0.0542602539062,0.678649902344,-0.711608886719,-1787.0,2391.0,6610.0,-4.0,80.0,-39.0,
1648735138798152685,-0.177062988281,0.050048828125,0.679504394531,-0.710266113281,-1982.0,2561.0,6731.0,-6.0,79.0,-39.0,
1648735138802472591,-0.180480957031,0.0457153320312,0.680297851562,-0.708862304688,-2226.0,2761.0,6862.0,-9.0,78.0,-39.0,
1648735138806849002,-0.183837890625,0.0413818359375,0.681091308594,-0.70751953125,-2480.0,2975.0,7015.0,-11.0,77.0,-39.0,
1648735138811343669,-0.187072753906,0.0369873046875,0.681884765625,-0.706176757812,-2709.0,3198.0,7191.0,-14.0,75.0,-38.0,
1648735138815899848,-0.190124511719,0.0326538085938,0.6826171875,-0.704895019531,-2914.0,3378.0,7386.0,-16.0,73.0,-37.0,
1648735138823686599,-0.192932128906,0.0282592773438,0.683288574219,-0.703674316406,-3107.0,3495.0,7584.0,-19.0,71.0,-36.0,
1648735138826970577,-0.195434570312,0.0238037109375,0.683898925781,-0.702514648438,-3297.0,3553.0,7755.0,-22.0,69.0,-35.0,
1648735138831702232,-0.197692871094,0.0193481445312,0.684509277344,-0.701416015625,-3460.0,3557.0,7886.0,-25.0,67.0,-33.0,
1648735138836213827,-0.19970703125,0.0148315429688,0.685119628906,-0.700378417969,-3584.0,3516.0,7978.0,-27.0,64.0,-33.0,
1648735138841533184,-0.201477050781,0.0103759765625,0.685729980469,-0.699340820312,-3665.0,3422.0,8045.0,-29.0,62.0,-32.0,
1648735138849500894,-0.203063964844,0.00592041015625,0.686401367188,-0.698303222656,-3712.0,3271.0,8087.0,-30.0,59.0,-33.0,
1648735138854258060,-0.204406738281,0.00152587890625,0.687072753906,-0.697265625,-3746.0,3070.0,8126.0,-31.0,57.0,-33.0,
1648735138856781482,-0.205505371094,-0.0029296875,0.687866210938,-0.696166992188,-3786.0,2837.0,8181.0,-31.0,55.0,-34.0,
1648735138861467838,-0.20654296875,-0.00726318359375,0.688659667969,-0.695007324219,-3833.0,2620.0,8202.0,-31.0,53.0,-35.0,
1648735138865922212,-0.207397460938,-0.0115356445312,0.689514160156,-0.69384765625,-3889.0,2457.0,8210.0,-31.0,50.0,-35.0,
1648735138874170303,-0.208312988281,-0.0156860351562,0.6904296875,-0.692565917969,-3944.0,2306.0,8119.0,-30.0,48.0,-36.0,
1648735138877269983,-0.209228515625,-0.0197143554688,0.69140625,-0.691223144531,-3987.0,2155.0,8037.0,-28.0,47.0,-37.0,
1648735138882159948,-0.210083007812,-0.023681640625,0.6923828125,-0.689819335938,-4023.0,1969.0,7921.0,-27.0,46.0,-39.0,
1648735138888461828,-0.210998535156,-0.027587890625,0.693481445312,-0.688354492188,-4050.0,1768.0,7831.0,-26.0,45.0,-40.0,
1648735138893531799,-0.211853027344,-0.0313720703125,0.694641113281,-0.686767578125,-4057.0,1584.0,7755.0,-23.0,43.0,-41.0,
1648735138900196552,-0.212768554688,-0.0349731445312,0.69580078125,-0.68505859375,-4063.0,1455.0,7706.0,-19.0,42.0,-42.0,
1648735138902340173,-0.213806152344,-0.038330078125,0.697021484375,-0.683349609375,-4077.0,1386.0,7664.0,-16.0,41.0,-42.0,
1648735138907476186,-0.214904785156,-0.0415649414062,0.6982421875,-0.681579589844,-4072.0,1350.0,7573.0,-14.0,41.0,-43.0,
1648735138912128686,-0.216125488281,-0.044677734375,0.699462890625,-0.679748535156,-4061.0,1327.0,7481.0,-13.0,40.0,-43.0,
1648735138916567802,-0.217407226562,-0.0476684570312,0.70068359375,-0.677917480469,-4034.0,1337.0,7392.0,-12.0,41.0,-43.0,
1648735138920814275,-0.218688964844,-0.0505981445312,0.701904296875,-0.676025390625,-3973.0,1341.0,7239.0,-11.0,41.0,-44.0,
1648735138929253339,-0.220031738281,-0.0535278320312,0.703063964844,-0.674072265625,-3938.0,1340.0,7146.0,-10.0,41.0,-44.0,
1648735138932079553,-0.221435546875,-0.0564575195312,0.704284667969,-0.672119140625,-3935.0,1314.0,7090.0,-10.0,42.0,-44.0,
1648735138937123775,-0.222839355469,-0.0595092773438,0.705505371094,-0.670166015625,-3952.0,1291.0,7035.0,-10.0,43.0,-45.0,
1648735138942028284,-0.224304199219,-0.0625,0.706726074219,-0.668090820312,-3975.0,1274.0,6998.0,-9.0,44.0,-45.0,
1648735138947108745,-0.225830078125,-0.0655517578125,0.707885742188,-0.666076660156,-4008.0,1266.0,6975.0,-8.0,45.0,-45.0,
1648735138951292753,-0.227478027344,-0.0685424804688,0.708984375,-0.664001464844,-4059.0,1268.0,6976.0,-7.0,46.0,-45.0,
1648735138959337234,-0.229187011719,-0.071533203125,0.710083007812,-0.661926269531,-4140.0,1249.0,6973.0,-6.0,47.0,-44.0,
1648735138964100837,-0.231079101562,-0.0744018554688,0.711120605469,-0.659851074219,-4253.0,1235.0,6987.0,-3.0,47.0,-43.0,
1648735138966956853,-0.233154296875,-0.0772094726562,0.712158203125,-0.65771484375,-4372.0,1222.0,7003.0,0.0,47.0,-43.0,
1648735138971776723,-0.2353515625,-0.0797729492188,0.713134765625,-0.655517578125,-4498.0,1193.0,7039.0,4.0,47.0,-42.0,
1648735138976571559,-0.237731933594,-0.0821533203125,0.714111328125,-0.6533203125,-4645.0,1186.0,7149.0,9.0,47.0,-41.0,
1648735138981323242,-0.240295410156,-0.0841674804688,0.715087890625,-0.651062011719,-4782.0,1265.0,7215.0,14.0,45.0,-40.0,
1648735138992024421,-0.242980957031,-0.0859375,0.715942382812,-0.648864746094,-4873.0,1413.0,7197.0,18.0,44.0,-38.0,
1648735138994457960,-0.245727539062,-0.08740234375,0.716735839844,-0.646728515625,-4939.0,1561.0,7144.0,19.0,43.0,-36.0,
1648735139003030061,-0.251281738281,-0.0903930664062,0.71826171875,-0.642456054688,-5000.0,1685.0,7040.0,19.0,42.0,-35.0,
1648735139007441043,-0.253967285156,-0.0918579101562,0.718994140625,-0.640380859375,-5026.0,1720.0,6875.0,19.0,42.0,-34.0,
1648735139011645793,-0.256713867188,-0.0934448242188,0.719604492188,-0.638366699219,-5058.0,1776.0,6775.0,18.0,43.0,-33.0,
1648735139016621828,-0.259582519531,-0.094970703125,0.72021484375,-0.636352539062,-5100.0,1835.0,6657.0,18.0,44.0,-32.0,
1648735139022498130,-0.262451171875,-0.0965576171875,0.720642089844,-0.634399414062,-5155.0,1899.0,6521.0,18.0,45.0,-31.0,
1648735139031851768,-0.265441894531,-0.0980834960938,0.721008300781,-0.632507324219,-5234.0,2014.0,6414.0,18.0,46.0,-29.0,
1648735139032238245,-0.2685546875,-0.099609375,0.721252441406,-0.630737304688,-5308.0,2155.0,6277.0,18.0,46.0,-26.0,
1648735139036726713,-0.271667480469,-0.101013183594,0.721313476562,-0.629028320312,-5369.0,2283.0,6185.0,17.0,46.0,-24.0,
1648735139052317857,-0.274658203125,-0.102600097656,0.721374511719,-0.62744140625,-5428.0,2339.0,6130.0,14.0,46.0,-24.0,
1648735139065176486,-0.277404785156,-0.104309082031,0.721435546875,-0.625915527344,-5497.0,2323.0,6096.0,10.0,46.0,-23.0,
1648735139066043615,-0.279968261719,-0.106323242188,0.721435546875,-0.624389648438,-5555.0,2339.0,6057.0,6.0,46.0,-23.0,
1648735139066646575,-0.282348632812,-0.1083984375,0.721374511719,-0.623046875,-5574.0,2388.0,5978.0,2.0,46.0,-22.0,
1648735139067143440,-0.284606933594,-0.110656738281,0.72119140625,-0.621826171875,-5585.0,2388.0,5894.0,-3.0,46.0,-21.0,
1648735139067650794,-0.286743164062,-0.113159179688,0.720947265625,-0.620666503906,-5597.0,2306.0,5837.0,-7.0,47.0,-20.0,
1648735139072630167,-0.288696289062,-0.115905761719,0.720703125,-0.619567871094,-5608.0,2145.0,5844.0,-9.0,47.0,-20.0,
1648735139076922893,-0.290466308594,-0.11865234375,0.720458984375,-0.618408203125,-5623.0,1960.0,5886.0,-10.0,47.0,-20.0,
1648735139081656694,-0.292175292969,-0.121459960938,0.720275878906,-0.617309570312,-5669.0,1782.0,5969.0,-10.0,47.0,-20.0,
1648735139086227416,-0.293823242188,-0.124206542969,0.720153808594,-0.616149902344,-5718.0,1601.0,6055.0,-9.0,46.0,-20.0,
1648735139096773147,-0.295471191406,-0.126892089844,0.719970703125,-0.614990234375,-5779.0,1455.0,6142.0,-8.0,45.0,-20.0,
1648735139102892875,-0.298706054688,-0.131774902344,0.719848632812,-0.612609863281,-5872.0,1287.0,6343.0,-4.0,41.0,-19.0,
1648735139107439041,-0.300354003906,-0.133911132812,0.719787597656,-0.611389160156,-5917.0,1156.0,6496.0,-1.0,40.0,-19.0,
1648735139112064599,-0.301940917969,-0.135864257812,0.719848632812,-0.610107421875,-5911.0,975.0,6566.0,2.0,39.0,-19.0,
1648735139116451740,-0.303588867188,-0.137634277344,0.720031738281,-0.608642578125,-5892.0,794.0,6623.0,7.0,38.0,-20.0,
1648735139121081113,-0.305358886719,-0.139099121094,0.720275878906,-0.607177734375,-5867.0,683.0,6683.0,13.0,36.0,-20.0,
1648735139127646923,-0.307312011719,-0.140197753906,0.720581054688,-0.605529785156,-5836.0,662.0,6697.0,19.0,35.0,-20.0,
1648735139132567405,-0.309448242188,-0.140930175781,0.720947265625,-0.603881835938,-5831.0,730.0,6746.0,24.0,33.0,-20.0,
1648735139137029647,-0.311767578125,-0.141357421875,0.721252441406,-0.602172851562,-5816.0,756.0,6652.0,28.0,33.0,-20.0,
1648735139141715526,-0.314208984375,-0.141723632812,0.721618652344,-0.600402832031,-5761.0,863.0,6664.0,31.0,32.0,-19.0,
1648735139146268844,-0.316589355469,-0.141784667969,0.721984863281,-0.5986328125,-5706.0,963.0,6633.0,32.0,31.0,-20.0,
1648735139151211738,-0.319030761719,-0.141906738281,0.722412109375,-0.596862792969,-5689.0,1011.0,6650.0,32.0,31.0,-20.0,
1648735139158774375,-0.321350097656,-0.14208984375,0.722778320312,-0.595092773438,-5613.0,1105.0,6545.0,32.0,31.0,-20.0,
1648735139161881923,-0.323669433594,-0.142211914062,0.723083496094,-0.593444824219,-5518.0,1257.0,6473.0,30.0,30.0,-19.0,
1648735139166813373,-0.325866699219,-0.142395019531,0.723388671875,-0.591857910156,-5463.0,1395.0,6391.0,26.0,30.0,-19.0,
1648735139171819448,-0.328002929688,-0.142761230469,0.723571777344,-0.59033203125,-5417.0,1474.0,6383.0,22.0,30.0,-19.0,
1648735139175993919,-0.329895019531,-0.143249511719,0.723815917969,-0.588928222656,-5358.0,1557.0,6360.0,19.0,30.0,-19.0,
1648735139184253215,-0.331726074219,-0.143798828125,0.723937988281,-0.587585449219,-5355.0,1668.0,6340.0,17.0,30.0,-18.0,
1648735139189029932,-0.33349609375,-0.144409179688,0.723999023438,-0.586303710938,-5416.0,1774.0,6518.0,14.0,29.0,-17.0,
1648735139192243814,-0.335021972656,-0.145080566406,0.724060058594,-0.585205078125,-5464.0,1922.0,6746.0,12.0,28.0,-17.0,
1648735139200108051,-0.33642578125,-0.1455078125,0.72412109375,-0.584228515625,-5479.0,2065.0,6920.0,11.0,27.0,-14.0,
1648735139207761764,-0.339050292969,-0.146240234375,0.723999023438,-0.582641601562,-5429.0,2245.0,7097.0,9.0,24.0,-12.0,
1648735139212328433,-0.340270996094,-0.146667480469,0.723999023438,-0.581848144531,-5385.0,2125.0,7119.0,9.0,24.0,-11.0,
1648735139217256307,-0.341369628906,-0.147155761719,0.723999023438,-0.5810546875,-5310.0,1944.0,7102.0,10.0,23.0,-11.0,
1648735139221710920,-0.342529296875,-0.1474609375,0.724182128906,-0.580139160156,-5227.0,1827.0,7046.0,14.0,22.0,-11.0,
1648735139226189374,-0.343811035156,-0.1474609375,0.724304199219,-0.579162597656,-5151.0,1780.0,6954.0,19.0,20.0,-10.0,
1648735139230478763,-0.345275878906,-0.147155761719,0.724548339844,-0.578125,-5083.0,1762.0,6834.0,24.0,19.0,-10.0,
1648735139238845348,-0.346923828125,-0.146728515625,0.724731445312,-0.576965332031,-5028.0,1759.0,6725.0,27.0,19.0,-11.0,
1648735139242090702,-0.348571777344,-0.146118164062,0.725036621094,-0.575805664062,-5002.0,1741.0,6655.0,29.0,18.0,-11.0,
1648735139246896743,-0.350219726562,-0.145446777344,0.725341796875,-0.574584960938,-4938.0,1850.0,6627.0,30.0,17.0,-11.0,
1648735139251277208,-0.351745605469,-0.144653320312,0.7255859375,-0.573486328125,-4896.0,2034.0,6562.0,29.0,15.0,-10.0,
1648735139259330749,-0.353271484375,-0.143859863281,0.725769042969,-0.572509765625,-4927.0,2156.0,6494.0,25.0,15.0,-11.0,
1648735139263692617,-0.354614257812,-0.143432617188,0.726013183594,-0.571533203125,-4954.0,2159.0,6448.0,20.0,15.0,-12.0,
1648735139267102479,-0.355834960938,-0.143310546875,0.726196289062,-0.570556640625,-4960.0,2095.0,6376.0,17.0,16.0,-12.0,
1648735139271847963,-0.35693359375,-0.143249511719,0.726379394531,-0.569580078125,-4912.0,2047.0,6297.0,16.0,16.0,-12.0,
1648735139276633262,-0.358093261719,-0.143188476562,0.7265625,-0.568664550781,-4893.0,2083.0,6199.0,17.0,16.0,-11.0,
1648735139280756235,-0.359375,-0.142944335938,0.726684570312,-0.567810058594,-4912.0,2166.0,6092.0,18.0,16.0,-10.0,
1648735139289055824,-0.360778808594,-0.142700195312,0.726684570312,-0.566955566406,-4963.0,2200.0,5964.0,17.0,17.0,-9.0,
1648735139292341947,-0.362121582031,-0.142700195312,0.726684570312,-0.566101074219,-5003.0,2173.0,5915.0,15.0,18.0,-10.0,
1648735139299133777,-0.363403320312,-0.142822265625,0.726684570312,-0.565246582031,-5018.0,2145.0,5867.0,14.0,19.0,-9.0,
1648735139304768085,-0.364685058594,-0.142944335938,0.726623535156,-0.564453125,-5015.0,2145.0,5764.0,13.0,19.0,-8.0,
1648735139312287330,-0.367248535156,-0.143371582031,0.726257324219,-0.563171386719,-5066.0,2348.0,5644.0,9.0,20.0,-7.0,
1648735139316825151,-0.368530273438,-0.143676757812,0.725891113281,-0.562683105469,-5080.0,2414.0,5546.0,5.0,21.0,-6.0,
1648735139321627378,-0.369689941406,-0.144287109375,0.725524902344,-0.562316894531,-5074.0,2404.0,5551.0,2.0,22.0,-6.0,
1648735139326023817,-0.370666503906,-0.14501953125,0.725158691406,-0.561950683594,-5069.0,2308.0,5566.0,-1.0,23.0,-6.0,
1648735139334576129,-0.371520996094,-0.145874023438,0.724792480469,-0.561584472656,-5095.0,2171.0,5602.0,-2.0,23.0,-6.0,
1648735139338730096,-0.372375488281,-0.146789550781,0.724487304688,-0.561157226562,-5138.0,2070.0,5645.0,-1.0,23.0,-6.0,
1648735139343125343,-0.373229980469,-0.147583007812,0.724243164062,-0.560729980469,-5174.0,2018.0,5675.0,1.0,22.0,-6.0,
1648735139347506761,-0.374267578125,-0.148193359375,0.723937988281,-0.560241699219,-5210.0,1984.0,5681.0,4.0,22.0,-6.0,
1648735139352602720,-0.375305175781,-0.148742675781,0.723693847656,-0.559692382812,-5246.0,1938.0,5689.0,5.0,21.0,-6.0,
1648735139356921434,-0.376342773438,-0.149230957031,0.723510742188,-0.559143066406,-5269.0,1863.0,5687.0,7.0,21.0,-7.0,
1648735139360986948,-0.377380371094,-0.149719238281,0.723388671875,-0.558471679688,-5280.0,1782.0,5691.0,8.0,20.0,-7.0,
1648735139366045475,-0.37841796875,-0.150146484375,0.723266601562,-0.557800292969,-5304.0,1696.0,5724.0,9.0,20.0,-7.0,
1648735139374142169,-0.379455566406,-0.150512695312,0.723266601562,-0.557006835938,-5349.0,1652.0,5774.0,11.0,19.0,-8.0,
1648735139377488851,-0.380554199219,-0.150695800781,0.723266601562,-0.556213378906,-5391.0,1657.0,5829.0,13.0,19.0,-8.0,
1648735139382300376,-0.381652832031,-0.150817871094,0.723266601562,-0.555419921875,-5425.0,1693.0,5867.0,13.0,18.0,-8.0,
1648735139386823415,-0.382751464844,-0.15087890625,0.723266601562,-0.554626464844,-5461.0,1729.0,5882.0,14.0,17.0,-8.0,
1648735139391415596,-0.383850097656,-0.15087890625,0.723266601562,-0.553894042969,-5498.0,1733.0,5904.0,14.0,17.0,-8.0,
1648735139396424531,-0.384887695312,-0.150939941406,0.723327636719,-0.553100585938,-5527.0,1705.0,5869.0,14.0,16.0,-8.0,
1648735139401834011,-0.385925292969,-0.151062011719,0.723388671875,-0.55224609375,-5603.0,1674.0,5873.0,13.0,16.0,-9.0,
1648735139406309127,-0.386901855469,-0.151184082031,0.723449707031,-0.551452636719,-5696.0,1656.0,5955.0,13.0,15.0,-9.0,
1648735139411006212,-0.387817382812,-0.151184082031,0.723571777344,-0.550598144531,-5800.0,1684.0,6101.0,15.0,14.0,-8.0,
1648735139419246435,-0.388671875,-0.150939941406,0.723754882812,-0.549865722656,-5920.0,1838.0,6265.0,16.0,12.0,-7.0,
1648735139422395944,-0.389526367188,-0.150573730469,0.723815917969,-0.549255371094,-6035.0,2031.0,6402.0,15.0,10.0,-6.0,
1648735139428142786,-0.390258789062,-0.150146484375,0.723876953125,-0.548828125,-6130.0,2191.0,6552.0,12.0,9.0,-5.0,
1648735139431664466,-0.390808105469,-0.149780273438,0.723937988281,-0.548461914062,-6198.0,2205.0,6674.0,9.0,7.0,-4.0,
1648735139436410188,-0.39111328125,-0.149597167969,0.723999023438,-0.548156738281,-6239.0,2123.0,6794.0,7.0,6.0,-4.0,
1648735139441400766,-0.391296386719,-0.149475097656,0.724182128906,-0.5478515625,-6233.0,2024.0,6890.0,7.0,5.0,-4.0,
1648735139446388483,-0.391357421875,-0.149230957031,0.724426269531,-0.547546386719,-6192.0,1924.0,6922.0,7.0,3.0,-4.0,
1648735139452591180,-0.391418457031,-0.148986816406,0.724670410156,-0.547302246094,-6143.0,1813.0,6911.0,8.0,2.0,-3.0,
1648735139457410335,-0.391479492188,-0.148742675781,0.724914550781,-0.546936035156,-6083.0,1693.0,6899.0,9.0,1.0,-3.0,
1648735139462336301,-0.391540527344,-0.148376464844,0.725219726562,-0.546569824219,-6024.0,1594.0,6855.0,10.0,1.0,-3.0,
1648735139466564655,-0.391723632812,-0.147888183594,0.725524902344,-0.546203613281,-5977.0,1538.0,6817.0,12.0,1.0,-3.0,
1648735139471628904,-0.391906738281,-0.147338867188,0.725830078125,-0.545837402344,-5942.0,1536.0,6768.0,14.0,0.0,-3.0,
1648735139476239681,-0.392211914062,-0.146667480469,0.726135253906,-0.54541015625,-5924.0,1533.0,6704.0,15.0,0.0,-2.0,
1648735139480740070,-0.392517089844,-0.145935058594,0.726379394531,-0.544982910156,-5924.0,1522.0,6665.0,16.0,0.0,-2.0,
1648735139487799644,-0.392822265625,-0.145202636719,0.726684570312,-0.544494628906,-5919.0,1518.0,6594.0,17.0,0.0,-3.0,
1648735139492502450,-0.393249511719,-0.144470214844,0.726989746094,-0.544006347656,-5935.0,1559.0,6546.0,18.0,-1.0,-2.0,
1648735139498108863,-0.393676757812,-0.1435546875,0.727294921875,-0.543518066406,-5963.0,1645.0,6481.0,19.0,-1.0,-2.0,
1648735139503327131,-0.394165039062,-0.142639160156,0.727600097656,-0.543090820312,-5979.0,1722.0,6420.0,19.0,-2.0,-2.0,
1648735139506807088,-0.394653320312,-0.141662597656,0.727844238281,-0.542602539062,-5992.0,1796.0,6402.0,19.0,-2.0,-2.0,
1648735139511514902,-0.395141601562,-0.140625,0.728149414062,-0.542175292969,-5976.0,1833.0,6394.0,19.0,-3.0,-2.0,
1648735139516291379,-0.395568847656,-0.139526367188,0.728454589844,-0.541687011719,-5990.0,1798.0,6395.0,20.0,-3.0,-2.0,
1648735139520997285,-0.395812988281,-0.138610839844,0.728881835938,-0.541198730469,-6001.0,1794.0,6431.0,20.0,-4.0,-3.0,
1648735139525735378,-0.396179199219,-0.137451171875,0.729309082031,-0.540649414062,-5992.0,1774.0,6440.0,22.0,-5.0,-3.0,
1648735139537780046,-0.396606445312,-0.13623046875,0.729797363281,-0.5400390625,-6001.0,1798.0,6418.0,25.0,-5.0,-2.0,
1648735139538499116,-0.397094726562,-0.134765625,0.730224609375,-0.539367675781,-6038.0,1916.0,6408.0,27.0,-6.0,-1.0,
1648735139542635202,-0.397644042969,-0.133178710938,0.730651855469,-0.538818359375,-6071.0,2032.0,6352.0,27.0,-7.0,-1.0,
1648735139546582221,-0.398193359375,-0.131591796875,0.731018066406,-0.538330078125,-6083.0,2075.0,6296.0,26.0,-8.0,-1.0,
1648735139551388502,-0.398620605469,-0.130187988281,0.731384277344,-0.537780761719,-6093.0,2037.0,6291.0,25.0,-8.0,-1.0,
1648735139556228399,-0.398986816406,-0.128784179688,0.731872558594,-0.537231445312,-6095.0,1931.0,6284.0,25.0,-8.0,-1.0,
1648735139564190626,-0.399353027344,-0.127319335938,0.732421875,-0.536560058594,-6071.0,1807.0,6156.0,28.0,-8.0,-1.0,
1648735139567548513,-0.399963378906,-0.125793457031,0.732971191406,-0.535766601562,-6057.0,1676.0,6056.0,31.0,-8.0,-1.0,
1648735139572507143,-0.400573730469,-0.124145507812,0.733520507812,-0.534912109375,-6059.0,1657.0,5959.0,35.0,-9.0,-1.0,
1648735139576779127,-0.401428222656,-0.122131347656,0.734069824219,-0.533996582031,-6059.0,1677.0,5877.0,39.0,-10.0,0.0,
1648735139581686258,-0.402282714844,-0.120056152344,0.734558105469,-0.533081054688,-6078.0,1752.0,5817.0,41.0,-10.0,1.0,
1648735139586385488,-0.403259277344,-0.117858886719,0.735046386719,-0.532165527344,-6100.0,1860.0,5803.0,41.0,-10.0,1.0,
1648735139591551303,-0.404235839844,-0.115478515625,0.735534667969,-0.531311035156,-6122.0,1970.0,5800.0,42.0,-11.0,2.0,
1648735139596119403,-0.405090332031,-0.113159179688,0.735961914062,-0.530517578125,-6127.0,2072.0,5793.0,41.0,-11.0,2.0,
1648735139607248306,-0.405944824219,-0.11083984375,0.736389160156,-0.529724121094,-6124.0,2148.0,5768.0,40.0,-11.0,3.0,
1648735139612501859,-0.407470703125,-0.106262207031,0.737182617188,-0.528442382812,-6077.0,2342.0,5680.0,37.0,-13.0,4.0,
1648735139620306968,-0.408081054688,-0.104064941406,0.737487792969,-0.527954101562,-6048.0,2451.0,5619.0,34.0,-13.0,5.0,
1648735139625514745,-0.40869140625,-0.101867675781,0.737731933594,-0.527587890625,-6032.0,2544.0,5574.0,32.0,-13.0,6.0,
1648735139629747152,-0.4091796875,-0.099853515625,0.737976074219,-0.527221679688,-6027.0,2607.0,5532.0,30.0,-14.0,6.0,
1648735139634474515,-0.409606933594,-0.097900390625,0.738220214844,-0.526977539062,-6006.0,2697.0,5473.0,27.0,-14.0,7.0,
1648735139640286922,-0.409912109375,-0.095947265625,0.738342285156,-0.52685546875,-5984.0,2805.0,5404.0,25.0,-14.0,8.0,
1648735139642283439,-0.410217285156,-0.0941162109375,0.738464355469,-0.52685546875,-5961.0,2890.0,5329.0,22.0,-14.0,8.0,
1648735139647083997,-0.410461425781,-0.0924072265625,0.738525390625,-0.52685546875,-5952.0,2911.0,5255.0,19.0,-14.0,9.0,
1648735139653085231,-0.41064453125,-0.0908203125,0.738586425781,-0.526916503906,-5962.0,2868.0,5225.0,17.0,-14.0,9.0,
1648735139656384706,-0.410705566406,-0.0894775390625,0.738708496094,-0.526977539062,-5964.0,2815.0,5192.0,16.0,-14.0,8.0,
1648735139661164522,-0.41064453125,-0.088134765625,0.738830566406,-0.527038574219,-5962.0,2820.0,5161.0,14.0,-15.0,8.0,
1648735139665615558,-0.410522460938,-0.0867919921875,0.738891601562,-0.527221679688,-5964.0,2885.0,5160.0,13.0,-16.0,9.0,
1648735139672574520,-0.410339355469,-0.08544921875,0.739013671875,-0.527465820312,-5973.0,3005.0,5180.0,10.0,-17.0,9.0,
1648735139677333831,-0.409973144531,-0.0841674804688,0.739013671875,-0.527893066406,-5983.0,3109.0,5238.0,6.0,-17.0,10.0,
1648735139681951522,-0.409484863281,-0.0830078125,0.739013671875,-0.528503417969,-6005.0,3152.0,5333.0,2.0,-17.0,11.0,
1648735139686927080,-0.408752441406,-0.0820922851562,0.739013671875,-0.529174804688,-6048.0,3125.0,5479.0,-1.0,-18.0,11.0,
1648735139692517518,-0.407897949219,-0.0812377929688,0.739135742188,-0.529846191406,-6099.0,3021.0,5667.0,-3.0,-19.0,11.0,
1648735139708081960,-0.406860351562,-0.0804443359375,0.7392578125,-0.530578613281,-6152.0,2875.0,5862.0,-3.0,-21.0,12.0,
1648735139708778381,-0.405700683594,-0.0795288085938,0.739501953125,-0.531311035156,-6189.0,2768.0,6035.0,-1.0,-23.0,13.0,
1648735139709656476,-0.404479980469,-0.078369140625,0.73974609375,-0.531982421875,-6194.0,2712.0,6177.0,2.0,-25.0,14.0,
1648735139717926025,-0.402221679688,-0.0751342773438,0.740295410156,-0.533447265625,-6215.0,2746.0,6397.0,8.0,-30.0,17.0,
1648735139723180770,-0.401123046875,-0.0731811523438,0.740539550781,-0.534118652344,-6224.0,2821.0,6480.0,11.0,-32.0,18.0,
1648735139727292299,-0.400085449219,-0.0709838867188,0.740844726562,-0.534851074219,-6247.0,2899.0,6543.0,12.0,-34.0,19.0,
1648735139731900691,-0.39892578125,-0.0686645507812,0.741088867188,-0.53564453125,-6253.0,2996.0,6614.0,13.0,-36.0,19.0,
1648735139736392021,-0.397766113281,-0.0662231445312,0.741394042969,-0.536376953125,-6256.0,3095.0,6680.0,13.0,-37.0,20.0,
1648735139741071462,-0.396484375,-0.0637817382812,0.74169921875,-0.537231445312,-6237.0,3185.0,6753.0,13.0,-39.0,20.0,
1648735139747778892,-0.395080566406,-0.061279296875,0.742004394531,-0.538146972656,-6233.0,3239.0,6826.0,11.0,-41.0,21.0,
1648735139753970861,-0.393493652344,-0.058837890625,0.742370605469,-0.539123535156,-6230.0,3301.0,6922.0,10.0,-42.0,21.0,
1648735139757344961,-0.391784667969,-0.0564575195312,0.74267578125,-0.540161132812,-6240.0,3358.0,7010.0,7.0,-44.0,22.0,
1648735139761649131,-0.389892578125,-0.0540161132812,0.743041992188,-0.541259765625,-6267.0,3415.0,7107.0,5.0,-46.0,23.0,
1648735139766390085,-0.387939453125,-0.0516357421875,0.743347167969,-0.54248046875,-6313.0,3483.0,7207.0,4.0,-48.0,24.0,
1648735139771405458,-0.385864257812,-0.0491333007812,0.743713378906,-0.543701171875,-6348.0,3559.0,7307.0,3.0,-50.0,25.0,
1648735139775990724,-0.383666992188,-0.046630859375,0.744079589844,-0.544982910156,-6398.0,3627.0,7408.0,3.0,-52.0,26.0,
1648735139783052444,-0.381408691406,-0.0439453125,0.744384765625,-0.54638671875,-6439.0,3681.0,7513.0,3.0,-54.0,28.0,
1648735139787539243,-0.379028320312,-0.041259765625,0.744689941406,-0.5478515625,-6482.0,3709.0,7580.0,3.0,-56.0,29.0,
1648735139792047023,-0.376586914062,-0.0383911132812,0.744995117188,-0.54931640625,-6508.0,3716.0,7614.0,3.0,-58.0,31.0,
1648735139796840429,-0.374084472656,-0.0354614257812,0.745239257812,-0.55078125,-6531.0,3709.0,7631.0,4.0,-60.0,32.0,
1648735139802050113,-0.37158203125,-0.032470703125,0.745544433594,-0.552307128906,-6561.0,3724.0,7634.0,5.0,-62.0,33.0,
1648735139806023359,-0.368957519531,-0.029296875,0.745849609375,-0.553833007812,-6588.0,3773.0,7639.0,5.0,-65.0,34.0,
1648735139813529253,-0.366333007812,-0.0260009765625,0.74609375,-0.555480957031,-6621.0,3826.0,7634.0,5.0,-67.0,36.0,
1648735139818985939,-0.363586425781,-0.0226440429688,0.746276855469,-0.55712890625,-6657.0,3863.0,7630.0,6.0,-68.0,37.0,
1648735139823601961,-0.36083984375,-0.0192260742188,0.746459960938,-0.558776855469,-6687.0,3888.0,7621.0,6.0,-70.0,38.0,
1648735139828330993,-0.358032226562,-0.0156860351562,0.746643066406,-0.560424804688,-6700.0,3922.0,7598.0,6.0,-72.0,40.0,
1648735139833726882,-0.355224609375,-0.0120849609375,0.746765136719,-0.562133789062,-6710.0,3940.0,7554.0,7.0,-73.0,41.0,
1648735139837671518,-0.352416992188,-0.00836181640625,0.746887207031,-0.563903808594,-6713.0,3959.0,7523.0,8.0,-74.0,42.0,
1648735139842354059,-0.349548339844,-0.00457763671875,0.746948242188,-0.565612792969,-6702.0,3973.0,7479.0,9.0,-76.0,43.0,
1648735139846654176,-0.3466796875,-0.0006103515625,0.746948242188,-0.5673828125,-6692.0,4009.0,7428.0,10.0,-77.0,45.0,
1648735139851567029,-0.34375,0.00341796875,0.746887207031,-0.569213867188,-6696.0,4069.0,7358.0,11.0,-79.0,47.0,
1648735139856137514,-0.340942382812,0.00762939453125,0.746765136719,-0.570983886719,-6698.0,4142.0,7273.0,12.0,-80.0,48.0,
1648735139860572099,-0.338073730469,0.0119018554688,0.74658203125,-0.572875976562,-6705.0,4215.0,7178.0,12.0,-80.0,50.0,
1648735139867522478,-0.335205078125,0.01611328125,0.746276855469,-0.574829101562,-6709.0,4287.0,7071.0,11.0,-81.0,52.0,
1648735139872431039,-0.332275390625,0.0203857421875,0.745971679688,-0.576843261719,-6714.0,4349.0,6970.0,10.0,-82.0,54.0,
1648735139877074480,-0.329345703125,0.0247192382812,0.745544433594,-0.578857421875,-6718.0,4414.0,6902.0,9.0,-83.0,55.0,
1648735139881715536,-0.326293945312,0.0289916992188,0.745056152344,-0.580993652344,-6731.0,4480.0,6865.0,8.0,-84.0,57.0,
1648735139887100458,-0.323181152344,0.0333862304688,0.744506835938,-0.583190917969,-6771.0,4537.0,6841.0,8.0,-85.0,59.0,
1648735139891386508,-0.320068359375,0.0377197265625,0.743957519531,-0.585388183594,-6826.0,4584.0,6832.0,8.0,-86.0,60.0,
1648735139896644592,-0.31689453125,0.0421142578125,0.743286132812,-0.587646484375,-6852.0,4595.0,6815.0,8.0,-87.0,62.0,
1648735139900872707,-0.313720703125,0.046630859375,0.742553710938,-0.589965820312,-6850.0,4577.0,6782.0,9.0,-88.0,65.0,
1648735139907905340,-0.310485839844,0.05126953125,0.74169921875,-0.592346191406,-6802.0,4544.0,6750.0,11.0,-89.0,67.0,
1648735139914446115,-0.307250976562,0.0559692382812,0.740783691406,-0.5947265625,-6711.0,4524.0,6687.0,12.0,-90.0,68.0,
1648735139922680616,-0.300720214844,0.0658569335938,0.73876953125,-0.599548339844,-6484.0,4501.0,6621.0,14.0,-91.0,72.0,
1648735139927356481,-0.29736328125,0.0709838867188,0.737609863281,-0.60205078125,-6379.0,4476.0,6620.0,15.0,-92.0,74.0,
1648735139932006835,-0.294006347656,0.0761108398438,0.736450195312,-0.6044921875,-6280.0,4414.0,6652.0,16.0,-93.0,74.0,
1648735139936627388,-0.290588378906,0.081298828125,0.735229492188,-0.60693359375,-6182.0,4309.0,6699.0,17.0,-93.0,75.0,
1648735139941160202,-0.287170410156,0.0864868164062,0.734008789062,-0.609375,-6068.0,4156.0,6735.0,19.0,-94.0,75.0,
1648735139945902109,-0.283752441406,0.0917358398438,0.732727050781,-0.611694335938,-5931.0,3943.0,6758.0,22.0,-94.0,76.0,
1648735139952508211,-0.280395507812,0.0972290039062,0.7314453125,-0.613891601562,-5762.0,3689.0,6795.0,28.0,-95.0,76.0,
1648735139957323551,-0.277221679688,0.10302734375,0.730163574219,-0.615966796875,-5546.0,3405.0,6852.0,35.0,-95.0,75.0,
1648735139961966753,-0.274169921875,0.109130859375,0.728820800781,-0.617797851562,-5302.0,3121.0,6939.0,44.0,-96.0,75.0,
1648735139967412710,-0.271362304688,0.115661621094,0.727478027344,-0.619506835938,-5039.0,2882.0,7058.0,53.0,-96.0,74.0,
1648735139971653461,-0.268676757812,0.12255859375,0.726013183594,-0.621032714844,-4775.0,2745.0,7147.0,60.0,-97.0,74.0,
1648735139976498126,-0.266174316406,0.1298828125,0.724487304688,-0.622436523438,-4510.0,2728.0,7203.0,66.0,-99.0,74.0,
1648735139983807086,-0.263854980469,0.137512207031,0.722778320312,-0.623718261719,-4256.0,2835.0,7229.0,71.0,-100.0,74.0,
1648735139986069917,-0.261657714844,0.1455078125,0.721008300781,-0.624938964844,-4019.0,3047.0,7238.0,74.0,-101.0,75.0,
1648735139992574930,-0.259460449219,0.153564453125,0.719116210938,-0.626098632812,-3785.0,3336.0,7243.0,74.0,-101.0,75.0,
1648735139997440099,-0.257202148438,0.16162109375,0.717163085938,-0.627258300781,-3552.0,3683.0,7211.0,71.0,-102.0,75.0,
1648735140002196550,-0.254760742188,0.169555664062,0.715148925781,-0.62841796875,-3325.0,4029.0,7133.0,65.0,-102.0,75.0,
1648735140006761312,-0.252014160156,0.177124023438,0.713134765625,-0.629699707031,-3099.0,4309.0,7044.0,56.0,-102.0,75.0,
1648735140011256217,-0.248901367188,0.184265136719,0.711242675781,-0.631042480469,-2892.0,4476.0,6960.0,47.0,-101.0,74.0,
1648735140017715692,-0.245361328125,0.190795898438,0.709533691406,-0.632446289062,-2696.0,4532.0,6919.0,37.0,-101.0,73.0,
1648735140022635936,-0.241394042969,0.196838378906,0.707946777344,-0.633850097656,-2524.0,4529.0,6893.0,28.0,-101.0,70.0,
1648735140026974916,-0.237060546875,0.202392578125,0.706604003906,-0.63525390625,-2378.0,4495.0,6875.0,19.0,-101.0,68.0,
1648735140031804323,-0.232421875,0.207580566406,0.705383300781,-0.636657714844,-2273.0,4418.0,6859.0,12.0,-101.0,66.0,
1648735140036615133,-0.227600097656,0.21240234375,0.704284667969,-0.638000488281,-2207.0,4273.0,6829.0,6.0,-102.0,64.0,
1648735140041095256,-0.222534179688,0.216918945312,0.703430175781,-0.639221191406,-2163.0,4062.0,6798.0,2.0,-103.0,61.0,
1648735140045871257,-0.217346191406,0.221130371094,0.702697753906,-0.640319824219,-2109.0,3806.0,6764.0,-2.0,-104.0,58.0,
