1650468483297618865,0.100219726562,0.177490234375,-0.903747558594,0.376403808594,-3435.0,-2349.0,7828.0,10.0,-2.0,-6.0,
1650468483302143573,0.100402832031,0.177001953125,-0.903991699219,0.376098632812,-3428.0,-2385.0,7887.0,10.0,-3.0,-6.0,
1650468483307112455,0.100463867188,0.176513671875,-0.904235839844,0.375732421875,-3411.0,-2455.0,7953.0,10.0,-5.0,-6.0,
1650468483311997890,0.100341796875,0.175964355469,-0.904479980469,0.375366210938,-3380.0,-2537.0,8021.0,11.0,-6.0,-6.0,
1650468483318811893,0.100158691406,0.175354003906,-0.90478515625,0.375,-3345.0,-2628.0,8095.0,12.0,-8.0,-7.0,
1650468483323273658,0.0999145507812,0.174621582031,-0.905090332031,0.374633789062,-3310.0,-2717.0,8192.0,13.0,-9.0,-7.0,
1650468483328171014,0.0995483398438,0.173828125,-0.905456542969,0.374267578125,-3265.0,-2792.0,8293.0,14.0,-11.0,-7.0,
1650468483333262920,0.09912109375,0.172790527344,-0.905822753906,0.373901367188,-3215.0,-2839.0,8360.0,17.0,-13.0,-6.0,
1650468483360528707,0.0986938476562,0.171569824219,-0.90625,0.373596191406,-3156.0,-2849.0,8395.0,20.0,-14.0,-6.0,
1650468483361181497,0.0983276367188,0.169982910156,-0.906677246094,0.373413085938,-3076.0,-2808.0,8390.0,24.0,-16.0,-4.0,
1650468483361845016,0.0980224609375,0.168151855469,-0.907104492188,0.373229980469,-2968.0,-2712.0,8326.0,28.0,-17.0,-3.0,
1650468483362111091,0.0977783203125,0.166015625,-0.907531738281,0.373168945312,-2851.0,-2575.0,8205.0,31.0,-17.0,-1.0,
1650468483363045454,0.0975952148438,0.163696289062,-0.908020019531,0.373168945312,-2710.0,-2413.0,8024.0,34.0,-17.0,0.0,
1650468483363307237,0.0974731445312,0.161315917969,-0.908386230469,0.373229980469,-2547.0,-2238.0,7814.0,35.0,-16.0,1.0,
1650468483367844343,0.0975341796875,0.158874511719,-0.908813476562,0.373291015625,-2369.0,-2051.0,7560.0,36.0,-15.0,3.0,
1650468483372817993,0.09765625,0.156311035156,-0.9091796875,0.373413085938,-2190.0,-1864.0,7305.0,37.0,-13.0,4.0,
1650468483377328395,0.0978393554688,0.15380859375,-0.909545898438,0.373596191406,-2010.0,-1682.0,7072.0,37.0,-11.0,4.0,
1650468483381889581,0.09814453125,0.151428222656,-0.909851074219,0.373718261719,-1834.0,-1504.0,6869.0,36.0,-9.0,4.0,
1650468483385372638,0.0984497070312,0.149108886719,-0.91015625,0.373779296875,-1679.0,-1339.0,6698.0,34.0,-8.0,3.0,
1650468483391495704,0.0987548828125,0.147033691406,-0.910461425781,0.373840332031,-1547.0,-1219.0,6576.0,30.0,-6.0,2.0,
1650468483399711370,0.0990600585938,0.145263671875,-0.910705566406,0.373840332031,-1438.0,-1131.0,6469.0,26.0,-4.0,2.0,
1650468483403072118,0.0993041992188,0.143859863281,-0.910888671875,0.373779296875,-1369.0,-1091.0,6409.0,21.0,-2.0,0.0,
1650468483407718181,0.0994873046875,0.142822265625,-0.911071777344,0.373657226562,-1311.0,-1121.0,6409.0,15.0,-1.0,-1.0,
1650468483412888526,0.099609375,0.142150878906,-0.911254882812,0.373474121094,-1263.0,-1211.0,6466.0,11.0,1.0,-3.0,
1650468483419155120,0.0997314453125,0.141723632812,-0.911437988281,0.373168945312,-1245.0,-1390.0,6543.0,9.0,3.0,-4.0,
1650468483423836708,0.0997924804688,0.141479492188,-0.91162109375,0.372741699219,-1251.0,-1624.0,6635.0,8.0,4.0,-5.0,
1650468483428849697,0.0999145507812,0.141296386719,-0.911865234375,0.372253417969,-1264.0,-1873.0,6739.0,9.0,4.0,-6.0,
1650468483432795763,0.0999755859375,0.141052246094,-0.912109375,0.371704101562,-1282.0,-2099.0,6850.0,12.0,3.0,-7.0,
1650468483437630891,0.100036621094,0.140625,-0.912414550781,0.37109375,-1309.0,-2285.0,6968.0,15.0,2.0,-7.0,
1650468483442708492,0.100219726562,0.139953613281,-0.912719726562,0.370544433594,-1340.0,-2426.0,7085.0,19.0,2.0,-7.0,
1650468483448222637,0.100402832031,0.139038085938,-0.9130859375,0.369934082031,-1368.0,-2505.0,7208.0,23.0,1.0,-7.0,
1650468483451822280,0.100708007812,0.137817382812,-0.913513183594,0.369323730469,-1390.0,-2534.0,7295.0,27.0,0.0,-7.0,
1650468483464393615,0.10107421875,0.136413574219,-0.913940429688,0.36865234375,-1400.0,-2506.0,7330.0,30.0,1.0,-8.0,
1650468483466432809,0.101623535156,0.134765625,-0.914367675781,0.367980957031,-1410.0,-2441.0,7355.0,33.0,1.0,-8.0,
1650468483469245672,0.102233886719,0.132873535156,-0.914855957031,0.367370605469,-1419.0,-2349.0,7380.0,37.0,1.0,-7.0,
1650468483477218866,0.102905273438,0.130798339844,-0.915344238281,0.36669921875,-1429.0,-2244.0,7399.0,39.0,1.0,-7.0,
1650468483477815389,0.103576660156,0.128662109375,-0.915832519531,0.365966796875,-1437.0,-2118.0,7418.0,39.0,1.0,-8.0,
1650468483482122898,0.104309082031,0.126525878906,-0.916381835938,0.365173339844,-1464.0,-1983.0,7437.0,39.0,1.0,-10.0,
1650468483485308647,0.10498046875,0.124389648438,-0.9169921875,0.3642578125,-1520.0,-1868.0,7472.0,38.0,1.0,-12.0,
1650468483490174293,0.105712890625,0.122314453125,-0.917602539062,0.363220214844,-1605.0,-1759.0,7522.0,38.0,1.0,-14.0,
1650468483497586965,0.106506347656,0.120300292969,-0.918151855469,0.362182617188,-1701.0,-1649.0,7557.0,38.0,1.0,-14.0,
1650468483508980751,0.107299804688,0.1181640625,-0.918762207031,0.361206054688,-1793.0,-1518.0,7567.0,39.0,1.0,-14.0,
1650468483510238409,0.108154296875,0.116088867188,-0.919311523438,0.360229492188,-1872.0,-1369.0,7582.0,38.0,0.0,-13.0,
1650468483514327526,0.10888671875,0.114013671875,-0.919799804688,0.359375,-1909.0,-1189.0,7569.0,36.0,-1.0,-12.0,
1650468483519005537,0.109619140625,0.111938476562,-0.920288085938,0.358581542969,-1921.0,-1026.0,7546.0,34.0,-1.0,-11.0,
1650468483528978586,0.110290527344,0.109985351562,-0.920715332031,0.357849121094,-1917.0,-896.0,7507.0,32.0,0.0,-11.0,
1650468483529601812,0.110961914062,0.108154296875,-0.921142578125,0.357055664062,-1897.0,-809.0,7480.0,30.0,0.0,-11.0,
1650468483534403800,0.111511230469,0.106506347656,-0.921569824219,0.356262207031,-1869.0,-739.0,7454.0,29.0,0.0,-12.0,
1650468483538753747,0.112060546875,0.104858398438,-0.922058105469,0.355407714844,-1843.0,-681.0,7419.0,28.0,0.0,-12.0,
1650468483543163299,0.112609863281,0.103271484375,-0.922485351562,0.354614257812,-1833.0,-637.0,7385.0,27.0,1.0,-12.0,
1650468483553900480,0.113159179688,0.101745605469,-0.922912597656,0.353759765625,-1825.0,-610.0,7351.0,26.0,1.0,-13.0,
1650468483554621458,0.11376953125,0.100341796875,-0.923278808594,0.352844238281,-1832.0,-607.0,7328.0,25.0,2.0,-13.0,
1650468483561168670,0.114379882812,0.0989990234375,-0.923706054688,0.351989746094,-1852.0,-614.0,7305.0,25.0,3.0,-13.0,
1650468483566363811,0.115051269531,0.0975952148438,-0.924133300781,0.35107421875,-1864.0,-641.0,7305.0,26.0,3.0,-13.0,
1650468483567226886,0.115783691406,0.09619140625,-0.924499511719,0.350219726562,-1862.0,-676.0,7301.0,28.0,3.0,-12.0,
1650468483572912454,0.116516113281,0.0947265625,-0.924926757812,0.349243164062,-1868.0,-738.0,7317.0,29.0,5.0,-13.0,
1650468483576023578,0.117431640625,0.0931396484375,-0.925354003906,0.348266601562,-1894.0,-811.0,7356.0,32.0,5.0,-13.0,
1650468483580042839,0.118408203125,0.0913696289062,-0.92578125,0.347229003906,-1917.0,-875.0,7397.0,36.0,6.0,-13.0,
1650468483593783140,0.119445800781,0.08935546875,-0.926208496094,0.34619140625,-1933.0,-913.0,7420.0,41.0,6.0,-13.0,
1650468483595318555,0.120666503906,0.087158203125,-0.926696777344,0.345153808594,-1955.0,-942.0,7455.0,45.0,6.0,-13.0,
1650468483600901842,0.121948242188,0.084716796875,-0.927185058594,0.343994140625,-1985.0,-953.0,7490.0,48.0,6.0,-13.0,
1650468483605638980,0.123229980469,0.0820922851562,-0.927673339844,0.342834472656,-2026.0,-953.0,7534.0,51.0,6.0,-13.0,
1650468483608168125,0.124633789062,0.0794067382812,-0.928161621094,0.341674804688,-2072.0,-954.0,7575.0,53.0,6.0,-13.0,
1650468483613509178,0.1259765625,0.07666015625,-0.928649902344,0.340454101562,-2123.0,-953.0,7605.0,54.0,6.0,-14.0,
1650468483620107889,0.127380371094,0.07373046875,-0.929138183594,0.339233398438,-2170.0,-963.0,7638.0,56.0,5.0,-14.0,
1650468483626460313,0.130310058594,0.067626953125,-0.930114746094,0.336669921875,-2226.0,-950.0,7592.0,61.0,5.0,-14.0,
1650468483631158828,0.1318359375,0.0642700195312,-0.930603027344,0.335327148438,-2227.0,-899.0,7552.0,65.0,4.0,-14.0,
1650468483635797262,0.133361816406,0.0606689453125,-0.931091308594,0.334045410156,-2200.0,-818.0,7485.0,67.0,3.0,-13.0,
1650468483640416145,0.134887695312,0.056884765625,-0.931579589844,0.332702636719,-2164.0,-693.0,7450.0,69.0,3.0,-14.0,
1650468483646638870,0.136413574219,0.0530395507812,-0.93212890625,0.331298828125,-2108.0,-548.0,7392.0,70.0,3.0,-15.0,
1650468483654339790,0.137939453125,0.0491943359375,-0.9326171875,0.329895019531,-2038.0,-391.0,7300.0,69.0,3.0,-16.0,
1650468483659333944,0.139465332031,0.0454711914062,-0.93310546875,0.328430175781,-1977.0,-231.0,7205.0,66.0,4.0,-16.0,
1650468483662730455,0.140991210938,0.0419311523438,-0.933532714844,0.326965332031,-1943.0,-73.0,7159.0,64.0,5.0,-17.0,
1650468483667124032,0.142517089844,0.0385131835938,-0.933959960938,0.325500488281,-1900.0,62.0,7103.0,61.0,6.0,-16.0,
1650468483672659635,0.143920898438,0.0353393554688,-0.934326171875,0.324096679688,-1853.0,159.0,7045.0,57.0,6.0,-17.0,
1650468483697897672,0.145324707031,0.0325317382812,-0.934753417969,0.322692871094,-1837.0,219.0,7020.0,52.0,8.0,-18.0,
1650468483728331565,0.146728515625,0.0300903320312,-0.935119628906,0.321228027344,-1819.0,240.0,6990.0,47.0,9.0,-19.0,
1650468483729225635,0.148010253906,0.0278930664062,-0.935485839844,0.319702148438,-1822.0,232.0,7002.0,43.0,9.0,-19.0,
1650468483729974746,0.149291992188,0.0259399414062,-0.935852050781,0.318237304688,-1828.0,208.0,6985.0,40.0,10.0,-20.0,
1650468483730591773,0.150573730469,0.024169921875,-0.936218261719,0.316711425781,-1859.0,183.0,6993.0,38.0,11.0,-20.0,
1650468483730862617,0.151916503906,0.0224609375,-0.9365234375,0.315246582031,-1909.0,191.0,6996.0,38.0,12.0,-20.0,
1650468483731320619,0.153381347656,0.0206909179688,-0.936828613281,0.313781738281,-1961.0,240.0,6993.0,38.0,12.0,-19.0,
1650468483732202529,0.154846191406,0.0189819335938,-0.937072753906,0.312377929688,-2010.0,314.0,6969.0,37.0,13.0,-19.0,
1650468483732497930,0.156311035156,0.0172119140625,-0.937316894531,0.31103515625,-2063.0,419.0,6961.0,36.0,13.0,-18.0,
1650468483732994794,0.157836914062,0.0155029296875,-0.9375,0.309692382812,-2112.0,546.0,6934.0,35.0,13.0,-18.0,
1650468483733519554,0.159362792969,0.013916015625,-0.937744140625,0.308349609375,-2158.0,684.0,6914.0,33.0,14.0,-18.0,
1650468483744914770,0.162231445312,0.0111694335938,-0.938110351562,0.305725097656,-2204.0,951.0,6852.0,26.0,14.0,-19.0,
1650468483745604753,0.163635253906,0.0101928710938,-0.938354492188,0.304443359375,-2224.0,1077.0,6826.0,21.0,15.0,-20.0,
1650468483746211528,0.1650390625,0.0093994140625,-0.9384765625,0.303161621094,-2256.0,1218.0,6792.0,17.0,17.0,-20.0,
1650468483762986421,0.166442871094,0.00885009765625,-0.938659667969,0.301940917969,-2311.0,1388.0,6796.0,13.0,17.0,-20.0,
1650468483769830465,0.167663574219,0.00860595703125,-0.938781738281,0.300903320312,-2351.0,1596.0,6802.0,6.0,16.0,-19.0,
1650468483775300264,0.168640136719,0.00885009765625,-0.938903808594,0.299926757812,-2373.0,1832.0,6821.0,-4.0,15.0,-19.0,
1650468483776216506,0.169372558594,0.0098876953125,-0.939025878906,0.299072265625,-2389.0,2047.0,6812.0,-20.0,15.0,-20.0,
1650468483776848554,0.169799804688,0.0120239257812,-0.939147949219,0.29833984375,-2422.0,2208.0,6803.0,-39.0,16.0,-22.0,
1650468483777402400,0.169921875,0.0153198242188,-0.939331054688,0.297607421875,-2471.0,2294.0,6810.0,-58.0,17.0,-24.0,
1650468483781748771,0.169799804688,0.0197143554688,-0.939453125,0.297058105469,-2516.0,2261.0,6794.0,-75.0,18.0,-25.0,
1650468483787932157,0.169555664062,0.0250244140625,-0.939514160156,0.296569824219,-2567.0,2084.0,6777.0,-88.0,19.0,-25.0,
1650468483790526628,0.169067382812,0.0311279296875,-0.939575195312,0.296142578125,-2609.0,1798.0,6777.0,-97.0,20.0,-25.0,
1650468483794973611,0.168518066406,0.0374755859375,-0.939514160156,0.295776367188,-2657.0,1505.0,6776.0,-100.0,21.0,-24.0,
1650468483807647943,0.168029785156,0.0437622070312,-0.939453125,0.29541015625,-2719.0,1240.0,6817.0,-98.0,21.0,-23.0,
1650468483808014869,0.167541503906,0.0496215820312,-0.939392089844,0.295104980469,-2765.0,1004.0,6867.0,-91.0,20.0,-21.0,
1650468483810312032,0.167114257812,0.0550537109375,-0.939270019531,0.294738769531,-2816.0,756.0,6945.0,-84.0,19.0,-20.0,
1650468483821449518,0.166748046875,0.0601806640625,-0.939147949219,0.294250488281,-2863.0,464.0,7058.0,-78.0,18.0,-21.0,
1650468483825958490,0.166442871094,0.0650634765625,-0.939086914062,0.293640136719,-2916.0,119.0,7212.0,-72.0,18.0,-22.0,
1650468483832063674,0.165954589844,0.0736694335938,-0.939086914062,0.291870117188,-3047.0,-705.0,7599.0,-54.0,16.0,-24.0,
1650468483838412523,0.165832519531,0.0770874023438,-0.939147949219,0.290832519531,-3103.0,-1100.0,7793.0,-42.0,15.0,-23.0,
1650468483843169450,0.165832519531,0.0797729492188,-0.939270019531,0.289733886719,-3159.0,-1414.0,7965.0,-29.0,13.0,-21.0,
1650468483847626209,0.165954589844,0.08154296875,-0.939392089844,0.288696289062,-3202.0,-1580.0,8095.0,-15.0,11.0,-18.0,
1650468483852445363,0.166320800781,0.082275390625,-0.939575195312,0.287780761719,-3231.0,-1605.0,8179.0,0.0,9.0,-15.0,
1650468483856989383,0.166870117188,0.0820922851562,-0.939758300781,0.286926269531,-3261.0,-1491.0,8236.0,12.0,8.0,-11.0,
1650468483871876716,0.167602539062,0.0812377929688,-0.939880371094,0.286193847656,-3306.0,-1288.0,8258.0,20.0,7.0,-9.0,
1650468483872180700,0.16845703125,0.0799560546875,-0.940063476562,0.285461425781,-3349.0,-1063.0,8275.0,24.0,6.0,-8.0,
1650468483874165296,0.169311523438,0.0785522460938,-0.940307617188,0.284729003906,-3400.0,-833.0,8290.0,26.0,5.0,-9.0,
1650468483877310752,0.170104980469,0.0770874023438,-0.940490722656,0.283935546875,-3445.0,-672.0,8310.0,25.0,4.0,-10.0,
1650468483881809473,0.170837402344,0.0758056640625,-0.940734863281,0.283081054688,-3473.0,-579.0,8345.0,23.0,3.0,-11.0,
1650468483885516405,0.17138671875,0.0746459960938,-0.940979003906,0.2822265625,-3513.0,-524.0,8428.0,21.0,2.0,-12.0,
1650468483891258478,0.171813964844,0.0736083984375,-0.941223144531,0.281311035156,-3525.0,-504.0,8466.0,20.0,1.0,-12.0,
1650468483898045301,0.172119140625,0.072509765625,-0.941528320312,0.280456542969,-3509.0,-507.0,8444.0,20.0,-1.0,-12.0,
1650468483902516841,0.172424316406,0.0714111328125,-0.941833496094,0.279602050781,-3507.0,-503.0,8427.0,22.0,-2.0,-11.0,
1650468483907055377,0.172668457031,0.0701904296875,-0.942077636719,0.27880859375,-3494.0,-504.0,8384.0,22.0,-3.0,-11.0,
1650468483914666414,0.1728515625,0.0689697265625,-0.9423828125,0.277954101562,-3476.0,-499.0,8343.0,23.0,-4.0,-11.0,
1650468483921432733,0.172973632812,0.0676879882812,-0.942749023438,0.277099609375,-3463.0,-506.0,8324.0,23.0,-5.0,-11.0,
1650468483930977106,0.173034667969,0.0663452148438,-0.943054199219,0.276306152344,-3452.0,-501.0,8311.0,25.0,-6.0,-11.0,
1650468483932859897,0.173095703125,0.0648193359375,-0.943359375,0.275451660156,-3446.0,-480.0,8300.0,26.0,-7.0,-10.0,
1650468483934938907,0.173156738281,0.0631713867188,-0.943725585938,0.274719238281,-3453.0,-450.0,8317.0,28.0,-8.0,-9.0,
1650468483939263820,0.173095703125,0.0614013671875,-0.944030761719,0.273986816406,-3467.0,-408.0,8354.0,29.0,-10.0,-8.0,
1650468483945007801,0.172973632812,0.0595092773438,-0.9443359375,0.273376464844,-3488.0,-355.0,8422.0,30.0,-12.0,-7.0,
1650468483948333501,0.172729492188,0.0575561523438,-0.944702148438,0.272766113281,-3516.0,-293.0,8534.0,30.0,-14.0,-6.0,
1650468483952861547,0.17236328125,0.0555419921875,-0.945068359375,0.272216796875,-3543.0,-202.0,8665.0,30.0,-16.0,-6.0,
1650468483957326650,0.171875,0.053466796875,-0.945434570312,0.271728515625,-3562.0,-85.0,8815.0,30.0,-18.0,-5.0,
1650468483961955308,0.171264648438,0.0513305664062,-0.945739746094,0.271301269531,-3573.0,49.0,8941.0,30.0,-21.0,-4.0,
1650468483966470241,0.170532226562,0.049072265625,-0.946105957031,0.270935058594,-3567.0,218.0,9002.0,29.0,-23.0,-3.0,
1650468483969952106,0.169738769531,0.0467529296875,-0.946472167969,0.270690917969,-3591.0,430.0,9044.0,29.0,-24.0,-2.0,
1650468483974903345,0.1689453125,0.0442504882812,-0.94677734375,0.2705078125,-3608.0,622.0,9023.0,29.0,-26.0,0.0,
1650468483983218431,0.168029785156,0.041748046875,-0.947021484375,0.270446777344,-3623.0,791.0,9006.0,30.0,-28.0,1.0,
1650468483987999439,0.167114257812,0.0391235351562,-0.947326660156,0.270385742188,-3631.0,950.0,8988.0,30.0,-29.0,2.0,
1650468483992522001,0.166076660156,0.0364990234375,-0.947631835938,0.270446777344,-3625.0,1101.0,8990.0,30.0,-31.0,3.0,
1650468483996819257,0.164916992188,0.0338134765625,-0.947875976562,0.270568847656,-3610.0,1256.0,9021.0,30.0,-32.0,5.0,
1650468484000017881,0.163757324219,0.0308837890625,-0.948120117188,0.270874023438,-3591.0,1426.0,9046.0,32.0,-34.0,8.0,
1650468484004668235,0.16259765625,0.0276489257812,-0.9482421875,0.271362304688,-3565.0,1615.0,9060.0,35.0,-35.0,11.0,
1650468484013227939,0.161437988281,0.0242309570312,-0.948364257812,0.27197265625,-3531.0,1818.0,9033.0,38.0,-36.0,15.0,
1650468484017765998,0.160278320312,0.0205688476562,-0.948425292969,0.272827148438,-3498.0,2045.0,8991.0,39.0,-36.0,18.0,
1650468484022409677,0.1591796875,0.0167846679688,-0.948364257812,0.273864746094,-3450.0,2271.0,8953.0,40.0,-37.0,22.0,
1650468484030628442,0.158020019531,0.012939453125,-0.9482421875,0.275085449219,-3378.0,2493.0,8882.0,40.0,-37.0,26.0,
1650468484033913135,0.156860351562,0.009033203125,-0.948059082031,0.276550292969,-3282.0,2684.0,8812.0,39.0,-37.0,29.0,
1650468484038952112,0.155639648438,0.00518798828125,-0.947814941406,0.278259277344,-3176.0,2869.0,8777.0,38.0,-37.0,33.0,
1650468484043358325,0.154418945312,0.0013427734375,-0.947448730469,0.280151367188,-3056.0,3038.0,8732.0,37.0,-36.0,36.0,
1650468484052576780,0.153137207031,-0.00250244140625,-0.947021484375,0.282287597656,-2931.0,3159.0,8671.0,36.0,-36.0,40.0,
1650468484053850889,0.15185546875,-0.00634765625,-0.946533203125,0.284606933594,-2801.0,3236.0,8597.0,36.0,-35.0,44.0,
1650468484056297779,0.150634765625,-0.0101318359375,-0.945922851562,0.287109375,-2653.0,3278.0,8494.0,36.0,-34.0,48.0,
1650468484059894323,0.149475097656,-0.0139770507812,-0.945251464844,0.289794921875,-2497.0,3300.0,8364.0,37.0,-33.0,51.0,
1650468484068406105,0.148376464844,-0.0178833007812,-0.944458007812,0.292663574219,-2333.0,3325.0,8227.0,39.0,-32.0,54.0,
1650468484073302507,0.147338867188,-0.02197265625,-0.943603515625,0.295715332031,-2165.0,3344.0,8087.0,41.0,-31.0,58.0,
1650468484078089952,0.146362304688,-0.026123046875,-0.942626953125,0.298889160156,-1997.0,3349.0,7952.0,43.0,-29.0,61.0,
1650468484082765579,0.145568847656,-0.030517578125,-0.941589355469,0.30224609375,-1826.0,3323.0,7834.0,47.0,-27.0,65.0,
1650468484087611198,0.144897460938,-0.0350341796875,-0.940368652344,0.305725097656,-1658.0,3255.0,7725.0,51.0,-25.0,68.0,
1650468484092283964,0.144348144531,-0.039794921875,-0.939086914062,0.309326171875,-1496.0,3157.0,7617.0,56.0,-23.0,70.0,
1650468484096839189,0.14404296875,-0.0448608398438,-0.937744140625,0.31298828125,-1323.0,3034.0,7491.0,62.0,-20.0,73.0,
1650468484099841833,0.143981933594,-0.0501708984375,-0.936218261719,0.316711425781,-1143.0,2892.0,7377.0,69.0,-18.0,75.0,
1650468484108088970,0.14404296875,-0.0556640625,-0.9345703125,0.320495605469,-961.0,2743.0,7291.0,74.0,-15.0,77.0,
1650468484112707376,0.144287109375,-0.0613403320312,-0.932861328125,0.324401855469,-784.0,2609.0,7231.0,78.0,-13.0,79.0,
1650468484117442846,0.144714355469,-0.0672607421875,-0.931030273438,0.328308105469,-626.0,2492.0,7196.0,83.0,-10.0,81.0,
1650468484121901988,0.145324707031,-0.0733032226562,-0.929016113281,0.332275390625,-489.0,2417.0,7162.0,87.0,-8.0,83.0,
1650468484130475759,0.146118164062,-0.07958984375,-0.926940917969,0.336303710938,-374.0,2341.0,7124.0,91.0,-6.0,84.0,
1650468484132227659,0.147094726562,-0.0859375,-0.924743652344,0.340393066406,-270.0,2290.0,7066.0,94.0,-3.0,85.0,
1650468484139269590,0.148254394531,-0.0922241210938,-0.922424316406,0.344421386719,-176.0,2264.0,7006.0,94.0,0.0,86.0,
1650468484144008874,0.149536132812,-0.0985107421875,-0.920043945312,0.348510742188,-97.0,2262.0,6940.0,94.0,2.0,86.0,
1650468484148729562,0.150939941406,-0.104675292969,-0.917602539062,0.352600097656,-32.0,2261.0,6875.0,94.0,5.0,86.0,
1650468484152771472,0.152465820312,-0.110717773438,-0.9150390625,0.356689453125,17.0,2268.0,6816.0,93.0,7.0,86.0,
1650468484157289505,0.154052734375,-0.116577148438,-0.912414550781,0.360778808594,55.0,2283.0,6744.0,91.0,9.0,86.0,
1650468484162050724,0.155639648438,-0.122314453125,-0.909790039062,0.364868164062,68.0,2289.0,6667.0,89.0,11.0,85.0,
1650468484166625738,0.157348632812,-0.127746582031,-0.907104492188,0.368896484375,50.0,2293.0,6621.0,86.0,12.0,84.0,
1650468484171792030,0.159118652344,-0.132995605469,-0.904418945312,0.372863769531,6.0,2287.0,6614.0,83.0,13.0,82.0,
1650468484176419734,0.160827636719,-0.137878417969,-0.901794433594,0.376708984375,-44.0,2259.0,6632.0,80.0,14.0,80.0,
1650468484179580688,0.162536621094,-0.142578125,-0.899230957031,0.380432128906,-111.0,2206.0,6660.0,77.0,15.0,78.0,
1650468484187944650,0.164306640625,-0.147094726562,-0.896606445312,0.384033203125,-208.0,2121.0,6729.0,77.0,16.0,76.0,
1650468484192997455,0.166198730469,-0.151489257812,-0.89404296875,0.387451171875,-292.0,2007.0,6784.0,78.0,17.0,74.0,
1650468484197222232,0.168151855469,-0.155883789062,-0.891479492188,0.390808105469,-369.0,1892.0,6800.0,79.0,18.0,72.0,
1650468484201919078,0.170288085938,-0.16015625,-0.888916015625,0.39404296875,-460.0,1829.0,6818.0,80.0,20.0,70.0,
1650468484206456422,0.172485351562,-0.16455078125,-0.886291503906,0.397094726562,-552.0,1823.0,6833.0,82.0,20.0,68.0,
1650468484211348295,0.1748046875,-0.169067382812,-0.883605957031,0.400085449219,-646.0,1860.0,6873.0,84.0,20.0,68.0,
1650468484214354991,0.177062988281,-0.173706054688,-0.880981445312,0.403015136719,-738.0,1900.0,6942.0,86.0,19.0,67.0,
1650468484222735643,0.179321289062,-0.178344726562,-0.878295898438,0.40576171875,-813.0,1918.0,7036.0,86.0,18.0,64.0,
1650468484227908372,0.181518554688,-0.182800292969,-0.875732421875,0.408325195312,-875.0,1861.0,7135.0,86.0,18.0,61.0,
1650468484236511468,0.183776855469,-0.187072753906,-0.873291015625,0.41064453125,-928.0,1695.0,7220.0,85.0,19.0,56.0,
1650468484238759994,0.186096191406,-0.191101074219,-0.870910644531,0.412719726562,-985.0,1412.0,7304.0,85.0,20.0,52.0,
1650468484243738651,0.188598632812,-0.194885253906,-0.86865234375,0.414611816406,-1055.0,1046.0,7386.0,87.0,22.0,48.0,
1650468484247925519,0.191162109375,-0.198669433594,-0.866455078125,0.416259765625,-1137.0,670.0,7436.0,91.0,23.0,45.0,
1650468484252367734,0.194030761719,-0.202697753906,-0.864196777344,0.417724609375,-1252.0,368.0,7468.0,98.0,24.0,43.0,
1650468484256919145,0.197143554688,-0.207214355469,-0.86181640625,0.4189453125,-1375.0,209.0,7445.0,108.0,23.0,42.0,
1650468484261773109,0.200500488281,-0.212341308594,-0.859252929688,0.420043945312,-1488.0,225.0,7382.0,118.0,22.0,42.0,
1650468484266528606,0.204223632812,-0.218078613281,-0.8564453125,0.420959472656,-1601.0,394.0,7288.0,126.0,22.0,42.0,
1650468484275791168,0.208068847656,-0.224304199219,-0.853515625,0.421813964844,-1718.0,697.0,7175.0,132.0,21.0,42.0,
1650468484276250123,0.212036132812,-0.230773925781,-0.850463867188,0.422485351562,-1829.0,1098.0,7055.0,133.0,20.0,42.0,
1650468484282648563,0.216003417969,-0.237243652344,-0.847412109375,0.423034667969,-1925.0,1564.0,6935.0,131.0,19.0,39.0,
1650468484287178277,0.219787597656,-0.243469238281,-0.844482421875,0.423461914062,-2008.0,2075.0,6819.0,124.0,18.0,36.0,
1650468484292188644,0.223388671875,-0.249206542969,-0.841735839844,0.423706054688,-2088.0,2590.0,6696.0,114.0,17.0,31.0,
1650468484296323537,0.226806640625,-0.254272460938,-0.839172363281,0.423889160156,-2176.0,3061.0,6586.0,101.0,17.0,27.0,
1650468484301179885,0.229919433594,-0.258666992188,-0.8369140625,0.424011230469,-2263.0,3461.0,6509.0,88.0,17.0,23.0,
1650468484304697036,0.232788085938,-0.262329101562,-0.8349609375,0.424072265625,-2343.0,3791.0,6485.0,76.0,17.0,19.0,
1650468484313169956,0.235412597656,-0.265380859375,-0.833251953125,0.424133300781,-2413.0,4045.0,6498.0,66.0,16.0,16.0,
1650468484317409992,0.237670898438,-0.267944335938,-0.831787109375,0.424072265625,-2475.0,4235.0,6523.0,57.0,15.0,12.0,
1650468484321817636,0.239685058594,-0.269958496094,-0.830627441406,0.424011230469,-2530.0,4385.0,6569.0,49.0,14.0,9.0,
1650468484326557397,0.241516113281,-0.271606445312,-0.82958984375,0.423889160156,-2585.0,4501.0,6636.0,42.0,12.0,7.0,
1650468484333601236,0.243041992188,-0.27294921875,-0.828796386719,0.423767089844,-2632.0,4602.0,6722.0,36.0,11.0,6.0,
1650468484336693048,0.244384765625,-0.274169921875,-0.828063964844,0.423645019531,-2663.0,4694.0,6782.0,32.0,8.0,6.0,
1650468484354388713,0.245544433594,-0.275329589844,-0.827392578125,0.423522949219,-2685.0,4859.0,6788.0,30.0,6.0,6.0,
1650468484354878187,0.24658203125,-0.276550292969,-0.826721191406,0.423400878906,-2778.0,5027.0,6967.0,28.0,4.0,5.0,
1650468484355142116,0.247253417969,-0.277465820312,-0.826354980469,0.423095703125,-2815.0,5104.0,6973.0,23.0,-2.0,4.0,
1650468484367660760,0.247497558594,-0.277954101562,-0.826354980469,0.422668457031,-2928.0,5244.0,7241.0,12.0,-6.0,-2.0,
1650468484368154287,0.247314453125,-0.277770996094,-0.826843261719,0.421997070312,-2966.0,5430.0,7241.0,2.0,-11.0,-7.0,
1650468484368544101,0.247009277344,-0.277465820312,-0.827331542969,0.421325683594,-3084.0,5562.0,7419.0,-5.0,-12.0,-9.0,
1650468484370931863,0.246398925781,-0.276794433594,-0.828125,0.420654296875,-3239.0,5512.0,7671.0,-11.0,-14.0,-10.0,
1650468484375744342,0.245483398438,-0.275756835938,-0.8291015625,0.419860839844,-3352.0,5286.0,7891.0,-13.0,-19.0,-11.0,
1650468484380905628,0.244262695312,-0.274658203125,-0.830383300781,0.418823242188,-3410.0,4990.0,8116.0,-13.0,-24.0,-15.0,
1650468484384892463,0.242858886719,-0.273559570312,-0.831848144531,0.417419433594,-3402.0,4723.0,8288.0,-12.0,-29.0,-20.0,
1650468484389843702,0.241333007812,-0.272583007812,-0.833435058594,0.415771484375,-3306.0,4401.0,8410.0,-11.0,-31.0,-24.0,
1650468484397900581,0.239807128906,-0.271728515625,-0.835021972656,0.414001464844,-3176.0,4024.0,8492.0,-8.0,-32.0,-27.0,
1650468484402224540,0.23828125,-0.271179199219,-0.836608886719,0.412109375,-3009.0,3614.0,8534.0,-1.0,-33.0,-27.0,
1650468484406751394,0.236755371094,-0.271179199219,-0.838012695312,0.410095214844,-2828.0,3277.0,8529.0,9.0,-36.0,-27.0,
1650468484411253213,0.235412597656,-0.272033691406,-0.839233398438,0.407836914062,-2668.0,3092.0,8443.0,23.0,-38.0,-27.0,
1650468484416127204,0.234558105469,-0.27392578125,-0.840026855469,0.405334472656,-2537.0,3093.0,8260.0,39.0,-39.0,-26.0,
1650468484422957897,0.234130859375,-0.276733398438,-0.840515136719,0.402709960938,-2411.0,3254.0,8004.0,54.0,-39.0,-24.0,
1650468484427812576,0.234069824219,-0.280517578125,-0.840576171875,0.400024414062,-2284.0,3560.0,7695.0,66.0,-39.0,-22.0,
1650468484432446002,0.234313964844,-0.284851074219,-0.84033203125,0.397277832031,-2112.0,3948.0,7359.0,73.0,-38.0,-21.0,
1650468484439012527,0.234680175781,-0.289489746094,-0.839965820312,0.394470214844,-1954.0,4357.0,7052.0,74.0,-37.0,-22.0,
1650468484444392204,0.235046386719,-0.2939453125,-0.839721679688,0.391540527344,-1793.0,4731.0,6774.0,71.0,-36.0,-25.0,
1650468484449306964,0.235412597656,-0.298095703125,-0.839538574219,0.388488769531,-1683.0,4992.0,6556.0,67.0,-35.0,-29.0,
1650468484453109979,0.235717773438,-0.301879882812,-0.839538574219,0.385437011719,-1548.0,5128.0,6413.0,62.0,-35.0,-31.0,
1650468484457743644,0.235961914062,-0.305358886719,-0.839599609375,0.382263183594,-1443.0,5165.0,6325.0,60.0,-34.0,-33.0,
1650468484462425947,0.236267089844,-0.308715820312,-0.839782714844,0.379089355469,-1374.0,5129.0,6280.0,60.0,-33.0,-35.0,
1650468484467064857,0.236572265625,-0.312072753906,-0.839904785156,0.375793457031,-1319.0,5027.0,6251.0,63.0,-33.0,-36.0,
1650468484474363088,0.237060546875,-0.315673828125,-0.839904785156,0.372436523438,-1283.0,4897.0,6255.0,69.0,-32.0,-35.0,
1650468484476831197,0.237548828125,-0.319519042969,-0.83984375,0.369079589844,-1249.0,4779.0,6269.0,75.0,-33.0,-33.0,
1650468484481148958,0.238159179688,-0.32373046875,-0.839538574219,0.36572265625,-1223.0,4725.0,6243.0,83.0,-33.0,-31.0,
1650468484485110044,0.238830566406,-0.328369140625,-0.838989257812,0.3623046875,-1206.0,4776.0,6198.0,89.0,-33.0,-29.0,
1650468484493941307,0.239624023438,-0.333312988281,-0.838256835938,0.359008789062,-1200.0,4899.0,6146.0,93.0,-34.0,-27.0,
1650468484497826337,0.240356445312,-0.33837890625,-0.83740234375,0.355651855469,-1210.0,5081.0,6107.0,94.0,-34.0,-26.0,
1650468484502497434,0.241088867188,-0.343444824219,-0.836547851562,0.352294921875,-1214.0,5301.0,6071.0,92.0,-35.0,-26.0,
1650468484507175683,0.241760253906,-0.348205566406,-0.835815429688,0.348937988281,-1215.0,5556.0,6017.0,87.0,-35.0,-27.0,
1650468484511825084,0.242309570312,-0.352661132812,-0.835144042969,0.345581054688,-1220.0,5817.0,5941.0,80.0,-34.0,-29.0,
1650468484516300916,0.242736816406,-0.356567382812,-0.834716796875,0.342346191406,-1233.0,6022.0,5879.0,69.0,-33.0,-30.0,
1650468484521201372,0.242980957031,-0.359741210938,-0.834594726562,0.339172363281,-1274.0,6108.0,5907.0,57.0,-33.0,-32.0,
1650468484528250455,0.243041992188,-0.362365722656,-0.834716796875,0.335998535156,-1318.0,6083.0,6019.0,50.0,-34.0,-35.0,
1650468484532746076,0.243041992188,-0.364807128906,-0.835021972656,0.332702636719,-1358.0,5956.0,6167.0,49.0,-35.0,-36.0,
1650468484538878679,0.242919921875,-0.3671875,-0.835327148438,0.329284667969,-1401.0,5767.0,6326.0,52.0,-36.0,-37.0,
1650468484544596433,0.242797851562,-0.369689941406,-0.835632324219,0.325744628906,-1432.0,5571.0,6431.0,56.0,-37.0,-38.0,
1650468484549229860,0.242736816406,-0.372375488281,-0.835876464844,0.322143554688,-1471.0,5437.0,6528.0,59.0,-39.0,-38.0,
1650468484554175376,0.242614746094,-0.375427246094,-0.8359375,0.318420410156,-1511.0,5386.0,6608.0,65.0,-40.0,-37.0,
1650468484558179616,0.242431640625,-0.378723144531,-0.8359375,0.314697265625,-1534.0,5430.0,6657.0,68.0,-43.0,-36.0,
1650468484562829494,0.242065429688,-0.382080078125,-0.8359375,0.310852050781,-1532.0,5616.0,6660.0,67.0,-45.0,-36.0,
1650468484567331314,0.241638183594,-0.385437011719,-0.8359375,0.30712890625,-1546.0,5938.0,6639.0,63.0,-47.0,-35.0,
1650468484572471857,0.240966796875,-0.388549804688,-0.835998535156,0.303466796875,-1505.0,6366.0,6516.0,55.0,-48.0,-35.0,
1650468484577095270,0.240051269531,-0.391235351562,-0.836303710938,0.299987792969,-1455.0,6843.0,6365.0,43.0,-49.0,-35.0,
1650468484582691431,0.238891601562,-0.393249511719,-0.836853027344,0.296691894531,-1403.0,7266.0,6248.0,27.0,-49.0,-35.0,
1650468484586838483,0.237243652344,-0.394348144531,-0.837951660156,0.29345703125,-1340.0,7547.0,6155.0,8.0,-51.0,-38.0,
1650468484589493513,0.235229492188,-0.394348144531,-0.839538574219,0.290405273438,-1264.0,7727.0,6130.0,-11.0,-53.0,-40.0,
1650468484598201751,0.232849121094,-0.3935546875,-0.841613769531,0.287475585938,-1193.0,7795.0,6116.0,-26.0,-54.0,-42.0,
1650468484603399515,0.230285644531,-0.392028808594,-0.844055175781,0.284545898438,-1125.0,7719.0,6117.0,-38.0,-55.0,-44.0,
1650468484607518196,0.227416992188,-0.389892578125,-0.846740722656,0.281616210938,-1074.0,7537.0,6124.0,-47.0,-56.0,-45.0,
1650468484614403009,0.224548339844,-0.387451171875,-0.849609375,0.278747558594,-1026.0,7314.0,6133.0,-51.0,-57.0,-46.0,
1650468484616879940,0.221496582031,-0.384948730469,-0.852478027344,0.275817871094,-963.0,7139.0,6114.0,-53.0,-58.0,-46.0,
1650468484621551275,0.218444824219,-0.382446289062,-0.855346679688,0.272888183594,-882.0,7070.0,6074.0,-52.0,-58.0,-46.0,
1650468484624823331,0.21533203125,-0.380126953125,-0.858032226562,0.270080566406,-783.0,7065.0,6008.0,-52.0,-59.0,-44.0,
1650468484630010366,0.212097167969,-0.377807617188,-0.860717773438,0.267333984375,-678.0,7091.0,5941.0,-54.0,-59.0,-43.0,
1650468484637834787,0.208801269531,-0.375427246094,-0.863403320312,0.264709472656,-566.0,7095.0,5877.0,-57.0,-59.0,-42.0,
1650468484644539356,0.205383300781,-0.372863769531,-0.866149902344,0.262023925781,-438.0,7054.0,5826.0,-61.0,-59.0,-42.0,
1650468484649332046,0.201904296875,-0.370056152344,-0.868896484375,0.259460449219,-320.0,6955.0,5789.0,-64.0,-59.0,-42.0,
1650468484653887748,0.198425292969,-0.3671875,-0.871704101562,0.256958007812,-227.0,6803.0,5740.0,-65.0,-58.0,-42.0,
1650468484658499956,0.194946289062,-0.364318847656,-0.874389648438,0.25439453125,-149.0,6621.0,5689.0,-63.0,-58.0,-41.0,
1650468484663144350,0.191528320312,-0.361633300781,-0.877014160156,0.251892089844,-86.0,6452.0,5618.0,-60.0,-57.0,-40.0,
1650468484668206453,0.188293457031,-0.359191894531,-0.87939453125,0.249450683594,-24.0,6332.0,5529.0,-55.0,-56.0,-39.0,
1650468484673730134,0.185119628906,-0.357055664062,-0.881652832031,0.246948242188,16.0,6267.0,5463.0,-50.0,-54.0,-37.0,
1650468484680673122,0.18212890625,-0.355224609375,-0.883666992188,0.244506835938,53.0,6272.0,5386.0,-46.0,-53.0,-36.0,
1650468484688269853,0.17919921875,-0.353515625,-0.885620117188,0.242126464844,76.0,6359.0,5313.0,-43.0,-52.0,-35.0,
1650468484689257621,0.176330566406,-0.351928710938,-0.887451171875,0.239807128906,65.0,6541.0,5258.0,-43.0,-51.0,-34.0,
1650468484693113327,0.173522949219,-0.350280761719,-0.889282226562,0.237487792969,50.0,6751.0,5227.0,-46.0,-50.0,-33.0,
1650468484697252750,0.170715332031,-0.348388671875,-0.891174316406,0.2353515625,41.0,6901.0,5200.0,-51.0,-49.0,-33.0,
1650468484701665163,0.167785644531,-0.346008300781,-0.893188476562,0.233276367188,20.0,7017.0,5200.0,-59.0,-48.0,-33.0,
1650468484706091165,0.164916992188,-0.343139648438,-0.895324707031,0.231201171875,17.0,7045.0,5182.0,-67.0,-47.0,-34.0,
1650468484710858821,0.161926269531,-0.339782714844,-0.897644042969,0.229248046875,10.0,6976.0,5158.0,-75.0,-46.0,-34.0,
1650468484717848777,0.158996582031,-0.335998535156,-0.900085449219,0.227355957031,-6.0,6829.0,5132.0,-81.0,-44.0,-35.0,
1650468484722593307,0.156127929688,-0.331848144531,-0.902648925781,0.225463867188,-28.0,6651.0,5084.0,-86.0,-42.0,-35.0,
1650468484727321386,0.1533203125,-0.327392578125,-0.905151367188,0.2236328125,-62.0,6474.0,5047.0,-89.0,-40.0,-35.0,
1650468484732154369,0.150573730469,-0.322875976562,-0.907653808594,0.221862792969,-117.0,6319.0,5021.0,-90.0,-38.0,-35.0,
1650468484737459659,0.14794921875,-0.318298339844,-0.91015625,0.220153808594,-160.0,6194.0,4987.0,-91.0,-37.0,-34.0,
1650468484743731260,0.145446777344,-0.313659667969,-0.912536621094,0.218505859375,-236.0,6160.0,4963.0,-91.0,-35.0,-34.0,
1650468484750275850,0.143005371094,-0.309020996094,-0.914916992188,0.216918945312,-298.0,6134.0,4941.0,-92.0,-34.0,-33.0,
1650468484757177114,0.140625,-0.304382324219,-0.917236328125,0.21533203125,-384.0,6135.0,4946.0,-93.0,-32.0,-32.0,
1650468484757746934,0.138366699219,-0.299621582031,-0.919494628906,0.213806152344,-463.0,6078.0,4946.0,-94.0,-30.0,-32.0,
1650468484762089729,0.13623046875,-0.294799804688,-0.921691894531,0.212280273438,-538.0,5937.0,4967.0,-94.0,-29.0,-32.0,
1650468484766713142,0.134216308594,-0.290100097656,-0.923828125,0.210754394531,-613.0,5736.0,5016.0,-90.0,-27.0,-32.0,
1650468484771522998,0.13232421875,-0.285705566406,-0.925842285156,0.209167480469,-685.0,5490.0,5087.0,-82.0,-26.0,-32.0,
1650468484776204586,0.130676269531,-0.281799316406,-0.927612304688,0.207580566406,-764.0,5255.0,5151.0,-71.0,-25.0,-31.0,
1650468484781064987,0.129211425781,-0.278503417969,-0.92919921875,0.205932617188,-846.0,5083.0,5225.0,-59.0,-23.0,-30.0,
1650468484785677909,0.1279296875,-0.27587890625,-0.930480957031,0.204345703125,-911.0,4996.0,5287.0,-48.0,-22.0,-28.0,
1650468484793179035,0.126831054688,-0.273986816406,-0.931518554688,0.202819824219,-975.0,5003.0,5346.0,-37.0,-21.0,-26.0,
1650468484797440528,0.1259765625,-0.272583007812,-0.932373046875,0.201354980469,-1040.0,5067.0,5395.0,-29.0,-19.0,-24.0,
1650468484801831007,0.125183105469,-0.271606445312,-0.933044433594,0.199951171875,-1097.0,5158.0,5448.0,-23.0,-18.0,-23.0,
1650468484807980060,0.124572753906,-0.270874023438,-0.933654785156,0.198608398438,-1144.0,5271.0,5501.0,-20.0,-16.0,-22.0,
1650468484811380624,0.124084472656,-0.270202636719,-0.934204101562,0.197326660156,-1178.0,5380.0,5528.0,-18.0,-15.0,-21.0,
1650468484816061973,0.123657226562,-0.269592285156,-0.934692382812,0.196105957031,-1213.0,5486.0,5548.0,-18.0,-13.0,-20.0,
1650468484831150054,0.123352050781,-0.268920898438,-0.935119628906,0.195007324219,-1260.0,5608.0,5566.0,-19.0,-11.0,-19.0,
1650468484831803083,0.123046875,-0.26806640625,-0.935607910156,0.193969726562,-1282.0,5717.0,5571.0,-22.0,-9.0,-18.0,
1650468484832147121,0.122863769531,-0.266906738281,-0.936218261719,0.192993164062,-1349.0,5916.0,5551.0,-28.0,-8.0,-19.0,
1650468484838472366,0.122680664062,-0.265319824219,-0.936889648438,0.192077636719,-1410.0,6078.0,5530.0,-37.0,-6.0,-19.0,
1650468484842961549,0.122497558594,-0.263122558594,-0.937683105469,0.191345214844,-1452.0,6153.0,5490.0,-48.0,-4.0,-18.0,
1650468484849616527,0.122314453125,-0.260314941406,-0.938598632812,0.190734863281,-1489.0,6126.0,5438.0,-57.0,-2.0,-18.0,
1650468484854385852,0.1220703125,-0.256896972656,-0.939697265625,0.190124511719,-1528.0,6024.0,5390.0,-66.0,-1.0,-18.0,
1650468484859717369,0.121826171875,-0.252990722656,-0.940856933594,0.189697265625,-1558.0,5855.0,5364.0,-73.0,1.0,-18.0,
1650468484863293170,0.12158203125,-0.248596191406,-0.942138671875,0.189270019531,-1598.0,5641.0,5372.0,-79.0,2.0,-17.0,
1650468484870574235,0.121276855469,-0.243957519531,-0.943481445312,0.18896484375,-1633.0,5409.0,5406.0,-82.0,3.0,-16.0,
1650468484873114109,0.121032714844,-0.239135742188,-0.944763183594,0.188781738281,-1680.0,5192.0,5465.0,-83.0,4.0,-15.0,
1650468484878487110,0.120788574219,-0.234436035156,-0.945983886719,0.188598632812,-1718.0,4984.0,5539.0,-81.0,4.0,-14.0,
1650468484882555961,0.12060546875,-0.229797363281,-0.947204589844,0.1884765625,-1742.0,4779.0,5634.0,-79.0,5.0,-13.0,
1650468484886973619,0.120483398438,-0.225341796875,-0.948303222656,0.188415527344,-1767.0,4559.0,5737.0,-75.0,6.0,-12.0,
1650468484896436691,0.120422363281,-0.221069335938,-0.949340820312,0.188354492188,-1790.0,4350.0,5846.0,-71.0,6.0,-12.0,
1650468484896861791,0.120422363281,-0.216979980469,-0.950256347656,0.188232421875,-1803.0,4183.0,5936.0,-67.0,7.0,-11.0,
1650468484902693986,0.120483398438,-0.213134765625,-0.951171875,0.188110351562,-1812.0,4070.0,6033.0,-62.0,7.0,-11.0,
1650468484907243013,0.12060546875,-0.209533691406,-0.951965332031,0.188110351562,-1821.0,4003.0,6121.0,-60.0,8.0,-10.0,
1650468484911996603,0.120788574219,-0.2060546875,-0.952697753906,0.188110351562,-1827.0,3965.0,6206.0,-58.0,9.0,-9.0,
1650468484916752576,0.120971679688,-0.202514648438,-0.953430175781,0.188110351562,-1836.0,3925.0,6288.0,-59.0,10.0,-9.0,
1650468484921218156,0.121215820312,-0.198913574219,-0.954162597656,0.188110351562,-1848.0,3891.0,6362.0,-60.0,10.0,-9.0,
1650468484925839185,0.121459960938,-0.195129394531,-0.954895019531,0.188171386719,-1858.0,3870.0,6420.0,-63.0,11.0,-10.0,
1650468484932973384,0.121704101562,-0.191223144531,-0.955627441406,0.188171386719,-1867.0,3845.0,6452.0,-66.0,12.0,-10.0,
1650468484937272071,0.121948242188,-0.187072753906,-0.956420898438,0.188293457031,-1873.0,3800.0,6495.0,-69.0,12.0,-10.0,
1650468484942130088,0.122253417969,-0.182800292969,-0.957153320312,0.188415527344,-1872.0,3687.0,6535.0,-71.0,13.0,-10.0,
1650468484948341131,0.122497558594,-0.178405761719,-0.957946777344,0.1884765625,-1860.0,3490.0,6575.0,-71.0,14.0,-10.0,
1650468484953672885,0.122802734375,-0.174072265625,-0.958679199219,0.188537597656,-1838.0,3233.0,6602.0,-69.0,14.0,-10.0,
1650468484958406686,0.123168945312,-0.169799804688,-0.959411621094,0.188598632812,-1811.0,2968.0,6612.0,-65.0,15.0,-10.0,
1650468484963270664,0.12353515625,-0.165893554688,-0.960021972656,0.188720703125,-1782.0,2733.0,6603.0,-59.0,15.0,-9.0,
1650468484967665910,0.123962402344,-0.162475585938,-0.960510253906,0.188842773438,-1749.0,2535.0,6616.0,-51.0,15.0,-7.0,
1650468484972566366,0.12451171875,-0.159545898438,-0.9609375,0.189025878906,-1726.0,2354.0,6661.0,-42.0,15.0,-5.0,
1650468484977162599,0.125061035156,-0.157104492188,-0.961242675781,0.189147949219,-1710.0,2200.0,6752.0,-34.0,15.0,-4.0,
1650468484981962919,0.125671386719,-0.155151367188,-0.96142578125,0.189270019531,-1698.0,2065.0,6865.0,-25.0,14.0,-4.0,
1650468484986313581,0.126342773438,-0.153686523438,-0.961547851562,0.189331054688,-1701.0,1961.0,7002.0,-17.0,14.0,-4.0,
1650468484990952968,0.127136230469,-0.152709960938,-0.961608886719,0.189331054688,-1707.0,1912.0,7138.0,-9.0,14.0,-3.0,
1650468485008035659,0.1279296875,-0.152160644531,-0.961608886719,0.189331054688,-1711.0,1955.0,7249.0,-2.0,13.0,-2.0,
1650468485008603811,0.128723144531,-0.152038574219,-0.961486816406,0.189392089844,-1724.0,2096.0,7345.0,3.0,13.0,-1.0,
1650468485009022474,0.129577636719,-0.152221679688,-0.961364746094,0.189514160156,-1730.0,2295.0,7433.0,5.0,12.0,0.0,
1650468485021221876,0.13037109375,-0.152465820312,-0.961181640625,0.189636230469,-1736.0,2477.0,7505.0,4.0,11.0,1.0,
1650468485021873474,0.131042480469,-0.152526855469,-0.961059570312,0.189758300781,-1750.0,2672.0,7572.0,1.0,10.0,0.0,
1650468485022526741,0.131652832031,-0.15234375,-0.960998535156,0.189819335938,-1752.0,2813.0,7647.0,-4.0,9.0,-1.0,
1650468485026240348,0.132141113281,-0.15185546875,-0.960998535156,0.189880371094,-1754.0,2871.0,7736.0,-9.0,9.0,-2.0,
1650468485030848026,0.132507324219,-0.151123046875,-0.960998535156,0.18994140625,-1748.0,2832.0,7824.0,-12.0,8.0,-2.0,
1650468485037783622,0.1328125,-0.150207519531,-0.961120605469,0.190002441406,-1737.0,2723.0,7898.0,-13.0,7.0,-2.0,
1650468485042286157,0.133056640625,-0.149291992188,-0.961242675781,0.190063476562,-1709.0,2582.0,7937.0,-11.0,7.0,-2.0,
1650468485047206163,0.13330078125,-0.148559570312,-0.961303710938,0.190124511719,-1663.0,2447.0,7943.0,-7.0,6.0,-1.0,
1650468485053853988,0.133483886719,-0.148193359375,-0.961303710938,0.190246582031,-1604.0,2333.0,7933.0,-2.0,5.0,1.0,
1650468485064245462,0.133666992188,-0.148193359375,-0.961242675781,0.1904296875,-1552.0,2273.0,7917.0,4.0,5.0,3.0,
1650468485065006256,0.133911132812,-0.148559570312,-0.961059570312,0.190734863281,-1508.0,2281.0,7904.0,9.0,5.0,4.0,
1650468485067809104,0.134216308594,-0.149230957031,-0.960876464844,0.191040039062,-1484.0,2341.0,7908.0,13.0,5.0,6.0,
1650468485072244882,0.134582519531,-0.150146484375,-0.960571289062,0.19140625,-1481.0,2428.0,7923.0,16.0,5.0,7.0,
1650468485077075004,0.135009765625,-0.151245117188,-0.960266113281,0.191772460938,-1482.0,2533.0,7945.0,18.0,5.0,8.0,
1650468485081737041,0.135437011719,-0.152404785156,-0.9599609375,0.192199707031,-1474.0,2625.0,7956.0,18.0,5.0,8.0,
1650468485086518764,0.135864257812,-0.153442382812,-0.959655761719,0.192626953125,-1461.0,2707.0,7951.0,17.0,6.0,8.0,
1650468485091386318,0.136291503906,-0.154418945312,-0.959350585938,0.193054199219,-1441.0,2782.0,7943.0,16.0,6.0,8.0,
1650468485095962762,0.136657714844,-0.1552734375,-0.959045410156,0.193481445312,-1419.0,2880.0,7913.0,14.0,6.0,8.0,
1650468485100610733,0.137084960938,-0.156066894531,-0.958801269531,0.193969726562,-1407.0,2989.0,7872.0,11.0,6.0,8.0,
1650468485105311632,0.137390136719,-0.156677246094,-0.958557128906,0.194458007812,-1346.0,3109.0,7655.0,8.0,6.0,8.0,
1650468485112632751,0.137756347656,-0.1572265625,-0.958251953125,0.195068359375,-1397.0,3134.0,7646.0,4.0,7.0,8.0,
1650468485117237806,0.138000488281,-0.157348632812,-0.958129882812,0.195556640625,-1516.0,3039.0,7821.0,1.0,5.0,7.0,
1650468485122085571,0.138061523438,-0.157470703125,-0.958068847656,0.19580078125,-1600.0,2950.0,8075.0,4.0,0.0,5.0,
1650468485126578092,0.137939453125,-0.157836914062,-0.957946777344,0.195922851562,-1666.0,2932.0,8314.0,10.0,-3.0,4.0,
1650468485131505489,0.137817382812,-0.158508300781,-0.957824707031,0.196166992188,-1738.0,2983.0,8499.0,13.0,-4.0,6.0,
1650468485135933637,0.137573242188,-0.159423828125,-0.957641601562,0.196594238281,-1776.0,3085.0,8569.0,14.0,-5.0,10.0,
1650468485140703439,0.137268066406,-0.160278320312,-0.957397460938,0.197143554688,-1808.0,3221.0,8554.0,11.0,-6.0,12.0,
1650468485152675390,0.136901855469,-0.160827636719,-0.957214355469,0.197875976562,-1833.0,3360.0,8462.0,4.0,-7.0,13.0,
1650468485154515027,0.136413574219,-0.161071777344,-0.957092285156,0.198547363281,-1858.0,3485.0,8338.0,-3.0,-7.0,12.0,
1650468485158078432,0.135803222656,-0.160888671875,-0.957092285156,0.199279785156,-1877.0,3613.0,8207.0,-11.0,-8.0,12.0,
1650468485163059711,0.135192871094,-0.160278320312,-0.957092285156,0.200073242188,-1891.0,3727.0,8076.0,-19.0,-8.0,12.0,
1650468485167629718,0.134460449219,-0.159240722656,-0.957214355469,0.200988769531,-1899.0,3789.0,7956.0,-26.0,-8.0,12.0,
1650468485172153949,0.133605957031,-0.157836914062,-0.957336425781,0.201904296875,-1900.0,3808.0,7847.0,-33.0,-8.0,12.0,
1650468485177151203,0.132690429688,-0.155944824219,-0.957580566406,0.202819824219,-1889.0,3782.0,7769.0,-39.0,-8.0,11.0,
1650468485181478977,0.131652832031,-0.153747558594,-0.957885742188,0.203735351562,-1865.0,3706.0,7692.0,-44.0,-9.0,11.0,
1650468485186611652,0.130554199219,-0.151245117188,-0.958251953125,0.204650878906,-1828.0,3567.0,7626.0,-48.0,-9.0,10.0,
1650468485190962791,0.12939453125,-0.148498535156,-0.958618164062,0.20556640625,-1785.0,3389.0,7551.0,-51.0,-8.0,9.0,
1650468485196032762,0.128295898438,-0.145629882812,-0.959045410156,0.206359863281,-1762.0,3214.0,7459.0,-52.0,-8.0,8.0,
1650468485202522516,0.127258300781,-0.142639160156,-0.95947265625,0.207214355469,-1783.0,3037.0,7361.0,-53.0,-7.0,7.0,
1650468485208269119,0.126281738281,-0.139465332031,-0.959899902344,0.207946777344,-1851.0,2820.0,7361.0,-54.0,-6.0,6.0,
1650468485212062120,0.125427246094,-0.136352539062,-0.960327148438,0.208557128906,-1896.0,2610.0,7340.0,-52.0,-6.0,5.0,
1650468485216622352,0.124694824219,-0.133483886719,-0.960693359375,0.209106445312,-1935.0,2471.0,7315.0,-46.0,-5.0,4.0,
1650468485221049070,0.124084472656,-0.131103515625,-0.960998535156,0.209716796875,-1991.0,2382.0,7280.0,-40.0,-3.0,5.0,
1650468485225753307,0.123718261719,-0.129089355469,-0.961181640625,0.210327148438,-2033.0,2303.0,7240.0,-33.0,-2.0,7.0,
1650468485232881307,0.123413085938,-0.12744140625,-0.961303710938,0.2109375,-2032.0,2240.0,7163.0,-27.0,-1.0,7.0,
1650468485237395048,0.123291015625,-0.126098632812,-0.961364746094,0.21142578125,-2044.0,2167.0,7155.0,-23.0,1.0,5.0,
1650468485241895914,0.123291015625,-0.124938964844,-0.96142578125,0.211791992188,-2011.0,2075.0,7049.0,-18.0,2.0,4.0,
1650468485247094869,0.123413085938,-0.124206542969,-0.961486816406,0.212036132812,-1939.0,1987.0,6921.0,-11.0,2.0,3.0,
1650468485251403093,0.123718261719,-0.123779296875,-0.96142578125,0.212280273438,-1892.0,1931.0,6884.0,-5.0,5.0,3.0,
1650468485257679462,0.124145507812,-0.123596191406,-0.961364746094,0.212524414062,-1792.0,1883.0,6706.0,0.0,6.0,3.0,
1650468485262696504,0.124694824219,-0.123779296875,-0.961181640625,0.212768554688,-1740.0,1812.0,6716.0,4.0,8.0,3.0,
1650468485267094612,0.125305175781,-0.1240234375,-0.961059570312,0.212951660156,-1603.0,1720.0,6613.0,8.0,9.0,3.0,
1650468485276298761,0.126098632812,-0.124694824219,-0.960815429688,0.213073730469,-1420.0,1598.0,6439.0,15.0,11.0,2.0,
1650468485276962518,0.127075195312,-0.12548828125,-0.960571289062,0.213195800781,-1302.0,1488.0,6335.0,18.0,16.0,2.0,
1650468485284912347,0.128173828125,-0.126281738281,-0.960327148438,0.213256835938,-1161.0,1434.0,6106.0,19.0,17.0,1.0,
1650468485285748243,0.12939453125,-0.127136230469,-0.960021972656,0.213439941406,-1095.0,1507.0,6043.0,19.0,18.0,2.0,
1650468485290512561,0.130554199219,-0.1279296875,-0.959655761719,0.213684082031,-1020.0,1740.0,5951.0,16.0,18.0,3.0,
1650468485297564506,0.1318359375,-0.128601074219,-0.959289550781,0.214172363281,-1032.0,2089.0,6041.0,9.0,20.0,5.0,
1650468485302139759,0.132995605469,-0.128784179688,-0.958984375,0.21484375,-1053.0,2452.0,6127.0,-1.0,21.0,7.0,
1650468485309725999,0.134094238281,-0.12841796875,-0.958679199219,0.215576171875,-1089.0,2767.0,6269.0,-12.0,21.0,8.0,
1650468485310989856,0.135009765625,-0.127380371094,-0.95849609375,0.216430664062,-1103.0,3017.0,6364.0,-23.0,20.0,7.0,
1650468485315767049,0.135803222656,-0.125610351562,-0.958435058594,0.217224121094,-1090.0,3209.0,6352.0,-34.0,21.0,5.0,
1650468485320396900,0.136474609375,-0.123168945312,-0.95849609375,0.218139648438,-1125.0,3330.0,6491.0,-47.0,22.0,4.0,
1650468485327274084,0.136962890625,-0.1201171875,-0.958557128906,0.218994140625,-1096.0,3403.0,6566.0,-55.0,20.0,4.0,
1650468485335094690,0.137390136719,-0.116821289062,-0.958679199219,0.220031738281,-1056.0,3508.0,6548.0,-59.0,22.0,4.0,
1650468485336420297,0.137756347656,-0.113220214844,-0.958862304688,0.221130371094,-1180.0,3688.0,6935.0,-66.0,22.0,5.0,
1650468485341258049,0.137756347656,-0.109741210938,-0.958984375,0.222290039062,-1041.0,3876.0,6759.0,-66.0,16.0,7.0,
1650468485348170280,0.137756347656,-0.106079101562,-0.959045410156,0.223571777344,-1042.0,4011.0,6958.0,-72.0,19.0,7.0,
1650468485352320194,0.137634277344,-0.101440429688,-0.959289550781,0.224853515625,-1048.0,3976.0,7083.0,-86.0,19.0,6.0,
1650468485357374668,0.137268066406,-0.0963134765625,-0.959594726562,0.22607421875,-975.0,3781.0,7025.0,-92.0,17.0,4.0,
1650468485363466024,0.136779785156,-0.0906982421875,-0.9599609375,0.227111816406,-1011.0,3514.0,7248.0,-97.0,17.0,2.0,
1650468485368413686,0.136169433594,-0.084716796875,-0.960327148438,0.228210449219,-1067.0,3249.0,7404.0,-100.0,15.0,2.0,
1650468485373432159,0.135437011719,-0.0787353515625,-0.960693359375,0.229370117188,-1187.0,2990.0,7575.0,-100.0,13.0,4.0,
1650468485378008842,0.134582519531,-0.07275390625,-0.9609375,0.230651855469,-1361.0,2770.0,7922.0,-100.0,10.0,6.0,
1650468485382781028,0.133361816406,-0.06689453125,-0.961242675781,0.231994628906,-1446.0,2628.0,8167.0,-99.0,4.0,9.0,
1650468485387050151,0.132019042969,-0.0612182617188,-0.96142578125,0.233459472656,-1527.0,2544.0,8404.0,-98.0,2.0,10.0,
1650468485392286539,0.130615234375,-0.055419921875,-0.961608886719,0.234924316406,-1606.0,2490.0,8558.0,-101.0,2.0,11.0,
1650468485396959066,0.129089355469,-0.049560546875,-0.961730957031,0.236511230469,-1687.0,2430.0,8744.0,-104.0,0.0,12.0,
1650468485401594161,0.127380371094,-0.043701171875,-0.961853027344,0.238098144531,-1703.0,2299.0,8865.0,-105.0,-3.0,13.0,
1650468485406110048,0.125610351562,-0.037841796875,-0.961975097656,0.239685058594,-1685.0,2094.0,8819.0,-104.0,-4.0,13.0,
1650468485411280155,0.123779296875,-0.0318603515625,-0.962036132812,0.2412109375,-1753.0,1849.0,8768.0,-104.0,-4.0,11.0,
1650468485417049646,0.121887207031,-0.0258178710938,-0.962097167969,0.242553710938,-1885.0,1475.0,8706.0,-104.0,-6.0,10.0,
1650468485422699689,0.120056152344,-0.0195922851562,-0.962219238281,0.243713378906,-2030.0,867.0,8626.0,-102.0,-8.0,7.0,
1650468485427421092,0.118225097656,-0.0131225585938,-0.96240234375,0.244262695312,-2156.0,43.0,8572.0,-99.0,-7.0,-1.0,
1650468485432025194,0.116516113281,-0.00665283203125,-0.962646484375,0.244262695312,-2268.0,-799.0,8645.0,-90.0,-6.0,-9.0,
1650468485436671972,0.114868164062,-0.00091552734375,-0.962951660156,0.243957519531,-2281.0,-1525.0,8724.0,-75.0,-7.0,-12.0,
1650468485441244125,0.113403320312,0.00360107421875,-0.963195800781,0.24365234375,-2223.0,-2025.0,8783.0,-55.0,-7.0,-10.0,
