1649689557276603460,-0.512817382812,-0.751037597656,-0.409362792969,0.0739135742188,4013.0,3913.0,-5586.0,-5.0,4.0,-4.0,
1649689557283347368,-0.512573242188,-0.751037597656,-0.40966796875,0.073974609375,3975.0,3900.0,-5594.0,-6.0,7.0,-4.0,
1649689557287369489,-0.512268066406,-0.751037597656,-0.410095214844,0.0741577148438,3951.0,3892.0,-5593.0,-6.0,9.0,-4.0,
1649689557292691469,-0.511901855469,-0.7509765625,-0.410583496094,0.0743408203125,3941.0,3890.0,-5593.0,-6.0,11.0,-4.0,
1649689557296919107,-0.511535644531,-0.750915527344,-0.411071777344,0.0746459960938,3936.0,3899.0,-5592.0,-6.0,11.0,-4.0,
1649689557301367521,-0.511169433594,-0.750854492188,-0.41162109375,0.0748901367188,3942.0,3893.0,-5585.0,-6.0,12.0,-3.0,
1649689557306212186,-0.510803222656,-0.750793457031,-0.412109375,0.0752563476562,3953.0,3899.0,-5573.0,-6.0,12.0,-3.0,
1649689557311213254,-0.510498046875,-0.750671386719,-0.412658691406,0.0756225585938,3957.0,3906.0,-5556.0,-6.0,12.0,-2.0,
1649689557317673444,-0.51025390625,-0.750549316406,-0.4130859375,0.0758666992188,3954.0,3906.0,-5535.0,-5.0,10.0,-2.0,
1649689557322436571,-0.510009765625,-0.75048828125,-0.413452148438,0.0761108398438,3945.0,3911.0,-5523.0,-5.0,8.0,-1.0,
1649689557327024459,-0.509887695312,-0.750427246094,-0.413696289062,0.0762939453125,3924.0,3914.0,-5508.0,-4.0,7.0,-1.0,
1649689557331644058,-0.509643554688,-0.750427246094,-0.414001464844,0.076416015625,3907.0,3919.0,-5497.0,-4.0,7.0,-2.0,
1649689557336069107,-0.509399414062,-0.750366210938,-0.414306640625,0.07666015625,3895.0,3918.0,-5502.0,-4.0,9.0,-2.0,
1649689557340695142,-0.509094238281,-0.750305175781,-0.414733886719,0.0769653320312,3907.0,3919.0,-5506.0,-5.0,11.0,-2.0,
1649689557347701787,-0.508666992188,-0.750244140625,-0.415283203125,0.0774536132812,3941.0,3924.0,-5508.0,-5.0,14.0,-2.0,
1649689557354532241,-0.50830078125,-0.750122070312,-0.415893554688,0.0780029296875,4005.0,3936.0,-5506.0,-5.0,16.0,-2.0,
1649689557359575986,-0.507873535156,-0.75,-0.41650390625,0.07861328125,4092.0,3949.0,-5503.0,-6.0,16.0,-2.0,
1649689557364260435,-0.507507324219,-0.749816894531,-0.417175292969,0.0792236328125,4191.0,3968.0,-5487.0,-6.0,15.0,-1.0,
1649689557368873357,-0.507263183594,-0.749572753906,-0.417785644531,0.0797729492188,4284.0,3984.0,-5467.0,-6.0,12.0,0.0,
1649689557373495578,-0.507202148438,-0.749328613281,-0.418212890625,0.080078125,4351.0,4000.0,-5449.0,-6.0,8.0,1.0,
1649689557378255605,-0.507263183594,-0.749145507812,-0.418518066406,0.0802001953125,4393.0,4005.0,-5447.0,-6.0,3.0,1.0,
1649689557382601261,-0.507385253906,-0.748962402344,-0.418701171875,0.0801391601562,4411.0,4012.0,-5444.0,-6.0,0.0,1.0,
1649689557387534379,-0.507568359375,-0.748779296875,-0.418884277344,0.0800170898438,4405.0,4010.0,-5457.0,-7.0,-2.0,1.0,
1649689557392064094,-0.507690429688,-0.748596191406,-0.419006347656,0.0797729492188,4383.0,4004.0,-5471.0,-7.0,-2.0,0.0,
1649689557396841764,-0.5078125,-0.748413085938,-0.419250488281,0.07958984375,4355.0,4000.0,-5481.0,-8.0,0.0,0.0,
1649689557401955842,-0.507751464844,-0.748229980469,-0.419616699219,0.0794067382812,4343.0,4002.0,-5500.0,-9.0,2.0,-1.0,
1649689557405829668,-0.507629394531,-0.748046875,-0.420104980469,0.079345703125,4351.0,3994.0,-5512.0,-11.0,5.0,-3.0,
1649689557412731409,-0.507446289062,-0.747863769531,-0.420715332031,0.0792236328125,4363.0,3995.0,-5530.0,-12.0,7.0,-4.0,
1649689557417764186,-0.507080078125,-0.747680664062,-0.421447753906,0.0791625976562,4380.0,3999.0,-5543.0,-13.0,8.0,-6.0,
1649689557422271490,-0.506652832031,-0.747497558594,-0.422302246094,0.0790405273438,4390.0,4004.0,-5545.0,-14.0,9.0,-7.0,
1649689557427966833,-0.506164550781,-0.747314453125,-0.423217773438,0.0789184570312,4396.0,3999.0,-5550.0,-16.0,10.0,-8.0,
1649689557432120084,-0.505676269531,-0.747131347656,-0.424255371094,0.0787963867188,4408.0,4006.0,-5555.0,-17.0,11.0,-9.0,
1649689557444844961,-0.505065917969,-0.746887207031,-0.425354003906,0.0786743164062,4431.0,4021.0,-5560.0,-18.0,12.0,-9.0,
1649689557457459211,-0.504455566406,-0.746643066406,-0.426574707031,0.0784912109375,4460.0,4038.0,-5550.0,-20.0,14.0,-9.0,
1649689557459685087,-0.503845214844,-0.746276855469,-0.427978515625,0.078369140625,4494.0,4059.0,-5552.0,-22.0,15.0,-10.0,
1649689557460383176,-0.503173828125,-0.745910644531,-0.429382324219,0.0781860351562,4506.0,4086.0,-5551.0,-23.0,14.0,-10.0,
1649689557466110706,-0.502197265625,-0.745178222656,-0.432006835938,0.0772705078125,4466.0,4108.0,-5556.0,-25.0,9.0,-9.0,
1649689557469987392,-0.501708984375,-0.744750976562,-0.433410644531,0.0767211914062,4436.0,4110.0,-5556.0,-27.0,9.0,-9.0,
1649689557480729341,-0.501159667969,-0.744262695312,-0.43505859375,0.0762329101562,4426.0,4124.0,-5562.0,-29.0,13.0,-9.0,
1649689557482254028,-0.500427246094,-0.74365234375,-0.436950683594,0.075927734375,4442.0,4144.0,-5565.0,-32.0,19.0,-9.0,
1649689557484902858,-0.49951171875,-0.742919921875,-0.439208984375,0.0758666992188,4482.0,4177.0,-5547.0,-35.0,26.0,-10.0,
1649689557488675117,-0.498474121094,-0.742126464844,-0.441711425781,0.0759887695312,4526.0,4216.0,-5512.0,-37.0,30.0,-10.0,
1649689557493070363,-0.497436523438,-0.741271972656,-0.444213867188,0.0759887695312,4565.0,4242.0,-5465.0,-37.0,29.0,-10.0,
1649689557497799634,-0.49658203125,-0.740478515625,-0.446533203125,0.0757446289062,4586.0,4253.0,-5430.0,-37.0,23.0,-10.0,
1649689557503267526,-0.495910644531,-0.73974609375,-0.448669433594,0.0751953125,4589.0,4261.0,-5408.0,-37.0,16.0,-11.0,
1649689557507836580,-0.495300292969,-0.739013671875,-0.45068359375,0.0744018554688,4570.0,4274.0,-5374.0,-38.0,13.0,-11.0,
1649689557511846542,-0.49462890625,-0.738220214844,-0.452758789062,0.0736083984375,4543.0,4275.0,-5353.0,-40.0,14.0,-12.0,
1649689557517243385,-0.493896484375,-0.737365722656,-0.455078125,0.0728759765625,4512.0,4281.0,-5323.0,-42.0,18.0,-12.0,
1649689557522143125,-0.493041992188,-0.736511230469,-0.45751953125,0.0723266601562,4482.0,4292.0,-5293.0,-43.0,21.0,-12.0,
1649689557529503583,-0.492126464844,-0.735534667969,-0.460083007812,0.07177734375,4467.0,4308.0,-5266.0,-44.0,23.0,-12.0,
1649689557532582998,-0.4912109375,-0.734619140625,-0.462707519531,0.0712280273438,4450.0,4328.0,-5230.0,-45.0,23.0,-12.0,
1649689557537496328,-0.490356445312,-0.733642578125,-0.465209960938,0.0706176757812,4443.0,4365.0,-5206.0,-44.0,21.0,-11.0,
1649689557541853666,-0.489624023438,-0.732727050781,-0.467590332031,0.0698852539062,4419.0,4395.0,-5181.0,-43.0,18.0,-11.0,
1649689557551756381,-0.488891601562,-0.731811523438,-0.469848632812,0.0690307617188,4380.0,4425.0,-5161.0,-43.0,16.0,-11.0,
1649689557553228139,-0.488159179688,-0.73095703125,-0.472045898438,0.0682373046875,4327.0,4455.0,-5138.0,-42.0,16.0,-11.0,
1649689557561428070,-0.487426757812,-0.730102539062,-0.474243164062,0.0673828125,4280.0,4488.0,-5101.0,-41.0,16.0,-11.0,
1649689557564630746,-0.486694335938,-0.729248046875,-0.476440429688,0.0665893554688,4240.0,4524.0,-5066.0,-41.0,17.0,-11.0,
1649689557569854974,-0.485900878906,-0.728393554688,-0.478637695312,0.06591796875,4219.0,4565.0,-5031.0,-40.0,18.0,-11.0,
1649689557579829216,-0.485046386719,-0.727478027344,-0.48095703125,0.0653686523438,4199.0,4610.0,-4993.0,-40.0,21.0,-10.0,
1649689557581160306,-0.484130859375,-0.726623535156,-0.483276367188,0.0648803710938,4153.0,4652.0,-4880.0,-40.0,22.0,-10.0,
1649689557583210229,-0.483154296875,-0.725708007812,-0.485656738281,0.0642700195312,4114.0,4672.0,-4831.0,-41.0,20.0,-11.0,
1649689557587827920,-0.482299804688,-0.724792480469,-0.487915039062,0.0635375976562,4180.0,4736.0,-4892.0,-41.0,19.0,-11.0,
1649689557592401742,-0.4814453125,-0.723693847656,-0.490478515625,0.0635375976562,4280.0,4839.0,-4875.0,-42.0,30.0,-5.0,
1649689557596571922,-0.480163574219,-0.722412109375,-0.493530273438,0.0640869140625,4325.0,4933.0,-4770.0,-43.0,43.0,-5.0,
1649689557601332664,-0.478637695312,-0.721252441406,-0.496643066406,0.0643920898438,4384.0,5027.0,-4738.0,-42.0,42.0,-9.0,
1649689557606565475,-0.477355957031,-0.720275878906,-0.499267578125,0.0643920898438,4458.0,5111.0,-4749.0,-39.0,32.0,-11.0,
1649689557613846302,-0.476318359375,-0.719421386719,-0.501525878906,0.0643310546875,4506.0,5151.0,-4721.0,-35.0,27.0,-9.0,
1649689557618572950,-0.475463867188,-0.718688964844,-0.50341796875,0.0641479492188,4539.0,5161.0,-4695.0,-31.0,21.0,-8.0,
1649689557623222827,-0.474792480469,-0.718017578125,-0.505004882812,0.0638427734375,4545.0,5174.0,-4689.0,-29.0,16.0,-9.0,
1649689557627769231,-0.473937988281,-0.717346191406,-0.506713867188,0.0635986328125,4548.0,5211.0,-4680.0,-29.0,20.0,-9.0,
1649689557632202148,-0.472839355469,-0.716735839844,-0.508666992188,0.0637817382812,4578.0,5257.0,-4668.0,-29.0,28.0,-9.0,
1649689557636437177,-0.471557617188,-0.716064453125,-0.5107421875,0.0641479492188,4653.0,5324.0,-4660.0,-27.0,32.0,-10.0,
1649689557641969442,-0.470336914062,-0.715454101562,-0.512634277344,0.0646362304688,4766.0,5403.0,-4643.0,-25.0,33.0,-8.0,
1649689557649597883,-0.46923828125,-0.714782714844,-0.514465332031,0.0654296875,4866.0,5488.0,-4641.0,-22.0,33.0,-5.0,
1649689557656785011,-0.46826171875,-0.714233398438,-0.516052246094,0.0662841796875,4945.0,5592.0,-4630.0,-17.0,31.0,-3.0,
1649689557658250093,-0.467468261719,-0.713928222656,-0.517150878906,0.06689453125,4994.0,5679.0,-4634.0,-12.0,24.0,-4.0,
1649689557663934707,-0.466857910156,-0.713684082031,-0.517883300781,0.0673828125,5003.0,5724.0,-4648.0,-8.0,17.0,-3.0,
1649689557669096946,-0.466491699219,-0.713562011719,-0.518371582031,0.0679321289062,5015.0,5736.0,-4684.0,-4.0,15.0,1.0,
1649689557674540758,-0.466186523438,-0.71337890625,-0.518737792969,0.0689697265625,5050.0,5735.0,-4734.0,-1.0,18.0,6.0,
1649689557678706407,-0.465942382812,-0.713073730469,-0.519165039062,0.0704956054688,5106.0,5748.0,-4792.0,1.0,26.0,11.0,
1649689557683570861,-0.465637207031,-0.712646484375,-0.519775390625,0.07275390625,5176.0,5754.0,-4838.0,3.0,35.0,16.0,
1649689557688019037,-0.465209960938,-0.712158203125,-0.520446777344,0.075439453125,5255.0,5755.0,-4856.0,6.0,42.0,19.0,
1649689557692752361,-0.464782714844,-0.711608886719,-0.521057128906,0.0785522460938,5337.0,5731.0,-4873.0,9.0,45.0,23.0,
1649689557697112560,-0.464599609375,-0.711120605469,-0.521423339844,0.081787109375,5403.0,5689.0,-4889.0,12.0,45.0,27.0,
1649689557701424598,-0.464538574219,-0.710510253906,-0.521728515625,0.0853271484375,5425.0,5631.0,-4902.0,15.0,46.0,30.0,
1649689557710568904,-0.464416503906,-0.709838867188,-0.522094726562,0.0891723632812,5439.0,5559.0,-4906.0,16.0,52.0,34.0,
1649689557714380741,-0.464050292969,-0.709045410156,-0.522766113281,0.0936279296875,5470.0,5476.0,-4885.0,15.0,63.0,37.0,
1649689557718385934,-0.46337890625,-0.707946777344,-0.523864746094,0.0986938476562,5542.0,5387.0,-4839.0,13.0,76.0,39.0,
1649689557722265005,-0.462524414062,-0.706665039062,-0.525329589844,0.104248046875,5650.0,5301.0,-4780.0,12.0,85.0,41.0,
1649689557727194547,-0.461486816406,-0.705200195312,-0.526977539062,0.110046386719,5769.0,5213.0,-4718.0,10.0,91.0,42.0,
1649689557738534212,-0.46044921875,-0.70361328125,-0.528747558594,0.115966796875,5889.0,5116.0,-4645.0,9.0,94.0,43.0,
1649689557741634607,-0.459411621094,-0.701904296875,-0.530578613281,0.121826171875,6004.0,5020.0,-4574.0,7.0,93.0,43.0,
1649689557744222879,-0.458435058594,-0.7001953125,-0.532287597656,0.127563476562,6107.0,4935.0,-4501.0,6.0,91.0,42.0,
1649689557747081995,-0.457397460938,-0.698425292969,-0.534118652344,0.133178710938,6191.0,4857.0,-4431.0,5.0,91.0,42.0,
1649689557751594066,-0.456298828125,-0.696594238281,-0.536071777344,0.138854980469,6252.0,4781.0,-4362.0,3.0,93.0,41.0,
1649689557756420373,-0.454956054688,-0.694580078125,-0.538208007812,0.144653320312,6308.0,4693.0,-4288.0,1.0,99.0,41.0,
1649689557764317274,-0.453430175781,-0.692443847656,-0.540649414062,0.150573730469,6380.0,4600.0,-4220.0,-2.0,104.0,40.0,
1649689557766998767,-0.451721191406,-0.690185546875,-0.543273925781,0.156677246094,6460.0,4515.0,-4160.0,-5.0,110.0,40.0,
1649689557771799802,-0.449829101562,-0.687683105469,-0.546142578125,0.162963867188,6529.0,4445.0,-4104.0,-7.0,115.0,40.0,
1649689557776504278,-0.447875976562,-0.68505859375,-0.549133300781,0.169372558594,6579.0,4381.0,-4029.0,-8.0,119.0,41.0,
1649689557780501604,-0.44580078125,-0.682312011719,-0.552185058594,0.175903320312,6630.0,4321.0,-3965.0,-9.0,123.0,42.0,
1649689557784928798,-0.443542480469,-0.679321289062,-0.555419921875,0.182739257812,6696.0,4259.0,-3911.0,-11.0,129.0,44.0,
1649689557791942358,-0.441223144531,-0.676147460938,-0.558776855469,0.189819335938,6770.0,4186.0,-3844.0,-12.0,136.0,46.0,
1649689557796598434,-0.438720703125,-0.672729492188,-0.562316894531,0.197143554688,6844.0,4110.0,-3773.0,-13.0,142.0,48.0,
1649689557801144838,-0.436096191406,-0.669128417969,-0.56591796875,0.204711914062,6915.0,4032.0,-3696.0,-14.0,146.0,49.0,
1649689557805594444,-0.433471679688,-0.665344238281,-0.569580078125,0.21240234375,6997.0,3955.0,-3614.0,-15.0,149.0,51.0,
1649689557810272216,-0.430725097656,-0.661437988281,-0.5732421875,0.220153808594,7077.0,3891.0,-3509.0,-16.0,151.0,51.0,
1649689557817119121,-0.427978515625,-0.657409667969,-0.576904296875,0.227905273438,7153.0,3835.0,-3397.0,-16.0,152.0,52.0,
1649689557821717262,-0.425109863281,-0.653259277344,-0.58056640625,0.235656738281,7226.0,3788.0,-3284.0,-17.0,153.0,52.0,
1649689557826304912,-0.422241210938,-0.648986816406,-0.584228515625,0.243469238281,7293.0,3738.0,-3153.0,-18.0,155.0,52.0,
1649689557830610752,-0.419189453125,-0.64453125,-0.588012695312,0.251220703125,7341.0,3683.0,-3014.0,-20.0,157.0,52.0,
1649689557835264921,-0.416076660156,-0.640014648438,-0.591857910156,0.258972167969,7379.0,3626.0,-2865.0,-21.0,158.0,51.0,
1649689557842051982,-0.412841796875,-0.635375976562,-0.595703125,0.2666015625,7408.0,3586.0,-2692.0,-23.0,158.0,50.0,
1649689557846642732,-0.409545898438,-0.630615234375,-0.599609375,0.274108886719,7424.0,3556.0,-2510.0,-24.0,159.0,48.0,
1649689557851096391,-0.406066894531,-0.625671386719,-0.603698730469,0.281555175781,7439.0,3528.0,-2322.0,-27.0,161.0,47.0,
1649689557855856895,-0.402404785156,-0.620544433594,-0.60791015625,0.2890625,7464.0,3513.0,-2126.0,-29.0,166.0,46.0,
1649689557860364437,-0.3984375,-0.615112304688,-0.6123046875,0.296630859375,7496.0,3506.0,-1933.0,-32.0,171.0,45.0,
1649689557866290092,-0.394287109375,-0.609497070312,-0.616943359375,0.304260253906,7530.0,3507.0,-1713.0,-34.0,177.0,45.0,
1649689557874447345,-0.389892578125,-0.603637695312,-0.62158203125,0.311889648438,7541.0,3515.0,-1476.0,-35.0,179.0,44.0,
1649689557878854990,-0.385437011719,-0.597778320312,-0.626220703125,0.319396972656,7526.0,3515.0,-1244.0,-36.0,179.0,42.0,
1649689557883324861,-0.380859375,-0.591796875,-0.630920410156,0.326782226562,7493.0,3511.0,-1017.0,-37.0,180.0,41.0,
1649689557887743234,-0.375915527344,-0.585571289062,-0.635803222656,0.334167480469,7452.0,3508.0,-789.0,-39.0,186.0,39.0,
1649689557892508983,-0.370483398438,-0.578918457031,-0.640991210938,0.341735839844,7407.0,3505.0,-556.0,-42.0,196.0,37.0,
1649689557897217512,-0.364501953125,-0.571838378906,-0.646545410156,0.349548339844,7376.0,3504.0,-300.0,-46.0,209.0,34.0,
1649689557901574134,-0.357849121094,-0.564208984375,-0.652526855469,0.357604980469,7371.0,3507.0,-27.0,-50.0,223.0,32.0,
1649689557906228065,-0.350708007812,-0.556091308594,-0.658813476562,0.365844726562,7402.0,3510.0,249.0,-54.0,235.0,31.0,
1649689557910721063,-0.343200683594,-0.547546386719,-0.665222167969,0.374145507812,7455.0,3512.0,553.0,-57.0,242.0,29.0,
1649689557915507316,-0.335388183594,-0.538757324219,-0.671630859375,0.382385253906,7516.0,3511.0,875.0,-59.0,246.0,27.0,
1649689557919875621,-0.327514648438,-0.529663085938,-0.678100585938,0.390380859375,7573.0,3506.0,1192.0,-61.0,247.0,25.0,
1649689557926844835,-0.319519042969,-0.520446777344,-0.684448242188,0.398254394531,7627.0,3517.0,1511.0,-63.0,247.0,24.0,
1649689557931194782,-0.311462402344,-0.511047363281,-0.690795898438,0.405883789062,7680.0,3530.0,1819.0,-65.0,247.0,22.0,
1649689557935776233,-0.303466796875,-0.501403808594,-0.696960449219,0.413269042969,7726.0,3534.0,2122.0,-68.0,246.0,22.0,
1649689557940378665,-0.295532226562,-0.49169921875,-0.703002929688,0.42041015625,7766.0,3541.0,2415.0,-70.0,242.0,21.0,
1649689557947311401,-0.287780761719,-0.48193359375,-0.708862304688,0.427185058594,7800.0,3549.0,2684.0,-72.0,237.0,20.0,
1649689557951853275,-0.2802734375,-0.47216796875,-0.714477539062,0.433654785156,7839.0,3567.0,2946.0,-73.0,231.0,20.0,
1649689557956629276,-0.273071289062,-0.46240234375,-0.719848632812,0.439819335938,7871.0,3587.0,3188.0,-75.0,225.0,20.0,
1649689557961793899,-0.26611328125,-0.45263671875,-0.725036621094,0.445678710938,7893.0,3611.0,3431.0,-77.0,218.0,20.0,
1649689557965457439,-0.259521484375,-0.442993164062,-0.72998046875,0.451232910156,7899.0,3641.0,3652.0,-78.0,211.0,21.0,
1649689557972101211,-0.253356933594,-0.433532714844,-0.734619140625,0.456359863281,7886.0,3674.0,3849.0,-79.0,200.0,21.0,
1649689557976816415,-0.247619628906,-0.424438476562,-0.738891601562,0.461120605469,7850.0,3697.0,4040.0,-78.0,189.0,22.0,
1649689557982453823,-0.242431640625,-0.415588378906,-0.742797851562,0.465637207031,7785.0,3710.0,4195.0,-77.0,177.0,23.0,
1649689557986638069,-0.237731933594,-0.407043457031,-0.746337890625,0.469909667969,7700.0,3713.0,4331.0,-76.0,166.0,25.0,
1649689557991679191,-0.2333984375,-0.398742675781,-0.749633789062,0.473937988281,7586.0,3698.0,4473.0,-76.0,157.0,27.0,
1649689557995817184,-0.229431152344,-0.390625,-0.752685546875,0.477783203125,7451.0,3687.0,4615.0,-75.0,149.0,29.0,
1649689558068416595,-0.225769042969,-0.382690429688,-0.755493164062,0.4814453125,7276.0,3649.0,4721.0,-75.0,141.0,30.0,
1649689558082301616,-0.222534179688,-0.374938964844,-0.758117675781,0.484985351562,7091.0,3589.0,4821.0,-74.0,133.0,31.0,
1649689558124859094,-0.219482421875,-0.367309570312,-0.760559082031,0.488342285156,6895.0,3499.0,4916.0,-75.0,127.0,32.0,
1649689558129318475,-0.216674804688,-0.359680175781,-0.762878417969,0.491638183594,6699.0,3403.0,5010.0,-76.0,124.0,32.0,
1649689558140272378,-0.213989257812,-0.35205078125,-0.765197753906,0.494750976562,6490.0,3305.0,5102.0,-77.0,121.0,32.0,
1649689558145534276,-0.21142578125,-0.344360351562,-0.767456054688,0.497680664062,6295.0,3229.0,5190.0,-78.0,118.0,30.0,
1649689558152096271,-0.208862304688,-0.336730957031,-0.769775390625,0.50048828125,6118.0,3169.0,5266.0,-79.0,117.0,29.0,
1649689558158084630,-0.206237792969,-0.328979492188,-0.772033691406,0.503234863281,5976.0,3130.0,5327.0,-81.0,118.0,28.0,
1649689558167622089,-0.20361328125,-0.3212890625,-0.774291992188,0.505798339844,5849.0,3093.0,5374.0,-81.0,118.0,27.0,
1649689558170700550,-0.201049804688,-0.313659667969,-0.776489257812,0.508178710938,5733.0,3060.0,5415.0,-81.0,115.0,25.0,
1649689558194971323,-0.198608398438,-0.306335449219,-0.778625488281,0.510375976562,5628.0,3032.0,5472.0,-79.0,110.0,23.0,
1649689558223349094,-0.196228027344,-0.299194335938,-0.780639648438,0.512451171875,5538.0,3008.0,5511.0,-78.0,107.0,22.0,
1649689558231741189,-0.193969726562,-0.292236328125,-0.782592773438,0.514343261719,5446.0,2998.0,5540.0,-76.0,103.0,20.0,
1649689558241898298,-0.191833496094,-0.28564453125,-0.784423828125,0.516052246094,5341.0,2972.0,5574.0,-73.0,98.0,19.0,
1649689558245910882,-0.189819335938,-0.279357910156,-0.7861328125,0.517700195312,5230.0,2933.0,5602.0,-70.0,92.0,18.0,
1649689558248912572,-0.18798828125,-0.273376464844,-0.787658691406,0.519165039062,5097.0,2882.0,5631.0,-67.0,86.0,17.0,
1649689558250368356,-0.186157226562,-0.267639160156,-0.789184570312,0.520568847656,4963.0,2827.0,5669.0,-64.0,83.0,16.0,
1649689558253757238,-0.184387207031,-0.261962890625,-0.790588378906,0.521850585938,4832.0,2758.0,5705.0,-63.0,81.0,15.0,
1649689558254800796,-0.1826171875,-0.25634765625,-0.7919921875,0.523132324219,4723.0,2671.0,5755.0,-63.0,80.0,15.0,
1649689558256209135,-0.180969238281,-0.250793457031,-0.793334960938,0.5244140625,4644.0,2581.0,5784.0,-62.0,78.0,16.0,
1649689558257461547,-0.179443359375,-0.245300292969,-0.794616699219,0.525634765625,4591.0,2500.0,5800.0,-63.0,75.0,16.0,
1649689558261498451,-0.17822265625,-0.239990234375,-0.795776367188,0.526733398438,4532.0,2425.0,5807.0,-62.0,71.0,16.0,
1649689558262751817,-0.177185058594,-0.234985351562,-0.796813964844,0.527770996094,4462.0,2352.0,5798.0,-60.0,64.0,15.0,
1649689558265337228,-0.176452636719,-0.230346679688,-0.797729492188,0.528625488281,4379.0,2285.0,5803.0,-58.0,57.0,15.0,
1649689558268142223,-0.175903320312,-0.226013183594,-0.798583984375,0.529418945312,4283.0,2220.0,5796.0,-55.0,51.0,14.0,
1649689558273533105,-0.175415039062,-0.221923828125,-0.799377441406,0.530090332031,4181.0,2144.0,5804.0,-53.0,46.0,13.0,
1649689558281151294,-0.175109863281,-0.218017578125,-0.800109863281,0.530700683594,4065.0,2053.0,5798.0,-52.0,43.0,12.0,
1649689558282657384,-0.1748046875,-0.214233398438,-0.800903320312,0.53125,3942.0,1966.0,5798.0,-50.0,40.0,11.0,
1649689558283504009,-0.174072265625,-0.206726074219,-0.802429199219,0.532043457031,3664.0,1834.0,5818.0,-49.0,40.0,8.0,
1649689558290074348,-0.173522949219,-0.203002929688,-0.803283691406,0.532409667969,3533.0,1774.0,5840.0,-49.0,41.0,7.0,
1649689558292746305,-0.172912597656,-0.19921875,-0.804138183594,0.53271484375,3421.0,1702.0,5853.0,-48.0,42.0,6.0,
1649689558294189929,-0.172119140625,-0.195495605469,-0.805053710938,0.533020019531,3336.0,1634.0,5888.0,-47.0,44.0,5.0,
1649689558296823740,-0.17041015625,-0.188049316406,-0.806762695312,0.533630371094,3175.0,1527.0,5937.0,-44.0,45.0,4.0,
1649689558298712253,-0.16943359375,-0.1845703125,-0.807556152344,0.533935546875,3081.0,1495.0,5963.0,-41.0,44.0,4.0,
1649689558300017118,-0.164306640625,-0.172180175781,-0.810668945312,0.534973144531,2800.0,1256.0,6038.0,-29.0,46.0,0.0,
1649689558301451206,-0.155822753906,-0.156188964844,-0.815734863281,0.53466796875,2581.0,1020.0,6374.0,-25.0,36.0,-9.0,
1649689558302540540,-0.1533203125,-0.151611328125,-0.817687988281,0.533752441406,2527.0,1008.0,6511.0,-25.0,34.0,-13.0,
1649689558305373430,-0.151000976562,-0.147277832031,-0.81982421875,0.532409667969,2441.0,1005.0,6652.0,-25.0,32.0,-17.0,
1649689558305752754,-0.149780273438,-0.145080566406,-0.820983886719,0.531555175781,2391.0,1018.0,6718.0,-26.0,32.0,-18.0,
1649689558306954860,-0.148559570312,-0.142883300781,-0.822143554688,0.530639648438,2354.0,1024.0,6792.0,-26.0,32.0,-19.0,
1649689558308197975,-0.147338867188,-0.140808105469,-0.823364257812,0.529724121094,2331.0,1023.0,6868.0,-25.0,32.0,-20.0,
1649689558309380769,-0.146179199219,-0.138732910156,-0.824523925781,0.52880859375,2318.0,1014.0,6947.0,-24.0,30.0,-20.0,
1649689558310398101,-0.145080566406,-0.136779785156,-0.825622558594,0.52783203125,2301.0,1016.0,7024.0,-24.0,29.0,-20.0,
1649689558312247753,-0.14404296875,-0.134826660156,-0.826782226562,0.526794433594,2274.0,1033.0,7103.0,-24.0,28.0,-21.0,
1649689558312736511,-0.142944335938,-0.1328125,-0.827941894531,0.525817871094,2252.0,1056.0,7191.0,-24.0,29.0,-20.0,
1649689558313256025,-0.141723632812,-0.130859375,-0.829040527344,0.52490234375,2249.0,1067.0,7263.0,-24.0,30.0,-20.0,
1649689558314386844,-0.140502929688,-0.128845214844,-0.830139160156,0.524047851562,2271.0,1072.0,7326.0,-23.0,31.0,-18.0,
1649689558315030574,-0.139282226562,-0.126892089844,-0.831115722656,0.523193359375,2316.0,1070.0,7393.0,-23.0,31.0,-17.0,
1649689558315382003,-0.138244628906,-0.125061035156,-0.832092285156,0.522399902344,2357.0,1064.0,7462.0,-22.0,29.0,-17.0,
1649689558316774368,-0.137268066406,-0.123352050781,-0.8330078125,0.521606445312,2387.0,1067.0,7527.0,-21.0,26.0,-17.0,
1649689558318367242,-0.136535644531,-0.121826171875,-0.833862304688,0.520751953125,2393.0,1050.0,7578.0,-20.0,21.0,-16.0,
1649689558319120407,-0.135864257812,-0.120422363281,-0.834716796875,0.519958496094,2404.0,1014.0,7612.0,-19.0,19.0,-16.0,
1649689558321085214,-0.135192871094,-0.118957519531,-0.835510253906,0.519165039062,2434.0,958.0,7631.0,-20.0,19.0,-16.0,
1649689558325574874,-0.134582519531,-0.117370605469,-0.836303710938,0.518371582031,2475.0,912.0,7661.0,-21.0,20.0,-16.0,
1649689558330049991,-0.134094238281,-0.115783691406,-0.837097167969,0.517578125,2505.0,883.0,7693.0,-22.0,20.0,-16.0,
1649689558334424495,-0.133666992188,-0.1142578125,-0.837890625,0.516723632812,2515.0,856.0,7706.0,-22.0,18.0,-16.0,
1649689558341649055,-0.13330078125,-0.11279296875,-0.838745117188,0.515869140625,2497.0,821.0,7721.0,-22.0,16.0,-17.0,
1649689558346008300,-0.132873535156,-0.111206054688,-0.839538574219,0.514953613281,2494.0,772.0,7721.0,-23.0,18.0,-17.0,
1649689558350448131,-0.132263183594,-0.109313964844,-0.840454101562,0.514038085938,2528.0,718.0,7722.0,-25.0,22.0,-18.0,
1649689558354990005,-0.131652832031,-0.107299804688,-0.841369628906,0.513061523438,2582.0,670.0,7710.0,-27.0,25.0,-18.0,
1649689558359526872,-0.131042480469,-0.105224609375,-0.842346191406,0.512084960938,2644.0,640.0,7703.0,-28.0,26.0,-19.0,
1649689558366414785,-0.130554199219,-0.103271484375,-0.84326171875,0.511108398438,2688.0,611.0,7692.0,-28.0,25.0,-19.0,
1649689558370958805,-0.130065917969,-0.101318359375,-0.84423828125,0.510070800781,2720.0,595.0,7683.0,-28.0,24.0,-19.0,
1649689558375708580,-0.129577636719,-0.0994262695312,-0.845153808594,0.508972167969,2750.0,584.0,7663.0,-27.0,23.0,-20.0,
1649689558381678342,-0.129150390625,-0.0975952148438,-0.846069335938,0.507934570312,2790.0,575.0,7657.0,-27.0,23.0,-20.0,
1649689558386354207,-0.128662109375,-0.0958251953125,-0.846984863281,0.5068359375,2842.0,575.0,7644.0,-26.0,23.0,-20.0,
1649689558390971899,-0.128234863281,-0.09423828125,-0.847900390625,0.505737304688,2888.0,577.0,7637.0,-24.0,20.0,-20.0,
1649689558395514249,-0.127990722656,-0.0928344726562,-0.848754882812,0.504638671875,2930.0,573.0,7639.0,-23.0,17.0,-20.0,
1649689558400178432,-0.127868652344,-0.0916137695312,-0.849548339844,0.503540039062,2943.0,553.0,7625.0,-21.0,14.0,-20.0,
1649689558404624938,-0.127807617188,-0.0903930664062,-0.850341796875,0.50244140625,2940.0,537.0,7624.0,-21.0,13.0,-20.0,
1649689558411531686,-0.127685546875,-0.0892333984375,-0.851135253906,0.501281738281,2924.0,526.0,7631.0,-20.0,13.0,-20.0,
1649689558415851831,-0.127502441406,-0.0880737304688,-0.851989746094,0.500183105469,2909.0,520.0,7639.0,-20.0,13.0,-21.0,
1649689558420630216,-0.127319335938,-0.0869750976562,-0.852783203125,0.4990234375,2890.0,516.0,7641.0,-19.0,12.0,-21.0,
1649689558425343275,-0.127136230469,-0.0859375,-0.853637695312,0.497802734375,2881.0,507.0,7643.0,-18.0,12.0,-21.0,
1649689558429677248,-0.126892089844,-0.0849609375,-0.854431152344,0.496643066406,2874.0,499.0,7637.0,-18.0,12.0,-22.0,
1649689558434299707,-0.126770019531,-0.083984375,-0.855285644531,0.495422363281,2886.0,486.0,7645.0,-17.0,11.0,-22.0,
1649689558441388607,-0.126647949219,-0.0831298828125,-0.856079101562,0.494201660156,2902.0,479.0,7647.0,-17.0,10.0,-22.0,
1649689558445761203,-0.126586914062,-0.082275390625,-0.856872558594,0.492980957031,2928.0,482.0,7659.0,-17.0,9.0,-23.0,
1649689558450488328,-0.126647949219,-0.08154296875,-0.857666015625,0.49169921875,2956.0,492.0,7665.0,-16.0,7.0,-23.0,
1649689558455130815,-0.126770019531,-0.0808715820312,-0.858459472656,0.490417480469,2978.0,503.0,7682.0,-16.0,5.0,-23.0,
1649689558459318161,-0.127075195312,-0.080322265625,-0.859191894531,0.489074707031,2975.0,515.0,7689.0,-16.0,2.0,-23.0,
1649689558466453552,-0.12744140625,-0.0798950195312,-0.859924316406,0.48779296875,2967.0,515.0,7698.0,-15.0,0.0,-23.0,
1649689558471029520,-0.127807617188,-0.0794067382812,-0.860656738281,0.486511230469,2954.0,519.0,7714.0,-15.0,0.0,-22.0,
1649689558475848913,-0.128112792969,-0.0789184570312,-0.861328125,0.485290527344,2950.0,518.0,7727.0,-15.0,1.0,-22.0,
1649689558480890035,-0.128356933594,-0.0783081054688,-0.862060546875,0.484008789062,2940.0,525.0,7742.0,-16.0,2.0,-22.0,
1649689558487805843,-0.128540039062,-0.07763671875,-0.86279296875,0.482788085938,2930.0,529.0,7755.0,-17.0,3.0,-21.0,
1649689558492920160,-0.128723144531,-0.076904296875,-0.863525390625,0.481567382812,2925.0,532.0,7770.0,-17.0,4.0,-21.0,
1649689558497358322,-0.128845214844,-0.0761108398438,-0.864196777344,0.480346679688,2927.0,533.0,7775.0,-18.0,6.0,-21.0,
1649689558501852989,-0.12890625,-0.0753173828125,-0.864929199219,0.479187011719,2939.0,537.0,7780.0,-18.0,7.0,-20.0,
1649689558506407022,-0.129028320312,-0.074462890625,-0.865600585938,0.478088378906,2956.0,537.0,7787.0,-18.0,7.0,-20.0,
1649689558510898113,-0.129089355469,-0.0736694335938,-0.866271972656,0.476928710938,2973.0,535.0,7800.0,-17.0,7.0,-19.0,
1649689558515485286,-0.129211425781,-0.0729370117188,-0.866943359375,0.475830078125,2991.0,536.0,7805.0,-17.0,6.0,-19.0,
1649689558519986391,-0.12939453125,-0.072265625,-0.867553710938,0.474731445312,2992.0,542.0,7809.0,-16.0,5.0,-19.0,
1649689558524925708,-0.129577636719,-0.0716552734375,-0.868225097656,0.4736328125,2990.0,556.0,7822.0,-16.0,4.0,-19.0,
1649689558529130220,-0.129699707031,-0.071044921875,-0.868835449219,0.472534179688,2975.0,582.0,7825.0,-16.0,4.0,-19.0,
1649689558536226272,-0.129760742188,-0.0704956054688,-0.869445800781,0.471435546875,2965.0,615.0,7839.0,-15.0,5.0,-19.0,
1649689558540737867,-0.129760742188,-0.0699462890625,-0.8701171875,0.470336914062,2963.0,639.0,7843.0,-14.0,6.0,-19.0,
1649689558545693397,-0.129699707031,-0.0695190429688,-0.870727539062,0.469299316406,2974.0,657.0,7846.0,-12.0,6.0,-18.0,
1649689558550104141,-0.129638671875,-0.0692749023438,-0.871276855469,0.46826171875,2992.0,662.0,7858.0,-10.0,4.0,-18.0,
1649689558554447889,-0.129699707031,-0.069091796875,-0.871826171875,0.46728515625,3014.0,657.0,7880.0,-9.0,3.0,-18.0,
1649689558559120178,-0.129760742188,-0.0689697265625,-0.872314453125,0.46630859375,3025.0,643.0,7902.0,-7.0,2.0,-17.0,
1649689558566131114,-0.1298828125,-0.0689697265625,-0.872863769531,0.465393066406,3022.0,630.0,7936.0,-6.0,1.0,-17.0,
1649689558570727586,-0.129943847656,-0.0689697265625,-0.873291015625,0.464416503906,3012.0,619.0,7965.0,-6.0,0.0,-17.0,
1649689558575459241,-0.130004882812,-0.0690307617188,-0.873779296875,0.463562011719,2993.0,599.0,7983.0,-5.0,0.0,-16.0,
1649689558580852985,-0.130065917969,-0.069091796875,-0.874267578125,0.462646484375,2977.0,554.0,8001.0,-4.0,0.0,-16.0,
1649689558588148593,-0.130065917969,-0.069091796875,-0.874694824219,0.461791992188,2972.0,492.0,8026.0,-4.0,1.0,-16.0,
1649689558592915058,-0.130004882812,-0.0689697265625,-0.875122070312,0.460998535156,2984.0,420.0,8030.0,-5.0,3.0,-16.0,
1649689558597560644,-0.1298828125,-0.0687255859375,-0.875610351562,0.460144042969,3013.0,373.0,8038.0,-6.0,5.0,-16.0,
1649689558601645231,-0.129821777344,-0.0684814453125,-0.876159667969,0.459228515625,3042.0,340.0,8041.0,-6.0,5.0,-17.0,
1649689558606086969,-0.129760742188,-0.0682983398438,-0.876647949219,0.458312988281,3065.0,323.0,8047.0,-6.0,4.0,-17.0,
1649689558611443042,-0.129821777344,-0.0682983398438,-0.877136230469,0.457336425781,3078.0,301.0,8056.0,-5.0,2.0,-18.0,
1649689558616176128,-0.1298828125,-0.0682373046875,-0.877685546875,0.456298828125,3086.0,279.0,8046.0,-5.0,1.0,-19.0,
1649689558621310710,-0.129943847656,-0.0682373046875,-0.878234863281,0.455261230469,3093.0,253.0,8037.0,-5.0,2.0,-19.0,
1649689558625535726,-0.129943847656,-0.0681762695312,-0.878784179688,0.454162597656,3100.0,230.0,8036.0,-5.0,2.0,-20.0,
1649689558631854295,-0.129943847656,-0.0680541992188,-0.879333496094,0.453125,3102.0,212.0,8038.0,-5.0,3.0,-20.0,
1649689558636578083,-0.129760742188,-0.0679321289062,-0.8798828125,0.452026367188,3108.0,209.0,8041.0,-5.0,5.0,-20.0,
1649689558642116069,-0.129516601562,-0.0676879882812,-0.880493164062,0.451049804688,3113.0,215.0,8047.0,-5.0,8.0,-19.0,
1649689558646240234,-0.129028320312,-0.0673828125,-0.881103515625,0.450012207031,3130.0,222.0,8066.0,-6.0,12.0,-19.0,
1649689558650867223,-0.12841796875,-0.0669555664062,-0.881652832031,0.449096679688,3157.0,230.0,8097.0,-5.0,14.0,-18.0,
1649689558656985282,-0.127868652344,-0.0665893554688,-0.882263183594,0.4482421875,3188.0,227.0,8126.0,-5.0,14.0,-17.0,
1649689558661658525,-0.127380371094,-0.0662231445312,-0.882751464844,0.447387695312,3228.0,213.0,8166.0,-5.0,13.0,-16.0,
1649689558669805049,-0.127014160156,-0.0658569335938,-0.883239746094,0.446594238281,3250.0,191.0,8203.0,-6.0,12.0,-15.0,
1649689558672103881,-0.126708984375,-0.0654296875,-0.883728027344,0.44580078125,3267.0,173.0,8251.0,-7.0,10.0,-15.0,
1649689558675378322,-0.126586914062,-0.06494140625,-0.884216308594,0.444946289062,3274.0,153.0,8294.0,-9.0,8.0,-15.0,
1649689558681782007,-0.126586914062,-0.064453125,-0.884643554688,0.444152832031,3264.0,139.0,8326.0,-10.0,6.0,-15.0,
1649689558690985679,-0.126708984375,-0.06396484375,-0.885131835938,0.443237304688,3249.0,134.0,8359.0,-11.0,4.0,-15.0,
1649689558695266485,-0.126892089844,-0.0634765625,-0.885559082031,0.4423828125,3225.0,132.0,8390.0,-12.0,3.0,-16.0,
1649689558703678131,-0.127136230469,-0.06298828125,-0.886047363281,0.44140625,3193.0,132.0,8423.0,-12.0,2.0,-16.0,
1649689558783793926,-0.127380371094,-0.0625610351562,-0.886535644531,0.4404296875,3163.0,159.0,8460.0,-13.0,1.0,-17.0,
1649689558838508129,-0.127685546875,-0.0621337890625,-0.887023925781,0.439392089844,3127.0,200.0,8519.0,-13.0,0.0,-18.0,
1649689558924377202,-0.127990722656,-0.0617065429688,-0.887573242188,0.438293457031,3079.0,247.0,8560.0,-13.0,0.0,-18.0,
1649689558936824798,-0.128173828125,-0.0613403320312,-0.888061523438,0.437255859375,3028.0,294.0,8595.0,-13.0,0.0,-18.0,
1649689558955163240,-0.128356933594,-0.0609130859375,-0.888610839844,0.436157226562,2972.0,328.0,8643.0,-13.0,0.0,-19.0,
1649689558980603694,-0.128479003906,-0.0604248046875,-0.88916015625,0.43505859375,2927.0,346.0,8690.0,-13.0,2.0,-19.0,
1649689558983377695,-0.12841796875,-0.0597534179688,-0.889770507812,0.433959960938,2895.0,348.0,8714.0,-15.0,6.0,-18.0,
1649689558987167119,-0.128295898438,-0.0588989257812,-0.890319824219,0.432922363281,2880.0,343.0,8735.0,-16.0,8.0,-18.0,
1649689558996870517,-0.128173828125,-0.0579833984375,-0.890930175781,0.431823730469,2874.0,341.0,8749.0,-17.0,9.0,-18.0,
1649689559009304046,-0.128051757812,-0.0570678710938,-0.891540527344,0.430786132812,2868.0,333.0,8759.0,-18.0,9.0,-18.0,
1649689559014784336,-0.128051757812,-0.0560913085938,-0.89208984375,0.429748535156,2851.0,340.0,8771.0,-19.0,8.0,-18.0,
1649689559024898767,-0.128051757812,-0.0549926757812,-0.892700195312,0.428649902344,2834.0,362.0,8784.0,-20.0,8.0,-18.0,
1649689559027992248,-0.127990722656,-0.0538940429688,-0.893310546875,0.427551269531,2831.0,394.0,8783.0,-21.0,9.0,-18.0,
1649689559030964851,-0.1279296875,-0.052734375,-0.893859863281,0.426452636719,2834.0,425.0,8787.0,-22.0,9.0,-18.0,
1649689559035701513,-0.127990722656,-0.0515747070312,-0.894470214844,0.42529296875,2825.0,449.0,8785.0,-23.0,8.0,-18.0,
1649689559040379047,-0.128173828125,-0.0504760742188,-0.895080566406,0.424194335938,2804.0,463.0,8788.0,-24.0,7.0,-18.0,
1649689559044718265,-0.128356933594,-0.04931640625,-0.895629882812,0.423034667969,2785.0,470.0,8773.0,-25.0,5.0,-18.0,
1649689559050547599,-0.128601074219,-0.0480346679688,-0.896240234375,0.421875,2770.0,469.0,8756.0,-26.0,6.0,-18.0,
1649689559056774377,-0.128784179688,-0.046630859375,-0.896789550781,0.420715332031,2767.0,469.0,8736.0,-28.0,7.0,-18.0,
1649689559057557106,-0.129089355469,-0.045166015625,-0.897399902344,0.419555664062,2780.0,467.0,8711.0,-29.0,7.0,-17.0,
1649689559061148881,-0.129455566406,-0.0437622070312,-0.89794921875,0.418395996094,2785.0,463.0,8674.0,-30.0,6.0,-17.0,
1649689559062312602,-0.129943847656,-0.0423583984375,-0.8984375,0.417297363281,2777.0,462.0,8631.0,-30.0,4.0,-17.0,
1649689559065775156,-0.130493164062,-0.041015625,-0.898986816406,0.416198730469,2767.0,458.0,8564.0,-30.0,2.0,-16.0,
1649689559069189071,-0.131164550781,-0.0396728515625,-0.8994140625,0.415100097656,2759.0,452.0,8497.0,-30.0,1.0,-16.0,
1649689559073284626,-0.1318359375,-0.038330078125,-0.89990234375,0.414001464844,2759.0,448.0,8424.0,-30.0,1.0,-15.0,
1649689559074750185,-0.135925292969,-0.0333251953125,-0.90185546875,0.408874511719,2742.0,440.0,8103.0,-24.0,-6.0,-14.0,
1649689559077694177,-0.142639160156,-0.0274658203125,-0.9033203125,0.403686523438,3114.0,166.0,7038.0,-6.0,12.0,1.0,
1649689559078991889,-0.141235351562,-0.0267944335938,-0.903442382812,0.403930664062,3199.0,283.0,7099.0,-1.0,11.0,2.0,
1649689559084141016,-0.142517089844,-0.0316772460938,-0.903381347656,0.403198242188,2590.0,105.0,7581.0,1.0,7.0,-6.0,
1649689559088434219,-0.142150878906,-0.03173828125,-0.903564453125,0.402954101562,2621.0,98.0,7603.0,0.0,6.0,-5.0,
1649689559097054958,-0.141906738281,-0.0317993164062,-0.903686523438,0.402770996094,2639.0,84.0,7613.0,0.0,5.0,-4.0,
1649689559100274801,-0.1416015625,-0.0318603515625,-0.90380859375,0.402709960938,2648.0,69.0,7627.0,0.0,6.0,-2.0,
1649689559103449106,-0.141296386719,-0.0318603515625,-0.903869628906,0.402648925781,2669.0,61.0,7659.0,0.0,6.0,-2.0,
1649689559105797052,-0.141052246094,-0.0320434570312,-0.903930664062,0.402526855469,2686.0,72.0,7701.0,1.0,4.0,-2.0,
1649689559107014656,-0.141052246094,-0.0324096679688,-0.903930664062,0.402465820312,2694.0,97.0,7729.0,3.0,-2.0,-2.0,
1649689559110425949,-0.141235351562,-0.0330200195312,-0.903930664062,0.40234375,2673.0,123.0,7768.0,5.0,-6.0,-2.0,
1649689559111427068,-0.141418457031,-0.03369140625,-0.903930664062,0.402221679688,2639.0,138.0,7801.0,5.0,-6.0,-3.0,
1649689559112201929,-0.140930175781,-0.034423828125,-0.904113769531,0.401977539062,2605.0,147.0,7878.0,3.0,4.0,-4.0,
1649689559115052938,-0.140380859375,-0.0344848632812,-0.904296875,0.401794433594,2629.0,148.0,7938.0,1.0,9.0,-4.0,
1649689559115696191,-0.139709472656,-0.034423828125,-0.904479980469,0.401550292969,2667.0,153.0,7981.0,1.0,11.0,-5.0,
1649689559117797851,-0.139221191406,-0.0344848632812,-0.904663085938,0.4013671875,2708.0,152.0,8019.0,1.0,9.0,-4.0,
1649689559118480443,-0.138916015625,-0.0347290039062,-0.90478515625,0.401123046875,2739.0,147.0,8064.0,2.0,5.0,-4.0,
1649689559120146751,-0.138854980469,-0.0350952148438,-0.904846191406,0.400939941406,2753.0,144.0,8095.0,3.0,0.0,-4.0,
1649689559121491670,-0.139038085938,-0.0355834960938,-0.904907226562,0.400695800781,2749.0,144.0,8120.0,3.0,-4.0,-4.0,
1649689559122654199,-0.139221191406,-0.0360717773438,-0.904968261719,0.400512695312,2729.0,128.0,8146.0,3.0,-6.0,-5.0,
1649689559124593257,-0.139404296875,-0.0364990234375,-0.905029296875,0.400268554688,2705.0,102.0,8177.0,2.0,-5.0,-5.0,
1649689559125046491,-0.139465332031,-0.0366821289062,-0.905151367188,0.399963378906,2693.0,83.0,8193.0,0.0,-2.0,-5.0,
1649689559125598907,-0.139343261719,-0.0367431640625,-0.905334472656,0.399597167969,2689.0,69.0,8224.0,-2.0,2.0,-6.0,
1649689559125995874,-0.13916015625,-0.0365600585938,-0.905517578125,0.399230957031,2698.0,66.0,8264.0,-4.0,4.0,-7.0,
1649689559126666307,-0.138916015625,-0.036376953125,-0.905700683594,0.398864746094,2708.0,71.0,8299.0,-5.0,5.0,-7.0,
1649689559127007961,-0.138793945312,-0.0361328125,-0.905944824219,0.3984375,2708.0,82.0,8332.0,-6.0,5.0,-7.0,
1649689559127350330,-0.138610839844,-0.0359497070312,-0.906127929688,0.398010253906,2689.0,105.0,8368.0,-6.0,4.0,-7.0,
1649689559128045320,-0.138488769531,-0.0357055664062,-0.906372070312,0.397583007812,2673.0,140.0,8386.0,-6.0,4.0,-7.0,
1649689559128736019,-0.13818359375,-0.0355224609375,-0.906616210938,0.397155761719,2665.0,154.0,8395.0,-6.0,5.0,-7.0,
1649689559129108905,-0.137878417969,-0.0352172851562,-0.906860351562,0.396789550781,2677.0,166.0,8412.0,-6.0,7.0,-7.0,
1649689559129805326,-0.137451171875,-0.034912109375,-0.907043457031,0.396423339844,2703.0,173.0,8420.0,-6.0,9.0,-6.0,
1649689559130294561,-0.137084960938,-0.0346069335938,-0.907287597656,0.396057128906,2734.0,184.0,8434.0,-6.0,9.0,-6.0,
1649689559131334066,-0.136779785156,-0.0343627929688,-0.907470703125,0.395751953125,2766.0,182.0,8450.0,-5.0,8.0,-5.0,
1649689559135727167,-0.136596679688,-0.0342407226562,-0.907653808594,0.3955078125,2788.0,177.0,8469.0,-4.0,5.0,-5.0,
1649689559140331506,-0.136535644531,-0.0341796875,-0.90771484375,0.395263671875,2795.0,165.0,8485.0,-3.0,2.0,-4.0,
1649689559144820451,-0.136596679688,-0.0341796875,-0.907836914062,0.395080566406,2801.0,144.0,8491.0,-3.0,0.0,-3.0,
1649689559149625301,-0.136779785156,-0.0342407226562,-0.907836914062,0.394897460938,2789.0,121.0,8511.0,-3.0,-2.0,-3.0,
1649689559154081106,-0.137084960938,-0.0343017578125,-0.907836914062,0.394775390625,2768.0,94.0,8525.0,-3.0,-4.0,-2.0,
1649689559158740997,-0.137390136719,-0.0343627929688,-0.907836914062,0.394653320312,2723.0,62.0,8534.0,-4.0,-5.0,-2.0,
1649689559165975570,-0.137634277344,-0.0342407226562,-0.907897949219,0.39453125,2680.0,35.0,8532.0,-5.0,-4.0,-1.0,
1649689559170318603,-0.137756347656,-0.0339965820312,-0.907897949219,0.394470214844,2644.0,16.0,8539.0,-7.0,0.0,-1.0,
1649689559174960851,-0.137756347656,-0.0336303710938,-0.907958984375,0.394348144531,2618.0,4.0,8534.0,-8.0,2.0,-2.0,
1649689559179398298,-0.137817382812,-0.0332641601562,-0.908081054688,0.394165039062,2598.0,-14.0,8517.0,-8.0,1.0,-2.0,
1649689559183913469,-0.138000488281,-0.0328979492188,-0.908142089844,0.393981933594,2580.0,-28.0,8499.0,-8.0,0.0,-2.0,
1649689559188401699,-0.138244628906,-0.0325927734375,-0.908203125,0.393798828125,2563.0,-33.0,8481.0,-8.0,-2.0,-3.0,
1649689559199305772,-0.138488769531,-0.0323486328125,-0.908264160156,0.393615722656,2543.0,-48.0,8460.0,-8.0,-3.0,-3.0,
1649689559202388048,-0.138854980469,-0.0321044921875,-0.908325195312,0.393310546875,2522.0,-65.0,8441.0,-8.0,-4.0,-4.0,
1649689559208911418,-0.139221191406,-0.0318603515625,-0.908386230469,0.393005371094,2488.0,-70.0,8429.0,-9.0,-5.0,-4.0,
1649689559211793899,-0.139587402344,-0.0315551757812,-0.908508300781,0.392639160156,2451.0,-62.0,8402.0,-10.0,-4.0,-5.0,
1649689559216545104,-0.139831542969,-0.0311279296875,-0.908630371094,0.392272949219,2429.0,-51.0,8378.0,-11.0,-2.0,-6.0,
1649689559221244096,-0.139953613281,-0.0306396484375,-0.908813476562,0.391845703125,2428.0,-45.0,8346.0,-11.0,0.0,-6.0,
1649689559225940465,-0.140075683594,-0.0301513671875,-0.908996582031,0.391418457031,2438.0,-33.0,8306.0,-11.0,1.0,-7.0,
1649689559230148315,-0.140258789062,-0.0297241210938,-0.9091796875,0.390930175781,2446.0,-13.0,8252.0,-11.0,0.0,-7.0,
1649689559234728813,-0.140625,-0.0294799804688,-0.909362792969,0.390380859375,2458.0,5.0,8200.0,-10.0,-4.0,-8.0,
1649689559239411830,-0.141235351562,-0.0294799804688,-0.909545898438,0.389892578125,2449.0,19.0,8153.0,-7.0,-8.0,-8.0,
1649689559244077682,-0.141784667969,-0.0296020507812,-0.909606933594,0.389404296875,2442.0,26.0,8105.0,-6.0,-10.0,-8.0,
1649689559248990535,-0.142395019531,-0.0298461914062,-0.909729003906,0.388854980469,2434.0,24.0,8069.0,-4.0,-10.0,-9.0,
1649689559259445905,-0.142944335938,-0.0302124023438,-0.909851074219,0.388366699219,2425.0,10.0,8035.0,-2.0,-11.0,-9.0,
1649689559260264158,-0.143493652344,-0.0305786132812,-0.909973144531,0.387939453125,2415.0,-25.0,8008.0,-1.0,-11.0,-8.0,
1649689559264813423,-0.14404296875,-0.031005859375,-0.910034179688,0.387451171875,2402.0,-68.0,7984.0,0.0,-11.0,-8.0,
1649689559269471645,-0.144470214844,-0.0313110351562,-0.91015625,0.387023925781,2389.0,-121.0,7963.0,0.0,-9.0,-8.0,
1649689559273961067,-0.144714355469,-0.031494140625,-0.910339355469,0.386535644531,2398.0,-171.0,7953.0,-1.0,-5.0,-8.0,
1649689559280690193,-0.144714355469,-0.0314331054688,-0.910522460938,0.386047363281,2436.0,-199.0,7951.0,-3.0,0.0,-9.0,
1649689559285392284,-0.144592285156,-0.0311889648438,-0.910766601562,0.385559082031,2493.0,-206.0,7954.0,-5.0,5.0,-9.0,
1649689559289862632,-0.144409179688,-0.0308837890625,-0.911071777344,0.385009765625,2550.0,-200.0,7964.0,-6.0,6.0,-9.0,
1649689559294424533,-0.144226074219,-0.0306396484375,-0.911315917969,0.384460449219,2609.0,-186.0,8003.0,-6.0,6.0,-9.0,
1649689559302068948,-0.14404296875,-0.0302734375,-0.911560058594,0.383911132812,2632.0,-172.0,8010.0,-7.0,6.0,-10.0,
1649689559306335449,-0.144165039062,-0.0301513671875,-0.911865234375,0.383239746094,2639.0,-143.0,7988.0,-6.0,0.0,-11.0,
1649689559310697555,-0.144592285156,-0.0302734375,-0.912109375,0.382446289062,2618.0,-102.0,7973.0,-5.0,-6.0,-14.0,
1649689559315878152,-0.144836425781,-0.030517578125,-0.912414550781,0.381591796875,2591.0,-58.0,7975.0,-3.0,-5.0,-15.0,
1649689559319905519,-0.144958496094,-0.0307006835938,-0.912780761719,0.380676269531,2591.0,-17.0,7977.0,-3.0,-2.0,-16.0,
1649689559324337720,-0.144958496094,-0.0309448242188,-0.913208007812,0.379699707031,2607.0,12.0,7995.0,-2.0,-1.0,-17.0,
1649689559328871250,-0.14501953125,-0.03125,-0.91357421875,0.378723144531,2624.0,30.0,8027.0,-1.0,-1.0,-17.0,
1649689559333715200,-0.14501953125,-0.0315551757812,-0.913879394531,0.377868652344,2637.0,33.0,8060.0,0.0,-1.0,-16.0,
1649689559340530633,-0.14501953125,-0.0318603515625,-0.914245605469,0.377075195312,2647.0,27.0,8102.0,0.0,-1.0,-15.0,
1649689559345127582,-0.144897460938,-0.0320434570312,-0.91455078125,0.376342773438,2660.0,17.0,8138.0,0.0,1.0,-13.0,
1649689559351954698,-0.144714355469,-0.0321655273438,-0.914794921875,0.375732421875,2680.0,3.0,8166.0,-1.0,2.0,-12.0,
1649689559354264974,-0.14453125,-0.0322265625,-0.915100097656,0.375183105469,2717.0,-3.0,8190.0,-1.0,3.0,-10.0,
1649689559358886957,-0.144470214844,-0.0322875976562,-0.915283203125,0.374694824219,2767.0,-5.0,8201.0,-2.0,2.0,-9.0,
1649689559373183012,-0.14453125,-0.0324096679688,-0.915466308594,0.374206542969,2810.0,-3.0,8212.0,-2.0,0.0,-8.0,
1649689559373872995,-0.144653320312,-0.032470703125,-0.915588378906,0.373779296875,2823.0,12.0,8232.0,-3.0,-1.0,-7.0,
1649689559374572277,-0.144775390625,-0.032470703125,-0.915771484375,0.373352050781,2828.0,32.0,8251.0,-4.0,-1.0,-7.0,
1649689559390252590,-0.144775390625,-0.0324096679688,-0.915954589844,0.372924804688,2843.0,53.0,8256.0,-5.0,2.0,-7.0,
1649689559390778541,-0.144653320312,-0.0321655273438,-0.916137695312,0.372497558594,2875.0,72.0,8267.0,-6.0,4.0,-7.0,
1649689559391422510,-0.14453125,-0.0319213867188,-0.916320800781,0.372131347656,2911.0,89.0,8277.0,-7.0,6.0,-6.0,
1649689559403946161,-0.144470214844,-0.03173828125,-0.91650390625,0.371765136719,2928.0,110.0,8295.0,-6.0,4.0,-6.0,
1649689559405767917,-0.144592285156,-0.0316162109375,-0.916625976562,0.371398925781,2910.0,136.0,8320.0,-6.0,0.0,-5.0,
1649689559414714336,-0.144348144531,-0.0311889648438,-0.917053222656,0.370483398438,2844.0,183.0,8371.0,-6.0,5.0,-5.0,
1649689559425978899,-0.14404296875,-0.0308837890625,-0.917236328125,0.370239257812,2865.0,175.0,8388.0,-6.0,8.0,-4.0,
1649689559426829338,-0.143676757812,-0.030517578125,-0.917358398438,0.369934082031,2886.0,172.0,8426.0,-7.0,9.0,-4.0,
1649689559429648876,-0.143432617188,-0.0301513671875,-0.917541503906,0.369689941406,2900.0,171.0,8450.0,-7.0,7.0,-4.0,
1649689559434472084,-0.143310546875,-0.0298461914062,-0.917663574219,0.369506835938,2902.0,178.0,8478.0,-8.0,5.0,-3.0,
1649689559438730955,-0.143310546875,-0.029541015625,-0.917724609375,0.369262695312,2901.0,186.0,8493.0,-8.0,3.0,-2.0,
1649689559447080135,-0.143310546875,-0.0292358398438,-0.917846679688,0.369140625,2898.0,192.0,8499.0,-8.0,2.0,-2.0,
1649689559452441453,-0.143432617188,-0.0289916992188,-0.917846679688,0.368957519531,2902.0,194.0,8501.0,-8.0,1.0,-1.0,
1649689559456735134,-0.143676757812,-0.0287475585938,-0.917907714844,0.368835449219,2904.0,190.0,8501.0,-8.0,-1.0,-1.0,
1649689559461199283,-0.143981933594,-0.0285034179688,-0.917907714844,0.368713378906,2904.0,193.0,8487.0,-9.0,-2.0,-1.0,
1649689559467360734,-0.144287109375,-0.0281982421875,-0.917907714844,0.368530273438,2892.0,205.0,8467.0,-10.0,-2.0,-1.0,
1649689559470435619,-0.144592285156,-0.0278930664062,-0.91796875,0.368408203125,2879.0,208.0,8435.0,-10.0,-2.0,-1.0,
1649689559476032972,-0.144836425781,-0.0275268554688,-0.91796875,0.368225097656,2876.0,204.0,8406.0,-11.0,-1.0,-1.0,
1649689559480920314,-0.145080566406,-0.027099609375,-0.918029785156,0.368103027344,2888.0,196.0,8383.0,-11.0,0.0,-1.0,
1649689559485161066,-0.145324707031,-0.0267333984375,-0.918029785156,0.367980957031,2891.0,182.0,8360.0,-11.0,0.0,-1.0,
1649689559490048170,-0.145690917969,-0.0263671875,-0.918029785156,0.367858886719,2884.0,163.0,8343.0,-11.0,-2.0,0.0,
1649689559497854709,-0.146118164062,-0.0260620117188,-0.918029785156,0.367797851562,2875.0,128.0,8315.0,-10.0,-4.0,0.0,
1649689559501061201,-0.146545410156,-0.0256958007812,-0.91796875,0.36767578125,2867.0,93.0,8287.0,-11.0,-3.0,0.0,
1649689559506964921,-0.146911621094,-0.0252685546875,-0.91796875,0.367614746094,2866.0,68.0,8258.0,-11.0,-1.0,0.0,
1649689559514862537,-0.147155761719,-0.0247192382812,-0.91796875,0.367553710938,2867.0,70.0,8238.0,-11.0,1.0,0.0,
1649689559517981529,-0.147277832031,-0.0242309570312,-0.918029785156,0.367431640625,2883.0,83.0,8212.0,-12.0,2.0,0.0,
1649689559523002147,-0.1474609375,-0.0237426757812,-0.918029785156,0.367370605469,2912.0,82.0,8187.0,-11.0,2.0,0.0,
1649689559526791572,-0.147705078125,-0.0233154296875,-0.918029785156,0.367309570312,2950.0,57.0,8160.0,-11.0,1.0,1.0,
1649689559531343936,-0.148132324219,-0.0228881835938,-0.91796875,0.367309570312,2986.0,21.0,8124.0,-11.0,-1.0,1.0,
1649689559535429954,-0.148620605469,-0.0224609375,-0.917907714844,0.367248535156,3007.0,-22.0,8079.0,-12.0,-3.0,1.0,
1649689559542966127,-0.149169921875,-0.02197265625,-0.917846679688,0.367248535156,3024.0,-47.0,8020.0,-12.0,-4.0,2.0,
1649689559546157598,-0.149780273438,-0.0215454101562,-0.917785644531,0.367248535156,3034.0,-60.0,7957.0,-12.0,-5.0,2.0,
1649689559550037145,-0.150390625,-0.0210571289062,-0.917663574219,0.367248535156,3048.0,-68.0,7888.0,-12.0,-4.0,2.0,
1649689559558585882,-0.15087890625,-0.0205688476562,-0.917602539062,0.367309570312,3063.0,-83.0,7808.0,-13.0,-2.0,3.0,
1649689559562526226,-0.151245117188,-0.02001953125,-0.91748046875,0.367370605469,3078.0,-75.0,7755.0,-13.0,1.0,4.0,
1649689559566017389,-0.151428222656,-0.0194702148438,-0.917419433594,0.367492675781,3089.0,-42.0,7702.0,-12.0,2.0,4.0,
1649689559569458484,-0.151672363281,-0.0191040039062,-0.917358398438,0.367614746094,3080.0,12.0,7669.0,-10.0,1.0,4.0,
1649689559577234268,-0.151916503906,-0.0188598632812,-0.917236328125,0.367797851562,3060.0,52.0,7641.0,-8.0,0.0,5.0,
1649689559578432321,-0.152038574219,-0.0187377929688,-0.917114257812,0.368103027344,3032.0,77.0,7625.0,-6.0,0.0,6.0,
1649689559586799144,-0.152099609375,-0.0186767578125,-0.9169921875,0.368408203125,3020.0,97.0,7613.0,-4.0,2.0,7.0,
1649689559592282056,-0.151977539062,-0.0186157226562,-0.916809082031,0.368774414062,3009.0,129.0,7616.0,-3.0,3.0,7.0,
1649689559596215009,-0.151794433594,-0.0186157226562,-0.916687011719,0.369201660156,2999.0,169.0,7639.0,-2.0,5.0,7.0,
1649689559603100776,-0.151550292969,-0.0186767578125,-0.916564941406,0.36962890625,2981.0,204.0,7673.0,-1.0,5.0,8.0,
1649689559607667207,-0.151245117188,-0.018798828125,-0.916442871094,0.370056152344,2949.0,220.0,7717.0,0.0,4.0,8.0,
1649689559611262798,-0.151000976562,-0.0189208984375,-0.916259765625,0.37060546875,2910.0,220.0,7752.0,1.0,4.0,9.0,
1649689559616523981,-0.150756835938,-0.0191040039062,-0.916076660156,0.371154785156,2871.0,214.0,7809.0,2.0,3.0,10.0,
1649689559629336357,-0.150512695312,-0.019287109375,-0.915893554688,0.371765136719,2835.0,212.0,7872.0,2.0,3.0,10.0,
1649689559630555152,-0.150329589844,-0.0194702148438,-0.915649414062,0.372375488281,2809.0,210.0,7931.0,2.0,2.0,10.0,
1649689559632093429,-0.150207519531,-0.0196533203125,-0.915405273438,0.372924804688,2787.0,208.0,7993.0,1.0,0.0,10.0,
1649689559637540578,-0.150329589844,-0.0198974609375,-0.915161132812,0.373474121094,2745.0,197.0,8061.0,1.0,-3.0,10.0,
1649689559641363143,-0.150634765625,-0.0201416015625,-0.914916992188,0.3740234375,2683.0,181.0,8118.0,0.0,-7.0,9.0,
1649689559645573616,-0.150939941406,-0.0203857421875,-0.914672851562,0.37451171875,2614.0,173.0,8185.0,-1.0,-8.0,9.0,
1649689559650023937,-0.151184082031,-0.0205078125,-0.914428710938,0.374938964844,2549.0,169.0,8245.0,-2.0,-7.0,8.0,
1649689559654660940,-0.151428222656,-0.0205078125,-0.914245605469,0.375305175781,2493.0,179.0,8291.0,-4.0,-6.0,7.0,
1649689559659389972,-0.151611328125,-0.0205078125,-0.914123535156,0.375549316406,2447.0,195.0,8340.0,-4.0,-5.0,5.0,
1649689559667734861,-0.151733398438,-0.0205078125,-0.914001464844,0.375732421875,2401.0,228.0,8382.0,-4.0,-4.0,4.0,
1649689559671331405,-0.151733398438,-0.0205078125,-0.914001464844,0.375793457031,2368.0,261.0,8428.0,-4.0,-3.0,2.0,
1649689559675347566,-0.151611328125,-0.0205078125,-0.914001464844,0.375854492188,2353.0,276.0,8457.0,-4.0,0.0,1.0,
1649689559680806875,-0.151306152344,-0.0203857421875,-0.914001464844,0.375854492188,2365.0,273.0,8496.0,-4.0,3.0,1.0,
1649689559684738874,-0.151000976562,-0.0202026367188,-0.9140625,0.375854492188,2402.0,265.0,8537.0,-5.0,5.0,1.0,
1649689559689199924,-0.150695800781,-0.0199584960938,-0.914123535156,0.375854492188,2451.0,250.0,8577.0,-6.0,4.0,0.0,
1649689559695473194,-0.150695800781,-0.0198974609375,-0.914123535156,0.375854492188,2482.0,213.0,8613.0,-5.0,0.0,0.0,
1649689559700528860,-0.151000976562,-0.0198364257812,-0.914123535156,0.375854492188,2503.0,159.0,8640.0,-5.0,-4.0,1.0,
1649689559704542636,-0.151428222656,-0.0198364257812,-0.9140625,0.375854492188,2508.0,95.0,8656.0,-6.0,-7.0,1.0,
1649689559709527492,-0.151916503906,-0.0197143554688,-0.913940429688,0.375854492188,2507.0,43.0,8666.0,-7.0,-8.0,1.0,
1649689559716059684,-0.152465820312,-0.0195922851562,-0.913879394531,0.375854492188,2505.0,0.0,8667.0,-7.0,-9.0,1.0,
1649689559720790624,-0.153015136719,-0.0194702148438,-0.913757324219,0.375854492188,2499.0,-43.0,8654.0,-8.0,-9.0,1.0,
1649689559725460529,-0.153625488281,-0.019287109375,-0.913696289062,0.375854492188,2494.0,-92.0,8640.0,-8.0,-9.0,1.0,
1649689559731182336,-0.154174804688,-0.01904296875,-0.913635253906,0.375793457031,2487.0,-137.0,8608.0,-9.0,-8.0,1.0,
1649689559734627723,-0.154663085938,-0.0187377929688,-0.91357421875,0.375793457031,2482.0,-192.0,8585.0,-9.0,-7.0,1.0,
1649689559739361286,-0.155029296875,-0.018310546875,-0.913513183594,0.375732421875,2490.0,-255.0,8548.0,-10.0,-5.0,0.0,
1649689559744093418,-0.155395507812,-0.0177612304688,-0.913513183594,0.375610351562,2516.0,-308.0,8505.0,-12.0,-2.0,-1.0,
1649689559748663663,-0.155639648438,-0.01708984375,-0.91357421875,0.375366210938,2561.0,-345.0,8442.0,-13.0,0.0,-2.0,
1649689559753426074,-0.155883789062,-0.016357421875,-0.913635253906,0.375183105469,2616.0,-353.0,8381.0,-14.0,1.0,-2.0,
1649689559759847164,-0.156127929688,-0.015625,-0.913696289062,0.374877929688,2688.0,-348.0,8325.0,-15.0,2.0,-3.0,
1649689559764865636,-0.156372070312,-0.0149536132812,-0.913818359375,0.374572753906,2759.0,-328.0,8242.0,-15.0,3.0,-3.0,
1649689559769521951,-0.156616210938,-0.014404296875,-0.913879394531,0.374267578125,2773.0,-293.0,8139.0,-13.0,1.0,-4.0,
1649689559774639844,-0.157043457031,-0.01416015625,-0.914001464844,0.373901367188,2761.0,-272.0,8037.0,-10.0,-3.0,-5.0,
1649689559778977632,-0.157348632812,-0.0140380859375,-0.9140625,0.37353515625,2806.0,-261.0,7917.0,-7.0,-3.0,-5.0,
1649689559783289432,-0.157287597656,-0.0137939453125,-0.914184570312,0.373352050781,2911.0,-242.0,7798.0,-6.0,5.0,-3.0,
1649689559790214538,-0.157043457031,-0.013671875,-0.914306640625,0.373107910156,3045.0,-229.0,7705.0,-4.0,9.0,-3.0,
1649689559794910430,-0.157043457031,-0.0138549804688,-0.914428710938,0.372863769531,3133.0,-216.0,7634.0,0.0,3.0,-4.0,
1649689559799474477,-0.157470703125,-0.0144653320312,-0.914367675781,0.372741699219,3139.0,-194.0,7592.0,3.0,-5.0,-3.0,
1649689559804167270,-0.157958984375,-0.0151977539062,-0.914306640625,0.372619628906,3120.0,-180.0,7540.0,6.0,-10.0,-2.0,
1649689559808806896,-0.158203125,-0.015869140625,-0.914306640625,0.37255859375,3099.0,-170.0,7497.0,6.0,-5.0,-2.0,
1649689559815746545,-0.158020019531,-0.0162963867188,-0.914367675781,0.372497558594,3110.0,-182.0,7472.0,5.0,2.0,-2.0,
1649689559820368051,-0.157775878906,-0.0166015625,-0.914428710938,0.372436523438,3141.0,-194.0,7480.0,3.0,5.0,-2.0,
1649689559826319694,-0.157531738281,-0.016845703125,-0.914489746094,0.372375488281,3163.0,-194.0,7498.0,3.0,4.0,-2.0,
1649689559829978466,-0.157531738281,-0.01708984375,-0.91455078125,0.372192382812,3158.0,-180.0,7518.0,2.0,1.0,-3.0,
1649689559834422588,-0.157592773438,-0.0173950195312,-0.914611816406,0.3720703125,3125.0,-171.0,7541.0,1.0,0.0,-3.0,
1649689559842479467,-0.157470703125,-0.0174560546875,-0.914672851562,0.371948242188,3102.0,-155.0,7536.0,-1.0,3.0,-2.0,
1649689559843966484,-0.157165527344,-0.0175170898438,-0.914733886719,0.371826171875,3096.0,-132.0,7538.0,-1.0,6.0,-2.0,
1649689559849139928,-0.156799316406,-0.017578125,-0.914855957031,0.371826171875,3109.0,-104.0,7524.0,0.0,7.0,-1.0,
1649689559858061790,-0.156616210938,-0.017822265625,-0.914855957031,0.371826171875,3121.0,-74.0,7537.0,2.0,4.0,0.0,
1649689559862398386,-0.156555175781,-0.0183715820312,-0.914855957031,0.371887207031,3117.0,-49.0,7551.0,5.0,0.0,1.0,
1649689559867134809,-0.156555175781,-0.01904296875,-0.914733886719,0.372009277344,3064.0,-29.0,7552.0,7.0,-3.0,1.0,
1649689559869625329,-0.156677246094,-0.0199584960938,-0.914672851562,0.372131347656,3008.0,6.0,7588.0,10.0,-7.0,1.0,
1649689559873986244,-0.15673828125,-0.02099609375,-0.91455078125,0.372314453125,2954.0,12.0,7655.0,12.0,-6.0,1.0,
1649689559881555557,-0.156311035156,-0.021728515625,-0.91455078125,0.37255859375,2931.0,-25.0,7708.0,11.0,1.0,2.0,
1649689559883785247,-0.155822753906,-0.0222778320312,-0.914489746094,0.372802734375,2958.0,-80.0,7768.0,10.0,5.0,3.0,
1649689559892321825,-0.155334472656,-0.0227661132812,-0.914428710938,0.373107910156,3013.0,-116.0,7805.0,9.0,5.0,3.0,
1649689559897438287,-0.154968261719,-0.0232543945312,-0.914367675781,0.373413085938,3053.0,-119.0,7868.0,8.0,5.0,4.0,
1649689559902045726,-0.154846191406,-0.0238647460938,-0.914245605469,0.373718261719,3072.0,-93.0,7944.0,9.0,1.0,5.0,
1649689559906467676,-0.154968261719,-0.024658203125,-0.9140625,0.374145507812,3048.0,-59.0,8029.0,10.0,-6.0,5.0,
1649689559908481121,-0.1552734375,-0.0256958007812,-0.913757324219,0.374572753906,3021.0,-11.0,8096.0,11.0,-11.0,6.0,
1649689559918595790,-0.155578613281,-0.0267333984375,-0.913452148438,0.375061035156,3005.0,53.0,8143.0,12.0,-12.0,8.0,
1649689559922277212,-0.155822753906,-0.02783203125,-0.913146972656,0.375610351562,2984.0,115.0,8171.0,13.0,-10.0,8.0,
1649689559932940959,-0.156127929688,-0.0292358398438,-0.912841796875,0.376159667969,2911.0,138.0,8224.0,16.0,-13.0,7.0,
1649689559936351537,-0.156494140625,-0.03076171875,-0.912536621094,0.376708984375,2818.0,125.0,8332.0,19.0,-17.0,7.0,
1649689559940291166,-0.156616210938,-0.0321655273438,-0.912231445312,0.377258300781,2758.0,142.0,8439.0,18.0,-13.0,7.0,
1649689559943148374,-0.15625,-0.0331420898438,-0.912048339844,0.377807617188,2750.0,197.0,8525.0,16.0,-4.0,7.0,
1649689559953346729,-0.15576171875,-0.0341186523438,-0.911865234375,0.378295898438,2760.0,238.0,8597.0,14.0,0.0,7.0,
1649689559957410335,-0.155517578125,-0.03515625,-0.91162109375,0.378845214844,2733.0,226.0,8660.0,15.0,-5.0,7.0,
1649689559958758592,-0.155639648438,-0.0364379882812,-0.911315917969,0.37939453125,2698.0,174.0,8736.0,17.0,-11.0,8.0,
1649689559960571050,-0.15576171875,-0.03759765625,-0.911010742188,0.380004882812,2691.0,128.0,8810.0,16.0,-12.0,8.0,
1649689559964821815,-0.155700683594,-0.0383911132812,-0.910766601562,0.380554199219,2705.0,126.0,8893.0,12.0,-7.0,8.0,
1649689559969548225,-0.155639648438,-0.0390625,-0.910522460938,0.381042480469,2703.0,149.0,8937.0,9.0,-5.0,7.0,
1649689559974008321,-0.155822753906,-0.0398559570312,-0.910278320312,0.381530761719,2664.0,159.0,8951.0,8.0,-10.0,7.0,
1649689559981077909,-0.156127929688,-0.0406494140625,-0.910034179688,0.381958007812,2608.0,151.0,8918.0,9.0,-13.0,7.0,
1649689559985654830,-0.156372070312,-0.0414428710938,-0.909790039062,0.38232421875,2572.0,133.0,8860.0,9.0,-11.0,5.0,
1649689559989882946,-0.156188964844,-0.0419311523438,-0.90966796875,0.382568359375,2588.0,132.0,8864.0,7.0,-3.0,3.0,
1649689559994803428,-0.155639648438,-0.0421752929688,-0.90966796875,0.3828125,2686.0,176.0,8818.0,5.0,6.0,2.0,
1649689559999452590,-0.155029296875,-0.0424194335938,-0.909729003906,0.382934570312,2778.0,263.0,8744.0,5.0,9.0,1.0,
1649689560006747484,-0.15478515625,-0.0432739257812,-0.909729003906,0.382934570312,2827.0,330.0,8714.0,9.0,0.0,-1.0,
1649689560012093782,-0.155029296875,-0.044677734375,-0.909545898438,0.383056640625,2860.0,350.0,8705.0,15.0,-12.0,-1.0,
1649689560070796251,-0.155456542969,-0.0462036132812,-0.909301757812,0.383239746094,2878.0,362.0,8714.0,18.0,-16.0,2.0,
1649689560072178840,-0.155822753906,-0.0476684570312,-0.909057617188,0.383544921875,2845.0,351.0,8719.0,17.0,-16.0,3.0,
1649689560072892665,-0.156555175781,-0.0493774414062,-0.90869140625,0.383850097656,2793.0,316.0,8706.0,19.0,-23.0,3.0,
1649689560073802471,-0.157409667969,-0.0511474609375,-0.908325195312,0.384216308594,2697.0,277.0,8674.0,21.0,-27.0,4.0,
1649689560075023651,-0.158020019531,-0.0527954101562,-0.907897949219,0.384704589844,2590.0,221.0,8640.0,20.0,-24.0,5.0,
1649689560075763225,-0.158203125,-0.0540771484375,-0.907592773438,0.385131835938,2517.0,170.0,8595.0,18.0,-15.0,5.0,
1649689560077521085,-0.157897949219,-0.0548095703125,-0.907470703125,0.385559082031,2508.0,135.0,8598.0,14.0,-3.0,5.0,
1649689560078198194,-0.157165527344,-0.0551147460938,-0.907409667969,0.385986328125,2589.0,139.0,8553.0,9.0,7.0,5.0,
1649689560079122066,-0.156433105469,-0.0553588867188,-0.907348632812,0.386352539062,2716.0,182.0,8561.0,7.0,9.0,4.0,
1649689560079943180,-0.156127929688,-0.0558471679688,-0.9072265625,0.386657714844,2818.0,224.0,8532.0,8.0,2.0,4.0,
1649689560082417964,-0.156616210938,-0.0569458007812,-0.906921386719,0.387023925781,2844.0,220.0,8493.0,11.0,-13.0,5.0,
1649689560083413362,-0.15771484375,-0.0584716796875,-0.906433105469,0.387512207031,2820.0,152.0,8471.0,16.0,-26.0,7.0,
1649689560084200859,-0.158996582031,-0.06005859375,-0.905883789062,0.388061523438,2779.0,57.0,8414.0,17.0,-31.0,8.0,
1649689560085130214,-0.160339355469,-0.0615844726562,-0.9052734375,0.388549804688,2786.0,-50.0,8365.0,17.0,-32.0,8.0,
1649689560085749149,-0.16162109375,-0.0628051757812,-0.90478515625,0.389038085938,2810.0,-113.0,8276.0,13.0,-29.0,8.0,
1649689560089649915,-0.162841796875,-0.0638427734375,-0.904296875,0.389526367188,2845.0,-146.0,8193.0,9.0,-26.0,7.0,
1649689560095684766,-0.1640625,-0.0646362304688,-0.903869628906,0.389892578125,2894.0,-141.0,8090.0,6.0,-23.0,7.0,
1649689560099023818,-0.165100097656,-0.0653076171875,-0.903442382812,0.390197753906,2925.0,-119.0,7991.0,4.0,-20.0,6.0,
1649689560104846000,-0.166198730469,-0.0659790039062,-0.903137207031,0.390441894531,2950.0,-111.0,7913.0,3.0,-20.0,5.0,
1649689560107849359,-0.167358398438,-0.066650390625,-0.902770996094,0.390686035156,2969.0,-119.0,7838.0,3.0,-22.0,5.0,
1649689560114601612,-0.168518066406,-0.0671997070312,-0.902404785156,0.390930175781,2970.0,-128.0,7765.0,2.0,-21.0,5.0,
1649689560119266510,-0.169799804688,-0.0678100585938,-0.902038574219,0.391052246094,2951.0,-134.0,7707.0,1.0,-24.0,3.0,
1649689560126271724,-0.171142578125,-0.0684814453125,-0.901733398438,0.39111328125,2928.0,-121.0,7618.0,1.0,-26.0,2.0,
1649689560130852460,-0.172302246094,-0.0689697265625,-0.901428222656,0.39111328125,2884.0,-93.0,7520.0,0.0,-21.0,1.0,
1649689560135254383,-0.172912597656,-0.0691528320312,-0.901306152344,0.39111328125,2863.0,-66.0,7434.0,-2.0,-12.0,1.0,
1649689560139566183,-0.173095703125,-0.069091796875,-0.901306152344,0.39111328125,2886.0,-48.0,7400.0,-4.0,-2.0,1.0,
1649689560144118070,-0.1728515625,-0.068603515625,-0.9013671875,0.391174316406,2932.0,-43.0,7379.0,-6.0,7.0,1.0,
1649689560148698568,-0.172546386719,-0.0679931640625,-0.901428222656,0.391235351562,2996.0,-27.0,7295.0,-8.0,9.0,1.0,
1649689560154350519,-0.172424316406,-0.0675048828125,-0.901489257812,0.391235351562,3018.0,8.0,7268.0,-7.0,7.0,1.0,
1649689560157883405,-0.172485351562,-0.0671997070312,-0.901489257812,0.391296386719,2987.0,43.0,7254.0,-6.0,2.0,1.0,
1649689560164455652,-0.172668457031,-0.067138671875,-0.901489257812,0.391235351562,2930.0,58.0,7248.0,-4.0,-3.0,0.0,
1649689560169211864,-0.1728515625,-0.067138671875,-0.901428222656,0.391235351562,2894.0,44.0,7254.0,-3.0,-4.0,-1.0,
1649689560173817634,-0.172790527344,-0.0668334960938,-0.901489257812,0.391174316406,2897.0,22.0,7272.0,-5.0,2.0,-1.0,
1649689560178454637,-0.172485351562,-0.066162109375,-0.901672363281,0.39111328125,2927.0,21.0,7252.0,-9.0,9.0,-1.0,
1649689560182951450,-0.172058105469,-0.0652465820312,-0.90185546875,0.391052246094,2928.0,51.0,7230.0,-13.0,14.0,0.0,
1649689560189610242,-0.171508789062,-0.064208984375,-0.902038574219,0.390991210938,2904.0,74.0,7275.0,-14.0,16.0,0.0,
1649689560194241762,-0.170776367188,-0.0630493164062,-0.902221679688,0.390991210938,2927.0,80.0,7363.0,-14.0,18.0,1.0,
1649689560198945999,-0.169921875,-0.0616455078125,-0.902465820312,0.39111328125,2994.0,160.0,7368.0,-16.0,22.0,3.0,
1649689560203400135,-0.169189453125,-0.0603637695312,-0.902648925781,0.391235351562,3006.0,256.0,7481.0,-18.0,21.0,4.0,
1649689560207997798,-0.168762207031,-0.0593872070312,-0.902709960938,0.391235351562,3023.0,248.0,7602.0,-15.0,12.0,3.0,
1649689560214633703,-0.168701171875,-0.0585327148438,-0.902709960938,0.391479492188,3059.0,271.0,7608.0,-14.0,7.0,6.0,
1649689560221648931,-0.168701171875,-0.0576782226562,-0.902648925781,0.391723632812,3048.0,337.0,7655.0,-15.0,6.0,7.0,
1649689560226227760,-0.168701171875,-0.0570068359375,-0.902648925781,0.391845703125,3002.0,440.0,7681.0,-13.0,4.0,5.0,
1649689560231328487,-0.168518066406,-0.0564575195312,-0.902587890625,0.392150878906,2937.0,546.0,7727.0,-11.0,5.0,7.0,
1649689560236512184,-0.167907714844,-0.0558471679688,-0.902587890625,0.392578125,2912.0,601.0,7738.0,-10.0,11.0,9.0,
1649689560240238428,-0.167236328125,-0.0552978515625,-0.902526855469,0.393005371094,2937.0,595.0,7784.0,-7.0,13.0,9.0,
1649689560249337196,-0.166687011719,-0.054931640625,-0.902465820312,0.393493652344,2941.0,549.0,7840.0,-4.0,11.0,9.0,
1649689560257960796,-0.166381835938,-0.0546875,-0.90234375,0.393920898438,2911.0,483.0,7889.0,-3.0,5.0,8.0,
1649689560258980751,-0.166259765625,-0.0543823242188,-0.902221679688,0.394287109375,2848.0,433.0,7924.0,-4.0,2.0,7.0,
1649689560260583639,-0.166137695312,-0.0540161132812,-0.902099609375,0.394592285156,2791.0,376.0,7967.0,-6.0,2.0,6.0,
1649689560343922615,-0.165893554688,-0.0535278320312,-0.902099609375,0.394836425781,2759.0,317.0,7967.0,-8.0,5.0,5.0,
1649689560348090410,-0.16552734375,-0.052734375,-0.902099609375,0.395080566406,2767.0,272.0,7972.0,-10.0,9.0,4.0,
1649689560564912080,-0.164916992188,-0.0517578125,-0.902221679688,0.395202636719,2793.0,242.0,7992.0,-12.0,14.0,4.0,
1649689560613157749,-0.164306640625,-0.0507202148438,-0.90234375,0.395324707031,2841.0,244.0,7990.0,-14.0,16.0,3.0,
1649689560851114273,-0.163940429688,-0.0498657226562,-0.902465820312,0.395324707031,2838.0,282.0,8044.0,-12.0,12.0,2.0,
1649689561287793159,-0.163879394531,-0.0488891601562,-0.90283203125,0.39453125,2691.0,271.0,8025.0,-11.0,-1.0,-7.0,
1649689562205587625,-0.163696289062,-0.04833984375,-0.903076171875,0.394165039062,2661.0,221.0,8027.0,-10.0,4.0,-6.0,
