1649339317938909530,-0.877502441406,-0.416442871094,0.23193359375,-0.0527954101562,-4054.0,1839.0,-6467.0,127.0,-16.0,-25.0,
1649339317945690393,-0.876220703125,-0.414672851562,0.243225097656,-0.0347900390625,-3889.0,1687.0,-6459.0,118.0,-14.0,-26.0,
1649339317980534076,-0.875122070312,-0.413696289062,0.250122070312,-0.0233764648438,-3754.0,1521.0,-6492.0,114.0,-12.0,-27.0,
1649339317985737323,-0.873962402344,-0.412719726562,0.256408691406,-0.0116577148438,-3502.0,1282.0,-6553.0,114.0,-9.0,-26.0,
1649339317997948408,-0.872741699219,-0.411560058594,0.262756347656,0.00042724609375,-3240.0,955.0,-6558.0,118.0,-11.0,-25.0,
1649339318009967327,-0.860229492188,-0.368896484375,0.325866699219,0.133178710938,-2388.0,-4005.0,-5720.0,138.0,3.0,21.0,
1649339318016878366,-0.858703613281,-0.361022949219,0.33251953125,0.147583007812,-2303.0,-4557.0,-5582.0,137.0,-5.0,27.0,
1649339318028104782,-0.856689453125,-0.352844238281,0.339904785156,0.161376953125,-2268.0,-5097.0,-5414.0,134.0,-11.0,30.0,
1649339318043142318,-0.855651855469,-0.348754882812,0.343627929688,0.168029785156,-2260.0,-5339.0,-5314.0,132.0,-12.0,31.0,
1649339318051225423,-0.834167480469,-0.262939453125,0.402893066406,0.269653320312,-5260.0,-6626.0,-3820.0,72.0,58.0,11.0,
1649339318057674169,-0.83447265625,-0.259948730469,0.401184082031,0.274169921875,-5273.0,-6533.0,-3860.0,69.0,61.0,4.0,
1649339318060251235,-0.834838867188,-0.257202148438,0.399047851562,0.278686523438,-5244.0,-6416.0,-3915.0,67.0,65.0,-2.0,
1649339318063107490,-0.835388183594,-0.254516601562,0.396301269531,0.283325195312,-5189.0,-6271.0,-3958.0,66.0,74.0,-6.0,
1649339318068799734,-0.836791992188,-0.249206542969,0.390014648438,0.292602539062,-4962.0,-6004.0,-4105.0,63.0,81.0,-7.0,
1649339318072690725,-0.837524414062,-0.24658203125,0.386779785156,0.296936035156,-4825.0,-5915.0,-4218.0,61.0,79.0,-5.0,
1649339318075162887,-0.838317871094,-0.243957519531,0.383666992188,0.300964355469,-4677.0,-5848.0,-4356.0,57.0,75.0,-2.0,
1649339318088748455,-0.839111328125,-0.241333007812,0.380737304688,0.304565429688,-4540.0,-5795.0,-4487.0,52.0,70.0,1.0,
1649339318092697620,-0.83984375,-0.238830566406,0.378051757812,0.307678222656,-4431.0,-5726.0,-4616.0,47.0,63.0,4.0,
1649339318096650600,-0.840637207031,-0.236389160156,0.375732421875,0.310363769531,-4335.0,-5644.0,-4762.0,42.0,58.0,8.0,
1649339318113820552,-0.841430664062,-0.233947753906,0.37353515625,0.312683105469,-4235.0,-5539.0,-4899.0,38.0,53.0,11.0,
1649339318116274118,-0.842224121094,-0.2314453125,0.371520996094,0.314697265625,-4165.0,-5415.0,-5022.0,36.0,50.0,13.0,
1649339318124519824,-0.843017578125,-0.22900390625,0.369567871094,0.316650390625,-4144.0,-5262.0,-5144.0,36.0,48.0,13.0,
1649339318133333921,-0.843811035156,-0.2265625,0.36767578125,0.318542480469,-4138.0,-5090.0,-5252.0,36.0,48.0,12.0,
1649339318170002698,-0.853088378906,-0.202026367188,0.342712402344,0.337707519531,-2406.0,-4598.0,-5445.0,19.0,49.0,25.0,
1649339318177464246,-0.854370117188,-0.199340820312,0.340454101562,0.338317871094,-2189.0,-4614.0,-5395.0,14.0,49.0,31.0,
1649339318185650348,-0.855712890625,-0.196594238281,0.33837890625,0.338562011719,-2016.0,-4620.0,-5343.0,8.0,46.0,35.0,
1649339318193150520,-0.888671875,-0.165100097656,0.288940429688,0.315490722656,-3040.0,-4794.0,-6088.0,-3.0,-13.0,0.0,
1649339318197620630,-0.887451171875,-0.16552734375,0.292236328125,0.315612792969,-3298.0,-4937.0,-6161.0,8.0,-5.0,-2.0,
1649339318208055734,-0.887329101562,-0.165588378906,0.292236328125,0.315979003906,-3288.0,-5026.0,-6122.0,8.0,-3.0,-3.0,
1649339318232054710,-0.887023925781,-0.166137695312,0.29150390625,0.317138671875,-3260.0,-5227.0,-5982.0,4.0,4.0,-8.0,
1649339318239970922,-0.887023925781,-0.166564941406,0.29052734375,0.317810058594,-3139.0,-5213.0,-5903.0,5.0,5.0,-6.0,
1649339318247154474,-0.887084960938,-0.16650390625,0.2900390625,0.318176269531,-3060.0,-5221.0,-5802.0,5.0,6.0,-3.0,
1649339318252135753,-0.887390136719,-0.166137695312,0.289123535156,0.318420410156,-3163.0,-5112.0,-5504.0,-1.0,8.0,1.0,
1649339318256965398,-0.889343261719,-0.163757324219,0.285522460938,0.3173828125,-2486.0,-5081.0,-5505.0,-2.0,13.0,14.0,
1649339318260614871,-0.8896484375,-0.163269042969,0.284973144531,0.317321777344,-2373.0,-5121.0,-5514.0,0.0,4.0,10.0,
1649339318270900726,-0.8896484375,-0.163146972656,0.284973144531,0.317321777344,-2382.0,-5203.0,-5545.0,1.0,-4.0,6.0,
1649339318280532598,-0.889526367188,-0.163208007812,0.285400390625,0.317260742188,-2451.0,-5275.0,-5615.0,1.0,-11.0,4.0,
1649339318293613672,-0.889404296875,-0.163269042969,0.285949707031,0.317138671875,-2542.0,-5281.0,-5684.0,1.0,-12.0,3.0,
1649339318303376913,-0.889282226562,-0.163391113281,0.286499023438,0.317016601562,-2634.0,-5245.0,-5733.0,1.0,-12.0,2.0,
1649339318308570861,-0.889099121094,-0.16357421875,0.286987304688,0.31689453125,-2727.0,-5191.0,-5781.0,2.0,-11.0,0.0,
1649339318331582784,-0.888977050781,-0.163818359375,0.287353515625,0.316772460938,-2807.0,-5153.0,-5849.0,2.0,-10.0,-3.0,
1649339318344655513,-0.888854980469,-0.164123535156,0.287719726562,0.316711425781,-2864.0,-5127.0,-5920.0,2.0,-10.0,-4.0,
1649339318356200933,-0.888671875,-0.164489746094,0.2880859375,0.316650390625,-2928.0,-5082.0,-6009.0,3.0,-11.0,-5.0,
1649339318428606748,-0.888427734375,-0.164916992188,0.288391113281,0.316711425781,-3039.0,-5015.0,-6111.0,5.0,-11.0,-6.0,
1649339318451766967,-0.888244628906,-0.165283203125,0.288696289062,0.316772460938,-3183.0,-4969.0,-6228.0,7.0,-9.0,-8.0,
1649339318463068485,-0.887756347656,-0.166137695312,0.288146972656,0.318237304688,-3359.0,-4988.0,-6657.0,14.0,4.0,-12.0,
1649339318470635890,-0.887573242188,-0.166564941406,0.287536621094,0.319091796875,-3371.0,-4980.0,-6769.0,17.0,4.0,-15.0,
1649339318482092857,-0.886901855469,-0.167602539062,0.286560058594,0.3212890625,-3372.0,-4999.0,-6972.0,22.0,1.0,-18.0,
1649339318485861778,-0.886413574219,-0.168212890625,0.286254882812,0.322570800781,-3322.0,-5042.0,-7081.0,23.0,-2.0,-18.0,
1649339318491491079,-0.881713867188,-0.17138671875,0.290283203125,0.330078125,-3036.0,-5331.0,-7516.0,32.0,-31.0,-7.0,
1649339318495218276,-0.880615234375,-0.171813964844,0.2919921875,0.331298828125,-3095.0,-5339.0,-7511.0,33.0,-34.0,-6.0,
1649339318506305217,-0.879455566406,-0.172180175781,0.293884277344,0.33251953125,-3200.0,-5337.0,-7478.0,34.0,-35.0,-6.0,
1649339318512246131,-0.877136230469,-0.172912597656,0.297485351562,0.335021972656,-3425.0,-5278.0,-7373.0,35.0,-32.0,-8.0,
1649339318520900249,-0.876037597656,-0.173217773438,0.299072265625,0.336364746094,-3484.0,-5243.0,-7274.0,35.0,-28.0,-9.0,
1649339318526352643,-0.874938964844,-0.173522949219,0.300415039062,0.337829589844,-3532.0,-5215.0,-7157.0,35.0,-26.0,-10.0,
1649339318544270992,-0.867919921875,-0.177124023438,0.308471679688,0.346740722656,-3552.0,-5233.0,-6438.0,24.0,-22.0,-12.0,
1649339318640859365,-0.867065429688,-0.177734375,0.309448242188,0.34765625,-3564.0,-5209.0,-6393.0,22.0,-22.0,-12.0,
1649339318646470069,-0.866271972656,-0.178466796875,0.310424804688,0.348449707031,-3543.0,-5179.0,-6368.0,21.0,-22.0,-13.0,
1649339318655458450,-0.865478515625,-0.17919921875,0.311340332031,0.349182128906,-3487.0,-5138.0,-6362.0,20.0,-22.0,-14.0,
1649339318662941217,-0.863830566406,-0.181091308594,0.313171386719,0.350708007812,-3481.0,-5033.0,-6404.0,20.0,-25.0,-17.0,
1649339318669802427,-0.862915039062,-0.182067871094,0.314147949219,0.351501464844,-3488.0,-4996.0,-6444.0,22.0,-25.0,-18.0,
1649339318674157381,-0.861083984375,-0.183959960938,0.315979003906,0.353332519531,-3506.0,-4996.0,-6514.0,25.0,-24.0,-19.0,
1649339318679555654,-0.859130859375,-0.185974121094,0.317443847656,0.355773925781,-3527.0,-5138.0,-6579.0,28.0,-20.0,-22.0,
1649339318688610076,-0.854919433594,-0.190795898438,0.31884765625,0.362121582031,-3215.0,-5518.0,-6744.0,30.0,-18.0,-29.0,
1649339318698630332,-0.851135253906,-0.195739746094,0.320434570312,0.366882324219,-2924.0,-5604.0,-6891.0,32.0,-29.0,-31.0,
1649339318703897953,-0.846496582031,-0.201049804688,0.324035644531,0.371520996094,-2739.0,-5614.0,-6938.0,36.0,-41.0,-29.0,
1649339318713896036,-0.836853027344,-0.211975097656,0.333801269531,0.378662109375,-2563.0,-5772.0,-6682.0,31.0,-61.0,-34.0,
1649339318715818166,-0.834655761719,-0.214721679688,0.336181640625,0.379760742188,-2620.0,-5711.0,-6585.0,30.0,-63.0,-36.0,
1649339318722582817,-0.792907714844,-0.282104492188,0.374450683594,0.389282226562,-2516.0,-4304.0,-3048.0,-22.0,-61.0,-52.0,
1649339318724521398,-0.7900390625,-0.291198730469,0.376342773438,0.386535644531,-2340.0,-4317.0,-2871.0,-35.0,-56.0,-52.0,
1649339318726502895,-0.787902832031,-0.300903320312,0.377136230469,0.382690429688,-2259.0,-4354.0,-2808.0,-49.0,-52.0,-55.0,
1649339318728462219,-0.787048339844,-0.306030273438,0.377075195312,0.38037109375,-2266.0,-4362.0,-2803.0,-55.0,-49.0,-57.0,
1649339318732098102,-0.786499023438,-0.311157226562,0.376647949219,0.3779296875,-2266.0,-4366.0,-2822.0,-61.0,-43.0,-59.0,
1649339318738090515,-0.7861328125,-0.316223144531,0.375671386719,0.375366210938,-2248.0,-4380.0,-2856.0,-65.0,-35.0,-59.0,
1649339318741769552,-0.785949707031,-0.321228027344,0.374267578125,0.372863769531,-2203.0,-4415.0,-2903.0,-68.0,-27.0,-59.0,
1649339318745471715,-0.786071777344,-0.325988769531,0.372436523438,0.370361328125,-2123.0,-4472.0,-2961.0,-70.0,-20.0,-58.0,
1649339318747518777,-0.786743164062,-0.335144042969,0.367736816406,0.365417480469,-1906.0,-4614.0,-3126.0,-74.0,-8.0,-54.0,
1649339318752021312,-0.787292480469,-0.339538574219,0.365051269531,0.36279296875,-1819.0,-4670.0,-3227.0,-76.0,-6.0,-52.0,
1649339318755899906,-0.788879394531,-0.348022460938,0.359130859375,0.357177734375,-1676.0,-4791.0,-3563.0,-81.0,1.0,-49.0,
1649339318762192487,-0.789978027344,-0.352111816406,0.355651855469,0.354248046875,-1537.0,-4840.0,-3753.0,-83.0,7.0,-47.0,
1649339318825137138,-0.792602539062,-0.359619140625,0.347778320312,0.348571777344,-1209.0,-4901.0,-4075.0,-84.0,18.0,-43.0,
1649339318827273130,-0.794006347656,-0.363220214844,0.343627929688,0.345764160156,-1063.0,-4918.0,-4249.0,-84.0,20.0,-42.0,
1649339318829241037,-0.832458496094,-0.392333984375,0.259399414062,0.293029785156,499.0,-5621.0,-8169.0,-46.0,50.0,30.0,
1649339318831135034,-0.834899902344,-0.390625,0.255676269531,0.291564941406,622.0,-5630.0,-8258.0,-42.0,50.0,34.0,
1649339318834795475,-0.839416503906,-0.386962890625,0.249389648438,0.288940429688,822.0,-5609.0,-8296.0,-32.0,38.0,39.0,
1649339318840262651,-0.841369628906,-0.385070800781,0.247253417969,0.287658691406,847.0,-5621.0,-8260.0,-26.0,27.0,41.0,
1649339318847670078,-0.843078613281,-0.383056640625,0.246032714844,0.286376953125,857.0,-5647.0,-8194.0,-21.0,16.0,45.0,
1649339318851401329,-0.844665527344,-0.380859375,0.24560546875,0.284973144531,836.0,-5665.0,-8123.0,-16.0,5.0,50.0,
1649339318856973409,-0.846130371094,-0.378479003906,0.245910644531,0.283508300781,735.0,-5660.0,-8054.0,-13.0,-5.0,56.0,
1649339318864517450,-0.847595214844,-0.375854492188,0.246948242188,0.28173828125,549.0,-5644.0,-7982.0,-10.0,-15.0,62.0,
1649339318869914293,-0.848999023438,-0.372985839844,0.248718261719,0.279724121094,317.0,-5597.0,-7942.0,-8.0,-23.0,68.0,
1649339318875737905,-0.851867675781,-0.366394042969,0.253845214844,0.275024414062,-222.0,-5492.0,-7935.0,-5.0,-37.0,79.0,
1649339318877882957,-0.853271484375,-0.362854003906,0.257141113281,0.2724609375,-527.0,-5435.0,-7926.0,-2.0,-42.0,84.0,
1649339318902063131,-0.856079101562,-0.354675292969,0.264343261719,0.267456054688,-1197.0,-5300.0,-7942.0,5.0,-41.0,92.0,
1649339318912624120,-0.857604980469,-0.349914550781,0.267761230469,0.265319824219,-1488.0,-5234.0,-7924.0,10.0,-33.0,97.0,
1649339318915100097,-0.859252929688,-0.344604492188,0.270935058594,0.263732910156,-1723.0,-5156.0,-7869.0,17.0,-24.0,102.0,
1649339318919041872,-0.860900878906,-0.3388671875,0.273986816406,0.262573242188,-1905.0,-5063.0,-7794.0,25.0,-18.0,106.0,
1649339318921133995,-0.862487792969,-0.332824707031,0.277099609375,0.261962890625,-2055.0,-4970.0,-7705.0,34.0,-15.0,108.0,
1649339318925644874,-0.863891601562,-0.326477050781,0.2802734375,0.261901855469,-2174.0,-4887.0,-7568.0,44.0,-13.0,109.0,
1649339318933945655,-0.865112304688,-0.319885253906,0.283630371094,0.262390136719,-2284.0,-4809.0,-7404.0,54.0,-12.0,110.0,
1649339318939711809,-0.8662109375,-0.313110351562,0.287048339844,0.263305664062,-2404.0,-4729.0,-7241.0,62.0,-10.0,110.0,
1649339318953741073,-0.867065429688,-0.30615234375,0.290649414062,0.264587402344,-2562.0,-4655.0,-7088.0,69.0,-10.0,110.0,
1649339318961048841,-0.867858886719,-0.299011230469,0.294311523438,0.266174316406,-2722.0,-4583.0,-6940.0,75.0,-10.0,110.0,
1649339319005961418,-0.868530273438,-0.291748046875,0.297912597656,0.26806640625,-2862.0,-4512.0,-6779.0,81.0,-6.0,110.0,
1649339319019889116,-0.869079589844,-0.284301757812,0.301330566406,0.270324707031,-2997.0,-4456.0,-6624.0,85.0,-1.0,109.0,
1649339319029633045,-0.86962890625,-0.276611328125,0.304626464844,0.272888183594,-3111.0,-4403.0,-6453.0,90.0,3.0,109.0,
1649339319031721830,-0.865966796875,-0.207824707031,0.342956542969,0.298828125,-3824.0,-4269.0,-4723.0,103.0,-37.0,110.0,
1649339319039304494,-0.86328125,-0.192932128906,0.353820800781,0.303833007812,-3998.0,-4325.0,-4256.0,101.0,-36.0,110.0,
1649339319041897296,-0.861877441406,-0.185424804688,0.359130859375,0.306335449219,-4098.0,-4373.0,-4020.0,99.0,-34.0,110.0,
1649339319051026582,-0.860473632812,-0.177856445312,0.3642578125,0.308776855469,-4177.0,-4412.0,-3767.0,99.0,-32.0,111.0,
1649339319054944038,-0.858947753906,-0.170043945312,0.369323730469,0.311279296875,-4234.0,-4441.0,-3512.0,100.0,-29.0,113.0,
1649339319060474634,-0.857360839844,-0.162170410156,0.374389648438,0.313842773438,-4289.0,-4441.0,-3248.0,102.0,-28.0,114.0,
1649339319066080093,-0.855590820312,-0.154235839844,0.379577636719,0.316467285156,-4341.0,-4418.0,-3015.0,104.0,-32.0,114.0,
1649339319071393966,-0.853637695312,-0.146301269531,0.384704589844,0.319152832031,-4401.0,-4385.0,-2776.0,106.0,-31.0,113.0,
1649339319076367378,-0.851745605469,-0.138244628906,0.389465332031,0.322021484375,-4452.0,-4356.0,-2542.0,108.0,-24.0,111.0,
1649339319091443061,-0.849853515625,-0.130126953125,0.393859863281,0.325073242188,-4484.0,-4342.0,-2331.0,109.0,-18.0,110.0,
1649339319099064350,-0.848022460938,-0.121887207031,0.397827148438,0.328186035156,-4505.0,-4341.0,-2134.0,110.0,-11.0,109.0,
1649339319115712881,-0.84619140625,-0.113708496094,0.401489257812,0.331420898438,-4536.0,-4344.0,-1983.0,109.0,-6.0,107.0,
1649339319131571054,-0.844482421875,-0.10546875,0.40478515625,0.334594726562,-4579.0,-4355.0,-1835.0,108.0,-2.0,105.0,
1649339319135305166,-0.842651367188,-0.097412109375,0.407836914062,0.337768554688,-4622.0,-4366.0,-1717.0,107.0,1.0,103.0,
1649339319185096025,-0.837524414062,-0.073974609375,0.415771484375,0.346801757812,-4767.0,-4310.0,-1390.0,99.0,6.0,95.0,
1649339319239573001,-0.833984375,-0.0587768554688,0.420654296875,0.352172851562,-4894.0,-4216.0,-1303.0,97.0,8.0,95.0,
1649339319258966684,-0.832397460938,-0.0509033203125,0.422668457031,0.354797363281,-4960.0,-4189.0,-1232.0,97.0,15.0,96.0,
1649339319274661540,-0.830932617188,-0.0428466796875,0.424255371094,0.357360839844,-4985.0,-4156.0,-1155.0,96.0,22.0,97.0,
1649339319281999111,-0.82958984375,-0.0345458984375,0.425537109375,0.35986328125,-4953.0,-4117.0,-1046.0,96.0,29.0,99.0,
1649339319289170026,-0.828247070312,-0.026123046875,0.426696777344,0.3623046875,-4875.0,-4095.0,-929.0,95.0,32.0,102.0,
1649339319299520492,-0.826843261719,-0.0176391601562,0.427917480469,0.364624023438,-4763.0,-4098.0,-834.0,94.0,30.0,105.0,
1649339319312865018,-0.822204589844,0.00811767578125,0.431701660156,0.370910644531,-4395.0,-4270.0,-505.0,90.0,29.0,113.0,
1649339319319559335,-0.818786621094,0.0250244140625,0.434448242188,0.374450683594,-4175.0,-4442.0,-273.0,85.0,26.0,114.0,
1649339319323888301,-0.810119628906,0.0997314453125,0.436584472656,0.378356933594,-3195.0,-5038.0,929.0,30.0,83.0,129.0,
1649339319355274915,-0.812377929688,0.126586914062,0.433837890625,0.368530273438,-2981.0,-4928.0,1159.0,-4.0,83.0,154.0,
1649339319358856201,-0.814086914062,0.144592285156,0.434020996094,0.357788085938,-2943.0,-4626.0,1133.0,-27.0,75.0,168.0,
1649339319373300313,-0.814758300781,0.153381347656,0.434875488281,0.351440429688,-3067.0,-4397.0,1074.0,-36.0,67.0,172.0,
1649339319375464439,-0.815246582031,0.162048339844,0.436279296875,0.344665527344,-3299.0,-4152.0,1005.0,-41.0,59.0,174.0,
1649339319384312629,-0.8154296875,0.170532226562,0.438049316406,0.337707519531,-3597.0,-3923.0,939.0,-44.0,52.0,174.0,
1649339319388344764,-0.815551757812,0.178833007812,0.43994140625,0.330688476562,-4015.0,-3707.0,864.0,-45.0,50.0,171.0,
1649339319459860086,-0.815551757812,0.18701171875,0.441650390625,0.32373046875,-4555.0,-3471.0,860.0,-45.0,53.0,167.0,
1649339319467431783,-0.815673828125,0.195007324219,0.442932128906,0.31689453125,-5158.0,-3217.0,916.0,-42.0,61.0,159.0,
1649339319470977544,-0.815979003906,0.202758789062,0.443603515625,0.310302734375,-5756.0,-2960.0,968.0,-40.0,72.0,148.0,
1649339319474634408,-0.816650390625,0.210266113281,0.443298339844,0.303894042969,-6267.0,-2718.0,1066.0,-38.0,86.0,137.0,
1649339319490566253,-0.817810058594,0.217529296875,0.44189453125,0.297607421875,-6627.0,-2541.0,1216.0,-37.0,105.0,125.0,
1649339319499337673,-0.819580078125,0.224426269531,0.439270019531,0.291442871094,-6773.0,-2441.0,1394.0,-38.0,125.0,113.0,
1649339319511062622,-0.825012207031,0.23681640625,0.430786132812,0.27880859375,-6655.0,-2372.0,1669.0,-46.0,156.0,92.0,
1649339319571879625,-0.83203125,0.247375488281,0.419799804688,0.26513671875,-6304.0,-2178.0,1557.0,-60.0,169.0,79.0,
1649339319586525917,-0.843505859375,0.26171875,0.402404785156,0.240966796875,-6034.0,-1731.0,843.0,-81.0,171.0,81.0,
1649339319594103574,-0.850524902344,0.271240234375,0.392333984375,0.221618652344,-6377.0,-1361.0,302.0,-101.0,161.0,96.0,
1649339319598052263,-0.853515625,0.276062011719,0.388366699219,0.210998535156,-6634.0,-1109.0,66.0,-111.0,153.0,103.0,
1649339319604839563,-0.856140136719,0.280578613281,0.385131835938,0.199951171875,-6857.0,-796.0,-204.0,-119.0,143.0,105.0,
1649339319615044355,-0.905212402344,0.279113769531,0.320434570312,-0.0079345703125,-8105.0,4505.0,-8658.0,-80.0,91.0,-16.0,
1649339319628364324,-0.911987304688,0.2705078125,0.307495117188,-0.0239868164062,-7425.0,4209.0,-9307.0,-67.0,103.0,-31.0,
1649339319630630254,-0.914245605469,0.267578125,0.302856445312,-0.029052734375,-7057.0,4185.0,-9514.0,-66.0,99.0,-31.0,
1649339319638597011,-0.921020507812,0.259216308594,0.28662109375,-0.0487060546875,-5869.0,4193.0,-10326.0,-58.0,73.0,-7.0,
1649339319655478477,-0.922058105469,0.258117675781,0.283447265625,-0.0531005859375,-5700.0,4202.0,-10499.0,-54.0,65.0,-2.0,
1649339319661798477,-0.922973632812,0.257263183594,0.280639648438,-0.0570678710938,-5600.0,4233.0,-10644.0,-49.0,57.0,0.0,
1649339319667860984,-0.925415039062,0.253784179688,0.272888183594,-0.0689697265625,-5401.0,4394.0,-11026.0,-33.0,35.0,-7.0,
1649339319674851655,-0.926513671875,0.251403808594,0.270324707031,-0.0731811523438,-5502.0,4504.0,-11109.0,-26.0,25.0,-15.0,
1649339319690684080,-0.934143066406,0.234252929688,0.258239746094,-0.0762939453125,-5394.0,4245.0,-10831.0,7.0,49.0,-57.0,
1649339319721820592,-0.935974121094,0.230712890625,0.255126953125,-0.0756225585938,-5252.0,4142.0,-10752.0,11.0,55.0,-62.0,
1649339319727267265,-0.942199707031,0.219299316406,0.242553710938,-0.072998046875,-4394.0,3842.0,-10523.0,20.0,76.0,-69.0,
1649339319730951070,-0.946594238281,0.211669921875,0.23291015625,-0.0704956054688,-3632.0,3569.0,-10343.0,26.0,72.0,-69.0,
1649339319736959457,-0.964111328125,0.17041015625,0.197998046875,-0.04736328125,-1596.0,1960.0,-8761.0,17.0,22.0,-50.0,
1649339319741369009,-0.965881347656,0.164978027344,0.194519042969,-0.0448608398438,-1618.0,1912.0,-8716.0,17.0,23.0,-50.0,
1649339319745536804,-0.966796875,0.162231445312,0.192626953125,-0.0436401367188,-1568.0,1913.0,-8726.0,18.0,25.0,-50.0,
1649339319755406379,-0.9677734375,0.159484863281,0.1904296875,-0.0424194335938,-1496.0,1913.0,-8737.0,19.0,28.0,-51.0,
1649339319764891147,-0.97119140625,0.148559570312,0.182678222656,-0.036376953125,-1095.0,1780.0,-8738.0,25.0,13.0,-50.0,
1649339319771986246,-0.972839355469,0.141784667969,0.180480957031,-0.0308837890625,-973.0,1546.0,-8604.0,25.0,-4.0,-41.0,
1649339319774017333,-0.975280761719,0.13134765625,0.176940917969,-0.0188598632812,-1220.0,598.0,-7882.0,-8.0,7.0,-5.0,
1649339319784468650,-0.975891113281,0.130004882812,0.174194335938,-0.0213623046875,-1401.0,783.0,-7959.0,-14.0,14.0,-7.0,
1649339319788919210,-0.976135253906,0.129272460938,0.173095703125,-0.0223388671875,-1472.0,896.0,-8012.0,-14.0,17.0,-11.0,
1649339319796319484,-0.976501464844,0.128295898438,0.171752929688,-0.0232543945312,-1575.0,1012.0,-8066.0,-12.0,20.0,-15.0,
1649339319828262090,-0.977355957031,0.125671386719,0.168701171875,-0.024658203125,-1751.0,1223.0,-8158.0,-8.0,25.0,-23.0,
1649339319835663795,-0.979187011719,0.1201171875,0.161865234375,-0.0255737304688,-1861.0,1262.0,-8357.0,1.0,27.0,-22.0,
1649339319839346408,-0.979614257812,0.118957519531,0.160095214844,-0.0255737304688,-1822.0,1249.0,-8425.0,2.0,26.0,-20.0,
1649339319846511125,-0.97998046875,0.117919921875,0.158386230469,-0.0254516601562,-1784.0,1219.0,-8468.0,3.0,24.0,-18.0,
1649339319856224060,-0.981079101562,0.114440917969,0.154663085938,-0.023681640625,-1650.0,1390.0,-8961.0,12.0,1.0,-16.0,
1649339319859963178,-0.981262207031,0.113830566406,0.154113769531,-0.02294921875,-1581.0,1372.0,-9087.0,14.0,1.0,-14.0,
1649339319864619016,-0.981384277344,0.113220214844,0.153564453125,-0.0220336914062,-1487.0,1308.0,-9219.0,15.0,0.0,-14.0,
1649339319874543190,-0.981567382812,0.112670898438,0.153198242188,-0.0210571289062,-1375.0,1218.0,-9396.0,15.0,-4.0,-12.0,
1649339319886517047,-0.981628417969,0.112365722656,0.153076171875,-0.0199584960938,-1237.0,1145.0,-9546.0,16.0,-9.0,-9.0,
1649339319890228986,-0.981628417969,0.1123046875,0.153198242188,-0.0189208984375,-1187.0,1022.0,-9641.0,17.0,-15.0,-5.0,
1649339319899530172,-0.980712890625,0.115417480469,0.157165527344,-0.0162353515625,-1642.0,258.0,-9510.0,-11.0,-17.0,13.0,
1649339319909940958,-0.980224609375,0.116821289062,0.158630371094,-0.0185546875,-1679.0,158.0,-9488.0,-25.0,-14.0,15.0,
