1648735106770513772,-0.431457519531,-0.806579589844,-0.117065429688,-0.386840820312,-4075.0,5256.0,-5277.0,16.0,125.0,-3.0,
1648735106774374961,-0.431274414062,-0.809631347656,-0.119873046875,-0.3798828125,-3791.0,5234.0,-5322.0,19.0,126.0,1.0,
1648735106777070045,-0.431213378906,-0.812438964844,-0.12255859375,-0.372985839844,-3493.0,5172.0,-5378.0,20.0,122.0,3.0,
1648735106781874418,-0.43115234375,-0.815124511719,-0.125122070312,-0.366271972656,-3255.0,5123.0,-5449.0,20.0,118.0,3.0,
1648735106784289121,-0.430908203125,-0.817810058594,-0.127502441406,-0.359680175781,-3063.0,5091.0,-5521.0,20.0,114.0,0.0,
1648735106785660266,-0.430480957031,-0.820434570312,-0.129638671875,-0.353332519531,-2856.0,5075.0,-5618.0,20.0,112.0,-4.0,
1648735106790622234,-0.429931640625,-0.823120117188,-0.131652832031,-0.347045898438,-2620.0,5068.0,-5716.0,21.0,108.0,-7.0,
1648735106791646003,-0.429321289062,-0.825622558594,-0.133483886719,-0.341003417969,-2380.0,5061.0,-5793.0,21.0,102.0,-9.0,
1648735106793322563,-0.428833007812,-0.828002929688,-0.135131835938,-0.335205078125,-2149.0,5030.0,-5880.0,22.0,96.0,-9.0,
1648735106794213294,-0.428039550781,-0.835510253906,-0.139770507812,-0.315063476562,-1592.0,5047.0,-6250.0,26.0,69.0,-3.0,
1648735106795076608,-0.428161621094,-0.836975097656,-0.140441894531,-0.310791015625,-1501.0,5073.0,-6276.0,27.0,63.0,-2.0,
1648735106796197414,-0.428344726562,-0.838256835938,-0.140991210938,-0.306762695312,-1360.0,5075.0,-6288.0,27.0,58.0,-1.0,
1648735106797403573,-0.428649902344,-0.83935546875,-0.141357421875,-0.303039550781,-1237.0,5083.0,-6306.0,27.0,50.0,0.0,
1648735106798443794,-0.428955078125,-0.840393066406,-0.1416015625,-0.299621582031,-1132.0,5078.0,-6248.0,27.0,45.0,-1.0,
1648735106799472570,-0.429260253906,-0.841247558594,-0.141662597656,-0.296691894531,-1077.0,5067.0,-6177.0,27.0,37.0,-2.0,
1648735106803258657,-0.429565429688,-0.841979980469,-0.1416015625,-0.294250488281,-1069.0,5055.0,-6165.0,25.0,29.0,-1.0,
1648735106804722070,-0.429931640625,-0.842529296875,-0.141357421875,-0.292236328125,-1163.0,5047.0,-6186.0,24.0,22.0,-1.0,
1648735106807078361,-0.430236816406,-0.843017578125,-0.140869140625,-0.290649414062,-1381.0,5063.0,-6202.0,23.0,16.0,-3.0,
1648735106808315753,-0.430419921875,-0.843505859375,-0.140197753906,-0.289306640625,-1658.0,5092.0,-6213.0,24.0,13.0,-4.0,
1648735106809362649,-0.430541992188,-0.843994140625,-0.139587402344,-0.2880859375,-1957.0,5096.0,-6211.0,23.0,15.0,-4.0,
1648735106810408115,-0.430480957031,-0.844543457031,-0.139038085938,-0.286682128906,-2247.0,5102.0,-6170.0,22.0,20.0,-5.0,
1648735106814398765,-0.430297851562,-0.84521484375,-0.138793945312,-0.285095214844,-2496.0,5147.0,-6129.0,20.0,27.0,-6.0,
1648735106819083929,-0.429992675781,-0.846008300781,-0.138854980469,-0.283203125,-2557.0,5126.0,-6089.0,18.0,33.0,-6.0,
1648735106822966098,-0.429809570312,-0.846740722656,-0.139038085938,-0.281127929688,-2571.0,5053.0,-6059.0,17.0,34.0,-4.0,
1648735106830601930,-0.429809570312,-0.847351074219,-0.139221191406,-0.279235839844,-2644.0,4981.0,-6022.0,16.0,30.0,-2.0,
1648735106837271213,-0.429931640625,-0.847839355469,-0.139343261719,-0.277465820312,-2776.0,4934.0,-5987.0,15.0,28.0,1.0,
1648735106846052885,-0.430114746094,-0.848327636719,-0.139465332031,-0.275756835938,-2902.0,4915.0,-5936.0,16.0,29.0,4.0,
1648735106848585844,-0.430358886719,-0.848754882812,-0.1396484375,-0.273803710938,-2958.0,4884.0,-5882.0,17.0,34.0,5.0,
1648735106851717710,-0.4306640625,-0.849304199219,-0.140014648438,-0.271423339844,-2995.0,4825.0,-5803.0,19.0,39.0,6.0,
1648735106855934381,-0.430969238281,-0.849975585938,-0.140441894531,-0.268798828125,-3051.0,4752.0,-5746.0,19.0,45.0,7.0,
1648735106860534429,-0.431213378906,-0.850708007812,-0.140991210938,-0.265747070312,-3102.0,4721.0,-5632.0,19.0,52.0,8.0,
1648735106865206003,-0.431396484375,-0.851440429688,-0.141845703125,-0.262512207031,-3039.0,4669.0,-5512.0,19.0,58.0,8.0,
1648735106869604825,-0.431579589844,-0.852233886719,-0.142822265625,-0.259033203125,-2898.0,4562.0,-5445.0,18.0,61.0,9.0,
1648735106874259710,-0.431762695312,-0.85302734375,-0.143981933594,-0.255493164062,-2750.0,4426.0,-5412.0,15.0,60.0,9.0,
1648735106878170251,-0.431945800781,-0.853759765625,-0.145141601562,-0.252136230469,-2632.0,4333.0,-5399.0,12.0,57.0,9.0,
1648735106885279417,-0.43212890625,-0.854370117188,-0.146301269531,-0.2490234375,-2506.0,4280.0,-5406.0,10.0,54.0,9.0,
1648735106890198230,-0.432373046875,-0.854858398438,-0.147521972656,-0.24609375,-2291.0,4196.0,-5445.0,9.0,50.0,10.0,
1648735106894927024,-0.432739257812,-0.855346679688,-0.148620605469,-0.243225097656,-2093.0,4103.0,-5488.0,9.0,46.0,10.0,
1648735106898448228,-0.43310546875,-0.855712890625,-0.149536132812,-0.240661621094,-1991.0,4033.0,-5520.0,8.0,40.0,10.0,
1648735106903063774,-0.433410644531,-0.856018066406,-0.150329589844,-0.238525390625,-1930.0,4008.0,-5557.0,7.0,35.0,9.0,
1648735106910885572,-0.433715820312,-0.856262207031,-0.151245117188,-0.236572265625,-1860.0,3999.0,-5572.0,5.0,32.0,9.0,
1648735106915259361,-0.43408203125,-0.856384277344,-0.152221679688,-0.234802246094,-1776.0,3983.0,-5608.0,3.0,30.0,10.0,
1648735106918809175,-0.434387207031,-0.856506347656,-0.153259277344,-0.233093261719,-1658.0,3950.0,-5631.0,1.0,29.0,10.0,
1648735106923451423,-0.434814453125,-0.856506347656,-0.154418945312,-0.2314453125,-1512.0,3899.0,-5647.0,-2.0,27.0,11.0,
1648735106929054498,-0.435302734375,-0.8564453125,-0.155700683594,-0.230041503906,-1359.0,3861.0,-5662.0,-5.0,23.0,13.0,
1648735106931725740,-0.435913085938,-0.856140136719,-0.156982421875,-0.22900390625,-1199.0,3819.0,-5670.0,-8.0,17.0,15.0,
1648735106941766977,-0.436706542969,-0.855651855469,-0.158325195312,-0.228454589844,-1052.0,3762.0,-5674.0,-12.0,8.0,17.0,
1648735106947043657,-0.437622070312,-0.854919433594,-0.159606933594,-0.228515625,-916.0,3687.0,-5678.0,-17.0,-2.0,19.0,
1648735106951836109,-0.438598632812,-0.85400390625,-0.160827636719,-0.229248046875,-763.0,3609.0,-5693.0,-22.0,-14.0,20.0,
1648735106956050395,-0.439819335938,-0.852722167969,-0.162048339844,-0.230834960938,-606.0,3530.0,-5718.0,-28.0,-27.0,22.0,
1648735106961642742,-0.441162109375,-0.851135253906,-0.163208007812,-0.233276367188,-501.0,3479.0,-5745.0,-33.0,-43.0,24.0,
1648735106965110063,-0.442626953125,-0.849243164062,-0.164184570312,-0.236633300781,-640.0,3438.0,-5832.0,-39.0,-58.0,25.0,
1648735106970624923,-0.444091796875,-0.847229003906,-0.164855957031,-0.240661621094,-1250.0,3463.0,-5929.0,-40.0,-65.0,26.0,
1648735106975187778,-0.445373535156,-0.845275878906,-0.165344238281,-0.244812011719,-1808.0,3530.0,-6032.0,-39.0,-57.0,28.0,
1648735106979656219,-0.446655273438,-0.843444824219,-0.166259765625,-0.248046875,-2020.0,3629.0,-6108.0,-37.0,-41.0,31.0,
1648735106983257293,-0.4482421875,-0.841674804688,-0.167785644531,-0.250244140625,-2186.0,3700.0,-6173.0,-35.0,-29.0,37.0,
1648735106986787080,-0.449951171875,-0.83984375,-0.169616699219,-0.252075195312,-2439.0,3752.0,-6236.0,-36.0,-22.0,41.0,
1648735106995997428,-0.451538085938,-0.838012695312,-0.171691894531,-0.253845214844,-2710.0,3873.0,-6312.0,-41.0,-16.0,42.0,
1648735107000395298,-0.453002929688,-0.836181640625,-0.174255371094,-0.255554199219,-2898.0,4021.0,-6353.0,-47.0,-11.0,43.0,
1648735107005490779,-0.454345703125,-0.834411621094,-0.17724609375,-0.257019042969,-2915.0,4131.0,-6394.0,-50.0,-4.0,42.0,
1648735107010038852,-0.455444335938,-0.832763671875,-0.180480957031,-0.258117675781,-2803.0,4199.0,-6446.0,-52.0,1.0,38.0,
1648735107014197587,-0.456420898438,-0.831298828125,-0.183654785156,-0.258911132812,-2650.0,4253.0,-6524.0,-50.0,3.0,34.0,
1648735107019772052,-0.457336425781,-0.829895019531,-0.186645507812,-0.259582519531,-2531.0,4327.0,-6619.0,-47.0,2.0,33.0,
1648735107027373790,-0.458374023438,-0.828491210938,-0.189331054688,-0.260437011719,-2409.0,4450.0,-6724.0,-44.0,-3.0,32.0,
1648735107032077312,-0.45947265625,-0.826904296875,-0.191650390625,-0.261657714844,-2268.0,4577.0,-6850.0,-41.0,-11.0,32.0,
1648735107034773349,-0.460754394531,-0.825256347656,-0.193481445312,-0.263244628906,-2133.0,4682.0,-6958.0,-38.0,-23.0,30.0,
1648735107039599895,-0.462036132812,-0.823547363281,-0.194702148438,-0.265441894531,-2029.0,4775.0,-7031.0,-34.0,-36.0,26.0,
1648735107046283960,-0.463256835938,-0.821838378906,-0.195190429688,-0.268310546875,-1962.0,4872.0,-7085.0,-30.0,-50.0,20.0,
1648735107051155805,-0.464294433594,-0.820129394531,-0.195007324219,-0.271850585938,-1898.0,4954.0,-7105.0,-25.0,-63.0,13.0,
1648735107056843519,-0.465209960938,-0.818420410156,-0.194091796875,-0.276000976562,-1850.0,5015.0,-7095.0,-21.0,-76.0,5.0,
1648735107060984849,-0.466003417969,-0.816772460938,-0.1923828125,-0.280822753906,-1827.0,5063.0,-7092.0,-16.0,-90.0,-3.0,
1648735107065748691,-0.466674804688,-0.815124511719,-0.189880371094,-0.2861328125,-1833.0,5110.0,-7090.0,-10.0,-104.0,-9.0,
1648735107069670438,-0.46728515625,-0.8134765625,-0.1865234375,-0.2919921875,-1849.0,5145.0,-7044.0,-3.0,-116.0,-16.0,
1648735107074849128,-0.467834472656,-0.811828613281,-0.182434082031,-0.298217773438,-1842.0,5154.0,-6997.0,4.0,-127.0,-21.0,
1648735107079261541,-0.468322753906,-0.810119628906,-0.177612304688,-0.304809570312,-1822.0,5163.0,-6940.0,11.0,-138.0,-26.0,
1648735107084841251,-0.468933105469,-0.808288574219,-0.172180175781,-0.311828613281,-1826.0,5195.0,-6874.0,16.0,-149.0,-29.0,
1648735107090929985,-0.469482421875,-0.806274414062,-0.166198730469,-0.319274902344,-1909.0,5243.0,-6799.0,20.0,-161.0,-32.0,
1648735107097120523,-0.470153808594,-0.804077148438,-0.159729003906,-0.327209472656,-2085.0,5298.0,-6741.0,23.0,-171.0,-33.0,
1648735107100134134,-0.470764160156,-0.801574707031,-0.15283203125,-0.335510253906,-2325.0,5362.0,-6725.0,26.0,-178.0,-33.0,
1648735107104279994,-0.471435546875,-0.799011230469,-0.1455078125,-0.343872070312,-2553.0,5437.0,-6721.0,29.0,-183.0,-34.0,
1648735107109412431,-0.472045898438,-0.796325683594,-0.137939453125,-0.352294921875,-2732.0,5481.0,-6688.0,33.0,-186.0,-35.0,
1648735107112336158,-0.47265625,-0.793579101562,-0.130004882812,-0.360595703125,-2911.0,5514.0,-6617.0,38.0,-189.0,-38.0,
1648735107121009349,-0.473266601562,-0.790710449219,-0.121704101562,-0.368896484375,-3091.0,5512.0,-6468.0,43.0,-190.0,-40.0,
1648735107124893188,-0.473693847656,-0.787841796875,-0.113159179688,-0.377075195312,-3302.0,5466.0,-6269.0,47.0,-191.0,-42.0,
1648735107130028486,-0.474060058594,-0.784912109375,-0.104309082031,-0.385192871094,-3500.0,5417.0,-6047.0,50.0,-191.0,-44.0,
1648735107134148359,-0.474243164062,-0.781982421875,-0.0953369140625,-0.393249511719,-3676.0,5361.0,-5837.0,52.0,-190.0,-46.0,
1648735107137243032,-0.474365234375,-0.778991699219,-0.0863037109375,-0.401062011719,-3845.0,5325.0,-5649.0,55.0,-188.0,-47.0,
1648735107151075601,-0.474426269531,-0.776000976562,-0.0770874023438,-0.408630371094,-4032.0,5303.0,-5471.0,58.0,-186.0,-49.0,
1648735107160118818,-0.474304199219,-0.769897460938,-0.05810546875,-0.423156738281,-4428.0,5216.0,-5110.0,65.0,-182.0,-52.0,
1648735107165778636,-0.473999023438,-0.763610839844,-0.038818359375,-0.436828613281,-4665.0,5123.0,-4727.0,69.0,-180.0,-53.0,
1648735107170432090,-0.473876953125,-0.76025390625,-0.0291748046875,-0.443603515625,-4748.0,5047.0,-4539.0,70.0,-180.0,-52.0,
1648735107174921035,-0.473754882812,-0.756530761719,-0.0194091796875,-0.450500488281,-4780.0,4949.0,-4394.0,69.0,-186.0,-50.0,
1648735107179479598,-0.473693847656,-0.75244140625,-0.009521484375,-0.457641601562,-4803.0,4858.0,-4261.0,69.0,-194.0,-47.0,
1648735107184199094,-0.473693847656,-0.747863769531,0.0006103515625,-0.465148925781,-4945.0,4743.0,-4152.0,69.0,-205.0,-45.0,
1648735107188603878,-0.473571777344,-0.742919921875,0.010986328125,-0.473083496094,-5244.0,4603.0,-4033.0,68.0,-214.0,-44.0,
1648735107193289279,-0.473205566406,-0.737670898438,0.0216674804688,-0.481262207031,-5615.0,4543.0,-3878.0,67.0,-218.0,-44.0,
1648735107196769475,-0.472595214844,-0.732299804688,0.0322875976562,-0.489318847656,-5883.0,4521.0,-3710.0,67.0,-216.0,-47.0,
1648735107204474210,-0.471923828125,-0.726928710938,0.0429077148438,-0.497131347656,-6042.0,4435.0,-3527.0,68.0,-213.0,-49.0,
1648735107213572978,-0.471130371094,-0.721496582031,0.0535278320312,-0.504699707031,-6169.0,4353.0,-3368.0,69.0,-211.0,-50.0,
1648735107214162826,-0.47021484375,-0.716003417969,0.0641479492188,-0.512023925781,-6221.0,4304.0,-3215.0,69.0,-210.0,-51.0,
1648735107218264579,-0.469421386719,-0.710327148438,0.07470703125,-0.519226074219,-6156.0,4291.0,-3045.0,71.0,-211.0,-50.0,
1648735107221434831,-0.468627929688,-0.704223632812,0.08544921875,-0.526611328125,-6172.0,4264.0,-2920.0,73.0,-218.0,-50.0,
1648735107231823444,-0.4677734375,-0.697692871094,0.0966186523438,-0.534057617188,-6277.0,4161.0,-2657.0,77.0,-226.0,-50.0,
1648735107233898639,-0.466857910156,-0.690734863281,0.108093261719,-0.541625976562,-6380.0,3996.0,-2372.0,79.0,-231.0,-48.0,
1648735107244451522,-0.465637207031,-0.683410644531,0.119567871094,-0.549499511719,-6607.0,3824.0,-2065.0,74.0,-236.0,-47.0,
1648735107247215270,-0.463989257812,-0.675842285156,0.130920410156,-0.5576171875,-7054.0,3636.0,-1731.0,69.0,-240.0,-47.0,
1648735107252142667,-0.461730957031,-0.668273925781,0.142211914062,-0.565795898438,-7565.0,3430.0,-1423.0,62.0,-237.0,-49.0,
1648735107258656978,-0.458984375,-0.661010742188,0.153137207031,-0.573547363281,-8052.0,3238.0,-1159.0,55.0,-228.0,-54.0,
1648735107261559486,-0.455810546875,-0.654357910156,0.16357421875,-0.580871582031,-8540.0,3046.0,-949.0,47.0,-216.0,-59.0,
1648735107266079902,-0.452209472656,-0.648315429688,0.173400878906,-0.587585449219,-9058.0,2846.0,-801.0,39.0,-200.0,-63.0,
1648735107275122642,-0.448303222656,-0.643127441406,0.182373046875,-0.593505859375,-9596.0,2639.0,-702.0,30.0,-180.0,-66.0,
1648735107275613546,-0.444152832031,-0.638916015625,0.1904296875,-0.5986328125,-10061.0,2445.0,-591.0,20.0,-155.0,-68.0,
1648735107279736280,-0.439880371094,-0.635925292969,0.197326660156,-0.602722167969,-10425.0,2284.0,-446.0,11.0,-126.0,-69.0,
1648735107330247879,-0.435668945312,-0.634033203125,0.202941894531,-0.605895996094,-10797.0,2195.0,-320.0,1.0,-96.0,-69.0,
1648735107340920686,-0.431518554688,-0.63330078125,0.20751953125,-0.608093261719,-10984.0,2251.0,-238.0,-5.0,-66.0,-69.0,
1648735107341559648,-0.427856445312,-0.633422851562,0.2109375,-0.609313964844,-10999.0,2372.0,-270.0,-8.0,-40.0,-67.0,
1648735107342146158,-0.424682617188,-0.634338378906,0.213745117188,-0.609619140625,-10975.0,2497.0,-368.0,-7.0,-19.0,-67.0,
1648735107346380233,-0.422058105469,-0.636047363281,0.216186523438,-0.60888671875,-10956.0,2571.0,-556.0,-1.0,1.0,-69.0,
1648735107346980810,-0.420043945312,-0.638427734375,0.218566894531,-0.606811523438,-10961.0,2567.0,-690.0,11.0,23.0,-70.0,
1648735107366117477,-0.418640136719,-0.641479492188,0.220947265625,-0.603759765625,-10984.0,2494.0,-787.0,21.0,42.0,-71.0,
1648735107375083446,-0.417419433594,-0.645202636719,0.223327636719,-0.599731445312,-10996.0,2383.0,-827.0,27.0,60.0,-75.0,
1648735107393439292,-0.416320800781,-0.649536132812,0.2255859375,-0.594909667969,-10988.0,2251.0,-880.0,30.0,77.0,-79.0,
1648735107406644105,-0.415283203125,-0.654541015625,0.227722167969,-0.58935546875,-10937.0,2136.0,-950.0,32.0,93.0,-83.0,
1648735107407335758,-0.414367675781,-0.660034179688,0.2294921875,-0.583129882812,-10832.0,2052.0,-995.0,32.0,107.0,-86.0,
1648735107407921314,-0.413513183594,-0.665954589844,0.230895996094,-0.576416015625,-10676.0,1976.0,-985.0,30.0,120.0,-88.0,
1648735107408496379,-0.412658691406,-0.672241210938,0.231811523438,-0.569396972656,-10435.0,1880.0,-980.0,26.0,131.0,-87.0,
1648735107409658670,-0.411865234375,-0.678833007812,0.232055664062,-0.561950683594,-10173.0,1737.0,-1016.0,21.0,144.0,-84.0,
1648735107410795450,-0.411254882812,-0.686096191406,0.231506347656,-0.5537109375,-9909.0,1568.0,-1068.0,16.0,163.0,-81.0,
1648735107411610841,-0.410583496094,-0.693664550781,0.230346679688,-0.545227050781,-9607.0,1481.0,-1131.0,9.0,173.0,-79.0,
1648735107412051916,-0.409912109375,-0.701293945312,0.228454589844,-0.536682128906,-9300.0,1442.0,-1204.0,2.0,179.0,-75.0,
1648735107412877321,-0.409240722656,-0.708923339844,0.226257324219,-0.528015136719,-8927.0,1346.0,-1262.0,-2.0,182.0,-73.0,
1648735107413420200,-0.408447265625,-0.716613769531,0.223815917969,-0.519226074219,-8538.0,1236.0,-1299.0,-5.0,185.0,-72.0,
1648735107413909196,-0.407592773438,-0.72412109375,0.22119140625,-0.510559082031,-8196.0,1187.0,-1349.0,-7.0,184.0,-70.0,
1648735107414357900,-0.406799316406,-0.731384277344,0.218444824219,-0.501953125,-7900.0,1204.0,-1377.0,-9.0,181.0,-68.0,
1648735107414773702,-0.406005859375,-0.738403320312,0.215637207031,-0.493469238281,-7629.0,1229.0,-1376.0,-7.0,179.0,-67.0,
1648735107415126323,-0.4052734375,-0.7451171875,0.212890625,-0.485046386719,-7360.0,1278.0,-1378.0,-6.0,177.0,-64.0,
1648735107415455579,-0.404602050781,-0.751586914062,0.210205078125,-0.476745605469,-7076.0,1295.0,-1379.0,-4.0,173.0,-63.0,
1648735107415778398,-0.403869628906,-0.7578125,0.207641601562,-0.468566894531,-6730.0,1260.0,-1420.0,-3.0,168.0,-62.0,
1648735107416111707,-0.403076171875,-0.763854980469,0.205200195312,-0.460510253906,-6349.0,1237.0,-1482.0,-2.0,162.0,-61.0,
1648735107416375398,-0.402282714844,-0.769470214844,0.202880859375,-0.452758789062,-5985.0,1226.0,-1557.0,-2.0,153.0,-59.0,
1648735107421506404,-0.401428222656,-0.774719238281,0.20068359375,-0.445495605469,-5676.0,1198.0,-1683.0,-2.0,143.0,-57.0,
1648735107424257040,-0.400512695312,-0.779602050781,0.198608398438,-0.438659667969,-5444.0,1150.0,-1842.0,-3.0,133.0,-54.0,
1648735107428875923,-0.399597167969,-0.784118652344,0.196655273438,-0.432312011719,-5229.0,1093.0,-2013.0,-3.0,122.0,-51.0,
1648735107433550596,-0.398559570312,-0.788269042969,0.194946289062,-0.426452636719,-5022.0,1020.0,-2190.0,-4.0,112.0,-50.0,
1648735107437934637,-0.397277832031,-0.792175292969,0.193420410156,-0.421081542969,-4871.0,947.0,-2406.0,-5.0,100.0,-50.0,
1648735107444607257,-0.395935058594,-0.795776367188,0.192138671875,-0.416137695312,-4797.0,911.0,-2613.0,-5.0,90.0,-50.0,
1648735107451420783,-0.394470214844,-0.799072265625,0.191040039062,-0.411682128906,-4826.0,879.0,-2808.0,-4.0,81.0,-49.0,
1648735107456039667,-0.392944335938,-0.802124023438,0.190185546875,-0.407592773438,-4938.0,814.0,-3021.0,-4.0,73.0,-49.0,
1648735107461103200,-0.391235351562,-0.805053710938,0.189514160156,-0.40380859375,-4993.0,739.0,-3221.0,-4.0,68.0,-50.0,
1648735107469069242,-0.389526367188,-0.807800292969,0.188903808594,-0.400146484375,-4991.0,660.0,-3407.0,-5.0,63.0,-49.0,
1648735107469742536,-0.3876953125,-0.810424804688,0.188354492188,-0.396850585938,-4939.0,553.0,-3592.0,-6.0,57.0,-48.0,
1648735107476692199,-0.385864257812,-0.812866210938,0.187866210938,-0.393920898438,-4831.0,447.0,-3768.0,-8.0,48.0,-47.0,
1648735107482172012,-0.383972167969,-0.815002441406,0.187377929688,-0.391540527344,-4741.0,378.0,-3930.0,-11.0,38.0,-43.0,
1648735107484740972,-0.382019042969,-0.816833496094,0.18701171875,-0.389770507812,-4721.0,338.0,-4070.0,-13.0,27.0,-41.0,
1648735107499490022,-0.380004882812,-0.818420410156,0.186645507812,-0.388671875,-4789.0,314.0,-4192.0,-15.0,17.0,-39.0,
1648735107500183582,-0.377990722656,-0.819702148438,0.186401367188,-0.388061523438,-4883.0,294.0,-4303.0,-16.0,10.0,-37.0,
1648735107500750541,-0.376037597656,-0.82080078125,0.186218261719,-0.387634277344,-4942.0,278.0,-4422.0,-16.0,5.0,-34.0,
1648735107503133296,-0.374206542969,-0.82177734375,0.186157226562,-0.387390136719,-4994.0,265.0,-4552.0,-14.0,2.0,-32.0,
1648735107508709192,-0.372497558594,-0.822692871094,0.186157226562,-0.387145996094,-5087.0,252.0,-4661.0,-12.0,0.0,-31.0,
1648735107515439510,-0.370849609375,-0.823486328125,0.186340332031,-0.386962890625,-5218.0,256.0,-4763.0,-9.0,-1.0,-30.0,
1648735107519590139,-0.369384765625,-0.824157714844,0.186645507812,-0.386779785156,-5355.0,274.0,-4828.0,-5.0,-2.0,-29.0,
1648735107524133443,-0.367980957031,-0.824768066406,0.187072753906,-0.386535644531,-5474.0,288.0,-4907.0,-2.0,-1.0,-28.0,
1648735107528570652,-0.366760253906,-0.825378417969,0.187683105469,-0.386169433594,-5537.0,305.0,-4956.0,1.0,0.0,-28.0,
1648735107533258438,-0.365539550781,-0.825988769531,0.188293457031,-0.3857421875,-5591.0,305.0,-4993.0,3.0,1.0,-27.0,
1648735107539697647,-0.364379882812,-0.826538085938,0.18896484375,-0.385192871094,-5665.0,298.0,-5001.0,5.0,1.0,-27.0,
1648735107544422864,-0.36328125,-0.8271484375,0.189697265625,-0.384643554688,-5801.0,276.0,-5042.0,5.0,3.0,-27.0,
1648735107548876285,-0.362182617188,-0.827819824219,0.190368652344,-0.383911132812,-5987.0,265.0,-5072.0,5.0,7.0,-27.0,
1648735107554233551,-0.361145019531,-0.828552246094,0.19091796875,-0.382995605469,-6197.0,290.0,-5067.0,5.0,11.0,-27.0,
1648735107562389612,-0.360229492188,-0.829406738281,0.191284179688,-0.381896972656,-6353.0,325.0,-5098.0,5.0,18.0,-26.0,
1648735107569051742,-0.359436035156,-0.830383300781,0.191467285156,-0.38037109375,-6345.0,304.0,-5163.0,5.0,25.0,-25.0,
1648735107574481010,-0.358825683594,-0.83154296875,0.19140625,-0.378479003906,-6202.0,244.0,-5263.0,4.0,30.0,-23.0,
1648735107577236652,-0.358215332031,-0.832702636719,0.191345214844,-0.376525878906,-6045.0,184.0,-5343.0,4.0,28.0,-22.0,
1648735107584584236,-0.357421875,-0.833801269531,0.191467285156,-0.374755859375,-5988.0,118.0,-5367.0,4.0,23.0,-24.0,
1648735107592714071,-0.356506347656,-0.834777832031,0.191650390625,-0.373291015625,-6032.0,75.0,-5394.0,2.0,19.0,-25.0,
1648735107594191074,-0.355651855469,-0.835754394531,0.191711425781,-0.372009277344,-6062.0,83.0,-5413.0,1.0,19.0,-23.0,
1648735107594895362,-0.354858398438,-0.836669921875,0.191589355469,-0.370788574219,-6048.0,71.0,-5466.0,-2.0,20.0,-21.0,
1648735107598815917,-0.354187011719,-0.837646484375,0.191162109375,-0.369445800781,-6003.0,31.0,-5540.0,-4.0,22.0,-18.0,
1648735107603272914,-0.353515625,-0.838623046875,0.190612792969,-0.368103027344,-5986.0,-29.0,-5609.0,-6.0,23.0,-18.0,
1648735107610120534,-0.352783203125,-0.839660644531,0.18994140625,-0.366760253906,-5960.0,-49.0,-5665.0,-9.0,23.0,-17.0,
1648735107614579200,-0.352111816406,-0.840698242188,0.189086914062,-0.365478515625,-5898.0,-44.0,-5731.0,-12.0,24.0,-16.0,
1648735107619261980,-0.351379394531,-0.841796875,0.188049316406,-0.364135742188,-5807.0,-30.0,-5796.0,-13.0,24.0,-16.0,
1648735107623456716,-0.350646972656,-0.842895507812,0.186950683594,-0.362854003906,-5748.0,-20.0,-5864.0,-14.0,24.0,-16.0,
1648735107627945899,-0.349975585938,-0.843994140625,0.185852050781,-0.361633300781,-5748.0,-3.0,-5993.0,-15.0,23.0,-15.0,
1648735107634692907,-0.349365234375,-0.844970703125,0.184753417969,-0.360473632812,-5646.0,195.0,-6346.0,-13.0,22.0,-13.0,
1648735107639081716,-0.349304199219,-0.845703125,0.183959960938,-0.359252929688,-5119.0,566.0,-6882.0,-2.0,15.0,-10.0,
1648735107644113302,-0.349487304688,-0.846008300781,0.183776855469,-0.358459472656,-4876.0,432.0,-7013.0,10.0,-8.0,-8.0,
1648735107648385763,-0.348754882812,-0.845825195312,0.185363769531,-0.358764648438,-5602.0,-69.0,-6946.0,18.0,-30.0,-18.0,
1648735107653214216,-0.347778320312,-0.845275878906,0.187622070312,-0.359741210938,-6318.0,-99.0,-6775.0,15.0,-27.0,-16.0,
1648735107661150693,-0.347595214844,-0.844970703125,0.188598632812,-0.360168457031,-6173.0,83.0,-6634.0,11.0,-4.0,-7.0,
1648735107665858745,-0.34814453125,-0.845092773438,0.188537597656,-0.359436035156,-5543.0,57.0,-6569.0,9.0,10.0,0.0,
1648735107670461177,-0.348388671875,-0.845397949219,0.1884765625,-0.358520507812,-5092.0,-137.0,-6474.0,6.0,3.0,-2.0,
1648735107677566766,-0.348083496094,-0.845458984375,0.188781738281,-0.358459472656,-5170.0,-276.0,-6300.0,1.0,-12.0,-4.0,
1648735107679494380,-0.347717285156,-0.84521484375,0.189208984375,-0.359252929688,-5401.0,-141.0,-6172.0,-2.0,-17.0,-3.0,
1648735107684259176,-0.347534179688,-0.844848632812,0.189331054688,-0.360168457031,-5429.0,101.0,-6080.0,-1.0,-15.0,-2.0,
1648735107688582897,-0.347534179688,-0.844482421875,0.189331054688,-0.360961914062,-5427.0,110.0,-6025.0,2.0,-15.0,-2.0,
1648735107693329095,-0.347351074219,-0.844177246094,0.189758300781,-0.361633300781,-5648.0,-5.0,-5953.0,3.0,-17.0,-4.0,
1648735107700017929,-0.347045898438,-0.843872070312,0.190307617188,-0.3623046875,-5963.0,-37.0,-5898.0,3.0,-14.0,-4.0,
1648735107704625129,-0.346923828125,-0.843627929688,0.190612792969,-0.36279296875,-6160.0,33.0,-5924.0,2.0,-7.0,-2.0,
1648735107709394693,-0.347045898438,-0.843566894531,0.190612792969,-0.362854003906,-6200.0,137.0,-6041.0,2.0,0.0,-1.0,
1648735107713741302,-0.347229003906,-0.843688964844,0.190490722656,-0.362609863281,-6253.0,158.0,-6174.0,4.0,2.0,-3.0,
1648735107718277931,-0.34716796875,-0.843811035156,0.190612792969,-0.3623046875,-6423.0,78.0,-6294.0,5.0,0.0,-6.0,
1648735107723073005,-0.346923828125,-0.843872070312,0.191101074219,-0.361999511719,-6600.0,-15.0,-6367.0,6.0,0.0,-9.0,
1648735107729865550,-0.3466796875,-0.844055175781,0.191528320312,-0.361633300781,-6645.0,-62.0,-6380.0,7.0,2.0,-10.0,
1648735107734559535,-0.346496582031,-0.844299316406,0.191772460938,-0.361145019531,-6613.0,-74.0,-6340.0,5.0,5.0,-9.0,
1648735107741438150,-0.346252441406,-0.844604492188,0.191833496094,-0.360656738281,-6599.0,-98.0,-6245.0,2.0,6.0,-9.0,
1648735107743458747,-0.345825195312,-0.844909667969,0.19189453125,-0.360229492188,-6605.0,-125.0,-6133.0,0.0,6.0,-11.0,
1648735107748068332,-0.345336914062,-0.845336914062,0.191772460938,-0.359802246094,-6579.0,-106.0,-6016.0,-3.0,8.0,-12.0,
1648735107755234718,-0.344787597656,-0.845764160156,0.191589355469,-0.359375,-6534.0,-83.0,-5942.0,-4.0,8.0,-13.0,
1648735107763546943,-0.344177246094,-0.846252441406,0.191345214844,-0.358947753906,-6574.0,-106.0,-5873.0,-5.0,8.0,-13.0,
1648735107771460056,-0.342834472656,-0.847290039062,0.190673828125,-0.358215332031,-6821.0,-128.0,-5793.0,-8.0,13.0,-13.0,
1648735107776191473,-0.34228515625,-0.847961425781,0.190063476562,-0.357482910156,-6784.0,-133.0,-5802.0,-9.0,18.0,-13.0,
1648735107780813932,-0.341796875,-0.848693847656,0.189331054688,-0.356567382812,-6711.0,-159.0,-5850.0,-10.0,19.0,-11.0,
1648735107785326004,-0.341247558594,-0.849426269531,0.188598632812,-0.355712890625,-6767.0,-152.0,-5939.0,-11.0,18.0,-12.0,
1648735107790584325,-0.340637207031,-0.850219726562,0.187805175781,-0.354858398438,-6865.0,-132.0,-5991.0,-10.0,19.0,-13.0,
1648735107794450521,-0.340148925781,-0.850952148438,0.187072753906,-0.353881835938,-6797.0,-127.0,-5978.0,-9.0,22.0,-12.0,
1648735107799224615,-0.339782714844,-0.851806640625,0.186096191406,-0.352783203125,-6553.0,-204.0,-5988.0,-11.0,24.0,-10.0,
1648735107804598331,-0.339233398438,-0.852722167969,0.184997558594,-0.351684570312,-6357.0,-325.0,-6040.0,-15.0,22.0,-10.0,
1648735107808025836,-0.338562011719,-0.853637695312,0.183837890625,-0.350708007812,-6310.0,-338.0,-6065.0,-19.0,18.0,-10.0,
1648735107815062046,-0.337768554688,-0.854431152344,0.1826171875,-0.35009765625,-6338.0,-273.0,-6086.0,-21.0,17.0,-11.0,
1648735107819470405,-0.337097167969,-0.855285644531,0.181213378906,-0.349426269531,-6325.0,-224.0,-6096.0,-21.0,19.0,-11.0,
1648735107824030637,-0.336486816406,-0.856201171875,0.179809570312,-0.348571777344,-6247.0,-240.0,-6125.0,-20.0,22.0,-11.0,
1648735107828656911,-0.335815429688,-0.857116699219,0.178466796875,-0.347534179688,-6160.0,-279.0,-6135.0,-19.0,24.0,-11.0,
1648735107833260059,-0.335205078125,-0.858093261719,0.177062988281,-0.346435546875,-6125.0,-306.0,-6151.0,-20.0,24.0,-10.0,
1648735107840010404,-0.334716796875,-0.859008789062,0.175659179688,-0.345397949219,-6074.0,-277.0,-6127.0,-20.0,24.0,-8.0,
1648735107844535350,-0.334228515625,-0.859924316406,0.174194335938,-0.344360351562,-6042.0,-250.0,-6128.0,-19.0,25.0,-8.0,
1648735107848930597,-0.333740234375,-0.86083984375,0.172790527344,-0.343200683594,-6006.0,-230.0,-6109.0,-18.0,27.0,-9.0,
1648735107853418827,-0.333190917969,-0.86181640625,0.17138671875,-0.341918945312,-5967.0,-207.0,-6104.0,-17.0,28.0,-10.0,
1648735107861564397,-0.332641601562,-0.862854003906,0.170104980469,-0.340637207031,-5953.0,-185.0,-6073.0,-16.0,28.0,-11.0,
1648735107868055582,-0.332092285156,-0.863830566406,0.168884277344,-0.339294433594,-5961.0,-159.0,-6037.0,-15.0,29.0,-12.0,
1648735107874320983,-0.33154296875,-0.864807128906,0.167724609375,-0.337890625,-5891.0,-146.0,-5976.0,-13.0,30.0,-13.0,
1648735107880411148,-0.330505371094,-0.866760253906,0.165771484375,-0.334899902344,-5710.0,-184.0,-5846.0,-10.0,29.0,-13.0,
1648735107885042667,-0.329895019531,-0.867614746094,0.164916992188,-0.333557128906,-5686.0,-201.0,-5778.0,-10.0,27.0,-13.0,
1648735107889488935,-0.329345703125,-0.868469238281,0.164123535156,-0.332336425781,-5680.0,-192.0,-5719.0,-10.0,25.0,-12.0,
1648735107894005060,-0.328857421875,-0.869262695312,0.163269042969,-0.331115722656,-5646.0,-177.0,-5678.0,-10.0,25.0,-12.0,
1648735107898387193,-0.328430175781,-0.870056152344,0.162475585938,-0.329895019531,-5567.0,-170.0,-5661.0,-8.0,25.0,-11.0,
1648735107903028488,-0.328002929688,-0.870788574219,0.161865234375,-0.328674316406,-5482.0,-174.0,-5644.0,-6.0,23.0,-11.0,
1648735107909780263,-0.327575683594,-0.871459960938,0.161376953125,-0.327575683594,-5426.0,-192.0,-5619.0,-4.0,20.0,-11.0,
1648735107914395570,-0.3271484375,-0.8720703125,0.161010742188,-0.326599121094,-5423.0,-205.0,-5587.0,-3.0,18.0,-11.0,
1648735107918806314,-0.326721191406,-0.872619628906,0.160766601562,-0.325622558594,-5480.0,-207.0,-5574.0,-3.0,17.0,-12.0,
1648735107923323392,-0.326293945312,-0.873168945312,0.160522460938,-0.32470703125,-5513.0,-196.0,-5585.0,-2.0,19.0,-12.0,
1648735107929991722,-0.325927734375,-0.873779296875,0.16015625,-0.323608398438,-5505.0,-218.0,-5615.0,-2.0,21.0,-11.0,
1648735107935568094,-0.325561523438,-0.874389648438,0.159851074219,-0.322448730469,-5511.0,-270.0,-5644.0,-2.0,21.0,-11.0,
1648735107939031600,-0.3251953125,-0.875061035156,0.159484863281,-0.3212890625,-5508.0,-298.0,-5679.0,-3.0,21.0,-11.0,
1648735107943555355,-0.324829101562,-0.875671386719,0.159057617188,-0.320129394531,-5495.0,-309.0,-5710.0,-4.0,21.0,-10.0,
1648735107950264692,-0.324401855469,-0.876281738281,0.158630371094,-0.319091796875,-5479.0,-328.0,-5769.0,-5.0,20.0,-10.0,
1648735107955036640,-0.324035644531,-0.876892089844,0.158081054688,-0.318054199219,-5512.0,-332.0,-5844.0,-6.0,19.0,-10.0,
1648735107959599971,-0.323669433594,-0.877502441406,0.157531738281,-0.317077636719,-5595.0,-314.0,-5919.0,-6.0,19.0,-9.0,
1648735107966704130,-0.323303222656,-0.878051757812,0.156921386719,-0.316101074219,-5645.0,-295.0,-5984.0,-7.0,21.0,-9.0,
1648735107971384048,-0.322998046875,-0.878723144531,0.156188964844,-0.315063476562,-5633.0,-288.0,-6056.0,-7.0,22.0,-8.0,
1648735107976098060,-0.322692871094,-0.879333496094,0.155456542969,-0.313903808594,-5612.0,-275.0,-6124.0,-7.0,23.0,-8.0,
1648735107980626106,-0.322387695312,-0.880004882812,0.154663085938,-0.312805175781,-5624.0,-263.0,-6189.0,-8.0,21.0,-8.0,
1648735107985538959,-0.322082519531,-0.880615234375,0.153869628906,-0.311828613281,-5639.0,-255.0,-6256.0,-9.0,21.0,-8.0,
1648735107989773511,-0.321716308594,-0.881225585938,0.153015136719,-0.310791015625,-5656.0,-242.0,-6368.0,-9.0,21.0,-8.0,
1648735107994266271,-0.321411132812,-0.8818359375,0.152221679688,-0.309692382812,-5711.0,-189.0,-6474.0,-8.0,22.0,-8.0,
1648735107999223232,-0.321105957031,-0.882507324219,0.151428222656,-0.308471679688,-5745.0,-153.0,-6560.0,-7.0,24.0,-9.0,
1648735108003375291,-0.320861816406,-0.883239746094,0.150634765625,-0.30712890625,-5768.0,-168.0,-6609.0,-6.0,26.0,-9.0,
1648735108010394811,-0.320556640625,-0.884033203125,0.149841308594,-0.305603027344,-5732.0,-191.0,-6643.0,-6.0,29.0,-10.0,
1648735108015078067,-0.320251464844,-0.884826660156,0.149047851562,-0.303955078125,-5633.0,-184.0,-6658.0,-6.0,31.0,-10.0,
1648735108032148122,-0.320068359375,-0.885681152344,0.148071289062,-0.302185058594,-5498.0,-177.0,-6674.0,-7.0,32.0,-9.0,
1648735108032743930,-0.319885253906,-0.886413574219,0.147155761719,-0.300537109375,-5400.0,-171.0,-6667.0,-7.0,30.0,-7.0,
1648735108033140182,-0.319702148438,-0.887145996094,0.146240234375,-0.299072265625,-5334.0,-177.0,-6642.0,-7.0,28.0,-7.0,
1648735108045778751,-0.319519042969,-0.887878417969,0.145324707031,-0.297668457031,-5283.0,-192.0,-6593.0,-7.0,27.0,-7.0,
1648735108046282052,-0.3193359375,-0.888549804688,0.144470214844,-0.296264648438,-5195.0,-216.0,-6528.0,-8.0,27.0,-6.0,
1648735108047462463,-0.319213867188,-0.889221191406,0.1435546875,-0.294860839844,-5056.0,-236.0,-6466.0,-8.0,27.0,-5.0,
1648735108049653291,-0.319152832031,-0.889831542969,0.142578125,-0.29345703125,-4897.0,-254.0,-6416.0,-8.0,26.0,-3.0,
1648735108054346084,-0.319213867188,-0.890380859375,0.1416015625,-0.292236328125,-4765.0,-273.0,-6364.0,-8.0,23.0,-1.0,
1648735108059021711,-0.319274902344,-0.890808105469,0.140747070312,-0.291198730469,-4679.0,-270.0,-6329.0,-8.0,19.0,0.0,
1648735108063552856,-0.319396972656,-0.891174316406,0.139953613281,-0.290405273438,-4657.0,-263.0,-6291.0,-7.0,16.0,0.0,
1648735108075214147,-0.319519042969,-0.891418457031,0.139282226562,-0.289672851562,-4631.0,-240.0,-6282.0,-6.0,14.0,1.0,
1648735108081197738,-0.319885253906,-0.891906738281,0.13818359375,-0.288452148438,-4538.0,-218.0,-6268.0,-3.0,11.0,1.0,
1648735108085987091,-0.320007324219,-0.892028808594,0.137878417969,-0.287902832031,-4524.0,-223.0,-6240.0,-1.0,8.0,0.0,
1648735108090315341,-0.320129394531,-0.892150878906,0.137756347656,-0.287536621094,-4526.0,-231.0,-6191.0,1.0,6.0,0.0,
1648735108094748258,-0.320251464844,-0.892211914062,0.137756347656,-0.287170410156,-4529.0,-246.0,-6122.0,2.0,5.0,0.0,
1648735108099239110,-0.320373535156,-0.892272949219,0.137756347656,-0.286987304688,-4489.0,-266.0,-6054.0,2.0,4.0,0.0,
1648735108103623151,-0.320373535156,-0.892272949219,0.137939453125,-0.286804199219,-4445.0,-304.0,-5984.0,3.0,1.0,-1.0,
1648735108110697507,-0.3203125,-0.892272949219,0.138244628906,-0.286804199219,-4424.0,-326.0,-5943.0,3.0,-2.0,-2.0,
1648735108115338802,-0.3203125,-0.892150878906,0.138549804688,-0.286987304688,-4439.0,-330.0,-5918.0,4.0,-6.0,-1.0,
1648735108119763612,-0.320373535156,-0.891906738281,0.138977050781,-0.287353515625,-4492.0,-338.0,-5917.0,5.0,-8.0,0.0,
1648735108126910924,-0.320373535156,-0.891723632812,0.139465332031,-0.287780761719,-4590.0,-356.0,-5925.0,5.0,-9.0,-1.0,
1648735108128713130,-0.320373535156,-0.891479492188,0.140014648438,-0.288208007812,-4704.0,-380.0,-5949.0,6.0,-9.0,-1.0,
1648735108133344173,-0.3203125,-0.891296386719,0.140563964844,-0.288635253906,-4793.0,-408.0,-6001.0,5.0,-8.0,-2.0,
1648735108140278816,-0.320251464844,-0.891174316406,0.141052246094,-0.288879394531,-4786.0,-432.0,-6032.0,6.0,-7.0,-2.0,
1648735108144658327,-0.320251464844,-0.890991210938,0.141540527344,-0.289123535156,-4803.0,-456.0,-6087.0,5.0,-7.0,-2.0,
1648735108149284362,-0.320190429688,-0.890869140625,0.141967773438,-0.289489746094,-4870.0,-487.0,-6112.0,4.0,-9.0,-2.0,
1648735108154251337,-0.320007324219,-0.890686035156,0.142456054688,-0.289916992188,-4949.0,-484.0,-6175.0,3.0,-9.0,-3.0,
1648735108159699440,-0.319946289062,-0.890502929688,0.142883300781,-0.290344238281,-4984.0,-480.0,-6211.0,3.0,-8.0,-3.0,
1648735108165816068,-0.319763183594,-0.890441894531,0.143188476562,-0.290649414062,-4981.0,-477.0,-6248.0,3.0,-7.0,-3.0,
1648735108174207925,-0.319580078125,-0.890319824219,0.143615722656,-0.290893554688,-4967.0,-492.0,-6256.0,3.0,-7.0,-5.0,
1648735108181758403,-0.319030761719,-0.890197753906,0.14453125,-0.291564941406,-4971.0,-509.0,-6335.0,4.0,-9.0,-5.0,
1648735108188083648,-0.31884765625,-0.890075683594,0.14501953125,-0.291931152344,-4966.0,-499.0,-6399.0,4.0,-10.0,-4.0,
1648735108191072702,-0.318725585938,-0.889892578125,0.1455078125,-0.292358398438,-4943.0,-495.0,-6449.0,5.0,-11.0,-3.0,
1648735108195663213,-0.318725585938,-0.8896484375,0.146057128906,-0.292846679688,-4938.0,-503.0,-6472.0,6.0,-13.0,-1.0,
1648735108200117826,-0.318725585938,-0.889343261719,0.146728515625,-0.293395996094,-4943.0,-507.0,-6494.0,7.0,-14.0,0.0,
1648735108204662799,-0.318786621094,-0.888977050781,0.1474609375,-0.2939453125,-4933.0,-506.0,-6505.0,8.0,-15.0,0.0,
1648735108209392309,-0.318908691406,-0.888610839844,0.148132324219,-0.294494628906,-4897.0,-504.0,-6510.0,9.0,-15.0,1.0,
1648735108214066505,-0.319030761719,-0.888305664062,0.148864746094,-0.295104980469,-4872.0,-523.0,-6497.0,9.0,-15.0,1.0,
1648735108218876600,-0.319152832031,-0.887878417969,0.149658203125,-0.295715332031,-4871.0,-545.0,-6502.0,9.0,-16.0,1.0,
1648735108225543498,-0.3193359375,-0.887512207031,0.150451660156,-0.296325683594,-4860.0,-564.0,-6516.0,9.0,-16.0,2.0,
1648735108230092048,-0.319580078125,-0.887084960938,0.151245117188,-0.296936035156,-4828.0,-580.0,-6546.0,10.0,-16.0,3.0,
1648735108234502553,-0.31982421875,-0.886657714844,0.151977539062,-0.297546386719,-4782.0,-591.0,-6578.0,10.0,-16.0,3.0,
1648735108238951444,-0.320068359375,-0.88623046875,0.152770996094,-0.298034667969,-4784.0,-609.0,-6589.0,11.0,-16.0,3.0,
1648735108243458032,-0.3203125,-0.885803222656,0.153625488281,-0.298645019531,-4824.0,-672.0,-6593.0,11.0,-17.0,3.0,
1648735108250123977,-0.320617675781,-0.885375976562,0.154479980469,-0.299194335938,-4816.0,-683.0,-6594.0,11.0,-15.0,3.0,
1648735108254584074,-0.320861816406,-0.885009765625,0.155334472656,-0.299560546875,-4765.0,-673.0,-6593.0,12.0,-14.0,3.0,
1648735108259333848,-0.321228027344,-0.884643554688,0.156188964844,-0.299926757812,-4696.0,-715.0,-6617.0,13.0,-13.0,3.0,
1648735108264147281,-0.321655273438,-0.884216308594,0.157104492188,-0.300231933594,-4646.0,-753.0,-6653.0,14.0,-14.0,5.0,
1648735108270793437,-0.322143554688,-0.883728027344,0.158081054688,-0.300537109375,-4641.0,-763.0,-6664.0,15.0,-15.0,6.0,
1648735108279753208,-0.32275390625,-0.883178710938,0.159118652344,-0.301025390625,-4646.0,-796.0,-6650.0,16.0,-17.0,8.0,
1648735108286094903,-0.323913574219,-0.881958007812,0.161315917969,-0.302062988281,-4629.0,-893.0,-6632.0,16.0,-18.0,8.0,
1648735108290514707,-0.324462890625,-0.88134765625,0.162414550781,-0.302673339844,-4641.0,-942.0,-6655.0,16.0,-19.0,9.0,
1648735108295114040,-0.325134277344,-0.880676269531,0.163452148438,-0.303344726562,-4675.0,-998.0,-6681.0,15.0,-20.0,10.0,
1648735108299463748,-0.325744628906,-0.880004882812,0.164489746094,-0.304138183594,-4742.0,-1047.0,-6696.0,14.0,-21.0,11.0,
1648735108304085731,-0.326354980469,-0.879272460938,0.16552734375,-0.304992675781,-4784.0,-1103.0,-6703.0,13.0,-22.0,11.0,
1648735108308453321,-0.327026367188,-0.878540039062,0.166442871094,-0.305908203125,-4801.0,-1144.0,-6720.0,12.0,-22.0,13.0,
1648735108315419912,-0.327819824219,-0.877807617188,0.167297363281,-0.306823730469,-4855.0,-1124.0,-6721.0,11.0,-23.0,15.0,
1648735108319849014,-0.328674316406,-0.876953125,0.168090820312,-0.307800292969,-4959.0,-1099.0,-6744.0,12.0,-23.0,16.0,
1648735108324286460,-0.32958984375,-0.876098632812,0.1689453125,-0.308715820312,-5157.0,-1093.0,-6748.0,13.0,-21.0,16.0,
1648735108328832149,-0.330505371094,-0.875305175781,0.169860839844,-0.309509277344,-5346.0,-1103.0,-6725.0,15.0,-17.0,15.0,
1648735108333586931,-0.331481933594,-0.874633789062,0.170776367188,-0.309875488281,-5411.0,-1139.0,-6682.0,16.0,-10.0,14.0,
1648735108340305089,-0.33251953125,-0.874084472656,0.171569824219,-0.309875488281,-5330.0,-1178.0,-6645.0,16.0,-5.0,15.0,
1648735108344670057,-0.333557128906,-0.873596191406,0.172241210938,-0.309753417969,-5220.0,-1228.0,-6603.0,16.0,-4.0,15.0,
1648735108349242925,-0.334594726562,-0.873046875,0.172973632812,-0.309753417969,-5193.0,-1250.0,-6548.0,15.0,-7.0,16.0,
1648735108353948831,-0.335571289062,-0.872436523438,0.173706054688,-0.31005859375,-5244.0,-1238.0,-6504.0,14.0,-10.0,16.0,
1648735108361075162,-0.336669921875,-0.871765136719,0.174377441406,-0.310424804688,-5286.0,-1205.0,-6483.0,13.0,-10.0,17.0,
1648735108365629673,-0.337829589844,-0.871032714844,0.174987792969,-0.310791015625,-5302.0,-1172.0,-6489.0,14.0,-9.0,19.0,
1648735108370531558,-0.339111328125,-0.870361328125,0.175598144531,-0.311096191406,-5292.0,-1168.0,-6477.0,14.0,-10.0,20.0,
1648735108376742601,-0.340393066406,-0.869567871094,0.176208496094,-0.3115234375,-5262.0,-1200.0,-6457.0,14.0,-11.0,21.0,
1648735108381545066,-0.341674804688,-0.868774414062,0.1767578125,-0.311950683594,-5270.0,-1204.0,-6443.0,12.0,-12.0,23.0,
1648735108386148452,-0.343078613281,-0.867919921875,0.17724609375,-0.312622070312,-5288.0,-1164.0,-6428.0,11.0,-14.0,24.0,
1648735108390752315,-0.344482421875,-0.867004394531,0.177612304688,-0.313354492188,-5308.0,-1102.0,-6421.0,10.0,-15.0,25.0,
1648735108395635128,-0.345825195312,-0.866088867188,0.177917480469,-0.314208984375,-5343.0,-1070.0,-6418.0,9.0,-16.0,25.0,
1648735108399911642,-0.34716796875,-0.865112304688,0.178283691406,-0.315185546875,-5353.0,-1051.0,-6406.0,8.0,-18.0,25.0,
1648735108404564380,-0.348449707031,-0.864135742188,0.178588867188,-0.316284179688,-5315.0,-1042.0,-6423.0,7.0,-20.0,25.0,
1648735108409291505,-0.349731445312,-0.863098144531,0.178833007812,-0.317504882812,-5398.0,-1046.0,-6382.0,4.0,-23.0,27.0,
1648735108414322137,-0.350891113281,-0.862060546875,0.178955078125,-0.319091796875,-5598.0,-982.0,-6326.0,0.0,-25.0,26.0,
1648735108418710947,-0.351867675781,-0.861083984375,0.178833007812,-0.320678710938,-5708.0,-862.0,-6302.0,-3.0,-22.0,24.0,
1648735108425554752,-0.352905273438,-0.860229492188,0.178527832031,-0.322082519531,-5758.0,-779.0,-6260.0,-4.0,-18.0,23.0,
1648735108430109977,-0.353759765625,-0.859436035156,0.178161621094,-0.323303222656,-5839.0,-729.0,-6227.0,-5.0,-17.0,21.0,
1648735108434641361,-0.3544921875,-0.858764648438,0.177917480469,-0.324523925781,-5953.0,-650.0,-6170.0,-6.0,-16.0,18.0,
1648735108439140081,-0.355102539062,-0.858093261719,0.177551269531,-0.325805664062,-6028.0,-540.0,-6091.0,-6.0,-15.0,17.0,
1648735108444341897,-0.355712890625,-0.857482910156,0.177124023438,-0.326965332031,-6046.0,-433.0,-6010.0,-7.0,-13.0,15.0,
1648735108450495719,-0.356201171875,-0.85693359375,0.176696777344,-0.328125,-6050.0,-352.0,-5920.0,-7.0,-13.0,13.0,
1648735108455300807,-0.356506347656,-0.856384277344,0.176330566406,-0.329345703125,-6072.0,-284.0,-5826.0,-8.0,-14.0,11.0,
1648735108459880352,-0.356689453125,-0.855895996094,0.176025390625,-0.330627441406,-6126.0,-210.0,-5742.0,-8.0,-16.0,9.0,
1648735108464325189,-0.356750488281,-0.855407714844,0.175720214844,-0.331970214844,-6208.0,-126.0,-5660.0,-9.0,-16.0,6.0,
1648735108468903779,-0.356750488281,-0.85498046875,0.175415039062,-0.333312988281,-6293.0,-33.0,-5597.0,-9.0,-16.0,4.0,
1648735108475316762,-0.356628417969,-0.854553222656,0.175109863281,-0.334594726562,-6389.0,51.0,-5534.0,-9.0,-14.0,3.0,
1648735108484935760,-0.3564453125,-0.854248046875,0.174865722656,-0.335754394531,-6447.0,119.0,-5483.0,-9.0,-12.0,1.0,
1648735108490664482,-0.355895996094,-0.853820800781,0.174194335938,-0.337707519531,-6449.0,230.0,-5361.0,-9.0,-9.0,-2.0,
1648735108495382785,-0.355529785156,-0.853759765625,0.173889160156,-0.338562011719,-6371.0,291.0,-5323.0,-9.0,-8.0,-4.0,
1648735108500040054,-0.355041503906,-0.853637695312,0.173583984375,-0.339477539062,-6221.0,345.0,-5335.0,-9.0,-11.0,-5.0,
1648735108504531145,-0.3544921875,-0.853454589844,0.173400878906,-0.340576171875,-6170.0,351.0,-5328.0,-9.0,-17.0,-6.0,
1648735108509524583,-0.353759765625,-0.853149414062,0.173400878906,-0.342102050781,-6382.0,367.0,-5289.0,-10.0,-23.0,-7.0,
1648735108513806581,-0.352966308594,-0.852783203125,0.173522949219,-0.34375,-6533.0,429.0,-5295.0,-10.0,-23.0,-8.0,
1648735108520526409,-0.352233886719,-0.8525390625,0.173400878906,-0.34521484375,-6608.0,448.0,-5307.0,-10.0,-18.0,-8.0,
1648735108524985313,-0.351501464844,-0.852416992188,0.173278808594,-0.346313476562,-6690.0,440.0,-5325.0,-10.0,-14.0,-9.0,
1648735108529443740,-0.350708007812,-0.852416992188,0.173034667969,-0.347229003906,-6757.0,437.0,-5353.0,-11.0,-10.0,-10.0,
1648735108534219980,-0.349853515625,-0.8525390625,0.172668457031,-0.347961425781,-6774.0,445.0,-5391.0,-13.0,-6.0,-12.0,
1648735108538828611,-0.348937988281,-0.852783203125,0.172241210938,-0.348510742188,-6750.0,442.0,-5436.0,-13.0,-4.0,-13.0,
1648735108545638322,-0.348022460938,-0.85302734375,0.171813964844,-0.348999023438,-6688.0,421.0,-5467.0,-13.0,-4.0,-14.0,
1648735108549955606,-0.347045898438,-0.853271484375,0.17138671875,-0.349548339844,-6633.0,394.0,-5488.0,-14.0,-5.0,-13.0,
1648735108554656267,-0.346130371094,-0.853515625,0.170959472656,-0.350158691406,-6597.0,373.0,-5503.0,-14.0,-7.0,-12.0,
1648735108559232711,-0.34521484375,-0.853637695312,0.170532226562,-0.350891113281,-6557.0,356.0,-5499.0,-15.0,-8.0,-12.0,
1648735108563765048,-0.344299316406,-0.853759765625,0.170104980469,-0.351684570312,-6516.0,327.0,-5497.0,-14.0,-9.0,-11.0,
1648735108570754289,-0.343383789062,-0.853881835938,0.169677734375,-0.352416992188,-6468.0,273.0,-5501.0,-14.0,-9.0,-11.0,
1648735108575177431,-0.342529296875,-0.854064941406,0.169311523438,-0.353088378906,-6399.0,221.0,-5526.0,-14.0,-9.0,-11.0,
1648735108583408594,-0.341674804688,-0.854187011719,0.1689453125,-0.353759765625,-6333.0,178.0,-5561.0,-14.0,-9.0,-10.0,
1648735108586598396,-0.3408203125,-0.854309082031,0.168640136719,-0.354431152344,-6282.0,127.0,-5575.0,-13.0,-9.0,-10.0,
1648735108591042995,-0.340087890625,-0.854431152344,0.168334960938,-0.35498046875,-6275.0,80.0,-5592.0,-12.0,-8.0,-9.0,
1648735108596369743,-0.339416503906,-0.854553222656,0.168029785156,-0.35546875,-6270.0,55.0,-5631.0,-11.0,-6.0,-8.0,
1648735108600562334,-0.3388671875,-0.854736328125,0.167663574219,-0.355712890625,-6220.0,36.0,-5679.0,-10.0,-2.0,-7.0,
1648735108605026483,-0.338439941406,-0.85498046875,0.167297363281,-0.355773925781,-6147.0,-1.0,-5729.0,-8.0,1.0,-6.0,
1648735108609701156,-0.338134765625,-0.855224609375,0.166931152344,-0.355651855469,-6070.0,-61.0,-5763.0,-7.0,3.0,-5.0,
1648735108614531517,-0.337890625,-0.85546875,0.166564941406,-0.355407714844,-5993.0,-120.0,-5787.0,-6.0,4.0,-4.0,
1648735108618762731,-0.337707519531,-0.855773925781,0.166137695312,-0.355102539062,-5923.0,-182.0,-5819.0,-6.0,6.0,-3.0,
1648735108626027584,-0.337646484375,-0.856079101562,0.165710449219,-0.354675292969,-5846.0,-236.0,-5853.0,-6.0,7.0,-2.0,
1648735108630224466,-0.337646484375,-0.856323242188,0.165283203125,-0.354187011719,-5773.0,-293.0,-5887.0,-5.0,8.0,0.0,
1648735108636784791,-0.337707519531,-0.856628417969,0.164855957031,-0.353698730469,-5712.0,-343.0,-5926.0,-5.0,9.0,1.0,
1648735108639861106,-0.337890625,-0.856872558594,0.164367675781,-0.353088378906,-5635.0,-375.0,-5969.0,-4.0,10.0,3.0,
1648735108644090175,-0.338317871094,-0.857055664062,0.163879394531,-0.352478027344,-5564.0,-419.0,-6014.0,-3.0,10.0,6.0,
1648735108648727893,-0.338806152344,-0.857238769531,0.163452148438,-0.351806640625,-5526.0,-469.0,-6088.0,-1.0,10.0,7.0,
1648735108655662298,-0.339416503906,-0.857360839844,0.163024902344,-0.351013183594,-5472.0,-500.0,-6140.0,1.0,12.0,9.0,
1648735108660147905,-0.34033203125,-0.857543945312,0.16259765625,-0.349975585938,-5413.0,-519.0,-6193.0,3.0,15.0,12.0,
1648735108667402267,-0.341369628906,-0.857666015625,0.162170410156,-0.348815917969,-5324.0,-549.0,-6220.0,5.0,18.0,14.0,
1648735108669853448,-0.342651367188,-0.857788085938,0.161682128906,-0.347473144531,-5190.0,-590.0,-6271.0,6.0,21.0,17.0,
1648735108685387611,-0.344177246094,-0.857849121094,0.1611328125,-0.346008300781,-5039.0,-620.0,-6331.0,8.0,22.0,21.0,
1648735108696436166,-0.350158691406,-0.857299804688,0.159851074219,-0.341918945312,-4586.0,-783.0,-6493.0,13.0,15.0,34.0,
1648735108704375028,-0.355285644531,-0.856079101562,0.159362792969,-0.339965820312,-4243.0,-869.0,-6425.0,16.0,7.0,43.0,
1648735108712492704,-0.360534667969,-0.854309082031,0.158813476562,-0.339172363281,-3953.0,-951.0,-6394.0,11.0,0.0,45.0,
1648735108716871738,-0.363098144531,-0.853271484375,0.158508300781,-0.339111328125,-3929.0,-923.0,-6356.0,10.0,-5.0,45.0,
1648735108720695257,-0.365417480469,-0.852294921875,0.158325195312,-0.33935546875,-3991.0,-925.0,-6371.0,10.0,-8.0,41.0,
1648735108724875450,-0.367492675781,-0.851318359375,0.158264160156,-0.339477539062,-4104.0,-878.0,-6314.0,10.0,-8.0,37.0,
1648735108729767084,-0.369445800781,-0.850341796875,0.158264160156,-0.339782714844,-4265.0,-894.0,-6174.0,10.0,-8.0,34.0,
1648735108734407663,-0.371154785156,-0.849487304688,0.158142089844,-0.340087890625,-4467.0,-1000.0,-5968.0,6.0,-4.0,32.0,
1648735108739125728,-0.372741699219,-0.848876953125,0.157653808594,-0.340209960938,-4628.0,-995.0,-5723.0,-2.0,4.0,33.0,
1648735108744335174,-0.37451171875,-0.848266601562,0.156372070312,-0.340209960938,-4679.0,-833.0,-5565.0,-10.0,12.0,37.0,
1648735108748723506,-0.376403808594,-0.847839355469,0.154418945312,-0.340148925781,-4572.0,-707.0,-5394.0,-16.0,16.0,39.0,
1648735108755590677,-0.378173828125,-0.847534179688,0.152038574219,-0.340087890625,-4533.0,-680.0,-5249.0,-22.0,16.0,39.0,
1648735108760344743,-0.379760742188,-0.84716796875,0.149597167969,-0.34033203125,-4698.0,-631.0,-5184.0,-27.0,14.0,39.0,
1648735108764905214,-0.381225585938,-0.846740722656,0.147094726562,-0.3408203125,-4959.0,-449.0,-5147.0,-31.0,12.0,39.0,
1648735108769378185,-0.3828125,-0.846313476562,0.144470214844,-0.341247558594,-4995.0,-194.0,-5108.0,-29.0,15.0,38.0,
1648735108774132251,-0.384460449219,-0.845825195312,0.141845703125,-0.341613769531,-5024.0,123.0,-5264.0,-26.0,14.0,39.0,
1648735108784029245,-0.386108398438,-0.84521484375,0.139587402344,-0.342224121094,-5110.0,394.0,-5546.0,-20.0,4.0,35.0,
1648735108788022756,-0.387634277344,-0.844482421875,0.138244628906,-0.342956542969,-5258.0,526.0,-5820.0,-9.0,-6.0,30.0,
1648735108792360544,-0.389099121094,-0.843566894531,0.137817382812,-0.343688964844,-5570.0,554.0,-6049.0,2.0,-12.0,27.0,
1648735108797250747,-0.390625,-0.842529296875,0.138122558594,-0.344360351562,-5944.0,609.0,-6197.0,11.0,-14.0,26.0,
1648735108801782846,-0.392333984375,-0.841369628906,0.138732910156,-0.344909667969,-6172.0,685.0,-6267.0,18.0,-11.0,26.0,
1648735108806261301,-0.394104003906,-0.84033203125,0.139343261719,-0.34521484375,-6295.0,699.0,-6292.0,20.0,-7.0,26.0,
1648735108811141967,-0.395751953125,-0.839477539062,0.139892578125,-0.345336914062,-6370.0,643.0,-6304.0,19.0,-5.0,24.0,
1648735108815658569,-0.397216796875,-0.838684082031,0.140258789062,-0.345336914062,-6382.0,583.0,-6318.0,15.0,-2.0,23.0,
1648735108820456504,-0.398559570312,-0.837951660156,0.140441894531,-0.345397949219,-6368.0,572.0,-6297.0,10.0,-2.0,23.0,
1648735108824889659,-0.399780273438,-0.837280273438,0.140319824219,-0.345642089844,-6397.0,609.0,-6329.0,6.0,-3.0,21.0,
1648735108829664468,-0.40087890625,-0.836669921875,0.140075683594,-0.346008300781,-6482.0,694.0,-6330.0,2.0,-4.0,19.0,
1648735108838569164,-0.401794433594,-0.836120605469,0.139709472656,-0.346496582031,-6637.0,777.0,-6338.0,0.0,-3.0,17.0,
1648735108841141462,-0.402526855469,-0.835632324219,0.139282226562,-0.346923828125,-6807.0,856.0,-6319.0,-1.0,-1.0,14.0,
1648735108845623970,-0.403198242188,-0.835327148438,0.138793945312,-0.34716796875,-6930.0,917.0,-6297.0,-2.0,4.0,12.0,
1648735108850096464,-0.40380859375,-0.835144042969,0.13818359375,-0.347106933594,-6981.0,977.0,-6311.0,-2.0,9.0,10.0,
1648735108854555130,-0.404357910156,-0.835083007812,0.137512207031,-0.346862792969,-7006.0,1023.0,-6277.0,-2.0,12.0,8.0,
1648735108859220743,-0.40478515625,-0.835144042969,0.136840820312,-0.346496582031,-7015.0,1057.0,-6256.0,-2.0,14.0,6.0,
1648735108867009162,-0.405090332031,-0.835266113281,0.136169433594,-0.346069335938,-7030.0,1116.0,-6230.0,-4.0,15.0,5.0,
1648735108870954513,-0.405395507812,-0.83544921875,0.135375976562,-0.345642089844,-7021.0,1177.0,-6208.0,-5.0,16.0,3.0,
1648735108875872611,-0.405639648438,-0.835632324219,0.134521484375,-0.34521484375,-6961.0,1235.0,-6205.0,-5.0,16.0,3.0,
1648735108880341291,-0.405822753906,-0.835876464844,0.133605957031,-0.3447265625,-6905.0,1300.0,-6215.0,-6.0,16.0,2.0,
1648735108885805130,-0.405883789062,-0.836120605469,0.132690429688,-0.344360351562,-6888.0,1358.0,-6201.0,-7.0,14.0,1.0,
1648735108898045539,-0.405883789062,-0.83642578125,0.131774902344,-0.344116210938,-6853.0,1416.0,-6180.0,-8.0,14.0,-1.0,
1648735108898671388,-0.405700683594,-0.836730957031,0.130920410156,-0.343872070312,-6787.0,1479.0,-6176.0,-9.0,13.0,-3.0,
1648735108900213003,-0.405456542969,-0.837036132812,0.130065917969,-0.343688964844,-6694.0,1528.0,-6140.0,-9.0,11.0,-5.0,
1648735108904718875,-0.405029296875,-0.83740234375,0.129333496094,-0.343627929688,-6639.0,1569.0,-6091.0,-9.0,8.0,-8.0,
1648735108909464597,-0.404479980469,-0.837707519531,0.128723144531,-0.343688964844,-6628.0,1596.0,-6058.0,-9.0,6.0,-10.0,
1648735108914595603,-0.403869628906,-0.838073730469,0.128295898438,-0.34375,-6626.0,1617.0,-6015.0,-8.0,5.0,-12.0,
1648735108920989513,-0.403198242188,-0.83837890625,0.1279296875,-0.343933105469,-6626.0,1643.0,-5988.0,-7.0,4.0,-13.0,
1648735108925571918,-0.402465820312,-0.838684082031,0.127624511719,-0.344055175781,-6585.0,1670.0,-5948.0,-7.0,3.0,-13.0,
1648735108930513620,-0.401794433594,-0.838989257812,0.127380371094,-0.344299316406,-6541.0,1683.0,-5897.0,-6.0,2.0,-13.0,
1648735108934860944,-0.401000976562,-0.839294433594,0.127197265625,-0.344543457031,-6526.0,1670.0,-5818.0,-6.0,0.0,-15.0,
1648735108939659595,-0.400085449219,-0.839599609375,0.127014160156,-0.344848632812,-6494.0,1639.0,-5737.0,-8.0,0.0,-16.0,
1648735108944065570,-0.399047851562,-0.839965820312,0.126770019531,-0.345275878906,-6449.0,1611.0,-5646.0,-10.0,-1.0,-18.0,
1648735108949046850,-0.397888183594,-0.840393066406,0.12646484375,-0.345703125,-6441.0,1588.0,-5557.0,-13.0,-1.0,-19.0,
1648735108955826282,-0.396606445312,-0.840881347656,0.1259765625,-0.346252441406,-6462.0,1581.0,-5475.0,-16.0,0.0,-19.0,
1648735108960403919,-0.395324707031,-0.841369628906,0.125305175781,-0.3466796875,-6453.0,1570.0,-5413.0,-18.0,3.0,-19.0,
1648735108965215206,-0.393981933594,-0.841979980469,0.124450683594,-0.346984863281,-6420.0,1573.0,-5362.0,-20.0,7.0,-20.0,
1648735108970364332,-0.392578125,-0.842712402344,0.123474121094,-0.347106933594,-6372.0,1569.0,-5333.0,-21.0,9.0,-21.0,
1648735108974152088,-0.39111328125,-0.843566894531,0.122436523438,-0.347229003906,-6312.0,1551.0,-5324.0,-22.0,10.0,-23.0,
1648735108983301877,-0.389465332031,-0.844421386719,0.121459960938,-0.347229003906,-6253.0,1532.0,-5336.0,-23.0,10.0,-25.0,
1648735108985793590,-0.387817382812,-0.845336914062,0.120483398438,-0.347290039062,-6229.0,1518.0,-5366.0,-23.0,9.0,-26.0,
1648735108992065429,-0.386047363281,-0.846252441406,0.11962890625,-0.347351074219,-6188.0,1515.0,-5421.0,-23.0,9.0,-28.0,
1648735108997468471,-0.384216308594,-0.84716796875,0.118713378906,-0.347412109375,-6104.0,1525.0,-5500.0,-22.0,8.0,-29.0,
1648735109001988410,-0.38232421875,-0.848083496094,0.117919921875,-0.347473144531,-6047.0,1521.0,-5589.0,-21.0,5.0,-30.0,
1648735109006495952,-0.38037109375,-0.848937988281,0.117309570312,-0.347717285156,-6053.0,1514.0,-5677.0,-20.0,1.0,-31.0,
1648735109011318922,-0.378356933594,-0.849792480469,0.116882324219,-0.348083496094,-6107.0,1522.0,-5765.0,-19.0,-1.0,-33.0,
1648735109015972375,-0.376281738281,-0.8505859375,0.116516113281,-0.348449707031,-6118.0,1564.0,-5858.0,-18.0,-1.0,-35.0,
1648735109020361423,-0.374206542969,-0.851379394531,0.116271972656,-0.348815917969,-6134.0,1571.0,-5928.0,-17.0,-2.0,-35.0,
1648735109025008678,-0.372253417969,-0.852172851562,0.116027832031,-0.34912109375,-6219.0,1557.0,-5966.0,-15.0,-2.0,-34.0,
1648735109029728174,-0.370300292969,-0.852905273438,0.115905761719,-0.349365234375,-6396.0,1549.0,-5994.0,-13.0,0.0,-33.0,
1648735109034095287,-0.368469238281,-0.853698730469,0.115783691406,-0.349365234375,-6457.0,1587.0,-6018.0,-11.0,6.0,-33.0,
1648735109039251804,-0.366821289062,-0.854675292969,0.115600585938,-0.348876953125,-6377.0,1602.0,-6054.0,-8.0,13.0,-33.0,
1648735109046397447,-0.365295410156,-0.855712890625,0.115356445312,-0.348022460938,-6310.0,1546.0,-6079.0,-5.0,16.0,-31.0,
1648735109051344633,-0.363952636719,-0.856750488281,0.115295410156,-0.346923828125,-6241.0,1483.0,-6078.0,-3.0,19.0,-29.0,
1648735109055631399,-0.362670898438,-0.857788085938,0.115173339844,-0.345642089844,-6094.0,1447.0,-6053.0,-2.0,22.0,-28.0,
1648735109060433864,-0.361511230469,-0.85888671875,0.114929199219,-0.34423828125,-5909.0,1410.0,-6001.0,-2.0,24.0,-27.0,
1648735109064781904,-0.3603515625,-0.859924316406,0.114624023438,-0.342956542969,-5733.0,1348.0,-5969.0,-3.0,23.0,-26.0,
1648735109069970130,-0.359130859375,-0.860961914062,0.114318847656,-0.341735839844,-5565.0,1279.0,-5950.0,-5.0,20.0,-26.0,
1648735109074117422,-0.35791015625,-0.861938476562,0.113952636719,-0.340698242188,-5415.0,1205.0,-5913.0,-6.0,18.0,-25.0,
1648735109078777074,-0.356750488281,-0.862854003906,0.113586425781,-0.339782714844,-5282.0,1135.0,-5875.0,-8.0,16.0,-23.0,
1648735109086217403,-0.355590820312,-0.863647460938,0.113159179688,-0.338989257812,-5140.0,1088.0,-5847.0,-9.0,15.0,-22.0,
1648735109093611717,-0.3544921875,-0.864440917969,0.112670898438,-0.338317871094,-5024.0,1042.0,-5825.0,-10.0,12.0,-21.0,
1648735109101116418,-0.353393554688,-0.865173339844,0.112182617188,-0.337707519531,-4974.0,973.0,-5798.0,-10.0,10.0,-20.0,
1648735109107276201,-0.351257324219,-0.866577148438,0.111206054688,-0.336730957031,-4835.0,960.0,-5791.0,-11.0,10.0,-18.0,
1648735109111302375,-0.350280761719,-0.8671875,0.110717773438,-0.336303710938,-4764.0,976.0,-5804.0,-9.0,8.0,-19.0,
1648735109115965843,-0.349304199219,-0.867797851562,0.110534667969,-0.335876464844,-4745.0,920.0,-5794.0,-5.0,6.0,-19.0,
1648735109120670795,-0.348449707031,-0.868286132812,0.110534667969,-0.33544921875,-4701.0,886.0,-5804.0,-3.0,5.0,-17.0,
1648735109126864194,-0.347717285156,-0.868713378906,0.110595703125,-0.335021972656,-4600.0,874.0,-5811.0,-1.0,4.0,-16.0,
1648735109130251407,-0.347106933594,-0.869079589844,0.110778808594,-0.334716796875,-4510.0,845.0,-5811.0,1.0,1.0,-15.0,
1648735109134939432,-0.346435546875,-0.869323730469,0.111083984375,-0.334594726562,-4528.0,787.0,-5789.0,2.0,-3.0,-14.0,
1648735109139693021,-0.345764160156,-0.869567871094,0.111511230469,-0.334594726562,-4560.0,748.0,-5777.0,2.0,-4.0,-15.0,
1648735109144362211,-0.344970703125,-0.869812011719,0.111938476562,-0.334594726562,-4540.0,723.0,-5758.0,2.0,-4.0,-16.0,
1648735109148982524,-0.34423828125,-0.870056152344,0.112365722656,-0.334533691406,-4564.0,654.0,-5744.0,2.0,-3.0,-16.0,
1648735109156079530,-0.343627929688,-0.870300292969,0.112854003906,-0.334411621094,-4617.0,597.0,-5735.0,3.0,-3.0,-14.0,
1648735109160678386,-0.343017578125,-0.870544433594,0.113342285156,-0.334228515625,-4630.0,594.0,-5740.0,4.0,0.0,-13.0,
1648735109165706396,-0.342590332031,-0.870788574219,0.113708496094,-0.333862304688,-4620.0,590.0,-5751.0,5.0,2.0,-11.0,
1648735109171897411,-0.34228515625,-0.871032714844,0.114074707031,-0.333435058594,-4608.0,557.0,-5801.0,6.0,3.0,-10.0,
1648735109174937963,-0.342041015625,-0.871276855469,0.114501953125,-0.332946777344,-4581.0,527.0,-5872.0,7.0,2.0,-9.0,
1648735109179445028,-0.341857910156,-0.871459960938,0.115112304688,-0.332458496094,-4576.0,510.0,-5956.0,9.0,1.0,-9.0,
1648735109184177637,-0.341735839844,-0.87158203125,0.115844726562,-0.33203125,-4616.0,503.0,-6016.0,12.0,-2.0,-8.0,
1648735109194587230,-0.341735839844,-0.87158203125,0.11669921875,-0.331726074219,-4662.0,500.0,-6055.0,14.0,-3.0,-7.0,
1648735109201093196,-0.341735839844,-0.871520996094,0.11865234375,-0.331176757812,-4665.0,447.0,-6104.0,16.0,-5.0,-7.0,
1648735109205645322,-0.341735839844,-0.871459960938,0.119750976562,-0.330993652344,-4684.0,392.0,-6082.0,16.0,-7.0,-7.0,
1648735109212487459,-0.341613769531,-0.871337890625,0.120849609375,-0.330993652344,-4737.0,347.0,-6051.0,15.0,-9.0,-7.0,
1648735109215728998,-0.341430664062,-0.871215820312,0.121887207031,-0.331115722656,-4752.0,334.0,-6049.0,13.0,-9.0,-7.0,
1648735109219792604,-0.341247558594,-0.87109375,0.122741699219,-0.331298828125,-4725.0,338.0,-6072.0,11.0,-10.0,-8.0,
1648735109224496364,-0.341003417969,-0.870971679688,0.123596191406,-0.33154296875,-4688.0,301.0,-6079.0,10.0,-13.0,-8.0,
1648735109229257106,-0.340698242188,-0.870788574219,0.12451171875,-0.33203125,-4711.0,259.0,-6070.0,9.0,-17.0,-8.0,
1648735109236009836,-0.340270996094,-0.870544433594,0.12548828125,-0.332763671875,-4830.0,231.0,-6059.0,7.0,-20.0,-8.0,
1648735109240766525,-0.339904785156,-0.870178222656,0.126403808594,-0.333740234375,-5046.0,207.0,-6066.0,6.0,-22.0,-8.0,
1648735109245327949,-0.339477539062,-0.869873046875,0.127258300781,-0.334655761719,-5302.0,203.0,-6085.0,5.0,-20.0,-7.0,
1648735109250070095,-0.339111328125,-0.869567871094,0.128112792969,-0.335388183594,-5514.0,220.0,-6124.0,6.0,-14.0,-8.0,
1648735109254586696,-0.338745117188,-0.869445800781,0.12890625,-0.335754394531,-5647.0,187.0,-6161.0,8.0,-9.0,-8.0,
1648735109259359836,-0.33837890625,-0.869445800781,0.129699707031,-0.335876464844,-5763.0,112.0,-6191.0,8.0,-5.0,-10.0,
1648735109266464471,-0.337951660156,-0.869567871094,0.130432128906,-0.335754394531,-5854.0,47.0,-6240.0,7.0,-2.0,-11.0,
1648735109271060943,-0.337463378906,-0.869750976562,0.131103515625,-0.335510253906,-5906.0,9.0,-6276.0,7.0,0.0,-12.0,
1648735109275578975,-0.337036132812,-0.869934082031,0.131652832031,-0.335144042969,-5922.0,-12.0,-6339.0,6.0,3.0,-12.0,
1648735109280262947,-0.336608886719,-0.870300292969,0.132141113281,-0.334594726562,-5932.0,-45.0,-6364.0,6.0,5.0,-12.0,
1648735109285054206,-0.336120605469,-0.870666503906,0.132629394531,-0.333923339844,-5831.0,-67.0,-6435.0,6.0,8.0,-13.0,
1648735109289604902,-0.335571289062,-0.87109375,0.132995605469,-0.3330078125,-5600.0,-97.0,-6513.0,6.0,9.0,-14.0,
1648735109294687032,-0.335083007812,-0.87158203125,0.133483886719,-0.332092285156,-5464.0,-162.0,-6630.0,7.0,6.0,-14.0,
1648735109301384210,-0.334594726562,-0.872009277344,0.134155273438,-0.331298828125,-5361.0,-188.0,-6746.0,9.0,4.0,-14.0,
1648735109305926084,-0.334350585938,-0.872314453125,0.134826660156,-0.330444335938,-5123.0,-228.0,-6855.0,11.0,4.0,-11.0,
1648735109312460184,-0.334411621094,-0.87255859375,0.135437011719,-0.329467773438,-4864.0,-335.0,-6933.0,13.0,3.0,-6.0,
1648735109324004888,-0.334594726562,-0.872741699219,0.136169433594,-0.328552246094,-4708.0,-432.0,-6997.0,13.0,0.0,-2.0,
1648735109324653387,-0.334838867188,-0.872741699219,0.136840820312,-0.327880859375,-4386.0,-448.0,-7074.0,12.0,-2.0,0.0,
1648735109325164079,-0.335205078125,-0.872741699219,0.137451171875,-0.327331542969,-4194.0,-539.0,-7090.0,12.0,-6.0,2.0,
1648735109337409019,-0.335571289062,-0.87255859375,0.13818359375,-0.3271484375,-4227.0,-612.0,-7087.0,11.0,-12.0,3.0,
1648735109339772462,-0.335815429688,-0.872314453125,0.139038085938,-0.327209472656,-4250.0,-611.0,-7011.0,10.0,-12.0,2.0,
1648735109340999841,-0.336120605469,-0.8720703125,0.139709472656,-0.327270507812,-4175.0,-632.0,-6905.0,10.0,-10.0,3.0,
1648735109345710992,-0.336486816406,-0.871765136719,0.140380859375,-0.327331542969,-4146.0,-743.0,-6771.0,9.0,-11.0,4.0,
1648735109350301980,-0.336669921875,-0.871459960938,0.141174316406,-0.32763671875,-4403.0,-877.0,-6560.0,8.0,-15.0,3.0,
1648735109354796648,-0.336608886719,-0.87109375,0.14208984375,-0.328308105469,-4558.0,-820.0,-6489.0,5.0,-15.0,2.0,
1648735109363535404,-0.336669921875,-0.870788574219,0.142700195312,-0.328857421875,-4508.0,-734.0,-6411.0,6.0,-14.0,0.0,
1648735109368203878,-0.336669921875,-0.870422363281,0.1435546875,-0.329406738281,-4692.0,-822.0,-6325.0,9.0,-18.0,-1.0,
1648735109371804952,-0.336547851562,-0.869934082031,0.144714355469,-0.330322265625,-4979.0,-885.0,-6224.0,9.0,-22.0,-1.0,
1648735109375966310,-0.336364746094,-0.869384765625,0.145874023438,-0.331359863281,-5111.0,-940.0,-6120.0,7.0,-21.0,-1.0,
1648735109380555152,-0.336181640625,-0.868896484375,0.146789550781,-0.332397460938,-5359.0,-918.0,-6094.0,4.0,-22.0,-1.0,
1648735109385095357,-0.335815429688,-0.868469238281,0.147766113281,-0.33349609375,-5760.0,-829.0,-6081.0,5.0,-21.0,-4.0,
1648735109390190601,-0.335510253906,-0.868103027344,0.148681640625,-0.33447265625,-6040.0,-766.0,-6062.0,6.0,-15.0,-6.0,
1648735109394524574,-0.335388183594,-0.867797851562,0.149475097656,-0.334899902344,-6126.0,-781.0,-6055.0,8.0,-7.0,-4.0,
1648735109401113748,-0.335327148438,-0.86767578125,0.150268554688,-0.3349609375,-6189.0,-824.0,-6065.0,9.0,-4.0,-3.0,
1648735109406139850,-0.335205078125,-0.867553710938,0.151062011719,-0.335021972656,-6278.0,-852.0,-6072.0,8.0,-4.0,-4.0,
1648735109411239862,-0.335144042969,-0.867431640625,0.151733398438,-0.335083007812,-6350.0,-845.0,-6072.0,7.0,-3.0,-3.0,
1648735109415625333,-0.335144042969,-0.867309570312,0.15234375,-0.335083007812,-6384.0,-834.0,-6105.0,6.0,-2.0,-2.0,
1648735109420187234,-0.335144042969,-0.867248535156,0.152770996094,-0.335083007812,-6422.0,-824.0,-6160.0,5.0,-1.0,-1.0,
1648735109424748659,-0.335144042969,-0.8671875,0.153137207031,-0.335083007812,-6487.0,-782.0,-6277.0,4.0,-1.0,-1.0,
1648735109429336071,-0.335205078125,-0.8671875,0.153381347656,-0.3349609375,-6546.0,-696.0,-6398.0,3.0,1.0,-1.0,
1648735109436131238,-0.335388183594,-0.8671875,0.153503417969,-0.334716796875,-6582.0,-625.0,-6507.0,4.0,4.0,0.0,
1648735109441014528,-0.335693359375,-0.867248535156,0.153442382812,-0.334228515625,-6637.0,-584.0,-6592.0,4.0,8.0,3.0,
1648735109445577144,-0.336303710938,-0.867370605469,0.1533203125,-0.333435058594,-6733.0,-573.0,-6564.0,5.0,14.0,5.0,
1648735109450265169,-0.337036132812,-0.867553710938,0.153015136719,-0.332275390625,-6575.0,-534.0,-6504.0,4.0,24.0,8.0,
1648735109455077171,-0.337829589844,-0.867980957031,0.152160644531,-0.330749511719,-6260.0,-502.0,-6385.0,0.0,30.0,10.0,
1648735109459748744,-0.338500976562,-0.868469238281,0.151123046875,-0.329223632812,-5954.0,-470.0,-6328.0,-5.0,29.0,8.0,
1648735109464386224,-0.338928222656,-0.868957519531,0.14990234375,-0.328186035156,-5835.0,-361.0,-6233.0,-10.0,22.0,7.0,
1648735109471829414,-0.339233398438,-0.869262695312,0.148681640625,-0.327575683594,-5801.0,-228.0,-6124.0,-13.0,17.0,5.0,
1648735109475589275,-0.339477539062,-0.869567871094,0.147338867188,-0.327087402344,-5707.0,-69.0,-5998.0,-14.0,18.0,6.0,
1648735109480404376,-0.339782714844,-0.869934082031,0.145812988281,-0.326538085938,-5564.0,82.0,-5865.0,-15.0,20.0,6.0,
1648735109484996080,-0.340148925781,-0.870300292969,0.144104003906,-0.325866699219,-5376.0,206.0,-5712.0,-17.0,22.0,7.0,
1648735109490286350,-0.340576171875,-0.870727539062,0.142150878906,-0.325134277344,-5145.0,314.0,-5546.0,-19.0,24.0,10.0,
1648735109499331951,-0.341247558594,-0.871154785156,0.139953613281,-0.32421875,-4929.0,401.0,-5237.0,-22.0,28.0,13.0,
1648735109505266904,-0.341979980469,-0.871643066406,0.137268066406,-0.323303222656,-4606.0,471.0,-5114.0,-28.0,34.0,17.0,
1648735109512128353,-0.343933105469,-0.872680664062,0.130676269531,-0.321166992188,-3782.0,744.0,-4839.0,-36.0,35.0,25.0,
1648735109516532182,-0.345153808594,-0.873107910156,0.126770019531,-0.320190429688,-3392.0,951.0,-4802.0,-40.0,34.0,29.0,
1648735109521034240,-0.346557617188,-0.873474121094,0.122680664062,-0.319274902344,-3105.0,1122.0,-4738.0,-41.0,33.0,32.0,
1648735109525686025,-0.34814453125,-0.873718261719,0.118530273438,-0.318420410156,-2863.0,1252.0,-4705.0,-42.0,34.0,36.0,
1648735109533266544,-0.349975585938,-0.873962402344,0.114074707031,-0.317443847656,-2550.0,1434.0,-4696.0,-44.0,37.0,41.0,
1648735109535096645,-0.352111816406,-0.874145507812,0.109313964844,-0.316284179688,-2316.0,1592.0,-4684.0,-45.0,39.0,46.0,
1648735109539703369,-0.354431152344,-0.874206542969,0.104309082031,-0.315246582031,-2066.0,1762.0,-4732.0,-47.0,40.0,50.0,
1648735109544277906,-0.356872558594,-0.874206542969,0.09912109375,-0.314147949219,-1759.0,1989.0,-4828.0,-49.0,39.0,53.0,
1648735109552795648,-0.359436035156,-0.874084472656,0.09375,-0.313232421875,-1458.0,2183.0,-4958.0,-50.0,35.0,55.0,
1648735109556362152,-0.362060546875,-0.873718261719,0.0885009765625,-0.312683105469,-1221.0,2335.0,-5101.0,-50.0,27.0,58.0,
1648735109560985565,-0.36474609375,-0.873107910156,0.0833740234375,-0.312683105469,-1047.0,2486.0,-5236.0,-51.0,17.0,60.0,
1648735109565542459,-0.367431640625,-0.872253417969,0.0784301757812,-0.313232421875,-954.0,2640.0,-5379.0,-51.0,7.0,62.0,
1648735109570013761,-0.370178222656,-0.87109375,0.0736083984375,-0.314331054688,-921.0,2803.0,-5542.0,-52.0,-3.0,64.0,
1648735109574886322,-0.373046875,-0.86962890625,0.069091796875,-0.316040039062,-937.0,2955.0,-5707.0,-51.0,-13.0,66.0,
1648735109579349040,-0.376037597656,-0.867919921875,0.0648193359375,-0.318115234375,-987.0,3090.0,-5872.0,-48.0,-23.0,68.0,
1648735109587643384,-0.379089355469,-0.865905761719,0.0608520507812,-0.320678710938,-1054.0,3211.0,-6021.0,-46.0,-31.0,71.0,
1648735109592377185,-0.382385253906,-0.863708496094,0.0571899414062,-0.323486328125,-1163.0,3326.0,-6188.0,-42.0,-38.0,74.0,
1648735109595881462,-0.385864257812,-0.861206054688,0.0538330078125,-0.326538085938,-1327.0,3437.0,-6340.0,-38.0,-44.0,77.0,
1648735109601894378,-0.389587402344,-0.8583984375,0.0507202148438,-0.329956054688,-1543.0,3549.0,-6476.0,-37.0,-50.0,81.0,
1648735109607074737,-0.393432617188,-0.85546875,0.0476684570312,-0.333557128906,-1795.0,3664.0,-6594.0,-35.0,-54.0,84.0,
1648735109611951351,-0.397399902344,-0.852294921875,0.0447387695312,-0.337158203125,-2047.0,3765.0,-6696.0,-33.0,-53.0,87.0,
1648735109616840124,-0.401611328125,-0.849182128906,0.041748046875,-0.340576171875,-2286.0,3856.0,-6784.0,-32.0,-50.0,89.0,
1648735109620972394,-0.405883789062,-0.846008300781,0.0386962890625,-0.343688964844,-2524.0,3939.0,-6859.0,-30.0,-45.0,92.0,
1648735109625701904,-0.410339355469,-0.842895507812,0.0355834960938,-0.346374511719,-2747.0,4009.0,-6922.0,-27.0,-38.0,94.0,
1648735109630412817,-0.414978027344,-0.83984375,0.0324096679688,-0.348571777344,-2924.0,4067.0,-6971.0,-25.0,-30.0,95.0,
1648735109635236024,-0.419677734375,-0.8369140625,0.0292358398438,-0.350219726562,-3042.0,4108.0,-7020.0,-21.0,-21.0,97.0,
1648735109639701604,-0.424499511719,-0.834167480469,0.0260009765625,-0.351318359375,-3107.0,4143.0,-7061.0,-17.0,-14.0,97.0,
1648735109644516468,-0.429443359375,-0.831420898438,0.0227661132812,-0.351928710938,-3127.0,4166.0,-7081.0,-13.0,-7.0,98.0,
1648735109653357982,-0.434509277344,-0.828796386719,0.0195922851562,-0.352172851562,-3113.0,4177.0,-7091.0,-10.0,-2.0,99.0,
1648735109656059503,-0.439697265625,-0.826110839844,0.0164794921875,-0.352111816406,-3082.0,4179.0,-7089.0,-8.0,1.0,100.0,
1648735109661058902,-0.444946289062,-0.823486328125,0.0133056640625,-0.351928710938,-3050.0,4172.0,-7087.0,-6.0,3.0,102.0,
