1649689817249564886,0.223388671875,0.880981445312,-0.369995117188,0.192260742188,-2844.0,-3180.0,-3742.0,-40.0,92.0,35.0,
1649689817256347656,0.227111816406,0.882568359375,-0.365844726562,0.188781738281,-2772.0,-3036.0,-3828.0,-41.0,91.0,37.0,
1649689817261214256,0.230590820312,0.884033203125,-0.361694335938,0.185485839844,-2704.0,-2914.0,-3956.0,-43.0,86.0,37.0,
1649689817265737295,0.23388671875,0.885559082031,-0.357482910156,0.182373046875,-2669.0,-2805.0,-4098.0,-44.0,81.0,35.0,
1649689817270578145,0.236938476562,0.887023925781,-0.353271484375,0.179321289062,-2658.0,-2706.0,-4226.0,-46.0,80.0,32.0,
1649689817275076150,0.240051269531,0.888610839844,-0.348815917969,0.176147460938,-2647.0,-2579.0,-4325.0,-48.0,83.0,32.0,
1649689817280054569,0.243408203125,0.890197753906,-0.344116210938,0.172729492188,-2632.0,-2390.0,-4433.0,-50.0,89.0,34.0,
1649689817284504652,0.246826171875,0.891784667969,-0.339294433594,0.169372558594,-2590.0,-2168.0,-4550.0,-50.0,89.0,35.0,
1649689817289107799,0.250305175781,0.893188476562,-0.33447265625,0.166198730469,-2543.0,-1951.0,-4688.0,-48.0,85.0,38.0,
1649689817293870925,0.253967285156,0.894409179688,-0.329772949219,0.163391113281,-2493.0,-1768.0,-4842.0,-46.0,80.0,42.0,
1649689817298715353,0.257690429688,0.895446777344,-0.325256347656,0.160949707031,-2436.0,-1634.0,-5007.0,-43.0,74.0,46.0,
1649689817303655385,0.261474609375,0.896301269531,-0.320861816406,0.158813476562,-2365.0,-1539.0,-5190.0,-42.0,68.0,49.0,
1649689817307098865,0.265319824219,0.897033691406,-0.316528320312,0.156921386719,-2285.0,-1445.0,-5398.0,-41.0,63.0,52.0,
1649689817311873674,0.269287109375,0.897705078125,-0.312194824219,0.1552734375,-2242.0,-1336.0,-5617.0,-41.0,58.0,55.0,
1649689817319792985,0.273193359375,0.898193359375,-0.307861328125,0.154113769531,-2262.0,-1225.0,-5845.0,-42.0,51.0,58.0,
1649689817324499130,0.277221679688,0.898559570312,-0.303527832031,0.153564453125,-2386.0,-1102.0,-6062.0,-42.0,43.0,61.0,
1649689817329226970,0.281311035156,0.898742675781,-0.299255371094,0.153564453125,-2595.0,-965.0,-6265.0,-42.0,36.0,65.0,
1649689817335108280,0.285461425781,0.898742675781,-0.294982910156,0.154052734375,-2850.0,-827.0,-6467.0,-43.0,31.0,68.0,
1649689817338706970,0.289611816406,0.898620605469,-0.290771484375,0.15478515625,-3094.0,-712.0,-6683.0,-43.0,28.0,68.0,
1649689817342142581,0.293701171875,0.898559570312,-0.286499023438,0.155456542969,-3290.0,-649.0,-6889.0,-42.0,29.0,67.0,
1649689817347881078,0.297668457031,0.898498535156,-0.282348632812,0.155822753906,-3409.0,-616.0,-7076.0,-41.0,32.0,64.0,
1649689817353730916,0.301452636719,0.8984375,-0.278381347656,0.156005859375,-3479.0,-595.0,-7255.0,-38.0,32.0,61.0,
1649689817358789682,0.305114746094,0.898376464844,-0.274719238281,0.156005859375,-3514.0,-571.0,-7454.0,-33.0,31.0,58.0,
1649689817363321065,0.30859375,0.898193359375,-0.271362304688,0.155883789062,-3528.0,-547.0,-7651.0,-28.0,30.0,55.0,
1649689817368101358,0.31201171875,0.898010253906,-0.268310546875,0.155517578125,-3540.0,-524.0,-7834.0,-22.0,30.0,52.0,
1649689817373158693,0.315307617188,0.897766113281,-0.265625,0.154968261719,-3553.0,-504.0,-8025.0,-16.0,32.0,50.0,
1649689817415750026,0.318603515625,0.897399902344,-0.263244628906,0.154113769531,-3567.0,-501.0,-8197.0,-9.0,33.0,47.0,
1649689817417591571,0.321899414062,0.897033691406,-0.261291503906,0.153076171875,-3577.0,-510.0,-8341.0,-2.0,35.0,46.0,
1649689817418000221,0.325256347656,0.896484375,-0.259643554688,0.151733398438,-3565.0,-520.0,-8442.0,5.0,37.0,45.0,
1649689817419878482,0.328674316406,0.895874023438,-0.258361816406,0.150146484375,-3526.0,-540.0,-8524.0,12.0,38.0,46.0,
1649689817420261859,0.332214355469,0.895080566406,-0.257507324219,0.148376464844,-3446.0,-581.0,-8577.0,19.0,38.0,47.0,
1649689817421744585,0.335876464844,0.894165039062,-0.257080078125,0.146423339844,-3333.0,-643.0,-8583.0,26.0,38.0,48.0,
1649689817422074317,0.339477539062,0.893127441406,-0.257080078125,0.144470214844,-3215.0,-738.0,-8560.0,33.0,35.0,48.0,
1649689817424083709,0.343078613281,0.891967773438,-0.257507324219,0.142517089844,-3119.0,-866.0,-8529.0,38.0,32.0,48.0,
1649689817425461053,0.3466796875,0.890625,-0.258239746094,0.140808105469,-3072.0,-1001.0,-8488.0,41.0,27.0,49.0,
1649689817427104949,0.35009765625,0.889221191406,-0.25927734375,0.139282226562,-3094.0,-1124.0,-8445.0,43.0,22.0,48.0,
1649689817430059432,0.353332519531,0.887756347656,-0.260437011719,0.13818359375,-3188.0,-1234.0,-8388.0,42.0,16.0,47.0,
1649689817434558629,0.356506347656,0.886291503906,-0.261596679688,0.137451171875,-3321.0,-1344.0,-8354.0,40.0,12.0,46.0,
1649689817437865972,0.359497070312,0.884826660156,-0.262634277344,0.136962890625,-3464.0,-1433.0,-8325.0,36.0,9.0,45.0,
1649689817442955255,0.3623046875,0.883483886719,-0.263488769531,0.13671875,-3620.0,-1496.0,-8294.0,31.0,7.0,43.0,
1649689817447793483,0.365051269531,0.882202148438,-0.264038085938,0.136657714844,-3787.0,-1509.0,-8261.0,25.0,7.0,42.0,
1649689817457726240,0.367797851562,0.880981445312,-0.264282226562,0.136840820312,-3948.0,-1450.0,-8224.0,20.0,6.0,42.0,
1649689817465690135,0.373229980469,0.878601074219,-0.264221191406,0.137573242188,-4259.0,-1228.0,-8169.0,16.0,6.0,42.0,
1649689817470715999,0.375854492188,0.87744140625,-0.264099121094,0.137878417969,-4378.0,-1152.0,-8150.0,17.0,7.0,40.0,
1649689817474968910,0.378479003906,0.876281738281,-0.26416015625,0.138000488281,-4454.0,-1104.0,-8129.0,19.0,9.0,38.0,
1649689817479641914,0.380920410156,0.875183105469,-0.264404296875,0.137817382812,-4497.0,-1093.0,-8120.0,23.0,10.0,35.0,
1649689817484225511,0.383239746094,0.874084472656,-0.264892578125,0.137451171875,-4517.0,-1103.0,-8106.0,27.0,10.0,32.0,
1649689817488657712,0.385314941406,0.872985839844,-0.265625,0.136962890625,-4530.0,-1138.0,-8086.0,30.0,9.0,28.0,
1649689817492202043,0.387084960938,0.872009277344,-0.266662597656,0.136352539062,-4564.0,-1196.0,-8058.0,33.0,8.0,22.0,
1649689817496834754,0.388488769531,0.87109375,-0.267944335938,0.135681152344,-4636.0,-1271.0,-8017.0,35.0,7.0,16.0,
1649689817501576185,0.389587402344,0.870361328125,-0.269287109375,0.134826660156,-4731.0,-1339.0,-7981.0,35.0,8.0,9.0,
1649689817509824752,0.390380859375,0.869750976562,-0.2705078125,0.133911132812,-4807.0,-1398.0,-7949.0,34.0,11.0,3.0,
1649689817514215230,0.391052246094,0.869262695312,-0.271606445312,0.132751464844,-4835.0,-1415.0,-7914.0,32.0,14.0,1.0,
1649689817518855333,0.391723632812,0.868896484375,-0.272521972656,0.131408691406,-4828.0,-1430.0,-7867.0,30.0,17.0,-1.0,
1649689817524397611,0.392395019531,0.868530273438,-0.273254394531,0.130004882812,-4821.0,-1443.0,-7836.0,29.0,19.0,-2.0,
1649689817527116775,0.393005371094,0.868225097656,-0.274047851562,0.128662109375,-4815.0,-1460.0,-7813.0,29.0,18.0,-1.0,
1649689817532158136,0.393676757812,0.867858886719,-0.27490234375,0.127380371094,-4766.0,-1481.0,-7791.0,29.0,17.0,0.0,
1649689817545960187,0.394409179688,0.867431640625,-0.275817871094,0.126037597656,-4637.0,-1503.0,-7774.0,30.0,17.0,1.0,
1649689817546682834,0.395263671875,0.866943359375,-0.276733398438,0.124633789062,-4458.0,-1521.0,-7758.0,32.0,16.0,3.0,
1649689817558517932,0.396118164062,0.866455078125,-0.277709960938,0.123229980469,-4326.0,-1561.0,-7721.0,33.0,13.0,4.0,
1649689817560196876,0.396789550781,0.865844726562,-0.279052734375,0.1220703125,-4260.0,-1623.0,-7700.0,35.0,8.0,3.0,
1649689817570204019,0.397399902344,0.864807128906,-0.282287597656,0.1201171875,-4166.0,-1811.0,-7697.0,38.0,2.0,-5.0,
1649689817578260660,0.397155761719,0.863647460938,-0.287536621094,0.116943359375,-4122.0,-2070.0,-7682.0,37.0,1.0,-11.0,
1649689817582889795,0.39697265625,0.86328125,-0.289306640625,0.115905761719,-4124.0,-2143.0,-7651.0,37.0,1.0,-12.0,
1649689817587553262,0.396789550781,0.862915039062,-0.291076660156,0.114868164062,-4128.0,-2210.0,-7604.0,36.0,2.0,-12.0,
1649689817592259883,0.396606445312,0.862548828125,-0.292785644531,0.11376953125,-4101.0,-2264.0,-7540.0,37.0,2.0,-11.0,
1649689817596971511,0.396545410156,0.862121582031,-0.294494628906,0.112670898438,-4049.0,-2322.0,-7481.0,36.0,3.0,-9.0,
1649689817601994037,0.396667480469,0.861633300781,-0.296142578125,0.111511230469,-3976.0,-2390.0,-7400.0,36.0,5.0,-6.0,
1649689817610043287,0.396850585938,0.861145019531,-0.2978515625,0.1103515625,-3911.0,-2474.0,-7322.0,37.0,4.0,-5.0,
1649689817614676237,0.39697265625,0.860595703125,-0.299621582031,0.109252929688,-3857.0,-2576.0,-7258.0,37.0,3.0,-4.0,
1649689817619272232,0.397094726562,0.860046386719,-0.301391601562,0.108276367188,-3812.0,-2684.0,-7207.0,36.0,1.0,-4.0,
1649689817623986482,0.397155761719,0.859497070312,-0.30322265625,0.107421875,-3763.0,-2803.0,-7175.0,35.0,-1.0,-4.0,
1649689817628587722,0.397277832031,0.85888671875,-0.304992675781,0.106689453125,-3714.0,-2918.0,-7132.0,34.0,-3.0,-3.0,
1649689817632252216,0.397277832031,0.858337402344,-0.306823730469,0.106018066406,-3667.0,-3019.0,-7081.0,33.0,-5.0,-3.0,
1649689817637266397,0.397155761719,0.857727050781,-0.308715820312,0.105529785156,-3651.0,-3113.0,-7019.0,33.0,-9.0,-4.0,
1649689817644791364,0.396911621094,0.857116699219,-0.310791015625,0.105346679688,-3655.0,-3208.0,-6944.0,33.0,-13.0,-5.0,
1649689817649616479,0.396606445312,0.856567382812,-0.312805175781,0.105224609375,-3673.0,-3299.0,-6864.0,31.0,-15.0,-5.0,
1649689817654371261,0.396362304688,0.856018066406,-0.314758300781,0.105224609375,-3673.0,-3361.0,-6776.0,28.0,-14.0,-5.0,
1649689817659141778,0.39599609375,0.855529785156,-0.316467285156,0.105224609375,-3656.0,-3396.0,-6696.0,25.0,-14.0,-6.0,
1649689817665758609,0.395568847656,0.855102539062,-0.317993164062,0.105407714844,-3643.0,-3424.0,-6639.0,22.0,-15.0,-6.0,
1649689817670309543,0.395080566406,0.854736328125,-0.319519042969,0.105712890625,-3640.0,-3452.0,-6592.0,21.0,-18.0,-6.0,
1649689817674786090,0.39453125,0.854370117188,-0.321044921875,0.106201171875,-3643.0,-3486.0,-6552.0,19.0,-20.0,-6.0,
1649689817679466247,0.393981933594,0.854064941406,-0.322387695312,0.106689453125,-3640.0,-3518.0,-6515.0,17.0,-19.0,-7.0,
1649689817683891773,0.3935546875,0.853759765625,-0.323547363281,0.107177734375,-3613.0,-3526.0,-6469.0,14.0,-17.0,-4.0,
1649689817689723491,0.393371582031,0.853454589844,-0.324401855469,0.107727050781,-3601.0,-3499.0,-6412.0,10.0,-16.0,0.0,
1649689817692203283,0.393188476562,0.853149414062,-0.325134277344,0.108642578125,-3633.0,-3447.0,-6375.0,7.0,-20.0,2.0,
1649689817696795940,0.392883300781,0.852722167969,-0.326049804688,0.110046386719,-3704.0,-3361.0,-6375.0,6.0,-28.0,3.0,
1649689817705627679,0.392517089844,0.852294921875,-0.327087402344,0.111877441406,-3780.0,-3286.0,-6385.0,7.0,-34.0,3.0,
1649689817709675550,0.392211914062,0.851745605469,-0.328125,0.11376953125,-3853.0,-3240.0,-6377.0,8.0,-35.0,4.0,
1649689817714390039,0.391967773438,0.851196289062,-0.329223632812,0.115661621094,-3927.0,-3251.0,-6357.0,8.0,-35.0,6.0,
1649689817719896316,0.391540527344,0.850646972656,-0.330505371094,0.117614746094,-4019.0,-3316.0,-6334.0,8.0,-37.0,3.0,
1649689817724304199,0.390808105469,0.850158691406,-0.331848144531,0.11962890625,-4162.0,-3430.0,-6317.0,7.0,-40.0,-2.0,
1649689817728518724,0.389770507812,0.849853515625,-0.333190917969,0.121643066406,-4329.0,-3567.0,-6271.0,5.0,-40.0,-6.0,
1649689817731951713,0.388488769531,0.849731445312,-0.334289550781,0.12353515625,-4462.0,-3690.0,-6222.0,-1.0,-36.0,-11.0,
1649689817737258434,0.386901855469,0.849975585938,-0.334838867188,0.125061035156,-4551.0,-3772.0,-6204.0,-8.0,-30.0,-18.0,
1649689817744840383,0.384887695312,0.8505859375,-0.335083007812,0.126525878906,-4642.0,-3803.0,-6232.0,-14.0,-28.0,-26.0,
1649689817750474214,0.382507324219,0.851440429688,-0.335205078125,0.1279296875,-4780.0,-3787.0,-6288.0,-18.0,-29.0,-34.0,
1649689817754346847,0.3798828125,0.852416992188,-0.335144042969,0.129272460938,-4941.0,-3714.0,-6428.0,-19.0,-28.0,-39.0,
1649689817758819580,0.377197265625,0.853576660156,-0.334777832031,0.130249023438,-5193.0,-3629.0,-6514.0,-20.0,-21.0,-44.0,
1649689817765969038,0.374572753906,0.854797363281,-0.33447265625,0.130798339844,-5475.0,-3543.0,-6503.0,-17.0,-12.0,-47.0,
1649689817770449161,0.372253417969,0.85595703125,-0.334045410156,0.130981445312,-5624.0,-3377.0,-6504.0,-16.0,-2.0,-46.0,
1649689817774909019,0.370422363281,0.857299804688,-0.332946777344,0.130187988281,-5444.0,-3108.0,-6579.0,-17.0,16.0,-43.0,
1649689817780631542,0.369262695312,0.858825683594,-0.3310546875,0.128234863281,-5060.0,-2908.0,-6664.0,-18.0,36.0,-38.0,
1649689817784119367,0.368347167969,0.860168457031,-0.329406738281,0.125915527344,-4672.0,-2906.0,-6758.0,-10.0,35.0,-32.0,
1649689817788900613,0.367431640625,0.860961914062,-0.328979492188,0.124206542969,-4518.0,-3087.0,-6767.0,2.0,18.0,-27.0,
1649689817792247295,0.366394042969,0.861450195312,-0.329406738281,0.123046875,-4488.0,-3265.0,-6801.0,9.0,7.0,-25.0,
1649689817796869277,0.365295410156,0.861938476562,-0.329772949219,0.121704101562,-4351.0,-3351.0,-6822.0,9.0,12.0,-27.0,
1649689817805344581,0.364440917969,0.862609863281,-0.329711914062,0.119567871094,-4078.0,-3396.0,-6824.0,8.0,25.0,-29.0,
1649689817809882879,0.363586425781,0.863403320312,-0.32958984375,0.117004394531,-3757.0,-3441.0,-6803.0,10.0,29.0,-30.0,
1649689817814445495,0.362548828125,0.864074707031,-0.329772949219,0.114440917969,-3483.0,-3484.0,-6764.0,14.0,25.0,-30.0,
1649689817818943262,0.361450195312,0.864624023438,-0.330383300781,0.112243652344,-3290.0,-3539.0,-6725.0,18.0,17.0,-30.0,
1649689817823648929,0.360290527344,0.864990234375,-0.331359863281,0.110290527344,-3150.0,-3590.0,-6680.0,21.0,11.0,-29.0,
1649689817827847003,0.359191894531,0.865295410156,-0.332336425781,0.108520507812,-3029.0,-3610.0,-6622.0,22.0,10.0,-28.0,
1649689817835320949,0.358154296875,0.865539550781,-0.333312988281,0.106750488281,-2906.0,-3635.0,-6556.0,22.0,9.0,-26.0,
1649689817840323686,0.357116699219,0.86572265625,-0.334411621094,0.105285644531,-2791.0,-3689.0,-6502.0,22.0,5.0,-24.0,
1649689817845730781,0.356201171875,0.865844726562,-0.335510253906,0.104125976562,-2707.0,-3761.0,-6478.0,20.0,1.0,-21.0,
1649689817849857091,0.355224609375,0.865905761719,-0.336608886719,0.103149414062,-2665.0,-3829.0,-6450.0,19.0,-2.0,-20.0,
1649689817854655504,0.354248046875,0.865905761719,-0.337768554688,0.102478027344,-2663.0,-3890.0,-6419.0,18.0,-6.0,-17.0,
1649689817858294486,0.353454589844,0.865905761719,-0.3388671875,0.10205078125,-2676.0,-3940.0,-6376.0,17.0,-7.0,-15.0,
1649689817865771293,0.352722167969,0.865844726562,-0.339782714844,0.101623535156,-2698.0,-3964.0,-6348.0,14.0,-6.0,-12.0,
1649689817871376991,0.352172851562,0.865783691406,-0.340637207031,0.101440429688,-2724.0,-3974.0,-6362.0,12.0,-8.0,-10.0,
1649689817879768848,0.3515625,0.86572265625,-0.341430664062,0.101440429688,-2759.0,-3980.0,-6398.0,12.0,-11.0,-9.0,
1649689817880976676,0.351013183594,0.865600585938,-0.34228515625,0.101623535156,-2823.0,-3981.0,-6465.0,12.0,-13.0,-8.0,
1649689817885694742,0.350341796875,0.865417480469,-0.343322753906,0.101867675781,-2946.0,-3985.0,-6536.0,15.0,-17.0,-9.0,
1649689817890926837,0.349426269531,0.865173339844,-0.3447265625,0.102355957031,-3119.0,-3976.0,-6606.0,19.0,-21.0,-12.0,
1649689817894949674,0.348510742188,0.864868164062,-0.346252441406,0.102844238281,-3337.0,-3973.0,-6676.0,22.0,-22.0,-14.0,
1649689817899635553,0.347595214844,0.864562988281,-0.347839355469,0.103210449219,-3539.0,-3998.0,-6727.0,24.0,-19.0,-15.0,
1649689817904998064,0.3466796875,0.864318847656,-0.349426269531,0.103210449219,-3692.0,-4066.0,-6781.0,24.0,-13.0,-17.0,
1649689817909552335,0.345764160156,0.864074707031,-0.350952148438,0.102844238281,-3788.0,-4144.0,-6820.0,24.0,-8.0,-20.0,
1649689817913223266,0.344787597656,0.863952636719,-0.352355957031,0.102172851562,-3847.0,-4226.0,-6832.0,24.0,-5.0,-21.0,
1649689817920419216,0.34375,0.863891601562,-0.353759765625,0.101379394531,-3900.0,-4297.0,-6818.0,24.0,-2.0,-23.0,
1649689817925291061,0.342712402344,0.863891601562,-0.355102539062,0.100524902344,-3931.0,-4335.0,-6800.0,23.0,-1.0,-23.0,
1649689817929813861,0.341674804688,0.863891601562,-0.356384277344,0.099609375,-3914.0,-4355.0,-6751.0,22.0,0.0,-24.0,
1649689817935629606,0.340576171875,0.863952636719,-0.357543945312,0.0985717773438,-3851.0,-4385.0,-6700.0,21.0,2.0,-25.0,
1649689817942127466,0.339477539062,0.864074707031,-0.358642578125,0.0973510742188,-3765.0,-4414.0,-6634.0,20.0,3.0,-25.0,
1649689817943586349,0.33837890625,0.864196777344,-0.359680175781,0.0962524414062,-3689.0,-4432.0,-6542.0,19.0,2.0,-25.0,
1649689817947557926,0.337219238281,0.864318847656,-0.360656738281,0.0952758789062,-3627.0,-4443.0,-6463.0,17.0,1.0,-25.0,
1649689817955043077,0.336181640625,0.864501953125,-0.361450195312,0.0942993164062,-3569.0,-4437.0,-6388.0,13.0,2.0,-24.0,
1649689817959549188,0.335205078125,0.86474609375,-0.361999511719,0.0933837890625,-3491.0,-4411.0,-6311.0,11.0,4.0,-22.0,
1649689817966394424,0.334350585938,0.864990234375,-0.362426757812,0.0924682617188,-3382.0,-4373.0,-6252.0,9.0,5.0,-20.0,
1649689817971271753,0.33349609375,0.865234375,-0.36279296875,0.0916137695312,-3258.0,-4346.0,-6194.0,8.0,4.0,-19.0,
1649689817977265119,0.332702636719,0.865417480469,-0.36328125,0.0909423828125,-3120.0,-4330.0,-6152.0,9.0,0.0,-17.0,
1649689817981802701,0.331909179688,0.865539550781,-0.363891601562,0.0903930664062,-2992.0,-4346.0,-6124.0,10.0,-4.0,-16.0,
1649689817985440015,0.3310546875,0.865600585938,-0.364685058594,0.0901489257812,-2911.0,-4400.0,-6090.0,12.0,-9.0,-14.0,
1649689817990421533,0.330261230469,0.865478515625,-0.365661621094,0.090087890625,-2864.0,-4467.0,-6066.0,13.0,-12.0,-11.0,
1649689817995732545,0.329528808594,0.865356445312,-0.366577148438,0.0901489257812,-2825.0,-4526.0,-6037.0,12.0,-13.0,-9.0,
1649689817999403238,0.328979492188,0.865234375,-0.367431640625,0.0902709960938,-2793.0,-4566.0,-6020.0,11.0,-12.0,-7.0,
1649689818004175662,0.328430175781,0.865051269531,-0.368225097656,0.0903930664062,-2772.0,-4591.0,-6021.0,10.0,-12.0,-6.0,
1649689818012955904,0.327941894531,0.864929199219,-0.368957519531,0.0906372070312,-2772.0,-4601.0,-5997.0,9.0,-12.0,-5.0,
1649689818013454675,0.327453613281,0.86474609375,-0.369689941406,0.0908813476562,-2776.0,-4614.0,-5964.0,9.0,-13.0,-5.0,
1649689818020454645,0.326904296875,0.864624023438,-0.370422363281,0.0912475585938,-2818.0,-4655.0,-5948.0,9.0,-15.0,-6.0,
1649689818024857282,0.326354980469,0.864440917969,-0.371154785156,0.0916748046875,-2902.0,-4716.0,-5935.0,7.0,-15.0,-5.0,
1649689818029452562,0.325805664062,0.864318847656,-0.371765136719,0.0921020507812,-2969.0,-4775.0,-5932.0,5.0,-13.0,-5.0,
1649689818033912897,0.325317382812,0.864318847656,-0.372131347656,0.0924072265625,-3011.0,-4786.0,-5924.0,2.0,-10.0,-6.0,
1649689818038590669,0.324829101562,0.864379882812,-0.372314453125,0.0926513671875,-3068.0,-4753.0,-5916.0,0.0,-8.0,-6.0,
1649689818043240308,0.324462890625,0.864501953125,-0.372436523438,0.0929565429688,-3150.0,-4720.0,-5927.0,-1.0,-8.0,-5.0,
1649689818050672531,0.324096679688,0.864501953125,-0.37255859375,0.0933837890625,-3226.0,-4692.0,-5937.0,-1.0,-9.0,-5.0,
1649689818054512023,0.323791503906,0.864562988281,-0.372619628906,0.09375,-3262.0,-4671.0,-5949.0,-1.0,-7.0,-4.0,
1649689818059526681,0.323608398438,0.864562988281,-0.372680664062,0.0940551757812,-3293.0,-4673.0,-5926.0,-1.0,-6.0,-2.0,
1649689818064598321,0.323425292969,0.864562988281,-0.372802734375,0.094482421875,-3348.0,-4687.0,-5917.0,-1.0,-8.0,-1.0,
1649689818072280883,0.3232421875,0.864501953125,-0.372924804688,0.094970703125,-3404.0,-4666.0,-5918.0,-1.0,-9.0,-1.0,
1649689818075673103,0.323059082031,0.864501953125,-0.372985839844,0.0953979492188,-3428.0,-4613.0,-5915.0,-2.0,-7.0,-1.0,
1649689818081321239,0.322875976562,0.864562988281,-0.372924804688,0.0957641601562,-3434.0,-4553.0,-5914.0,-2.0,-6.0,-2.0,
1649689818085389852,0.32275390625,0.864562988281,-0.372924804688,0.0960693359375,-3449.0,-4500.0,-5917.0,-1.0,-6.0,-2.0,
1649689818089435338,0.322509765625,0.864562988281,-0.372985839844,0.0963745117188,-3460.0,-4479.0,-5932.0,0.0,-6.0,-3.0,
1649689818094246864,0.322326660156,0.864624023438,-0.373107910156,0.0966186523438,-3453.0,-4468.0,-5940.0,1.0,-5.0,-4.0,
1649689818098892450,0.322082519531,0.864624023438,-0.373168945312,0.0966186523438,-3432.0,-4468.0,-5936.0,1.0,-3.0,-4.0,
1649689818104686021,0.321899414062,0.864685058594,-0.373229980469,0.0965576171875,-3384.0,-4465.0,-5934.0,1.0,-1.0,-5.0,
1649689818107287406,0.321716308594,0.86474609375,-0.373229980469,0.096435546875,-3329.0,-4466.0,-5935.0,1.0,-1.0,-4.0,
1649689818115009307,0.321533203125,0.864807128906,-0.373291015625,0.0963134765625,-3280.0,-4467.0,-5933.0,1.0,0.0,-4.0,
1649689818120386600,0.321472167969,0.864868164062,-0.373291015625,0.0961303710938,-3233.0,-4469.0,-5937.0,1.0,0.0,-3.0,
1649689818124547481,0.321472167969,0.864868164062,-0.373291015625,0.0960693359375,-3174.0,-4480.0,-5947.0,1.0,0.0,-1.0,
1649689818128772258,0.321411132812,0.864929199219,-0.373291015625,0.0958862304688,-3112.0,-4508.0,-5956.0,1.0,0.0,-1.0,
1649689818133733272,0.321411132812,0.864929199219,-0.373291015625,0.0958251953125,-3067.0,-4553.0,-5964.0,1.0,-1.0,0.0,
1649689818137107372,0.321350097656,0.864929199219,-0.373352050781,0.0957641601562,-3050.0,-4582.0,-5965.0,1.0,-2.0,0.0,
1649689818145205497,0.321350097656,0.864929199219,-0.373352050781,0.0957641601562,-3045.0,-4591.0,-5958.0,0.0,-2.0,-1.0,
1649689818149790525,0.3212890625,0.864990234375,-0.373291015625,0.0957641601562,-3037.0,-4595.0,-5964.0,0.0,-2.0,0.0,
1649689818154979944,0.3212890625,0.864990234375,-0.373229980469,0.0957641601562,-3016.0,-4582.0,-5969.0,-1.0,-1.0,0.0,
1649689818159476757,0.321350097656,0.865051269531,-0.373107910156,0.0957641601562,-2979.0,-4559.0,-5975.0,-1.0,-1.0,1.0,
1649689818164664506,0.321411132812,0.865051269531,-0.372985839844,0.0958251953125,-2965.0,-4545.0,-5970.0,-1.0,-2.0,2.0,
1649689818171407461,0.321472167969,0.864990234375,-0.372985839844,0.0960083007812,-2993.0,-4541.0,-5977.0,1.0,-4.0,3.0,
1649689818176210880,0.321594238281,0.864868164062,-0.373107910156,0.0963134765625,-3048.0,-4541.0,-5999.0,1.0,-6.0,3.0,
1649689818180335044,0.321716308594,0.86474609375,-0.373229980469,0.0966186523438,-3082.0,-4536.0,-6014.0,1.0,-6.0,3.0,
1649689818186117887,0.321838378906,0.864685058594,-0.373291015625,0.096923828125,-3103.0,-4538.0,-6035.0,1.0,-5.0,3.0,
1649689818200227737,0.321899414062,0.864562988281,-0.373352050781,0.09716796875,-3139.0,-4554.0,-6062.0,2.0,-5.0,3.0,
1649689818212318897,0.321960449219,0.864440917969,-0.373474121094,0.0974731445312,-3180.0,-4567.0,-6095.0,2.0,-6.0,2.0,
1649689818213917970,0.321960449219,0.864379882812,-0.373596191406,0.0977783203125,-3210.0,-4567.0,-6127.0,2.0,-6.0,2.0,
1649689818214787006,0.322021484375,0.864318847656,-0.373718261719,0.0979614257812,-3237.0,-4552.0,-6142.0,2.0,-5.0,1.0,
1649689818215173006,0.322021484375,0.864196777344,-0.373779296875,0.0982055664062,-3268.0,-4536.0,-6152.0,2.0,-5.0,1.0,
1649689818217908620,0.322021484375,0.864135742188,-0.373901367188,0.0985107421875,-3294.0,-4520.0,-6163.0,2.0,-6.0,1.0,
1649689818219815015,0.322082519531,0.864013671875,-0.3740234375,0.0987548828125,-3329.0,-4516.0,-6165.0,2.0,-5.0,1.0,
1649689818224023580,0.322143554688,0.863952636719,-0.374145507812,0.0989990234375,-3351.0,-4506.0,-6172.0,2.0,-4.0,1.0,
1649689818229548215,0.322204589844,0.863830566406,-0.374206542969,0.09912109375,-3376.0,-4495.0,-6158.0,2.0,-3.0,1.0,
1649689818232019186,0.322326660156,0.86376953125,-0.374267578125,0.0993041992188,-3407.0,-4503.0,-6132.0,2.0,-3.0,1.0,
1649689818240660905,0.322387695312,0.863647460938,-0.374450683594,0.0994873046875,-3453.0,-4515.0,-6112.0,2.0,-4.0,1.0,
1649689818245522022,0.322387695312,0.863586425781,-0.374572753906,0.0997314453125,-3479.0,-4519.0,-6093.0,2.0,-4.0,0.0,
1649689818249545574,0.322387695312,0.863525390625,-0.374633789062,0.099853515625,-3483.0,-4509.0,-6076.0,1.0,-3.0,0.0,
1649689818254597425,0.322387695312,0.863525390625,-0.374633789062,0.0999755859375,-3483.0,-4508.0,-6067.0,1.0,-2.0,0.0,
1649689818260470390,0.322387695312,0.863464355469,-0.374694824219,0.10009765625,-3480.0,-4506.0,-6070.0,1.0,-3.0,0.0,
1649689818263406276,0.322387695312,0.863464355469,-0.374633789062,0.100158691406,-3478.0,-4498.0,-6083.0,0.0,-2.0,-1.0,
1649689818266940355,0.322387695312,0.863525390625,-0.374633789062,0.100219726562,-3464.0,-4492.0,-6092.0,0.0,-2.0,-1.0,
1649689818277755022,0.322387695312,0.863525390625,-0.374572753906,0.100280761719,-3444.0,-4494.0,-6095.0,1.0,-1.0,-1.0,
1649689818285483837,0.322326660156,0.863525390625,-0.374633789062,0.100280761719,-3387.0,-4514.0,-6079.0,1.0,-2.0,-1.0,
1649689818290649175,0.322326660156,0.863464355469,-0.374694824219,0.100341796875,-3373.0,-4540.0,-6074.0,2.0,-2.0,-1.0,
1649689818294774532,0.322326660156,0.863403320312,-0.374816894531,0.100341796875,-3372.0,-4563.0,-6085.0,2.0,-3.0,0.0,
1649689818299722433,0.322326660156,0.863403320312,-0.374938964844,0.100402832031,-3374.0,-4579.0,-6091.0,2.0,-2.0,0.0,
1649689818304215192,0.322326660156,0.863342285156,-0.375,0.100402832031,-3373.0,-4595.0,-6102.0,2.0,-1.0,0.0,
1649689818308671951,0.322387695312,0.863342285156,-0.375,0.100341796875,-3364.0,-4607.0,-6100.0,2.0,-1.0,0.0,
1649689818312083721,0.322448730469,0.863342285156,-0.375,0.100280761719,-3337.0,-4603.0,-6086.0,1.0,0.0,0.0,
1649689818320062398,0.322570800781,0.86328125,-0.374938964844,0.100158691406,-3307.0,-4596.0,-6082.0,0.0,1.0,1.0,
1649689818324599504,0.322692871094,0.86328125,-0.374816894531,0.100158691406,-3283.0,-4588.0,-6069.0,0.0,0.0,2.0,
1649689818329363346,0.322814941406,0.86328125,-0.374755859375,0.100219726562,-3269.0,-4570.0,-6050.0,0.0,-1.0,2.0,
1649689818334115505,0.322937011719,0.863220214844,-0.374694824219,0.100341796875,-3269.0,-4544.0,-6023.0,0.0,-2.0,2.0,
1649689818338680982,0.323120117188,0.863159179688,-0.374694824219,0.100524902344,-3276.0,-4513.0,-6010.0,0.0,-3.0,3.0,
1649689818341994047,0.3232421875,0.863098144531,-0.374694824219,0.100769042969,-3275.0,-4492.0,-6002.0,1.0,-4.0,3.0,
1649689818350256681,0.323364257812,0.862976074219,-0.374755859375,0.101013183594,-3294.0,-4494.0,-5996.0,1.0,-4.0,3.0,
1649689818354871034,0.323547363281,0.862854003906,-0.374877929688,0.101257324219,-3322.0,-4512.0,-6000.0,2.0,-5.0,3.0,
1649689818359392404,0.323669433594,0.862731933594,-0.375,0.101501464844,-3359.0,-4522.0,-6013.0,2.0,-4.0,3.0,
1649689818363920450,0.323791503906,0.862609863281,-0.375122070312,0.101623535156,-3383.0,-4539.0,-6023.0,2.0,-3.0,2.0,
1649689818368366479,0.323913574219,0.862487792969,-0.375183105469,0.101745605469,-3377.0,-4559.0,-6027.0,2.0,-2.0,2.0,
1649689818372189760,0.323974609375,0.862426757812,-0.375244140625,0.101745605469,-3365.0,-4569.0,-6039.0,2.0,-1.0,1.0,
1649689818385912418,0.324096679688,0.862365722656,-0.375366210938,0.101684570312,-3371.0,-4588.0,-6064.0,2.0,-1.0,0.0,
1649689818390606641,0.324157714844,0.862365722656,-0.375366210938,0.101623535156,-3378.0,-4600.0,-6065.0,1.0,0.0,0.0,
1649689818397291421,0.32421875,0.862365722656,-0.375305175781,0.1015625,-3368.0,-4616.0,-6059.0,0.0,1.0,0.0,
1649689818399776220,0.324279785156,0.862426757812,-0.375122070312,0.101379394531,-3335.0,-4624.0,-6048.0,-1.0,2.0,-1.0,
1649689818404254913,0.324340820312,0.862548828125,-0.374877929688,0.101196289062,-3297.0,-4632.0,-6052.0,-3.0,3.0,-1.0,
1649689818408801078,0.324401855469,0.862670898438,-0.374572753906,0.101013183594,-3287.0,-4636.0,-6047.0,-4.0,3.0,0.0,
1649689818413439750,0.324462890625,0.86279296875,-0.374267578125,0.100891113281,-3295.0,-4629.0,-6049.0,-4.0,2.0,0.0,
1649689818417189836,0.324645996094,0.862915039062,-0.373840332031,0.100830078125,-3290.0,-4585.0,-6054.0,-5.0,3.0,1.0,
1649689818425226211,0.324829101562,0.863037109375,-0.373413085938,0.100708007812,-3264.0,-4534.0,-6057.0,-5.0,4.0,1.0,
1649689818429699182,0.325012207031,0.863159179688,-0.373046875,0.100646972656,-3246.0,-4509.0,-6068.0,-4.0,3.0,2.0,
1649689818434517860,0.3251953125,0.863159179688,-0.372802734375,0.100646972656,-3262.0,-4508.0,-6082.0,-2.0,1.0,2.0,
1649689818439098119,0.325378417969,0.863159179688,-0.372680664062,0.100646972656,-3304.0,-4516.0,-6101.0,-1.0,0.0,2.0,
1649689818443757295,0.325500488281,0.863159179688,-0.37255859375,0.100646972656,-3335.0,-4521.0,-6102.0,-1.0,1.0,1.0,
1649689818447109222,0.32568359375,0.863220214844,-0.372375488281,0.100524902344,-3338.0,-4529.0,-6110.0,-1.0,3.0,0.0,
1649689818455754280,0.325744628906,0.86328125,-0.372192382812,0.100341796875,-3339.0,-4538.0,-6120.0,-1.0,3.0,-1.0,
1649689818459855318,0.325805664062,0.863342285156,-0.372131347656,0.10009765625,-3348.0,-4552.0,-6119.0,0.0,3.0,-1.0,
1649689818464271783,0.325805664062,0.863342285156,-0.3720703125,0.0999145507812,-3361.0,-4581.0,-6121.0,1.0,2.0,-2.0,
1649689818468956232,0.325805664062,0.863403320312,-0.372009277344,0.0996704101562,-3375.0,-4600.0,-6124.0,0.0,3.0,-2.0,
1649689818473980903,0.325744628906,0.863525390625,-0.371887207031,0.0994262695312,-3370.0,-4603.0,-6128.0,0.0,3.0,-3.0,
1649689818481253147,0.325744628906,0.863586425781,-0.371765136719,0.09912109375,-3350.0,-4582.0,-6128.0,0.0,4.0,-3.0,
1649689818485663175,0.325744628906,0.863708496094,-0.37158203125,0.0988159179688,-3334.0,-4572.0,-6119.0,0.0,4.0,-3.0,
1649689818490367889,0.325744628906,0.86376953125,-0.371520996094,0.0985717773438,-3340.0,-4566.0,-6124.0,0.0,2.0,-3.0,
1649689818495090723,0.32568359375,0.863830566406,-0.371459960938,0.0983276367188,-3355.0,-4576.0,-6129.0,1.0,2.0,-2.0,
1649689818499861955,0.325744628906,0.863891601562,-0.371398925781,0.09814453125,-3355.0,-4586.0,-6132.0,1.0,2.0,-2.0,
1649689818504436731,0.325744628906,0.863891601562,-0.371398925781,0.0979614257812,-3350.0,-4601.0,-6133.0,1.0,2.0,-2.0,
1649689818509167432,0.32568359375,0.863952636719,-0.371398925781,0.0977783203125,-3338.0,-4612.0,-6134.0,1.0,1.0,-2.0,
1649689818516140222,0.32568359375,0.863952636719,-0.371398925781,0.09765625,-3343.0,-4617.0,-6134.0,1.0,0.0,-2.0,
1649689818517102956,0.325622558594,0.863952636719,-0.371459960938,0.0975341796875,-3358.0,-4620.0,-6140.0,2.0,-1.0,-2.0,
1649689818525822877,0.325622558594,0.863952636719,-0.371520996094,0.0975341796875,-3358.0,-4610.0,-6146.0,1.0,-1.0,-1.0,
1649689818530692815,0.325622558594,0.863952636719,-0.371459960938,0.097412109375,-3337.0,-4585.0,-6144.0,1.0,0.0,-1.0,
1649689818535142421,0.32568359375,0.863952636719,-0.371459960938,0.0973510742188,-3308.0,-4558.0,-6137.0,1.0,0.0,-1.0,
1649689818539283514,0.32568359375,0.863891601562,-0.371520996094,0.097412109375,-3292.0,-4547.0,-6140.0,2.0,-2.0,0.0,
1649689818544690132,0.325744628906,0.863830566406,-0.371704101562,0.0974731445312,-3308.0,-4545.0,-6147.0,3.0,-4.0,1.0,
1649689818547445297,0.325805664062,0.863647460938,-0.371948242188,0.0977172851562,-3326.0,-4552.0,-6145.0,4.0,-5.0,2.0,
1649689818556465864,0.325866699219,0.863525390625,-0.372192382812,0.097900390625,-3344.0,-4567.0,-6152.0,5.0,-5.0,2.0,
1649689818560362577,0.325927734375,0.863342285156,-0.372436523438,0.0980834960938,-3361.0,-4587.0,-6158.0,4.0,-5.0,2.0,
1649689818565709114,0.325988769531,0.863220214844,-0.372680664062,0.0982666015625,-3381.0,-4598.0,-6176.0,4.0,-5.0,1.0,
1649689818570156097,0.325988769531,0.863098144531,-0.372924804688,0.0984497070312,-3405.0,-4610.0,-6194.0,4.0,-5.0,1.0,
1649689818574681520,0.325988769531,0.862976074219,-0.373107910156,0.0985717773438,-3422.0,-4626.0,-6198.0,4.0,-4.0,0.0,
1649689818582601070,0.325988769531,0.862915039062,-0.373291015625,0.0986938476562,-3415.0,-4636.0,-6202.0,3.0,-4.0,0.0,
1649689818586246967,0.325988769531,0.862854003906,-0.373413085938,0.0987548828125,-3394.0,-4631.0,-6190.0,2.0,-3.0,0.0,
1649689818590904951,0.325988769531,0.86279296875,-0.373474121094,0.0987548828125,-3367.0,-4634.0,-6164.0,2.0,-3.0,0.0,
1649689818595824956,0.325927734375,0.862731933594,-0.373596191406,0.098876953125,-3358.0,-4633.0,-6145.0,2.0,-4.0,0.0,
1649689818600424289,0.325927734375,0.862670898438,-0.373718261719,0.0989990234375,-3341.0,-4626.0,-6117.0,2.0,-4.0,0.0,
1649689818604678630,0.325866699219,0.862670898438,-0.373840332031,0.09912109375,-3327.0,-4602.0,-6084.0,1.0,-4.0,0.0,
1649689818608228921,0.325866699219,0.862609863281,-0.373901367188,0.0992431640625,-3299.0,-4572.0,-6071.0,1.0,-3.0,1.0,
1649689818616152763,0.325927734375,0.862548828125,-0.373901367188,0.0994262695312,-3278.0,-4550.0,-6063.0,1.0,-4.0,1.0,
1649689818622134208,0.325988769531,0.862487792969,-0.373962402344,0.0995483398438,-3269.0,-4546.0,-6070.0,1.0,-4.0,2.0,
1649689818626170873,0.326049804688,0.862487792969,-0.3740234375,0.0997314453125,-3272.0,-4548.0,-6082.0,1.0,-4.0,1.0,
1649689818630699157,0.326049804688,0.862426757812,-0.374084472656,0.0999145507812,-3270.0,-4556.0,-6085.0,1.0,-4.0,1.0,
1649689818635635137,0.326049804688,0.862365722656,-0.374084472656,0.100036621094,-3273.0,-4569.0,-6089.0,1.0,-3.0,1.0,
1649689818640160560,0.326049804688,0.862365722656,-0.374084472656,0.10009765625,-3268.0,-4575.0,-6098.0,0.0,-3.0,0.0,
1649689818644268989,0.326049804688,0.862365722656,-0.3740234375,0.100158691406,-3258.0,-4557.0,-6093.0,0.0,-2.0,0.0,
1649689818649796247,0.326049804688,0.862426757812,-0.373962402344,0.100158691406,-3251.0,-4534.0,-6085.0,-1.0,-1.0,-1.0,
1649689818654073953,0.325988769531,0.862487792969,-0.373901367188,0.100158691406,-3254.0,-4510.0,-6077.0,0.0,-2.0,-1.0,
1649689818661699533,0.325988769531,0.862487792969,-0.373901367188,0.100280761719,-3273.0,-4490.0,-6073.0,0.0,-3.0,-1.0,
1649689818665739774,0.325988769531,0.862426757812,-0.373840332031,0.100402832031,-3279.0,-4478.0,-6057.0,1.0,-3.0,0.0,
1649689818670660972,0.325988769531,0.862426757812,-0.373901367188,0.100524902344,-3280.0,-4473.0,-6047.0,1.0,-3.0,0.0,
1649689818674472808,0.325988769531,0.862365722656,-0.373901367188,0.100708007812,-3292.0,-4484.0,-6048.0,1.0,-4.0,1.0,
1649689818679727315,0.326049804688,0.8623046875,-0.373962402344,0.100952148438,-3318.0,-4500.0,-6038.0,1.0,-5.0,1.0,
1649689818686100721,0.325988769531,0.862243652344,-0.374084472656,0.101196289062,-3351.0,-4504.0,-6042.0,1.0,-5.0,1.0,
1649689818691857337,0.325988769531,0.862243652344,-0.374145507812,0.101440429688,-3383.0,-4495.0,-6059.0,0.0,-4.0,0.0,
1649689818696156501,0.325988769531,0.862182617188,-0.374084472656,0.101623535156,-3398.0,-4495.0,-6088.0,0.0,-3.0,0.0,
1649689818701035022,0.325988769531,0.862243652344,-0.3740234375,0.101684570312,-3403.0,-4490.0,-6110.0,0.0,-3.0,-1.0,
1649689818705749750,0.325927734375,0.862243652344,-0.373962402344,0.101745605469,-3405.0,-4489.0,-6117.0,0.0,-2.0,-1.0,
1649689818710141658,0.325866699219,0.8623046875,-0.373962402344,0.101806640625,-3410.0,-4485.0,-6125.0,0.0,-2.0,-2.0,
1649689818717754364,0.325744628906,0.862365722656,-0.373962402344,0.101745605469,-3392.0,-4472.0,-6132.0,1.0,-1.0,-2.0,
1649689818719590425,0.32568359375,0.862365722656,-0.373901367188,0.101684570312,-3364.0,-4455.0,-6121.0,1.0,0.0,-2.0,
1649689818722947597,0.32568359375,0.862426757812,-0.373840332031,0.1015625,-3334.0,-4432.0,-6117.0,1.0,0.0,-2.0,
1649689818731894254,0.325622558594,0.862487792969,-0.373840332031,0.101440429688,-3310.0,-4427.0,-6116.0,2.0,0.0,-2.0,
1649689818736612796,0.325622558594,0.862487792969,-0.373840332031,0.101318359375,-3309.0,-4441.0,-6121.0,2.0,-1.0,-1.0,
1649689818741026639,0.325622558594,0.862426757812,-0.373962402344,0.101257324219,-3316.0,-4470.0,-6129.0,3.0,-1.0,-1.0,
1649689818745289802,0.325561523438,0.862426757812,-0.374084472656,0.101196289062,-3318.0,-4499.0,-6143.0,3.0,-2.0,-1.0,
1649689818749804019,0.325561523438,0.862426757812,-0.374145507812,0.101135253906,-3324.0,-4527.0,-6146.0,3.0,-1.0,-1.0,
1649689818755004167,0.325500488281,0.862426757812,-0.374206542969,0.101013183594,-3335.0,-4545.0,-6168.0,2.0,0.0,-2.0,
1649689818759297370,0.325500488281,0.862426757812,-0.374267578125,0.100952148438,-3336.0,-4546.0,-6169.0,2.0,-1.0,-2.0,
1649689818764586687,0.325439453125,0.862426757812,-0.374267578125,0.100830078125,-3334.0,-4539.0,-6180.0,1.0,0.0,-2.0,
1649689818769744873,0.325500488281,0.862426757812,-0.374206542969,0.100708007812,-3328.0,-4535.0,-6192.0,2.0,0.0,-1.0,
1649689818775119781,0.325500488281,0.862426757812,-0.374267578125,0.100646972656,-3327.0,-4532.0,-6194.0,2.0,-1.0,-1.0,
1649689818779840946,0.325500488281,0.862426757812,-0.374328613281,0.100646972656,-3325.0,-4520.0,-6182.0,3.0,-2.0,0.0,
1649689818785106182,0.325500488281,0.862365722656,-0.374450683594,0.100646972656,-3318.0,-4517.0,-6182.0,3.0,-3.0,0.0,
1649689818791379928,0.325500488281,0.862243652344,-0.374633789062,0.100769042969,-3309.0,-4510.0,-6189.0,4.0,-4.0,0.0,
1649689818796216011,0.325500488281,0.862182617188,-0.374816894531,0.100830078125,-3314.0,-4521.0,-6189.0,4.0,-4.0,0.0,
1649689818800903320,0.325500488281,0.862060546875,-0.375061035156,0.100952148438,-3313.0,-4521.0,-6194.0,5.0,-5.0,0.0,
1649689818805557489,0.325500488281,0.861938476562,-0.375305175781,0.101013183594,-3317.0,-4536.0,-6195.0,5.0,-4.0,0.0,
1649689818810214757,0.325500488281,0.86181640625,-0.375610351562,0.101013183594,-3303.0,-4554.0,-6189.0,5.0,-3.0,0.0,
1649689818814684152,0.325500488281,0.861694335938,-0.375854492188,0.101013183594,-3289.0,-4571.0,-6171.0,5.0,-3.0,0.0,
1649689818819329500,0.325500488281,0.861572265625,-0.376098632812,0.100952148438,-3279.0,-4588.0,-6152.0,5.0,-2.0,0.0,
1649689818824579954,0.325561523438,0.861511230469,-0.376342773438,0.100952148438,-3275.0,-4604.0,-6137.0,4.0,-2.0,0.0,
1649689818838001966,0.325561523438,0.861389160156,-0.376525878906,0.100891113281,-3259.0,-4608.0,-6114.0,4.0,-2.0,0.0,
1649689818838655233,0.325622558594,0.861328125,-0.376647949219,0.100891113281,-3255.0,-4602.0,-6099.0,3.0,-2.0,1.0,
1649689818839123249,0.325622558594,0.861267089844,-0.376831054688,0.100952148438,-3260.0,-4580.0,-6088.0,3.0,-3.0,0.0,
1649689818851909399,0.325561523438,0.861145019531,-0.376953125,0.101013183594,-3294.0,-4563.0,-6058.0,3.0,-4.0,0.0,
1649689818852943897,0.325561523438,0.861083984375,-0.377136230469,0.101135253906,-3331.0,-4568.0,-6037.0,3.0,-4.0,-1.0,
1649689818853814363,0.325500488281,0.861022949219,-0.377380371094,0.101196289062,-3374.0,-4594.0,-5991.0,3.0,-3.0,-1.0,
1649689818860948562,0.325378417969,0.860961914062,-0.377563476562,0.101257324219,-3401.0,-4612.0,-5995.0,3.0,-2.0,-2.0,
1649689818867933034,0.325317382812,0.860961914062,-0.377685546875,0.101196289062,-3381.0,-4574.0,-6037.0,2.0,-1.0,-3.0,
1649689818869931221,0.325317382812,0.860961914062,-0.377685546875,0.100952148438,-3362.0,-4567.0,-5977.0,3.0,1.0,-3.0,
1649689818874388694,0.325256347656,0.860961914062,-0.377807617188,0.100830078125,-3298.0,-4504.0,-6155.0,3.0,0.0,-2.0,
1649689818879081487,0.325500488281,0.860900878906,-0.377868652344,0.100402832031,-3150.0,-4370.0,-5995.0,8.0,3.0,1.0,
1649689818884117364,0.326232910156,0.860961914062,-0.377380371094,0.0994873046875,-3053.0,-4562.0,-5802.0,0.0,17.0,5.0,
1649689818890605211,0.326354980469,0.86083984375,-0.377624511719,0.0991821289062,-2939.0,-4773.0,-5897.0,1.0,3.0,3.0,
1649689818895419120,0.326171875,0.860900878906,-0.377685546875,0.0989990234375,-2938.0,-4688.0,-6013.0,-1.0,-4.0,0.0,
1649689818900253534,0.326110839844,0.861083984375,-0.377319335938,0.0986938476562,-2957.0,-4457.0,-6102.0,-1.0,3.0,-3.0,
1649689818904711961,0.326477050781,0.861083984375,-0.377075195312,0.0985717773438,-2944.0,-4315.0,-6103.0,3.0,3.0,2.0,
1649689818909192562,0.326965332031,0.860961914062,-0.377014160156,0.0984497070312,-2909.0,-4418.0,-6015.0,6.0,2.0,6.0,
1649689818913853406,0.327331542969,0.860778808594,-0.377075195312,0.09814453125,-2898.0,-4637.0,-6000.0,3.0,3.0,6.0,
1649689818918546915,0.327392578125,0.860717773438,-0.377197265625,0.0979614257812,-2873.0,-4680.0,-6058.0,1.0,1.0,2.0,
1649689818921944856,0.327453613281,0.86083984375,-0.377014160156,0.0975952148438,-2863.0,-4530.0,-6091.0,-1.0,3.0,0.0,
1649689818929888010,0.327758789062,0.860900878906,-0.376647949219,0.097412109375,-2864.0,-4418.0,-6105.0,0.0,4.0,2.0,
1649689818934548139,0.328186035156,0.860778808594,-0.376525878906,0.097412109375,-2880.0,-4444.0,-6119.0,2.0,1.0,6.0,
1649689818939598321,0.328552246094,0.860656738281,-0.376525878906,0.097412109375,-2919.0,-4563.0,-6084.0,2.0,0.0,6.0,
1649689818943906068,0.328796386719,0.860534667969,-0.376586914062,0.097412109375,-2973.0,-4654.0,-6090.0,1.0,-1.0,4.0,
1649689818948526859,0.328857421875,0.860534667969,-0.376525878906,0.0974731445312,-3035.0,-4629.0,-6111.0,-1.0,-2.0,2.0,
1649689818952023029,0.328918457031,0.860534667969,-0.37646484375,0.09765625,-3126.0,-4546.0,-6185.0,-1.0,-3.0,1.0,
1649689818959852695,0.329040527344,0.860473632812,-0.376403808594,0.0979614257812,-3213.0,-4471.0,-6228.0,2.0,-5.0,2.0,
1649689818964584350,0.329345703125,0.860290527344,-0.37646484375,0.0982666015625,-3319.0,-4523.0,-6206.0,4.0,-4.0,4.0,
1649689818969077110,0.329711914062,0.860046386719,-0.376647949219,0.0984497070312,-3344.0,-4617.0,-6170.0,4.0,-1.0,6.0,
1649689818973576307,0.330139160156,0.85986328125,-0.376647949219,0.098388671875,-3228.0,-4586.0,-6119.0,2.0,3.0,7.0,
1649689818978274583,0.330688476562,0.85986328125,-0.376281738281,0.0980224609375,-3088.0,-4504.0,-6068.0,-2.0,7.0,6.0,
1649689818981864690,0.3310546875,0.85986328125,-0.376037597656,0.0979614257812,-3042.0,-4453.0,-6040.0,0.0,1.0,7.0,
1649689818990334987,0.331481933594,0.859619140625,-0.376159667969,0.098388671875,-3093.0,-4445.0,-6054.0,3.0,-7.0,9.0,
1649689818997299909,0.331848144531,0.859313964844,-0.376281738281,0.0989379882812,-3181.0,-4463.0,-6069.0,3.0,-8.0,9.0,
1649689819002174377,0.332214355469,0.859069824219,-0.37646484375,0.099365234375,-3276.0,-4486.0,-6054.0,3.0,-6.0,7.0,
1649689819006616592,0.332458496094,0.858825683594,-0.376708984375,0.099853515625,-3375.0,-4492.0,-6060.0,3.0,-7.0,6.0,
1649689819011040687,0.332580566406,0.858581542969,-0.376953125,0.100280761719,-3469.0,-4482.0,-6059.0,3.0,-7.0,4.0,
1649689819015750169,0.332824707031,0.8583984375,-0.377075195312,0.100646972656,-3490.0,-4475.0,-6060.0,3.0,-4.0,4.0,
1649689819020302772,0.333129882812,0.858276367188,-0.377075195312,0.100830078125,-3449.0,-4483.0,-6050.0,2.0,-1.0,5.0,
1649689819024964094,0.333435058594,0.858154296875,-0.377075195312,0.100891113281,-3425.0,-4511.0,-6023.0,2.0,-1.0,5.0,
1649689819029505491,0.333679199219,0.857971191406,-0.377197265625,0.101135253906,-3449.0,-4536.0,-5997.0,2.0,-4.0,6.0,
1649689819034121513,0.333923339844,0.857788085938,-0.377319335938,0.101501464844,-3513.0,-4548.0,-5982.0,2.0,-5.0,5.0,
1649689819039839506,0.334106445312,0.857604980469,-0.37744140625,0.101928710938,-3583.0,-4538.0,-5995.0,1.0,-6.0,4.0,
1649689819044576168,0.334228515625,0.857421875,-0.377563476562,0.102355957031,-3640.0,-4531.0,-5998.0,1.0,-5.0,4.0,
1649689819046953678,0.334411621094,0.857299804688,-0.377685546875,0.102722167969,-3687.0,-4539.0,-5988.0,2.0,-5.0,4.0,
1649689819056055068,0.334594726562,0.857116699219,-0.377807617188,0.10302734375,-3715.0,-4554.0,-5979.0,2.0,-4.0,3.0,
1649689819062478065,0.334777832031,0.85693359375,-0.377990722656,0.103271484375,-3725.0,-4576.0,-5969.0,2.0,-3.0,3.0,
1649689819065056800,0.334899902344,0.856811523438,-0.378051757812,0.103393554688,-3722.0,-4589.0,-5970.0,2.0,-2.0,2.0,
1649689819069882631,0.335021972656,0.856750488281,-0.378173828125,0.103454589844,-3712.0,-4601.0,-5964.0,2.0,-1.0,1.0,
1649689819074465990,0.335144042969,0.856689453125,-0.378173828125,0.103393554688,-3691.0,-4601.0,-5967.0,2.0,0.0,0.0,
1649689819078126192,0.335144042969,0.856689453125,-0.378234863281,0.103271484375,-3652.0,-4601.0,-5961.0,2.0,1.0,-1.0,
1649689819086118221,0.335205078125,0.856628417969,-0.378295898438,0.103149414062,-3613.0,-4612.0,-5946.0,2.0,1.0,-1.0,
1649689819093266963,0.335266113281,0.856628417969,-0.37841796875,0.10302734375,-3570.0,-4617.0,-5935.0,2.0,0.0,-1.0,
1649689819098240613,0.335266113281,0.856567382812,-0.378479003906,0.10302734375,-3554.0,-4631.0,-5935.0,2.0,-1.0,0.0,
1649689819101773738,0.335327148438,0.8564453125,-0.378601074219,0.10302734375,-3542.0,-4630.0,-5942.0,2.0,-2.0,0.0,
1649689819107711791,0.335327148438,0.856384277344,-0.378723144531,0.103088378906,-3534.0,-4628.0,-5948.0,2.0,-2.0,0.0,
1649689819111876249,0.335388183594,0.856384277344,-0.378784179688,0.103088378906,-3536.0,-4617.0,-5954.0,2.0,-2.0,1.0,
1649689819116966485,0.33544921875,0.856323242188,-0.378845214844,0.103149414062,-3539.0,-4600.0,-5947.0,2.0,-2.0,1.0,
1649689819121594190,0.335571289062,0.856262207031,-0.378845214844,0.103210449219,-3533.0,-4580.0,-5940.0,1.0,-1.0,1.0,
1649689819125897407,0.335693359375,0.856201171875,-0.378845214844,0.103210449219,-3515.0,-4567.0,-5949.0,1.0,0.0,1.0,
1649689819130613565,0.335876464844,0.856140136719,-0.378845214844,0.103210449219,-3501.0,-4545.0,-5950.0,1.0,0.0,1.0,
1649689819135591506,0.335998535156,0.856079101562,-0.378845214844,0.103210449219,-3486.0,-4535.0,-5961.0,2.0,-1.0,1.0,
1649689819140075206,0.336059570312,0.856018066406,-0.37890625,0.103210449219,-3487.0,-4524.0,-5986.0,2.0,-1.0,1.0,
1649689819144602775,0.336181640625,0.85595703125,-0.378967285156,0.103271484375,-3487.0,-4517.0,-5993.0,3.0,-2.0,1.0,
1649689819149890422,0.336242675781,0.855895996094,-0.379089355469,0.103271484375,-3487.0,-4509.0,-5999.0,3.0,-2.0,0.0,
1649689819154782056,0.336242675781,0.855834960938,-0.379211425781,0.103271484375,-3484.0,-4501.0,-6017.0,3.0,-2.0,0.0,
1649689819157897710,0.336303710938,0.855773925781,-0.379272460938,0.103332519531,-3492.0,-4492.0,-6042.0,3.0,-2.0,0.0,
1649689819165945291,0.336303710938,0.855712890625,-0.37939453125,0.103393554688,-3514.0,-4488.0,-6058.0,3.0,-3.0,0.0,
1649689819170475006,0.336303710938,0.855590820312,-0.379577636719,0.103515625,-3535.0,-4490.0,-6080.0,3.0,-4.0,0.0,
1649689819175527572,0.336242675781,0.855529785156,-0.379760742188,0.103698730469,-3557.0,-4494.0,-6101.0,4.0,-5.0,-1.0,
1649689819180065393,0.336181640625,0.85546875,-0.379943847656,0.103881835938,-3586.0,-4488.0,-6111.0,4.0,-5.0,-1.0,
1649689819184385299,0.336059570312,0.855346679688,-0.380187988281,0.104064941406,-3622.0,-4476.0,-6125.0,4.0,-6.0,-2.0,
1649689819188828229,0.3359375,0.855285644531,-0.380432128906,0.104248046875,-3649.0,-4470.0,-6130.0,4.0,-5.0,-2.0,
1649689819192627906,0.335815429688,0.855224609375,-0.380615234375,0.104370117188,-3662.0,-4466.0,-6126.0,4.0,-5.0,-3.0,
1649689819203607797,0.335632324219,0.855163574219,-0.380859375,0.1044921875,-3667.0,-4460.0,-6111.0,4.0,-5.0,-3.0,
1649689819208059787,0.335388183594,0.855163574219,-0.381103515625,0.104553222656,-3672.0,-4459.0,-6099.0,4.0,-5.0,-4.0,
1649689819212730407,0.335144042969,0.855102539062,-0.381408691406,0.104675292969,-3681.0,-4462.0,-6098.0,4.0,-6.0,-5.0,
1649689819217146158,0.334777832031,0.855102539062,-0.381713867188,0.104797363281,-3694.0,-4467.0,-6104.0,5.0,-7.0,-6.0,
1649689819222509384,0.334289550781,0.855102539062,-0.382080078125,0.10498046875,-3713.0,-4479.0,-6110.0,5.0,-8.0,-7.0,
1649689819225552320,0.333740234375,0.855102539062,-0.382446289062,0.105102539062,-3722.0,-4467.0,-6110.0,5.0,-8.0,-9.0,
1649689819235136747,0.332946777344,0.855163574219,-0.382995605469,0.105285644531,-3710.0,-4475.0,-6116.0,6.0,-11.0,-13.0,
1649689819236237049,0.331970214844,0.855224609375,-0.383605957031,0.105590820312,-3734.0,-4508.0,-6142.0,7.0,-14.0,-14.0,
1649689819240200996,0.331237792969,0.855285644531,-0.384033203125,0.105895996094,-3755.0,-4532.0,-6158.0,4.0,-12.0,-11.0,
1649689819244320869,0.330505371094,0.855407714844,-0.384338378906,0.106079101562,-3732.0,-4522.0,-6169.0,2.0,-9.0,-12.0,
1649689819249731540,0.329650878906,0.855651855469,-0.384521484375,0.106262207031,-3711.0,-4488.0,-6203.0,1.0,-10.0,-13.0,
1649689819254126548,0.328857421875,0.855834960938,-0.384765625,0.106567382812,-3719.0,-4445.0,-6233.0,1.0,-12.0,-12.0,
1649689819257492303,0.328002929688,0.85595703125,-0.385009765625,0.106994628906,-3763.0,-4391.0,-6272.0,2.0,-13.0,-12.0,
1649689819265964746,0.3271484375,0.856140136719,-0.38525390625,0.107421875,-3812.0,-4307.0,-6319.0,2.0,-14.0,-13.0,
1649689819270210266,0.326354980469,0.856262207031,-0.385498046875,0.107849121094,-3832.0,-4213.0,-6364.0,3.0,-13.0,-13.0,
1649689819275140523,0.325622558594,0.856384277344,-0.3857421875,0.108215332031,-3833.0,-4138.0,-6402.0,4.0,-13.0,-13.0,
1649689819278815507,0.324768066406,0.8564453125,-0.386169433594,0.108642578125,-3822.0,-4091.0,-6451.0,7.0,-14.0,-13.0,
1649689819284474372,0.323852539062,0.856506347656,-0.386779785156,0.109069824219,-3813.0,-4102.0,-6494.0,9.0,-18.0,-14.0,
1649689819290642976,0.322814941406,0.856506347656,-0.387451171875,0.109619140625,-3820.0,-4125.0,-6545.0,9.0,-20.0,-14.0,
1649689819297241687,0.321899414062,0.8564453125,-0.388122558594,0.110229492188,-3830.0,-4129.0,-6586.0,9.0,-20.0,-13.0,
1649689819301953077,0.320922851562,0.8564453125,-0.388732910156,0.11083984375,-3846.0,-4108.0,-6639.0,8.0,-20.0,-13.0,
1649689819306779146,0.319946289062,0.8564453125,-0.389343261719,0.111511230469,-3879.0,-4072.0,-6696.0,8.0,-21.0,-13.0,
1649689819311284065,0.318908691406,0.8564453125,-0.390014648438,0.1123046875,-3936.0,-4048.0,-6783.0,9.0,-23.0,-14.0,
1649689819315805435,0.317810058594,0.8564453125,-0.390686035156,0.113220214844,-3994.0,-4027.0,-6889.0,9.0,-25.0,-15.0,
1649689819320467710,0.316650390625,0.8564453125,-0.391296386719,0.114074707031,-4044.0,-3998.0,-7027.0,9.0,-25.0,-15.0,
1649689819326175451,0.315551757812,0.856506347656,-0.391845703125,0.114929199219,-4090.0,-3941.0,-7149.0,9.0,-25.0,-15.0,
1649689819329681396,0.314392089844,0.856506347656,-0.392517089844,0.115783691406,-4152.0,-3872.0,-7252.0,11.0,-25.0,-16.0,
1649689819334349870,0.313171386719,0.856506347656,-0.393310546875,0.116638183594,-4231.0,-3808.0,-7359.0,13.0,-27.0,-17.0,
1649689819339169025,0.311889648438,0.856384277344,-0.394287109375,0.117614746094,-4314.0,-3752.0,-7486.0,16.0,-29.0,-19.0,
1649689819343592882,0.310607910156,0.856201171875,-0.395385742188,0.118469238281,-4384.0,-3729.0,-7605.0,19.0,-29.0,-20.0,
1649689819348435401,0.309204101562,0.856079101562,-0.396545410156,0.119201660156,-4438.0,-3731.0,-7732.0,21.0,-28.0,-22.0,
1649689819351779699,0.307678222656,0.855895996094,-0.397888183594,0.119934082031,-4499.0,-3763.0,-7870.0,23.0,-30.0,-23.0,
1649689819360001564,0.306030273438,0.855712890625,-0.399353027344,0.12060546875,-4575.0,-3819.0,-8015.0,25.0,-32.0,-25.0,
1649689819364505767,0.30419921875,0.855529785156,-0.400939941406,0.121398925781,-4667.0,-3893.0,-8166.0,26.0,-34.0,-28.0,
1649689819369270801,0.302307128906,0.855346679688,-0.402526855469,0.122192382812,-4752.0,-3958.0,-8329.0,26.0,-35.0,-29.0,
1649689819374227285,0.300354003906,0.855163574219,-0.404113769531,0.122985839844,-4813.0,-3995.0,-8502.0,26.0,-35.0,-30.0,
1649689819378804206,0.29833984375,0.855041503906,-0.405639648438,0.123718261719,-4856.0,-4000.0,-8645.0,27.0,-36.0,-31.0,
1649689819383533716,0.296203613281,0.854797363281,-0.407470703125,0.124633789062,-4924.0,-4000.0,-8788.0,30.0,-41.0,-33.0,
1649689819386920928,0.293823242188,0.854431152344,-0.409545898438,0.125732421875,-5031.0,-4041.0,-8896.0,34.0,-46.0,-35.0,
1649689819395222425,0.291259765625,0.85400390625,-0.411926269531,0.126953125,-5155.0,-4119.0,-9003.0,37.0,-51.0,-37.0,
1649689819401724338,0.288513183594,0.853515625,-0.414428710938,0.128234863281,-5259.0,-4197.0,-9101.0,38.0,-52.0,-40.0,
1649689819406759977,0.285583496094,0.853149414062,-0.416931152344,0.129333496094,-5316.0,-4241.0,-9180.0,38.0,-51.0,-43.0,
1649689819411328315,0.282531738281,0.852844238281,-0.419311523438,0.130126953125,-5342.0,-4270.0,-9249.0,38.0,-48.0,-47.0,
1649689819415929555,0.279357910156,0.852600097656,-0.421752929688,0.130798339844,-5343.0,-4274.0,-9297.0,38.0,-47.0,-51.0,
1649689819420342445,0.27587890625,0.852355957031,-0.424377441406,0.131469726562,-5330.0,-4272.0,-9345.0,42.0,-51.0,-55.0,
1649689819425041198,0.272155761719,0.851989746094,-0.42724609375,0.132202148438,-5288.0,-4269.0,-9362.0,45.0,-55.0,-58.0,
1649689819429495811,0.268188476562,0.8515625,-0.430358886719,0.132934570312,-5242.0,-4271.0,-9335.0,48.0,-58.0,-61.0,
1649689819434605836,0.263977050781,0.85107421875,-0.43359375,0.133666992188,-5195.0,-4296.0,-9285.0,50.0,-61.0,-64.0,
1649689819438872575,0.259521484375,0.8505859375,-0.437072753906,0.134460449219,-5156.0,-4333.0,-9170.0,52.0,-65.0,-68.0,
1649689819445291519,0.2548828125,0.849975585938,-0.440673828125,0.135437011719,-5099.0,-4352.0,-9032.0,51.0,-67.0,-69.0,
1649689819448220014,0.250183105469,0.849426269531,-0.444091796875,0.136413574219,-4997.0,-4315.0,-8882.0,49.0,-68.0,-69.0,
1649689819456184625,0.24560546875,0.848937988281,-0.447326660156,0.137329101562,-4876.0,-4250.0,-8666.0,47.0,-66.0,-68.0,
1649689819460170984,0.241088867188,0.848388671875,-0.450439453125,0.138244628906,-4759.0,-4204.0,-8413.0,45.0,-64.0,-66.0,
1649689819464874744,0.236572265625,0.847900390625,-0.453430175781,0.139221191406,-4602.0,-4154.0,-8131.0,41.0,-64.0,-65.0,
1649689819469117879,0.232238769531,0.847412109375,-0.456298828125,0.140319824219,-4444.0,-4043.0,-7871.0,39.0,-63.0,-61.0,
1649689819475687980,0.227905273438,0.846801757812,-0.459167480469,0.141845703125,-4309.0,-3968.0,-7619.0,38.0,-70.0,-57.0,
1649689819478846549,0.223327636719,0.845947265625,-0.462341308594,0.143859863281,-4235.0,-4002.0,-7363.0,41.0,-80.0,-57.0,
1649689819491710186,0.218566894531,0.844970703125,-0.465698242188,0.146179199219,-4229.0,-4089.0,-7155.0,42.0,-86.0,-56.0,
1649689819492340326,0.213989257812,0.843933105469,-0.468933105469,0.148559570312,-4278.0,-4222.0,-6951.0,41.0,-85.0,-55.0,
1649689819505572319,0.209350585938,0.842956542969,-0.471984863281,0.150817871094,-4309.0,-4338.0,-6759.0,36.0,-81.0,-55.0,
1649689819510887861,0.204833984375,0.842224121094,-0.474731445312,0.152770996094,-4292.0,-4400.0,-6595.0,32.0,-75.0,-56.0,
1649689819517819404,0.191772460938,0.840698242188,-0.481384277344,0.157287597656,-4017.0,-4312.0,-6012.0,24.0,-65.0,-55.0,
1649689819522295475,0.187561035156,0.840148925781,-0.483459472656,0.158813476562,-3941.0,-4293.0,-5786.0,23.0,-64.0,-53.0,
1649689819526763916,0.183410644531,0.839599609375,-0.485473632812,0.160339355469,-3878.0,-4295.0,-5619.0,22.0,-64.0,-53.0,
1649689819531441450,0.179077148438,0.839111328125,-0.487426757812,0.161682128906,-3815.0,-4297.0,-5458.0,21.0,-62.0,-55.0,
1649689819536099910,0.174865722656,0.838806152344,-0.489196777344,0.162536621094,-3695.0,-4270.0,-5285.0,18.0,-54.0,-58.0,
1649689819540577173,0.170715332031,0.838684082031,-0.490783691406,0.162902832031,-3497.0,-4236.0,-5056.0,15.0,-45.0,-60.0,
1649689819545296669,0.166625976562,0.838623046875,-0.492248535156,0.162902832031,-3240.0,-4190.0,-4896.0,14.0,-40.0,-61.0,
1649689819550119638,0.162536621094,0.838562011719,-0.493835449219,0.162780761719,-2990.0,-4157.0,-4719.0,16.0,-40.0,-60.0,
1649689819554892063,0.158508300781,0.838317871094,-0.495483398438,0.162963867188,-2822.0,-4125.0,-4540.0,17.0,-45.0,-57.0,
1649689819559406757,0.154479980469,0.837890625,-0.497253417969,0.163513183594,-2725.0,-4104.0,-4400.0,19.0,-49.0,-53.0,
1649689819563847780,0.150756835938,0.83740234375,-0.498962402344,0.164306640625,-2644.0,-4087.0,-4280.0,19.0,-50.0,-49.0,
1649689819568382501,0.147277832031,0.836853027344,-0.500610351562,0.165161132812,-2513.0,-4076.0,-4137.0,19.0,-48.0,-44.0,
1649689819571987390,0.144104003906,0.836303710938,-0.502258300781,0.165893554688,-2334.0,-4054.0,-3990.0,19.0,-45.0,-40.0,
1649689819580075025,0.141052246094,0.835754394531,-0.503784179688,0.166748046875,-2164.0,-4021.0,-3812.0,19.0,-45.0,-36.0,
1649689819584738969,0.138000488281,0.8349609375,-0.505554199219,0.167846679688,-2017.0,-3983.0,-3636.0,21.0,-49.0,-33.0,
1649689819589473962,0.134887695312,0.833984375,-0.507446289062,0.169494628906,-1878.0,-3915.0,-3483.0,24.0,-58.0,-30.0,
1649689819593860626,0.131713867188,0.832763671875,-0.509521484375,0.171569824219,-1754.0,-3813.0,-3282.0,27.0,-66.0,-27.0,
1649689819598653793,0.128784179688,0.831420898438,-0.511779785156,0.173950195312,-1649.0,-3735.0,-2972.0,29.0,-68.0,-22.0,
1649689819604624032,0.126281738281,0.829833984375,-0.51416015625,0.17626953125,-1621.0,-3924.0,-2594.0,32.0,-63.0,-16.0,
1649689819618849277,0.12451171875,0.827941894531,-0.516723632812,0.1787109375,-1552.0,-4728.0,-2207.0,33.0,-58.0,-4.0,
1649689819619190216,0.122863769531,0.825500488281,-0.519897460938,0.182067871094,-1503.0,-5581.0,-2065.0,39.0,-72.0,12.0,
1649689819621008634,0.120849609375,0.82275390625,-0.523315429688,0.18603515625,-1525.0,-5714.0,-2132.0,43.0,-87.0,14.0,
1649689819625639438,0.118286132812,0.820678710938,-0.525817871094,0.189575195312,-1662.0,-5072.0,-2051.0,34.0,-83.0,-3.0,
1649689819630108356,0.116088867188,0.819641113281,-0.527221679688,0.191650390625,-1772.0,-4103.0,-1926.0,19.0,-52.0,-20.0,
1649689819634803056,0.114929199219,0.819213867188,-0.527709960938,0.192687988281,-1683.0,-3330.0,-1772.0,10.0,-25.0,-17.0,
1649689819639510154,0.115173339844,0.818786621094,-0.528076171875,0.193603515625,-1568.0,-2998.0,-1651.0,11.0,-13.0,5.0,
1649689819644064426,0.115844726562,0.817749023438,-0.528747558594,0.195495605469,-1583.0,-3019.0,-1584.0,18.0,-24.0,24.0,
1649689819648578166,0.1162109375,0.816162109375,-0.530090332031,0.198425292969,-1689.0,-3258.0,-1567.0,26.0,-44.0,29.0,
1649689819652083396,0.116516113281,0.814453125,-0.531616210938,0.201110839844,-1701.0,-3531.0,-1576.0,29.0,-42.0,26.0,
1649689819660299062,0.117431640625,0.813293457031,-0.532897949219,0.201843261719,-1634.0,-3697.0,-1530.0,27.0,-10.0,19.0,
1649689819664708852,0.119506835938,0.812744140625,-0.53369140625,0.20068359375,-1521.0,-3781.0,-1389.0,22.0,30.0,19.0,
1649689819669642925,0.122314453125,0.812438964844,-0.534362792969,0.198425292969,-1294.0,-3830.0,-1259.0,21.0,52.0,20.0,
1649689819673938035,0.125610351562,0.81201171875,-0.535278320312,0.195739746094,-993.0,-3865.0,-1095.0,28.0,60.0,25.0,
1649689819678400754,0.129699707031,0.811218261719,-0.536499023438,0.192932128906,-679.0,-3967.0,-895.0,37.0,66.0,35.0,
1649689819681986331,0.134338378906,0.81005859375,-0.538146972656,0.190063476562,-361.0,-4187.0,-675.0,46.0,71.0,45.0,
1649689819690102100,0.139831542969,0.808471679688,-0.540161132812,0.187194824219,-77.0,-4479.0,-407.0,54.0,75.0,58.0,
1649689819695137500,0.145935058594,0.806457519531,-0.54248046875,0.184448242188,136.0,-4819.0,-90.0,62.0,78.0,69.0,
1649689819699547290,0.152282714844,0.804016113281,-0.545104980469,0.181945800781,295.0,-5183.0,235.0,67.0,77.0,76.0,
1649689819704278469,0.158996582031,0.801330566406,-0.5478515625,0.179992675781,408.0,-5557.0,568.0,68.0,72.0,86.0,
1649689819710749626,0.166015625,0.798400878906,-0.550476074219,0.178588867188,471.0,-5951.0,906.0,67.0,69.0,95.0,
1649689819715544939,0.173156738281,0.79541015625,-0.552978515625,0.177551269531,466.0,-6340.0,1184.0,64.0,65.0,102.0,
1649689819720078706,0.18017578125,0.792358398438,-0.555236816406,0.17724609375,419.0,-6694.0,1363.0,58.0,56.0,107.0,
1649689819724567651,0.1865234375,0.789184570312,-0.557373046875,0.177978515625,385.0,-6968.0,1482.0,55.0,37.0,109.0,
1649689819729198694,0.192138671875,0.785888671875,-0.5595703125,0.179809570312,313.0,-7188.0,1540.0,52.0,14.0,110.0,
1649689819733886957,0.197082519531,0.782409667969,-0.561645507812,0.182922363281,152.0,-7404.0,1547.0,47.0,-8.0,112.0,
1649689819738595008,0.201477050781,0.778747558594,-0.563720703125,0.187255859375,-108.0,-7602.0,1502.0,44.0,-30.0,117.0,
1649689819744716882,0.205322265625,0.774841308594,-0.56591796875,0.192749023438,-512.0,-7773.0,1426.0,43.0,-50.0,118.0,
1649689819750421047,0.20849609375,0.770751953125,-0.568115234375,0.199035644531,-1000.0,-7933.0,1296.0,42.0,-66.0,115.0,
1649689819754925012,0.211242675781,0.766723632812,-0.5703125,0.20556640625,-1525.0,-8022.0,1121.0,40.0,-73.0,109.0,
1649689819759427309,0.2138671875,0.762817382812,-0.572448730469,0.21142578125,-2145.0,-8024.0,977.0,42.0,-65.0,99.0,
1649689819764160871,0.216796875,0.759155273438,-0.574401855469,0.216125488281,-2932.0,-7960.0,893.0,43.0,-46.0,88.0,
1649689819768682718,0.220031738281,0.755676269531,-0.576232910156,0.219970703125,-3854.0,-7878.0,847.0,44.0,-29.0,77.0,
1649689819773116111,0.223388671875,0.752380371094,-0.578063964844,0.22314453125,-4755.0,-7824.0,781.0,46.0,-17.0,66.0,
1649689819780589818,0.226867675781,0.749389648438,-0.579895019531,0.225158691406,-5476.0,-7864.0,690.0,47.0,0.0,55.0,
1649689819785184621,0.231018066406,0.746948242188,-0.581359863281,0.225280761719,-5927.0,-8010.0,571.0,48.0,31.0,46.0,
1649689819789530038,0.236145019531,0.745239257812,-0.582275390625,0.22314453125,-6124.0,-8245.0,497.0,46.0,72.0,40.0,
1649689819795207977,0.242065429688,0.744201660156,-0.582641601562,0.219177246094,-6097.0,-8482.0,492.0,43.0,105.0,38.0,
1649689819798834800,0.247924804688,0.743347167969,-0.5830078125,0.214538574219,-5912.0,-8660.0,541.0,41.0,114.0,34.0,
1649689819803490161,0.2529296875,0.742309570312,-0.583679199219,0.210510253906,-5690.0,-8703.0,590.0,40.0,96.0,33.0,
1649689819809551715,0.256774902344,0.74072265625,-0.584777832031,0.208435058594,-5546.0,-8604.0,602.0,40.0,58.0,37.0,
1649689819820827484,0.261352539062,0.7353515625,-0.58837890625,0.211608886719,-5596.0,-8168.0,428.0,41.0,-29.0,56.0,
1649689819825348615,0.2626953125,0.731750488281,-0.590759277344,0.215759277344,-5765.0,-7923.0,262.0,44.0,-56.0,61.0,
1649689819829947710,0.263732910156,0.727966308594,-0.593139648438,0.220642089844,-5956.0,-7679.0,60.0,44.0,-68.0,64.0,
1649689819834555864,0.264831542969,0.724182128906,-0.595397949219,0.2255859375,-6128.0,-7422.0,-157.0,43.0,-69.0,64.0,
1649689819839293003,0.265930175781,0.720581054688,-0.597534179688,0.230224609375,-6306.0,-7112.0,-322.0,44.0,-66.0,60.0,
1649689819843878984,0.266784667969,0.716979980469,-0.599792480469,0.234497070312,-6460.0,-6728.0,-455.0,46.0,-64.0,52.0,
1649689819848355054,0.267395019531,0.713317871094,-0.602233886719,0.238586425781,-6592.0,-6285.0,-579.0,48.0,-65.0,45.0,
1649689819855273962,0.267822265625,0.709777832031,-0.604675292969,0.242553710938,-6719.0,-5830.0,-693.0,49.0,-66.0,38.0,
1649689819859876394,0.268127441406,0.706237792969,-0.607177734375,0.246215820312,-6867.0,-5381.0,-830.0,50.0,-64.0,33.0,
1649689819864629983,0.268615722656,0.702819824219,-0.609558105469,0.249633789062,-6993.0,-5002.0,-975.0,50.0,-59.0,31.0,
1649689819869275331,0.269470214844,0.69970703125,-0.611572265625,0.252502441406,-7044.0,-4713.0,-1139.0,48.0,-48.0,29.0,
1649689819873903036,0.270812988281,0.697082519531,-0.613159179688,0.254455566406,-7002.0,-4526.0,-1301.0,45.0,-28.0,27.0,
1649689819878653287,0.272583007812,0.695129394531,-0.6142578125,0.255187988281,-6879.0,-4400.0,-1433.0,40.0,-7.0,22.0,
1649689819883229732,0.274597167969,0.693786621094,-0.614990234375,0.254943847656,-6681.0,-4304.0,-1549.0,35.0,10.0,16.0,
1649689819890014410,0.276611328125,0.692993164062,-0.615356445312,0.254089355469,-6395.0,-4211.0,-1666.0,29.0,21.0,10.0,
1649689819895758628,0.278503417969,0.692565917969,-0.615478515625,0.252807617188,-6064.0,-4103.0,-1785.0,24.0,27.0,6.0,
1649689819899255037,0.280395507812,0.692504882812,-0.615295410156,0.251281738281,-5760.0,-3963.0,-1883.0,18.0,31.0,4.0,
1649689819903802156,0.282287597656,0.692687988281,-0.614807128906,0.249938964844,-5477.0,-3812.0,-1988.0,12.0,33.0,6.0,
1649689819908344745,0.284240722656,0.692993164062,-0.614074707031,0.248718261719,-5195.0,-3697.0,-2103.0,7.0,32.0,8.0,
1649689819918231725,0.286193847656,0.693481445312,-0.613037109375,0.247680664062,-4907.0,-3627.0,-2219.0,2.0,31.0,11.0,
1649689819922607183,0.2880859375,0.694030761719,-0.611877441406,0.246765136719,-4610.0,-3597.0,-2348.0,-1.0,31.0,14.0,
1649689819927939653,0.289916992188,0.694702148438,-0.610534667969,0.245971679688,-4309.0,-3600.0,-2478.0,-5.0,29.0,15.0,
1649689819932394742,0.291442871094,0.695495605469,-0.609191894531,0.245422363281,-4034.0,-3601.0,-2659.0,-7.0,23.0,16.0,
1649689819937191724,0.292663574219,0.696166992188,-0.607849121094,0.245361328125,-3724.0,-3633.0,-2788.0,-10.0,13.0,18.0,
1649689819942146778,0.294006347656,0.696533203125,-0.606628417969,0.245666503906,-3465.0,-3632.0,-2909.0,-7.0,9.0,25.0,
1649689819946416616,0.295593261719,0.696655273438,-0.605407714844,0.246398925781,-3415.0,-3566.0,-2931.0,-5.0,4.0,33.0,
1649689819950339078,0.296752929688,0.696350097656,-0.604553222656,0.247985839844,-3432.0,-3416.0,-2972.0,-4.0,-11.0,34.0,
1649689819955394268,0.297302246094,0.695739746094,-0.604125976562,0.250122070312,-3459.0,-3237.0,-3044.0,-1.0,-27.0,30.0,
1649689819959601402,0.297973632812,0.695007324219,-0.603637695312,0.252502441406,-3499.0,-3058.0,-3121.0,1.0,-29.0,33.0,
1649689819964394569,0.299255371094,0.694091796875,-0.603088378906,0.254760742188,-3552.0,-2905.0,-3136.0,4.0,-22.0,39.0,
1649689819969485044,0.301086425781,0.693115234375,-0.602416992188,0.256896972656,-3603.0,-2791.0,-3106.0,6.0,-14.0,45.0,
1649689819973515748,0.303283691406,0.691955566406,-0.601684570312,0.259216308594,-3660.0,-2683.0,-3056.0,8.0,-13.0,52.0,
1649689819979497194,0.305419921875,0.6904296875,-0.601135253906,0.261901855469,-3735.0,-2547.0,-2997.0,11.0,-19.0,56.0,
1649689819985458374,0.307312011719,0.6884765625,-0.601013183594,0.26513671875,-3857.0,-2409.0,-2949.0,15.0,-31.0,57.0,
1649689819989999532,0.309143066406,0.68603515625,-0.601135253906,0.269104003906,-4051.0,-2288.0,-2940.0,18.0,-44.0,64.0,
1649689819995017528,0.311096191406,0.683166503906,-0.601318359375,0.273681640625,-4360.0,-2212.0,-2920.0,22.0,-52.0,72.0,
1649689819999962806,0.313415527344,0.679870605469,-0.6015625,0.278625488281,-4772.0,-2188.0,-2871.0,26.0,-54.0,80.0,
