1650383344625251054,-0.612670898438,0.69873046875,0.368225097656,-0.0289916992188,-3020.0,3949.0,-5823.0,-4.0,-20.0,6.0,
1650383344630033969,-0.611938476562,0.698974609375,0.368957519531,-0.0283813476562,-3013.0,3957.0,-5820.0,-3.0,-20.0,6.0,
1650383344634519815,-0.611267089844,0.69921875,0.36962890625,-0.0277709960938,-3010.0,3973.0,-5819.0,-2.0,-20.0,6.0,
1650383344639206409,-0.610595703125,0.699462890625,0.370300292969,-0.0271606445312,-3027.0,4000.0,-5829.0,-2.0,-20.0,6.0,
1650383344648277759,-0.609924316406,0.699768066406,0.370971679688,-0.0264892578125,-3045.0,4038.0,-5830.0,-1.0,-19.0,6.0,
1650383344654961585,-0.609252929688,0.700012207031,0.37158203125,-0.02587890625,-3069.0,4077.0,-5828.0,0.0,-19.0,6.0,
1650383344661275386,-0.60791015625,0.70068359375,0.372619628906,-0.0247192382812,-3110.0,4156.0,-5868.0,1.0,-17.0,7.0,
1650383344665809869,-0.607238769531,0.701049804688,0.373046875,-0.024169921875,-3120.0,4196.0,-5885.0,1.0,-16.0,7.0,
1650383344670489072,-0.606567382812,0.701477050781,0.373413085938,-0.023681640625,-3134.0,4242.0,-5910.0,2.0,-15.0,8.0,
1650383344675030708,-0.605834960938,0.701904296875,0.373779296875,-0.0232543945312,-3169.0,4292.0,-5928.0,2.0,-14.0,8.0,
1650383344679935693,-0.605163574219,0.702392578125,0.3740234375,-0.0227661132812,-3202.0,4344.0,-5941.0,3.0,-14.0,9.0,
1650383344684466361,-0.6044921875,0.702880859375,0.374267578125,-0.0223388671875,-3232.0,4395.0,-5955.0,4.0,-12.0,9.0,
1650383344691641569,-0.603820800781,0.703369140625,0.374389648438,-0.02197265625,-3264.0,4457.0,-5976.0,5.0,-11.0,10.0,
1650383344696489334,-0.603149414062,0.703918457031,0.374389648438,-0.0216064453125,-3298.0,4519.0,-5988.0,6.0,-9.0,10.0,
1650383344701383113,-0.6025390625,0.704528808594,0.374389648438,-0.0213012695312,-3326.0,4585.0,-6011.0,7.0,-8.0,10.0,
1650383344705940723,-0.601867675781,0.705139160156,0.374267578125,-0.02099609375,-3339.0,4642.0,-6036.0,8.0,-7.0,10.0,
1650383344710669755,-0.601257324219,0.705749511719,0.374084472656,-0.0206909179688,-3355.0,4696.0,-6053.0,9.0,-7.0,11.0,
1650383344715323686,-0.6005859375,0.706481933594,0.373840332031,-0.0203857421875,-3376.0,4738.0,-6064.0,10.0,-6.0,11.0,
1650383344720029592,-0.599975585938,0.707153320312,0.37353515625,-0.02001953125,-3392.0,4775.0,-6075.0,11.0,-6.0,11.0,
1650383344724876642,-0.599304199219,0.707946777344,0.373168945312,-0.0197143554688,-3407.0,4805.0,-6084.0,12.0,-5.0,12.0,
1650383344729537963,-0.598693847656,0.708679199219,0.372741699219,-0.019287109375,-3406.0,4829.0,-6094.0,13.0,-5.0,12.0,
1650383344736688137,-0.598083496094,0.70947265625,0.372253417969,-0.0189208984375,-3398.0,4843.0,-6108.0,14.0,-5.0,12.0,
1650383344741427421,-0.597412109375,0.710266113281,0.371765136719,-0.0184326171875,-3388.0,4850.0,-6115.0,15.0,-6.0,11.0,
1650383344749107360,-0.596801757812,0.711059570312,0.371276855469,-0.0178833007812,-3378.0,4851.0,-6119.0,16.0,-7.0,10.0,
1650383344752738714,-0.59619140625,0.711853027344,0.370788574219,-0.0172729492188,-3359.0,4841.0,-6118.0,16.0,-7.0,10.0,
1650383344757639169,-0.595642089844,0.712585449219,0.370239257812,-0.0165405273438,-3340.0,4820.0,-6116.0,17.0,-8.0,9.0,
1650383344762728691,-0.595092773438,0.71337890625,0.369750976562,-0.0157470703125,-3311.0,4792.0,-6101.0,18.0,-10.0,8.0,
1650383344767066955,-0.594543457031,0.714050292969,0.369323730469,-0.0147705078125,-3281.0,4752.0,-6093.0,18.0,-12.0,6.0,
1650383344771826982,-0.593994140625,0.714721679688,0.368957519531,-0.0137329101562,-3259.0,4706.0,-6078.0,19.0,-14.0,5.0,
1650383344776750087,-0.593444824219,0.71533203125,0.36865234375,-0.012451171875,-3241.0,4660.0,-6062.0,19.0,-16.0,4.0,
1650383344781339883,-0.592956542969,0.715881347656,0.368408203125,-0.0111083984375,-3225.0,4600.0,-6033.0,19.0,-18.0,2.0,
1650383344786113262,-0.592468261719,0.716430664062,0.368225097656,-0.00958251953125,-3206.0,4526.0,-6006.0,19.0,-20.0,1.0,
1650383344790724515,-0.591979980469,0.716918945312,0.368103027344,-0.0079345703125,-3186.0,4453.0,-5973.0,19.0,-22.0,-1.0,
1650383344795282363,-0.591552734375,0.71728515625,0.368103027344,-0.0062255859375,-3182.0,4375.0,-5934.0,19.0,-24.0,-2.0,
1650383344799907684,-0.591064453125,0.717651367188,0.3681640625,-0.00433349609375,-3201.0,4307.0,-5883.0,18.0,-26.0,-3.0,
1650383344804737091,-0.590576171875,0.718017578125,0.368347167969,-0.00238037109375,-3240.0,4243.0,-5846.0,18.0,-28.0,-3.0,
1650383344809273958,-0.590087890625,0.71826171875,0.368530273438,-0.0003662109375,-3290.0,4176.0,-5798.0,18.0,-29.0,-4.0,
1650383344817106008,-0.589660644531,0.718505859375,0.368835449219,0.001708984375,-3345.0,4112.0,-5765.0,17.0,-29.0,-4.0,
1650383344821185350,-0.589172363281,0.71875,0.369018554688,0.00372314453125,-3409.0,4054.0,-5734.0,17.0,-29.0,-4.0,
1650383344825725555,-0.588745117188,0.718994140625,0.369262695312,0.00579833984375,-3479.0,3996.0,-5694.0,17.0,-28.0,-4.0,
1650383344830279588,-0.588317871094,0.719177246094,0.369445800781,0.0078125,-3546.0,3940.0,-5658.0,17.0,-27.0,-4.0,
1650383344835658073,-0.587951660156,0.719421386719,0.36962890625,0.009765625,-3607.0,3887.0,-5623.0,17.0,-26.0,-4.0,
1650383344850438117,-0.587524414062,0.719665527344,0.369750976562,0.0116577148438,-3670.0,3831.0,-5587.0,17.0,-25.0,-3.0,
1650383344851099967,-0.587097167969,0.719970703125,0.369812011719,0.0135498046875,-3739.0,3785.0,-5549.0,17.0,-24.0,-2.0,
1650383344856017589,-0.586669921875,0.72021484375,0.369873046875,0.0153198242188,-3820.0,3744.0,-5507.0,17.0,-22.0,-2.0,
1650383344862056970,-0.585876464844,0.720886230469,0.369689941406,0.0186157226562,-3951.0,3650.0,-5449.0,18.0,-17.0,0.0,
1650383344867522478,-0.585571289062,0.721252441406,0.369445800781,0.02001953125,-3996.0,3604.0,-5431.0,18.0,-15.0,1.0,
1650383344875610351,-0.585205078125,0.7216796875,0.369140625,0.0213623046875,-4035.0,3561.0,-5414.0,17.0,-13.0,2.0,
1650383344877297639,-0.584838867188,0.722106933594,0.368774414062,0.0225830078125,-4063.0,3503.0,-5403.0,17.0,-11.0,3.0,
1650383344881701231,-0.584533691406,0.722534179688,0.368347167969,0.023681640625,-4082.0,3452.0,-5392.0,17.0,-9.0,3.0,
1650383344886264801,-0.584228515625,0.722961425781,0.367919921875,0.0247192382812,-4098.0,3406.0,-5387.0,16.0,-8.0,4.0,
1650383344897099733,-0.583862304688,0.723449707031,0.367492675781,0.0256958007812,-4124.0,3373.0,-5380.0,15.0,-8.0,4.0,
1650383344897735834,-0.583557128906,0.723876953125,0.367065429688,0.026611328125,-4153.0,3347.0,-5382.0,14.0,-7.0,4.0,
1650383344926751375,-0.583251953125,0.724243164062,0.36669921875,0.0274658203125,-4179.0,3320.0,-5381.0,13.0,-6.0,4.0,
1650383344927357196,-0.5830078125,0.724670410156,0.366271972656,0.0281982421875,-4196.0,3300.0,-5394.0,12.0,-5.0,4.0,
1650383344927934646,-0.582702636719,0.725036621094,0.365905761719,0.0288696289062,-4216.0,3288.0,-5407.0,11.0,-4.0,4.0,
1650383344928441286,-0.582458496094,0.725402832031,0.365539550781,0.029541015625,-4233.0,3286.0,-5432.0,10.0,-4.0,4.0,
1650383344929207563,-0.582275390625,0.725708007812,0.365173339844,0.0300903320312,-4244.0,3282.0,-5460.0,10.0,-3.0,4.0,
1650383344930369138,-0.582092285156,0.726013183594,0.364868164062,0.0306396484375,-4248.0,3290.0,-5489.0,9.0,-3.0,3.0,
1650383344941105127,-0.581909179688,0.726257324219,0.364562988281,0.0311279296875,-4246.0,3300.0,-5514.0,8.0,-2.0,3.0,
1650383344942362546,-0.581787109375,0.726501464844,0.364318847656,0.0315551757812,-4252.0,3320.0,-5545.0,7.0,-2.0,3.0,
1650383344943707466,-0.581665039062,0.726684570312,0.364074707031,0.031982421875,-4258.0,3353.0,-5577.0,7.0,-2.0,2.0,
1650383344947368383,-0.58154296875,0.726867675781,0.363830566406,0.032470703125,-4272.0,3392.0,-5613.0,6.0,-2.0,1.0,
1650383344955018997,-0.581481933594,0.726989746094,0.363647460938,0.0328979492188,-4280.0,3430.0,-5639.0,6.0,-2.0,1.0,
1650383344961494445,-0.581420898438,0.727111816406,0.363464355469,0.0333251953125,-4280.0,3472.0,-5680.0,6.0,-2.0,0.0,
1650383344967989206,-0.581420898438,0.727294921875,0.363037109375,0.0341186523438,-4287.0,3564.0,-5743.0,6.0,-2.0,-1.0,
1650383344972689390,-0.581481933594,0.727355957031,0.362854003906,0.0345458984375,-4288.0,3612.0,-5774.0,6.0,-2.0,-2.0,
1650383344977571487,-0.58154296875,0.727355957031,0.362609863281,0.0349731445312,-4291.0,3665.0,-5804.0,6.0,-1.0,-2.0,
1650383344980666875,-0.581604003906,0.727416992188,0.362365722656,0.035400390625,-4293.0,3716.0,-5832.0,7.0,-1.0,-3.0,
1650383344986128568,-0.581726074219,0.727416992188,0.362060546875,0.0358276367188,-4291.0,3765.0,-5856.0,7.0,-1.0,-4.0,
1650383344990861654,-0.581909179688,0.727478027344,0.361755371094,0.0362548828125,-4279.0,3809.0,-5885.0,8.0,0.0,-4.0,
1650383344996031761,-0.582092285156,0.727478027344,0.361389160156,0.0366821289062,-4262.0,3849.0,-5910.0,8.0,0.0,-5.0,
1650383345001511096,-0.582275390625,0.727478027344,0.361022949219,0.0370483398438,-4239.0,3885.0,-5934.0,8.0,0.0,-5.0,
1650383345007770299,-0.582458496094,0.727478027344,0.360595703125,0.0374755859375,-4210.0,3917.0,-5964.0,8.0,0.0,-5.0,
1650383345010936260,-0.582702636719,0.7275390625,0.360168457031,0.0379028320312,-4175.0,3943.0,-5995.0,9.0,0.0,-6.0,
1650383345015115022,-0.582946777344,0.7275390625,0.359741210938,0.0382690429688,-4138.0,3972.0,-6008.0,9.0,0.0,-6.0,
1650383345019530773,-0.583129882812,0.727478027344,0.359375,0.0387573242188,-4101.0,4003.0,-6021.0,9.0,-1.0,-7.0,
1650383345024674415,-0.583374023438,0.727478027344,0.359008789062,0.0391845703125,-4063.0,4030.0,-6032.0,9.0,-1.0,-7.0,
1650383345031188011,-0.583679199219,0.727416992188,0.358642578125,0.0396728515625,-4023.0,4052.0,-6042.0,9.0,-2.0,-8.0,
1650383345035516977,-0.583923339844,0.727355957031,0.358276367188,0.0402221679688,-3981.0,4071.0,-6048.0,9.0,-2.0,-8.0,
1650383345042960882,-0.584167480469,0.727294921875,0.35791015625,0.040771484375,-3937.0,4088.0,-6036.0,9.0,-3.0,-9.0,
1650383345045032262,-0.584411621094,0.727233886719,0.357604980469,0.0413818359375,-3914.0,4107.0,-6028.0,10.0,-4.0,-9.0,
1650383345050390958,-0.584655761719,0.727172851562,0.357299804688,0.0420532226562,-3898.0,4129.0,-6013.0,10.0,-4.0,-9.0,
1650383345054627895,-0.584899902344,0.72705078125,0.35693359375,0.0427856445312,-3885.0,4151.0,-6010.0,11.0,-4.0,-10.0,
1650383345066145420,-0.58544921875,0.726928710938,0.356140136719,0.0442504882812,-3838.0,4180.0,-5967.0,13.0,-4.0,-10.0,
1650383345070809841,-0.585693359375,0.726928710938,0.355651855469,0.0449829101562,-3816.0,4186.0,-5948.0,14.0,-4.0,-10.0,
1650383345075268507,-0.585998535156,0.726867675781,0.355163574219,0.0457763671875,-3792.0,4193.0,-5921.0,14.0,-4.0,-10.0,
1650383345079677104,-0.586242675781,0.726928710938,0.354614257812,0.0465698242188,-3766.0,4182.0,-5897.0,15.0,-3.0,-10.0,
1650383345084311723,-0.586486816406,0.726928710938,0.35400390625,0.04736328125,-3737.0,4172.0,-5874.0,16.0,-3.0,-10.0,
1650383345089168071,-0.586791992188,0.726928710938,0.353393554688,0.0481567382812,-3705.0,4157.0,-5849.0,16.0,-3.0,-10.0,
1650383345096103906,-0.587036132812,0.726989746094,0.352722167969,0.0489501953125,-3672.0,4132.0,-5828.0,17.0,-3.0,-10.0,
1650383345100478172,-0.587280273438,0.72705078125,0.35205078125,0.0498046875,-3639.0,4100.0,-5802.0,17.0,-3.0,-10.0,
1650383345105248689,-0.587524414062,0.727172851562,0.351379394531,0.0506591796875,-3608.0,4063.0,-5786.0,18.0,-4.0,-10.0,
1650383345109860181,-0.587768554688,0.727233886719,0.350646972656,0.0515747070312,-3580.0,4021.0,-5761.0,18.0,-4.0,-10.0,
1650383345114592552,-0.588012695312,0.727294921875,0.349975585938,0.0525512695312,-3546.0,3976.0,-5746.0,19.0,-5.0,-10.0,
1650383345118932485,-0.588195800781,0.727416992188,0.349243164062,0.0535888671875,-3516.0,3931.0,-5726.0,19.0,-6.0,-10.0,
1650383345125770330,-0.58837890625,0.7275390625,0.348571777344,0.0546875,-3494.0,3888.0,-5709.0,19.0,-7.0,-10.0,
1650383345130160093,-0.588500976562,0.727600097656,0.347961425781,0.0558471679688,-3481.0,3840.0,-5689.0,20.0,-8.0,-10.0,
1650383345134773015,-0.588623046875,0.727722167969,0.347351074219,0.0570678710938,-3476.0,3798.0,-5674.0,20.0,-9.0,-10.0,
1650383345139446496,-0.588745117188,0.727844238281,0.346740722656,0.058349609375,-3476.0,3758.0,-5648.0,21.0,-10.0,-10.0,
1650383345144189596,-0.588806152344,0.727966308594,0.346130371094,0.0597534179688,-3491.0,3707.0,-5625.0,21.0,-11.0,-10.0,
1650383345151069641,-0.5888671875,0.728088378906,0.345520019531,0.0611572265625,-3508.0,3661.0,-5594.0,22.0,-11.0,-10.0,
1650383345157485723,-0.588928222656,0.728210449219,0.344848632812,0.0626831054688,-3525.0,3616.0,-5578.0,23.0,-12.0,-10.0,
1650383345162903070,-0.588989257812,0.728332519531,0.344177246094,0.064208984375,-3553.0,3574.0,-5561.0,24.0,-12.0,-10.0,
1650383345167752265,-0.589050292969,0.728454589844,0.343505859375,0.0657958984375,-3579.0,3533.0,-5556.0,25.0,-12.0,-10.0,
1650383345172167062,-0.589050292969,0.728637695312,0.342834472656,0.0674438476562,-3605.0,3497.0,-5548.0,25.0,-12.0,-10.0,
1650383345176949501,-0.589111328125,0.728820800781,0.342041015625,0.069091796875,-3630.0,3457.0,-5538.0,26.0,-12.0,-10.0,
1650383345181583881,-0.589111328125,0.72900390625,0.34130859375,0.0707397460938,-3650.0,3414.0,-5533.0,26.0,-12.0,-10.0,
1650383345186281442,-0.589172363281,0.729187011719,0.340515136719,0.0724487304688,-3671.0,3369.0,-5527.0,27.0,-13.0,-10.0,
1650383345190695762,-0.589172363281,0.729309082031,0.339721679688,0.0741577148438,-3701.0,3332.0,-5531.0,27.0,-13.0,-10.0,
1650383345195268154,-0.589172363281,0.7294921875,0.338989257812,0.0759887695312,-3737.0,3291.0,-5532.0,27.0,-14.0,-10.0,
1650383345199850082,-0.589172363281,0.729675292969,0.338195800781,0.0778198242188,-3766.0,3244.0,-5526.0,28.0,-14.0,-10.0,
1650383345204266071,-0.589172363281,0.729858398438,0.337463378906,0.0796508789062,-3792.0,3198.0,-5529.0,28.0,-14.0,-10.0,
1650383345209008693,-0.589111328125,0.72998046875,0.336669921875,0.08154296875,-3817.0,3148.0,-5530.0,28.0,-15.0,-10.0,
1650383345215767621,-0.589111328125,0.730163574219,0.335876464844,0.0834350585938,-3848.0,3101.0,-5520.0,28.0,-15.0,-10.0,
1650383345221143960,-0.589111328125,0.730285644531,0.335083007812,0.0853881835938,-3879.0,3054.0,-5518.0,29.0,-16.0,-10.0,
1650383345225283622,-0.589111328125,0.73046875,0.334289550781,0.08740234375,-3917.0,3012.0,-5513.0,29.0,-16.0,-11.0,
1650383345229730367,-0.589050292969,0.730529785156,0.333557128906,0.0894775390625,-3959.0,2969.0,-5509.0,29.0,-17.0,-11.0,
1650383345234437227,-0.589050292969,0.730651855469,0.332824707031,0.091552734375,-3997.0,2922.0,-5503.0,29.0,-17.0,-11.0,
1650383345238896846,-0.589050292969,0.730712890625,0.33203125,0.0936279296875,-4037.0,2878.0,-5513.0,29.0,-17.0,-12.0,
1650383345245841741,-0.589050292969,0.730773925781,0.331298828125,0.0957641601562,-4076.0,2835.0,-5520.0,29.0,-17.0,-12.0,
1650383345250359058,-0.589111328125,0.730834960938,0.33056640625,0.097900390625,-4119.0,2797.0,-5534.0,29.0,-18.0,-12.0,
1650383345255117893,-0.589111328125,0.730773925781,0.329833984375,0.100036621094,-4160.0,2750.0,-5536.0,28.0,-18.0,-13.0,
1650383345261503219,-0.589172363281,0.730773925781,0.329162597656,0.102233886719,-4192.0,2705.0,-5536.0,28.0,-18.0,-14.0,
1650383345266530275,-0.589294433594,0.730651855469,0.328552246094,0.104431152344,-4227.0,2655.0,-5545.0,28.0,-19.0,-14.0,
1650383345271219968,-0.58935546875,0.730529785156,0.327880859375,0.106689453125,-4259.0,2610.0,-5551.0,27.0,-20.0,-15.0,
1650383345276091814,-0.589477539062,0.730407714844,0.327270507812,0.108947753906,-4289.0,2553.0,-5563.0,27.0,-20.0,-16.0,
1650383345280383825,-0.589660644531,0.730163574219,0.32666015625,0.111328125,-4327.0,2500.0,-5569.0,27.0,-21.0,-17.0,
1650383345284982442,-0.589782714844,0.729919433594,0.326110839844,0.113708496094,-4382.0,2449.0,-5581.0,27.0,-22.0,-17.0,
1650383345289658784,-0.590026855469,0.729614257812,0.325561523438,0.116149902344,-4431.0,2388.0,-5596.0,26.0,-22.0,-18.0,
1650383345294239282,-0.590270996094,0.729248046875,0.325012207031,0.118591308594,-4476.0,2326.0,-5634.0,26.0,-22.0,-19.0,
1650383345298903465,-0.590576171875,0.728881835938,0.324462890625,0.121032714844,-4518.0,2270.0,-5667.0,26.0,-22.0,-20.0,
1650383345305992126,-0.590942382812,0.728454589844,0.323913574219,0.123474121094,-4550.0,2204.0,-5716.0,25.0,-22.0,-22.0,
1650383345310507774,-0.591369628906,0.727966308594,0.323303222656,0.125915527344,-4579.0,2146.0,-5756.0,25.0,-22.0,-23.0,
1650383345315224409,-0.591857910156,0.727416992188,0.322692871094,0.12841796875,-4610.0,2091.0,-5798.0,25.0,-22.0,-24.0,
1650383345319717168,-0.592346191406,0.726806640625,0.322021484375,0.130920410156,-4647.0,2042.0,-5839.0,25.0,-22.0,-25.0,
1650383345324374437,-0.592956542969,0.726135253906,0.321350097656,0.133483886719,-4683.0,1999.0,-5882.0,26.0,-22.0,-27.0,
1650383345329463243,-0.593566894531,0.725463867188,0.320617675781,0.136047363281,-4715.0,1958.0,-5931.0,26.0,-22.0,-28.0,
1650383345333754062,-0.59423828125,0.724792480469,0.319763183594,0.138671875,-4736.0,1922.0,-5976.0,27.0,-21.0,-29.0,
1650383345340929269,-0.594970703125,0.724060058594,0.318908691406,0.141296386719,-4753.0,1887.0,-6028.0,28.0,-21.0,-30.0,
1650383345346260309,-0.595764160156,0.723327636719,0.317993164062,0.143981933594,-4761.0,1849.0,-6082.0,28.0,-21.0,-31.0,
1650383345350041866,-0.596557617188,0.722534179688,0.317077636719,0.146667480469,-4764.0,1812.0,-6133.0,29.0,-21.0,-32.0,
1650383345354763507,-0.597351074219,0.721740722656,0.316040039062,0.1494140625,-4768.0,1772.0,-6172.0,29.0,-22.0,-32.0,
1650383345359402656,-0.59814453125,0.720947265625,0.315063476562,0.152160644531,-4772.0,1723.0,-6212.0,30.0,-22.0,-33.0,
1650383345365748882,-0.598876953125,0.720153808594,0.314086914062,0.154907226562,-4782.0,1667.0,-6254.0,29.0,-22.0,-33.0,
1650383345370645046,-0.599670410156,0.719299316406,0.313110351562,0.157653808594,-4803.0,1613.0,-6297.0,29.0,-22.0,-33.0,
1650383345375211238,-0.600524902344,0.718444824219,0.312133789062,0.160400390625,-4825.0,1555.0,-6356.0,29.0,-22.0,-33.0,
1650383345379659414,-0.601318359375,0.717651367188,0.31103515625,0.163146972656,-4840.0,1486.0,-6421.0,30.0,-21.0,-33.0,
1650383345384465932,-0.602172851562,0.716796875,0.309875488281,0.165893554688,-4844.0,1400.0,-6464.0,31.0,-21.0,-34.0,
1650383345388655185,-0.603088378906,0.715942382812,0.30859375,0.168640136719,-4850.0,1308.0,-6493.0,31.0,-20.0,-34.0,
1650383345396196842,-0.60400390625,0.715087890625,0.307250976562,0.171508789062,-4854.0,1216.0,-6511.0,33.0,-20.0,-35.0,
1650383345400267362,-0.604919433594,0.714233398438,0.305786132812,0.174377441406,-4839.0,1124.0,-6538.0,34.0,-20.0,-36.0,
1650383345405179023,-0.605773925781,0.71337890625,0.304260253906,0.177368164062,-4815.0,1022.0,-6560.0,36.0,-20.0,-36.0,
1650383345409563302,-0.606689453125,0.712524414062,0.302673339844,0.180419921875,-4813.0,916.0,-6574.0,38.0,-21.0,-37.0,
1650383345414223670,-0.607604980469,0.711669921875,0.300964355469,0.183715820312,-4831.0,803.0,-6577.0,40.0,-22.0,-38.0,
1650383345418795585,-0.608520507812,0.710754394531,0.299133300781,0.187072753906,-4857.0,686.0,-6575.0,43.0,-22.0,-39.0,
1650383345425873756,-0.609436035156,0.709838867188,0.297180175781,0.190612792969,-4882.0,561.0,-6572.0,45.0,-22.0,-41.0,
1650383345430222749,-0.610473632812,0.708862304688,0.295043945312,0.194274902344,-4886.0,428.0,-6552.0,48.0,-22.0,-42.0,
1650383345434820175,-0.611511230469,0.707885742188,0.292785644531,0.198059082031,-4884.0,297.0,-6525.0,50.0,-22.0,-44.0,
1650383345439411878,-0.612548828125,0.706848144531,0.290405273438,0.202026367188,-4867.0,155.0,-6479.0,53.0,-23.0,-45.0,
1650383345445649385,-0.613525390625,0.705749511719,0.288024902344,0.206176757812,-4844.0,6.0,-6425.0,55.0,-24.0,-46.0,
1650383345450905561,-0.614501953125,0.70458984375,0.285583496094,0.210510253906,-4837.0,-137.0,-6355.0,57.0,-27.0,-47.0,
1650383345456406593,-0.615417480469,0.703430175781,0.283142089844,0.215026855469,-4868.0,-276.0,-6288.0,59.0,-30.0,-48.0,
1650383345461932659,-0.616333007812,0.7021484375,0.280639648438,0.219787597656,-4920.0,-410.0,-6210.0,61.0,-31.0,-49.0,
1650383345467686414,-0.617248535156,0.700866699219,0.278015136719,0.224731445312,-4966.0,-534.0,-6130.0,64.0,-30.0,-51.0,
1650383345472088098,-0.6181640625,0.699523925781,0.275207519531,0.229675292969,-4987.0,-664.0,-6050.0,66.0,-29.0,-52.0,
1650383345476838827,-0.619140625,0.698120117188,0.272277832031,0.234741210938,-5003.0,-793.0,-5966.0,68.0,-29.0,-54.0,
1650383345482142448,-0.6201171875,0.696655273438,0.269287109375,0.239868164062,-5017.0,-908.0,-5878.0,70.0,-30.0,-55.0,
1650383345486716747,-0.621032714844,0.695190429688,0.266235351562,0.245178222656,-5037.0,-1021.0,-5787.0,71.0,-31.0,-56.0,
1650383345503256082,-0.621948242188,0.693603515625,0.263244628906,0.250549316406,-5056.0,-1138.0,-5687.0,73.0,-33.0,-56.0,
1650383345504468917,-0.622741699219,0.692016601562,0.260192871094,0.256103515625,-5068.0,-1248.0,-5579.0,74.0,-34.0,-57.0,
1650383345516423702,-0.623474121094,0.690368652344,0.257141113281,0.261779785156,-5089.0,-1336.0,-5478.0,76.0,-36.0,-57.0,
1650383345517301321,-0.624206542969,0.688659667969,0.254028320312,0.267517089844,-5117.0,-1421.0,-5374.0,77.0,-37.0,-58.0,
1650383345517687320,-0.624816894531,0.686950683594,0.250915527344,0.273376464844,-5155.0,-1501.0,-5268.0,79.0,-37.0,-58.0,
1650383345519288301,-0.625427246094,0.685180664062,0.247741699219,0.279235839844,-5206.0,-1562.0,-5167.0,80.0,-37.0,-59.0,
1650383345521477699,-0.6259765625,0.683349609375,0.24462890625,0.285095214844,-5275.0,-1606.0,-5080.0,80.0,-37.0,-59.0,
1650383345526313781,-0.626525878906,0.681518554688,0.241455078125,0.291015625,-5368.0,-1638.0,-5019.0,80.0,-38.0,-59.0,
1650383345530644178,-0.626953125,0.6796875,0.238342285156,0.296875,-5477.0,-1652.0,-4971.0,81.0,-37.0,-59.0,
1650383345535381793,-0.627380371094,0.677856445312,0.235107421875,0.302673339844,-5596.0,-1663.0,-4917.0,83.0,-35.0,-58.0,
1650383345539944648,-0.627685546875,0.676147460938,0.231689453125,0.308471679688,-5685.0,-1678.0,-4858.0,84.0,-32.0,-58.0,
1650383345544551610,-0.628051757812,0.674438476562,0.228088378906,0.314025878906,-5757.0,-1673.0,-4803.0,85.0,-29.0,-58.0,
1650383345549659729,-0.628356933594,0.6728515625,0.224426269531,0.319458007812,-5837.0,-1669.0,-4755.0,85.0,-25.0,-57.0,
1650383345555937290,-0.628662109375,0.671264648438,0.220703125,0.32470703125,-5908.0,-1655.0,-4707.0,85.0,-22.0,-57.0,
1650383345560534954,-0.629028320312,0.669738769531,0.216857910156,0.329772949219,-5953.0,-1640.0,-4682.0,84.0,-19.0,-57.0,
1650383345566970586,-0.629333496094,0.668212890625,0.213073730469,0.334594726562,-5990.0,-1630.0,-4668.0,82.0,-17.0,-56.0,
1650383345571819782,-0.629699707031,0.666748046875,0.209289550781,0.339233398438,-6030.0,-1615.0,-4655.0,80.0,-16.0,-55.0,
1650383345576726675,-0.630065917969,0.665283203125,0.20556640625,0.343688964844,-6065.0,-1610.0,-4653.0,78.0,-14.0,-55.0,
1650383345581020593,-0.630493164062,0.663818359375,0.201965332031,0.347900390625,-6083.0,-1612.0,-4661.0,74.0,-12.0,-54.0,
1650383345585729837,-0.631042480469,0.662292480469,0.198425292969,0.351745605469,-6087.0,-1630.0,-4691.0,68.0,-10.0,-54.0,
1650383345590249061,-0.631713867188,0.660766601562,0.195068359375,0.355285644531,-6084.0,-1648.0,-4730.0,62.0,-8.0,-54.0,
1650383345594787359,-0.632507324219,0.659240722656,0.191955566406,0.358459472656,-6067.0,-1662.0,-4778.0,56.0,-7.0,-53.0,
1650383345599233388,-0.633361816406,0.65771484375,0.189086914062,0.361267089844,-6030.0,-1669.0,-4841.0,49.0,-6.0,-52.0,
1650383345603910923,-0.634338378906,0.656127929688,0.186340332031,0.36376953125,-5979.0,-1647.0,-4928.0,44.0,-4.0,-51.0,
1650383345608694791,-0.635437011719,0.654602050781,0.183837890625,0.365905761719,-5921.0,-1616.0,-5023.0,39.0,-4.0,-50.0,
1650383345615532636,-0.636535644531,0.653137207031,0.181457519531,0.367858886719,-5851.0,-1590.0,-5111.0,35.0,-3.0,-49.0,
1650383345619998931,-0.637634277344,0.651611328125,0.179321289062,0.36962890625,-5758.0,-1554.0,-5221.0,32.0,-4.0,-47.0,
1650383345624660968,-0.638671875,0.650207519531,0.177307128906,0.371337890625,-5668.0,-1498.0,-5325.0,30.0,-6.0,-45.0,
1650383345629702091,-0.639587402344,0.648864746094,0.175537109375,0.372985839844,-5573.0,-1441.0,-5431.0,29.0,-7.0,-41.0,
1650383345634258747,-0.640380859375,0.647644042969,0.173828125,0.374450683594,-5488.0,-1376.0,-5536.0,28.0,-8.0,-38.0,
1650383345638815164,-0.641052246094,0.646606445312,0.172241210938,0.375854492188,-5435.0,-1300.0,-5643.0,27.0,-7.0,-34.0,
1650383345645592689,-0.6416015625,0.645751953125,0.170654296875,0.377075195312,-5397.0,-1232.0,-5740.0,27.0,-4.0,-31.0,
1650383345650165796,-0.642150878906,0.645080566406,0.169006347656,0.378051757812,-5370.0,-1167.0,-5855.0,26.0,0.0,-29.0,
1650383345654723167,-0.642700195312,0.644592285156,0.167236328125,0.378723144531,-5346.0,-1090.0,-5962.0,26.0,5.0,-28.0,
1650383345659188747,-0.643249511719,0.644287109375,0.165344238281,0.379211425781,-5311.0,-1008.0,-6072.0,25.0,9.0,-27.0,
1650383345663706302,-0.643798828125,0.64404296875,0.163391113281,0.379455566406,-5281.0,-933.0,-6169.0,24.0,13.0,-26.0,
1650383345673188924,-0.64453125,0.643798828125,0.161315917969,0.379516601562,-5268.0,-862.0,-6268.0,23.0,16.0,-27.0,
1650383345678098917,-0.645324707031,0.643615722656,0.159240722656,0.37939453125,-5236.0,-804.0,-6366.0,21.0,19.0,-29.0,
1650383345682777166,-0.646301269531,0.643310546875,0.156982421875,0.379150390625,-5196.0,-716.0,-6444.0,21.0,21.0,-31.0,
1650383345687687873,-0.6474609375,0.642700195312,0.15478515625,0.379150390625,-5326.0,-304.0,-7459.0,20.0,17.0,-38.0,
1650383345692380189,-0.648559570312,0.642150878906,0.151916503906,0.379333496094,-5061.0,50.0,-7678.0,43.0,8.0,-48.0,
1650383345697339057,-0.648498535156,0.642456054688,0.14794921875,0.380493164062,-4293.0,202.0,-8019.0,70.0,17.0,-35.0,
1650383345702079296,-0.647766113281,0.642822265625,0.143676757812,0.382690429688,-3623.0,226.0,-8232.0,87.0,-3.0,-23.0,
1650383345706168889,-0.647094726562,0.641967773438,0.140319824219,0.386474609375,-3996.0,76.0,-8319.0,90.0,-37.0,-34.0,
1650383345710946559,-0.646606445312,0.640014648438,0.137756347656,0.391479492188,-4706.0,-239.0,-8156.0,88.0,-47.0,-50.0,
1650383345715994596,-0.646118164062,0.638244628906,0.134887695312,0.396179199219,-4961.0,-489.0,-8126.0,83.0,-29.0,-49.0,
1650383345720302820,-0.645629882812,0.63720703125,0.131530761719,0.399719238281,-4765.0,-554.0,-8174.0,78.0,-15.0,-39.0,
1650383345724661350,-0.64501953125,0.636596679688,0.12841796875,0.402648925781,-4743.0,-585.0,-8153.0,76.0,-16.0,-31.0,
1650383345730030059,-0.644226074219,0.635986328125,0.125671386719,0.405822753906,-4953.0,-694.0,-8068.0,75.0,-20.0,-28.0,
1650383345734808683,-0.643188476562,0.635681152344,0.122619628906,0.408874511719,-4961.0,-837.0,-8020.0,77.0,-9.0,-24.0,
1650383345741735935,-0.642150878906,0.635803222656,0.118835449219,0.411315917969,-4857.0,-923.0,-7932.0,79.0,5.0,-22.0,
1650383345746767044,-0.641296386719,0.636047363281,0.114624023438,0.41357421875,-4797.0,-1029.0,-7760.0,81.0,11.0,-24.0,
1650383345751376867,-0.640380859375,0.63623046875,0.110168457031,0.415893554688,-4730.0,-1152.0,-7551.0,83.0,15.0,-27.0,
1650383345756043672,-0.639526367188,0.636291503906,0.105651855469,0.418212890625,-4650.0,-1243.0,-7290.0,83.0,15.0,-28.0,
1650383345760184288,-0.638671875,0.63623046875,0.101196289062,0.420776367188,-4522.0,-1309.0,-6971.0,83.0,13.0,-28.0,
1650383345765126705,-0.637573242188,0.63623046875,0.0970458984375,0.423400878906,-4375.0,-1311.0,-6576.0,82.0,10.0,-24.0,
1650383345774024009,-0.636352539062,0.636169433594,0.0931396484375,0.426147460938,-4291.0,-1330.0,-6157.0,81.0,6.0,-22.0,
1650383345778337240,-0.635009765625,0.636047363281,0.0897216796875,0.429138183594,-4238.0,-1409.0,-5788.0,79.0,1.0,-19.0,
1650383345784104585,-0.633422851562,0.635925292969,0.0866088867188,0.432189941406,-4116.0,-1581.0,-5494.0,77.0,-3.0,-13.0,
1650383345788038253,-0.631652832031,0.635925292969,0.083740234375,0.435363769531,-3954.0,-1728.0,-5265.0,75.0,-8.0,-6.0,
1650383345792281627,-0.629760742188,0.635803222656,0.081298828125,0.438720703125,-3891.0,-1896.0,-5030.0,73.0,-17.0,-3.0,
1650383345797880172,-0.6279296875,0.635437011719,0.079345703125,0.442260742188,-3905.0,-2147.0,-4781.0,70.0,-24.0,-3.0,
1650383345802537918,-0.626220703125,0.634704589844,0.077880859375,0.445922851562,-4012.0,-2421.0,-4558.0,62.0,-30.0,-4.0,
1650383345806505918,-0.624816894531,0.6337890625,0.076904296875,0.449401855469,-4152.0,-2689.0,-4332.0,52.0,-34.0,-5.0,
1650383345811655998,-0.623657226562,0.632690429688,0.0763549804688,0.45263671875,-4291.0,-2866.0,-4161.0,41.0,-35.0,-5.0,
1650383345816889286,-0.622680664062,0.631713867188,0.0762939453125,0.455383300781,-4422.0,-3042.0,-4025.0,31.0,-34.0,-5.0,
1650383345821711301,-0.622009277344,0.630615234375,0.0764770507812,0.457763671875,-4551.0,-3171.0,-3944.0,23.0,-33.0,-5.0,
1650383345826490640,-0.621643066406,0.629455566406,0.0768432617188,0.459777832031,-4671.0,-3274.0,-3933.0,16.0,-31.0,-8.0,
1650383345831317186,-0.621520996094,0.628295898438,0.0772705078125,0.461486816406,-4734.0,-3325.0,-3935.0,11.0,-30.0,-10.0,
1650383345836418151,-0.621459960938,0.627197265625,0.07763671875,0.462951660156,-4794.0,-3318.0,-3928.0,9.0,-27.0,-10.0,
1650383345841850996,-0.621520996094,0.626159667969,0.0780639648438,0.464233398438,-4929.0,-3327.0,-3903.0,8.0,-25.0,-11.0,
1650383345845908880,-0.62158203125,0.625183105469,0.0783081054688,0.465393066406,-5050.0,-3374.0,-3880.0,6.0,-20.0,-12.0,
1650383345850674152,-0.621643066406,0.62451171875,0.078369140625,0.466186523438,-5097.0,-3425.0,-3893.0,5.0,-12.0,-10.0,
1650383345854442596,-0.621704101562,0.624145507812,0.0781860351562,0.466613769531,-5105.0,-3444.0,-3943.0,4.0,-4.0,-7.0,
1650383345859298467,-0.621765136719,0.624084472656,0.0777587890625,0.466735839844,-5044.0,-3481.0,-4034.0,5.0,1.0,-5.0,
1650383345867298603,-0.621765136719,0.624206542969,0.0771484375,0.466674804688,-4974.0,-3517.0,-4143.0,6.0,6.0,-3.0,
1650383345875766992,-0.621643066406,0.624572753906,0.076416015625,0.466491699219,-4813.0,-3528.0,-4268.0,8.0,9.0,0.0,
1650383345878160715,-0.621459960938,0.625,0.0755615234375,0.46630859375,-4740.0,-3584.0,-4401.0,10.0,8.0,1.0,
1650383345883557319,-0.621154785156,0.62548828125,0.07470703125,0.466186523438,-4654.0,-3659.0,-4547.0,11.0,9.0,4.0,
1650383345887977838,-0.620727539062,0.626037597656,0.0739135742188,0.466125488281,-4528.0,-3718.0,-4745.0,12.0,8.0,6.0,
1650383345892400503,-0.620239257812,0.626708984375,0.0732421875,0.466003417969,-4397.0,-3779.0,-4903.0,13.0,4.0,9.0,
1650383345897129535,-0.619689941406,0.627197265625,0.07275390625,0.466186523438,-4230.0,-3826.0,-5032.0,13.0,-2.0,10.0,
1650383345901203632,-0.619018554688,0.62744140625,0.07275390625,0.466674804688,-4178.0,-3901.0,-5134.0,12.0,-12.0,12.0,
1650383345906483411,-0.618225097656,0.627624511719,0.0732421875,0.467407226562,-4132.0,-3972.0,-5186.0,10.0,-20.0,16.0,
1650383345910801649,-0.617370605469,0.627624511719,0.0742797851562,0.468383789062,-4136.0,-3985.0,-5240.0,7.0,-27.0,20.0,
1650383345915363788,-0.616394042969,0.627563476562,0.0758666992188,0.469543457031,-4197.0,-3988.0,-5267.0,4.0,-36.0,23.0,
1650383345919635772,-0.615234375,0.627380371094,0.0778198242188,0.470886230469,-4311.0,-3954.0,-5284.0,2.0,-42.0,25.0,
1650383345925265073,-0.614013671875,0.627258300781,0.080078125,0.472351074219,-4455.0,-3910.0,-5276.0,3.0,-45.0,26.0,
1650383345929944753,-0.612731933594,0.627014160156,0.082275390625,0.473876953125,-4656.0,-3856.0,-5258.0,4.0,-45.0,26.0,
1650383345936644792,-0.611389160156,0.626892089844,0.0843505859375,0.475402832031,-4845.0,-3793.0,-5229.0,6.0,-42.0,25.0,
1650383345940900325,-0.610046386719,0.626953125,0.0861206054688,0.476806640625,-4988.0,-3733.0,-5168.0,8.0,-36.0,24.0,
1650383345945388078,-0.608703613281,0.627075195312,0.0875244140625,0.478088378906,-5088.0,-3681.0,-5094.0,11.0,-31.0,23.0,
1650383345951349258,-0.607299804688,0.627319335938,0.088623046875,0.479370117188,-5160.0,-3639.0,-5004.0,13.0,-26.0,22.0,
1650383345954391479,-0.605895996094,0.627624511719,0.0894775390625,0.480529785156,-5180.0,-3604.0,-4906.0,16.0,-22.0,22.0,
1650383345959006547,-0.604431152344,0.628051757812,0.0901489257812,0.481689453125,-5186.0,-3577.0,-4801.0,17.0,-20.0,22.0,
1650383345966507673,-0.602966308594,0.62841796875,0.0906982421875,0.48291015625,-5163.0,-3560.0,-4710.0,19.0,-19.0,21.0,
1650383345970703840,-0.601440429688,0.628845214844,0.0912475585938,0.484191894531,-5110.0,-3576.0,-4605.0,20.0,-20.0,22.0,
1650383345979041099,-0.599914550781,0.629150390625,0.091796875,0.485656738281,-5053.0,-3615.0,-4457.0,21.0,-22.0,22.0,
1650383345984106540,-0.598327636719,0.629272460938,0.0924682617188,0.487243652344,-5052.0,-3683.0,-4276.0,20.0,-25.0,22.0,
1650383345988190889,-0.596862792969,0.629333496094,0.0933837890625,0.488891601562,-5047.0,-3789.0,-4138.0,17.0,-28.0,22.0,
1650383345992921829,-0.595397949219,0.629333496094,0.0943603515625,0.490417480469,-4983.0,-3902.0,-4004.0,13.0,-28.0,23.0,
1650383345997129201,-0.594055175781,0.629272460938,0.0955810546875,0.491821289062,-4938.0,-4013.0,-3839.0,9.0,-30.0,25.0,
1650383346002021074,-0.5927734375,0.629089355469,0.0971069335938,0.493347167969,-4905.0,-4100.0,-3665.0,5.0,-33.0,26.0,
1650383346007826089,-0.591491699219,0.628845214844,0.0989990234375,0.494812011719,-4864.0,-4172.0,-3519.0,0.0,-37.0,28.0,
1650383346011006116,-0.590209960938,0.628540039062,0.101379394531,0.496215820312,-4842.0,-4219.0,-3369.0,-5.0,-42.0,32.0,
1650383346016270875,-0.588989257812,0.628173828125,0.104064941406,0.497619628906,-4891.0,-4273.0,-3220.0,-9.0,-45.0,33.0,
1650383346020521402,-0.587768554688,0.627746582031,0.107055664062,0.4990234375,-4954.0,-4292.0,-3037.0,-13.0,-46.0,34.0,
1650383346024793386,-0.586547851562,0.627319335938,0.110229492188,0.500244140625,-4996.0,-4290.0,-2860.0,-16.0,-45.0,35.0,
1650383346029847383,-0.585327148438,0.626953125,0.113464355469,0.501403808594,-5047.0,-4265.0,-2694.0,-19.0,-44.0,36.0,
1650383346035762548,-0.584167480469,0.626647949219,0.116821289062,0.502380371094,-5115.0,-4216.0,-2533.0,-21.0,-43.0,37.0,
1650383346039380788,-0.583068847656,0.626342773438,0.120239257812,0.503234863281,-5175.0,-4149.0,-2381.0,-23.0,-41.0,37.0,
1650383346044365406,-0.581909179688,0.626220703125,0.123596191406,0.50390625,-5222.0,-4064.0,-2268.0,-23.0,-38.0,38.0,
1650383346052090883,-0.580810546875,0.626098632812,0.126831054688,0.504577636719,-5283.0,-3972.0,-2157.0,-22.0,-36.0,37.0,
1650383346056335449,-0.57958984375,0.626037597656,0.1298828125,0.505187988281,-5322.0,-3876.0,-2051.0,-20.0,-34.0,36.0,
1650383346060930252,-0.578369140625,0.626037597656,0.132690429688,0.505920410156,-5380.0,-3802.0,-1966.0,-16.0,-32.0,35.0,
1650383346065387725,-0.577087402344,0.626037597656,0.135192871094,0.506713867188,-5418.0,-3746.0,-1905.0,-12.0,-30.0,33.0,
1650383346069773197,-0.575744628906,0.626037597656,0.137451171875,0.507568359375,-5434.0,-3720.0,-1861.0,-8.0,-28.0,31.0,
1650383346074701786,-0.574401855469,0.626037597656,0.139465332031,0.508544921875,-5447.0,-3732.0,-1845.0,-4.0,-28.0,30.0,
1650383346078928232,-0.573059082031,0.626037597656,0.141296386719,0.509582519531,-5500.0,-3771.0,-1829.0,-2.0,-28.0,29.0,
1650383346085751056,-0.571716308594,0.6259765625,0.143005371094,0.510681152344,-5551.0,-3817.0,-1807.0,-1.0,-27.0,28.0,
1650383346090107917,-0.570373535156,0.625915527344,0.144653320312,0.511779785156,-5627.0,-3852.0,-1787.0,-1.0,-26.0,27.0,
1650383346094681024,-0.569152832031,0.625854492188,0.146240234375,0.512756347656,-5715.0,-3870.0,-1783.0,-2.0,-24.0,26.0,
1650383346099538326,-0.568054199219,0.625793457031,0.147888183594,0.513549804688,-5822.0,-3871.0,-1763.0,-5.0,-22.0,25.0,
1650383346103674650,-0.567077636719,0.625793457031,0.149536132812,0.51416015625,-5952.0,-3854.0,-1757.0,-8.0,-19.0,24.0,
1650383346108320474,-0.566284179688,0.625854492188,0.151184082031,0.514526367188,-6111.0,-3819.0,-1772.0,-10.0,-15.0,23.0,
1650383346115344285,-0.565612792969,0.626037597656,0.152648925781,0.5146484375,-6281.0,-3755.0,-1795.0,-12.0,-10.0,21.0,
1650383346119716882,-0.565002441406,0.626403808594,0.153869628906,0.514465332031,-6418.0,-3680.0,-1838.0,-12.0,-3.0,19.0,
1650383346125058412,-0.564575195312,0.626953125,0.15478515625,0.514038085938,-6524.0,-3585.0,-1911.0,-11.0,4.0,18.0,
1650383346130143404,-0.564270019531,0.627624511719,0.155395507812,0.513366699219,-6613.0,-3503.0,-1973.0,-10.0,10.0,15.0,
1650383346142006874,-0.564086914062,0.628295898438,0.155700683594,0.512634277344,-6671.0,-3458.0,-2025.0,-8.0,15.0,11.0,
1650383346142456293,-0.564086914062,0.628967285156,0.155578613281,0.511840820312,-6683.0,-3415.0,-2083.0,-7.0,19.0,7.0,
1650383346155357837,-0.564208984375,0.629638671875,0.155151367188,0.510986328125,-6676.0,-3349.0,-2176.0,-5.0,21.0,3.0,
1650383346156545162,-0.564453125,0.630249023438,0.154602050781,0.510131835938,-6665.0,-3281.0,-2287.0,-4.0,21.0,-1.0,
1650383346157168865,-0.564758300781,0.630737304688,0.153869628906,0.509399414062,-6646.0,-3239.0,-2383.0,-2.0,21.0,-3.0,
1650383346158982753,-0.565124511719,0.631103515625,0.153137207031,0.508728027344,-6636.0,-3226.0,-2470.0,-1.0,19.0,-6.0,
1650383346163519859,-0.565551757812,0.63134765625,0.152282714844,0.508239746094,-6664.0,-3226.0,-2561.0,-1.0,17.0,-8.0,
1650383346168381214,-0.566162109375,0.631408691406,0.151428222656,0.507751464844,-6738.0,-3213.0,-2655.0,-2.0,16.0,-11.0,
1650383346175347566,-0.566772460938,0.631408691406,0.150634765625,0.50732421875,-6812.0,-3206.0,-2751.0,-2.0,15.0,-14.0,
1650383346181754350,-0.567626953125,0.631286621094,0.149780273438,0.506774902344,-6921.0,-3218.0,-2817.0,-4.0,16.0,-17.0,
1650383346187563180,-0.568664550781,0.631164550781,0.148681640625,0.506103515625,-6974.0,-3176.0,-2951.0,-5.0,21.0,-21.0,
1650383346192329645,-0.56982421875,0.631164550781,0.147277832031,0.505126953125,-6970.0,-3132.0,-3105.0,-5.0,26.0,-23.0,
1650383346197097778,-0.571044921875,0.631164550781,0.145751953125,0.504211425781,-6962.0,-3140.0,-3215.0,-2.0,26.0,-25.0,
1650383346201478958,-0.572265625,0.631042480469,0.144104003906,0.503479003906,-6962.0,-3154.0,-3295.0,0.0,25.0,-27.0,
1650383346206064701,-0.573486328125,0.630859375,0.142395019531,0.502807617188,-6992.0,-3149.0,-3360.0,1.0,23.0,-28.0,
1650383346210735797,-0.574645996094,0.630554199219,0.140808105469,0.502258300781,-7035.0,-3165.0,-3429.0,1.0,22.0,-29.0,
1650383346215368986,-0.575805664062,0.630249023438,0.139221191406,0.501770019531,-7070.0,-3181.0,-3517.0,1.0,21.0,-28.0,
1650383346219865083,-0.576965332031,0.630004882812,0.137634277344,0.501220703125,-7100.0,-3197.0,-3642.0,1.0,21.0,-28.0,
1650383346224767923,-0.578063964844,0.629821777344,0.136108398438,0.500610351562,-7119.0,-3214.0,-3778.0,2.0,21.0,-27.0,
1650383346228924274,-0.579040527344,0.629699707031,0.134460449219,0.500061035156,-7163.0,-3229.0,-3886.0,4.0,21.0,-25.0,
1650383346233320713,-0.579956054688,0.629577636719,0.132873535156,0.499633789062,-7209.0,-3258.0,-3928.0,5.0,20.0,-25.0,
1650383346238473892,-0.580810546875,0.629516601562,0.131042480469,0.499145507812,-7173.0,-3269.0,-4068.0,6.0,23.0,-25.0,
1650383346245095491,-0.581665039062,0.629638671875,0.129028320312,0.49853515625,-7063.0,-3276.0,-4224.0,10.0,26.0,-24.0,
1650383346249528646,-0.582397460938,0.629760742188,0.126831054688,0.498107910156,-7032.0,-3321.0,-4326.0,14.0,24.0,-25.0,
1650383346258649587,-0.583068847656,0.629638671875,0.124633789062,0.497985839844,-7062.0,-3384.0,-4386.0,18.0,20.0,-27.0,
1650383346259199142,-0.583679199219,0.629455566406,0.122314453125,0.498107910156,-7061.0,-3421.0,-4434.0,20.0,19.0,-28.0,
1650383346265180110,-0.584228515625,0.629272460938,0.119873046875,0.498291015625,-7006.0,-3450.0,-4487.0,22.0,19.0,-29.0,
1650383346269635915,-0.584838867188,0.62890625,0.117492675781,0.498596191406,-6959.0,-3502.0,-4559.0,23.0,15.0,-31.0,
1650383346274173974,-0.58544921875,0.628295898438,0.115112304688,0.499145507812,-6919.0,-3570.0,-4620.0,25.0,11.0,-34.0,
1650383346278601646,-0.586059570312,0.627563476562,0.112670898438,0.499938964844,-6892.0,-3622.0,-4633.0,26.0,8.0,-35.0,
1650383346284002304,-0.586669921875,0.626770019531,0.110229492188,0.500793457031,-6883.0,-3688.0,-4622.0,28.0,7.0,-36.0,
1650383346288244247,-0.587158203125,0.6259765625,0.107727050781,0.501770019531,-6916.0,-3763.0,-4576.0,29.0,7.0,-36.0,
1650383346295124053,-0.587646484375,0.625244140625,0.105102539062,0.502685546875,-6966.0,-3825.0,-4521.0,30.0,10.0,-36.0,
1650383346299728393,-0.588012695312,0.624694824219,0.102294921875,0.503479003906,-6962.0,-3890.0,-4459.0,32.0,16.0,-35.0,
1650383346304492950,-0.588439941406,0.624328613281,0.0991821289062,0.504028320312,-6922.0,-3972.0,-4378.0,32.0,23.0,-35.0,
1650383346309311389,-0.588989257812,0.624145507812,0.0957641601562,0.504333496094,-6893.0,-4069.0,-4287.0,31.0,29.0,-36.0,
1650383346313573598,-0.589721679688,0.623962402344,0.0921630859375,0.504333496094,-6841.0,-4157.0,-4194.0,29.0,35.0,-38.0,
1650383346318053007,-0.590576171875,0.623962402344,0.08837890625,0.504028320312,-6748.0,-4234.0,-4098.0,26.0,42.0,-39.0,
1650383346325253963,-0.591613769531,0.624084472656,0.0845336914062,0.503356933594,-6629.0,-4323.0,-3999.0,22.0,48.0,-39.0,
1650383346329480648,-0.592712402344,0.624328613281,0.0806884765625,0.502319335938,-6440.0,-4410.0,-3910.0,18.0,52.0,-38.0,
1650383346334124803,-0.593994140625,0.624572753906,0.0769653320312,0.501037597656,-6292.0,-4501.0,-3821.0,13.0,53.0,-37.0,
1650383346338559627,-0.595336914062,0.624938964844,0.0736083984375,0.499572753906,-6128.0,-4589.0,-3751.0,6.0,53.0,-33.0,
1650383346344022035,-0.596618652344,0.625427246094,0.0706176757812,0.497863769531,-5897.0,-4643.0,-3718.0,0.0,52.0,-28.0,
1650383346348356008,-0.597900390625,0.6259765625,0.0680541992188,0.495971679688,-5681.0,-4680.0,-3681.0,-6.0,49.0,-23.0,
1650383346355240345,-0.599182128906,0.626525878906,0.0660400390625,0.493957519531,-5507.0,-4689.0,-3665.0,-11.0,44.0,-18.0,
1650383346359661340,-0.600341796875,0.627136230469,0.0645751953125,0.492004394531,-5323.0,-4680.0,-3653.0,-16.0,40.0,-13.0,
1650383346364040136,-0.601440429688,0.627685546875,0.0635375976562,0.490051269531,-5173.0,-4654.0,-3655.0,-19.0,35.0,-8.0,
1650383346368757247,-0.602478027344,0.628295898438,0.0629272460938,0.488159179688,-5053.0,-4628.0,-3654.0,-22.0,29.0,-5.0,
1650383346373368501,-0.603332519531,0.628845214844,0.0626220703125,0.486389160156,-4985.0,-4590.0,-3660.0,-23.0,25.0,-2.0,
1650383346380300998,-0.604187011719,0.629333496094,0.0626220703125,0.484680175781,-5004.0,-4505.0,-3664.0,-25.0,21.0,1.0,
1650383346385874986,-0.604858398438,0.629943847656,0.0628662109375,0.483032226562,-5085.0,-4399.0,-3662.0,-25.0,20.0,2.0,
1650383346391088008,-0.60546875,0.630615234375,0.0631103515625,0.481384277344,-5146.0,-4308.0,-3691.0,-24.0,22.0,3.0,
1650383346456446170,-0.606018066406,0.631408691406,0.06298828125,0.479553222656,-5217.0,-4217.0,-3748.0,-22.0,27.0,2.0,
1650383346458690404,-0.606689453125,0.63232421875,0.0625610351562,0.477661132812,-5333.0,-4149.0,-3813.0,-19.0,32.0,-1.0,
1650383346459370613,-0.607482910156,0.633178710938,0.061767578125,0.475646972656,-5491.0,-4094.0,-3887.0,-17.0,38.0,-6.0,
1650383346460099220,-0.608276367188,0.634216308594,0.0604248046875,0.473388671875,-5581.0,-4072.0,-3991.0,-15.0,46.0,-10.0,
1650383346460900068,-0.609313964844,0.635314941406,0.05859375,0.470825195312,-5616.0,-4091.0,-4091.0,-13.0,55.0,-13.0,
1650383346461396455,-0.6103515625,0.636535644531,0.0564575195312,0.468078613281,-5584.0,-4135.0,-4216.0,-13.0,61.0,-14.0,
1650383346462278842,-0.611572265625,0.637817382812,0.0540161132812,0.465026855469,-5473.0,-4187.0,-4362.0,-13.0,65.0,-14.0,
1650383346463306903,-0.61279296875,0.639099121094,0.0516967773438,0.4619140625,-5264.0,-4230.0,-4513.0,-15.0,64.0,-14.0,
1650383346463839530,-0.614013671875,0.640319824219,0.0494384765625,0.458801269531,-5186.0,-4286.0,-4606.0,-17.0,60.0,-12.0,
1650383346464665412,-0.615234375,0.641418457031,0.0477905273438,0.455810546875,-5068.0,-4345.0,-4685.0,-21.0,54.0,-10.0,
1650383346467076539,-0.616394042969,0.642456054688,0.0464477539062,0.452880859375,-4759.0,-4334.0,-4890.0,-25.0,50.0,-7.0,
1650383346468006372,-0.617492675781,0.643432617188,0.045654296875,0.450073242188,-4542.0,-4323.0,-4923.0,-26.0,37.0,-2.0,
1650383346469018459,-0.618591308594,0.643859863281,0.0458374023438,0.447998046875,-4712.0,-4267.0,-5019.0,-31.0,19.0,0.0,
1650383346469506978,-0.619384765625,0.644287109375,0.0467529296875,0.446105957031,-4726.0,-4238.0,-5111.0,-33.0,14.0,2.0,
1650383346469993352,-0.620178222656,0.644775390625,0.0476684570312,0.444274902344,-4630.0,-4157.0,-5119.0,-33.0,11.0,6.0,
1650383346470379829,-0.620849609375,0.645202636719,0.0487670898438,0.442565917969,-4714.0,-4095.0,-5116.0,-33.0,7.0,8.0,
1650383346474185466,-0.621520996094,0.6455078125,0.05029296875,0.441040039062,-4767.0,-4030.0,-5090.0,-36.0,2.0,7.0,
1650383346478495597,-0.622131347656,0.645874023438,0.0518188476562,0.439514160156,-4734.0,-3944.0,-5084.0,-36.0,3.0,8.0,
1650383346483195304,-0.622741699219,0.646118164062,0.0533447265625,0.43798828125,-4728.0,-3831.0,-5054.0,-36.0,1.0,8.0,
1650383346488298177,-0.623352050781,0.646240234375,0.054931640625,0.436706542969,-4702.0,-3623.0,-5105.0,-33.0,-2.0,6.0,
1650383346494417428,-0.623779296875,0.646545410156,0.0562744140625,0.435485839844,-4768.0,-3591.0,-5098.0,-26.0,-1.0,6.0,
1650383346499204874,-0.624145507812,0.646789550781,0.0573120117188,0.434509277344,-4907.0,-3640.0,-5036.0,-23.0,1.0,5.0,
1650383346504032373,-0.624450683594,0.647216796875,0.057861328125,0.433410644531,-4853.0,-3653.0,-5064.0,-20.0,11.0,5.0,
1650383346508456945,-0.624755859375,0.647827148438,0.05810546875,0.432006835938,-4663.0,-3655.0,-5046.0,-19.0,15.0,6.0,
1650383346513144254,-0.625061035156,0.6484375,0.0582885742188,0.430541992188,-4663.0,-3668.0,-4984.0,-18.0,15.0,7.0,
1650383346519840002,-0.625366210938,0.649047851562,0.0585327148438,0.42919921875,-4630.0,-3702.0,-4893.0,-19.0,15.0,6.0,
1650383346524511814,-0.625610351562,0.649780273438,0.0586547851562,0.427734375,-4500.0,-3699.0,-4830.0,-20.0,20.0,8.0,
1650383346529203176,-0.625854492188,0.650573730469,0.0587158203125,0.426147460938,-4380.0,-3631.0,-4797.0,-19.0,20.0,9.0,
1650383346533670902,-0.626037597656,0.651306152344,0.0588989257812,0.424682617188,-4201.0,-3562.0,-4794.0,-18.0,16.0,10.0,
1650383346538283586,-0.626098632812,0.651977539062,0.0592041015625,0.423522949219,-4135.0,-3586.0,-4734.0,-15.0,10.0,11.0,
1650383346542856216,-0.626098632812,0.652465820312,0.0596923828125,0.422790527344,-4251.0,-3703.0,-4596.0,-14.0,5.0,11.0,
1650383346549947500,-0.6259765625,0.652893066406,0.0602416992188,0.422119140625,-4340.0,-3683.0,-4614.0,-16.0,6.0,12.0,
1650383346554540872,-0.625854492188,0.653564453125,0.0609741210938,0.421203613281,-4067.0,-3706.0,-4553.0,-17.0,7.0,14.0,
1650383346559136152,-0.625854492188,0.654174804688,0.0616455078125,0.420227050781,-4321.0,-3710.0,-4391.0,-19.0,3.0,16.0,
1650383346563814163,-0.625732421875,0.654541015625,0.0629272460938,0.419555664062,-4412.0,-3709.0,-4352.0,-23.0,2.0,14.0,
1650383346568455219,-0.625549316406,0.655395507812,0.0640258789062,0.418395996094,-4120.0,-3700.0,-4321.0,-24.0,9.0,19.0,
1650383346571790695,-0.62548828125,0.656127929688,0.0650024414062,0.417114257812,-4350.0,-3590.0,-4285.0,-25.0,5.0,20.0,
1650383346580189466,-0.625305175781,0.65673828125,0.0665893554688,0.416137695312,-4309.0,-3613.0,-4172.0,-26.0,1.0,17.0,
1650383346584637641,-0.625183105469,0.657592773438,0.0676879882812,0.414916992188,-4449.0,-3560.0,-4152.0,-27.0,8.0,21.0,
1650383346590766191,-0.625061035156,0.658386230469,0.0690307617188,0.413635253906,-4420.0,-3504.0,-4137.0,-28.0,8.0,19.0,
1650383346595771312,-0.625,0.6591796875,0.0701904296875,0.412170410156,-4508.0,-3181.0,-4384.0,-28.0,10.0,18.0,
1650383346600612640,-0.625,0.660095214844,0.0711669921875,0.410583496094,-4605.0,-3201.0,-4363.0,-20.0,11.0,12.0,
1650383346605154514,-0.625061035156,0.660583496094,0.071533203125,0.409606933594,-4695.0,-3157.0,-4411.0,-16.0,12.0,8.0,
1650383346609568595,-0.625122070312,0.661071777344,0.0718383789062,0.408630371094,-4727.0,-3062.0,-4625.0,-13.0,12.0,6.0,
1650383346614204645,-0.625305175781,0.661376953125,0.0722045898438,0.407897949219,-4602.0,-2923.0,-4975.0,-10.0,4.0,3.0,
1650383346618783950,-0.625366210938,0.661071777344,0.0728149414062,0.408081054688,-4468.0,-2853.0,-5234.0,-1.0,-16.0,-2.0,
1650383346623706817,-0.625244140625,0.660461425781,0.0736083984375,0.4091796875,-4742.0,-3027.0,-5208.0,7.0,-33.0,-2.0,
1650383346628217458,-0.624938964844,0.659606933594,0.0745849609375,0.410888671875,-5448.0,-3424.0,-4880.0,5.0,-31.0,-1.0,
1650383346631707906,-0.624633789062,0.6591796875,0.0753173828125,0.411865234375,-5773.0,-3631.0,-4760.0,-6.0,-6.0,1.0,
1650383346640066623,-0.624755859375,0.659423828125,0.0756225585938,0.411193847656,-5290.0,-3478.0,-4950.0,-17.0,14.0,4.0,
1650383346644482374,-0.625244140625,0.659851074219,0.0758056640625,0.40966796875,-4644.0,-3294.0,-5161.0,-17.0,9.0,4.0,
1650383346649005651,-0.625732421875,0.65966796875,0.0765991210938,0.4091796875,-4735.0,-3260.0,-5063.0,-13.0,-16.0,2.0,
1650383346653373003,-0.625854492188,0.658935546875,0.0781860351562,0.409851074219,-5334.0,-3418.0,-4737.0,-14.0,-26.0,0.0,
1650383346658065080,-0.625732421875,0.658630371094,0.0797119140625,0.410217285156,-5643.0,-3358.0,-4641.0,-19.0,-8.0,4.0,
1650383346661580085,-0.625915527344,0.658813476562,0.0810546875,0.409301757812,-5371.0,-3251.0,-4685.0,-26.0,5.0,5.0,
1650383346669592618,-0.626403808594,0.659301757812,0.081787109375,0.40771484375,-5119.0,-3296.0,-4572.0,-26.0,11.0,7.0,
1650383346674085378,-0.626831054688,0.65966796875,0.0824584960938,0.40625,-5079.0,-3159.0,-4514.0,-29.0,11.0,8.0,
1650383346678749084,-0.627380371094,0.659973144531,0.083740234375,0.404663085938,-5017.0,-2992.0,-4575.0,-33.0,8.0,5.0,
1650383346683188438,-0.6279296875,0.660461425781,0.0848999023438,0.40283203125,-4837.0,-3025.0,-4507.0,-33.0,11.0,7.0,
1650383346687832593,-0.628295898438,0.661010742188,0.0857543945312,0.401123046875,-4736.0,-2844.0,-4636.0,-31.0,13.0,11.0,
1650383346693164587,-0.62890625,0.661193847656,0.0872802734375,0.399536132812,-4583.0,-2756.0,-4777.0,-33.0,1.0,5.0,
1650383346701383352,-0.629333496094,0.661499023438,0.0885009765625,0.398132324219,-4425.0,-2923.0,-4737.0,-28.0,0.0,8.0,
1650383346706125974,-0.629699707031,0.661560058594,0.0895385742188,0.397216796875,-4492.0,-2660.0,-5027.0,-27.0,-3.0,8.0,
1650383346710554599,-0.630249023438,0.661315917969,0.0913696289062,0.396362304688,-4160.0,-2560.0,-5355.0,-27.0,-14.0,0.0,
1650383346715223312,-0.630493164062,0.660949707031,0.093017578125,0.396118164062,-4123.0,-2538.0,-5702.0,-17.0,-29.0,6.0,
1650383346719815254,-0.630432128906,0.659973144531,0.09521484375,0.397338867188,-4212.0,-2441.0,-5983.0,-8.0,-51.0,2.0,
1650383346724341154,-0.630004882812,0.658935546875,0.0975341796875,0.399230957031,-4322.0,-2471.0,-6157.0,2.0,-59.0,4.0,
1650383346729035854,-0.629211425781,0.657836914062,0.0997314453125,0.401733398438,-4627.0,-2586.0,-6240.0,8.0,-63.0,7.0,
1650383346733562469,-0.628295898438,0.656799316406,0.101928710938,0.404357910156,-5007.0,-2683.0,-6283.0,9.0,-61.0,8.0,
1650383346738056182,-0.627319335938,0.656005859375,0.103942871094,0.406494140625,-5325.0,-2801.0,-6338.0,6.0,-50.0,9.0,
1650383346741325378,-0.626525878906,0.655578613281,0.105529785156,0.408020019531,-5474.0,-2930.0,-6362.0,4.0,-36.0,11.0,
1650383346749810934,-0.625915527344,0.655395507812,0.106689453125,0.408935546875,-5432.0,-2991.0,-6427.0,0.0,-26.0,10.0,
1650383346754441976,-0.62548828125,0.655334472656,0.107849121094,0.409484863281,-5404.0,-3005.0,-6444.0,-3.0,-23.0,12.0,
1650383346758903026,-0.625,0.655212402344,0.109191894531,0.409973144531,-5424.0,-3035.0,-6410.0,-5.0,-26.0,12.0,
1650383346763520956,-0.624450683594,0.655090332031,0.11083984375,0.410583496094,-5450.0,-3057.0,-6328.0,-7.0,-28.0,14.0,
1650383346768193960,-0.623901367188,0.654968261719,0.112548828125,0.4111328125,-5490.0,-3056.0,-6216.0,-9.0,-27.0,15.0,
1650383346772841453,-0.623291015625,0.654907226562,0.114318847656,0.41162109375,-5476.0,-3016.0,-6108.0,-11.0,-26.0,16.0,
1650383346779930591,-0.622802734375,0.654907226562,0.116149902344,0.411987304688,-5377.0,-2992.0,-5971.0,-12.0,-25.0,16.0,
1650383346796205997,-0.622314453125,0.654846191406,0.117919921875,0.412231445312,-5273.0,-2979.0,-5844.0,-14.0,-25.0,17.0,
1650383346796672582,-0.621887207031,0.654663085938,0.119934082031,0.412536621094,-5189.0,-2957.0,-5741.0,-17.0,-28.0,16.0,
1650383346801032543,-0.621643066406,0.654357910156,0.122131347656,0.412841796875,-5149.0,-2922.0,-5585.0,-20.0,-31.0,15.0,
1650383346807493209,-0.621398925781,0.653381347656,0.127258300781,0.413269042969,-5188.0,-2917.0,-5284.0,-29.0,-33.0,13.0,
1650383346812257528,-0.621398925781,0.65283203125,0.130004882812,0.413146972656,-5191.0,-2916.0,-5113.0,-34.0,-31.0,14.0,
1650383346817108154,-0.62158203125,0.652221679688,0.133056640625,0.412841796875,-5222.0,-2852.0,-5025.0,-40.0,-30.0,14.0,
1650383346821517467,-0.621887207031,0.651733398438,0.136291503906,0.412170410156,-5224.0,-2768.0,-4980.0,-45.0,-29.0,14.0,
1650383346826264142,-0.622192382812,0.6513671875,0.139526367188,0.411254882812,-5147.0,-2670.0,-4983.0,-47.0,-26.0,16.0,
1650383346830744981,-0.622619628906,0.65087890625,0.142639160156,0.410217285156,-5091.0,-2579.0,-4987.0,-47.0,-26.0,13.0,
1650383346835418701,-0.623168945312,0.650207519531,0.145874023438,0.409362792969,-5049.0,-2504.0,-5029.0,-48.0,-30.0,10.0,
1650383346840259075,-0.623657226562,0.649353027344,0.149291992188,0.40869140625,-5083.0,-2459.0,-5048.0,-48.0,-36.0,9.0,
1650383346845114707,-0.624145507812,0.648254394531,0.153015136719,0.408386230469,-5203.0,-2397.0,-5077.0,-49.0,-43.0,9.0,
1650383346849481821,-0.624572753906,0.64697265625,0.157043457031,0.408203125,-5359.0,-2328.0,-5095.0,-49.0,-48.0,8.0,
1650383346855935811,-0.624877929688,0.645690917969,0.161193847656,0.408203125,-5525.0,-2256.0,-5106.0,-49.0,-50.0,8.0,
1650383346860849142,-0.625244140625,0.644348144531,0.165283203125,0.408142089844,-5704.0,-2201.0,-5100.0,-48.0,-50.0,7.0,
1650383346863981008,-0.62548828125,0.64306640625,0.169250488281,0.408203125,-5878.0,-2158.0,-5082.0,-46.0,-48.0,8.0,
1650383346868739128,-0.625610351562,0.641906738281,0.173034667969,0.408142089844,-6041.0,-2119.0,-5082.0,-44.0,-44.0,9.0,
1650383346873327970,-0.625732421875,0.640930175781,0.176513671875,0.408081054688,-6195.0,-2090.0,-5073.0,-40.0,-40.0,9.0,
1650383346878025293,-0.625793457031,0.640014648438,0.179626464844,0.408020019531,-6373.0,-2064.0,-5019.0,-36.0,-35.0,9.0,
1650383346881671190,-0.625793457031,0.639282226562,0.182312011719,0.407897949219,-6587.0,-2034.0,-4948.0,-32.0,-28.0,8.0,
1650383346889528751,-0.625915527344,0.638793945312,0.184448242188,0.407592773438,-6768.0,-1983.0,-4875.0,-27.0,-18.0,5.0,
1650383346894508361,-0.626098632812,0.638549804688,0.185913085938,0.407043457031,-6834.0,-1957.0,-4781.0,-23.0,-5.0,3.0,
1650383346900695800,-0.626403808594,0.638549804688,0.186584472656,0.406188964844,-6782.0,-1954.0,-4711.0,-18.0,6.0,1.0,
1650383346905928373,-0.626892089844,0.638732910156,0.186767578125,0.405151367188,-6694.0,-1956.0,-4685.0,-15.0,14.0,-1.0,
1650383346910621166,-0.627380371094,0.638977050781,0.186645507812,0.404113769531,-6600.0,-1975.0,-4704.0,-13.0,16.0,-2.0,
1650383346914960145,-0.627685546875,0.639282226562,0.186401367188,0.403198242188,-6500.0,-2002.0,-4718.0,-8.0,15.0,0.0,
1650383346919641494,-0.627868652344,0.6396484375,0.185974121094,0.402465820312,-6393.0,-2030.0,-4721.0,-3.0,14.0,2.0,
1650383346924520254,-0.627868652344,0.64013671875,0.185546875,0.401977539062,-6273.0,-2065.0,-4718.0,0.0,13.0,3.0,
1650383346929191827,-0.627746582031,0.640625,0.18505859375,0.401672363281,-6144.0,-2112.0,-4714.0,3.0,10.0,4.0,
1650383346933749437,-0.62744140625,0.641052246094,0.1845703125,0.401550292969,-6021.0,-2160.0,-4742.0,5.0,7.0,5.0,
1650383346938269376,-0.627075195312,0.641479492188,0.184204101562,0.401611328125,-5903.0,-2206.0,-4737.0,7.0,2.0,6.0,
1650383346943213939,-0.626647949219,0.641845703125,0.183837890625,0.401977539062,-5787.0,-2245.0,-4673.0,10.0,0.0,6.0,
1650383346947425127,-0.626098632812,0.64208984375,0.183410644531,0.402526855469,-5701.0,-2243.0,-4596.0,13.0,-2.0,5.0,
1650383346955246448,-0.62548828125,0.642333984375,0.182922363281,0.403259277344,-5643.0,-2221.0,-4504.0,16.0,-3.0,4.0,
1650383346959997653,-0.624694824219,0.642700195312,0.182373046875,0.404174804688,-5596.0,-2195.0,-4407.0,20.0,-4.0,5.0,
1650383346964711427,-0.623779296875,0.643127441406,0.181701660156,0.405212402344,-5524.0,-2188.0,-4263.0,24.0,-3.0,6.0,
1650383346969290733,-0.622802734375,0.643615722656,0.180786132812,0.406372070312,-5439.0,-2190.0,-4164.0,28.0,-1.0,7.0,
1650383346973973989,-0.621765136719,0.644104003906,0.179748535156,0.407653808594,-5344.0,-2181.0,-4061.0,30.0,-2.0,5.0,
1650383346978445529,-0.620788574219,0.644409179688,0.1787109375,0.409118652344,-5268.0,-2163.0,-3980.0,32.0,-5.0,3.0,
1650383346983104705,-0.619750976562,0.644592285156,0.177795410156,0.410827636719,-5125.0,-2155.0,-3779.0,33.0,-10.0,1.0,
1650383346987705707,-0.618896484375,0.644348144531,0.177185058594,0.412719726562,-5080.0,-2151.0,-3698.0,28.0,-16.0,-2.0,
1650383346991797447,-0.618408203125,0.643493652344,0.176940917969,0.414855957031,-5228.0,-2129.0,-3675.0,23.0,-26.0,-10.0,
1650383347000551939,-0.617858886719,0.642456054688,0.177062988281,0.417236328125,-5374.0,-2086.0,-3735.0,22.0,-31.0,-13.0,
1650383347006620407,-0.617248535156,0.641540527344,0.177124023438,0.419555664062,-5454.0,-2035.0,-3840.0,24.0,-31.0,-11.0,
1650383347011358737,-0.616577148438,0.640686035156,0.177001953125,0.421813964844,-5609.0,-1980.0,-4009.0,27.0,-31.0,-11.0,
1650383347016088485,-0.616027832031,0.639892578125,0.176696777344,0.423950195312,-5908.0,-1956.0,-4265.0,28.0,-27.0,-13.0,
1650383347020864248,-0.615600585938,0.639343261719,0.176025390625,0.42578125,-6210.0,-1998.0,-4512.0,28.0,-18.0,-15.0,
1650383347025816917,-0.615295410156,0.638977050781,0.174926757812,0.427185058594,-6412.0,-2049.0,-4751.0,28.0,-7.0,-15.0,
1650383347030308246,-0.615112304688,0.638916015625,0.173461914062,0.428161621094,-6522.0,-2096.0,-4958.0,27.0,1.0,-14.0,
1650383347034808397,-0.614929199219,0.638916015625,0.172058105469,0.429016113281,-6542.0,-2154.0,-5111.0,26.0,3.0,-13.0,
1650383347039611339,-0.61474609375,0.638854980469,0.170715332031,0.429931640625,-6553.0,-2236.0,-5170.0,26.0,0.0,-11.0,
1650383347044377088,-0.614501953125,0.638671875,0.16943359375,0.431030273438,-6591.0,-2343.0,-5147.0,25.0,-3.0,-12.0,
1650383347049142360,-0.6142578125,0.638366699219,0.168212890625,0.432312011719,-6624.0,-2420.0,-5046.0,26.0,-5.0,-13.0,
1650383347054896593,-0.613952636719,0.638000488281,0.167053222656,0.43359375,-6567.0,-2458.0,-4919.0,25.0,-4.0,-12.0,
1650383347058529853,-0.613708496094,0.637756347656,0.165893554688,0.434875488281,-6429.0,-2494.0,-4773.0,25.0,-3.0,-13.0,
1650383347063883781,-0.613586425781,0.637390136719,0.164672851562,0.43603515625,-6303.0,-2577.0,-4615.0,23.0,-3.0,-14.0,
1650383347068265438,-0.613525390625,0.636840820312,0.163696289062,0.437255859375,-6215.0,-2703.0,-4472.0,19.0,-6.0,-13.0,
1650383347074898481,-0.613403320312,0.636291503906,0.1630859375,0.438415527344,-6161.0,-2826.0,-4375.0,14.0,-10.0,-10.0,
1650383347079610347,-0.613342285156,0.635681152344,0.162841796875,0.439514160156,-6158.0,-2910.0,-4294.0,9.0,-13.0,-7.0,
1650383347084085464,-0.613220214844,0.635070800781,0.1630859375,0.440490722656,-6189.0,-2958.0,-4239.0,4.0,-15.0,-4.0,
1650383347088940143,-0.613037109375,0.634521484375,0.16357421875,0.441284179688,-6224.0,-2978.0,-4215.0,1.0,-17.0,-2.0,
1650383347093489885,-0.612915039062,0.634033203125,0.164184570312,0.442016601562,-6248.0,-2966.0,-4213.0,-2.0,-17.0,-1.0,
1650383347098249912,-0.61279296875,0.633483886719,0.164916992188,0.442687988281,-6312.0,-2913.0,-4246.0,-3.0,-17.0,-1.0,
1650383347104858636,-0.61279296875,0.632873535156,0.165649414062,0.443298339844,-6397.0,-2861.0,-4267.0,-3.0,-17.0,-4.0,
1650383347109851360,-0.612854003906,0.632202148438,0.166198730469,0.443908691406,-6473.0,-2861.0,-4261.0,-2.0,-15.0,-7.0,
1650383347114400625,-0.612976074219,0.631591796875,0.16650390625,0.444519042969,-6444.0,-2910.0,-4193.0,-1.0,-11.0,-8.0,
1650383347119155883,-0.613159179688,0.631103515625,0.166625976562,0.444946289062,-6426.0,-2929.0,-4073.0,-2.0,-8.0,-6.0,
1650383347123663902,-0.613342285156,0.630676269531,0.166809082031,0.445190429688,-6494.0,-2885.0,-3955.0,-5.0,-4.0,-5.0,
1650383347128639459,-0.613647460938,0.63037109375,0.1669921875,0.445129394531,-6637.0,-2809.0,-3917.0,-7.0,2.0,-7.0,
1650383347133286476,-0.614074707031,0.630249023438,0.166809082031,0.444763183594,-6759.0,-2735.0,-3930.0,-7.0,10.0,-9.0,
1650383347138112068,-0.614562988281,0.63037109375,0.166320800781,0.444152832031,-6703.0,-2697.0,-3994.0,-4.0,17.0,-9.0,
1650383347143409729,-0.614990234375,0.630737304688,0.165405273438,0.443359375,-6557.0,-2660.0,-4107.0,-1.0,21.0,-7.0,
1650383347146394014,-0.615417480469,0.631164550781,0.164489746094,0.442504882812,-6427.0,-2647.0,-4236.0,0.0,20.0,-5.0,
1650383347155181884,-0.61572265625,0.631591796875,0.16357421875,0.441772460938,-6295.0,-2658.0,-4349.0,0.0,18.0,-4.0,
1650383347162728786,-0.615905761719,0.632080078125,0.162902832031,0.441101074219,-6075.0,-2679.0,-4514.0,0.0,15.0,0.0,
1650383347164237737,-0.615966796875,0.632507324219,0.162475585938,0.440490722656,-5850.0,-2692.0,-4680.0,0.0,8.0,4.0,
1650383347168784379,-0.615905761719,0.6328125,0.162475585938,0.440246582031,-5782.0,-2711.0,-4814.0,-1.0,-2.0,6.0,
