1649339590680247545,-0.584533691406,0.12890625,0.74560546875,0.292846679688,-8069.0,-1190.0,2368.0,-2.0,-1.0,1.0,
1649339590680826663,-0.584533691406,0.128845214844,0.745666503906,0.292724609375,-8069.0,-1192.0,2376.0,-2.0,-1.0,1.0,
1649339590681272268,-0.584533691406,0.128784179688,0.745788574219,0.292358398438,-8062.0,-1213.0,2353.0,-2.0,-1.0,1.0,
1649339590681453466,-0.584594726562,0.128479003906,0.746032714844,0.291809082031,-8069.0,-1242.0,2333.0,-2.0,-1.0,0.0,
1649339590681885480,-0.584594726562,0.128295898438,0.746154785156,0.291564941406,-8067.0,-1252.0,2328.0,-2.0,-1.0,0.0,
1649339590682224273,-0.584533691406,0.128234863281,0.746215820312,0.29150390625,-8065.0,-1255.0,2323.0,-2.0,-2.0,0.0,
1649339590692673444,-0.584533691406,0.128112792969,0.746337890625,0.291320800781,-8057.0,-1266.0,2327.0,-2.0,-2.0,0.0,
1649339590697064399,-0.584533691406,0.128051757812,0.746337890625,0.291320800781,-8058.0,-1268.0,2336.0,-2.0,-2.0,0.0,
1649339590710932970,-0.584533691406,0.1279296875,0.746398925781,0.291259765625,-8060.0,-1278.0,2337.0,-2.0,-2.0,0.0,
1649339590713245153,-0.58447265625,0.127868652344,0.746459960938,0.291198730469,-8068.0,-1283.0,2346.0,-2.0,-2.0,0.0,
1649339590718960046,-0.58447265625,0.127807617188,0.746520996094,0.291137695312,-8079.0,-1285.0,2348.0,-2.0,-2.0,0.0,
1649339590721187591,-0.584411621094,0.127624511719,0.74658203125,0.291076660156,-8105.0,-1295.0,2359.0,-2.0,-2.0,-1.0,
1649339590723405122,-0.550415039062,0.0477905273438,0.76318359375,0.335021972656,-7385.0,-2332.0,3049.0,-1.0,-20.0,-24.0,
1649339590733807086,-0.490905761719,0.0047607421875,0.762756347656,0.420837402344,-6154.0,-2733.0,3906.0,7.0,-17.0,-22.0,
1649339590736030817,-0.490051269531,0.004150390625,0.7626953125,0.421997070312,-6102.0,-2713.0,3905.0,6.0,-16.0,-22.0,
1649339590739666700,-0.486755371094,0.00042724609375,0.762268066406,0.426574707031,-5897.0,-2700.0,3881.0,-1.0,-12.0,-19.0,
1649339590741804122,-0.486328125,-0.0003662109375,0.762145996094,0.427307128906,-5876.0,-2724.0,3896.0,-3.0,-12.0,-18.0,
1649339590756743192,-0.481018066406,0.002685546875,0.750549316406,0.453002929688,-6456.0,-3306.0,4337.0,6.0,5.0,-5.0,
1649339590765783309,-0.47900390625,0.0130615234375,0.744018554688,0.465576171875,-6925.0,-3849.0,4974.0,4.0,-9.0,-10.0,
1649339590773761272,-0.474975585938,0.0106201171875,0.744262695312,0.469360351562,-7015.0,-3847.0,5156.0,4.0,-15.0,-13.0,
1649339590776151895,-0.473327636719,0.0093994140625,0.744445800781,0.470764160156,-7025.0,-3883.0,5213.0,4.0,-17.0,-15.0,
1649339590779014587,-0.428100585938,-0.0245361328125,0.746704101562,0.508422851562,-6042.0,-3959.0,5580.0,2.0,-40.0,-32.0,
1649339590785277128,-0.426208496094,-0.0264892578125,0.746826171875,0.509826660156,-5977.0,-3955.0,5615.0,0.0,-40.0,-32.0,
1649339590826844215,-0.232055664062,-0.36572265625,0.635864257812,0.638793945312,2411.0,-6699.0,5852.0,-12.0,-24.0,-27.0,
1649339590834136486,-0.240417480469,-0.396362304688,0.628845214844,0.624145507812,-1214.0,-6221.0,3846.0,-11.0,-2.0,14.0,
1649339590840240716,-0.241638183594,-0.396179199219,0.629516601562,0.623168945312,-1301.0,-6269.0,3843.0,-8.0,-2.0,14.0,
1649339590844546556,-0.245544433594,-0.394714355469,0.632507324219,0.619506835938,-1372.0,-6128.0,3793.0,-2.0,-2.0,15.0,
1649339590848499059,-0.249145507812,-0.393371582031,0.63525390625,0.616088867188,-1201.0,-6117.0,3891.0,-6.0,-1.0,14.0,
1649339590857466220,-0.251892089844,-0.392761230469,0.636779785156,0.61376953125,-1100.0,-6274.0,4068.0,-7.0,-1.0,11.0,
1649339590859792232,-0.252746582031,-0.392578125,0.637268066406,0.613098144531,-1090.0,-6328.0,4137.0,-7.0,-1.0,10.0,
1649339590862733840,-0.25439453125,-0.392333984375,0.638000488281,0.611755371094,-1085.0,-6460.0,4254.0,-7.0,-2.0,8.0,
1649339590866147279,-0.255187988281,-0.392272949219,0.638305664062,0.611145019531,-1067.0,-6553.0,4280.0,-8.0,-2.0,7.0,
1649339590868309259,-0.255920410156,-0.392333984375,0.638549804688,0.610534667969,-1030.0,-6662.0,4274.0,-8.0,-3.0,5.0,
1649339590872403144,-0.256652832031,-0.392456054688,0.638732910156,0.609985351562,-980.0,-6775.0,4266.0,-7.0,-3.0,4.0,
1649339590874190092,-0.257263183594,-0.392578125,0.638854980469,0.609497070312,-916.0,-6881.0,4257.0,-6.0,-3.0,3.0,
1649339590878460884,-0.2578125,-0.392639160156,0.638977050781,0.609130859375,-844.0,-6970.0,4253.0,-5.0,-3.0,2.0,
1649339590880569458,-0.258239746094,-0.392639160156,0.63916015625,0.608764648438,-772.0,-7033.0,4235.0,-3.0,-3.0,1.0,
1649339590884570121,-0.258544921875,-0.392639160156,0.639282226562,0.608520507812,-699.0,-7062.0,4211.0,-1.0,-2.0,0.0,
1649339590886924028,-0.258728027344,-0.392517089844,0.639404296875,0.608337402344,-630.0,-7069.0,4181.0,1.0,-2.0,0.0,
1649339590888912677,-0.258911132812,-0.392395019531,0.639526367188,0.608215332031,-564.0,-7062.0,4140.0,2.0,-2.0,-1.0,
1649339590893591403,-0.259094238281,-0.392272949219,0.6396484375,0.608154296875,-503.0,-7056.0,4107.0,2.0,-1.0,-2.0,
1649339590897758960,-0.25927734375,-0.39208984375,0.639709472656,0.608093261719,-434.0,-7054.0,4078.0,3.0,0.0,-2.0,
1649339590899848461,-0.259399414062,-0.391906738281,0.639770507812,0.608093261719,-357.0,-7067.0,4057.0,3.0,0.0,-3.0,
1649339590902139902,-0.259460449219,-0.391784667969,0.639770507812,0.608154296875,-291.0,-7093.0,4054.0,4.0,1.0,-4.0,
1649339590904340505,-0.259582519531,-0.391540527344,0.639709472656,0.608276367188,-220.0,-7128.0,4065.0,4.0,1.0,-4.0,
1649339590909002304,-0.259582519531,-0.391296386719,0.639709472656,0.608520507812,-158.0,-7152.0,4082.0,5.0,2.0,-5.0,
1649339590921916246,-0.259521484375,-0.390930175781,0.6396484375,0.608764648438,-104.0,-7176.0,4107.0,7.0,2.0,-6.0,
1649339590924283504,-0.259399414062,-0.390502929688,0.6396484375,0.609130859375,-60.0,-7179.0,4154.0,9.0,3.0,-7.0,
1649339590926069498,-0.257934570312,-0.387145996094,0.639953613281,0.611511230469,19.0,-6959.0,4411.0,14.0,4.0,-8.0,
1649339590928397655,-0.257568359375,-0.386413574219,0.640014648438,0.612121582031,35.0,-6895.0,4465.0,13.0,4.0,-8.0,
1649339590930331230,-0.257202148438,-0.385681152344,0.640075683594,0.612670898438,51.0,-6827.0,4495.0,13.0,4.0,-9.0,
1649339590932657957,-0.2568359375,-0.385009765625,0.640075683594,0.61328125,66.0,-6760.0,4520.0,13.0,4.0,-9.0,
1649339590934863328,-0.256469726562,-0.384338378906,0.640075683594,0.613830566406,77.0,-6682.0,4530.0,12.0,4.0,-9.0,
1649339590981331348,-0.256103515625,-0.383666992188,0.640075683594,0.614379882812,75.0,-6596.0,4545.0,12.0,3.0,-9.0,
1649339591028062582,-0.255737304688,-0.383056640625,0.640075683594,0.614929199219,67.0,-6514.0,4565.0,11.0,3.0,-9.0,
1649339591034396409,-0.255432128906,-0.382507324219,0.640075683594,0.615417480469,56.0,-6425.0,4588.0,9.0,2.0,-9.0,
1649339591036369323,-0.255126953125,-0.382080078125,0.640014648438,0.615844726562,46.0,-6343.0,4614.0,8.0,1.0,-9.0,
1649339591038739442,-0.2548828125,-0.381713867188,0.639953613281,0.6162109375,44.0,-6278.0,4639.0,5.0,1.0,-9.0,
1649339591110570430,-0.254760742188,-0.381469726562,0.639831542969,0.616577148438,48.0,-6231.0,4677.0,2.0,0.0,-9.0,
1649339591154308080,-0.254699707031,-0.381408691406,0.6396484375,0.616882324219,64.0,-6209.0,4714.0,-1.0,0.0,-9.0,
1649339591165453910,-0.254638671875,-0.381469726562,0.639343261719,0.617126464844,92.0,-6203.0,4732.0,-3.0,-1.0,-9.0,
1649339591173651695,-0.254699707031,-0.381652832031,0.639038085938,0.617309570312,128.0,-6212.0,4742.0,-5.0,-1.0,-9.0,
1649339591190070390,-0.254821777344,-0.381896972656,0.638671875,0.617492675781,169.0,-6233.0,4746.0,-7.0,-2.0,-9.0,
1649339591209656715,-0.2548828125,-0.382263183594,0.638244628906,0.61767578125,214.0,-6259.0,4749.0,-8.0,-2.0,-9.0,
1649339591248755455,-0.255065917969,-0.382690429688,0.637878417969,0.617736816406,259.0,-6276.0,4747.0,-9.0,-3.0,-9.0,
1649339591255587816,-0.255187988281,-0.383117675781,0.637451171875,0.617858886719,307.0,-6289.0,4726.0,-10.0,-3.0,-9.0,
1649339591260190248,-0.255432128906,-0.383666992188,0.636962890625,0.617858886719,359.0,-6299.0,4714.0,-11.0,-3.0,-8.0,
1649339591262434244,-0.255676269531,-0.38427734375,0.636474609375,0.617919921875,407.0,-6304.0,4685.0,-13.0,-3.0,-8.0,
1649339591278395175,-0.255981445312,-0.384948730469,0.635986328125,0.617919921875,450.0,-6317.0,4655.0,-14.0,-3.0,-8.0,
1649339591292310476,-0.25634765625,-0.385620117188,0.635437011719,0.617858886719,492.0,-6340.0,4631.0,-15.0,-2.0,-8.0,
1649339591298473119,-0.256774902344,-0.386352539062,0.634826660156,0.617858886719,534.0,-6380.0,4633.0,-16.0,-2.0,-8.0,
1649339591300504922,-0.257202148438,-0.387023925781,0.63427734375,0.617797851562,579.0,-6426.0,4644.0,-15.0,-2.0,-8.0,
1649339591306660890,-0.257568359375,-0.3876953125,0.633728027344,0.617797851562,639.0,-6485.0,4667.0,-15.0,-2.0,-8.0,
1649339591312000036,-0.257873535156,-0.388305664062,0.633239746094,0.617797851562,693.0,-6537.0,4673.0,-13.0,-2.0,-7.0,
1649339591318813323,-0.258117675781,-0.388854980469,0.6328125,0.617797851562,745.0,-6580.0,4689.0,-11.0,-2.0,-7.0,
1649339591330411434,-0.25830078125,-0.389221191406,0.632446289062,0.617858886719,795.0,-6611.0,4702.0,-9.0,-2.0,-6.0,
1649339591349512815,-0.258422851562,-0.389587402344,0.632141113281,0.617919921875,825.0,-6621.0,4733.0,-7.0,-2.0,-5.0,
1649339591361644744,-0.258422851562,-0.389770507812,0.631958007812,0.617980957031,845.0,-6618.0,4775.0,-5.0,-2.0,-5.0,
1649339591406947374,-0.258361816406,-0.389892578125,0.6318359375,0.618041992188,852.0,-6590.0,4831.0,-3.0,-2.0,-4.0,
1649339591457191467,-0.257995605469,-0.389892578125,0.6318359375,0.6181640625,846.0,-6463.0,4941.0,0.0,-3.0,-3.0,
1649339591499484300,-0.258605957031,-0.394226074219,0.63037109375,0.61669921875,1187.0,-6490.0,4495.0,-14.0,-4.0,-2.0,
1649339591511488914,-0.259033203125,-0.394897460938,0.630065917969,0.616455078125,1194.0,-6591.0,4457.0,-13.0,-3.0,-1.0,
1649339591537612199,-0.259460449219,-0.3955078125,0.629760742188,0.616149902344,1192.0,-6687.0,4439.0,-12.0,-3.0,-1.0,
1649339591539804458,-0.259826660156,-0.39599609375,0.629516601562,0.615966796875,1181.0,-6778.0,4453.0,-10.0,-2.0,-1.0,
1649339591542157173,-0.260620117188,-0.397033691406,0.628967285156,0.615417480469,1126.0,-7048.0,4583.0,3.0,-1.0,-2.0,
1649339591543980360,-0.259765625,-0.396240234375,0.629333496094,0.615966796875,1121.0,-7078.0,4675.0,7.0,0.0,-3.0,
1649339591547607183,-0.256286621094,-0.392700195312,0.630310058594,0.61865234375,1136.0,-6880.0,4431.0,11.0,2.0,-5.0,
1649339591551770448,-0.25537109375,-0.391357421875,0.630310058594,0.619934082031,1175.0,-6855.0,4314.0,6.0,3.0,-5.0,
1649339591554371118,-0.25537109375,-0.390686035156,0.629943847656,0.620727539062,1148.0,-6709.0,4368.0,2.0,4.0,-3.0,
1649339591560152530,-0.255432128906,-0.390380859375,0.6298828125,0.620910644531,1137.0,-6653.0,4405.0,1.0,4.0,-3.0,
1649339591564982891,-0.255981445312,-0.389831542969,0.629516601562,0.621398925781,1087.0,-6551.0,4529.0,-2.0,4.0,-2.0,
1649339591602129220,-0.257690429688,-0.388732910156,0.629089355469,0.621887207031,990.0,-6338.0,4815.0,-4.0,1.0,1.0,
1649339591631920337,-0.257873535156,-0.388671875,0.629089355469,0.621826171875,995.0,-6343.0,4816.0,-4.0,1.0,1.0,
1649339591666932821,-0.258117675781,-0.388732910156,0.629028320312,0.621704101562,999.0,-6364.0,4828.0,-5.0,0.0,1.0,
1649339591679285287,-0.258361816406,-0.388793945312,0.629028320312,0.621643066406,997.0,-6406.0,4849.0,-5.0,0.0,1.0,
1649339591681182146,-0.258972167969,-0.388977050781,0.628967285156,0.621276855469,1001.0,-6529.0,4900.0,-5.0,-1.0,1.0,
1649339591697768926,-0.259216308594,-0.389038085938,0.629028320312,0.62109375,992.0,-6618.0,4870.0,-2.0,-1.0,1.0,
1649339591699942111,-0.259338378906,-0.388977050781,0.629150390625,0.620910644531,996.0,-6742.0,4804.0,0.0,-1.0,0.0,
1649339591710807323,-0.259338378906,-0.388854980469,0.629272460938,0.620910644531,1014.0,-6812.0,4764.0,2.0,-1.0,0.0,
1649339591719274520,-0.25927734375,-0.388732910156,0.629333496094,0.620910644531,1038.0,-6872.0,4731.0,3.0,0.0,-1.0,
1649339591727650880,-0.259033203125,-0.388366699219,0.629455566406,0.621154785156,1104.0,-6959.0,4697.0,5.0,1.0,-1.0,
1649339591731360912,-0.258911132812,-0.388061523438,0.629577636719,0.621276855469,1140.0,-6991.0,4669.0,6.0,2.0,-1.0,
1649339591739823579,-0.2587890625,-0.387756347656,0.629638671875,0.621459960938,1169.0,-6986.0,4625.0,7.0,3.0,-2.0,
1649339591742071628,-0.25830078125,-0.3857421875,0.630187988281,0.622375488281,1186.0,-6468.0,4539.0,7.0,5.0,2.0,
1649339591762341737,-0.258483886719,-0.384704589844,0.630493164062,0.622619628906,1143.0,-6180.0,4473.0,2.0,6.0,3.0,
1649339591764705896,-0.263916015625,-0.381469726562,0.630859375,0.621948242188,1048.0,-6139.0,4474.0,-4.0,7.0,5.0,
1649339591771490097,-0.267456054688,-0.37939453125,0.6318359375,0.620666503906,727.0,-6678.0,4842.0,1.0,2.0,5.0,
1649339591773653268,-0.269470214844,-0.378601074219,0.633361816406,0.618713378906,609.0,-6947.0,5038.0,-4.0,-2.0,1.0,
1649339591775677442,-0.269592285156,-0.378723144531,0.633361816406,0.618591308594,656.0,-6938.0,4968.0,-4.0,-2.0,0.0,
1649339591792202711,-0.269775390625,-0.37890625,0.63330078125,0.618469238281,707.0,-6913.0,4881.0,-4.0,-1.0,0.0,
1649339591810954093,-0.270812988281,-0.379516601562,0.632629394531,0.618347167969,869.0,-6812.0,4613.0,-4.0,2.0,-1.0,
1649339591813083171,-0.27099609375,-0.379577636719,0.632507324219,0.618347167969,884.0,-6829.0,4620.0,-4.0,2.0,-2.0,
1649339591815353393,-0.271240234375,-0.379638671875,0.63232421875,0.618408203125,902.0,-6862.0,4628.0,-3.0,2.0,-2.0,
1649339591817201375,-0.271423339844,-0.379638671875,0.632202148438,0.618530273438,909.0,-6909.0,4659.0,-2.0,2.0,-2.0,
1649339591821291446,-0.271545410156,-0.379577636719,0.632080078125,0.618591308594,912.0,-6965.0,4688.0,-1.0,3.0,-2.0,
1649339591823352098,-0.271667480469,-0.37939453125,0.631958007812,0.618713378906,916.0,-7020.0,4725.0,1.0,3.0,-2.0,
1649339591825408458,-0.271667480469,-0.379211425781,0.631958007812,0.618896484375,914.0,-7063.0,4754.0,3.0,2.0,-2.0,
1649339591845154523,-0.271606445312,-0.37890625,0.631958007812,0.619079589844,922.0,-7092.0,4792.0,4.0,2.0,-2.0,
1649339591847269058,-0.271423339844,-0.378601074219,0.632019042969,0.619262695312,939.0,-7103.0,4833.0,6.0,2.0,-2.0,
1649339591849237680,-0.269592285156,-0.376342773438,0.632751464844,0.620666503906,983.0,-7248.0,5029.0,10.0,0.0,-2.0,
1649339591927179336,-0.262634277344,-0.368041992188,0.635864257812,0.625427246094,650.0,-6728.0,4877.0,14.0,2.0,-5.0,
1649339591929191827,-0.261779785156,-0.366577148438,0.63623046875,0.626281738281,504.0,-6632.0,4829.0,15.0,2.0,-5.0,
1649339591951291084,-0.261352539062,-0.365783691406,0.636413574219,0.626770019531,423.0,-6578.0,4802.0,15.0,3.0,-5.0,
1649339592003066301,-0.260070800781,-0.363342285156,0.637023925781,0.628112792969,179.0,-6425.0,4732.0,16.0,3.0,-6.0,
1649339592012940645,-0.259643554688,-0.362487792969,0.63720703125,0.628601074219,101.0,-6369.0,4720.0,16.0,3.0,-6.0,
1649339592021894216,-0.258239746094,-0.359497070312,0.637939453125,0.630126953125,-121.0,-6211.0,4695.0,20.0,4.0,-6.0,
1649339592036259651,-0.257080078125,-0.356994628906,0.638610839844,0.63134765625,-287.0,-6105.0,4697.0,24.0,5.0,-6.0,
1649339592053671836,-0.255737304688,-0.354187011719,0.639343261719,0.632690429688,-448.0,-5920.0,4647.0,27.0,6.0,-7.0,
1649339592055892705,-0.255065917969,-0.352600097656,0.639770507812,0.633422851562,-513.0,-5799.0,4628.0,28.0,6.0,-7.0,
1649339592075046300,-0.252197265625,-0.34619140625,0.641296386719,0.636596679688,-751.0,-5362.0,4589.0,27.0,8.0,-8.0,
1649339592077119588,-0.251586914062,-0.344665527344,0.641540527344,0.637390136719,-804.0,-5295.0,4607.0,25.0,8.0,-8.0,
1649339592105746984,-0.251037597656,-0.343078613281,0.641784667969,0.638244628906,-868.0,-5263.0,4636.0,25.0,9.0,-9.0,
1649339592108205080,-0.250549316406,-0.341491699219,0.642028808594,0.639038085938,-945.0,-5259.0,4694.0,25.0,9.0,-9.0,
1649339592150492191,-0.246398925781,-0.330078125,0.644775390625,0.643920898438,-1759.0,-5251.0,5275.0,34.0,7.0,-7.0,
1649339592171489000,-0.24560546875,-0.327941894531,0.645385742188,0.644653320312,-1924.0,-5179.0,5355.0,33.0,6.0,-7.0,
