1649755177391354560,-0.667358398438,-0.0501098632812,0.474914550781,0.571411132812,-6633.0,-2593.0,177.0,-332.0,0.0,-77.0,
1649755177400299072,-0.680541992188,-0.0628051757812,0.470581054688,0.558044433594,-6493.0,-2151.0,-481.0,-355.0,6.0,-82.0,
1649755177404371023,-0.694152832031,-0.0762939453125,0.465942382812,0.543334960938,-6383.0,-1967.0,-926.0,-385.0,8.0,-85.0,
1649755177422279119,-0.735229492188,-0.121032714844,0.447692871094,0.494262695312,-6122.0,-4153.0,-2650.0,-419.0,16.0,-99.0,
1649755177435675144,-0.747741699219,-0.136413574219,0.439697265625,0.478454589844,-6073.0,-5887.0,-3276.0,-407.0,21.0,-105.0,
1649755177439719676,-0.758850097656,-0.1513671875,0.431030273438,0.464172363281,-6082.0,-7548.0,-3660.0,-377.0,26.0,-111.0,
1649755177443763256,-0.768310546875,-0.165161132812,0.422668457031,0.451416015625,-6048.0,-8774.0,-3851.0,-343.0,27.0,-109.0,
1649755177457622766,-0.776245117188,-0.176879882812,0.415344238281,0.440063476562,-5994.0,-9394.0,-3946.0,-301.0,26.0,-92.0,
1649755177461635828,-0.86572265625,-0.278564453125,0.270568847656,0.315795898438,-2224.0,-6362.0,-6699.0,-46.0,65.0,-31.0,
1649755177463758945,-0.868774414062,-0.280944824219,0.260437011719,0.313781738281,-2151.0,-5540.0,-6591.0,-46.0,65.0,-33.0,
1649755177465856552,-0.881591796875,-0.295227050781,0.217956542969,0.296875,-1402.0,-6352.0,-5577.0,-63.0,58.0,-41.0,
1649755177496383666,-0.8857421875,-0.307373046875,0.189514160156,0.291809082031,-480.0,-5626.0,-4715.0,-48.0,38.0,-36.0,
1649755177502720832,-0.88671875,-0.311096191406,0.182434082031,0.289245605469,-271.0,-5275.0,-4712.0,-47.0,33.0,-34.0,
1649755177504701852,-0.890441894531,-0.326110839844,0.156066894531,0.276611328125,-272.0,-4488.0,-5417.0,-55.0,28.0,-33.0,
1649755177508962392,-0.891357421875,-0.329895019531,0.149169921875,0.272888183594,-103.0,-4845.0,-5499.0,-56.0,30.0,-35.0,
1649755177516121149,-0.891967773438,-0.333557128906,0.142395019531,0.269958496094,86.0,-4963.0,-5521.0,-49.0,31.0,-34.0,
1649755177518219232,-0.892211914062,-0.335327148438,0.139038085938,0.268737792969,196.0,-4912.0,-5549.0,-45.0,31.0,-33.0,
1649755177538187980,-0.892456054688,-0.336975097656,0.1357421875,0.267578125,275.0,-4813.0,-5531.0,-42.0,31.0,-33.0,
1649755177540573358,-0.892822265625,-0.340026855469,0.129577636719,0.265563964844,336.0,-4587.0,-5407.0,-36.0,29.0,-30.0,
1649755177550593852,-0.892944335938,-0.34130859375,0.126831054688,0.264831542969,320.0,-4485.0,-5339.0,-32.0,28.0,-27.0,
1649755177570389032,-0.893188476562,-0.343505859375,0.121887207031,0.263488769531,217.0,-4342.0,-5390.0,-28.0,26.0,-24.0,
1649755177577352046,-0.893249511719,-0.344543457031,0.119567871094,0.262878417969,189.0,-4282.0,-5497.0,-26.0,25.0,-23.0,
1649755177582942008,-0.8935546875,-0.34716796875,0.112609863281,0.261535644531,229.0,-4432.0,-5928.0,-22.0,27.0,-20.0,
1649755177586557149,-0.893615722656,-0.347961425781,0.110290527344,0.26123046875,274.0,-4547.0,-6043.0,-21.0,27.0,-20.0,
1649755177610026597,-0.893615722656,-0.348754882812,0.107971191406,0.261108398438,296.0,-4649.0,-6084.0,-20.0,28.0,-20.0,
1649755177789804697,-0.893127441406,-0.350769042969,0.100158691406,0.26318359375,288.0,-5226.0,-6019.0,-3.0,27.0,-17.0,
1649755177863084077,-0.892822265625,-0.351196289062,0.0984497070312,0.264404296875,351.0,-5230.0,-6055.0,2.0,28.0,-17.0,
1649755177944200992,-0.891845703125,-0.351989746094,0.0933227539062,0.268310546875,526.0,-4713.0,-6211.0,9.0,28.0,-13.0,
1649755177948132276,-0.891723632812,-0.352233886719,0.0874633789062,0.270568847656,786.0,-4102.0,-6452.0,0.0,30.0,-8.0,
1649755177950041055,-0.891784667969,-0.352111816406,0.08544921875,0.271118164062,851.0,-4059.0,-6507.0,-1.0,30.0,-6.0,
1649755177953809738,-0.891906738281,-0.351928710938,0.0833740234375,0.271667480469,907.0,-4103.0,-6567.0,-2.0,31.0,-5.0,
1649755177959055185,-0.891967773438,-0.351623535156,0.0814208984375,0.272399902344,967.0,-4200.0,-6620.0,-1.0,31.0,-4.0,
1649755177975490808,-0.891967773438,-0.351379394531,0.0794677734375,0.273254394531,987.0,-4332.0,-6668.0,1.0,32.0,-4.0,
1649755177977979183,-0.891906738281,-0.351013183594,0.07763671875,0.2744140625,980.0,-4486.0,-6698.0,5.0,32.0,-4.0,
1649755178021715641,-0.891784667969,-0.3505859375,0.0760498046875,0.27587890625,993.0,-4620.0,-6712.0,10.0,31.0,-3.0,
1649755178032310247,-0.8916015625,-0.350158691406,0.074462890625,0.277404785156,1052.0,-4643.0,-6732.0,11.0,31.0,-4.0,
1649755178037965536,-0.891296386719,-0.349060058594,0.0692749023438,0.281188964844,1116.0,-4333.0,-6719.0,9.0,31.0,-2.0,
1649755178043827772,-0.891235351562,-0.348083496094,0.0657958984375,0.283203125,1130.0,-4309.0,-6561.0,5.0,31.0,-2.0,
1649755178052385807,-0.891235351562,-0.347717285156,0.0640258789062,0.2841796875,1147.0,-4330.0,-6467.0,3.0,31.0,-3.0,
1649755178054501771,-0.891174316406,-0.347351074219,0.062255859375,0.285217285156,1150.0,-4375.0,-6372.0,3.0,30.0,-3.0,
1649755178058587074,-0.89111328125,-0.346923828125,0.0606079101562,0.286254882812,1154.0,-4477.0,-6285.0,4.0,30.0,-3.0,
1649755178063294887,-0.890991210938,-0.346557617188,0.0589599609375,0.287536621094,1148.0,-4601.0,-6193.0,6.0,30.0,-3.0,
1649755178074028730,-0.890747070312,-0.34619140625,0.0574340820312,0.288879394531,1135.0,-4712.0,-6117.0,8.0,30.0,-4.0,
1649755178076412916,-0.890502929688,-0.345825195312,0.0559692382812,0.290405273438,1117.0,-4760.0,-6065.0,10.0,29.0,-5.0,
1649755178079929590,-0.889953613281,-0.345275878906,0.0531616210938,0.293273925781,1135.0,-4639.0,-6053.0,12.0,28.0,-6.0,
1649755178083914041,-0.889709472656,-0.345031738281,0.0516967773438,0.294555664062,1169.0,-4577.0,-6071.0,12.0,28.0,-5.0,
1649755178107871770,-0.88916015625,-0.344482421875,0.0488891601562,0.29736328125,1273.0,-4573.0,-6090.0,13.0,27.0,-5.0,
1649755178174428701,-0.887084960938,-0.343139648438,0.04296875,0.305908203125,1535.0,-4484.0,-6033.0,23.0,24.0,-3.0,
1649755178180443763,-0.886169433594,-0.342346191406,0.0410766601562,0.309692382812,1572.0,-4236.0,-5980.0,25.0,23.0,-1.0,
1649755178191501855,-0.885192871094,-0.339721679688,0.0364990234375,0.315856933594,1487.0,-3921.0,-6104.0,11.0,21.0,4.0,
1649755178219752073,-0.87744140625,-0.335021972656,0.0255126953125,0.342346191406,1727.0,-4838.0,-5855.0,-3.0,2.0,-6.0,
1649755178222110748,-0.877380371094,-0.335327148438,0.0252685546875,0.342346191406,1760.0,-4947.0,-6007.0,0.0,1.0,-6.0,
1649755178233335733,-0.873840332031,-0.3310546875,0.0223999023438,0.355529785156,1295.0,-4881.0,-5804.0,17.0,13.0,4.0,
1649755178241804838,-0.868103027344,-0.324645996094,0.0233154296875,0.374877929688,1383.0,-3892.0,-5817.0,21.0,5.0,13.0,
1649755178258454322,-0.868286132812,-0.323852539062,0.0234985351562,0.375183105469,1370.0,-3827.0,-5977.0,13.0,5.0,15.0,
1649755178272376060,-0.868591308594,-0.322937011719,0.0235595703125,0.375183105469,1362.0,-3899.0,-6091.0,6.0,6.0,15.0,
1649755178283370733,-0.868957519531,-0.321960449219,0.0235595703125,0.375122070312,1366.0,-4113.0,-6167.0,2.0,7.0,15.0,
1649755178289425611,-0.870056152344,-0.317504882812,0.0228271484375,0.376403808594,1453.0,-5064.0,-6555.0,6.0,15.0,15.0,
1649755178293390035,-0.870239257812,-0.316284179688,0.0225219726562,0.377014160156,1484.0,-5076.0,-6582.0,9.0,16.0,15.0,
1649755178295704364,-0.867614746094,-0.306396484375,0.018798828125,0.391174316406,2175.0,-6372.0,-4302.0,12.0,11.0,3.0,
1649755178301747798,-0.866271972656,-0.306030273438,0.019287109375,0.394409179688,2086.0,-7140.0,-4577.0,12.0,0.0,-5.0,
1649755178303728103,-0.865661621094,-0.306335449219,0.0196533203125,0.3955078125,1933.0,-6834.0,-4816.0,14.0,-2.0,-7.0,
1649755178307553529,-0.865295410156,-0.306640625,0.0199584960938,0.396057128906,1784.0,-6347.0,-5122.0,14.0,-3.0,-6.0,
1649755178309870243,-0.865356445312,-0.30712890625,0.0198364257812,0.3955078125,1656.0,-5679.0,-5771.0,1.0,2.0,-4.0,
1649755178312132358,-0.865661621094,-0.307250976562,0.019287109375,0.394836425781,1667.0,-5582.0,-5923.0,-7.0,5.0,-4.0,
1649755178314420938,-0.865905761719,-0.307250976562,0.0186157226562,0.394287109375,1678.0,-5565.0,-5935.0,-9.0,8.0,-3.0,
1649755178316611051,-0.866088867188,-0.30712890625,0.0178833007812,0.394104003906,1687.0,-5619.0,-5852.0,-7.0,10.0,-2.0,
1649755178325239896,-0.865905761719,-0.306396484375,0.016845703125,0.395080566406,1616.0,-5775.0,-5416.0,6.0,11.0,1.0,
1649755178327229499,-0.865539550781,-0.305847167969,0.0166625976562,0.396301269531,1581.0,-5843.0,-5111.0,13.0,11.0,3.0,
1649755178343854904,-0.865051269531,-0.305236816406,0.0167236328125,0.397888183594,1565.0,-5893.0,-4798.0,19.0,10.0,4.0,
1649755178347680091,-0.862609863281,-0.302795410156,0.0184326171875,0.404846191406,1367.0,-5743.0,-4067.0,24.0,2.0,7.0,
1649755178401206016,-0.866027832031,-0.295349121094,0.0205078125,0.402893066406,1421.0,-5633.0,-4849.0,-30.0,1.0,11.0,
1649755178405045509,-0.866943359375,-0.294738769531,0.0203247070312,0.401489257812,1375.0,-5370.0,-4749.0,-29.0,-1.0,12.0,
1649755178408867835,-0.867919921875,-0.294067382812,0.0203247070312,0.399841308594,1305.0,-5067.0,-4769.0,-28.0,-3.0,14.0,
1649755178422691822,-0.868957519531,-0.293395996094,0.0204467773438,0.398010253906,1256.0,-4756.0,-4881.0,-28.0,-5.0,16.0,
1649755178424849987,-0.8701171875,-0.292602539062,0.0205688476562,0.396057128906,1237.0,-4443.0,-5037.0,-29.0,-5.0,18.0,
1649755178427001714,-0.872375488281,-0.290832519531,0.0208129882812,0.392395019531,1289.0,-3952.0,-5462.0,-21.0,-3.0,22.0,
1649755178432377815,-0.875183105469,-0.285217285156,0.0220336914062,0.390258789062,1625.0,-4348.0,-6699.0,10.0,8.0,30.0,
1649755178436826944,-0.87548828125,-0.283386230469,0.0223388671875,0.390869140625,1697.0,-4478.0,-6863.0,16.0,10.0,31.0,
1649755178458277463,-0.875915527344,-0.279724121094,0.0227661132812,0.392517089844,1824.0,-5139.0,-6597.0,14.0,11.0,28.0,
1649755178468728780,-0.876037597656,-0.278198242188,0.0227661132812,0.393249511719,1872.0,-5874.0,-6552.0,5.0,10.0,23.0,
1649755178557767391,-0.876770019531,-0.275512695312,0.0211181640625,0.393676757812,2259.0,-7752.0,-5911.0,-13.0,6.0,-3.0,
1649755178567590236,-0.876220703125,-0.275939941406,0.0196533203125,0.394653320312,2428.0,-7155.0,-5503.0,3.0,6.0,-8.0,
1649755178589318990,-0.874084472656,-0.276428222656,0.0189208984375,0.398986816406,2265.0,-6483.0,-5193.0,31.0,5.0,-3.0,
1649755178600615024,-0.873107910156,-0.276306152344,0.0191650390625,0.401184082031,2178.0,-6545.0,-5159.0,35.0,5.0,-2.0,
1649755178610018014,-0.8720703125,-0.276245117188,0.0194702148438,0.403625488281,2087.0,-6618.0,-5153.0,38.0,5.0,-3.0,
1649755178618901014,-0.870910644531,-0.276184082031,0.0198974609375,0.406127929688,1987.0,-6639.0,-5164.0,40.0,5.0,-3.0,
1649755178621064186,-0.869750976562,-0.276123046875,0.0203247070312,0.408508300781,1865.0,-6594.0,-5163.0,40.0,4.0,-4.0,
1649755178642666101,-0.86865234375,-0.276123046875,0.020751953125,0.410827636719,1740.0,-6508.0,-5156.0,40.0,4.0,-5.0,
1649755178651533842,-0.867553710938,-0.276184082031,0.0213012695312,0.4130859375,1629.0,-6386.0,-5158.0,40.0,3.0,-4.0,
1649755178661526679,-0.866516113281,-0.276123046875,0.0218505859375,0.415283203125,1530.0,-6242.0,-5143.0,41.0,3.0,-4.0,
1649755178663807630,-0.865417480469,-0.276123046875,0.0223999023438,0.41748046875,1437.0,-6083.0,-5143.0,41.0,3.0,-3.0,
1649755178671774864,-0.864440917969,-0.276000976562,0.0230102539062,0.419677734375,1354.0,-5931.0,-5214.0,41.0,3.0,-1.0,
1649755178685054302,-0.863464355469,-0.275817871094,0.023681640625,0.421752929688,1304.0,-5770.0,-5389.0,42.0,2.0,0.0,
1649755178693502426,-0.862548828125,-0.275573730469,0.0242919921875,0.423706054688,1281.0,-5625.0,-5566.0,42.0,3.0,2.0,
1649755178695626020,-0.861694335938,-0.275268554688,0.0248413085938,0.425537109375,1309.0,-5504.0,-5694.0,41.0,3.0,3.0,
1649755178703962326,-0.860961914062,-0.274963378906,0.0253295898438,0.42724609375,1377.0,-5368.0,-5685.0,37.0,4.0,4.0,
1649755178706071615,-0.860290527344,-0.274658203125,0.025634765625,0.428771972656,1454.0,-5178.0,-5516.0,33.0,4.0,5.0,
1649755178709980726,-0.856689453125,-0.271118164062,0.0306396484375,0.437805175781,1372.0,-6189.0,-4177.0,14.0,-6.0,5.0,
1649755178716036796,-0.856262207031,-0.270935058594,0.0315551757812,0.438659667969,1298.0,-6253.0,-4075.0,13.0,-8.0,4.0,
1649755178724374771,-0.85595703125,-0.270874023438,0.0324096679688,0.439331054688,1229.0,-6353.0,-3964.0,10.0,-9.0,3.0,
1649755178726889371,-0.855346679688,-0.270874023438,0.0341796875,0.440307617188,1065.0,-6599.0,-3612.0,4.0,-11.0,1.0,
1649755178735739469,-0.855041503906,-0.271057128906,0.0350952148438,0.440795898438,976.0,-6663.0,-3386.0,3.0,-12.0,-1.0,
1649755178737881422,-0.854675292969,-0.271240234375,0.0361328125,0.441223144531,914.0,-6680.0,-3243.0,3.0,-14.0,-1.0,
1649755178741765975,-0.854309082031,-0.271545410156,0.0372924804688,0.441711425781,865.0,-6671.0,-3175.0,5.0,-16.0,-1.0,
1649755178766290903,-0.853820800781,-0.271850585938,0.0385131835938,0.442321777344,775.0,-6631.0,-3157.0,9.0,-18.0,-1.0,
1649755178777791738,-0.849243164062,-0.273132324219,0.0482177734375,0.449401855469,399.0,-6561.0,-3713.0,53.0,-19.0,4.0,
1649755178779911994,-0.764343261719,-0.222717285156,0.117980957031,0.593505859375,-484.0,-7354.0,-2788.0,203.0,21.0,47.0,
1649755178787043809,-0.749084472656,-0.212524414062,0.126708984375,0.614501953125,-795.0,-8118.0,-2269.0,229.0,18.0,50.0,
1649755178789116859,-0.716979980469,-0.190673828125,0.145812988281,0.654479980469,-1114.0,-8113.0,-1522.0,220.0,13.0,60.0,
1649755178791346549,-0.700988769531,-0.179748535156,0.155334472656,0.672424316406,-1035.0,-7613.0,-1407.0,220.0,12.0,64.0,
1649755178795129060,-0.693237304688,-0.174377441406,0.159790039062,0.680847167969,-946.0,-7495.0,-1379.0,212.0,13.0,62.0,
1649755178797155618,-0.685668945312,-0.169372558594,0.163879394531,0.688720703125,-867.0,-7480.0,-1321.0,202.0,12.0,57.0,
1649755178799395084,-0.670837402344,-0.159912109375,0.171264648438,0.70361328125,-700.0,-7661.0,-983.0,191.0,12.0,51.0,
1649755178801196098,-0.663391113281,-0.155212402344,0.1748046875,0.710815429688,-606.0,-7809.0,-753.0,189.0,13.0,52.0,
1649755178811867237,-0.641967773438,-0.140869140625,0.185180664062,0.730529785156,-222.0,-8059.0,-340.0,170.0,14.0,58.0,
1649755178818007230,-0.6357421875,-0.136291503906,0.188415527344,0.736022949219,-120.0,-8047.0,-223.0,156.0,14.0,58.0,
1649755178822275161,-0.630065917969,-0.131958007812,0.19140625,0.740905761719,-48.0,-8037.0,-99.0,142.0,15.0,56.0,
1649755178826511144,-0.620361328125,-0.1240234375,0.196594238281,0.749084472656,51.0,-8203.0,189.0,115.0,15.0,50.0,
1649755178828572273,-0.616088867188,-0.120422363281,0.19873046875,0.752563476562,74.0,-8464.0,371.0,106.0,15.0,45.0,
1649755178830665111,-0.611999511719,-0.117065429688,0.20068359375,0.755981445312,98.0,-8841.0,543.0,102.0,15.0,41.0,
1649755178839663982,-0.599609375,-0.10791015625,0.205139160156,0.765991210938,191.0,-10463.0,1186.0,106.0,17.0,31.0,
1649755178841960430,-0.589782714844,-0.101745605469,0.207214355469,0.773864746094,172.0,-11091.0,1604.0,117.0,20.0,25.0,
1649755178851353168,-0.584716796875,-0.0985717773438,0.208251953125,0.77783203125,134.0,-11101.0,1756.0,119.0,21.0,25.0,
1649755178863906383,-0.57958984375,-0.0953369140625,0.209289550781,0.781799316406,110.0,-10933.0,1887.0,119.0,20.0,26.0,
1649755178870040893,-0.574523925781,-0.0921630859375,0.210388183594,0.785583496094,101.0,-10628.0,1995.0,116.0,19.0,26.0,
1649755178872213602,-0.569702148438,-0.0892333984375,0.21142578125,0.789123535156,101.0,-10261.0,2113.0,108.0,18.0,25.0,
1649755178874305486,-0.565307617188,-0.0866088867188,0.212280273438,0.792358398438,112.0,-9908.0,2220.0,99.0,16.0,22.0,
1649755178880167245,-0.561218261719,-0.0842895507812,0.213012695312,0.795349121094,130.0,-9615.0,2321.0,89.0,14.0,18.0,
1649755178882285356,-0.554077148438,-0.0806884765625,0.2138671875,0.800415039062,138.0,-9252.0,2572.0,73.0,11.0,10.0,
1649755178884488821,-0.550964355469,-0.0792236328125,0.214111328125,0.802673339844,114.0,-9132.0,2729.0,67.0,10.0,7.0,
1649755178891953468,-0.5419921875,-0.0756225585938,0.214477539062,0.809020996094,64.0,-8764.0,3048.0,62.0,7.0,4.0,
1649755178894024133,-0.535949707031,-0.0734252929688,0.21484375,0.813110351562,32.0,-8466.0,3348.0,61.0,5.0,4.0,
1649755178902801513,-0.532836914062,-0.0724487304688,0.215026855469,0.815185546875,-16.0,-8248.0,3526.0,60.0,4.0,2.0,
1649755178910645961,-0.526733398438,-0.0706787109375,0.215454101562,0.819213867188,-154.0,-7747.0,3849.0,55.0,2.0,1.0,
1649755178912792682,-0.523864746094,-0.0700073242188,0.215698242188,0.821044921875,-205.0,-7549.0,3962.0,51.0,0.0,0.0,
1649755178914877176,-0.521118164062,-0.0694580078125,0.216003417969,0.82275390625,-248.0,-7433.0,4050.0,48.0,-2.0,0.0,
1649755178918935775,-0.518615722656,-0.069091796875,0.216247558594,0.824340820312,-280.0,-7411.0,4106.0,45.0,-4.0,-1.0,
1649755178922546148,-0.51611328125,-0.0689086914062,0.216491699219,0.825805664062,-300.0,-7467.0,4159.0,44.0,-5.0,-2.0,
1649755178935091018,-0.513488769531,-0.0687255859375,0.216674804688,0.827392578125,-304.0,-7584.0,4216.0,47.0,-6.0,-3.0,
1649755178937174797,-0.510681152344,-0.068603515625,0.216918945312,0.8291015625,-307.0,-7729.0,4262.0,53.0,-7.0,-3.0,
1649755178946396112,-0.507568359375,-0.0682983398438,0.217224121094,0.830932617188,-306.0,-7862.0,4320.0,59.0,-7.0,-2.0,
1649755178954219579,-0.504211425781,-0.06787109375,0.217712402344,0.832885742188,-325.0,-7945.0,4373.0,63.0,-7.0,1.0,
1649755178958143234,-0.500732421875,-0.0673217773438,0.21826171875,0.834899902344,-352.0,-7923.0,4416.0,67.0,-6.0,3.0,
1649755178962103605,-0.497131347656,-0.0665893554688,0.218933105469,0.836975097656,-384.0,-7805.0,4460.0,68.0,-6.0,5.0,
1649755178977023124,-0.493469238281,-0.0658569335938,0.219543457031,0.838989257812,-426.0,-7628.0,4505.0,67.0,-5.0,4.0,
1649755178979256153,-0.489929199219,-0.065185546875,0.220092773438,0.841003417969,-455.0,-7453.0,4533.0,65.0,-6.0,2.0,
1649755178985473394,-0.486572265625,-0.0646362304688,0.220520019531,0.842834472656,-470.0,-7297.0,4521.0,61.0,-6.0,0.0,
1649755178987645387,-0.4833984375,-0.0642700195312,0.220886230469,0.844604492188,-465.0,-7159.0,4459.0,56.0,-7.0,-2.0,
1649755178989686965,-0.480651855469,-0.0640258789062,0.221069335938,0.84619140625,-446.0,-7046.0,4389.0,51.0,-7.0,-3.0,
1649755178998282909,-0.475891113281,-0.0637817382812,0.221435546875,0.848754882812,-391.0,-6938.0,4277.0,41.0,-6.0,-3.0,
1649755179000478029,-0.473815917969,-0.063720703125,0.221557617188,0.849853515625,-363.0,-6903.0,4223.0,38.0,-6.0,-2.0,
1649755179005965471,-0.471923828125,-0.0636596679688,0.2216796875,0.850952148438,-351.0,-6873.0,4194.0,36.0,-5.0,-2.0,
1649755179011612892,-0.470031738281,-0.0635375976562,0.221740722656,0.851928710938,-350.0,-6824.0,4152.0,35.0,-4.0,-2.0,
1649755179015326976,-0.468322753906,-0.0632934570312,0.221801757812,0.852905273438,-361.0,-6767.0,4124.0,34.0,-3.0,-2.0,
1649755179017400979,-0.466674804688,-0.0631103515625,0.221923828125,0.853820800781,-386.0,-6709.0,4102.0,31.0,-2.0,-1.0,
1649755179019561290,-0.465148925781,-0.0628051757812,0.221984863281,0.854614257812,-416.0,-6626.0,4104.0,29.0,-2.0,-1.0,
1649755179040315866,-0.463684082031,-0.0625,0.222106933594,0.855407714844,-461.0,-6555.0,4166.0,27.0,-1.0,-1.0,
1649755179042401075,-0.462280273438,-0.0621948242188,0.22216796875,0.856201171875,-496.0,-6474.0,4195.0,26.0,-1.0,-1.0,
1649755179048371553,-0.4609375,-0.0619506835938,0.222229003906,0.85693359375,-531.0,-6424.0,4249.0,25.0,-1.0,-2.0,
1649755179052827596,-0.459594726562,-0.0616455078125,0.222229003906,0.857666015625,-561.0,-6379.0,4304.0,23.0,-1.0,-2.0,
1649755179071474313,-0.458374023438,-0.0614013671875,0.222229003906,0.858337402344,-596.0,-6333.0,4376.0,22.0,-1.0,-2.0,
1649755179073628187,-0.457153320312,-0.0611572265625,0.222229003906,0.859008789062,-630.0,-6267.0,4443.0,21.0,0.0,-2.0,
1649755179077523708,-0.455993652344,-0.0608520507812,0.222290039062,0.859619140625,-663.0,-6210.0,4520.0,19.0,-1.0,-2.0,
1649755179083629846,-0.454895019531,-0.0606079101562,0.222290039062,0.860229492188,-694.0,-6178.0,4599.0,18.0,-1.0,-2.0,
1649755179105814695,-0.453857421875,-0.0604248046875,0.222351074219,0.860717773438,-714.0,-6186.0,4669.0,16.0,-1.0,-2.0,
1649755179137051820,-0.452880859375,-0.060302734375,0.222351074219,0.861267089844,-716.0,-6250.0,4710.0,16.0,-2.0,-3.0,
1649755179144819498,-0.452026367188,-0.0602416992188,0.222290039062,0.861755371094,-714.0,-6343.0,4760.0,15.0,-2.0,-3.0,
1649755179146767139,-0.451110839844,-0.0601806640625,0.22216796875,0.862243652344,-713.0,-6434.0,4801.0,15.0,-1.0,-4.0,
1649755179154683828,-0.4501953125,-0.0601196289062,0.222106933594,0.862731933594,-723.0,-6506.0,4867.0,16.0,-1.0,-4.0,
1649755179156921148,-0.44921875,-0.0599365234375,0.222045898438,0.86328125,-739.0,-6541.0,4946.0,18.0,-1.0,-3.0,
1649755179168145895,-0.448059082031,-0.0597534179688,0.222045898438,0.863891601562,-756.0,-6574.0,5037.0,19.0,-1.0,-3.0,
1649755179177170753,-0.445617675781,-0.0592651367188,0.222045898438,0.865234375,-779.0,-6671.0,5136.0,22.0,-1.0,-2.0,
1649755179205730915,-0.444274902344,-0.0589599609375,0.222106933594,0.865905761719,-779.0,-6730.0,5159.0,24.0,-1.0,-2.0,
1649755179207847356,-0.44287109375,-0.05859375,0.222106933594,0.866638183594,-772.0,-6754.0,5180.0,27.0,0.0,-1.0,
1649755179209903478,-0.441345214844,-0.0582275390625,0.22216796875,0.867431640625,-773.0,-6728.0,5210.0,28.0,0.0,-1.0,
1649755179218293190,-0.439697265625,-0.0577392578125,0.222229003906,0.868286132812,-782.0,-6661.0,5259.0,29.0,1.0,-1.0,
1649755179224481582,-0.438049316406,-0.0572509765625,0.222351074219,0.869079589844,-797.0,-6571.0,5306.0,29.0,1.0,0.0,
1649755179228209257,-0.436462402344,-0.0567626953125,0.222534179688,0.869934082031,-812.0,-6488.0,5316.0,28.0,0.0,0.0,
1649755179240228652,-0.434936523438,-0.0562744140625,0.22265625,0.870666503906,-826.0,-6408.0,5298.0,26.0,0.0,1.0,
1649755179242336988,-0.433471679688,-0.0558471679688,0.222839355469,0.871337890625,-827.0,-6332.0,5257.0,25.0,0.0,1.0,
1649755179248731374,-0.432189941406,-0.055419921875,0.222961425781,0.872009277344,-835.0,-6252.0,5230.0,23.0,0.0,0.0,
1649755179262810468,-0.430969238281,-0.0550537109375,0.223022460938,0.872619628906,-839.0,-6176.0,5185.0,21.0,0.0,0.0,
1649755179271610021,-0.428833007812,-0.054443359375,0.22314453125,0.873657226562,-834.0,-6132.0,5150.0,19.0,0.0,-1.0,
1649755179273950099,-0.427734375,-0.0541381835938,0.22314453125,0.874206542969,-830.0,-6146.0,5159.0,19.0,0.0,-1.0,
1649755179277684450,-0.426635742188,-0.0538330078125,0.223205566406,0.874755859375,-838.0,-6152.0,5162.0,20.0,0.0,-1.0,
1649755179281804800,-0.425537109375,-0.053466796875,0.223266601562,0.875305175781,-860.0,-6130.0,5171.0,20.0,1.0,-1.0,
1649755179287480592,-0.422668457031,-0.05224609375,0.2236328125,0.876708984375,-906.0,-5948.0,5266.0,15.0,1.0,3.0,
1649755179291370153,-0.421936035156,-0.0518798828125,0.223937988281,0.877014160156,-911.0,-5956.0,5308.0,11.0,0.0,4.0,
1649755179293306350,-0.42138671875,-0.0516357421875,0.22412109375,0.877197265625,-915.0,-5993.0,5362.0,8.0,-1.0,2.0,
1649755179299073696,-0.420959472656,-0.051513671875,0.224243164062,0.877380371094,-921.0,-6030.0,5409.0,6.0,-1.0,0.0,
1649755179301275253,-0.420166015625,-0.051513671875,0.224182128906,0.877807617188,-995.0,-5971.0,5621.0,-3.0,-2.0,-2.0,
1649755179303316831,-0.419494628906,-0.0524291992188,0.224548339844,0.877990722656,-1028.0,-6382.0,5840.0,6.0,-4.0,-1.0,
1649755179305454015,-0.418884277344,-0.0524291992188,0.224670410156,0.878234863281,-1046.0,-6347.0,5841.0,8.0,-4.0,-1.0,
1649755179312188148,-0.418212890625,-0.0524291992188,0.224853515625,0.878479003906,-1059.0,-6278.0,5826.0,9.0,-4.0,0.0,
1649755179323688745,-0.417541503906,-0.0524291992188,0.22509765625,0.878784179688,-1065.0,-6181.0,5811.0,10.0,-5.0,0.0,
1649755179325844764,-0.416809082031,-0.0524291992188,0.225341796875,0.879028320312,-1063.0,-6081.0,5809.0,9.0,-5.0,0.0,
1649755179329460382,-0.416137695312,-0.052490234375,0.2255859375,0.879272460938,-1059.0,-6010.0,5795.0,8.0,-6.0,0.0,
1649755179333171129,-0.415588378906,-0.0526123046875,0.225769042969,0.879455566406,-1042.0,-5968.0,5782.0,6.0,-6.0,0.0,
1649755179335498094,-0.41455078125,-0.0533447265625,0.226379394531,0.879760742188,-992.0,-5927.0,5695.0,1.0,-7.0,-1.0,
1649755179342890262,-0.414184570312,-0.0543212890625,0.226928710938,0.879760742188,-937.0,-6015.0,5725.0,-1.0,-7.0,-1.0,
1649755179351114273,-0.413269042969,-0.0552978515625,0.227416992188,0.880004882812,-944.0,-6303.0,5892.0,4.0,-7.0,-1.0,
1649755179355270862,-0.412719726562,-0.0554809570312,0.227600097656,0.880187988281,-954.0,-6349.0,5947.0,7.0,-7.0,-1.0,
1649755179357418775,-0.412048339844,-0.0556640625,0.227844238281,0.880432128906,-960.0,-6355.0,5989.0,9.0,-7.0,-1.0,
1649755179365586280,-0.411254882812,-0.0557861328125,0.228088378906,0.880737304688,-962.0,-6357.0,6009.0,11.0,-7.0,0.0,
1649755179367629766,-0.410400390625,-0.0559692382812,0.228332519531,0.881042480469,-958.0,-6361.0,6010.0,12.0,-8.0,0.0,
1649755179371430158,-0.408630371094,-0.0562744140625,0.228820800781,0.881713867188,-931.0,-6297.0,5969.0,13.0,-8.0,-1.0,
1649755179376039505,-0.407775878906,-0.0564575195312,0.229064941406,0.882080078125,-912.0,-6212.0,5941.0,13.0,-8.0,0.0,
1649755179377962827,-0.406799316406,-0.0565185546875,0.229370117188,0.882446289062,-880.0,-6017.0,5747.0,14.0,-7.0,1.0,
1649755179381962299,-0.405944824219,-0.0564575195312,0.229736328125,0.882690429688,-872.0,-5758.0,5555.0,13.0,-5.0,3.0,
1649755179388350963,-0.404602050781,-0.0560913085938,0.230712890625,0.883117675781,-867.0,-5304.0,5248.0,7.0,-4.0,6.0,
1649755179392256021,-0.404418945312,-0.0560913085938,0.231079101562,0.883056640625,-850.0,-5257.0,5142.0,0.0,-4.0,4.0,
1649755179396200418,-0.404724121094,-0.0562744140625,0.231262207031,0.882873535156,-840.0,-5303.0,5067.0,-7.0,-4.0,2.0,
1649755179398348093,-0.405334472656,-0.0565795898438,0.231384277344,0.882568359375,-834.0,-5369.0,5038.0,-11.0,-4.0,0.0,
1649755179400459289,-0.406005859375,-0.0568237304688,0.2314453125,0.882202148438,-847.0,-5444.0,5044.0,-13.0,-3.0,1.0,
1649755179406172990,-0.406677246094,-0.0569458007812,0.231628417969,0.881896972656,-866.0,-5557.0,5076.0,-12.0,-2.0,2.0,
1649755179410124063,-0.4072265625,-0.0570678710938,0.231811523438,0.881530761719,-867.0,-5752.0,5143.0,-10.0,-2.0,3.0,
1649755179428310871,-0.407592773438,-0.05712890625,0.231994628906,0.88134765625,-854.0,-6010.0,5252.0,-6.0,-2.0,3.0,
1649755179430405378,-0.407592773438,-0.05712890625,0.232116699219,0.881286621094,-833.0,-6273.0,5393.0,1.0,-1.0,2.0,
1649755179439367771,-0.407287597656,-0.0570678710938,0.232238769531,0.881408691406,-820.0,-6488.0,5542.0,7.0,0.0,1.0,
1649755179452087402,-0.406616210938,-0.0567626953125,0.232299804688,0.881713867188,-816.0,-6627.0,5709.0,14.0,1.0,2.0,
1649755179455844640,-0.405578613281,-0.0563354492188,0.232482910156,0.882141113281,-828.0,-6677.0,5868.0,19.0,1.0,2.0,
1649755179459799289,-0.404357910156,-0.0557861328125,0.232727050781,0.882690429688,-840.0,-6642.0,6002.0,22.0,2.0,3.0,
1649755179462154150,-0.403015136719,-0.0552368164062,0.232971191406,0.88330078125,-840.0,-6561.0,6070.0,22.0,1.0,4.0,
1649755179484475851,-0.401733398438,-0.0546875,0.233276367188,0.883850097656,-841.0,-6487.0,6157.0,22.0,1.0,4.0,
1649755179490182161,-0.400512695312,-0.0542602539062,0.233581542969,0.884338378906,-836.0,-6432.0,6207.0,20.0,0.0,4.0,
1649755179494059324,-0.399475097656,-0.053955078125,0.23388671875,0.884765625,-826.0,-6426.0,6270.0,17.0,-1.0,3.0,
1649755179501765012,-0.398498535156,-0.0537109375,0.234191894531,0.885131835938,-801.0,-6456.0,6290.0,15.0,-2.0,3.0,
1649755179503803253,-0.397644042969,-0.0535278320312,0.234497070312,0.885437011719,-755.0,-6505.0,6257.0,14.0,-3.0,3.0,
1649755179511997222,-0.396850585938,-0.0534057617188,0.234741210938,0.8857421875,-698.0,-6513.0,6141.0,15.0,-3.0,4.0,
1649755179514335632,-0.39599609375,-0.0532836914062,0.235046386719,0.886047363281,-637.0,-6430.0,5980.0,16.0,-2.0,4.0,
1649755179522361278,-0.395141601562,-0.052978515625,0.235290527344,0.886352539062,-574.0,-6267.0,5812.0,17.0,-1.0,4.0,
1649755179524474382,-0.394226074219,-0.0526733398438,0.235595703125,0.88671875,-527.0,-6073.0,5648.0,17.0,0.0,5.0,
1649755179533229112,-0.393310546875,-0.0523071289062,0.235778808594,0.887084960938,-489.0,-5919.0,5505.0,16.0,1.0,4.0,
1649755179535447835,-0.392578125,-0.052001953125,0.235961914062,0.887390136719,-452.0,-5844.0,5364.0,13.0,1.0,3.0,
1649755179544808387,-0.39208984375,-0.0518188476562,0.235961914062,0.887634277344,-422.0,-5784.0,5220.0,11.0,2.0,1.0,
1649755179553410053,-0.391845703125,-0.0516357421875,0.235900878906,0.887756347656,-417.0,-5678.0,5105.0,7.0,3.0,0.0,
1649755179555552959,-0.391784667969,-0.0513916015625,0.235778808594,0.887817382812,-456.0,-5495.0,5079.0,2.0,4.0,0.0,
1649755179557605028,-0.391967773438,-0.0511474609375,0.235717773438,0.887756347656,-532.0,-5316.0,5139.0,-4.0,4.0,0.0,
1649755179561117887,-0.392333984375,-0.051025390625,0.235778808594,0.887573242188,-623.0,-5235.0,5297.0,-11.0,2.0,1.0,
1649755179566693305,-0.393005371094,-0.0510864257812,0.235778808594,0.887268066406,-706.0,-5272.0,5509.0,-17.0,0.0,0.0,
1649755179577639341,-0.393859863281,-0.0513305664062,0.23583984375,0.886901855469,-781.0,-5378.0,5764.0,-20.0,-2.0,-1.0,
1649755179581995010,-0.394653320312,-0.0516967773438,0.235778808594,0.886535644531,-838.0,-5530.0,6004.0,-20.0,-3.0,-2.0,
1649755179592117786,-0.395263671875,-0.0520629882812,0.23583984375,0.88623046875,-871.0,-5743.0,6200.0,-17.0,-4.0,-2.0,
1649755179596222639,-0.395751953125,-0.0524291992188,0.235900878906,0.885986328125,-881.0,-5970.0,6310.0,-12.0,-5.0,-1.0,
1649755179602603673,-0.39599609375,-0.0527954101562,0.235961914062,0.885803222656,-871.0,-6164.0,6343.0,-8.0,-5.0,-1.0,
1649755179606512546,-0.395935058594,-0.0533447265625,0.236145019531,0.885803222656,-826.0,-6253.0,6313.0,2.0,-5.0,0.0,
1649755179618653297,-0.395568847656,-0.0535278320312,0.236267089844,0.885864257812,-808.0,-6213.0,6290.0,4.0,-5.0,0.0,
1649755179620502948,-0.395141601562,-0.0536499023438,0.236450195312,0.886047363281,-807.0,-6187.0,6269.0,4.0,-5.0,0.0,
1649755179626866340,-0.394775390625,-0.0538940429688,0.236572265625,0.886108398438,-807.0,-6175.0,6237.0,3.0,-6.0,-1.0,
1649755179630640268,-0.394287109375,-0.0543823242188,0.236755371094,0.886291503906,-823.0,-6121.0,6185.0,1.0,-6.0,-2.0,
1649755179637546777,-0.393798828125,-0.054931640625,0.237060546875,0.886352539062,-843.0,-5996.0,6056.0,1.0,-6.0,-1.0,
1649755179639665365,-0.393615722656,-0.0551147460938,0.237182617188,0.886413574219,-834.0,-5838.0,5837.0,2.0,-6.0,0.0,
1649755179646174669,-0.393371582031,-0.0551147460938,0.237426757812,0.886474609375,-864.0,-5595.0,5682.0,4.0,-3.0,2.0,
1649755179648269891,-0.39306640625,-0.0548706054688,0.237731933594,0.886535644531,-930.0,-5375.0,5615.0,3.0,-2.0,3.0,
1649755179658200263,-0.392883300781,-0.0546875,0.238037109375,0.886535644531,-1001.0,-5278.0,5567.0,-1.0,-2.0,3.0,
1649755179662112474,-0.393493652344,-0.0547485351562,0.238403320312,0.886169433594,-1104.0,-5454.0,5535.0,-8.0,-3.0,0.0,
1649755179670664787,-0.393920898438,-0.0548706054688,0.238464355469,0.885925292969,-1130.0,-5612.0,5535.0,-7.0,-3.0,0.0,
1649755179676103353,-0.394226074219,-0.054931640625,0.238586425781,0.8857421875,-1164.0,-5736.0,5536.0,-5.0,-2.0,0.0,
1649755179682049512,-0.394470214844,-0.0548706054688,0.238708496094,0.885620117188,-1193.0,-5799.0,5542.0,-3.0,-2.0,1.0,
1649755179701293706,-0.394653320312,-0.0548095703125,0.238891601562,0.885498046875,-1222.0,-5791.0,5565.0,-3.0,-1.0,1.0,
1649755179703497409,-0.394836425781,-0.0547485351562,0.239074707031,0.885375976562,-1242.0,-5744.0,5617.0,-4.0,-2.0,2.0,
1649755179711337327,-0.395141601562,-0.0546875,0.239379882812,0.885192871094,-1255.0,-5718.0,5685.0,-7.0,-2.0,2.0,
1649755179717994689,-0.396240234375,-0.0550537109375,0.239868164062,0.884521484375,-1245.0,-5890.0,5817.0,-15.0,-4.0,2.0,
1649755179720629215,-0.397033691406,-0.055419921875,0.239990234375,0.884094238281,-1208.0,-6070.0,5856.0,-16.0,-5.0,1.0,
1649755179734354019,-0.397888183594,-0.0558471679688,0.240112304688,0.883666992188,-1159.0,-6280.0,5927.0,-16.0,-5.0,0.0,
1649755179742624759,-0.398742675781,-0.0564575195312,0.240051269531,0.883239746094,-1103.0,-6528.0,6105.0,-16.0,-6.0,-2.0,
1649755179744795799,-0.399475097656,-0.0571899414062,0.239990234375,0.882873535156,-1034.0,-6824.0,6257.0,-16.0,-7.0,-4.0,
1649755179754075288,-0.400268554688,-0.0580444335938,0.23974609375,0.882568359375,-968.0,-7081.0,6348.0,-16.0,-8.0,-6.0,
1649755179756148338,-0.40087890625,-0.058837890625,0.239501953125,0.88232421875,-928.0,-7229.0,6437.0,-12.0,-8.0,-7.0,
1649755179759958982,-0.401123046875,-0.0595092773438,0.239318847656,0.882202148438,-901.0,-7251.0,6546.0,-6.0,-7.0,-6.0,
1649755179776928186,-0.40087890625,-0.0599365234375,0.2392578125,0.882263183594,-868.0,-7146.0,6478.0,1.0,-7.0,-4.0,
1649755179784709453,-0.400329589844,-0.0602416992188,0.239318847656,0.882446289062,-824.0,-6907.0,6252.0,7.0,-6.0,-2.0,
1649755179786816596,-0.399658203125,-0.0602416992188,0.239440917969,0.882751464844,-786.0,-6547.0,6003.0,12.0,-4.0,-1.0,
1649755179791213750,-0.398864746094,-0.0601196289062,0.239624023438,0.883056640625,-760.0,-6147.0,5754.0,12.0,-2.0,0.0,
1649755179806665897,-0.398132324219,-0.06005859375,0.239807128906,0.883361816406,-720.0,-5594.0,5332.0,1.0,-2.0,0.0,
1649755179812503576,-0.398315429688,-0.0601196289062,0.239807128906,0.883239746094,-714.0,-5509.0,5211.0,-5.0,-2.0,-1.0,
1649755179815222501,-0.398681640625,-0.0602416992188,0.239807128906,0.883117675781,-729.0,-5480.0,5184.0,-7.0,-1.0,-1.0,
1649755179817489624,-0.399108886719,-0.0603637695312,0.23974609375,0.882934570312,-753.0,-5490.0,5217.0,-9.0,-1.0,-1.0,
1649755179819569349,-0.399597167969,-0.0604248046875,0.239685058594,0.882690429688,-789.0,-5498.0,5271.0,-10.0,0.0,-1.0,
1649755179829805135,-0.400146484375,-0.060546875,0.239624023438,0.882507324219,-831.0,-5470.0,5345.0,-12.0,0.0,-1.0,
1649755179833554744,-0.400695800781,-0.0606079101562,0.239624023438,0.882202148438,-867.0,-5412.0,5432.0,-14.0,0.0,0.0,
1649755179837866306,-0.4013671875,-0.0607299804688,0.23974609375,0.881896972656,-894.0,-5391.0,5511.0,-16.0,-1.0,1.0,
1649755179839766263,-0.402221679688,-0.0609130859375,0.239868164062,0.881408691406,-912.0,-5439.0,5606.0,-19.0,-3.0,2.0,
1649755179847501039,-0.404113769531,-0.0616455078125,0.240173339844,0.880432128906,-904.0,-5678.0,5771.0,-21.0,-4.0,1.0,
1649755179849639654,-0.405944824219,-0.0625,0.240478515625,0.879455566406,-887.0,-5975.0,5876.0,-18.0,-5.0,1.0,
1649755179851727962,-0.406677246094,-0.0629272460938,0.240661621094,0.879028320312,-881.0,-6094.0,5922.0,-17.0,-5.0,1.0,
1649755179857534408,-0.409851074219,-0.0651245117188,0.241516113281,0.877136230469,-794.0,-6361.0,6186.0,-23.0,-10.0,0.0,
1649755179865362405,-0.410888671875,-0.066162109375,0.241577148438,0.876586914062,-719.0,-6578.0,6257.0,-24.0,-11.0,-2.0,
1649755179869546413,-0.411865234375,-0.0673217773438,0.241577148438,0.876037597656,-632.0,-6875.0,6327.0,-23.0,-13.0,-4.0,
1649755179871635675,-0.412719726562,-0.0686645507812,0.241455078125,0.875549316406,-550.0,-7176.0,6371.0,-20.0,-14.0,-6.0,
1649755179875419378,-0.413452148438,-0.0700073242188,0.241149902344,0.875183105469,-487.0,-7396.0,6406.0,-16.0,-14.0,-9.0,
1649755179879095077,-0.414184570312,-0.0723876953125,0.240661621094,0.874816894531,-468.0,-7455.0,6453.0,-8.0,-13.0,-9.0,
1649755179889734745,-0.413818359375,-0.0731811523438,0.240661621094,0.874877929688,-464.0,-7238.0,6066.0,0.0,-13.0,-7.0,
1649755179893460035,-0.413330078125,-0.0735473632812,0.240783691406,0.875061035156,-499.0,-6736.0,5543.0,9.0,-9.0,-2.0,
1649755179899321556,-0.412536621094,-0.0731811523438,0.241149902344,0.875366210938,-606.0,-5915.0,5146.0,17.0,-2.0,5.0,
1649755179901570796,-0.411376953125,-0.0723266601562,0.242004394531,0.875732421875,-720.0,-5049.0,4921.0,18.0,1.0,11.0,
1649755179907055854,-0.410522460938,-0.071533203125,0.242919921875,0.8759765625,-795.0,-4491.0,4777.0,8.0,-1.0,12.0,
1649755179911092758,-0.410461425781,-0.0712890625,0.243591308594,0.875793457031,-823.0,-4456.0,4739.0,-7.0,-4.0,9.0,
1649755179913432598,-0.413391113281,-0.07275390625,0.243347167969,0.874389648438,-801.0,-6107.0,4923.0,-14.0,-3.0,-6.0,
1649755179917602539,-0.414428710938,-0.072998046875,0.24267578125,0.874084472656,-845.0,-6792.0,5028.0,2.0,2.0,-3.0,
1649755179934764623,-0.414245605469,-0.0726318359375,0.242614746094,0.874206542969,-875.0,-6775.0,5066.0,8.0,4.0,0.0,
1649755179938639402,-0.413879394531,-0.0720825195312,0.242736816406,0.874389648438,-885.0,-6624.0,5106.0,10.0,4.0,3.0,
1649755179942409038,-0.413452148438,-0.0712280273438,0.243041992188,0.874572753906,-882.0,-6362.0,5201.0,0.0,2.0,2.0,
1649755179946361541,-0.413757324219,-0.0712280273438,0.242980957031,0.874450683594,-859.0,-6337.0,5215.0,-7.0,1.0,-1.0,
1649755179952446937,-0.414489746094,-0.0713500976562,0.242797851562,0.874145507812,-836.0,-6363.0,5240.0,-13.0,1.0,-3.0,
1649755179963818788,-0.415344238281,-0.0716552734375,0.242492675781,0.873779296875,-806.0,-6404.0,5242.0,-17.0,0.0,-4.0,
1649755179966054439,-0.416381835938,-0.0719604492188,0.2421875,0.873352050781,-770.0,-6460.0,5241.0,-18.0,0.0,-5.0,
1649755179970089912,-0.417358398438,-0.0723266601562,0.241821289062,0.872985839844,-722.0,-6515.0,5218.0,-19.0,0.0,-5.0,
1649755179973868608,-0.41845703125,-0.0726928710938,0.241394042969,0.872497558594,-662.0,-6553.0,5194.0,-19.0,1.0,-6.0,
1649755180302805662,-0.420776367188,-0.0736083984375,0.240478515625,0.87158203125,-562.0,-6566.0,5271.0,-23.0,1.0,-6.0,
1649755180303511857,-0.422058105469,-0.0741577148438,0.239990234375,0.871032714844,-505.0,-6595.0,5337.0,-25.0,0.0,-6.0,
1649755180304007530,-0.42333984375,-0.0747680664062,0.239501953125,0.870483398438,-445.0,-6665.0,5416.0,-26.0,0.0,-7.0,
1649755180304407596,-0.424621582031,-0.075439453125,0.238952636719,0.869995117188,-383.0,-6765.0,5427.0,-26.0,-1.0,-8.0,
1649755180304795503,-0.425903320312,-0.0761108398438,0.23828125,0.869445800781,-331.0,-6888.0,5429.0,-25.0,0.0,-9.0,
1649755180436962366,-0.427062988281,-0.0767822265625,0.237609863281,0.869018554688,-293.0,-6967.0,5363.0,-22.0,0.0,-10.0,
1649755180503195285,-0.428161621094,-0.0773315429688,0.236938476562,0.86865234375,-286.0,-6953.0,5295.0,-19.0,1.0,-10.0,
1649755180573470830,-0.429016113281,-0.0776977539062,0.236328125,0.868347167969,-310.0,-6821.0,5259.0,-15.0,3.0,-8.0,
1649755180575515031,-0.429626464844,-0.0778198242188,0.235900878906,0.8681640625,-348.0,-6633.0,5249.0,-12.0,3.0,-6.0,
1649755180581767797,-0.429992675781,-0.0778198242188,0.235595703125,0.868041992188,-381.0,-6485.0,5230.0,-10.0,3.0,-4.0,
1649755180583898305,-0.430480957031,-0.0779418945312,0.235290527344,0.867919921875,-416.0,-6408.0,5192.0,-10.0,2.0,-5.0,
1649755180597422838,-0.430969238281,-0.0780639648438,0.23486328125,0.867736816406,-452.0,-6384.0,5161.0,-11.0,2.0,-6.0,
1649755180605191230,-0.431579589844,-0.0782470703125,0.234313964844,0.867553710938,-482.0,-6387.0,5132.0,-11.0,2.0,-8.0,
1649755180607883214,-0.43212890625,-0.0784301757812,0.233825683594,0.867431640625,-514.0,-6408.0,5120.0,-11.0,2.0,-8.0,
1649755180610466241,-0.432678222656,-0.07861328125,0.233337402344,0.867248535156,-542.0,-6408.0,5114.0,-11.0,2.0,-8.0,
1649755180614290952,-0.433227539062,-0.0787963867188,0.232849121094,0.867065429688,-557.0,-6367.0,5084.0,-11.0,2.0,-7.0,
1649755180621658086,-0.433715820312,-0.078857421875,0.232482910156,0.866943359375,-569.0,-6252.0,5049.0,-10.0,2.0,-6.0,
1649755180647387981,-0.434265136719,-0.0789794921875,0.232116699219,0.866760253906,-591.0,-6106.0,5063.0,-12.0,2.0,-5.0,
1649755180649351358,-0.434875488281,-0.0790405273438,0.231811523438,0.866516113281,-626.0,-5996.0,5114.0,-14.0,2.0,-5.0,
1649755180653137922,-0.435607910156,-0.0792846679688,0.231506347656,0.8662109375,-660.0,-5984.0,5176.0,-18.0,0.0,-5.0,
1649755180678301334,-0.436584472656,-0.0796508789062,0.231201171875,0.865783691406,-680.0,-6055.0,5200.0,-23.0,-1.0,-6.0,
1649755180687983036,-0.437805175781,-0.0801391601562,0.230773925781,0.865234375,-679.0,-6162.0,5192.0,-25.0,-1.0,-7.0,
