1645543605874296903,-0.5126953125,-0.522705078125,0.273010253906,0.624084472656,4244.0,-7898.0,-456.0,10.0,13.0,-1.0,
1645543605878268480,-0.512329101562,-0.522094726562,0.272766113281,0.624938964844,4251.0,-7940.0,-407.0,9.0,13.0,-1.0,
1645543605882929801,-0.511962890625,-0.521484375,0.2724609375,0.625854492188,4251.0,-7989.0,-372.0,9.0,13.0,-2.0,
1645543605887269020,-0.511657714844,-0.520935058594,0.272155761719,0.626708984375,4250.0,-8035.0,-337.0,9.0,13.0,-2.0,
1645543605891878128,-0.511291503906,-0.520385742188,0.271850585938,0.627624511719,4258.0,-8078.0,-325.0,9.0,13.0,-3.0,
1645543605896689653,-0.510925292969,-0.519836425781,0.271484375,0.628540039062,4274.0,-8125.0,-325.0,9.0,13.0,-3.0,
1645543605903326272,-0.510498046875,-0.519287109375,0.271118164062,0.629455566406,4316.0,-8173.0,-355.0,10.0,14.0,-4.0,
1645543605908151626,-0.510009765625,-0.518737792969,0.270751953125,0.630493164062,4390.0,-8235.0,-408.0,12.0,14.0,-5.0,
1645543605912778377,-0.509399414062,-0.518188476562,0.270385742188,0.631591796875,4496.0,-8303.0,-459.0,15.0,15.0,-5.0,
1645543605917123317,-0.508666992188,-0.517578125,0.270080566406,0.632873535156,4629.0,-8382.0,-520.0,18.0,16.0,-5.0,
1645543605921824693,-0.507690429688,-0.516845703125,0.269775390625,0.63427734375,4783.0,-8474.0,-568.0,23.0,17.0,-6.0,
1645543605930852174,-0.506591796875,-0.516052246094,0.269592285156,0.635925292969,4937.0,-8563.0,-582.0,28.0,19.0,-6.0,
1645543605934533834,-0.505249023438,-0.515075683594,0.269470214844,0.637817382812,5080.0,-8633.0,-590.0,33.0,20.0,-6.0,
1645543605938702583,-0.503723144531,-0.513977050781,0.269470214844,0.639892578125,5194.0,-8680.0,-565.0,38.0,22.0,-6.0,
1645543605942424058,-0.502014160156,-0.512756347656,0.26953125,0.642211914062,5278.0,-8705.0,-517.0,43.0,24.0,-6.0,
1645543605947678804,-0.500122070312,-0.511291503906,0.269714355469,0.644775390625,5323.0,-8711.0,-443.0,48.0,26.0,-6.0,
1645543605955462217,-0.498107910156,-0.509704589844,0.27001953125,0.6474609375,5334.0,-8709.0,-351.0,52.0,27.0,-6.0,
1645543605971624612,-0.491333007812,-0.504211425781,0.271545410156,0.65625,5259.0,-8595.0,-60.0,61.0,30.0,-6.0,
1645543605974374294,-0.488952636719,-0.502197265625,0.272094726562,0.659301757812,5203.0,-8506.0,22.0,63.0,30.0,-6.0,
1645543605979069471,-0.486572265625,-0.500183105469,0.272705078125,0.662353515625,5133.0,-8415.0,112.0,63.0,31.0,-6.0,
1645543605984128475,-0.484191894531,-0.498107910156,0.273254394531,0.665405273438,5047.0,-8322.0,197.0,62.0,31.0,-7.0,
1645543605987721443,-0.481872558594,-0.49609375,0.273742675781,0.668395996094,4962.0,-8244.0,272.0,61.0,31.0,-7.0,
1645543605992793321,-0.479614257812,-0.494018554688,0.274169921875,0.67138671875,4866.0,-8178.0,349.0,59.0,32.0,-7.0,
1645543605997692584,-0.477416992188,-0.492004394531,0.274597167969,0.674255371094,4771.0,-8121.0,419.0,57.0,32.0,-7.0,
1645543606002466201,-0.475341796875,-0.489990234375,0.27490234375,0.677062988281,4677.0,-8063.0,485.0,55.0,32.0,-7.0,
1645543606012213945,-0.473266601562,-0.487976074219,0.275207519531,0.679809570312,4590.0,-8008.0,544.0,54.0,32.0,-7.0,
1645543606016011476,-0.471313476562,-0.485961914062,0.275512695312,0.682495117188,4497.0,-7956.0,607.0,53.0,32.0,-7.0,
1645543606022479057,-0.469421386719,-0.483947753906,0.275817871094,0.685119628906,4396.0,-7922.0,671.0,52.0,32.0,-7.0,
1645543606031334161,-0.467529296875,-0.48193359375,0.276184082031,0.687683105469,4280.0,-7892.0,726.0,52.0,31.0,-6.0,
1645543606035876512,-0.465637207031,-0.479858398438,0.276550292969,0.690246582031,4155.0,-7879.0,778.0,52.0,31.0,-6.0,
1645543606050741672,-0.463745117188,-0.477783203125,0.277038574219,0.692749023438,4035.0,-7869.0,813.0,53.0,30.0,-5.0,
1645543606065164566,-0.461853027344,-0.475646972656,0.277648925781,0.695251464844,3934.0,-7868.0,847.0,54.0,30.0,-5.0,
1645543606068925857,-0.459838867188,-0.473571777344,0.278259277344,0.69775390625,3844.0,-7867.0,894.0,56.0,29.0,-4.0,
1645543606079679727,-0.457763671875,-0.471374511719,0.278991699219,0.700317382812,3777.0,-7859.0,933.0,58.0,29.0,-4.0,
1645543606085275888,-0.455627441406,-0.469116210938,0.27978515625,0.702880859375,3727.0,-7826.0,982.0,60.0,29.0,-3.0,
1645543606089947462,-0.453430175781,-0.466857910156,0.280639648438,0.705505371094,3698.0,-7775.0,1052.0,61.0,30.0,-3.0,
1645543606110154390,-0.451171875,-0.464538574219,0.281433105469,0.708129882812,3679.0,-7715.0,1110.0,62.0,30.0,-3.0,
1645543606112916469,-0.446655273438,-0.459838867188,0.283020019531,0.71337890625,3651.0,-7621.0,1224.0,61.0,31.0,-2.0,
1645543606116803646,-0.444458007812,-0.457458496094,0.283813476562,0.716003417969,3623.0,-7596.0,1285.0,61.0,31.0,-2.0,
1645543606119849920,-0.442199707031,-0.455017089844,0.28466796875,0.718566894531,3577.0,-7591.0,1354.0,62.0,31.0,-1.0,
1645543606132287502,-0.440002441406,-0.452514648438,0.28564453125,0.721130371094,3495.0,-7588.0,1427.0,63.0,31.0,0.0,
1645543606136262655,-0.437683105469,-0.449951171875,0.286682128906,0.723693847656,3394.0,-7564.0,1499.0,65.0,30.0,1.0,
1645543606139589071,-0.435363769531,-0.447326660156,0.287841796875,0.726257324219,3275.0,-7511.0,1566.0,66.0,30.0,1.0,
1645543606144271373,-0.432983398438,-0.444580078125,0.289123535156,0.728881835938,3139.0,-7424.0,1611.0,68.0,30.0,2.0,
1645543606145830392,-0.430541992188,-0.441833496094,0.29052734375,0.7314453125,3016.0,-7326.0,1654.0,70.0,29.0,3.0,
1645543606151057481,-0.428100585938,-0.439025878906,0.291931152344,0.734008789062,2926.0,-7214.0,1699.0,71.0,29.0,4.0,
1645543606152472496,-0.425598144531,-0.436218261719,0.293395996094,0.736572265625,2873.0,-7093.0,1711.0,71.0,29.0,5.0,
1645543606154192924,-0.423095703125,-0.433410644531,0.294860839844,0.739013671875,2854.0,-6983.0,1732.0,71.0,29.0,6.0,
1645543606155199527,-0.420654296875,-0.4306640625,0.296264648438,0.741455078125,2855.0,-6867.0,1768.0,70.0,29.0,7.0,
1645543606166214704,-0.418273925781,-0.427856445312,0.297668457031,0.743896484375,2858.0,-6756.0,1802.0,68.0,29.0,7.0,
1645543606167283535,-0.416015625,-0.425109863281,0.298950195312,0.746215820312,2852.0,-6636.0,1854.0,66.0,30.0,8.0,
1645543606168545484,-0.413879394531,-0.422302246094,0.300170898438,0.748474121094,2825.0,-6525.0,1927.0,63.0,30.0,8.0,
1645543606169211149,-0.411865234375,-0.419555664062,0.301391601562,0.750671386719,2782.0,-6446.0,1996.0,60.0,31.0,9.0,
1645543606169994592,-0.410034179688,-0.416748046875,0.302612304688,0.752746582031,2703.0,-6390.0,2077.0,58.0,31.0,10.0,
1645543606170590639,-0.408325195312,-0.413879394531,0.303833007812,0.754760742188,2604.0,-6364.0,2161.0,55.0,31.0,11.0,
1645543606171353578,-0.40673828125,-0.411010742188,0.305114746094,0.756652832031,2489.0,-6345.0,2256.0,53.0,30.0,12.0,
1645543606179440021,-0.402587890625,-0.402282714844,0.309020996094,0.761962890625,2145.0,-6452.0,2502.0,50.0,30.0,14.0,
1645543606184309005,-0.401306152344,-0.399353027344,0.310363769531,0.763610839844,2072.0,-6523.0,2585.0,50.0,29.0,14.0,
1645543606188684225,-0.399963378906,-0.396484375,0.311767578125,0.765258789062,2033.0,-6577.0,2647.0,51.0,29.0,15.0,
1645543606196443557,-0.398498535156,-0.3935546875,0.313232421875,0.766967773438,2029.0,-6602.0,2678.0,53.0,29.0,15.0,
1645543606198264360,-0.39697265625,-0.390625,0.314636230469,0.768615722656,2045.0,-6585.0,2704.0,54.0,29.0,16.0,
1645543606202514886,-0.395446777344,-0.387634277344,0.316040039062,0.770324707031,2066.0,-6550.0,2710.0,54.0,30.0,16.0,
1645543606207290887,-0.393859863281,-0.384704589844,0.317504882812,0.772033691406,2074.0,-6513.0,2717.0,55.0,30.0,16.0,
1645543606213034152,-0.392272949219,-0.381713867188,0.318969726562,0.773742675781,2067.0,-6477.0,2713.0,56.0,30.0,17.0,
1645543606216546773,-0.390625,-0.378662109375,0.320434570312,0.775451660156,2048.0,-6446.0,2693.0,57.0,30.0,18.0,
1645543606221655368,-0.389038085938,-0.375549316406,0.322021484375,0.777099609375,2033.0,-6394.0,2646.0,58.0,30.0,18.0,
1645543606228269815,-0.387390136719,-0.372497558594,0.323608398438,0.778747558594,2032.0,-6308.0,2570.0,58.0,30.0,19.0,
1645543606232863426,-0.385864257812,-0.369445800781,0.325134277344,0.7802734375,2020.0,-6184.0,2507.0,57.0,30.0,20.0,
1645543606237407207,-0.384399414062,-0.366455078125,0.32666015625,0.781799316406,2000.0,-6055.0,2476.0,55.0,30.0,20.0,
1645543606241805076,-0.382995605469,-0.363403320312,0.328186035156,0.783264160156,1951.0,-5958.0,2509.0,53.0,30.0,21.0,
1645543606246478080,-0.381652832031,-0.3603515625,0.329711914062,0.78466796875,1872.0,-5919.0,2586.0,52.0,30.0,22.0,
1645543606251205921,-0.38037109375,-0.357238769531,0.331359863281,0.786071777344,1781.0,-5948.0,2672.0,52.0,30.0,23.0,
1645543606265184879,-0.379028320312,-0.35400390625,0.333068847656,0.787414550781,1673.0,-6013.0,2778.0,53.0,29.0,23.0,
1645543606271679639,-0.377624511719,-0.350708007812,0.334899902344,0.788818359375,1580.0,-6085.0,2887.0,55.0,29.0,24.0,
1645543606279134035,-0.372375488281,-0.340270996094,0.341003417969,0.793273925781,1474.0,-6299.0,3296.0,67.0,29.0,26.0,
1645543606283921241,-0.370178222656,-0.336547851562,0.34326171875,0.794860839844,1501.0,-6363.0,3418.0,70.0,29.0,27.0,
1645543606288414001,-0.367919921875,-0.332824707031,0.345581054688,0.796508789062,1527.0,-6395.0,3570.0,73.0,29.0,28.0,
1645543606292919874,-0.365417480469,-0.328979492188,0.347900390625,0.798217773438,1539.0,-6394.0,3714.0,76.0,29.0,28.0,
1645543606297492265,-0.362854003906,-0.325073242188,0.350219726562,0.799987792969,1533.0,-6355.0,3834.0,77.0,29.0,28.0,
1645543606301917076,-0.3603515625,-0.321228027344,0.3525390625,0.801635742188,1501.0,-6256.0,3945.0,75.0,29.0,28.0,
1645543606306474208,-0.357971191406,-0.317443847656,0.354736328125,0.80322265625,1433.0,-6112.0,4045.0,71.0,29.0,27.0,
1645543606313668251,-0.355834960938,-0.313781738281,0.356872558594,0.804748535156,1336.0,-5961.0,4128.0,66.0,28.0,27.0,
1645543606318190336,-0.353942871094,-0.310302734375,0.358764648438,0.806030273438,1221.0,-5831.0,4200.0,59.0,27.0,26.0,
1645543606324404478,-0.352355957031,-0.307006835938,0.360595703125,0.807189941406,1119.0,-5728.0,4235.0,52.0,26.0,25.0,
1645543606327302217,-0.35107421875,-0.303894042969,0.362243652344,0.808166503906,1029.0,-5647.0,4267.0,46.0,25.0,24.0,
1645543606331838369,-0.35009765625,-0.301086425781,0.36376953125,0.808959960938,968.0,-5610.0,4270.0,40.0,24.0,24.0,
1645543606336324691,-0.349426269531,-0.298461914062,0.365234375,0.8095703125,930.0,-5658.0,4264.0,34.0,23.0,23.0,
1645543606343367338,-0.348937988281,-0.296020507812,0.366516113281,0.810119628906,919.0,-5779.0,4266.0,30.0,22.0,23.0,
1645543606347769737,-0.348510742188,-0.293701171875,0.367797851562,0.810546875,935.0,-5939.0,4274.0,29.0,21.0,22.0,
1645543606352261066,-0.348022460938,-0.291381835938,0.369079589844,0.810974121094,942.0,-6090.0,4302.0,31.0,21.0,22.0,
1645543606356965303,-0.347412109375,-0.288940429688,0.370422363281,0.8115234375,945.0,-6183.0,4347.0,34.0,21.0,22.0,
1645543606363345384,-0.346618652344,-0.286437988281,0.371887207031,0.812072753906,935.0,-6203.0,4401.0,37.0,21.0,23.0,
1645543606373689174,-0.345642089844,-0.283874511719,0.373413085938,0.812683105469,908.0,-6162.0,4488.0,39.0,21.0,24.0,
1645543606381624221,-0.343566894531,-0.278686523438,0.37646484375,0.81396484375,843.0,-6005.0,4642.0,38.0,19.0,23.0,
1645543606387815952,-0.341613769531,-0.27392578125,0.379333496094,0.815063476562,766.0,-5881.0,4806.0,33.0,17.0,22.0,
1645543606392408132,-0.3408203125,-0.271728515625,0.380676269531,0.815490722656,726.0,-5865.0,4892.0,31.0,16.0,21.0,
1645543606396905660,-0.340087890625,-0.269653320312,0.382019042969,0.815856933594,687.0,-5881.0,4939.0,28.0,14.0,20.0,
1645543606401441812,-0.339477539062,-0.267700195312,0.383239746094,0.816223144531,664.0,-5916.0,4944.0,26.0,14.0,20.0,
1645543606409095764,-0.338928222656,-0.265930175781,0.384460449219,0.816467285156,637.0,-5939.0,4946.0,25.0,13.0,19.0,
1645543606412950515,-0.338439941406,-0.26416015625,0.385559082031,0.816711425781,614.0,-5920.0,4970.0,23.0,12.0,18.0,
1645543606417838096,-0.337890625,-0.262512207031,0.38671875,0.81689453125,578.0,-5864.0,4988.0,23.0,11.0,18.0,
1645543606422096729,-0.337341308594,-0.2607421875,0.387939453125,0.817138671875,526.0,-5807.0,5004.0,23.0,11.0,19.0,
1645543606426874876,-0.336791992188,-0.259033203125,0.38916015625,0.817321777344,465.0,-5751.0,5003.0,24.0,11.0,19.0,
1645543606431339979,-0.336181640625,-0.257263183594,0.390380859375,0.817565917969,420.0,-5711.0,4990.0,24.0,10.0,19.0,
1645543606438233852,-0.335510253906,-0.255554199219,0.3916015625,0.817749023438,385.0,-5690.0,5002.0,24.0,10.0,18.0,
1645543606442741870,-0.334838867188,-0.25390625,0.392761230469,0.817993164062,363.0,-5669.0,5020.0,24.0,9.0,18.0,
1645543606447268724,-0.334167480469,-0.252319335938,0.393981933594,0.818176269531,347.0,-5662.0,5068.0,24.0,9.0,17.0,
1645543606451722383,-0.33349609375,-0.250732421875,0.395141601562,0.818359375,333.0,-5674.0,5116.0,24.0,8.0,17.0,
1645543606456418037,-0.332885742188,-0.249267578125,0.396240234375,0.818542480469,329.0,-5714.0,5151.0,22.0,8.0,16.0,
1645543606461339950,-0.332336425781,-0.247863769531,0.397277832031,0.818725585938,334.0,-5786.0,5190.0,20.0,7.0,15.0,
1645543606482464551,-0.330932617188,-0.244018554688,0.400024414062,0.819091796875,326.0,-5980.0,5325.0,18.0,7.0,13.0,
1645543606488279342,-0.330078125,-0.241394042969,0.401733398438,0.8193359375,252.0,-6029.0,5469.0,17.0,7.0,13.0,
1645543606492925405,-0.329711914062,-0.240112304688,0.402587890625,0.819458007812,206.0,-6041.0,5522.0,16.0,7.0,12.0,
1645543606497450828,-0.329345703125,-0.238891601562,0.403381347656,0.819580078125,162.0,-6031.0,5545.0,16.0,7.0,12.0,
1645543606502896308,-0.328979492188,-0.237670898438,0.404113769531,0.819702148438,131.0,-6004.0,5537.0,15.0,7.0,11.0,
1645543606516488075,-0.328735351562,-0.236511230469,0.404724121094,0.81982421875,119.0,-5941.0,5494.0,13.0,7.0,10.0,
1645543606517191171,-0.32861328125,-0.235473632812,0.405334472656,0.819885253906,139.0,-5810.0,5389.0,11.0,7.0,9.0,
1645543606517816305,-0.32861328125,-0.234558105469,0.40576171875,0.819946289062,176.0,-5576.0,5256.0,7.0,8.0,8.0,
1645543606530215024,-0.328674316406,-0.233764648438,0.406066894531,0.820007324219,198.0,-5309.0,5119.0,4.0,9.0,8.0,
1645543606530488252,-0.328979492188,-0.232971191406,0.406311035156,0.819946289062,222.0,-5099.0,5008.0,-1.0,9.0,7.0,
1645543606531888723,-0.329528808594,-0.232421875,0.406372070312,0.819885253906,220.0,-5045.0,4958.0,-6.0,9.0,6.0,
1645543606536241054,-0.330261230469,-0.231994628906,0.406372070312,0.819702148438,210.0,-5186.0,5020.0,-10.0,8.0,4.0,
1645543606540861845,-0.331237792969,-0.231811523438,0.40625,0.819458007812,210.0,-5412.0,5201.0,-13.0,6.0,2.0,
1645543606547642946,-0.332092285156,-0.231689453125,0.406066894531,0.819213867188,207.0,-5682.0,5384.0,-13.0,5.0,1.0,
1645543606552306413,-0.332763671875,-0.231506347656,0.406005859375,0.819030761719,184.0,-5986.0,5609.0,-9.0,4.0,1.0,
1645543606556808948,-0.333190917969,-0.231201171875,0.406066894531,0.818908691406,114.0,-6267.0,5922.0,-5.0,2.0,1.0,
1645543606561439752,-0.333312988281,-0.230834960938,0.406188964844,0.818908691406,-18.0,-6428.0,6128.0,0.0,1.0,0.0,
1645543606567483901,-0.333190917969,-0.230224609375,0.406433105469,0.818969726562,-156.0,-6471.0,6207.0,5.0,1.0,-1.0,
1645543606586750268,-0.332214355469,-0.228881835938,0.406982421875,0.819519042969,-227.0,-6244.0,6328.0,6.0,-2.0,-3.0,
1645543606592685222,-0.331481933594,-0.228393554688,0.4072265625,0.819763183594,-379.0,-5797.0,6311.0,0.0,-4.0,-3.0,
1645543606597161769,-0.331604003906,-0.228454589844,0.407287597656,0.819702148438,-486.0,-5622.0,6230.0,-7.0,-6.0,-4.0,
1645543606601775169,-0.332092285156,-0.228759765625,0.407165527344,0.819519042969,-565.0,-5529.0,6131.0,-15.0,-7.0,-6.0,
1645543606606232881,-0.332946777344,-0.229370117188,0.406860351562,0.819152832031,-610.0,-5540.0,6049.0,-22.0,-8.0,-7.0,
1645543606610923290,-0.334045410156,-0.230224609375,0.406433105469,0.818664550781,-605.0,-5655.0,5995.0,-27.0,-8.0,-8.0,
1645543606617883682,-0.335388183594,-0.231201171875,0.405883789062,0.818115234375,-558.0,-5791.0,5959.0,-30.0,-8.0,-9.0,
1645543606623320579,-0.336669921875,-0.232238769531,0.405212402344,0.817626953125,-490.0,-5883.0,5937.0,-29.0,-8.0,-10.0,
1645543606627111911,-0.337768554688,-0.233215332031,0.404602050781,0.817199707031,-412.0,-5894.0,5917.0,-27.0,-7.0,-11.0,
1645543606631548404,-0.338684082031,-0.234069824219,0.403930664062,0.81689453125,-351.0,-5829.0,5868.0,-25.0,-6.0,-11.0,
1645543606636191844,-0.339599609375,-0.23486328125,0.4033203125,0.816589355469,-304.0,-5737.0,5850.0,-24.0,-5.0,-11.0,
1645543606641592264,-0.340454101562,-0.235595703125,0.402648925781,0.816345214844,-261.0,-5674.0,5864.0,-24.0,-5.0,-11.0,
1645543606649377822,-0.34130859375,-0.236389160156,0.401916503906,0.816101074219,-240.0,-5699.0,5898.0,-25.0,-5.0,-12.0,
1645543606653016567,-0.34228515625,-0.237243652344,0.401062011719,0.81591796875,-234.0,-5784.0,5913.0,-26.0,-5.0,-14.0,
1645543606657716512,-0.34326171875,-0.238098144531,0.400207519531,0.815673828125,-220.0,-5927.0,5900.0,-26.0,-5.0,-15.0,
1645543606662316322,-0.34423828125,-0.239013671875,0.399291992188,0.8154296875,-175.0,-6118.0,5876.0,-25.0,-5.0,-16.0,
1645543606669870376,-0.345153808594,-0.239929199219,0.398376464844,0.815246582031,-87.0,-6316.0,5850.0,-22.0,-5.0,-16.0,
1645543606678568601,-0.345825195312,-0.240844726562,0.397399902344,0.815124511719,25.0,-6466.0,5819.0,-18.0,-5.0,-17.0,
1645543606686543464,-0.346435546875,-0.242370605469,0.395690917969,0.815246582031,235.0,-6539.0,5781.0,-10.0,-4.0,-17.0,
1645543606692625999,-0.346435546875,-0.243469238281,0.394165039062,0.815673828125,407.0,-6443.0,5693.0,-6.0,-4.0,-16.0,
1645543606697193145,-0.346374511719,-0.244079589844,0.393493652344,0.815856933594,493.0,-6382.0,5634.0,-6.0,-4.0,-15.0,
1645543606701719999,-0.346374511719,-0.24462890625,0.392761230469,0.816040039062,586.0,-6315.0,5564.0,-6.0,-4.0,-15.0,
1645543606708680391,-0.346374511719,-0.245239257812,0.392028808594,0.816162109375,681.0,-6226.0,5524.0,-7.0,-4.0,-14.0,
1645543606710872173,-0.346313476562,-0.245849609375,0.391296386719,0.81640625,759.0,-6143.0,5536.0,-6.0,-3.0,-14.0,
1645543606718198299,-0.346130371094,-0.246337890625,0.390625,0.816650390625,800.0,-6087.0,5544.0,-5.0,-3.0,-14.0,
1645543606722730159,-0.345886230469,-0.246704101562,0.390014648438,0.81689453125,839.0,-6076.0,5553.0,-3.0,-3.0,-13.0,
1645543606727482557,-0.345520019531,-0.247009277344,0.389526367188,0.817199707031,899.0,-6111.0,5548.0,1.0,-3.0,-12.0,
1645543606731849193,-0.344970703125,-0.247253417969,0.38916015625,0.817565917969,994.0,-6192.0,5544.0,5.0,-3.0,-12.0,
1645543606736409664,-0.344299316406,-0.247497558594,0.388793945312,0.817932128906,1096.0,-6294.0,5514.0,8.0,-3.0,-11.0,
1645543606740911245,-0.343505859375,-0.247619628906,0.388488769531,0.818359375,1211.0,-6405.0,5471.0,12.0,-3.0,-10.0,
1645543606747817277,-0.342590332031,-0.247680664062,0.388305664062,0.818786621094,1314.0,-6489.0,5413.0,15.0,-2.0,-9.0,
1645543606752497196,-0.341674804688,-0.247680664062,0.388122558594,0.819274902344,1399.0,-6529.0,5360.0,16.0,-2.0,-7.0,
1645543606757073879,-0.340759277344,-0.247619628906,0.388061523438,0.819702148438,1474.0,-6522.0,5318.0,17.0,-1.0,-6.0,
1645543606761588811,-0.339904785156,-0.24755859375,0.387939453125,0.820190429688,1536.0,-6462.0,5295.0,15.0,-1.0,-6.0,
1645543606766308784,-0.339111328125,-0.247436523438,0.387817382812,0.820556640625,1582.0,-6358.0,5317.0,12.0,0.0,-5.0,
1645543606774901390,-0.338500976562,-0.247375488281,0.387634277344,0.820922851562,1600.0,-6239.0,5379.0,9.0,0.0,-5.0,
1645543606792061090,-0.336975097656,-0.247375488281,0.387145996094,0.82177734375,1618.0,-6128.0,5547.0,5.0,-1.0,-5.0,
1645543606797419548,-0.336059570312,-0.247497558594,0.386779785156,0.822326660156,1681.0,-6224.0,5590.0,6.0,-1.0,-5.0,
1645543606801975965,-0.335632324219,-0.24755859375,0.386596679688,0.822509765625,1704.0,-6306.0,5575.0,5.0,-1.0,-5.0,
1645543606806518077,-0.335266113281,-0.247680664062,0.386474609375,0.822692871094,1709.0,-6377.0,5558.0,5.0,-1.0,-4.0,
1645543606811176300,-0.335083007812,-0.247863769531,0.386291503906,0.822814941406,1679.0,-6420.0,5566.0,3.0,-1.0,-4.0,
1645543606815748453,-0.3349609375,-0.247985839844,0.386169433594,0.822875976562,1622.0,-6432.0,5594.0,1.0,-1.0,-3.0,
1645543606822740793,-0.334899902344,-0.248107910156,0.386108398438,0.822875976562,1551.0,-6407.0,5596.0,-2.0,-2.0,-3.0,
1645543606827532291,-0.335021972656,-0.248229980469,0.385986328125,0.822875976562,1486.0,-6353.0,5573.0,-4.0,-2.0,-2.0,
1645543606831916093,-0.335205078125,-0.248413085938,0.385925292969,0.82275390625,1433.0,-6318.0,5553.0,-5.0,-2.0,-2.0,
1645543606836762666,-0.335388183594,-0.248596191406,0.385864257812,0.822692871094,1395.0,-6327.0,5568.0,-5.0,-2.0,-2.0,
1645543606842660427,-0.33544921875,-0.248779296875,0.385803222656,0.822631835938,1366.0,-6353.0,5606.0,-4.0,-2.0,-2.0,
1645543606845863103,-0.335388183594,-0.248901367188,0.3857421875,0.822631835938,1328.0,-6370.0,5680.0,-1.0,-3.0,-2.0,
1645543606852842092,-0.335205078125,-0.248962402344,0.3857421875,0.822692871094,1286.0,-6370.0,5758.0,1.0,-3.0,-2.0,
1645543606857260465,-0.334838867188,-0.248962402344,0.385864257812,0.82275390625,1243.0,-6372.0,5813.0,3.0,-4.0,-2.0,
1645543606861973762,-0.33447265625,-0.248962402344,0.385986328125,0.822875976562,1226.0,-6364.0,5837.0,5.0,-4.0,-2.0,
1645543606866862773,-0.334045410156,-0.248962402344,0.386169433594,0.822998046875,1226.0,-6345.0,5861.0,5.0,-5.0,-1.0,
1645543606871784448,-0.333557128906,-0.2490234375,0.386291503906,0.823059082031,1236.0,-6309.0,5868.0,5.0,-5.0,-1.0,
1645543606880785942,-0.333129882812,-0.249084472656,0.386474609375,0.823181152344,1229.0,-6267.0,5896.0,5.0,-5.0,-1.0,
1645543606890750885,-0.332214355469,-0.249084472656,0.386962890625,0.823303222656,1158.0,-6179.0,5981.0,5.0,-5.0,0.0,
1645543606899616479,-0.331359863281,-0.2490234375,0.387512207031,0.823364257812,1073.0,-6082.0,6032.0,3.0,-6.0,0.0,
1645543606901491880,-0.3310546875,-0.249084472656,0.387756347656,0.823364257812,1056.0,-6066.0,6005.0,2.0,-6.0,0.0,
1645543606906042337,-0.330810546875,-0.249206542969,0.388000488281,0.823303222656,1056.0,-6069.0,5952.0,1.0,-6.0,0.0,
1645543606910827875,-0.330688476562,-0.249450683594,0.388122558594,0.8232421875,1081.0,-6091.0,5884.0,0.0,-6.0,0.0,
1645543606917446136,-0.33056640625,-0.249755859375,0.388244628906,0.823120117188,1123.0,-6119.0,5817.0,-1.0,-6.0,0.0,
1645543606922161102,-0.330505371094,-0.250061035156,0.388366699219,0.822998046875,1177.0,-6135.0,5734.0,-1.0,-6.0,0.0,
1645543606926838874,-0.330383300781,-0.250427246094,0.388488769531,0.822937011719,1242.0,-6139.0,5637.0,-1.0,-6.0,0.0,
1645543606933702468,-0.330261230469,-0.250732421875,0.388549804688,0.822814941406,1308.0,-6135.0,5531.0,0.0,-6.0,0.0,
1645543606936261892,-0.330139160156,-0.251098632812,0.388671875,0.822692871094,1372.0,-6110.0,5437.0,0.0,-5.0,0.0,
1645543606940810918,-0.330017089844,-0.251342773438,0.388732910156,0.822631835938,1422.0,-6081.0,5388.0,0.0,-5.0,0.0,
1645543606957781791,-0.329833984375,-0.251586914062,0.388793945312,0.822631835938,1439.0,-6096.0,5361.0,1.0,-4.0,0.0,
1645543606958459138,-0.329711914062,-0.251770019531,0.388854980469,0.822570800781,1445.0,-6165.0,5352.0,1.0,-4.0,0.0,
1645543606958770036,-0.32958984375,-0.251831054688,0.388977050781,0.822570800781,1444.0,-6228.0,5333.0,3.0,-3.0,0.0,
1645543606970863819,-0.329345703125,-0.251892089844,0.389099121094,0.822570800781,1441.0,-6278.0,5312.0,5.0,-3.0,0.0,
1645543606971591234,-0.3291015625,-0.251831054688,0.389282226562,0.822631835938,1450.0,-6296.0,5304.0,6.0,-2.0,1.0,
1645543606973757266,-0.328735351562,-0.251770019531,0.389465332031,0.822692871094,1457.0,-6301.0,5297.0,7.0,-1.0,1.0,
1645543606981626272,-0.328308105469,-0.251586914062,0.3896484375,0.822814941406,1459.0,-6300.0,5273.0,8.0,-1.0,1.0,
1645543606997446298,-0.327514648438,-0.251220703125,0.390014648438,0.823120117188,1453.0,-6289.0,5254.0,10.0,0.0,1.0,
1645543607000287055,-0.326538085938,-0.250732421875,0.390380859375,0.823425292969,1418.0,-6232.0,5304.0,10.0,0.0,0.0,
1645543607003801345,-0.326049804688,-0.25048828125,0.390563964844,0.823608398438,1387.0,-6181.0,5364.0,9.0,0.0,0.0,
1645543607008655786,-0.325622558594,-0.250305175781,0.390686035156,0.823791503906,1355.0,-6138.0,5414.0,7.0,-1.0,0.0,
1645543607012840986,-0.325378417969,-0.250183105469,0.390808105469,0.823913574219,1327.0,-6132.0,5453.0,4.0,-1.0,-1.0,
1645543607017503261,-0.325134277344,-0.250122070312,0.390808105469,0.823974609375,1314.0,-6153.0,5463.0,3.0,-2.0,-1.0,
1645543607022279500,-0.325012207031,-0.250183105469,0.390869140625,0.824035644531,1321.0,-6172.0,5471.0,2.0,-2.0,-2.0,
1645543607026919603,-0.324829101562,-0.250183105469,0.390869140625,0.824035644531,1346.0,-6172.0,5490.0,2.0,-2.0,-2.0,
1645543607031507968,-0.324584960938,-0.250244140625,0.390869140625,0.824157714844,1375.0,-6160.0,5505.0,3.0,-2.0,-1.0,
1645543607036377191,-0.324279785156,-0.250183105469,0.390930175781,0.82421875,1398.0,-6152.0,5518.0,4.0,-2.0,-1.0,
1645543607040658473,-0.323974609375,-0.250183105469,0.391052246094,0.824279785156,1416.0,-6145.0,5524.0,5.0,-2.0,0.0,
1645543607047909259,-0.323669433594,-0.250122070312,0.391174316406,0.824401855469,1421.0,-6131.0,5521.0,6.0,-2.0,0.0,
1645543607052150249,-0.323303222656,-0.250061035156,0.391357421875,0.824462890625,1423.0,-6102.0,5543.0,6.0,-2.0,1.0,
1645543607061870098,-0.322937011719,-0.249938964844,0.391540527344,0.824584960938,1412.0,-6071.0,5572.0,6.0,-2.0,1.0,
1645543607062387228,-0.322570800781,-0.249816894531,0.391723632812,0.824645996094,1397.0,-6064.0,5618.0,5.0,-2.0,1.0,
1645543607065561771,-0.322265625,-0.249755859375,0.391906738281,0.82470703125,1371.0,-6074.0,5656.0,4.0,-2.0,1.0,
1645543607070247650,-0.322021484375,-0.249694824219,0.39208984375,0.82470703125,1354.0,-6087.0,5661.0,4.0,-3.0,1.0,
1645543607080629348,-0.321716308594,-0.249633789062,0.392333984375,0.824768066406,1349.0,-6088.0,5646.0,4.0,-3.0,1.0,
1645543607089276075,-0.321411132812,-0.249572753906,0.392517089844,0.824829101562,1358.0,-6069.0,5609.0,6.0,-3.0,1.0,
1645543607099014043,-0.319946289062,-0.249206542969,0.393127441406,0.8251953125,1406.0,-5997.0,5503.0,10.0,-2.0,0.0,
1645543607103520870,-0.319396972656,-0.2490234375,0.393310546875,0.825378417969,1405.0,-5993.0,5482.0,10.0,-2.0,0.0,
1645543607108004331,-0.31884765625,-0.248840332031,0.3935546875,0.825500488281,1412.0,-5989.0,5459.0,11.0,-1.0,1.0,
1645543607112807512,-0.318298339844,-0.248596191406,0.393798828125,0.82568359375,1403.0,-5990.0,5434.0,11.0,-1.0,1.0,
1645543607117229223,-0.317810058594,-0.248413085938,0.39404296875,0.825805664062,1390.0,-5992.0,5407.0,10.0,-1.0,1.0,
1645543607121632099,-0.3173828125,-0.248168945312,0.394226074219,0.825988769531,1375.0,-5999.0,5400.0,9.0,-1.0,1.0,
1645543607126495599,-0.316955566406,-0.247985839844,0.394409179688,0.826110839844,1349.0,-5995.0,5420.0,9.0,-1.0,1.0,
1645543607131078004,-0.316589355469,-0.247741699219,0.394592285156,0.826232910156,1326.0,-5967.0,5446.0,7.0,0.0,1.0,
1645543607136158943,-0.316345214844,-0.24755859375,0.394775390625,0.826293945312,1303.0,-5933.0,5484.0,5.0,0.0,0.0,
1645543607142684459,-0.316162109375,-0.247375488281,0.394836425781,0.826354980469,1280.0,-5912.0,5531.0,3.0,0.0,0.0,
1645543607147083520,-0.316101074219,-0.247253417969,0.394897460938,0.826416015625,1267.0,-5915.0,5580.0,0.0,0.0,0.0,
1645543607152197360,-0.316162109375,-0.247253417969,0.394897460938,0.826416015625,1255.0,-5927.0,5612.0,-1.0,0.0,0.0,
1645543607156713247,-0.316223144531,-0.247253417969,0.394897460938,0.826354980469,1248.0,-5937.0,5624.0,-2.0,0.0,0.0,
1645543607161185264,-0.316345214844,-0.247253417969,0.394897460938,0.826354980469,1249.0,-5945.0,5645.0,-3.0,0.0,-1.0,
1645543607165641784,-0.316467285156,-0.247314453125,0.394836425781,0.826293945312,1247.0,-5956.0,5668.0,-3.0,-1.0,-1.0,
1645543607170267105,-0.316528320312,-0.247314453125,0.394836425781,0.826232910156,1250.0,-5960.0,5689.0,-2.0,-1.0,-1.0,
1645543607177573919,-0.316589355469,-0.247375488281,0.394836425781,0.826232910156,1250.0,-5956.0,5708.0,-1.0,-1.0,0.0,
1645543607187560558,-0.316528320312,-0.247375488281,0.394897460938,0.826232910156,1241.0,-5924.0,5732.0,-1.0,-1.0,0.0,
1645543607197330713,-0.316284179688,-0.247314453125,0.39501953125,0.826232910156,1221.0,-5832.0,5722.0,0.0,-2.0,0.0,
1645543607203547716,-0.316162109375,-0.247375488281,0.395202636719,0.826232910156,1194.0,-5867.0,5705.0,0.0,-2.0,0.0,
1645543607208798408,-0.316162109375,-0.247436523438,0.395202636719,0.826171875,1187.0,-5925.0,5695.0,-1.0,-2.0,0.0,
1645543607212900638,-0.316162109375,-0.247436523438,0.395324707031,0.826171875,1186.0,-5978.0,5695.0,0.0,-2.0,0.0,
1645543607217594861,-0.316101074219,-0.247436523438,0.395385742188,0.826110839844,1176.0,-6003.0,5716.0,1.0,-2.0,0.0,
1645543607222186088,-0.315979003906,-0.247375488281,0.3955078125,0.826110839844,1162.0,-5997.0,5757.0,2.0,-1.0,0.0,
1645543607227602481,-0.315795898438,-0.247192382812,0.395690917969,0.826171875,1141.0,-5965.0,5791.0,3.0,-1.0,0.0,
1645543607231751203,-0.315551757812,-0.2470703125,0.395812988281,0.826232910156,1118.0,-5922.0,5828.0,3.0,-1.0,0.0,
1645543607236521005,-0.315307617188,-0.246887207031,0.39599609375,0.826293945312,1101.0,-5883.0,5860.0,3.0,-1.0,0.0,
1645543607242303371,-0.315002441406,-0.246765136719,0.396118164062,0.826416015625,1096.0,-5868.0,5873.0,3.0,-2.0,0.0,
1645543607245649099,-0.314758300781,-0.246643066406,0.396240234375,0.826477050781,1102.0,-5870.0,5885.0,4.0,-2.0,0.0,
1645543607252146005,-0.314453125,-0.246520996094,0.396362304688,0.826538085938,1112.0,-5871.0,5885.0,4.0,-2.0,0.0,
1645543607257202863,-0.314147949219,-0.246459960938,0.396484375,0.826599121094,1116.0,-5848.0,5868.0,4.0,-2.0,0.0,
1645543607261932611,-0.313842773438,-0.246337890625,0.396667480469,0.826721191406,1121.0,-5807.0,5861.0,5.0,-2.0,0.0,
1645543607266973018,-0.313537597656,-0.246276855469,0.396789550781,0.826782226562,1126.0,-5773.0,5870.0,4.0,-2.0,0.0,
1645543607272369384,-0.313232421875,-0.246154785156,0.396911621094,0.826843261719,1140.0,-5752.0,5855.0,3.0,-2.0,0.0,
1645543607277576923,-0.313049316406,-0.246154785156,0.397094726562,0.826843261719,1156.0,-5759.0,5842.0,2.0,-3.0,0.0,
1645543607281539678,-0.312866210938,-0.246154785156,0.397216796875,0.826843261719,1174.0,-5766.0,5845.0,1.0,-3.0,1.0,
1645543607290566682,-0.312744140625,-0.246154785156,0.397338867188,0.826843261719,1194.0,-5766.0,5844.0,1.0,-3.0,1.0,
1645543607300337553,-0.3125,-0.246215820312,0.397705078125,0.826721191406,1213.0,-5732.0,5845.0,0.0,-3.0,2.0,
1645543607307621717,-0.3125,-0.246398925781,0.39794921875,0.826599121094,1225.0,-5778.0,5845.0,-2.0,-3.0,1.0,
1645543607311857938,-0.312561035156,-0.246520996094,0.398010253906,0.826477050781,1231.0,-5826.0,5831.0,-2.0,-3.0,1.0,
1645543607316030740,-0.312561035156,-0.246643066406,0.398132324219,0.826416015625,1245.0,-5878.0,5813.0,-2.0,-3.0,1.0,
1645543607320682525,-0.312561035156,-0.246765136719,0.398193359375,0.826354980469,1251.0,-5930.0,5780.0,0.0,-3.0,0.0,
1645543607325458288,-0.3125,-0.246887207031,0.398315429688,0.826293945312,1267.0,-5963.0,5750.0,1.0,-3.0,0.0,
1645543607332102060,-0.312377929688,-0.246948242188,0.398376464844,0.826293945312,1282.0,-5971.0,5721.0,2.0,-3.0,0.0,
1645543607336885929,-0.312194824219,-0.247009277344,0.3984375,0.826293945312,1309.0,-5972.0,5678.0,2.0,-2.0,-1.0,
1645543607341739416,-0.31201171875,-0.2470703125,0.3984375,0.826293945312,1339.0,-5958.0,5626.0,2.0,-2.0,-1.0,
1645543607347052574,-0.311889648438,-0.247131347656,0.398498535156,0.826354980469,1364.0,-5933.0,5590.0,2.0,-2.0,-1.0,
1645543607351702928,-0.311767578125,-0.247192382812,0.398498535156,0.826354980469,1381.0,-5901.0,5577.0,1.0,-2.0,-1.0,
1645543607355155706,-0.311645507812,-0.247253417969,0.398559570312,0.826354980469,1362.0,-5866.0,5639.0,0.0,-2.0,0.0,
1645543607361840486,-0.311645507812,-0.247314453125,0.398620605469,0.826293945312,1299.0,-5802.0,5698.0,-2.0,-2.0,0.0,
1645543607366316556,-0.311584472656,-0.247314453125,0.398681640625,0.826293945312,1143.0,-5715.0,5797.0,-2.0,-2.0,0.0,
1645543607371205568,-0.311767578125,-0.247314453125,0.398803710938,0.826171875,1064.0,-5771.0,5793.0,-7.0,-4.0,0.0,
1645543607375368356,-0.312255859375,-0.247680664062,0.398681640625,0.825927734375,1041.0,-5873.0,5749.0,-11.0,-4.0,-2.0,
1645543607382483482,-0.312866210938,-0.248168945312,0.3984375,0.825622558594,1063.0,-5990.0,5728.0,-13.0,-4.0,-3.0,
1645543607393781185,-0.313537597656,-0.248718261719,0.398193359375,0.825378417969,1097.0,-6038.0,5695.0,-13.0,-4.0,-3.0,
1645543607401905298,-0.314575195312,-0.249694824219,0.397766113281,0.824890136719,1134.0,-6003.0,5659.0,-12.0,-3.0,-3.0,
1645543607409326553,-0.3154296875,-0.250427246094,0.397338867188,0.824523925781,1127.0,-5966.0,5652.0,-10.0,-3.0,-3.0,
1645543607412769556,-0.315795898438,-0.250793457031,0.397155761719,0.824401855469,1141.0,-6005.0,5660.0,-9.0,-3.0,-3.0,
1645543607417618751,-0.316040039062,-0.251098632812,0.39697265625,0.824279785156,1154.0,-6063.0,5644.0,-7.0,-3.0,-3.0,
1645543607422156572,-0.316162109375,-0.251342773438,0.396850585938,0.82421875,1188.0,-6112.0,5588.0,-3.0,-3.0,-3.0,
1645543607426695108,-0.316162109375,-0.251525878906,0.396728515625,0.82421875,1210.0,-6152.0,5542.0,0.0,-2.0,-3.0,
1645543607430968284,-0.315979003906,-0.251586914062,0.396667480469,0.824279785156,1217.0,-6161.0,5512.0,3.0,-2.0,-3.0,
1645543607435713768,-0.315612792969,-0.251586914062,0.396667480469,0.824462890625,1203.0,-6131.0,5515.0,6.0,-2.0,-3.0,
1645543607440515041,-0.315185546875,-0.251403808594,0.396667480469,0.824645996094,1169.0,-6066.0,5538.0,8.0,-2.0,-3.0,
1645543607444967985,-0.314697265625,-0.251281738281,0.396728515625,0.824829101562,1137.0,-5988.0,5557.0,8.0,-2.0,-3.0,
1645543607452005386,-0.314270019531,-0.251098632812,0.396789550781,0.825073242188,1116.0,-5909.0,5591.0,6.0,-2.0,-3.0,
1645543607456668615,-0.313842773438,-0.251037597656,0.396789550781,0.825256347656,1104.0,-5816.0,5637.0,5.0,-2.0,-3.0,
1645543607461360454,-0.313537597656,-0.2509765625,0.396789550781,0.825378417969,1090.0,-5722.0,5695.0,2.0,-3.0,-3.0,
1645543607465914011,-0.313354492188,-0.251037597656,0.396728515625,0.825439453125,1085.0,-5640.0,5744.0,-1.0,-3.0,-4.0,
1645543607470533370,-0.313232421875,-0.251220703125,0.396606445312,0.825500488281,1089.0,-5613.0,5782.0,-3.0,-4.0,-4.0,
1645543607475067377,-0.313232421875,-0.25146484375,0.396484375,0.825500488281,1117.0,-5620.0,5778.0,-5.0,-4.0,-4.0,
1645543607482812166,-0.313293457031,-0.251770019531,0.396301269531,0.825439453125,1155.0,-5644.0,5750.0,-5.0,-4.0,-4.0,
1645543607489074707,-0.313354492188,-0.252075195312,0.396179199219,0.825378417969,1203.0,-5658.0,5703.0,-4.0,-4.0,-4.0,
1645543607498979091,-0.313293457031,-0.252319335938,0.396057128906,0.825378417969,1233.0,-5663.0,5675.0,-2.0,-3.0,-3.0,
1645543607508431673,-0.312927246094,-0.252746582031,0.395935058594,0.825439453125,1242.0,-5608.0,5655.0,-1.0,-3.0,-2.0,
1645543607512931585,-0.312927246094,-0.252868652344,0.395935058594,0.825439453125,1216.0,-5589.0,5658.0,-2.0,-3.0,-1.0,
1645543607517448902,-0.31298828125,-0.252990722656,0.395935058594,0.825378417969,1186.0,-5579.0,5641.0,-4.0,-3.0,-1.0,
1645543607521957159,-0.313171386719,-0.253173828125,0.395874023438,0.825256347656,1172.0,-5593.0,5622.0,-5.0,-3.0,-1.0,
1645543607526481389,-0.313415527344,-0.25341796875,0.395874023438,0.825134277344,1154.0,-5629.0,5598.0,-7.0,-3.0,-1.0,
1645543607531333208,-0.313720703125,-0.253662109375,0.395812988281,0.824951171875,1135.0,-5672.0,5588.0,-8.0,-3.0,-1.0,
1645543607535645008,-0.314086914062,-0.25390625,0.395751953125,0.824768066406,1104.0,-5716.0,5599.0,-8.0,-3.0,-1.0,
1645543607540432691,-0.314392089844,-0.254150390625,0.395690917969,0.824584960938,1079.0,-5760.0,5608.0,-8.0,-3.0,-1.0,
1645543607545154094,-0.314697265625,-0.254333496094,0.395690917969,0.824401855469,1055.0,-5806.0,5604.0,-7.0,-3.0,-1.0,
1645543607552796125,-0.315002441406,-0.254516601562,0.395629882812,0.824279785156,1051.0,-5835.0,5604.0,-6.0,-3.0,-1.0,
1645543607557904481,-0.315185546875,-0.254760742188,0.395568847656,0.824157714844,1072.0,-5869.0,5619.0,-5.0,-3.0,-2.0,
1645543607562922000,-0.315307617188,-0.254943847656,0.3955078125,0.824096679688,1093.0,-5891.0,5638.0,-5.0,-3.0,-2.0,
1645543607566466093,-0.3154296875,-0.255126953125,0.395446777344,0.823974609375,1101.0,-5918.0,5657.0,-4.0,-3.0,-2.0,
1645543607571616411,-0.315612792969,-0.255249023438,0.395385742188,0.823913574219,1102.0,-5951.0,5675.0,-4.0,-3.0,-2.0,
1645543607575694799,-0.315734863281,-0.255432128906,0.395324707031,0.823852539062,1087.0,-5981.0,5680.0,-5.0,-3.0,-2.0,
1645543607580395221,-0.31591796875,-0.255615234375,0.395202636719,0.823791503906,1054.0,-5999.0,5697.0,-5.0,-3.0,-3.0,
1645543607584902763,-0.316162109375,-0.255798339844,0.395080566406,0.82373046875,1009.0,-6039.0,5727.0,-6.0,-3.0,-3.0,
1645543607597926139,-0.316345214844,-0.255981445312,0.394958496094,0.823608398438,936.0,-6089.0,5792.0,-6.0,-3.0,-4.0,
1645543607609549999,-0.316833496094,-0.25634765625,0.394653320312,0.823486328125,725.0,-6186.0,5961.0,-7.0,-5.0,-5.0,
1645543607616647720,-0.317077636719,-0.256774902344,0.394409179688,0.823364257812,507.0,-6241.0,6094.0,-6.0,-7.0,-7.0,
1645543607621476650,-0.317077636719,-0.257446289062,0.39404296875,0.823303222656,360.0,-6248.0,6170.0,-6.0,-9.0,-10.0,
1645543607626437187,-0.317077636719,-0.257934570312,0.393737792969,0.823303222656,287.0,-6235.0,6200.0,-7.0,-10.0,-11.0,
1645543607631397008,-0.317138671875,-0.258605957031,0.393371582031,0.8232421875,202.0,-6229.0,6232.0,-9.0,-12.0,-13.0,
1645543607637779474,-0.317199707031,-0.259338378906,0.392944335938,0.823181152344,95.0,-6216.0,6257.0,-11.0,-13.0,-14.0,
1645543607640616655,-0.3173828125,-0.26025390625,0.392456054688,0.823120117188,-32.0,-6207.0,6292.0,-13.0,-15.0,-16.0,
1645543607649819612,-0.317626953125,-0.261291503906,0.391784667969,0.822937011719,-172.0,-6224.0,6344.0,-17.0,-17.0,-19.0,
1645543607652645587,-0.317993164062,-0.262573242188,0.391052246094,0.82275390625,-334.0,-6274.0,6410.0,-20.0,-19.0,-22.0,
1645543607657709598,-0.318542480469,-0.264099121094,0.390197753906,0.822509765625,-517.0,-6357.0,6486.0,-25.0,-22.0,-25.0,
1645543607662546873,-0.319152832031,-0.265869140625,0.38916015625,0.822204589844,-724.0,-6462.0,6550.0,-29.0,-26.0,-28.0,
1645543607667198896,-0.319885253906,-0.268005371094,0.387939453125,0.82177734375,-951.0,-6565.0,6585.0,-33.0,-29.0,-32.0,
1645543607671898365,-0.320678710938,-0.270385742188,0.386596679688,0.8212890625,-1191.0,-6656.0,6598.0,-36.0,-33.0,-36.0,
1645543607676290512,-0.321594238281,-0.273071289062,0.385131835938,0.82080078125,-1447.0,-6755.0,6595.0,-40.0,-37.0,-40.0,
1645543607680592060,-0.322509765625,-0.276123046875,0.383483886719,0.820190429688,-1715.0,-6852.0,6576.0,-44.0,-42.0,-44.0,
1645543607687610626,-0.323608398438,-0.279541015625,0.381591796875,0.819458007812,-1990.0,-6969.0,6546.0,-49.0,-46.0,-49.0,
1645543607700114727,-0.324768066406,-0.283325195312,0.379577636719,0.818603515625,-2253.0,-7111.0,6493.0,-53.0,-51.0,-54.0,
1645543607704451084,-0.325927734375,-0.287475585938,0.377319335938,0.817749023438,-2477.0,-7254.0,6418.0,-56.0,-56.0,-59.0,
1645543607714327812,-0.328491210938,-0.301635742188,0.36962890625,0.815124511719,-2418.0,-7578.0,5889.0,-51.0,-63.0,-71.0,
1645543607718775987,-0.328491210938,-0.306640625,0.366821289062,0.814575195312,-2084.0,-7641.0,5664.0,-43.0,-63.0,-73.0,
1645543607723225355,-0.327819824219,-0.311584472656,0.364013671875,0.814208984375,-1628.0,-7647.0,5422.0,-32.0,-62.0,-75.0,
1645543607727959871,-0.326477050781,-0.31640625,0.361267089844,0.814086914062,-1117.0,-7583.0,5216.0,-20.0,-61.0,-75.0,
1645543607732528924,-0.324523925781,-0.320983886719,0.358642578125,0.814270019531,-627.0,-7449.0,5164.0,-10.0,-59.0,-74.0,
1645543607736897706,-0.322021484375,-0.325317382812,0.356201171875,0.814575195312,-179.0,-7294.0,5213.0,-2.0,-59.0,-73.0,
1645543607741333961,-0.319152832031,-0.329406738281,0.353942871094,0.815063476562,194.0,-7203.0,5310.0,3.0,-59.0,-71.0,
1645543607745318412,-0.315979003906,-0.333435058594,0.351867675781,0.815551757812,480.0,-7255.0,5456.0,8.0,-60.0,-71.0,
1645543607749719858,-0.312561035156,-0.337280273438,0.349914550781,0.816162109375,684.0,-7425.0,5575.0,14.0,-62.0,-72.0,
1645543607756937265,-0.308776855469,-0.340942382812,0.348205566406,0.816772460938,815.0,-7608.0,5646.0,23.0,-63.0,-73.0,
1645543607762883424,-0.304565429688,-0.344360351562,0.3466796875,0.817565917969,916.0,-7682.0,5616.0,34.0,-63.0,-73.0,
1645543607766287803,-0.299926757812,-0.347534179688,0.345397949219,0.818481445312,981.0,-7557.0,5544.0,43.0,-62.0,-72.0,
1645543607770776271,-0.294860839844,-0.350402832031,0.344299316406,0.819580078125,1019.0,-7284.0,5482.0,52.0,-61.0,-70.0,
1645543607775489807,-0.289245605469,-0.353088378906,0.343444824219,0.820739746094,1055.0,-6993.0,5373.0,59.0,-62.0,-69.0,
1645543607779932498,-0.283325195312,-0.355773925781,0.342834472656,0.821960449219,1091.0,-6798.0,5241.0,65.0,-64.0,-67.0,
1645543607785478353,-0.277221679688,-0.3583984375,0.342346191406,0.823059082031,1141.0,-6724.0,5073.0,71.0,-66.0,-66.0,
1645543607791702032,-0.270935058594,-0.361145019531,0.342041015625,0.824096679688,1198.0,-6715.0,4902.0,74.0,-69.0,-66.0,
1645543607809043645,-0.2646484375,-0.363952636719,0.341796875,0.825012207031,1288.0,-6709.0,4688.0,76.0,-69.0,-66.0,
1645543607809736490,-0.251831054688,-0.369384765625,0.341247558594,0.826843261719,1650.0,-6590.0,4310.0,80.0,-67.0,-65.0,
1645543607822763204,-0.245178222656,-0.372009277344,0.340881347656,0.827819824219,1942.0,-6464.0,4175.0,83.0,-65.0,-65.0,
1645543607823765516,-0.238342285156,-0.374572753906,0.340454101562,0.828796386719,2286.0,-6304.0,4084.0,84.0,-63.0,-65.0,
1645543607824471235,-0.2314453125,-0.377014160156,0.339965820312,0.829833984375,2677.0,-6128.0,4022.0,84.0,-61.0,-64.0,
1645543607825907230,-0.224548339844,-0.379455566406,0.33935546875,0.830932617188,3085.0,-5950.0,4000.0,83.0,-59.0,-64.0,
1645543607831383466,-0.217712402344,-0.381774902344,0.338623046875,0.831970214844,3478.0,-5743.0,4001.0,81.0,-55.0,-64.0,
1645543607835576057,-0.211120605469,-0.384155273438,0.337646484375,0.832946777344,3710.0,-5498.0,4440.0,75.0,-54.0,-64.0,
1645543607839553356,-0.204528808594,-0.386047363281,0.3369140625,0.834045410156,4030.0,-5388.0,4444.0,72.0,-55.0,-61.0,
1645543607846468210,-0.198364257812,-0.388244628906,0.3359375,0.834838867188,4238.0,-5472.0,4655.0,69.0,-51.0,-60.0,
1645543607851137161,-0.192810058594,-0.390319824219,0.334838867188,0.835632324219,4437.0,-5465.0,4684.0,60.0,-49.0,-62.0,
1645543607856024503,-0.187744140625,-0.392578125,0.33349609375,0.836303710938,4575.0,-5417.0,4539.0,53.0,-48.0,-61.0,
1645543607861262798,-0.182800292969,-0.394775390625,0.332214355469,0.836853027344,4630.0,-5348.0,4490.0,53.0,-45.0,-58.0,
1645543607865299224,-0.177795410156,-0.396606445312,0.3310546875,0.837524414062,4635.0,-5278.0,4416.0,56.0,-42.0,-58.0,
1645543607871223211,-0.172668457031,-0.398254394531,0.329956054688,0.838256835938,4626.0,-5193.0,4288.0,58.0,-40.0,-58.0,
1645543607875719070,-0.16748046875,-0.399719238281,0.328918457031,0.838989257812,4657.0,-5064.0,4126.0,62.0,-38.0,-58.0,
1645543607882646322,-0.162048339844,-0.401062011719,0.327880859375,0.83984375,4737.0,-4887.0,3971.0,66.0,-35.0,-57.0,
1645543607887441396,-0.156494140625,-0.402160644531,0.326843261719,0.840759277344,4902.0,-4666.0,3786.0,69.0,-31.0,-57.0,
1645543607893149614,-0.15087890625,-0.403198242188,0.325744628906,0.841735839844,5156.0,-4453.0,3635.0,69.0,-28.0,-56.0,
1645543607907406568,-0.145263671875,-0.404235839844,0.324584960938,0.842651367188,5464.0,-4298.0,3555.0,69.0,-26.0,-56.0,
1645543607910189151,-0.139709472656,-0.405212402344,0.323364257812,0.843627929688,5768.0,-4208.0,3575.0,68.0,-24.0,-55.0,
1645543607916291475,-0.128845214844,-0.406555175781,0.321105957031,0.845581054688,6225.0,-4300.0,3905.0,68.0,-20.0,-54.0,
1645543607922755479,-0.118408203125,-0.406982421875,0.319213867188,0.847595214844,6372.0,-4585.0,4355.0,71.0,-16.0,-53.0,
1645543607926640987,-0.113098144531,-0.406860351562,0.318420410156,0.848693847656,6357.0,-4678.0,4615.0,73.0,-15.0,-53.0,
1645543607931110143,-0.107788085938,-0.406555175781,0.317687988281,0.849792480469,6313.0,-4697.0,4865.0,75.0,-14.0,-53.0,
1645543607935632228,-0.102355957031,-0.406005859375,0.317077636719,0.850952148438,6275.0,-4591.0,5067.0,77.0,-12.0,-51.0,
1645543607940409421,-0.0968627929688,-0.405334472656,0.316528320312,0.852111816406,6264.0,-4365.0,5212.0,78.0,-10.0,-50.0,
1645543607945101022,-0.0912475585938,-0.404541015625,0.31591796875,0.853332519531,6265.0,-4063.0,5286.0,78.0,-9.0,-48.0,
1645543607949617862,-0.085693359375,-0.403747558594,0.315307617188,0.8544921875,6244.0,-3702.0,5311.0,76.0,-8.0,-47.0,
1645543607954856872,-0.0802001953125,-0.403076171875,0.314636230469,0.855590820312,6209.0,-3327.0,5296.0,73.0,-9.0,-45.0,
1645543607961471080,-0.074951171875,-0.402526855469,0.31396484375,0.856567382812,6163.0,-2998.0,5244.0,69.0,-10.0,-43.0,
1645543607965883493,-0.0698852539062,-0.402221679688,0.313293457031,0.857421875,6122.0,-2783.0,5164.0,65.0,-13.0,-42.0,
1645543607970676422,-0.06494140625,-0.402038574219,0.312744140625,0.858093261719,6103.0,-2688.0,5026.0,64.0,-15.0,-40.0,
1645543607975268840,-0.060302734375,-0.402038574219,0.312194824219,0.858642578125,6046.0,-2642.0,4952.0,62.0,-15.0,-38.0,
1645543607979640722,-0.055908203125,-0.402038574219,0.311706542969,0.859069824219,5946.0,-2651.0,4899.0,58.0,-16.0,-37.0,
1645543607984499454,-0.0518188476562,-0.402160644531,0.311340332031,0.859436035156,5845.0,-2772.0,4869.0,55.0,-18.0,-35.0,
1645543607991098403,-0.0480346679688,-0.402465820312,0.310974121094,0.859619140625,5756.0,-2864.0,4815.0,52.0,-20.0,-34.0,
1645543607995588064,-0.0444946289062,-0.40283203125,0.310424804688,0.85986328125,5626.0,-2791.0,4739.0,47.0,-20.0,-35.0,
1645543608002451419,-0.0411376953125,-0.403198242188,0.309692382812,0.860107421875,5498.0,-2611.0,4717.0,40.0,-19.0,-34.0,
1645543608012163162,-0.0382690429688,-0.403747558594,0.308837890625,0.860290527344,5408.0,-2432.0,4745.0,31.0,-21.0,-31.0,
1645543608020184040,-0.034423828125,-0.405883789062,0.306518554688,0.860290527344,5279.0,-2187.0,4692.0,5.0,-25.0,-29.0,
1645543608026708364,-0.0324096679688,-0.409118652344,0.302978515625,0.860107421875,5326.0,-1862.0,4648.0,-12.0,-26.0,-30.0,
1645543608030851602,-0.0318603515625,-0.410949707031,0.300903320312,0.859985351562,5395.0,-1716.0,4691.0,-18.0,-28.0,-30.0,
1645543608035283088,-0.031494140625,-0.412963867188,0.298645019531,0.859802246094,5472.0,-1642.0,4754.0,-24.0,-29.0,-30.0,
1645543608039903402,-0.031494140625,-0.415161132812,0.296325683594,0.859558105469,5514.0,-1683.0,4823.0,-30.0,-30.0,-30.0,
1645543608044904470,-0.0317993164062,-0.417419433594,0.2939453125,0.859252929688,5480.0,-1835.0,4932.0,-33.0,-31.0,-30.0,
1645543608054576158,-0.0323486328125,-0.419738769531,0.291687011719,0.85888671875,5405.0,-2092.0,5070.0,-35.0,-33.0,-30.0,
1645543608060230493,-0.0330810546875,-0.421997070312,0.28955078125,0.858459472656,5309.0,-2439.0,5229.0,-34.0,-34.0,-29.0,
1645543608062636852,-0.03369140625,-0.424133300781,0.287658691406,0.857971191406,5257.0,-2815.0,5310.0,-29.0,-35.0,-27.0,
1645543608068142652,-0.0340576171875,-0.426208496094,0.286193847656,0.857482910156,5265.0,-3129.0,5301.0,-21.0,-34.0,-25.0,
1645543608095311641,-0.0339965820312,-0.428161621094,0.284912109375,0.856872558594,5304.0,-3308.0,5225.0,-12.0,-33.0,-24.0,
1645543608098933219,-0.0335693359375,-0.429992675781,0.283935546875,0.856323242188,5339.0,-3342.0,5160.0,-5.0,-31.0,-22.0,
1645543608109924077,-0.0328369140625,-0.431640625,0.283081054688,0.855773925781,5351.0,-3242.0,5131.0,-1.0,-31.0,-19.0,
1645543608110620975,-0.031982421875,-0.433288574219,0.282348632812,0.855224609375,5329.0,-3064.0,5124.0,-1.0,-32.0,-17.0,
1645543608113285541,-0.0310668945312,-0.434997558594,0.281555175781,0.854675292969,5276.0,-2850.0,5104.0,-3.0,-34.0,-16.0,
1645543608115012884,-0.0302734375,-0.436828613281,0.28076171875,0.854064941406,5227.0,-2620.0,5062.0,-6.0,-36.0,-15.0,
1645543608117518424,-0.0294799804688,-0.438842773438,0.279846191406,0.853332519531,5225.0,-2395.0,4968.0,-8.0,-38.0,-15.0,
1645543608118216037,-0.0286865234375,-0.440979003906,0.278869628906,0.852600097656,5276.0,-2166.0,4817.0,-9.0,-39.0,-15.0,
1645543608122609615,-0.0259399414062,-0.448181152344,0.275390625,0.850036621094,5600.0,-1625.0,4564.0,-10.0,-43.0,-17.0,
1645543608127211809,-0.0249633789062,-0.450744628906,0.274108886719,0.84912109375,5691.0,-1687.0,4560.0,-11.0,-46.0,-18.0,
1645543608131849288,-0.0242309570312,-0.453552246094,0.272766113281,0.848083496094,5772.0,-1880.0,4566.0,-13.0,-48.0,-20.0,
1645543608136323690,-0.0236206054688,-0.456359863281,0.271484375,0.846984863281,5843.0,-2099.0,4563.0,-14.0,-50.0,-22.0,
1645543608140881061,-0.02294921875,-0.459228515625,0.270202636719,0.845886230469,5897.0,-2278.0,4595.0,-12.0,-50.0,-22.0,
1645543608145376443,-0.0221557617188,-0.462036132812,0.26904296875,0.8447265625,5947.0,-2393.0,4622.0,-9.0,-51.0,-21.0,
1645543608150313615,-0.0213012695312,-0.464721679688,0.26806640625,0.843627929688,5990.0,-2435.0,4609.0,-7.0,-50.0,-19.0,
1645543608154810428,-0.0204467773438,-0.467346191406,0.267150878906,0.842468261719,6046.0,-2394.0,4544.0,-6.0,-49.0,-17.0,
1645543608159588575,-0.01953125,-0.470031738281,0.266235351562,0.84130859375,6105.0,-2268.0,4377.0,-8.0,-48.0,-15.0,
1645543608164153814,-0.018798828125,-0.472778320312,0.265258789062,0.840087890625,6160.0,-2099.0,4188.0,-11.0,-47.0,-13.0,
1645543608170802354,-0.018310546875,-0.4755859375,0.26416015625,0.8388671875,6200.0,-1924.0,3973.0,-15.0,-47.0,-11.0,
