1647440709164929866,-0.890197753906,0.315979003906,-0.296691894531,-0.140502929688,4651.0,119.0,-6348.0,-2.0,-1.0,1.0,
1647440709168987035,-0.890197753906,0.316162109375,-0.296630859375,-0.140502929688,4669.0,112.0,-6365.0,-3.0,-1.0,1.0,
1647440709176997661,-0.89013671875,0.316345214844,-0.296508789062,-0.140441894531,4659.0,128.0,-6369.0,-2.0,-1.0,1.0,
1647440709180389165,-0.89013671875,0.316467285156,-0.296447753906,-0.140380859375,4706.0,105.0,-6435.0,-2.0,-1.0,1.0,
1647440709185260057,-0.890075683594,0.316650390625,-0.29638671875,-0.140258789062,4692.0,97.0,-6532.0,-1.0,-1.0,2.0,
1647440709189872980,-0.890197753906,0.316711425781,-0.296142578125,-0.139892578125,4579.0,94.0,-6583.0,2.0,-4.0,0.0,
1647440709194496393,-0.890380859375,0.316711425781,-0.295837402344,-0.139526367188,4572.0,40.0,-6605.0,3.0,-3.0,-1.0,
1647440709199445962,-0.890441894531,0.316772460938,-0.295837402344,-0.139099121094,4617.0,-5.0,-6610.0,2.0,-1.0,0.0,
1647440709203842401,-0.890441894531,0.31689453125,-0.295776367188,-0.138854980469,4592.0,66.0,-6459.0,1.0,-2.0,0.0,
1647440709208820581,-0.890319824219,0.317016601562,-0.295837402344,-0.139099121094,4827.0,-21.0,-6482.0,-5.0,2.0,2.0,
1647440709213307380,-0.889953613281,0.317504882812,-0.29638671875,-0.139282226562,4985.0,8.0,-6499.0,-7.0,6.0,6.0,
1647440709217931509,-0.889892578125,0.317749023438,-0.296264648438,-0.139343261719,4737.0,154.0,-6397.0,-4.0,-4.0,1.0,
1647440709224947690,-0.890014648438,0.317687988281,-0.295776367188,-0.139587402344,4673.0,173.0,-6361.0,-4.0,-3.0,-3.0,
1647440709229657173,-0.889892578125,0.317810058594,-0.2958984375,-0.139770507812,4923.0,190.0,-6295.0,-4.0,4.0,1.0,
1647440709234340667,-0.889587402344,0.318115234375,-0.296508789062,-0.140075683594,5185.0,192.0,-6374.0,-5.0,6.0,5.0,
1647440709239038467,-0.889465332031,0.318298339844,-0.296508789062,-0.140075683594,4960.0,324.0,-6211.0,-3.0,-4.0,2.0,
1647440709243543624,-0.8896484375,0.318237304688,-0.295959472656,-0.140319824219,4879.0,317.0,-6158.0,-4.0,-7.0,-3.0,
1647440709249616622,-0.889404296875,0.318603515625,-0.296142578125,-0.140625,5252.0,289.0,-6269.0,-8.0,5.0,5.0,
1647440709252983093,-0.88916015625,0.319091796875,-0.29638671875,-0.140747070312,5218.0,525.0,-6178.0,-4.0,-1.0,6.0,
1647440709260077476,-0.889282226562,0.319030761719,-0.295837402344,-0.141052246094,5088.0,505.0,-6257.0,-3.0,-10.0,-1.0,
1647440709264805078,-0.889404296875,0.319213867188,-0.29541015625,-0.140869140625,5101.0,410.0,-6335.0,-1.0,-6.0,1.0,
1647440709269415855,-0.889587402344,0.319274902344,-0.294982910156,-0.140319824219,5001.0,459.0,-6352.0,3.0,-10.0,0.0,
1647440709275090217,-0.890014648438,0.319152832031,-0.294189453125,-0.139831542969,4876.0,443.0,-6392.0,5.0,-15.0,-4.0,
1647440709280825138,-0.890441894531,0.318969726562,-0.293273925781,-0.139221191406,4799.0,367.0,-6386.0,5.0,-16.0,-4.0,
1647440709285857677,-0.890808105469,0.318908691406,-0.292602539062,-0.138549804688,4817.0,302.0,-6413.0,4.0,-14.0,-3.0,
1647440709290449142,-0.891174316406,0.318908691406,-0.291870117188,-0.138000488281,4734.0,289.0,-6407.0,3.0,-15.0,-3.0,
1647440709295448064,-0.891540527344,0.318786621094,-0.290954589844,-0.137451171875,4631.0,228.0,-6489.0,3.0,-16.0,-4.0,
1647440709299902915,-0.891906738281,0.318786621094,-0.290161132812,-0.136840820312,4519.0,183.0,-6534.0,3.0,-13.0,-3.0,
1647440709304688930,-0.892272949219,0.318664550781,-0.289489746094,-0.136291503906,4388.0,108.0,-6606.0,4.0,-11.0,-4.0,
1647440709309314012,-0.892578125,0.318542480469,-0.289001464844,-0.135620117188,4308.0,44.0,-6669.0,5.0,-7.0,-4.0,
1647440709314908742,-0.892822265625,0.318359375,-0.288696289062,-0.135009765625,4290.0,-13.0,-6706.0,5.0,-5.0,-4.0,
1647440709318381786,-0.893005371094,0.318237304688,-0.288513183594,-0.134582519531,4252.0,-37.0,-6729.0,4.0,-3.0,-3.0,
1647440709323074340,-0.89306640625,0.318115234375,-0.288513183594,-0.13427734375,4206.0,-89.0,-6774.0,2.0,1.0,-3.0,
1647440709327888488,-0.89306640625,0.317932128906,-0.288818359375,-0.134216308594,4167.0,-158.0,-6827.0,0.0,8.0,-3.0,
1647440709334892272,-0.892883300781,0.317749023438,-0.289428710938,-0.134399414062,4140.0,-179.0,-6831.0,-2.0,15.0,-4.0,
1647440709339515686,-0.892578125,0.317443847656,-0.290405273438,-0.134887695312,4165.0,-161.0,-6808.0,-4.0,22.0,-5.0,
1647440709344404220,-0.892150878906,0.317138671875,-0.291748046875,-0.135681152344,4195.0,-24.0,-6720.0,-7.0,28.0,-5.0,
1647440709348947525,-0.8916015625,0.31689453125,-0.293212890625,-0.136962890625,4449.0,68.0,-6609.0,-11.0,32.0,-4.0,
1647440709354196071,-0.890747070312,0.316772460938,-0.295166015625,-0.138427734375,4903.0,58.0,-6511.0,-13.0,36.0,0.0,
1647440709358683586,-0.890075683594,0.316772460938,-0.296691894531,-0.139526367188,5170.0,95.0,-6333.0,-11.0,23.0,0.0,
1647440709364191293,-0.889709472656,0.316833496094,-0.297302246094,-0.140319824219,5448.0,134.0,-6222.0,-11.0,7.0,-1.0,
1647440709377926349,-0.889587402344,0.317077636719,-0.297302246094,-0.140686035156,5562.0,184.0,-6134.0,-8.0,-6.0,1.0,
1647440709378469228,-0.889892578125,0.317199707031,-0.296325683594,-0.140502929688,5375.0,231.0,-6055.0,-3.0,-23.0,-2.0,
1647440709386183500,-0.890991210938,0.317565917969,-0.293090820312,-0.139343261719,4981.0,239.0,-6088.0,0.0,-31.0,-2.0,
1647440709391620159,-0.891662597656,0.317626953125,-0.291259765625,-0.138793945312,4626.0,300.0,-6146.0,-1.0,-29.0,-4.0,
1647440709396381378,-0.892211914062,0.317687988281,-0.289672851562,-0.138549804688,4399.0,286.0,-6135.0,-3.0,-21.0,-4.0,
1647440709401238441,-0.892456054688,0.317932128906,-0.288696289062,-0.138549804688,4421.0,314.0,-6143.0,-7.0,-12.0,-1.0,
1647440709406034469,-0.892456054688,0.318298339844,-0.2880859375,-0.138916015625,4577.0,402.0,-6184.0,-11.0,-7.0,1.0,
1647440709410652637,-0.892395019531,0.318603515625,-0.287536621094,-0.139587402344,4643.0,485.0,-6258.0,-13.0,-8.0,1.0,
1647440709415728092,-0.892456054688,0.31884765625,-0.286865234375,-0.140258789062,4700.0,525.0,-6343.0,-13.0,-7.0,-1.0,
1647440709419930696,-0.892456054688,0.318969726562,-0.286437988281,-0.140869140625,4808.0,527.0,-6431.0,-13.0,-4.0,-2.0,
1647440709424586772,-0.892395019531,0.319030761719,-0.286254882812,-0.141540527344,4910.0,477.0,-6533.0,-11.0,0.0,-3.0,
1647440709429661273,-0.892333984375,0.318908691406,-0.286193847656,-0.142150878906,4998.0,407.0,-6622.0,-10.0,2.0,-5.0,
1647440709434382677,-0.892333984375,0.318725585938,-0.2861328125,-0.142700195312,5109.0,368.0,-6702.0,-10.0,2.0,-7.0,
1647440709439077854,-0.892395019531,0.318542480469,-0.285949707031,-0.143188476562,5139.0,329.0,-6768.0,-9.0,-1.0,-8.0,
1647440709443666458,-0.892517089844,0.318359375,-0.285522460938,-0.143432617188,5049.0,242.0,-6801.0,-7.0,-6.0,-8.0,
1647440709448167324,-0.892761230469,0.318237304688,-0.284912109375,-0.1435546875,4927.0,177.0,-6812.0,-7.0,-7.0,-7.0,
1647440709452926635,-0.892944335938,0.318054199219,-0.284362792969,-0.143676757812,4819.0,133.0,-6807.0,-6.0,-6.0,-7.0,
1647440709459854125,-0.893127441406,0.317932128906,-0.283874511719,-0.143798828125,4717.0,100.0,-6764.0,-6.0,-5.0,-7.0,
1647440709465111494,-0.893310546875,0.317810058594,-0.283447265625,-0.14404296875,4610.0,86.0,-6726.0,-7.0,-4.0,-7.0,
1647440709469436407,-0.893371582031,0.317687988281,-0.283081054688,-0.144409179688,4558.0,66.0,-6694.0,-9.0,-2.0,-6.0,
1647440709474431037,-0.893432617188,0.317626953125,-0.282836914062,-0.144775390625,4496.0,83.0,-6669.0,-9.0,-1.0,-6.0,
1647440709479756355,-0.8935546875,0.317504882812,-0.282470703125,-0.145141601562,4408.0,119.0,-6625.0,-8.0,-1.0,-7.0,
1647440709485059499,-0.893676757812,0.317260742188,-0.282165527344,-0.1455078125,4353.0,152.0,-6552.0,-7.0,-1.0,-7.0,
1647440709490097045,-0.893737792969,0.317016601562,-0.281921386719,-0.145874023438,4348.0,139.0,-6485.0,-7.0,0.0,-7.0,
1647440709494861364,-0.893798828125,0.316833496094,-0.28173828125,-0.146179199219,4325.0,134.0,-6414.0,-7.0,-1.0,-7.0,
1647440709499327182,-0.893920898438,0.316711425781,-0.281494140625,-0.146484375,4297.0,154.0,-6339.0,-7.0,-2.0,-6.0,
1647440709504216670,-0.893981933594,0.316589355469,-0.281188964844,-0.146850585938,4280.0,193.0,-6275.0,-7.0,-2.0,-5.0,
1647440709509070158,-0.89404296875,0.316528320312,-0.280944824219,-0.147216796875,4249.0,237.0,-6211.0,-7.0,-2.0,-5.0,
1647440709514444112,-0.894104003906,0.31640625,-0.280639648438,-0.147583007812,4235.0,267.0,-6145.0,-7.0,-2.0,-5.0,
1647440709518489360,-0.894104003906,0.316345214844,-0.280517578125,-0.148010253906,4276.0,285.0,-6087.0,-8.0,0.0,-4.0,
1647440709523354768,-0.893981933594,0.31640625,-0.280517578125,-0.148498535156,4336.0,328.0,-6044.0,-8.0,2.0,-3.0,
1647440709527955532,-0.893859863281,0.316467285156,-0.280517578125,-0.149047851562,4381.0,396.0,-6027.0,-9.0,2.0,-2.0,
1647440709532723188,-0.893737792969,0.316528320312,-0.280578613281,-0.149597167969,4419.0,462.0,-6037.0,-9.0,3.0,-1.0,
1647440709539566516,-0.8935546875,0.316650390625,-0.280578613281,-0.150207519531,4441.0,520.0,-6066.0,-9.0,3.0,0.0,
1647440709544369220,-0.893432617188,0.316833496094,-0.280639648438,-0.150695800781,4465.0,573.0,-6132.0,-9.0,3.0,1.0,
1647440709549137830,-0.893249511719,0.317016601562,-0.280700683594,-0.151184082031,4506.0,640.0,-6182.0,-8.0,4.0,2.0,
1647440709553639650,-0.893127441406,0.317199707031,-0.280700683594,-0.151611328125,4523.0,689.0,-6229.0,-7.0,2.0,2.0,
1647440709558453798,-0.893005371094,0.3173828125,-0.280639648438,-0.152038574219,4635.0,698.0,-6323.0,-7.0,2.0,1.0,
1647440709563324213,-0.892883300781,0.317504882812,-0.280700683594,-0.152221679688,4713.0,710.0,-6427.0,-5.0,1.0,2.0,
1647440709567762136,-0.892883300781,0.317687988281,-0.280578613281,-0.152221679688,4699.0,718.0,-6521.0,-2.0,-3.0,1.0,
1647440709574530363,-0.893005371094,0.317749023438,-0.2802734375,-0.152038574219,4694.0,671.0,-6593.0,0.0,-4.0,1.0,
1647440709579376459,-0.89306640625,0.31787109375,-0.280090332031,-0.151733398438,4692.0,599.0,-6644.0,2.0,-4.0,1.0,
1647440709586004257,-0.893188476562,0.317932128906,-0.279846191406,-0.151306152344,4683.0,537.0,-6703.0,2.0,-5.0,1.0,
1647440709591132640,-0.893249511719,0.318054199219,-0.279602050781,-0.150939941406,4655.0,481.0,-6735.0,2.0,-5.0,1.0,
1647440709595689058,-0.893371582031,0.318176269531,-0.279357910156,-0.150512695312,4632.0,409.0,-6756.0,2.0,-5.0,1.0,
1647440709600600719,-0.893493652344,0.318298339844,-0.279174804688,-0.150085449219,4639.0,335.0,-6760.0,2.0,-5.0,0.0,
1647440709605060338,-0.8935546875,0.318420410156,-0.278930664062,-0.149719238281,4622.0,277.0,-6760.0,1.0,-5.0,0.0,
1647440709610194683,-0.893676757812,0.318542480469,-0.278686523438,-0.1494140625,4593.0,243.0,-6756.0,-1.0,-6.0,0.0,
1647440709614498853,-0.893737792969,0.318664550781,-0.278259277344,-0.149230957031,4571.0,218.0,-6749.0,-2.0,-6.0,-1.0,
1647440709619096279,-0.893859863281,0.318786621094,-0.277893066406,-0.149108886719,4552.0,196.0,-6722.0,-3.0,-6.0,-1.0,
1647440709623583078,-0.893981933594,0.318908691406,-0.277465820312,-0.149108886719,4535.0,189.0,-6677.0,-5.0,-6.0,-2.0,
1647440709628559827,-0.89404296875,0.319030761719,-0.276977539062,-0.149230957031,4526.0,190.0,-6652.0,-7.0,-6.0,-2.0,
1647440709633197069,-0.89404296875,0.319213867188,-0.276550292969,-0.1494140625,4533.0,189.0,-6625.0,-8.0,-5.0,-1.0,
1647440709637989521,-0.89404296875,0.319458007812,-0.276184082031,-0.149719238281,4517.0,202.0,-6597.0,-9.0,-5.0,-1.0,
1647440709642473459,-0.89404296875,0.319641113281,-0.275756835938,-0.150024414062,4491.0,231.0,-6555.0,-10.0,-5.0,-1.0,
1647440709649703025,-0.89404296875,0.319885253906,-0.275329589844,-0.150390625,4479.0,258.0,-6521.0,-10.0,-4.0,0.0,
1647440709654505252,-0.893981933594,0.320129394531,-0.275024414062,-0.15087890625,4477.0,307.0,-6492.0,-11.0,-3.0,0.0,
1647440709659041166,-0.893920898438,0.320373535156,-0.274719238281,-0.1513671875,4482.0,371.0,-6471.0,-11.0,-2.0,0.0,
1647440709663935899,-0.893798828125,0.320556640625,-0.274475097656,-0.151916503906,4512.0,433.0,-6455.0,-11.0,-1.0,0.0,
1647440709668543815,-0.893737792969,0.320678710938,-0.274291992188,-0.152404785156,4558.0,477.0,-6444.0,-10.0,-1.0,-1.0,
1647440709673294305,-0.893676757812,0.320861816406,-0.274108886719,-0.15283203125,4606.0,506.0,-6423.0,-8.0,-1.0,-1.0,
1647440709678100585,-0.8935546875,0.320922851562,-0.274047851562,-0.153198242188,4649.0,527.0,-6422.0,-7.0,-1.0,-1.0,
1647440709684532642,-0.893493652344,0.321044921875,-0.273986816406,-0.153503417969,4668.0,544.0,-6431.0,-6.0,0.0,0.0,
1647440709690356492,-0.893432617188,0.321166992188,-0.273986816406,-0.153686523438,4682.0,564.0,-6443.0,-5.0,0.0,1.0,
1647440709694255352,-0.893310546875,0.321350097656,-0.273986816406,-0.153869628906,4693.0,577.0,-6469.0,-5.0,1.0,1.0,
1647440709698765516,-0.893188476562,0.321533203125,-0.274047851562,-0.154052734375,4679.0,569.0,-6492.0,-4.0,1.0,2.0,
1647440709703370809,-0.893127441406,0.321716308594,-0.274108886719,-0.154113769531,4661.0,560.0,-6518.0,-4.0,2.0,2.0,
1647440709708310127,-0.893005371094,0.321960449219,-0.274230957031,-0.154296875,4650.0,560.0,-6540.0,-4.0,2.0,2.0,
1647440709713025331,-0.892822265625,0.322143554688,-0.274291992188,-0.154479980469,4626.0,547.0,-6561.0,-5.0,3.0,2.0,
1647440709717459678,-0.892700195312,0.322387695312,-0.274353027344,-0.154663085938,4600.0,527.0,-6561.0,-6.0,2.0,2.0,
1647440709724410057,-0.892578125,0.322631835938,-0.274353027344,-0.154907226562,4585.0,515.0,-6564.0,-7.0,2.0,2.0,
1647440709729288816,-0.892456054688,0.322875976562,-0.2744140625,-0.155212402344,4594.0,504.0,-6548.0,-7.0,2.0,2.0,
1647440709734095335,-0.892272949219,0.323059082031,-0.2744140625,-0.155578613281,4609.0,485.0,-6534.0,-8.0,2.0,1.0,
1647440709739049911,-0.892150878906,0.3232421875,-0.2744140625,-0.155883789062,4628.0,466.0,-6531.0,-8.0,1.0,1.0,
1647440709743616342,-0.89208984375,0.323425292969,-0.274291992188,-0.156188964844,4641.0,462.0,-6509.0,-8.0,0.0,0.0,
1647440709749229669,-0.892028808594,0.323608398438,-0.274169921875,-0.156494140625,4629.0,441.0,-6492.0,-7.0,-1.0,-1.0,
1647440709753185510,-0.891967773438,0.32373046875,-0.273986816406,-0.156677246094,4592.0,413.0,-6453.0,-7.0,-2.0,-1.0,
1647440709758242845,-0.891967773438,0.323852539062,-0.273803710938,-0.156860351562,4552.0,402.0,-6419.0,-6.0,-2.0,-1.0,
1647440709762706756,-0.891967773438,0.323974609375,-0.273620605469,-0.157043457031,4506.0,411.0,-6383.0,-6.0,-1.0,-1.0,
1647440709769768953,-0.891906738281,0.324096679688,-0.273498535156,-0.1572265625,4468.0,414.0,-6351.0,-5.0,-1.0,-1.0,
1647440709774341344,-0.891845703125,0.32421875,-0.2734375,-0.157348632812,4429.0,420.0,-6328.0,-5.0,1.0,0.0,
1647440709778765201,-0.891784667969,0.324340820312,-0.273498535156,-0.157531738281,4389.0,441.0,-6300.0,-5.0,2.0,1.0,
1647440709783686637,-0.891662597656,0.324462890625,-0.273559570312,-0.157775878906,4358.0,461.0,-6313.0,-5.0,3.0,1.0,
1647440709790152549,-0.891540527344,0.324645996094,-0.273742675781,-0.157958984375,4342.0,496.0,-6343.0,-4.0,5.0,2.0,
1647440709794861078,-0.891357421875,0.324768066406,-0.274047851562,-0.158142089844,4346.0,516.0,-6368.0,-3.0,7.0,3.0,
1647440709799713850,-0.89111328125,0.324951171875,-0.274475097656,-0.158203125,4378.0,521.0,-6396.0,-2.0,8.0,3.0,
1647440709804217338,-0.890930175781,0.325073242188,-0.274963378906,-0.158325195312,4430.0,531.0,-6432.0,-1.0,9.0,4.0,
1647440709808866739,-0.890686035156,0.325256347656,-0.275512695312,-0.158325195312,4463.0,549.0,-6467.0,0.0,9.0,4.0,
1647440709813999176,-0.890441894531,0.325439453125,-0.276062011719,-0.158325195312,4501.0,550.0,-6499.0,1.0,9.0,4.0,
1647440709818270683,-0.890197753906,0.325622558594,-0.276672363281,-0.158264160156,4562.0,549.0,-6528.0,1.0,9.0,4.0,
1647440709822617292,-0.889953613281,0.325744628906,-0.277282714844,-0.158142089844,4628.0,544.0,-6554.0,2.0,9.0,5.0,
1647440709827364683,-0.889770507812,0.325927734375,-0.277893066406,-0.158020019531,4683.0,530.0,-6560.0,2.0,8.0,5.0,
1647440709832313776,-0.889526367188,0.326110839844,-0.278381347656,-0.157775878906,4704.0,503.0,-6549.0,3.0,6.0,5.0,
1647440709839926481,-0.889404296875,0.326293945312,-0.278930664062,-0.157470703125,4722.0,472.0,-6528.0,4.0,6.0,5.0,
1647440709844840764,-0.889221191406,0.326538085938,-0.279418945312,-0.157165527344,4739.0,450.0,-6500.0,4.0,6.0,5.0,
1647440709849205255,-0.889038085938,0.326721191406,-0.279968261719,-0.156860351562,4730.0,424.0,-6510.0,4.0,5.0,5.0,
1647440709853602409,-0.888916015625,0.326843261719,-0.280395507812,-0.156555175781,4674.0,406.0,-6508.0,4.0,5.0,4.0,
1647440709858398437,-0.888793945312,0.326965332031,-0.280700683594,-0.15625,4640.0,366.0,-6498.0,3.0,5.0,3.0,
1647440709863128423,-0.888671875,0.327087402344,-0.281066894531,-0.156005859375,4664.0,392.0,-6444.0,2.0,5.0,3.0,
1647440709867367029,-0.888488769531,0.327270507812,-0.281433105469,-0.156066894531,4821.0,400.0,-6494.0,-1.0,5.0,4.0,
1647440709874487638,-0.888244628906,0.32763671875,-0.281799316406,-0.156066894531,4830.0,517.0,-6451.0,-2.0,3.0,6.0,
1647440709879243612,-0.88818359375,0.327819824219,-0.281677246094,-0.156066894531,4726.0,575.0,-6449.0,-1.0,-3.0,3.0,
1647440709883954524,-0.888122558594,0.328063964844,-0.281555175781,-0.156005859375,4794.0,582.0,-6435.0,-2.0,-1.0,4.0,
1647440709889395952,-0.888061523438,0.328369140625,-0.281555175781,-0.155944824219,4830.0,562.0,-6437.0,-1.0,-2.0,4.0,
1647440709895838975,-0.888061523438,0.32861328125,-0.281372070312,-0.155700683594,4674.0,575.0,-6441.0,0.0,-6.0,2.0,
1647440709900531768,-0.88818359375,0.328735351562,-0.280944824219,-0.155456542969,4593.0,538.0,-6613.0,0.0,-5.0,1.0,
1647440709905399799,-0.888305664062,0.328918457031,-0.280639648438,-0.154846191406,4464.0,563.0,-6732.0,5.0,-4.0,3.0,
1647440709911224365,-0.888671875,0.328918457031,-0.280090332031,-0.153869628906,4243.0,481.0,-6824.0,11.0,-10.0,0.0,
1647440709915328502,-0.889099121094,0.328796386719,-0.279602050781,-0.152709960938,4160.0,312.0,-6872.0,13.0,-8.0,-1.0,
1647440709919518470,-0.889404296875,0.328674316406,-0.279296875,-0.151489257812,4120.0,171.0,-6848.0,13.0,-8.0,-1.0,
1647440709924503803,-0.889709472656,0.32861328125,-0.279052734375,-0.150451660156,4112.0,145.0,-6782.0,10.0,-7.0,-1.0,
1647440709928951025,-0.889770507812,0.32861328125,-0.278991699219,-0.14990234375,4192.0,119.0,-6744.0,5.0,-2.0,0.0,
1647440709933761596,-0.889770507812,0.328735351562,-0.279174804688,-0.149658203125,4193.0,114.0,-6681.0,2.0,1.0,1.0,
1647440709938549518,-0.8896484375,0.328796386719,-0.279541015625,-0.149536132812,4276.0,103.0,-6585.0,0.0,6.0,1.0,
1647440709943038940,-0.889343261719,0.328918457031,-0.280212402344,-0.149658203125,4496.0,147.0,-6507.0,-2.0,10.0,3.0,
1647440709947561502,-0.888916015625,0.329162597656,-0.281066894531,-0.150024414062,4776.0,273.0,-6445.0,-4.0,13.0,5.0,
1647440709952296018,-0.888488769531,0.329406738281,-0.281921386719,-0.150573730469,4974.0,399.0,-6415.0,-6.0,11.0,6.0,
1647440709957149744,-0.888122558594,0.329711914062,-0.282409667969,-0.151123046875,5074.0,490.0,-6412.0,-6.0,7.0,5.0,
1647440709964297294,-0.887817382812,0.330078125,-0.282653808594,-0.151550292969,5159.0,556.0,-6415.0,-6.0,3.0,5.0,
1647440709969030141,-0.887634277344,0.330383300781,-0.282775878906,-0.15185546875,5230.0,594.0,-6432.0,-6.0,0.0,5.0,
1647440709973525524,-0.887512207031,0.330749511719,-0.282653808594,-0.152038574219,5226.0,616.0,-6445.0,-5.0,-3.0,4.0,
1647440709978208065,-0.887512207031,0.330993652344,-0.282287597656,-0.152160644531,5150.0,609.0,-6443.0,-6.0,-7.0,2.0,
1647440709982878684,-0.887573242188,0.331298828125,-0.28173828125,-0.152160644531,5067.0,588.0,-6443.0,-5.0,-9.0,2.0,
1647440709987748622,-0.8876953125,0.331604003906,-0.281005859375,-0.152099609375,4988.0,548.0,-6393.0,-5.0,-12.0,1.0,
1647440709997142791,-0.887817382812,0.331970214844,-0.280212402344,-0.152038574219,4907.0,520.0,-6313.0,-6.0,-14.0,1.0,
1647440709999370813,-0.888000488281,0.332275390625,-0.279235839844,-0.152099609375,4797.0,489.0,-6256.0,-8.0,-16.0,0.0,
1647440710004086017,-0.88818359375,0.332580566406,-0.278259277344,-0.152160644531,4697.0,497.0,-6187.0,-9.0,-15.0,0.0,
1647440710008958816,-0.888305664062,0.332885742188,-0.277404785156,-0.152404785156,4621.0,490.0,-6130.0,-10.0,-13.0,0.0,
1647440710013783693,-0.888366699219,0.333190917969,-0.276672363281,-0.152648925781,4591.0,482.0,-6116.0,-10.0,-10.0,0.0,
1647440710018897294,-0.888366699219,0.33349609375,-0.276184082031,-0.152893066406,4531.0,493.0,-6123.0,-9.0,-7.0,1.0,
1647440710030761480,-0.888366699219,0.333740234375,-0.275695800781,-0.153137207031,4425.0,480.0,-6123.0,-8.0,-5.0,0.0,
1647440710031275272,-0.888305664062,0.333984375,-0.275512695312,-0.153381347656,4407.0,449.0,-6251.0,-7.0,0.0,1.0,
1647440710043701410,-0.88818359375,0.334228515625,-0.275573730469,-0.153442382812,4371.0,441.0,-6350.0,-4.0,3.0,4.0,
1647440710044405460,-0.888061523438,0.33447265625,-0.275695800781,-0.153381347656,4294.0,411.0,-6438.0,-1.0,4.0,3.0,
1647440710044751405,-0.888000488281,0.334594726562,-0.275817871094,-0.153259277344,4264.0,331.0,-6500.0,-1.0,5.0,2.0,
1647440710047537565,-0.887878417969,0.334777832031,-0.276184082031,-0.153137207031,4345.0,268.0,-6572.0,-1.0,7.0,2.0,
1647440710052458286,-0.887634277344,0.3349609375,-0.276550292969,-0.153076171875,4428.0,254.0,-6643.0,-1.0,7.0,3.0,
1647440710057269811,-0.887512207031,0.335144042969,-0.27685546875,-0.153015136719,4483.0,224.0,-6682.0,-1.0,5.0,3.0,
1647440710064349889,-0.887390136719,0.335266113281,-0.277099609375,-0.152893066406,4508.0,190.0,-6698.0,0.0,3.0,2.0,
1647440710069033384,-0.887329101562,0.335388183594,-0.27734375,-0.15283203125,4603.0,190.0,-6717.0,-1.0,4.0,1.0,
1647440710073492527,-0.88720703125,0.335510253906,-0.277587890625,-0.152770996094,4719.0,200.0,-6710.0,-1.0,3.0,1.0,
1647440710078038930,-0.887084960938,0.335571289062,-0.277770996094,-0.152770996094,4805.0,202.0,-6706.0,-2.0,2.0,0.0,
1647440710082991838,-0.887023925781,0.335571289062,-0.277893066406,-0.15283203125,4827.0,221.0,-6699.0,-3.0,0.0,-1.0,
1647440710087584733,-0.887023925781,0.335632324219,-0.277893066406,-0.153015136719,4807.0,239.0,-6723.0,-4.0,0.0,-2.0,
1647440710094366788,-0.886962890625,0.335632324219,-0.277893066406,-0.153198242188,4801.0,256.0,-6852.0,-5.0,2.0,-1.0,
1647440710099005222,-0.886962890625,0.335693359375,-0.277893066406,-0.153259277344,4753.0,293.0,-6876.0,-3.0,2.0,-1.0,
1647440710104043722,-0.886962890625,0.335693359375,-0.277709960938,-0.153259277344,4657.0,297.0,-6904.0,-3.0,-1.0,-2.0,
1647440710108596801,-0.887084960938,0.335693359375,-0.277282714844,-0.153381347656,4571.0,311.0,-6889.0,-5.0,-3.0,-4.0,
1647440710113409280,-0.887268066406,0.335632324219,-0.276794433594,-0.153564453125,4510.0,303.0,-6853.0,-7.0,-4.0,-4.0,
1647440710118009090,-0.887390136719,0.335632324219,-0.276245117188,-0.15380859375,4489.0,305.0,-6760.0,-8.0,-5.0,-5.0,
1647440710122755527,-0.887451171875,0.335632324219,-0.275756835938,-0.154174804688,4444.0,330.0,-6681.0,-10.0,-5.0,-5.0,
1647440710127274513,-0.887573242188,0.335632324219,-0.275207519531,-0.154602050781,4427.0,356.0,-6559.0,-10.0,-5.0,-5.0,
1647440710132092952,-0.887634277344,0.335632324219,-0.274780273438,-0.155029296875,4479.0,369.0,-6474.0,-9.0,-5.0,-4.0,
1647440710137006044,-0.887634277344,0.335693359375,-0.274475097656,-0.155334472656,4558.0,392.0,-6378.0,-7.0,-4.0,-3.0,
1647440710143864154,-0.8876953125,0.335693359375,-0.274230957031,-0.155578613281,4596.0,401.0,-6328.0,-6.0,-5.0,-3.0,
1647440710148893356,-0.887756347656,0.335632324219,-0.27392578125,-0.15576171875,4625.0,433.0,-6302.0,-5.0,-5.0,-4.0,
1647440710154247283,-0.887817382812,0.335571289062,-0.273620605469,-0.155944824219,4675.0,479.0,-6298.0,-5.0,-5.0,-4.0,
1647440710158286571,-0.887878417969,0.335571289062,-0.2734375,-0.156127929688,4778.0,498.0,-6294.0,-4.0,-4.0,-2.0,
1647440710163285255,-0.887817382812,0.335632324219,-0.273315429688,-0.156372070312,4859.0,507.0,-6312.0,-5.0,-3.0,-1.0,
1647440710167766332,-0.8876953125,0.335815429688,-0.273315429688,-0.156677246094,4901.0,538.0,-6400.0,-7.0,-1.0,1.0,
1647440710172449350,-0.887573242188,0.336120605469,-0.273254394531,-0.156921386719,4997.0,557.0,-6495.0,-7.0,1.0,3.0,
1647440710177045106,-0.887451171875,0.336364746094,-0.273315429688,-0.157104492188,4932.0,559.0,-6497.0,-5.0,0.0,3.0,
1647440710184340238,-0.887390136719,0.336547851562,-0.273071289062,-0.157287597656,4774.0,558.0,-6441.0,-6.0,-2.0,1.0,
1647440710188806772,-0.887268066406,0.336853027344,-0.27294921875,-0.157592773438,4880.0,579.0,-6475.0,-8.0,0.0,2.0,
1647440710193449258,-0.887023925781,0.337280273438,-0.273010253906,-0.157958984375,5012.0,631.0,-6629.0,-8.0,1.0,6.0,
1647440710202118396,-0.886962890625,0.337646484375,-0.272705078125,-0.158020019531,4737.0,637.0,-6717.0,-4.0,-6.0,4.0,
1647440710205778598,-0.887268066406,0.337768554688,-0.271789550781,-0.157653808594,4470.0,547.0,-6735.0,-1.0,-10.0,-1.0,
1647440710210822820,-0.887451171875,0.337951660156,-0.271118164062,-0.157287597656,4468.0,464.0,-6754.0,-1.0,-8.0,-1.0,
1647440710215550184,-0.887573242188,0.338195800781,-0.270690917969,-0.156982421875,4467.0,441.0,-6752.0,-2.0,-8.0,1.0,
1647440710219639301,-0.8876953125,0.33837890625,-0.270080566406,-0.15673828125,4221.0,375.0,-6674.0,-2.0,-10.0,0.0,
1647440710224173545,-0.887878417969,0.338562011719,-0.26953125,-0.156433105469,4232.0,275.0,-6632.0,-2.0,-6.0,1.0,
1647440710228912591,-0.887817382812,0.3388671875,-0.26953125,-0.156188964844,4325.0,255.0,-6589.0,-2.0,-2.0,3.0,
1647440710233483076,-0.8876953125,0.339172363281,-0.26953125,-0.156005859375,4444.0,291.0,-6590.0,-1.0,-2.0,3.0,
1647440710238276243,-0.8876953125,0.339416503906,-0.269470214844,-0.15576171875,4471.0,331.0,-6584.0,1.0,-4.0,5.0,
1647440710242750883,-0.8876953125,0.339782714844,-0.269348144531,-0.155212402344,4490.0,349.0,-6588.0,5.0,-6.0,6.0,
1647440710247577428,-0.8876953125,0.340148925781,-0.269287109375,-0.154418945312,4494.0,346.0,-6579.0,7.0,-6.0,8.0,
1647440710252359390,-0.8876953125,0.340576171875,-0.269226074219,-0.153686523438,4398.0,354.0,-6550.0,7.0,-6.0,8.0,
1647440710257110834,-0.887634277344,0.341064453125,-0.269226074219,-0.152954101562,4348.0,373.0,-6539.0,6.0,-3.0,9.0,
1647440710263826608,-0.887512207031,0.341430664062,-0.269409179688,-0.152404785156,4424.0,376.0,-6534.0,6.0,0.0,9.0,
1647440710268661975,-0.887329101562,0.341857910156,-0.269775390625,-0.15185546875,4522.0,425.0,-6496.0,6.0,1.0,9.0,
1647440710273379325,-0.88720703125,0.342224121094,-0.270080566406,-0.151306152344,4603.0,452.0,-6469.0,7.0,-1.0,8.0,
1647440710277597188,-0.887145996094,0.342529296875,-0.270202636719,-0.150817871094,4554.0,497.0,-6483.0,6.0,-4.0,6.0,
1647440710286269187,-0.88720703125,0.342712402344,-0.27001953125,-0.150268554688,4439.0,502.0,-6494.0,5.0,-6.0,4.0,
1647440710286799430,-0.887268066406,0.342956542969,-0.269775390625,-0.149719238281,4354.0,473.0,-6511.0,5.0,-5.0,4.0,
1647440710293897628,-0.887268066406,0.34326171875,-0.269653320312,-0.149230957031,4309.0,503.0,-6537.0,4.0,-3.0,5.0,
1647440710299354314,-0.887268066406,0.343566894531,-0.26953125,-0.148803710938,4241.0,533.0,-6550.0,3.0,-3.0,6.0,
1647440710306024074,-0.88720703125,0.343872070312,-0.269470214844,-0.148498535156,4194.0,559.0,-6570.0,3.0,-1.0,6.0,
1647440710310653209,-0.887145996094,0.344177246094,-0.269470214844,-0.148193359375,4197.0,562.0,-6594.0,2.0,0.0,6.0,
1647440710315548658,-0.887023925781,0.344482421875,-0.269592285156,-0.14794921875,4245.0,558.0,-6632.0,2.0,1.0,6.0,
1647440710319629907,-0.886962890625,0.3447265625,-0.269653320312,-0.147644042969,4156.0,659.0,-6650.0,3.0,0.0,5.0,
1647440710324457645,-0.886962890625,0.344848632812,-0.269592285156,-0.147521972656,4180.0,838.0,-6701.0,2.0,1.0,2.0,
1647440710329077482,-0.886779785156,0.344970703125,-0.270080566406,-0.147583007812,4550.0,519.0,-6731.0,4.0,10.0,7.0,
1647440710333655357,-0.886535644531,0.34521484375,-0.270874023438,-0.146911621094,4568.0,346.0,-6739.0,6.0,3.0,5.0,
1647440710338575601,-0.886535644531,0.345397949219,-0.271057128906,-0.146057128906,4528.0,364.0,-6703.0,8.0,-2.0,4.0,
1647440710343151330,-0.886596679688,0.345520019531,-0.271179199219,-0.145263671875,4557.0,442.0,-6675.0,11.0,-2.0,4.0,
1647440710347654581,-0.886596679688,0.345642089844,-0.271484375,-0.144470214844,4653.0,420.0,-6656.0,13.0,-1.0,6.0,
1647440710352396488,-0.886596679688,0.345764160156,-0.271850585938,-0.143432617188,4690.0,307.0,-6619.0,15.0,-3.0,6.0,
1647440710357439517,-0.886657714844,0.345886230469,-0.272094726562,-0.142150878906,4668.0,229.0,-6579.0,17.0,-6.0,5.0,
1647440710362054586,-0.886840820312,0.345947265625,-0.272216796875,-0.140747070312,4669.0,156.0,-6571.0,18.0,-8.0,5.0,
1647440710369050264,-0.887023925781,0.346008300781,-0.272216796875,-0.13916015625,4612.0,115.0,-6574.0,20.0,-10.0,4.0,
1647440710373703479,-0.887329101562,0.346069335938,-0.272094726562,-0.137573242188,4567.0,42.0,-6584.0,21.0,-11.0,4.0,
1647440710378268718,-0.887573242188,0.346069335938,-0.272094726562,-0.135925292969,4520.0,-62.0,-6558.0,20.0,-10.0,4.0,
1647440710382890939,-0.887756347656,0.346130371094,-0.272094726562,-0.134521484375,4485.0,-75.0,-6633.0,18.0,-8.0,3.0,
1647440710387338399,-0.888000488281,0.346069335938,-0.27197265625,-0.133178710938,4551.0,-53.0,-6759.0,17.0,-9.0,2.0,
1647440710392296552,-0.888244628906,0.346069335938,-0.271850585938,-0.1318359375,4680.0,-26.0,-6894.0,18.0,-10.0,3.0,
1647440710397200584,-0.888488769531,0.346069335938,-0.271667480469,-0.130432128906,4719.0,-7.0,-6990.0,18.0,-13.0,4.0,
1647440710403791666,-0.888793945312,0.346252441406,-0.271240234375,-0.129089355469,4727.0,-14.0,-7026.0,16.0,-15.0,5.0,
1647440710408940792,-0.888977050781,0.346496582031,-0.270751953125,-0.1279296875,4714.0,-1.0,-7084.0,12.0,-15.0,5.0,
1647440710413592338,-0.889221191406,0.346801757812,-0.270141601562,-0.126892089844,4696.0,-20.0,-7138.0,9.0,-16.0,5.0,
1647440710418050765,-0.889465332031,0.347045898438,-0.269470214844,-0.125915527344,4572.0,26.0,-7142.0,8.0,-15.0,4.0,
1647440710422532558,-0.889709472656,0.347229003906,-0.268798828125,-0.125061035156,4487.0,53.0,-7062.0,8.0,-13.0,3.0,
1647440710427226305,-0.889831542969,0.347473144531,-0.268432617188,-0.124267578125,4550.0,-11.0,-6935.0,7.0,-10.0,4.0,
1647440710432184457,-0.889892578125,0.347778320312,-0.268188476562,-0.123474121094,4592.0,-59.0,-6787.0,6.0,-12.0,5.0,
1647440710436684131,-0.890014648438,0.348083496094,-0.267761230469,-0.122680664062,4522.0,-70.0,-6646.0,6.0,-15.0,5.0,
1647440710443553447,-0.890197753906,0.348327636719,-0.267150878906,-0.121887207031,4410.0,-70.0,-6527.0,7.0,-16.0,4.0,
1647440710448510885,-0.890380859375,0.348510742188,-0.266723632812,-0.120971679688,4395.0,-61.0,-6469.0,9.0,-13.0,4.0,
1647440710453398466,-0.890441894531,0.348754882812,-0.2666015625,-0.120056152344,4446.0,-46.0,-6420.0,10.0,-9.0,6.0,
1647440710458093404,-0.890441894531,0.349060058594,-0.266662597656,-0.119262695312,4483.0,-34.0,-6360.0,10.0,-7.0,7.0,
1647440710462695837,-0.890380859375,0.349426269531,-0.266723632812,-0.118530273438,4517.0,-19.0,-6316.0,9.0,-6.0,8.0,
1647440710467296838,-0.890319824219,0.349792480469,-0.266723632812,-0.117858886719,4530.0,-14.0,-6307.0,7.0,-7.0,7.0,
1647440710471968173,-0.890319824219,0.35009765625,-0.266540527344,-0.117248535156,4514.0,1.0,-6299.0,5.0,-9.0,6.0,
1647440710476685762,-0.890441894531,0.350341796875,-0.266174316406,-0.116638183594,4503.0,38.0,-6357.0,5.0,-10.0,5.0,
1647440710483739614,-0.890563964844,0.350646972656,-0.265686035156,-0.115966796875,4465.0,83.0,-6392.0,6.0,-12.0,5.0,
1647440710488857746,-0.890747070312,0.350830078125,-0.26513671875,-0.115234375,4402.0,54.0,-6394.0,7.0,-14.0,4.0,
1647440710493432998,-0.890930175781,0.35107421875,-0.2646484375,-0.114379882812,4297.0,-5.0,-6402.0,8.0,-14.0,4.0,
1647440710498070240,-0.89111328125,0.351257324219,-0.264099121094,-0.113403320312,4164.0,-73.0,-6414.0,9.0,-13.0,3.0,
1647440710503907680,-0.891296386719,0.351379394531,-0.263549804688,-0.112426757812,4075.0,-150.0,-6442.0,9.0,-12.0,3.0,
1647440710510793209,-0.891479492188,0.3515625,-0.26318359375,-0.111511230469,3993.0,-210.0,-6470.0,8.0,-10.0,2.0,
1647440710514256715,-0.891662597656,0.351623535156,-0.262817382812,-0.110595703125,3907.0,-271.0,-6487.0,8.0,-10.0,2.0,
1647440710518758296,-0.891906738281,0.351684570312,-0.262451171875,-0.109741210938,3808.0,-342.0,-6507.0,8.0,-9.0,1.0,
1647440710523317337,-0.89208984375,0.351684570312,-0.262145996094,-0.108825683594,3704.0,-418.0,-6523.0,9.0,-8.0,0.0,
1647440710528146266,-0.892272949219,0.351684570312,-0.261962890625,-0.10791015625,3619.0,-480.0,-6529.0,9.0,-5.0,0.0,
1647440710532771587,-0.892395019531,0.351623535156,-0.261962890625,-0.107055664062,3552.0,-533.0,-6547.0,10.0,-2.0,0.0,
1647440710537779092,-0.892395019531,0.351623535156,-0.26220703125,-0.106201171875,3525.0,-574.0,-6571.0,10.0,2.0,1.0,
1647440710542331695,-0.892333984375,0.351623535156,-0.2626953125,-0.10546875,3530.0,-585.0,-6614.0,10.0,5.0,2.0,
1647440710546982049,-0.892272949219,0.3515625,-0.263244628906,-0.104858398438,3599.0,-555.0,-6668.0,10.0,7.0,2.0,
1647440710551872253,-0.892150878906,0.351501464844,-0.263916015625,-0.104370117188,3698.0,-498.0,-6731.0,9.0,9.0,2.0,
1647440710558480978,-0.892028808594,0.351501464844,-0.2646484375,-0.10400390625,3783.0,-464.0,-6796.0,9.0,10.0,2.0,
1647440710563692331,-0.891906738281,0.351440429688,-0.265258789062,-0.103576660156,3814.0,-463.0,-6854.0,8.0,9.0,2.0,
1647440710568323612,-0.891784667969,0.351379394531,-0.265808105469,-0.103149414062,3846.0,-470.0,-6905.0,8.0,8.0,1.0,
1647440710572954893,-0.891662597656,0.351318359375,-0.266418457031,-0.102783203125,3909.0,-471.0,-6944.0,7.0,8.0,1.0,
1647440710577776432,-0.891540527344,0.351257324219,-0.267028808594,-0.102478027344,4001.0,-450.0,-7000.0,6.0,10.0,1.0,
1647440710582397937,-0.891357421875,0.351196289062,-0.267761230469,-0.102355957031,4116.0,-400.0,-7051.0,5.0,11.0,1.0,
1647440710586975574,-0.891174316406,0.351196289062,-0.268493652344,-0.102294921875,4247.0,-342.0,-7077.0,4.0,11.0,1.0,
1647440710591704845,-0.890991210938,0.351135253906,-0.269226074219,-0.102294921875,4413.0,-301.0,-7082.0,4.0,10.0,1.0,
1647440710598749160,-0.890808105469,0.35107421875,-0.269897460938,-0.102294921875,4570.0,-284.0,-7059.0,3.0,8.0,1.0,
1647440710603599786,-0.890625,0.35107421875,-0.270385742188,-0.102355957031,4693.0,-248.0,-6992.0,2.0,5.0,1.0,
1647440710610939741,-0.890502929688,0.35107421875,-0.270751953125,-0.102416992188,4784.0,-209.0,-6883.0,0.0,3.0,0.0,
1647440710615429878,-0.890380859375,0.351013183594,-0.271057128906,-0.102661132812,4874.0,-177.0,-6763.0,-2.0,2.0,-1.0,
1647440710619907140,-0.890319824219,0.350952148438,-0.271362304688,-0.10302734375,4946.0,-127.0,-6635.0,-4.0,2.0,-2.0,
1647440710624447822,-0.890197753906,0.350952148438,-0.271484375,-0.103515625,4973.0,-79.0,-6518.0,-6.0,0.0,-2.0,
1647440710628891468,-0.89013671875,0.350952148438,-0.271484375,-0.10400390625,4967.0,-67.0,-6420.0,-7.0,-2.0,-2.0,
1647440710633422851,-0.89013671875,0.351013183594,-0.271301269531,-0.104370117188,4891.0,-88.0,-6334.0,-7.0,-4.0,-2.0,
1647440710638217210,-0.89013671875,0.35107421875,-0.27099609375,-0.104675292969,4763.0,-129.0,-6277.0,-8.0,-5.0,-2.0,
1647440710642943859,-0.890258789062,0.351196289062,-0.270568847656,-0.10498046875,4565.0,-181.0,-6256.0,-8.0,-6.0,-2.0,
1647440710647581577,-0.890319824219,0.351257324219,-0.27001953125,-0.105163574219,4310.0,-235.0,-6256.0,-8.0,-5.0,-3.0,
1647440710652330636,-0.890441894531,0.351257324219,-0.269592285156,-0.105346679688,4092.0,-279.0,-6320.0,-8.0,-2.0,-4.0,
1647440710669486284,-0.890502929688,0.351257324219,-0.269348144531,-0.105590820312,3918.0,-296.0,-6422.0,-7.0,2.0,-3.0,
1647440710670205354,-0.890441894531,0.351257324219,-0.269348144531,-0.105834960938,3832.0,-304.0,-6525.0,-6.0,6.0,-3.0,
1647440710682623386,-0.890380859375,0.351135253906,-0.269592285156,-0.106201171875,3759.0,-328.0,-6645.0,-5.0,10.0,-4.0,
1647440710684075832,-0.890319824219,0.351013183594,-0.269836425781,-0.1064453125,3695.0,-402.0,-6741.0,-4.0,10.0,-4.0,
1647440710688070774,-0.890258789062,0.350891113281,-0.270202636719,-0.106628417969,3669.0,-484.0,-6834.0,-3.0,11.0,-3.0,
1647440710688459157,-0.89013671875,0.350830078125,-0.270629882812,-0.106811523438,3698.0,-531.0,-6899.0,-3.0,12.0,-3.0,
1647440710689252376,-0.890014648438,0.350708007812,-0.271118164062,-0.106994628906,3776.0,-560.0,-6937.0,-3.0,12.0,-3.0,
1647440710693873643,-0.889831542969,0.3505859375,-0.271728515625,-0.107238769531,3897.0,-583.0,-6955.0,-3.0,12.0,-3.0,
1647440710698406457,-0.8896484375,0.350524902344,-0.272277832031,-0.107543945312,4024.0,-606.0,-6931.0,-4.0,11.0,-3.0,
1647440710702937841,-0.889465332031,0.350463867188,-0.272827148438,-0.10791015625,4130.0,-620.0,-6904.0,-5.0,10.0,-3.0,
1647440710708725452,-0.889282226562,0.350402832031,-0.273315429688,-0.1083984375,4223.0,-621.0,-6859.0,-6.0,9.0,-3.0,
1647440710714892625,-0.889099121094,0.350341796875,-0.273742675781,-0.10888671875,4313.0,-592.0,-6831.0,-7.0,9.0,-3.0,
1647440710720073223,-0.888916015625,0.350280761719,-0.274169921875,-0.109436035156,4395.0,-549.0,-6814.0,-8.0,9.0,-3.0,
1647440710724330425,-0.888793945312,0.350219726562,-0.274475097656,-0.109985351562,4451.0,-513.0,-6801.0,-8.0,8.0,-3.0,
1647440710729821443,-0.888671875,0.350158691406,-0.274780273438,-0.110534667969,4472.0,-485.0,-6795.0,-8.0,6.0,-3.0,
1647440710733639955,-0.888610839844,0.35009765625,-0.27490234375,-0.110961914062,4464.0,-470.0,-6793.0,-7.0,5.0,-3.0,
1647440710738267183,-0.888549804688,0.350036621094,-0.275024414062,-0.111328125,4440.0,-446.0,-6779.0,-7.0,4.0,-3.0,
1647440710742998838,-0.888488769531,0.349975585938,-0.275024414062,-0.111694335938,4424.0,-410.0,-6762.0,-7.0,3.0,-3.0,
1647440710747780084,-0.888488769531,0.349914550781,-0.275024414062,-0.112060546875,4415.0,-364.0,-6720.0,-6.0,2.0,-3.0,
1647440710752516508,-0.888488769531,0.349914550781,-0.275024414062,-0.112426757812,4390.0,-314.0,-6682.0,-6.0,2.0,-3.0,
1647440710757235288,-0.888427734375,0.349853515625,-0.27490234375,-0.112731933594,4359.0,-266.0,-6642.0,-6.0,1.0,-3.0,
1647440710762547016,-0.888427734375,0.349853515625,-0.274841308594,-0.113037109375,4333.0,-220.0,-6598.0,-6.0,1.0,-2.0,
1647440710766845226,-0.888427734375,0.349853515625,-0.274780273438,-0.113342285156,4332.0,-182.0,-6556.0,-5.0,1.0,-2.0,
1647440710773427724,-0.888366699219,0.349853515625,-0.274780273438,-0.113586425781,4322.0,-146.0,-6525.0,-5.0,1.0,-1.0,
1647440710778027057,-0.888366699219,0.349914550781,-0.274780273438,-0.113830566406,4283.0,-99.0,-6492.0,-5.0,1.0,0.0,
1647440710782962799,-0.888305664062,0.350036621094,-0.274719238281,-0.114135742188,4249.0,-34.0,-6487.0,-5.0,1.0,0.0,
1647440710787691593,-0.888244628906,0.35009765625,-0.274719238281,-0.114379882812,4213.0,13.0,-6469.0,-5.0,3.0,0.0,
1647440710792248487,-0.888122558594,0.350219726562,-0.274841308594,-0.114624023438,4199.0,32.0,-6451.0,-4.0,4.0,1.0,
1647440710796824693,-0.888000488281,0.350341796875,-0.275024414062,-0.114807128906,4214.0,21.0,-6439.0,-2.0,4.0,2.0,
1647440710806330680,-0.887817382812,0.350524902344,-0.275207519531,-0.114807128906,4202.0,-34.0,-6416.0,-1.0,3.0,2.0,
1647440710807954788,-0.887756347656,0.350646972656,-0.275451660156,-0.11474609375,4202.0,-116.0,-6410.0,0.0,3.0,2.0,
1647440710814511299,-0.887634277344,0.350769042969,-0.275573730469,-0.114562988281,4197.0,-250.0,-6426.0,0.0,2.0,2.0,
1647440710819468259,-0.887634277344,0.350891113281,-0.275695800781,-0.1142578125,4233.0,-411.0,-6461.0,0.0,0.0,1.0,
1647440710824003934,-0.887573242188,0.351013183594,-0.275756835938,-0.114013671875,4249.0,-531.0,-6563.0,-1.0,-1.0,0.0,
1647440710828733682,-0.8876953125,0.35107421875,-0.275512695312,-0.113647460938,4243.0,-642.0,-6711.0,-1.0,-5.0,-2.0,
1647440710833403825,-0.887817382812,0.351135253906,-0.275085449219,-0.113220214844,4176.0,-726.0,-6846.0,-1.0,-7.0,-2.0,
1647440710838270664,-0.888000488281,0.351196289062,-0.274597167969,-0.112854003906,4111.0,-812.0,-6955.0,-1.0,-7.0,-3.0,
1647440710843158245,-0.88818359375,0.351257324219,-0.274169921875,-0.112487792969,4109.0,-865.0,-7060.0,-3.0,-4.0,-3.0,
1647440710847823858,-0.888244628906,0.351318359375,-0.27392578125,-0.112365722656,4158.0,-854.0,-7128.0,-4.0,-2.0,-3.0,
1647440710852536678,-0.888305664062,0.351318359375,-0.273742675781,-0.112426757812,4217.0,-823.0,-7160.0,-5.0,-1.0,-3.0,
1647440710856936693,-0.888305664062,0.351379394531,-0.273559570312,-0.112670898438,4331.0,-706.0,-7112.0,-7.0,0.0,-2.0,
1647440710861817121,-0.88818359375,0.3515625,-0.273498535156,-0.113159179688,4472.0,-511.0,-7044.0,-10.0,1.0,-1.0,
1647440710866634845,-0.888061523438,0.351684570312,-0.273376464844,-0.113952636719,4600.0,-353.0,-6931.0,-11.0,0.0,-1.0,
1647440710873218297,-0.887939453125,0.351928710938,-0.273254394531,-0.114685058594,4748.0,-238.0,-6852.0,-12.0,-1.0,1.0,
1647440710878141641,-0.887756347656,0.352233886719,-0.273071289062,-0.115295410156,4771.0,-137.0,-6742.0,-11.0,-4.0,3.0,
1647440710882613182,-0.8876953125,0.352600097656,-0.272644042969,-0.11572265625,4747.0,-71.0,-6674.0,-10.0,-6.0,3.0,
1647440710887567520,-0.8876953125,0.352905273438,-0.272216796875,-0.116027832031,4676.0,-33.0,-6602.0,-9.0,-7.0,2.0,
1647440710892143011,-0.8876953125,0.353149414062,-0.271728515625,-0.116271972656,4630.0,-5.0,-6555.0,-8.0,-7.0,2.0,
1647440710896724939,-0.8876953125,0.353393554688,-0.271301269531,-0.116516113281,4587.0,5.0,-6511.0,-7.0,-6.0,1.0,
1647440710901387453,-0.887573242188,0.353698730469,-0.271118164062,-0.116760253906,4585.0,55.0,-6445.0,-7.0,-3.0,3.0,
1647440710908598899,-0.887390136719,0.354125976562,-0.271057128906,-0.117065429688,4730.0,177.0,-6410.0,-7.0,0.0,6.0,
1647440710913784265,-0.88720703125,0.354553222656,-0.27099609375,-0.117431640625,4793.0,321.0,-6379.0,-6.0,-3.0,7.0,
1647440710920096397,-0.88720703125,0.354797363281,-0.270568847656,-0.117614746094,4717.0,316.0,-6357.0,-4.0,-9.0,3.0,
1647440710924926519,-0.887390136719,0.354919433594,-0.269897460938,-0.117492675781,4533.0,188.0,-6374.0,-2.0,-13.0,1.0,
1647440710929440975,-0.8876953125,0.355102539062,-0.268920898438,-0.116943359375,4309.0,27.0,-6383.0,0.0,-16.0,-1.0,
1647440710934240341,-0.887939453125,0.355224609375,-0.268005371094,-0.116333007812,4127.0,-86.0,-6412.0,0.0,-15.0,-1.0,
1647440710939145326,-0.88818359375,0.355407714844,-0.267333984375,-0.115844726562,3963.0,-110.0,-6474.0,0.0,-10.0,0.0,
1647440710943542718,-0.888305664062,0.35546875,-0.266906738281,-0.115539550781,3870.0,-103.0,-6541.0,0.0,-5.0,0.0,
1647440710948793888,-0.888366699219,0.355590820312,-0.2666015625,-0.115295410156,3842.0,-131.0,-6628.0,0.0,-2.0,0.0,
1647440710952706575,-0.888427734375,0.355590820312,-0.266540527344,-0.115112304688,3813.0,-209.0,-6692.0,1.0,0.0,0.0,
1647440710957342624,-0.888488769531,0.355651855469,-0.266479492188,-0.11474609375,3816.0,-296.0,-6736.0,1.0,0.0,0.0,
1647440710961906194,-0.888488769531,0.355712890625,-0.266479492188,-0.114501953125,3854.0,-336.0,-6777.0,1.0,1.0,-1.0,
1647440710966976165,-0.888488769531,0.355712890625,-0.266479492188,-0.1142578125,3883.0,-344.0,-6803.0,0.0,0.0,-1.0,
1647440710971498012,-0.888549804688,0.355651855469,-0.266479492188,-0.114135742188,3997.0,-334.0,-6799.0,0.0,1.0,-2.0,
1647440710978174686,-0.888549804688,0.355529785156,-0.2666015625,-0.114135742188,4096.0,-351.0,-6775.0,-1.0,1.0,-3.0,
1647440710982976436,-0.888549804688,0.35546875,-0.266723632812,-0.114196777344,4235.0,-382.0,-6758.0,-1.0,1.0,-3.0,
1647440710987886428,-0.888488769531,0.355407714844,-0.266906738281,-0.114196777344,4388.0,-389.0,-6768.0,-2.0,1.0,-2.0,
1647440710992668390,-0.888427734375,0.35546875,-0.267028808594,-0.1142578125,4490.0,-350.0,-6780.0,-2.0,0.0,-1.0,
1647440710997266292,-0.888427734375,0.355407714844,-0.26708984375,-0.114379882812,4588.0,-312.0,-6849.0,-3.0,0.0,-2.0,
1647440711001807689,-0.888427734375,0.355346679688,-0.267150878906,-0.114440917969,4665.0,-255.0,-6916.0,-2.0,0.0,-2.0,
1647440711006657600,-0.888427734375,0.355346679688,-0.267150878906,-0.114501953125,4689.0,-237.0,-6972.0,-1.0,-1.0,-1.0,
1647440711011695384,-0.888488769531,0.355285644531,-0.267028808594,-0.114440917969,4612.0,-294.0,-7013.0,-1.0,-3.0,-2.0,
1647440711020969867,-0.888610839844,0.355224609375,-0.266845703125,-0.1142578125,4506.0,-364.0,-7017.0,-1.0,-3.0,-3.0,
1647440711029296159,-0.888732910156,0.355163574219,-0.266479492188,-0.114074707031,4362.0,-348.0,-6931.0,-2.0,-1.0,-3.0,
1647440711033794403,-0.888732910156,0.355163574219,-0.266479492188,-0.114135742188,4334.0,-313.0,-6850.0,-2.0,1.0,-2.0,
1647440711038729667,-0.888732910156,0.355163574219,-0.266540527344,-0.114318847656,4322.0,-298.0,-6761.0,-3.0,2.0,-2.0,
1647440711043349981,-0.888671875,0.355163574219,-0.266662597656,-0.114440917969,4302.0,-284.0,-6679.0,-4.0,2.0,-2.0,
1647440711047912359,-0.888610839844,0.355102539062,-0.266784667969,-0.114685058594,4283.0,-259.0,-6635.0,-4.0,2.0,-2.0,
1647440711052725553,-0.888549804688,0.355163574219,-0.266845703125,-0.114929199219,4261.0,-208.0,-6601.0,-5.0,2.0,-2.0,
1647440711057610273,-0.888488769531,0.355163574219,-0.266845703125,-0.115234375,4247.0,-168.0,-6568.0,-5.0,2.0,-2.0,
1647440711062199831,-0.888427734375,0.355163574219,-0.266906738281,-0.115478515625,4248.0,-155.0,-6547.0,-5.0,2.0,-1.0,
1647440711066963434,-0.888427734375,0.355224609375,-0.266906738281,-0.11572265625,4244.0,-151.0,-6511.0,-4.0,1.0,-1.0,
1647440711071478843,-0.888366699219,0.355285644531,-0.266845703125,-0.115844726562,4237.0,-156.0,-6472.0,-4.0,0.0,-1.0,
1647440711076112031,-0.888366699219,0.355346679688,-0.266784667969,-0.116027832031,4226.0,-148.0,-6437.0,-5.0,-1.0,-1.0,
1647440711083057403,-0.888305664062,0.35546875,-0.266662597656,-0.116149902344,4230.0,-128.0,-6421.0,-5.0,-1.0,0.0,
1647440711087891340,-0.888305664062,0.355529785156,-0.266540527344,-0.116333007812,4257.0,-113.0,-6418.0,-4.0,-2.0,0.0,
1647440711092356681,-0.888305664062,0.355590820312,-0.266418457031,-0.116394042969,4287.0,-119.0,-6440.0,-4.0,-3.0,0.0,
1647440711097117662,-0.888305664062,0.355712890625,-0.266174316406,-0.116394042969,4306.0,-137.0,-6490.0,-3.0,-4.0,0.0,
1647440711102024555,-0.888366699219,0.355773925781,-0.265930175781,-0.116333007812,4315.0,-152.0,-6566.0,-2.0,-5.0,0.0,
1647440711106574296,-0.888427734375,0.355834960938,-0.265686035156,-0.1162109375,4326.0,-163.0,-6659.0,-2.0,-4.0,0.0,
1647440711111330032,-0.888488769531,0.35595703125,-0.265441894531,-0.116088867188,4337.0,-175.0,-6762.0,-1.0,-4.0,-1.0,
1647440711116659164,-0.888549804688,0.35595703125,-0.265319824219,-0.115905761719,4331.0,-194.0,-6868.0,-1.0,-2.0,0.0,
1647440711123001575,-0.888610839844,0.356018066406,-0.265197753906,-0.11572265625,4312.0,-219.0,-6949.0,0.0,-1.0,0.0,
1647440711127929449,-0.888610839844,0.356079101562,-0.26513671875,-0.115539550781,4286.0,-257.0,-7009.0,0.0,0.0,-1.0,
1647440711132556200,-0.888610839844,0.356079101562,-0.26513671875,-0.115356445312,4251.0,-301.0,-7050.0,0.0,0.0,-1.0,
1647440711137823820,-0.888671875,0.356079101562,-0.26513671875,-0.115173339844,4218.0,-325.0,-7049.0,0.0,1.0,-1.0,
1647440711141635894,-0.888610839844,0.356079101562,-0.265197753906,-0.115112304688,4225.0,-304.0,-7040.0,-1.0,2.0,-1.0,
1647440711146391868,-0.888610839844,0.356079101562,-0.265380859375,-0.115112304688,4244.0,-272.0,-6998.0,-1.0,4.0,-1.0,
1647440711153174877,-0.888488769531,0.356079101562,-0.265625,-0.115234375,4277.0,-242.0,-6962.0,-2.0,4.0,-1.0,
1647440711157930612,-0.888427734375,0.356079101562,-0.265808105469,-0.115417480469,4295.0,-222.0,-6902.0,-2.0,4.0,-1.0,
1647440711162916183,-0.888305664062,0.356079101562,-0.266052246094,-0.115539550781,4312.0,-209.0,-6851.0,-2.0,4.0,-1.0,
1647440711167758226,-0.888244628906,0.356079101562,-0.266235351562,-0.115661621094,4315.0,-198.0,-6787.0,-3.0,3.0,-1.0,
1647440711172197818,-0.88818359375,0.356140136719,-0.266357421875,-0.115844726562,4347.0,-206.0,-6724.0,-3.0,2.0,-1.0,
1647440711177527666,-0.888122558594,0.356140136719,-0.266479492188,-0.115905761719,4367.0,-233.0,-6664.0,-2.0,1.0,-1.0,
1647440711181752681,-0.888122558594,0.356140136719,-0.266540527344,-0.115905761719,4365.0,-301.0,-6611.0,-2.0,-1.0,-2.0,
1647440711186438083,-0.888122558594,0.356201171875,-0.266479492188,-0.115844726562,4314.0,-342.0,-6574.0,-2.0,-2.0,-1.0,
1647440711191229104,-0.88818359375,0.356262207031,-0.266296386719,-0.115783691406,4236.0,-336.0,-6549.0,-3.0,-3.0,-1.0,
1647440711198239564,-0.88818359375,0.356262207031,-0.266052246094,-0.115783691406,4180.0,-312.0,-6542.0,-4.0,-2.0,-2.0,
1647440711202989101,-0.888244628906,0.356323242188,-0.265930175781,-0.115905761719,4211.0,-273.0,-6540.0,-4.0,-1.0,-1.0,
1647440711207951784,-0.88818359375,0.3564453125,-0.265808105469,-0.116088867188,4257.0,-210.0,-6559.0,-5.0,-1.0,0.0,
1647440711212627410,-0.888122558594,0.356567382812,-0.265686035156,-0.116271972656,4260.0,-138.0,-6611.0,-5.0,-1.0,0.0,
1647440711218211412,-0.88818359375,0.356689453125,-0.265441894531,-0.116394042969,4233.0,-67.0,-6649.0,-4.0,-3.0,1.0,
1647440711226182937,-0.88818359375,0.356811523438,-0.26513671875,-0.116455078125,4201.0,-25.0,-6679.0,-3.0,-3.0,1.0,
1647440711229449272,-0.88818359375,0.356994628906,-0.264892578125,-0.116455078125,4175.0,-19.0,-6695.0,-3.0,-3.0,1.0,
1647440711234240055,-0.88818359375,0.357177734375,-0.264709472656,-0.116394042969,4173.0,-59.0,-6748.0,-2.0,-2.0,2.0,
1647440711239063739,-0.88818359375,0.357421875,-0.264465332031,-0.1162109375,4132.0,-161.0,-6821.0,-1.0,-4.0,2.0,
1647440711243602752,-0.888244628906,0.357604980469,-0.26416015625,-0.115844726562,4023.0,-287.0,-6914.0,-1.0,-6.0,1.0,
1647440711248316526,-0.888366699219,0.357788085938,-0.263732910156,-0.115356445312,3925.0,-385.0,-6988.0,-1.0,-5.0,0.0,
1647440711253154993,-0.888427734375,0.358032226562,-0.263427734375,-0.115051269531,3957.0,-425.0,-7063.0,-2.0,-2.0,1.0,
1647440711257732152,-0.888305664062,0.358276367188,-0.263427734375,-0.114990234375,4097.0,-391.0,-7130.0,-3.0,1.0,2.0,
1647440711262526273,-0.88818359375,0.358520507812,-0.263488769531,-0.115112304688,4279.0,-317.0,-7170.0,-4.0,2.0,3.0,
1647440711267028570,-0.888061523438,0.358703613281,-0.263488769531,-0.115295410156,4379.0,-251.0,-7169.0,-5.0,-1.0,2.0,
1647440711271807193,-0.888061523438,0.35888671875,-0.263244628906,-0.115539550781,4444.0,-232.0,-7132.0,-6.0,-3.0,0.0,
1647440711276197195,-0.888061523438,0.359008789062,-0.262939453125,-0.11572265625,4516.0,-216.0,-7094.0,-6.0,-5.0,0.0,
1647440711280987739,-0.888061523438,0.359191894531,-0.262573242188,-0.115844726562,4522.0,-190.0,-7049.0,-7.0,-7.0,0.0,
1647440711287782192,-0.888122558594,0.359375,-0.262084960938,-0.116027832031,4449.0,-194.0,-6977.0,-7.0,-8.0,-1.0,
1647440711292507886,-0.88818359375,0.359497070312,-0.261535644531,-0.116088867188,4356.0,-209.0,-6912.0,-7.0,-8.0,-1.0,
1647440711297285079,-0.888305664062,0.359680175781,-0.261047363281,-0.116149902344,4289.0,-216.0,-6829.0,-6.0,-7.0,-1.0,
1647440711301895141,-0.888305664062,0.359802246094,-0.260681152344,-0.116333007812,4270.0,-208.0,-6736.0,-7.0,-5.0,-1.0,
1647440711306794643,-0.888305664062,0.359924316406,-0.260437011719,-0.116516113281,4283.0,-191.0,-6649.0,-7.0,-3.0,0.0,
1647440711323501586,-0.888244628906,0.360107421875,-0.26025390625,-0.116760253906,4300.0,-166.0,-6608.0,-7.0,-3.0,0.0,
1647440711324064254,-0.888244628906,0.360229492188,-0.260009765625,-0.117004394531,4278.0,-123.0,-6617.0,-6.0,-4.0,0.0,
1647440711326111316,-0.888366699219,0.360290527344,-0.259521484375,-0.117126464844,4144.0,-105.0,-6608.0,-5.0,-6.0,-2.0,
1647440711333816766,-0.888549804688,0.3603515625,-0.2587890625,-0.117126464844,4049.0,-189.0,-6575.0,-4.0,-3.0,-1.0,
1647440711338846445,-0.888549804688,0.360412597656,-0.258728027344,-0.117126464844,4064.0,-217.0,-6572.0,-4.0,-1.0,-1.0,
1647440711343574285,-0.888488769531,0.360473632812,-0.258728027344,-0.1171875,4064.0,-220.0,-6580.0,-3.0,0.0,-1.0,
1647440711348122835,-0.888488769531,0.360534667969,-0.258728027344,-0.117248535156,4082.0,-217.0,-6587.0,-3.0,1.0,-1.0,
1647440711352830410,-0.888488769531,0.360534667969,-0.2587890625,-0.117309570312,4124.0,-227.0,-6606.0,-3.0,1.0,-1.0,
1647440711357661008,-0.888427734375,0.360534667969,-0.258850097656,-0.117309570312,4154.0,-237.0,-6630.0,-3.0,1.0,-1.0,
1647440711362140893,-0.888366699219,0.360595703125,-0.258850097656,-0.117370605469,4178.0,-237.0,-6663.0,-3.0,1.0,-1.0,
1647440711367480754,-0.888366699219,0.360656738281,-0.258850097656,-0.117492675781,4162.0,-219.0,-6705.0,-3.0,1.0,-1.0,
1647440711371937274,-0.888366699219,0.360656738281,-0.258850097656,-0.117614746094,4158.0,-201.0,-6740.0,-3.0,1.0,-1.0,
1647440711376415014,-0.888305664062,0.360717773438,-0.258850097656,-0.117736816406,4178.0,-194.0,-6769.0,-3.0,2.0,-1.0,
1647440711381320238,-0.888244628906,0.360717773438,-0.258972167969,-0.117858886719,4207.0,-184.0,-6789.0,-4.0,2.0,-1.0,
1647440711385769844,-0.88818359375,0.36083984375,-0.259033203125,-0.118041992188,4234.0,-165.0,-6807.0,-4.0,2.0,0.0,
1647440711392668724,-0.888061523438,0.360900878906,-0.259094238281,-0.118225097656,4256.0,-148.0,-6812.0,-4.0,2.0,0.0,
1647440711397427797,-0.888000488281,0.360961914062,-0.259155273438,-0.118347167969,4276.0,-141.0,-6806.0,-4.0,1.0,0.0,
1647440711402182817,-0.888000488281,0.361022949219,-0.259155273438,-0.118469238281,4294.0,-141.0,-6779.0,-3.0,0.0,-1.0,
1647440711406723260,-0.888000488281,0.361022949219,-0.259033203125,-0.118530273438,4300.0,-133.0,-6753.0,-3.0,-2.0,-1.0,
1647440711411655187,-0.888061523438,0.361083984375,-0.258911132812,-0.118591308594,4287.0,-140.0,-6724.0,-3.0,-3.0,-1.0,
1647440711418382644,-0.888061523438,0.361083984375,-0.258728027344,-0.118591308594,4274.0,-147.0,-6689.0,-3.0,-3.0,-1.0,
1647440711423333644,-0.888061523438,0.361145019531,-0.258605957031,-0.118591308594,4270.0,-144.0,-6650.0,-3.0,-2.0,-1.0,
1647440711429822206,-0.888061523438,0.361206054688,-0.258483886719,-0.11865234375,4266.0,-122.0,-6630.0,-3.0,-2.0,-1.0,
1647440711434553861,-0.888061523438,0.361267089844,-0.258422851562,-0.118713378906,4267.0,-83.0,-6618.0,-3.0,-1.0,-1.0,
1647440711439257860,-0.888061523438,0.361267089844,-0.258422851562,-0.118835449219,4271.0,-50.0,-6620.0,-3.0,-1.0,-1.0,
1647440711443782091,-0.888061523438,0.361267089844,-0.258361816406,-0.118896484375,4262.0,-47.0,-6626.0,-2.0,-1.0,-1.0,
1647440711448571681,-0.888061523438,0.361328125,-0.25830078125,-0.118896484375,4226.0,-55.0,-6640.0,-2.0,-1.0,-1.0,
1647440711453474521,-0.888061523438,0.361328125,-0.258239746094,-0.118835449219,4180.0,-78.0,-6657.0,-1.0,-1.0,-1.0,
1647440711457983016,-0.888122558594,0.361328125,-0.258178710938,-0.118774414062,4128.0,-106.0,-6673.0,-1.0,-1.0,-1.0,
1647440711462858915,-0.888122558594,0.361328125,-0.258117675781,-0.118713378906,4105.0,-129.0,-6696.0,-1.0,0.0,-1.0,
1647440711469939470,-0.888122558594,0.361389160156,-0.258117675781,-0.118713378906,4100.0,-135.0,-6713.0,-1.0,1.0,-1.0,
1647440711471899509,-0.888061523438,0.361389160156,-0.258239746094,-0.11865234375,4110.0,-131.0,-6720.0,-1.0,2.0,0.0,
1647440711476746797,-0.888000488281,0.361450195312,-0.258361816406,-0.118713378906,4118.0,-130.0,-6723.0,-1.0,2.0,0.0,
1647440711481116533,-0.888000488281,0.361450195312,-0.258483886719,-0.118713378906,4128.0,-133.0,-6744.0,-1.0,2.0,0.0,
1647440711486494064,-0.887939453125,0.361450195312,-0.258605957031,-0.118713378906,4147.0,-122.0,-6762.0,-1.0,3.0,0.0,
1647440711490717649,-0.887878417969,0.361450195312,-0.2587890625,-0.118713378906,4162.0,-126.0,-6769.0,-1.0,3.0,0.0,
1647440711497602224,-0.887817382812,0.361450195312,-0.258972167969,-0.118713378906,4172.0,-146.0,-6790.0,0.0,3.0,0.0,
1647440711502534389,-0.887756347656,0.361511230469,-0.259155273438,-0.11865234375,4167.0,-158.0,-6798.0,-1.0,3.0,0.0,
1647440711507328748,-0.8876953125,0.361511230469,-0.259338378906,-0.11865234375,4162.0,-151.0,-6806.0,-1.0,3.0,0.0,
1647440711512043237,-0.887634277344,0.361511230469,-0.259582519531,-0.118713378906,4154.0,-137.0,-6825.0,-1.0,4.0,-1.0,
1647440711516733407,-0.887573242188,0.361511230469,-0.259765625,-0.118835449219,4163.0,-135.0,-6819.0,-2.0,4.0,-1.0,
1647440711521048545,-0.887512207031,0.361511230469,-0.260009765625,-0.118957519531,4207.0,-137.0,-6814.0,-2.0,5.0,0.0,
1647440711529659032,-0.887390136719,0.361511230469,-0.26025390625,-0.119018554688,4246.0,-139.0,-6803.0,-1.0,4.0,0.0,
1647440711533581256,-0.887329101562,0.361572265625,-0.260437011719,-0.119018554688,4237.0,-173.0,-6782.0,-1.0,3.0,0.0,
1647440711538532972,-0.887329101562,0.361572265625,-0.260559082031,-0.118957519531,4200.0,-252.0,-6763.0,-1.0,2.0,-1.0,
1647440711544298410,-0.887268066406,0.361572265625,-0.260681152344,-0.118774414062,4148.0,-336.0,-6767.0,0.0,1.0,-1.0,
1647440711547864675,-0.887268066406,0.361572265625,-0.2607421875,-0.11865234375,4073.0,-380.0,-6784.0,-1.0,2.0,-1.0,
1647440711552507877,-0.887268066406,0.361511230469,-0.260803222656,-0.118591308594,4057.0,-359.0,-6849.0,-2.0,3.0,-2.0,
1647440711557287216,-0.887268066406,0.361511230469,-0.260925292969,-0.118530273438,4049.0,-343.0,-6901.0,-1.0,3.0,-1.0,
1647440711561923503,-0.88720703125,0.361572265625,-0.261047363281,-0.118530273438,4077.0,-313.0,-6933.0,-1.0,4.0,0.0,
1647440711566485643,-0.887145996094,0.361572265625,-0.26123046875,-0.11865234375,4125.0,-268.0,-6929.0,-2.0,5.0,0.0,
1647440711571135997,-0.886962890625,0.361694335938,-0.261474609375,-0.118835449219,4216.0,-181.0,-6902.0,-3.0,5.0,0.0,
1647440711575899362,-0.886840820312,0.361755371094,-0.261779785156,-0.119262695312,4330.0,-51.0,-6884.0,-5.0,5.0,1.0,
1647440711580766439,-0.88671875,0.361877441406,-0.261840820312,-0.119689941406,4400.0,35.0,-6850.0,-5.0,3.0,1.0,
1647440711587364435,-0.886657714844,0.361938476562,-0.26171875,-0.119995117188,4395.0,29.0,-6801.0,-5.0,-2.0,0.0,
1647440711592332839,-0.886657714844,0.362060546875,-0.261474609375,-0.120056152344,4322.0,-29.0,-6766.0,-4.0,-5.0,0.0,
1647440711596878290,-0.88671875,0.362243652344,-0.261108398438,-0.119934082031,4183.0,-107.0,-6751.0,-4.0,-6.0,0.0,
1647440711601508378,-0.886779785156,0.362365722656,-0.2607421875,-0.119812011719,4064.0,-160.0,-6768.0,-4.0,-4.0,-1.0,
1647440711606467723,-0.886779785156,0.362487792969,-0.260559082031,-0.119812011719,4067.0,-132.0,-6781.0,-4.0,0.0,0.0,
1647440711611195325,-0.88671875,0.362670898438,-0.260620117188,-0.119934082031,4138.0,-87.0,-6800.0,-4.0,3.0,1.0,
1647440711616069555,-0.886596679688,0.36279296875,-0.260681152344,-0.1201171875,4195.0,-82.0,-6830.0,-3.0,2.0,2.0,
1647440711622474670,-0.886535644531,0.362915039062,-0.260681152344,-0.120178222656,4191.0,-109.0,-6875.0,-3.0,0.0,1.0,
1647440711627347707,-0.886596679688,0.363037109375,-0.260437011719,-0.120056152344,4139.0,-154.0,-6907.0,-2.0,-3.0,0.0,
1647440711634221076,-0.886657714844,0.363159179688,-0.260131835938,-0.119873046875,4083.0,-214.0,-6943.0,-2.0,-4.0,0.0,
1647440711639397859,-0.88671875,0.36328125,-0.259826660156,-0.119689941406,4019.0,-278.0,-6964.0,-2.0,-3.0,0.0,
1647440711643731117,-0.88671875,0.363403320312,-0.259643554688,-0.119567871094,3998.0,-319.0,-6986.0,-3.0,-2.0,0.0,
1647440711648642063,-0.88671875,0.363525390625,-0.259521484375,-0.119567871094,4013.0,-300.0,-6992.0,-4.0,0.0,0.0,
1647440711653509378,-0.886657714844,0.363647460938,-0.259521484375,-0.11962890625,4063.0,-268.0,-6987.0,-4.0,2.0,0.0,
1647440711658023118,-0.886535644531,0.36376953125,-0.259582519531,-0.119873046875,4148.0,-232.0,-6987.0,-5.0,3.0,1.0,
1647440711662868976,-0.886413574219,0.363952636719,-0.259704589844,-0.1201171875,4239.0,-187.0,-6962.0,-5.0,3.0,1.0,
1647440711667515754,-0.886291503906,0.364074707031,-0.259765625,-0.120422363281,4347.0,-132.0,-6927.0,-6.0,2.0,1.0,
1647440711672122716,-0.886169433594,0.364196777344,-0.259887695312,-0.120788574219,4434.0,-66.0,-6869.0,-6.0,1.0,1.0,
1647440711676492452,-0.886047363281,0.364318847656,-0.259887695312,-0.12109375,4512.0,-19.0,-6787.0,-6.0,0.0,1.0,
1647440711681158542,-0.885986328125,0.364501953125,-0.259826660156,-0.121459960938,4564.0,-9.0,-6692.0,-6.0,-2.0,1.0,
1647440711686023235,-0.885864257812,0.36474609375,-0.259704589844,-0.121704101562,4574.0,-29.0,-6600.0,-6.0,-3.0,1.0,
1647440711690708398,-0.885803222656,0.364990234375,-0.259521484375,-0.121826171875,4513.0,-66.0,-6505.0,-6.0,-5.0,2.0,
1647440711697552680,-0.8857421875,0.365295410156,-0.25927734375,-0.121948242188,4462.0,-72.0,-6438.0,-6.0,-4.0,2.0,
1647440711702274560,-0.885681152344,0.365539550781,-0.259094238281,-0.1220703125,4405.0,-62.0,-6421.0,-6.0,-3.0,2.0,
1647440711707425594,-0.885620117188,0.36572265625,-0.258972167969,-0.122192382812,4341.0,-71.0,-6431.0,-4.0,-2.0,2.0,
1647440711711834192,-0.885620117188,0.365905761719,-0.2587890625,-0.122131347656,4253.0,-109.0,-6467.0,-3.0,-2.0,1.0,
1647440711716893911,-0.885620117188,0.366027832031,-0.258666992188,-0.122009277344,4157.0,-175.0,-6525.0,-1.0,-1.0,1.0,
1647440711721527814,-0.885620117188,0.366149902344,-0.258605957031,-0.121765136719,4077.0,-220.0,-6582.0,0.0,0.0,1.0,
1647440711726006984,-0.885559082031,0.3662109375,-0.258605957031,-0.121520996094,4030.0,-242.0,-6632.0,0.0,1.0,0.0,
1647440711732892990,-0.885559082031,0.366271972656,-0.258728027344,-0.121337890625,3989.0,-249.0,-6663.0,1.0,2.0,0.0,
1647440711741168975,-0.885498046875,0.366333007812,-0.258911132812,-0.121154785156,3980.0,-255.0,-6683.0,1.0,4.0,0.0,
1647440711743290901,-0.885437011719,0.366333007812,-0.259216308594,-0.121032714844,4008.0,-261.0,-6672.0,1.0,5.0,0.0,
1647440711748069524,-0.885314941406,0.366333007812,-0.259582519531,-0.120971679688,4071.0,-251.0,-6648.0,1.0,5.0,1.0,
1647440711755021333,-0.885192871094,0.366394042969,-0.260009765625,-0.120971679688,4176.0,-224.0,-6624.0,0.0,6.0,1.0,
1647440711757584571,-0.885009765625,0.366455078125,-0.260498046875,-0.121032714844,4285.0,-166.0,-6617.0,0.0,6.0,1.0,
1647440711762370109,-0.884887695312,0.366516113281,-0.260864257812,-0.121154785156,4355.0,-104.0,-6637.0,0.0,5.0,1.0,
1647440711771719932,-0.884765625,0.366516113281,-0.261108398438,-0.121215820312,4369.0,-69.0,-6641.0,0.0,3.0,1.0,
1647440711772119760,-0.884704589844,0.366638183594,-0.261291503906,-0.121154785156,4359.0,-58.0,-6667.0,0.0,2.0,1.0,
1647440711775942325,-0.884643554688,0.366638183594,-0.261474609375,-0.12109375,4327.0,-72.0,-6698.0,1.0,2.0,1.0,
1647440711780749797,-0.884582519531,0.36669921875,-0.261596679688,-0.120971679688,4283.0,-97.0,-6733.0,1.0,2.0,1.0,
1647440711786578416,-0.884582519531,0.366760253906,-0.261657714844,-0.120788574219,4240.0,-129.0,-6773.0,1.0,2.0,1.0,
1647440711795600891,-0.884582519531,0.366821289062,-0.26171875,-0.12060546875,4180.0,-166.0,-6787.0,1.0,1.0,0.0,
1647440711801033258,-0.884521484375,0.366882324219,-0.261840820312,-0.120422363281,4139.0,-190.0,-6797.0,1.0,2.0,0.0,
1647440711801926374,-0.884521484375,0.366882324219,-0.261962890625,-0.120239257812,4129.0,-192.0,-6800.0,0.0,3.0,0.0,
1647440711806526422,-0.884460449219,0.366943359375,-0.262145996094,-0.120178222656,4131.0,-183.0,-6784.0,0.0,4.0,0.0,
1647440711811288595,-0.884399414062,0.366943359375,-0.262390136719,-0.120178222656,4140.0,-171.0,-6775.0,0.0,4.0,0.0,
1647440711816313505,-0.88427734375,0.366943359375,-0.2626953125,-0.1201171875,4162.0,-162.0,-6751.0,0.0,5.0,0.0,
1647440711825817584,-0.884216308594,0.366943359375,-0.263061523438,-0.120178222656,4202.0,-147.0,-6733.0,0.0,6.0,0.0,
1647440711830566406,-0.884094238281,0.366882324219,-0.263427734375,-0.120178222656,4235.0,-127.0,-6723.0,0.0,6.0,0.0,
1647440711831777811,-0.883972167969,0.366882324219,-0.263793945312,-0.120239257812,4264.0,-96.0,-6709.0,0.0,6.0,0.0,
1647440711838237285,-0.883850097656,0.366882324219,-0.26416015625,-0.120300292969,4283.0,-74.0,-6702.0,1.0,6.0,0.0,
1647440711845373392,-0.8837890625,0.366821289062,-0.264526367188,-0.120300292969,4327.0,-76.0,-6694.0,1.0,5.0,0.0,
1647440711848081588,-0.883666992188,0.366760253906,-0.264831542969,-0.120300292969,4360.0,-78.0,-6680.0,0.0,5.0,0.0,
1647440711855691194,-0.883605957031,0.366760253906,-0.26513671875,-0.120361328125,4391.0,-81.0,-6660.0,0.0,4.0,0.0,
1647440711861641645,-0.883483886719,0.366821289062,-0.265441894531,-0.120483398438,4430.0,-48.0,-6690.0,-1.0,4.0,0.0,
1647440711862486839,-0.883422851562,0.366821289062,-0.265625,-0.12060546875,4447.0,-22.0,-6698.0,-2.0,3.0,0.0,
1647440711866967439,-0.883361816406,0.366821289062,-0.265747070312,-0.120727539062,4494.0,-76.0,-6687.0,-2.0,2.0,0.0,
1647440711875270128,-0.883239746094,0.366943359375,-0.265869140625,-0.120727539062,4494.0,-155.0,-6715.0,-1.0,1.0,1.0,
1647440711876953601,-0.883239746094,0.367004394531,-0.265869140625,-0.120483398438,4391.0,-247.0,-6764.0,0.0,-2.0,0.0,
1647440711881328105,-0.883361816406,0.367004394531,-0.265686035156,-0.120239257812,4265.0,-312.0,-6829.0,0.0,-2.0,-2.0,
1647440711890494346,-0.883422851562,0.366943359375,-0.265563964844,-0.119995117188,4209.0,-332.0,-6872.0,0.0,0.0,-2.0,
1647440711891018867,-0.883422851562,0.367004394531,-0.265563964844,-0.119934082031,4262.0,-346.0,-6895.0,-1.0,2.0,-1.0,
1647440711897553682,-0.883361816406,0.367065429688,-0.265747070312,-0.119873046875,4298.0,-353.0,-6917.0,-1.0,2.0,0.0,
1647440711906162977,-0.883361816406,0.367126464844,-0.265686035156,-0.119812011719,4274.0,-354.0,-6929.0,-2.0,0.0,0.0,
1647440711907687425,-0.883422851562,0.367126464844,-0.265563964844,-0.119750976562,4239.0,-369.0,-6924.0,-2.0,-2.0,-1.0,
1647440711911863565,-0.883483886719,0.367126464844,-0.265319824219,-0.11962890625,4204.0,-407.0,-6914.0,-2.0,-3.0,-2.0,
1647440711920531749,-0.883605957031,0.367126464844,-0.265075683594,-0.119506835938,4182.0,-453.0,-6903.0,-2.0,-3.0,-3.0,
1647440711921328067,-0.883666992188,0.367065429688,-0.264953613281,-0.119445800781,4181.0,-444.0,-6902.0,-3.0,-2.0,-3.0,
1647440711932476520,-0.883666992188,0.367126464844,-0.264892578125,-0.119445800781,4218.0,-362.0,-6881.0,-3.0,0.0,-2.0,
1647440711933452844,-0.883605957031,0.367126464844,-0.264892578125,-0.119689941406,4307.0,-241.0,-6870.0,-4.0,2.0,-1.0,
1647440711939040660,-0.883544921875,0.3671875,-0.264892578125,-0.120056152344,4377.0,-131.0,-6847.0,-5.0,1.0,0.0,
1647440711943063020,-0.883544921875,0.367248535156,-0.264770507812,-0.120361328125,4394.0,-111.0,-6814.0,-5.0,-1.0,-1.0,
1647440711949012756,-0.883544921875,0.367309570312,-0.264526367188,-0.120422363281,4347.0,-150.0,-6787.0,-4.0,-4.0,-1.0,
1647440711961982250,-0.883605957031,0.367370605469,-0.264221191406,-0.120483398438,4317.0,-182.0,-6782.0,-5.0,-4.0,-1.0,
1647440711962700843,-0.883666992188,0.367492675781,-0.263916015625,-0.120483398438,4294.0,-172.0,-6783.0,-5.0,-4.0,-1.0,
1647440711963354349,-0.883666992188,0.367553710938,-0.263610839844,-0.120666503906,4315.0,-131.0,-6803.0,-6.0,-3.0,-2.0,
