1649413282125020742,-0.564819335938,0.0780029296875,0.0355224609375,0.820739746094,-1338.0,-7762.0,3021.0,-10.0,-1.0,-6.0,
1649413282129562377,-0.565307617188,0.0776977539062,0.0352783203125,0.820434570312,-1323.0,-7803.0,3001.0,-9.0,-1.0,-6.0,
1649413282134330034,-0.565734863281,0.0774536132812,0.0350341796875,0.820190429688,-1324.0,-7823.0,3001.0,-8.0,-1.0,-6.0,
1649413282137766838,-0.566101074219,0.0772094726562,0.0347900390625,0.819946289062,-1324.0,-7822.0,2976.0,-8.0,-1.0,-6.0,
1649413282145805358,-0.566467285156,0.076904296875,0.0345458984375,0.819763183594,-1341.0,-7784.0,2953.0,-7.0,-2.0,-6.0,
1649413282152857780,-0.566772460938,0.07666015625,0.0343627929688,0.819580078125,-1346.0,-7706.0,2903.0,-6.0,-2.0,-6.0,
1649413282154937505,-0.567077636719,0.076416015625,0.0341796875,0.819396972656,-1355.0,-7614.0,2856.0,-6.0,-2.0,-5.0,
1649413282159831762,-0.5673828125,0.0762329101562,0.0340576171875,0.819152832031,-1371.0,-7538.0,2830.0,-6.0,-2.0,-5.0,
1649413282166148900,-0.567749023438,0.0760498046875,0.0340576171875,0.818969726562,-1397.0,-7500.0,2802.0,-7.0,-2.0,-4.0,
1649413282170873165,-0.568176269531,0.075927734375,0.0340576171875,0.818664550781,-1427.0,-7495.0,2796.0,-9.0,-2.0,-3.0,
1649413282175765037,-0.568664550781,0.0758666992188,0.0340576171875,0.818359375,-1455.0,-7504.0,2767.0,-10.0,-1.0,-2.0,
1649413282180176496,-0.569213867188,0.0758666992188,0.0340576171875,0.817993164062,-1484.0,-7544.0,2731.0,-10.0,-1.0,-2.0,
1649413282184750556,-0.569763183594,0.0758056640625,0.0341186523438,0.817565917969,-1527.0,-7594.0,2740.0,-11.0,0.0,-2.0,
1649413282189240932,-0.570251464844,0.0758666992188,0.0341186523438,0.817199707031,-1526.0,-7632.0,2646.0,-10.0,0.0,-2.0,
1649413282194018840,-0.570861816406,0.075927734375,0.0341186523438,0.816833496094,-1550.0,-7634.0,2625.0,-10.0,1.0,-1.0,
1649413282201339960,-0.571411132812,0.0759887695312,0.0341186523438,0.81640625,-1558.0,-7630.0,2599.0,-11.0,1.0,-1.0,
1649413282205304622,-0.572021484375,0.0760498046875,0.0341186523438,0.815979003906,-1560.0,-7684.0,2584.0,-11.0,1.0,-1.0,
1649413282209792137,-0.572631835938,0.076171875,0.0341186523438,0.815551757812,-1557.0,-7805.0,2559.0,-12.0,1.0,-1.0,
1649413282214575767,-0.5732421875,0.0762329101562,0.0340576171875,0.815063476562,-1555.0,-7911.0,2537.0,-11.0,2.0,-1.0,
1649413282221298933,-0.573852539062,0.0763549804688,0.0339965820312,0.814697265625,-1560.0,-8002.0,2536.0,-9.0,2.0,-1.0,
1649413282222579479,-0.574279785156,0.076416015625,0.033935546875,0.814392089844,-1566.0,-8060.0,2533.0,-7.0,2.0,-2.0,
1649413282235612869,-0.574645996094,0.0764770507812,0.0338134765625,0.814147949219,-1568.0,-8122.0,2528.0,-6.0,2.0,-2.0,
1649413282237677335,-0.574890136719,0.0765991210938,0.0337524414062,0.813903808594,-1571.0,-8186.0,2539.0,-5.0,2.0,-2.0,
1649413282239598512,-0.575134277344,0.0765991210938,0.0336303710938,0.813720703125,-1568.0,-8236.0,2546.0,-3.0,1.0,-2.0,
1649413282244296789,-0.575256347656,0.07666015625,0.033447265625,0.813659667969,-1582.0,-8229.0,2568.0,-2.0,1.0,-3.0,
1649413282248953104,-0.575317382812,0.07666015625,0.0333251953125,0.813659667969,-1597.0,-8167.0,2593.0,0.0,1.0,-3.0,
1649413282252499818,-0.575256347656,0.07666015625,0.0332641601562,0.813659667969,-1604.0,-8071.0,2589.0,1.0,0.0,-3.0,
1649413282261173248,-0.5751953125,0.0767211914062,0.033203125,0.813720703125,-1611.0,-7974.0,2577.0,1.0,0.0,-2.0,
1649413282267651081,-0.5751953125,0.0767211914062,0.0331420898438,0.813720703125,-1611.0,-7861.0,2577.0,1.0,0.0,-2.0,
1649413282272888422,-0.575073242188,0.0767822265625,0.0331420898438,0.813781738281,-1601.0,-7746.0,2578.0,1.0,0.0,-1.0,
1649413282280747413,-0.574829101562,0.0770263671875,0.0333862304688,0.813903808594,-1607.0,-7610.0,2547.0,1.0,-1.0,2.0,
1649413282285309553,-0.574768066406,0.0772094726562,0.0335083007812,0.81396484375,-1620.0,-7541.0,2583.0,1.0,-1.0,2.0,
1649413282289885044,-0.574645996094,0.077392578125,0.0337524414062,0.814025878906,-1643.0,-7498.0,2611.0,1.0,-1.0,3.0,
1649413282294582128,-0.574523925781,0.0775756835938,0.0340576171875,0.814086914062,-1672.0,-7530.0,2627.0,1.0,-1.0,4.0,
1649413282301787853,-0.574462890625,0.0778198242188,0.0343017578125,0.814086914062,-1665.0,-7598.0,2618.0,0.0,-1.0,4.0,
1649413282303872823,-0.574462890625,0.0780029296875,0.0345458984375,0.814086914062,-1637.0,-7680.0,2605.0,0.0,-1.0,4.0,
1649413282307801485,-0.574462890625,0.0781860351562,0.0347900390625,0.814025878906,-1624.0,-7762.0,2604.0,0.0,0.0,4.0,
1649413282316988229,-0.574401855469,0.078369140625,0.0349731445312,0.814025878906,-1608.0,-7828.0,2592.0,1.0,0.0,3.0,
1649413282319947242,-0.574340820312,0.0785522460938,0.0350952148438,0.814086914062,-1609.0,-7876.0,2581.0,2.0,0.0,3.0,
1649413282324332237,-0.57421875,0.0787963867188,0.0352172851562,0.814147949219,-1599.0,-7911.0,2577.0,3.0,1.0,3.0,
1649413282328809022,-0.574035644531,0.0790405273438,0.035400390625,0.814208984375,-1589.0,-7963.0,2573.0,4.0,1.0,4.0,
1649413282332254171,-0.573791503906,0.079345703125,0.0354614257812,0.814392089844,-1561.0,-8053.0,2561.0,6.0,2.0,4.0,
1649413282340322971,-0.573425292969,0.07958984375,0.0355224609375,0.814575195312,-1536.0,-8119.0,2579.0,8.0,2.0,3.0,
1649413282344757318,-0.572998046875,0.079833984375,0.0354614257812,0.814880371094,-1523.0,-8107.0,2625.0,10.0,2.0,2.0,
1649413282349537134,-0.572387695312,0.080078125,0.0354614257812,0.815246582031,-1517.0,-8035.0,2684.0,11.0,2.0,2.0,
1649413282354138612,-0.571716308594,0.0803833007812,0.0354614257812,0.815734863281,-1518.0,-7963.0,2741.0,12.0,2.0,3.0,
1649413282358791589,-0.570983886719,0.0807495117188,0.0355224609375,0.816162109375,-1520.0,-7912.0,2812.0,12.0,3.0,4.0,
1649413282362238883,-0.5703125,0.0810546875,0.0355834960938,0.816650390625,-1529.0,-7867.0,2873.0,12.0,3.0,4.0,
1649413282372788906,-0.569580078125,0.0814208984375,0.03564453125,0.817077636719,-1541.0,-7812.0,2934.0,12.0,2.0,4.0,
1649413282380723714,-0.568237304688,0.0820922851562,0.035888671875,0.817993164062,-1575.0,-7634.0,3012.0,10.0,2.0,4.0,
1649413282385212421,-0.567626953125,0.0823974609375,0.0360107421875,0.818359375,-1585.0,-7543.0,3031.0,9.0,2.0,4.0,
1649413282389680862,-0.567077636719,0.0827026367188,0.0361938476562,0.818664550781,-1579.0,-7465.0,3037.0,8.0,2.0,4.0,
1649413282395102739,-0.566589355469,0.0830688476562,0.0363159179688,0.818969726562,-1569.0,-7414.0,3014.0,7.0,2.0,4.0,
1649413282399941205,-0.566223144531,0.0833129882812,0.0364990234375,0.819213867188,-1567.0,-7372.0,3006.0,6.0,2.0,4.0,
1649413282403928518,-0.56591796875,0.0836181640625,0.03662109375,0.819396972656,-1567.0,-7330.0,3002.0,5.0,2.0,4.0,
1649413282407341480,-0.565551757812,0.0839233398438,0.0367431640625,0.819580078125,-1583.0,-7277.0,2997.0,5.0,2.0,4.0,
1649413282415435552,-0.565185546875,0.084228515625,0.0369873046875,0.819763183594,-1587.0,-7242.0,3007.0,5.0,1.0,4.0,
1649413282421717405,-0.564880371094,0.0845336914062,0.0371704101562,0.820007324219,-1584.0,-7244.0,3001.0,5.0,1.0,5.0,
1649413282424945116,-0.564514160156,0.0848388671875,0.0374145507812,0.820190429688,-1585.0,-7249.0,3009.0,5.0,1.0,5.0,
1649413282429428815,-0.564147949219,0.0851440429688,0.0376586914062,0.820373535156,-1584.0,-7238.0,3017.0,5.0,1.0,5.0,
1649413282433919191,-0.563720703125,0.08544921875,0.0379028320312,0.820617675781,-1606.0,-7233.0,3030.0,6.0,0.0,6.0,
1649413282437435150,-0.563293457031,0.0858154296875,0.0382690429688,0.820861816406,-1600.0,-7270.0,3019.0,6.0,0.0,7.0,
1649413282450051784,-0.562927246094,0.0861206054688,0.03857421875,0.821105957031,-1571.0,-7357.0,2990.0,6.0,0.0,7.0,
1649413282450877666,-0.562622070312,0.08642578125,0.0388793945312,0.8212890625,-1542.0,-7447.0,2955.0,6.0,0.0,7.0,
1649413282456591129,-0.562255859375,0.086669921875,0.0391845703125,0.821472167969,-1545.0,-7492.0,2944.0,7.0,0.0,7.0,
1649413282458691358,-0.561828613281,0.0869140625,0.0394897460938,0.821716308594,-1555.0,-7520.0,2934.0,8.0,0.0,7.0,
1649413282467144489,-0.561401367188,0.0872192382812,0.039794921875,0.821960449219,-1556.0,-7545.0,2933.0,8.0,0.0,6.0,
1649413282477950811,-0.560974121094,0.08740234375,0.0400390625,0.822204589844,-1541.0,-7562.0,2923.0,7.0,-1.0,6.0,
1649413282479749917,-0.560607910156,0.0875854492188,0.040283203125,0.822448730469,-1533.0,-7603.0,2921.0,7.0,-1.0,5.0,
1649413282492248058,-0.559997558594,0.087890625,0.0405883789062,0.822814941406,-1547.0,-7702.0,2956.0,5.0,-1.0,3.0,
1649413282492878437,-0.559753417969,0.087890625,0.0407104492188,0.822937011719,-1562.0,-7758.0,2983.0,4.0,-1.0,2.0,
1649413282505457401,-0.559631347656,0.087890625,0.0407104492188,0.823059082031,-1572.0,-7801.0,3018.0,3.0,-1.0,0.0,
1649413282506117582,-0.559448242188,0.0878295898438,0.0407104492188,0.823181152344,-1594.0,-7814.0,3021.0,2.0,-1.0,-1.0,
1649413282506629467,-0.559387207031,0.0877685546875,0.0407104492188,0.8232421875,-1602.0,-7815.0,3005.0,2.0,-1.0,-2.0,
1649413282508274316,-0.559265136719,0.0877075195312,0.0405883789062,0.823303222656,-1600.0,-7814.0,2972.0,2.0,-1.0,-2.0,
1649413282515792608,-0.559143066406,0.0875854492188,0.04052734375,0.823425292969,-1585.0,-7804.0,2934.0,3.0,-1.0,-3.0,
1649413282520492553,-0.559020996094,0.0874633789062,0.0404052734375,0.823486328125,-1573.0,-7772.0,2910.0,3.0,-1.0,-3.0,
1649413282525096654,-0.558898925781,0.0873413085938,0.0402221679688,0.823669433594,-1565.0,-7712.0,2906.0,4.0,-1.0,-3.0,
1649413282529690027,-0.558654785156,0.0872802734375,0.0401000976562,0.823791503906,-1558.0,-7632.0,2923.0,4.0,-1.0,-3.0,
1649413282534572601,-0.558410644531,0.0872192382812,0.0399780273438,0.823974609375,-1547.0,-7543.0,2947.0,4.0,-1.0,-3.0,
1649413282538800477,-0.55810546875,0.087158203125,0.0398559570312,0.824157714844,-1540.0,-7448.0,2970.0,4.0,0.0,-2.0,
1649413282542250633,-0.557861328125,0.087158203125,0.039794921875,0.824340820312,-1530.0,-7363.0,2994.0,4.0,0.0,-2.0,
1649413282550522327,-0.5576171875,0.087158203125,0.0397338867188,0.824523925781,-1509.0,-7283.0,3025.0,3.0,0.0,-2.0,
1649413282555018663,-0.557434082031,0.0870971679688,0.0396728515625,0.82470703125,-1490.0,-7207.0,3048.0,2.0,0.0,-1.0,
1649413282559693574,-0.557312011719,0.0870971679688,0.0396118164062,0.824768066406,-1466.0,-7179.0,3046.0,1.0,0.0,-1.0,
1649413282564297914,-0.557250976562,0.0870971679688,0.0396118164062,0.824768066406,-1444.0,-7207.0,3046.0,-1.0,0.0,0.0,
1649413282568832397,-0.557312011719,0.0870971679688,0.03955078125,0.824768066406,-1430.0,-7237.0,3018.0,-2.0,0.0,0.0,
1649413282577497482,-0.557434082031,0.0870971679688,0.0394897460938,0.82470703125,-1432.0,-7221.0,2994.0,-2.0,0.0,-1.0,
1649413282581682443,-0.557495117188,0.0870971679688,0.0394897460938,0.824645996094,-1447.0,-7188.0,2989.0,-2.0,0.0,-1.0,
1649413282599127054,-0.557495117188,0.087158203125,0.0394897460938,0.824645996094,-1485.0,-7195.0,2986.0,-2.0,0.0,0.0,
1649413282599758625,-0.557556152344,0.0872802734375,0.03955078125,0.824584960938,-1506.0,-7271.0,2994.0,-2.0,0.0,0.0,
1649413282600172281,-0.557678222656,0.0873413085938,0.03955078125,0.824523925781,-1527.0,-7379.0,3019.0,-3.0,0.0,0.0,
1649413282600803375,-0.557739257812,0.08740234375,0.03955078125,0.824401855469,-1557.0,-7476.0,3062.0,-3.0,0.0,0.0,
1649413282603720664,-0.557800292969,0.0874633789062,0.03955078125,0.824401855469,-1593.0,-7550.0,3101.0,-2.0,0.0,-1.0,
1649413282607163190,-0.557861328125,0.0875244140625,0.03955078125,0.824340820312,-1618.0,-7615.0,3126.0,-1.0,0.0,-1.0,
1649413282615114927,-0.557861328125,0.0875244140625,0.03955078125,0.824340820312,-1624.0,-7671.0,3159.0,-1.0,0.0,-1.0,
1649413282619718074,-0.557800292969,0.0875244140625,0.0394897460938,0.824401855469,-1632.0,-7727.0,3169.0,0.0,0.0,-1.0,
1649413282624394416,-0.557739257812,0.0875244140625,0.0394287109375,0.824462890625,-1620.0,-7766.0,3173.0,1.0,0.0,-1.0,
1649413282628834247,-0.5576171875,0.0875244140625,0.039306640625,0.824523925781,-1601.0,-7775.0,3163.0,1.0,0.0,-2.0,
1649413282633630990,-0.557556152344,0.0875244140625,0.0391845703125,0.824584960938,-1583.0,-7759.0,3145.0,2.0,1.0,-2.0,
1649413282637019634,-0.557434082031,0.0875854492188,0.0390014648438,0.824645996094,-1570.0,-7718.0,3134.0,2.0,1.0,-2.0,
1649413282644984006,-0.557250976562,0.087646484375,0.0388793945312,0.824768066406,-1568.0,-7670.0,3119.0,2.0,2.0,-2.0,
1649413282649726867,-0.55712890625,0.0877685546875,0.0386962890625,0.824829101562,-1570.0,-7615.0,3102.0,2.0,2.0,-1.0,
1649413282658816337,-0.557006835938,0.0879516601562,0.03857421875,0.824951171875,-1568.0,-7572.0,3066.0,2.0,3.0,-1.0,
1649413282659339666,-0.556884765625,0.0881958007812,0.0384521484375,0.824951171875,-1559.0,-7540.0,3036.0,2.0,4.0,0.0,
1649413282662169456,-0.556823730469,0.0884399414062,0.038330078125,0.825012207031,-1549.0,-7532.0,3013.0,1.0,4.0,0.0,
1649413282670248985,-0.556762695312,0.0887451171875,0.0381469726562,0.825012207031,-1542.0,-7538.0,3003.0,1.0,5.0,1.0,
1649413282676493167,-0.556640625,0.0890502929688,0.0380249023438,0.825073242188,-1536.0,-7551.0,3002.0,2.0,5.0,1.0,
1649413282681469440,-0.556518554688,0.0894165039062,0.037841796875,0.825134277344,-1533.0,-7563.0,3000.0,2.0,6.0,1.0,
1649413282686019897,-0.556396484375,0.0897827148438,0.0377197265625,0.8251953125,-1537.0,-7574.0,3005.0,3.0,6.0,1.0,
1649413282690603256,-0.55615234375,0.0902099609375,0.0375366210938,0.825317382812,-1548.0,-7583.0,3021.0,4.0,6.0,1.0,
1649413282695278167,-0.555969238281,0.090576171875,0.037353515625,0.825378417969,-1563.0,-7593.0,3033.0,4.0,6.0,1.0,
1649413282701380968,-0.555725097656,0.0910034179688,0.0371704101562,0.825500488281,-1578.0,-7595.0,3049.0,4.0,7.0,1.0,
1649413282704750061,-0.555419921875,0.0914306640625,0.0369262695312,0.82568359375,-1597.0,-7594.0,3076.0,5.0,7.0,1.0,
1649413282709207534,-0.555114746094,0.0918579101562,0.0367431640625,0.825805664062,-1611.0,-7596.0,3095.0,5.0,7.0,0.0,
1649413282723047494,-0.554809570312,0.09228515625,0.0364990234375,0.825988769531,-1626.0,-7595.0,3122.0,6.0,7.0,0.0,
1649413282724160194,-0.554443359375,0.0927124023438,0.0361938476562,0.826232910156,-1654.0,-7582.0,3153.0,6.0,7.0,0.0,
1649413282725247144,-0.554077148438,0.0931396484375,0.0359497070312,0.826477050781,-1678.0,-7557.0,3173.0,6.0,7.0,0.0,
1649413282731919050,-0.5537109375,0.093505859375,0.0357055664062,0.82666015625,-1690.0,-7538.0,3174.0,6.0,7.0,-1.0,
1649413282734019517,-0.553405761719,0.0938720703125,0.035400390625,0.826843261719,-1702.0,-7519.0,3184.0,6.0,7.0,-1.0,
1649413282738572597,-0.553100585938,0.09423828125,0.0350952148438,0.827026367188,-1700.0,-7484.0,3188.0,5.0,6.0,-2.0,
1649413282742024421,-0.552856445312,0.0945434570312,0.0347900390625,0.8271484375,-1690.0,-7446.0,3184.0,4.0,6.0,-2.0,
1649413282750330686,-0.552734375,0.0947875976562,0.034423828125,0.827209472656,-1680.0,-7406.0,3178.0,2.0,6.0,-3.0,
1649413282754855871,-0.552673339844,0.0950317382812,0.0341186523438,0.827270507812,-1674.0,-7371.0,3177.0,1.0,6.0,-3.0,
1649413282759512901,-0.552673339844,0.09521484375,0.03369140625,0.827270507812,-1664.0,-7337.0,3159.0,0.0,6.0,-4.0,
1649413282764153003,-0.552673339844,0.095458984375,0.0333251953125,0.827209472656,-1655.0,-7305.0,3142.0,-1.0,6.0,-4.0,
1649413282770314693,-0.552795410156,0.0956420898438,0.032958984375,0.8271484375,-1643.0,-7273.0,3108.0,-2.0,6.0,-4.0,
1649413282773687362,-0.552917480469,0.0958251953125,0.0325317382812,0.827087402344,-1627.0,-7245.0,3070.0,-2.0,6.0,-5.0,
1649413282779876470,-0.553039550781,0.0960083007812,0.0321044921875,0.826965332031,-1606.0,-7215.0,3029.0,-3.0,6.0,-5.0,
1649413282784616708,-0.55322265625,0.0962524414062,0.0316162109375,0.826843261719,-1598.0,-7179.0,2994.0,-3.0,7.0,-5.0,
1649413282789327383,-0.553405761719,0.096435546875,0.0311889648438,0.826721191406,-1581.0,-7158.0,2964.0,-3.0,7.0,-5.0,
1649413282794121980,-0.553649902344,0.0966796875,0.0307006835938,0.826538085938,-1575.0,-7149.0,2933.0,-4.0,7.0,-5.0,
1649413282801717996,-0.553894042969,0.096923828125,0.0302124023438,0.826354980469,-1584.0,-7142.0,2911.0,-4.0,8.0,-5.0,
1649413282802608728,-0.55419921875,0.0972290039062,0.0297241210938,0.826171875,-1596.0,-7147.0,2897.0,-5.0,8.0,-5.0,
1649413282811220645,-0.554504394531,0.0974731445312,0.0292358398438,0.825927734375,-1615.0,-7170.0,2908.0,-6.0,8.0,-6.0,
1649413282814516067,-0.554809570312,0.0977783203125,0.0287475585938,0.82568359375,-1625.0,-7216.0,2918.0,-6.0,8.0,-6.0,
1649413282820379734,-0.55517578125,0.0980224609375,0.0281372070312,0.825439453125,-1647.0,-7264.0,2922.0,-6.0,9.0,-7.0,
1649413282823825359,-0.555541992188,0.0982666015625,0.027587890625,0.8251953125,-1651.0,-7298.0,2942.0,-6.0,9.0,-7.0,
1649413282827054023,-0.555847167969,0.0985107421875,0.0269775390625,0.824951171875,-1654.0,-7327.0,2958.0,-7.0,9.0,-8.0,
1649413282835342645,-0.556274414062,0.0986938476562,0.0263061523438,0.82470703125,-1648.0,-7351.0,2981.0,-7.0,9.0,-8.0,
1649413282841493129,-0.556640625,0.098876953125,0.025634765625,0.824462890625,-1648.0,-7382.0,3008.0,-7.0,9.0,-8.0,
1649413282844615697,-0.557006835938,0.09912109375,0.0249633789062,0.824157714844,-1654.0,-7410.0,3035.0,-8.0,9.0,-9.0,
1649413282849317312,-0.557434082031,0.0993041992188,0.0242919921875,0.823913574219,-1664.0,-7436.0,3066.0,-8.0,9.0,-9.0,
1649413282858402013,-0.557861328125,0.0994873046875,0.0235595703125,0.823608398438,-1666.0,-7468.0,3066.0,-9.0,9.0,-10.0,
1649413282859313011,-0.558410644531,0.099609375,0.0228271484375,0.8232421875,-1676.0,-7523.0,3066.0,-11.0,9.0,-10.0,
1649413282861953496,-0.559020996094,0.0997924804688,0.0220947265625,0.822814941406,-1688.0,-7565.0,3067.0,-11.0,9.0,-11.0,
1649413282874104738,-0.559692382812,0.0999145507812,0.021240234375,0.822387695312,-1691.0,-7582.0,3064.0,-12.0,10.0,-11.0,
1649413282875104188,-0.560302734375,0.10009765625,0.0203857421875,0.821960449219,-1685.0,-7592.0,3057.0,-12.0,10.0,-12.0,
1649413282881237030,-0.560913085938,0.100219726562,0.01953125,0.821533203125,-1661.0,-7580.0,3050.0,-11.0,10.0,-12.0,
1649413282886305093,-0.561462402344,0.100341796875,0.0186157226562,0.821166992188,-1627.0,-7557.0,3029.0,-11.0,11.0,-12.0,
1649413282890864849,-0.562072753906,0.100524902344,0.0177001953125,0.820739746094,-1595.0,-7528.0,3005.0,-11.0,11.0,-12.0,
1649413282895647525,-0.562622070312,0.100708007812,0.0167236328125,0.820373535156,-1564.0,-7490.0,2979.0,-11.0,12.0,-12.0,
1649413282901428937,-0.563232421875,0.101013183594,0.0158081054688,0.819946289062,-1532.0,-7444.0,2948.0,-11.0,13.0,-12.0,
1649413282904714822,-0.563842773438,0.101318359375,0.0148315429688,0.819519042969,-1506.0,-7401.0,2929.0,-11.0,14.0,-11.0,
1649413282909318923,-0.564453125,0.101684570312,0.0138549804688,0.819091796875,-1490.0,-7365.0,2919.0,-11.0,15.0,-10.0,
1649413282913933277,-0.565002441406,0.102111816406,0.012939453125,0.818603515625,-1480.0,-7362.0,2907.0,-12.0,15.0,-10.0,
1649413282918771743,-0.565673828125,0.102661132812,0.011962890625,0.818115234375,-1485.0,-7379.0,2913.0,-12.0,16.0,-10.0,
1649413282923592329,-0.566284179688,0.103210449219,0.010986328125,0.817626953125,-1497.0,-7412.0,2924.0,-13.0,17.0,-9.0,
1649413282926913022,-0.566955566406,0.103759765625,0.0100708007812,0.817138671875,-1519.0,-7465.0,2947.0,-13.0,17.0,-9.0,
1649413282935107469,-0.567626953125,0.104370117188,0.009033203125,0.816589355469,-1542.0,-7529.0,2974.0,-13.0,18.0,-10.0,
1649413282939748525,-0.568237304688,0.10498046875,0.008056640625,0.816101074219,-1561.0,-7596.0,2992.0,-13.0,18.0,-10.0,
1649413282944298744,-0.56884765625,0.105590820312,0.00701904296875,0.815612792969,-1570.0,-7653.0,3000.0,-12.0,18.0,-10.0,
1649413282949061870,-0.569396972656,0.106140136719,0.00592041015625,0.815124511719,-1575.0,-7691.0,2985.0,-11.0,18.0,-11.0,
1649413282953735351,-0.569946289062,0.106750488281,0.00482177734375,0.814697265625,-1570.0,-7723.0,2983.0,-10.0,19.0,-11.0,
1649413282958225727,-0.570434570312,0.107360839844,0.00360107421875,0.814270019531,-1559.0,-7742.0,2971.0,-10.0,19.0,-11.0,
1649413282961872100,-0.570861816406,0.107971191406,0.00244140625,0.813903808594,-1561.0,-7760.0,2964.0,-9.0,20.0,-11.0,
1649413282969762802,-0.5712890625,0.108703613281,0.00128173828125,0.8134765625,-1563.0,-7790.0,2938.0,-8.0,20.0,-11.0,
1649413282977591753,-0.571716308594,0.109375,6.103515625e-05,0.813110351562,-1576.0,-7802.0,2926.0,-7.0,21.0,-11.0,
1649413282979151964,-0.572082519531,0.110168457031,-0.00115966796875,0.812744140625,-1589.0,-7790.0,2892.0,-6.0,21.0,-10.0,
1649413282986566066,-0.572326660156,0.110961914062,-0.0023193359375,0.812438964844,-1593.0,-7773.0,2869.0,-5.0,22.0,-10.0,
1649413282994340181,-0.572570800781,0.111755371094,-0.0035400390625,0.812133789062,-1588.0,-7769.0,2846.0,-5.0,22.0,-10.0,
1649413282995643854,-0.572814941406,0.112609863281,-0.0047607421875,0.811889648438,-1583.0,-7773.0,2814.0,-4.0,23.0,-10.0,
1649413283000617027,-0.573059082031,0.113464355469,-0.0059814453125,0.811584472656,-1578.0,-7758.0,2781.0,-4.0,23.0,-10.0,
1649413283004910707,-0.573181152344,0.114379882812,-0.00726318359375,0.811340332031,-1565.0,-7726.0,2735.0,-3.0,24.0,-9.0,
1649413283009397268,-0.573364257812,0.115356445312,-0.008544921875,0.811096191406,-1539.0,-7692.0,2675.0,-2.0,24.0,-9.0,
1649413283013976573,-0.573486328125,0.116333007812,-0.00982666015625,0.810852050781,-1503.0,-7650.0,2623.0,-2.0,25.0,-9.0,
1649413283018602848,-0.573608398438,0.117370605469,-0.0111694335938,0.810546875,-1471.0,-7619.0,2594.0,-2.0,26.0,-8.0,
1649413283021874666,-0.573791503906,0.118469238281,-0.012451171875,0.810302734375,-1444.0,-7618.0,2572.0,-3.0,27.0,-8.0,
1649413283029948711,-0.573974609375,0.119567871094,-0.0137939453125,0.809997558594,-1429.0,-7644.0,2550.0,-3.0,28.0,-7.0,
1649413283034423112,-0.574096679688,0.120788574219,-0.0150756835938,0.809631347656,-1434.0,-7694.0,2550.0,-3.0,28.0,-7.0,
1649413283039391517,-0.57421875,0.122009277344,-0.0164184570312,0.809387207031,-1445.0,-7749.0,2565.0,-2.0,29.0,-6.0,
1649413283043543338,-0.574279785156,0.123229980469,-0.0177612304688,0.80908203125,-1456.0,-7789.0,2572.0,-1.0,29.0,-7.0,
1649413283048110961,-0.574340820312,0.12451171875,-0.0191040039062,0.808837890625,-1457.0,-7819.0,2563.0,-1.0,29.0,-7.0,
1649413283051625490,-0.574401855469,0.125732421875,-0.0205078125,0.80859375,-1446.0,-7831.0,2537.0,-1.0,30.0,-8.0,
1649413283059606790,-0.574523925781,0.126953125,-0.0220336914062,0.808288574219,-1443.0,-7825.0,2530.0,-1.0,30.0,-8.0,
1649413283065012454,-0.574645996094,0.128173828125,-0.0234985351562,0.807922363281,-1447.0,-7810.0,2544.0,-2.0,30.0,-9.0,
1649413283068600654,-0.574768066406,0.129333496094,-0.0250244140625,0.8076171875,-1458.0,-7791.0,2566.0,-3.0,30.0,-10.0,
1649413283073210954,-0.574951171875,0.130493164062,-0.0264892578125,0.807250976562,-1477.0,-7760.0,2596.0,-4.0,30.0,-10.0,
1649413283076652288,-0.575073242188,0.131652832031,-0.0280151367188,0.806945800781,-1492.0,-7719.0,2630.0,-4.0,30.0,-11.0,
1649413283087108612,-0.575256347656,0.132751464844,-0.029541015625,0.806579589844,-1500.0,-7680.0,2657.0,-4.0,29.0,-11.0,
1649413283095216274,-0.575622558594,0.134826660156,-0.032470703125,0.805847167969,-1501.0,-7561.0,2660.0,-5.0,28.0,-12.0,
1649413283099725246,-0.575866699219,0.135803222656,-0.033935546875,0.805480957031,-1488.0,-7491.0,2656.0,-6.0,27.0,-11.0,
1649413283104288578,-0.576110839844,0.13671875,-0.0353393554688,0.805053710938,-1471.0,-7402.0,2650.0,-6.0,26.0,-11.0,
1649413283108722686,-0.576416015625,0.137573242188,-0.0367431640625,0.804626464844,-1441.0,-7325.0,2645.0,-8.0,25.0,-11.0,
1649413283113367080,-0.576782226562,0.138427734375,-0.0380249023438,0.804138183594,-1406.0,-7275.0,2640.0,-9.0,24.0,-11.0,
1649413283116769552,-0.577209472656,0.139221191406,-0.039306640625,0.803649902344,-1374.0,-7242.0,2622.0,-10.0,23.0,-10.0,
1649413283124909877,-0.577697753906,0.140014648438,-0.0404663085938,0.803100585938,-1354.0,-7235.0,2621.0,-11.0,22.0,-10.0,
1649413283129584789,-0.578186035156,0.140808105469,-0.0415649414062,0.802551269531,-1347.0,-7256.0,2637.0,-12.0,21.0,-9.0,
1649413283146088123,-0.578735351562,0.141540527344,-0.0426635742188,0.802001953125,-1349.0,-7295.0,2627.0,-12.0,21.0,-9.0,
1649413283146966695,-0.579284667969,0.142272949219,-0.043701171875,0.801391601562,-1363.0,-7341.0,2605.0,-13.0,20.0,-9.0,
1649413283147273778,-0.579895019531,0.142944335938,-0.044677734375,0.80078125,-1371.0,-7401.0,2547.0,-13.0,19.0,-9.0,
1649413283160698175,-0.58056640625,0.143615722656,-0.045654296875,0.800109863281,-1375.0,-7465.0,2474.0,-14.0,19.0,-9.0,
1649413283161723375,-0.581298828125,0.144226074219,-0.0466918945312,0.799438476562,-1383.0,-7517.0,2383.0,-14.0,18.0,-10.0,
1649413283162122964,-0.582153320312,0.144836425781,-0.0477294921875,0.798645019531,-1385.0,-7566.0,2281.0,-15.0,18.0,-11.0,
1649413283163497447,-0.5830078125,0.145446777344,-0.048828125,0.7978515625,-1396.0,-7606.0,2184.0,-15.0,18.0,-12.0,
1649413283167146444,-0.583862304688,0.14599609375,-0.0499267578125,0.797058105469,-1414.0,-7638.0,2086.0,-15.0,18.0,-12.0,
1649413283171599626,-0.584716796875,0.146545410156,-0.051025390625,0.796264648438,-1423.0,-7663.0,2026.0,-15.0,18.0,-13.0,
1649413283179726362,-0.585571289062,0.147094726562,-0.0521850585938,0.795471191406,-1421.0,-7678.0,1985.0,-14.0,18.0,-13.0,
1649413283184302091,-0.586364746094,0.147583007812,-0.0533447265625,0.794677734375,-1417.0,-7693.0,1956.0,-14.0,18.0,-13.0,
1649413283194263696,-0.587158203125,0.148071289062,-0.0545043945312,0.7939453125,-1419.0,-7704.0,1922.0,-14.0,18.0,-14.0,
1649413283195737838,-0.587951660156,0.148498535156,-0.0556640625,0.793212890625,-1427.0,-7722.0,1912.0,-14.0,17.0,-14.0,
1649413283200293064,-0.588745117188,0.14892578125,-0.0568237304688,0.792419433594,-1434.0,-7752.0,1919.0,-14.0,17.0,-14.0,
1649413283205670118,-0.589477539062,0.149353027344,-0.0579223632812,0.791687011719,-1452.0,-7788.0,1933.0,-14.0,17.0,-14.0,
1649413283209440469,-0.590270996094,0.149780273438,-0.05908203125,0.791015625,-1470.0,-7858.0,1949.0,-14.0,16.0,-14.0,
1649413283213897943,-0.591003417969,0.150146484375,-0.0602416992188,0.790283203125,-1493.0,-7913.0,1959.0,-14.0,16.0,-15.0,
1649413283218475580,-0.591674804688,0.150451660156,-0.0614013671875,0.789611816406,-1508.0,-7932.0,1951.0,-13.0,16.0,-15.0,
1649413283223151206,-0.592346191406,0.150756835938,-0.0625610351562,0.788940429688,-1520.0,-7914.0,1940.0,-12.0,16.0,-16.0,
1649413283226624011,-0.592956542969,0.151062011719,-0.063720703125,0.788330078125,-1512.0,-7879.0,1910.0,-11.0,15.0,-16.0,
1649413283234432458,-0.593627929688,0.1513671875,-0.0648803710938,0.787719726562,-1497.0,-7841.0,1891.0,-12.0,15.0,-16.0,
1649413283239033699,-0.594299316406,0.151672363281,-0.0660400390625,0.787048339844,-1488.0,-7800.0,1871.0,-12.0,15.0,-15.0,
1649413283243441820,-0.594970703125,0.151977539062,-0.067138671875,0.786376953125,-1485.0,-7767.0,1851.0,-13.0,15.0,-15.0,
1649413283247991561,-0.595764160156,0.152282714844,-0.0682373046875,0.78564453125,-1484.0,-7764.0,1833.0,-14.0,15.0,-15.0,
1649413283251896381,-0.596496582031,0.152648925781,-0.0692749023438,0.784912109375,-1468.0,-7777.0,1834.0,-15.0,15.0,-14.0,
1649413283259382963,-0.597290039062,0.152954101562,-0.0703125,0.7841796875,-1461.0,-7805.0,1844.0,-15.0,14.0,-14.0,
1649413283265297412,-0.598022460938,0.153259277344,-0.0713500976562,0.783447265625,-1464.0,-7833.0,1851.0,-14.0,14.0,-14.0,
1649413283268603801,-0.598693847656,0.153564453125,-0.0723266601562,0.782775878906,-1466.0,-7852.0,1832.0,-13.0,14.0,-14.0,
1649413283273108005,-0.599365234375,0.153869628906,-0.0733642578125,0.782104492188,-1454.0,-7874.0,1795.0,-12.0,14.0,-13.0,
1649413283276600360,-0.599975585938,0.154235839844,-0.0743408203125,0.781494140625,-1426.0,-7916.0,1747.0,-11.0,14.0,-13.0,
1649413283284549713,-0.600646972656,0.154541015625,-0.0753784179688,0.780822753906,-1408.0,-7951.0,1718.0,-11.0,14.0,-13.0,
1649413283291730880,-0.601257324219,0.154846191406,-0.076416015625,0.780151367188,-1408.0,-7997.0,1700.0,-11.0,14.0,-13.0,
1649413283299770832,-0.602478027344,0.155456542969,-0.0784912109375,0.778930664062,-1406.0,-8071.0,1674.0,-11.0,14.0,-13.0,
1649413283304491043,-0.60302734375,0.15576171875,-0.0795288085938,0.7783203125,-1399.0,-8079.0,1664.0,-10.0,14.0,-13.0,
1649413283308942079,-0.603576660156,0.156066894531,-0.08056640625,0.777709960938,-1378.0,-8066.0,1659.0,-10.0,14.0,-13.0,
1649413283313834190,-0.604125976562,0.156311035156,-0.0816040039062,0.777099609375,-1353.0,-8047.0,1661.0,-11.0,14.0,-13.0,
1649413283319619655,-0.604736328125,0.156616210938,-0.0826416015625,0.776489257812,-1329.0,-8042.0,1670.0,-12.0,14.0,-13.0,
1649413283323193550,-0.605346679688,0.156921386719,-0.0836181640625,0.775817871094,-1294.0,-8057.0,1668.0,-12.0,14.0,-13.0,
1649413283326273679,-0.606018066406,0.157165527344,-0.0845947265625,0.775146484375,-1267.0,-8077.0,1659.0,-13.0,14.0,-13.0,
1649413283334070205,-0.606750488281,0.157470703125,-0.0856323242188,0.7744140625,-1248.0,-8116.0,1654.0,-13.0,14.0,-13.0,
1649413283338543891,-0.607421875,0.157775878906,-0.0866088867188,0.773681640625,-1234.0,-8163.0,1645.0,-14.0,14.0,-13.0,
1649413283347913026,-0.608154296875,0.158081054688,-0.087646484375,0.77294921875,-1221.0,-8209.0,1631.0,-14.0,14.0,-13.0,
1649413283348454952,-0.608825683594,0.158386230469,-0.0886840820312,0.772277832031,-1212.0,-8246.0,1617.0,-13.0,14.0,-13.0,
1649413283351181745,-0.609436035156,0.15869140625,-0.0897216796875,0.771545410156,-1206.0,-8276.0,1603.0,-12.0,15.0,-13.0,
1649413283359281301,-0.610046386719,0.158996582031,-0.0908203125,0.770935058594,-1202.0,-8291.0,1587.0,-11.0,15.0,-14.0,
1649413283363826751,-0.610534667969,0.159301757812,-0.0919189453125,0.770324707031,-1190.0,-8291.0,1582.0,-10.0,15.0,-14.0,
1649413283368328094,-0.611022949219,0.159606933594,-0.0930786132812,0.769775390625,-1178.0,-8269.0,1589.0,-8.0,15.0,-14.0,
1649413283374382734,-0.611389160156,0.159912109375,-0.0941772460938,0.769287109375,-1166.0,-8233.0,1601.0,-7.0,15.0,-14.0,
1649413283376299858,-0.611694335938,0.160217285156,-0.0953369140625,0.768798828125,-1155.0,-8190.0,1631.0,-7.0,15.0,-13.0,
1649413283384189605,-0.611999511719,0.160522460938,-0.096435546875,0.768371582031,-1138.0,-8137.0,1658.0,-6.0,15.0,-13.0,
1649413283389058589,-0.612243652344,0.160766601562,-0.0975341796875,0.768005371094,-1127.0,-8074.0,1684.0,-6.0,15.0,-13.0,
1649413283395255088,-0.612426757812,0.161071777344,-0.0985717773438,0.767578125,-1113.0,-7990.0,1719.0,-6.0,15.0,-12.0,
1649413283400012254,-0.612670898438,0.161376953125,-0.099609375,0.767272949219,-1088.0,-7903.0,1735.0,-6.0,14.0,-11.0,
1649413283404853105,-0.612854003906,0.161682128906,-0.100524902344,0.766906738281,-1064.0,-7838.0,1764.0,-6.0,13.0,-11.0,
1649413283409229755,-0.613098144531,0.161987304688,-0.101440429688,0.766479492188,-1047.0,-7803.0,1768.0,-7.0,13.0,-10.0,
1649413283414924860,-0.613464355469,0.162292480469,-0.102294921875,0.766052246094,-1042.0,-7807.0,1765.0,-8.0,13.0,-10.0,
1649413283418390989,-0.613830566406,0.16259765625,-0.103088378906,0.765625,-1032.0,-7847.0,1757.0,-9.0,12.0,-9.0,
1649413283422950744,-0.614196777344,0.162902832031,-0.103942871094,0.76513671875,-1017.0,-7892.0,1730.0,-9.0,12.0,-9.0,
1649413283426330327,-0.614624023438,0.163208007812,-0.104736328125,0.764587402344,-1007.0,-7949.0,1700.0,-9.0,12.0,-9.0,
1649413283435124397,-0.615112304688,0.163513183594,-0.105529785156,0.764038085938,-989.0,-8006.0,1668.0,-10.0,12.0,-9.0,
1649413283438472032,-0.615539550781,0.163818359375,-0.106323242188,0.763488769531,-981.0,-8055.0,1633.0,-10.0,12.0,-10.0,
1649413283442904949,-0.616027832031,0.1640625,-0.107177734375,0.762939453125,-977.0,-8084.0,1601.0,-10.0,12.0,-10.0,
1649413283446323633,-0.616516113281,0.164367675781,-0.107971191406,0.762390136719,-962.0,-8100.0,1577.0,-10.0,12.0,-10.0,
1649413283454213142,-0.617004394531,0.164672851562,-0.108825683594,0.761779785156,-954.0,-8101.0,1563.0,-10.0,12.0,-10.0,
1649413283459389448,-0.617431640625,0.164978027344,-0.109619140625,0.761291503906,-945.0,-8097.0,1567.0,-10.0,12.0,-10.0,
1649413283463835477,-0.617858886719,0.165222167969,-0.110412597656,0.7607421875,-937.0,-8097.0,1556.0,-10.0,11.0,-9.0,
1649413283468172550,-0.618286132812,0.165466308594,-0.111145019531,0.76025390625,-932.0,-8104.0,1551.0,-10.0,11.0,-9.0,
1649413283472717523,-0.618713378906,0.165771484375,-0.111877441406,0.759704589844,-927.0,-8107.0,1547.0,-9.0,11.0,-9.0,
1649413283476186037,-0.619140625,0.165954589844,-0.112548828125,0.759216308594,-918.0,-8088.0,1526.0,-9.0,10.0,-9.0,
1649413283484031677,-0.619506835938,0.166198730469,-0.11328125,0.7587890625,-908.0,-8068.0,1495.0,-9.0,10.0,-9.0,
1649413283488609075,-0.619934082031,0.166442871094,-0.113952636719,0.75830078125,-895.0,-8075.0,1468.0,-8.0,10.0,-8.0,
1649413283494046449,-0.620300292969,0.166687011719,-0.114624023438,0.7578125,-883.0,-8079.0,1467.0,-8.0,10.0,-8.0,
1649413283500650167,-0.62060546875,0.166870117188,-0.115234375,0.757385253906,-883.0,-8071.0,1458.0,-7.0,10.0,-8.0,
1649413283505116224,-0.620910644531,0.167114257812,-0.115905761719,0.757019042969,-881.0,-8057.0,1468.0,-7.0,9.0,-8.0,
1649413283509793281,-0.621154785156,0.167297363281,-0.116516113281,0.756713867188,-873.0,-8029.0,1469.0,-6.0,9.0,-7.0,
1649413283514397621,-0.621398925781,0.167541503906,-0.117126464844,0.75634765625,-863.0,-7981.0,1483.0,-6.0,9.0,-7.0,
1649413283518877983,-0.621643066406,0.167724609375,-0.11767578125,0.756042480469,-861.0,-7957.0,1488.0,-6.0,8.0,-7.0,
1649413283523347377,-0.621887207031,0.16796875,-0.118225097656,0.755676269531,-859.0,-7943.0,1482.0,-7.0,8.0,-6.0,
1649413283528096199,-0.622192382812,0.168151855469,-0.118713378906,0.755310058594,-864.0,-7929.0,1474.0,-7.0,8.0,-6.0,
1649413283532557249,-0.622436523438,0.168395996094,-0.119140625,0.754943847656,-873.0,-7930.0,1479.0,-7.0,7.0,-5.0,
1649413283535877943,-0.622741699219,0.168640136719,-0.119567871094,0.754638671875,-884.0,-7936.0,1467.0,-7.0,7.0,-5.0,
1649413283545132875,-0.623046875,0.168884277344,-0.119995117188,0.754272460938,-901.0,-7963.0,1466.0,-7.0,7.0,-5.0,
1649413283548631668,-0.623352050781,0.169128417969,-0.120361328125,0.75390625,-914.0,-7997.0,1451.0,-7.0,7.0,-5.0,
1649413283553244829,-0.623596191406,0.169311523438,-0.120788574219,0.753540039062,-928.0,-8031.0,1438.0,-7.0,7.0,-5.0,
1649413283557777881,-0.623901367188,0.169555664062,-0.121154785156,0.753173828125,-938.0,-8061.0,1414.0,-7.0,7.0,-5.0,
1649413283561134099,-0.624206542969,0.169799804688,-0.12158203125,0.752807617188,-953.0,-8079.0,1394.0,-7.0,7.0,-5.0,
1649413283569123029,-0.62451171875,0.169982910156,-0.121948242188,0.752502441406,-960.0,-8095.0,1397.0,-7.0,7.0,-5.0,
1649413283573657512,-0.624755859375,0.170227050781,-0.122314453125,0.752136230469,-959.0,-8124.0,1387.0,-7.0,6.0,-5.0,
1649413283579464197,-0.625,0.17041015625,-0.122741699219,0.751831054688,-950.0,-8172.0,1373.0,-6.0,6.0,-5.0,
1649413283582845211,-0.625305175781,0.170593261719,-0.123107910156,0.751525878906,-948.0,-8218.0,1357.0,-6.0,6.0,-5.0,
1649413283586480140,-0.625549316406,0.170715332031,-0.12353515625,0.751220703125,-944.0,-8238.0,1344.0,-5.0,6.0,-5.0,
1649413283596439599,-0.625732421875,0.1708984375,-0.123962402344,0.750915527344,-934.0,-8227.0,1328.0,-5.0,6.0,-6.0,
1649413283601914644,-0.625915527344,0.171020507812,-0.124450683594,0.750671386719,-924.0,-8217.0,1318.0,-4.0,6.0,-6.0,
1649413283609880685,-0.626098632812,0.171264648438,-0.125366210938,0.750244140625,-910.0,-8179.0,1309.0,-2.0,6.0,-6.0,
1649413283614947319,-0.626159667969,0.171447753906,-0.125793457031,0.750122070312,-905.0,-8142.0,1320.0,-2.0,6.0,-6.0,
1649413283619119882,-0.626220703125,0.171569824219,-0.126281738281,0.75,-910.0,-8083.0,1352.0,-2.0,6.0,-6.0,
1649413283623605251,-0.626220703125,0.171691894531,-0.126708984375,0.749877929688,-917.0,-8006.0,1401.0,-2.0,6.0,-5.0,
1649413283628159523,-0.626220703125,0.171813964844,-0.127136230469,0.749755859375,-935.0,-7926.0,1442.0,-2.0,6.0,-5.0,
1649413283632772922,-0.626220703125,0.171997070312,-0.127502441406,0.749633789062,-961.0,-7855.0,1485.0,-3.0,5.0,-4.0,
1649413283635999202,-0.626281738281,0.172180175781,-0.127746582031,0.74951171875,-989.0,-7813.0,1526.0,-4.0,5.0,-4.0,
1649413283643914461,-0.626403808594,0.17236328125,-0.128051757812,0.749328613281,-999.0,-7801.0,1533.0,-5.0,5.0,-4.0,
1649413283648567438,-0.626586914062,0.172485351562,-0.128295898438,0.749145507812,-1002.0,-7795.0,1558.0,-6.0,4.0,-4.0,
1649413283653055191,-0.626708984375,0.172607421875,-0.128540039062,0.748901367188,-1003.0,-7764.0,1559.0,-6.0,4.0,-4.0,
1649413283657603025,-0.626953125,0.172729492188,-0.128723144531,0.748657226562,-1006.0,-7765.0,1539.0,-6.0,3.0,-4.0,
1649413283660894393,-0.627197265625,0.1728515625,-0.128845214844,0.748413085938,-991.0,-7801.0,1513.0,-7.0,3.0,-3.0,
1649413283668767690,-0.627502441406,0.172973632812,-0.129028320312,0.748107910156,-969.0,-7842.0,1463.0,-7.0,3.0,-3.0,
1649413283673367261,-0.627807617188,0.173095703125,-0.129211425781,0.747802734375,-947.0,-7892.0,1407.0,-8.0,3.0,-4.0,
1649413283677973985,-0.628173828125,0.173156738281,-0.12939453125,0.747436523438,-939.0,-7949.0,1380.0,-7.0,3.0,-4.0,
1649413283682547807,-0.628540039062,0.173278808594,-0.129577636719,0.747131347656,-918.0,-8039.0,1348.0,-7.0,3.0,-4.0,
1649413283686054706,-0.628845214844,0.17333984375,-0.129760742188,0.746765136719,-891.0,-8143.0,1303.0,-7.0,3.0,-4.0,
1649413283694135904,-0.629211425781,0.17333984375,-0.130004882812,0.746398925781,-863.0,-8155.0,1297.0,-6.0,3.0,-5.0,
1649413283701564788,-0.62939453125,0.173400878906,-0.130310058594,0.746215820312,-846.0,-8128.0,1279.0,-5.0,3.0,-5.0,
1649413283706187009,-0.629577636719,0.173400878906,-0.130554199219,0.745971679688,-837.0,-8170.0,1272.0,-4.0,3.0,-4.0,
1649413283711241006,-0.629821777344,0.173461914062,-0.130859375,0.745727539062,-830.0,-8226.0,1287.0,-5.0,3.0,-5.0,
1649413283715469360,-0.630004882812,0.173461914062,-0.131164550781,0.745544433594,-824.0,-8251.0,1274.0,-4.0,3.0,-5.0,
1649413283720062255,-0.630126953125,0.173461914062,-0.131469726562,0.745361328125,-813.0,-8248.0,1269.0,-3.0,3.0,-5.0,
1649413283724694013,-0.630249023438,0.173400878906,-0.131774902344,0.745239257812,-811.0,-8201.0,1269.0,-2.0,2.0,-5.0,
1649413283729792833,-0.63037109375,0.173400878906,-0.132019042969,0.7451171875,-797.0,-8130.0,1257.0,-2.0,2.0,-5.0,
1649413283733423709,-0.630493164062,0.17333984375,-0.132263183594,0.744934082031,-778.0,-8056.0,1253.0,-3.0,2.0,-4.0,
1649413283737947702,-0.630615234375,0.17333984375,-0.132446289062,0.744750976562,-746.0,-7996.0,1238.0,-4.0,1.0,-4.0,
1649413283751049757,-0.630859375,0.173278808594,-0.132629394531,0.744567871094,-696.0,-7965.0,1199.0,-5.0,1.0,-3.0,
1649413283751683950,-0.631164550781,0.173278808594,-0.132751464844,0.744323730469,-627.0,-7976.0,1167.0,-5.0,1.0,-3.0,
1649413283753340959,-0.631408691406,0.173217773438,-0.132934570312,0.744079589844,-576.0,-8008.0,1133.0,-5.0,1.0,-2.0,
1649413283757815837,-0.631713867188,0.173217773438,-0.133056640625,0.743774414062,-539.0,-8058.0,1108.0,-5.0,1.0,-2.0,
1649413283762240886,-0.631896972656,0.173217773438,-0.133239746094,0.743591308594,-520.0,-8130.0,1088.0,-4.0,1.0,-2.0,
1649413283765751123,-0.632141113281,0.173217773438,-0.133422851562,0.743347167969,-527.0,-8211.0,1092.0,-4.0,1.0,-2.0,
1649413283784723997,-0.632263183594,0.173217773438,-0.133544921875,0.743225097656,-548.0,-8284.0,1094.0,-3.0,2.0,-2.0,
1649413283785295724,-0.63232421875,0.173278808594,-0.133728027344,0.743103027344,-564.0,-8323.0,1096.0,-1.0,2.0,-2.0,
1649413283785681962,-0.63232421875,0.173278808594,-0.133911132812,0.743103027344,-577.0,-8343.0,1091.0,0.0,2.0,-3.0,
1649413283798884391,-0.63232421875,0.173278808594,-0.134155273438,0.743103027344,-590.0,-8336.0,1091.0,1.0,2.0,-3.0,
1649413283800991773,-0.632202148438,0.173217773438,-0.134399414062,0.7431640625,-612.0,-8296.0,1111.0,2.0,2.0,-3.0,
1649413283803062677,-0.632019042969,0.173156738281,-0.134643554688,0.743225097656,-630.0,-8201.0,1113.0,3.0,2.0,-3.0,
1649413283811121702,-0.631958007812,0.173217773438,-0.135009765625,0.743225097656,-665.0,-8079.0,1024.0,0.0,2.0,-3.0,
1649413283818967103,-0.632141113281,0.17333984375,-0.135375976562,0.742980957031,-705.0,-8150.0,1058.0,-2.0,2.0,-3.0,
1649413283823583126,-0.632202148438,0.173400878906,-0.135620117188,0.742858886719,-714.0,-8186.0,1015.0,-2.0,2.0,-4.0,
1649413283828157663,-0.63232421875,0.173461914062,-0.135864257812,0.74267578125,-719.0,-8194.0,1026.0,-2.0,3.0,-4.0,
1649413283832484722,-0.632385253906,0.173522949219,-0.136108398438,0.742553710938,-731.0,-8126.0,1021.0,-2.0,3.0,-4.0,
1649413283835757255,-0.632507324219,0.173583984375,-0.136352539062,0.742431640625,-735.0,-8087.0,1026.0,-2.0,3.0,-3.0,
1649413283843856334,-0.632568359375,0.173645019531,-0.136596679688,0.742309570312,-742.0,-8095.0,1047.0,-3.0,3.0,-3.0,
1649413283849150180,-0.632690429688,0.173767089844,-0.136779785156,0.7421875,-745.0,-8104.0,1054.0,-3.0,3.0,-3.0,
1649413283859144210,-0.632751464844,0.173828125,-0.136962890625,0.742065429688,-741.0,-8093.0,1037.0,-2.0,3.0,-3.0,
1649413283885872602,-0.6328125,0.173950195312,-0.137145996094,0.741943359375,-752.0,-8069.0,1018.0,-2.0,3.0,-2.0,
1649413283886632442,-0.632934570312,0.174072265625,-0.137329101562,0.741821289062,-751.0,-8051.0,1000.0,-2.0,3.0,-2.0,
1649413283887051582,-0.632995605469,0.174133300781,-0.137451171875,0.74169921875,-770.0,-8031.0,988.0,-2.0,2.0,-2.0,
1649413283887429237,-0.633056640625,0.174255371094,-0.137634277344,0.741577148438,-797.0,-8037.0,975.0,-2.0,2.0,-2.0,
1649413283887844324,-0.633178710938,0.174377441406,-0.137756347656,0.741394042969,-830.0,-8062.0,955.0,-2.0,2.0,-2.0,
1649413283888906002,-0.633239746094,0.174499511719,-0.137878417969,0.741271972656,-890.0,-8069.0,967.0,-1.0,2.0,-3.0,
1649413283889548301,-0.63330078125,0.174621582031,-0.138000488281,0.7412109375,-946.0,-8029.0,967.0,-1.0,2.0,-3.0,
1649413283894059419,-0.633239746094,0.174743652344,-0.13818359375,0.741149902344,-990.0,-7998.0,979.0,0.0,2.0,-3.0,
1649413283898902416,-0.633178710938,0.1748046875,-0.138305664062,0.7412109375,-1037.0,-7893.0,1010.0,1.0,2.0,-3.0,
1649413283905665636,-0.632995605469,0.174926757812,-0.138427734375,0.741271972656,-1084.0,-7799.0,1044.0,2.0,1.0,-3.0,
1649413283911031007,-0.632873535156,0.174987792969,-0.138488769531,0.741394042969,-1098.0,-7740.0,1064.0,2.0,1.0,-3.0,
1649413283914757013,-0.632751464844,0.175048828125,-0.138549804688,0.741455078125,-1075.0,-7688.0,1133.0,2.0,1.0,-2.0,
1649413283919539451,-0.632507324219,0.175109863281,-0.138610839844,0.74169921875,-1043.0,-7653.0,1211.0,3.0,0.0,-1.0,
1649413283924334287,-0.632202148438,0.175109863281,-0.138610839844,0.741943359375,-1028.0,-7738.0,1322.0,4.0,-1.0,0.0,
1649413283929164648,-0.6318359375,0.175048828125,-0.138549804688,0.742248535156,-1081.0,-7841.0,1515.0,5.0,-2.0,0.0,
1649413283933465480,-0.631286621094,0.174926757812,-0.138488769531,0.742797851562,-1187.0,-7896.0,1709.0,6.0,-3.0,0.0,
1649413283938082456,-0.630737304688,0.174743652344,-0.138244628906,0.743347167969,-1254.0,-7862.0,1867.0,6.0,-5.0,-1.0,
1649413283948255300,-0.630310058594,0.174499511719,-0.138061523438,0.743774414062,-1279.0,-7762.0,1986.0,3.0,-6.0,-2.0,
1649413283948700666,-0.630187988281,0.174194335938,-0.137756347656,0.744018554688,-1268.0,-7686.0,2019.0,-2.0,-8.0,-2.0,
1649413283951011180,-0.63037109375,0.173889160156,-0.137390136719,0.743957519531,-1178.0,-7675.0,1938.0,-8.0,-8.0,-2.0,
1649413283958834171,-0.630981445312,0.173522949219,-0.137023925781,0.743591308594,-1059.0,-7725.0,1815.0,-13.0,-9.0,-2.0,
1649413283963580846,-0.6318359375,0.173217773438,-0.136596679688,0.743041992188,-944.0,-7845.0,1659.0,-17.0,-9.0,-2.0,
1649413283968222379,-0.6328125,0.172912597656,-0.13623046875,0.742370605469,-851.0,-8034.0,1498.0,-18.0,-8.0,-2.0,
1649413283972745895,-0.6337890625,0.172668457031,-0.135864257812,0.741638183594,-758.0,-8246.0,1342.0,-18.0,-8.0,-2.0,
1649413283977242469,-0.634704589844,0.17236328125,-0.135681152344,0.740966796875,-655.0,-8423.0,1198.0,-16.0,-7.0,-3.0,
1649413283980912923,-0.635498046875,0.172058105469,-0.135559082031,0.740417480469,-535.0,-8520.0,1068.0,-12.0,-5.0,-3.0,
1649413283988573074,-0.636047363281,0.171691894531,-0.135559082031,0.739990234375,-424.0,-8527.0,951.0,-7.0,-4.0,-3.0,
1649413283992926836,-0.636352539062,0.171447753906,-0.135620117188,0.739807128906,-336.0,-8492.0,865.0,-3.0,-3.0,-2.0,
1649413283997669458,-0.636474609375,0.171264648438,-0.135681152344,0.739685058594,-282.0,-8452.0,789.0,0.0,-2.0,-1.0,
1649413284006456613,-0.636474609375,0.171142578125,-0.135803222656,0.739685058594,-244.0,-8421.0,737.0,3.0,-1.0,0.0,
1649413284007838726,-0.636352539062,0.171020507812,-0.135925292969,0.739807128906,-177.0,-8370.0,704.0,5.0,0.0,0.0,
1649413284015104293,-0.636108398438,0.170959472656,-0.136108398438,0.740051269531,-134.0,-8289.0,705.0,8.0,1.0,1.0,
1649413284019629001,-0.635681152344,0.1708984375,-0.136352539062,0.740356445312,-158.0,-8220.0,751.0,9.0,1.0,1.0,
1649413284024302482,-0.635192871094,0.1708984375,-0.136535644531,0.74072265625,-209.0,-8137.0,832.0,10.0,2.0,1.0,
1649413284028853654,-0.634643554688,0.1708984375,-0.13671875,0.741149902344,-284.0,-8030.0,948.0,10.0,2.0,1.0,
1649413284033206701,-0.634094238281,0.170959472656,-0.136840820312,0.741577148438,-381.0,-7909.0,1077.0,9.0,1.0,1.0,
1649413284037705183,-0.633605957031,0.171020507812,-0.136840820312,0.742004394531,-466.0,-7818.0,1192.0,7.0,1.0,1.0,
1649413284041042089,-0.633239746094,0.171081542969,-0.136779785156,0.742309570312,-551.0,-7759.0,1292.0,3.0,0.0,1.0,
1649413284045672893,-0.633056640625,0.171142578125,-0.136657714844,0.742492675781,-639.0,-7769.0,1356.0,0.0,-1.0,2.0,
1649413284057662725,-0.632995605469,0.171203613281,-0.136413574219,0.742553710938,-705.0,-7856.0,1372.0,-2.0,-2.0,1.0,
1649413284058514356,-0.633117675781,0.171264648438,-0.136169433594,0.742492675781,-748.0,-7984.0,1375.0,-4.0,-3.0,1.0,
1649413284063003540,-0.63330078125,0.171203613281,-0.135925292969,0.742370605469,-784.0,-8120.0,1369.0,-5.0,-3.0,0.0,
1649413284067426919,-0.633483886719,0.171142578125,-0.1357421875,0.742248535156,-814.0,-8264.0,1354.0,-5.0,-4.0,0.0,
1649413284072208404,-0.633666992188,0.171081542969,-0.135559082031,0.7421875,-829.0,-8364.0,1329.0,-4.0,-4.0,-1.0,
1649413284075669050,-0.6337890625,0.170959472656,-0.135375976562,0.742126464844,-845.0,-8412.0,1302.0,-3.0,-4.0,-1.0,
1649413284083358287,-0.633850097656,0.170837402344,-0.13525390625,0.742126464844,-855.0,-8441.0,1265.0,-2.0,-4.0,-1.0,
1649413284087844610,-0.633911132812,0.170654296875,-0.135131835938,0.742126464844,-853.0,-8448.0,1222.0,-1.0,-4.0,-1.0,
1649413284092379808,-0.633972167969,0.170471191406,-0.135009765625,0.742126464844,-838.0,-8408.0,1184.0,0.0,-4.0,-2.0,
1649413284095949649,-0.633972167969,0.170288085938,-0.134948730469,0.7421875,-825.0,-8336.0,1129.0,1.0,-4.0,-2.0,
1649413284103812456,-0.633911132812,0.170104980469,-0.134887695312,0.742309570312,-804.0,-8250.0,1086.0,2.0,-4.0,-2.0,
1649413284108292579,-0.633911132812,0.169921875,-0.134826660156,0.742370605469,-793.0,-8159.0,1047.0,2.0,-3.0,-1.0,
1649413284114826440,-0.633850097656,0.169799804688,-0.134765625,0.742431640625,-787.0,-8079.0,1026.0,2.0,-3.0,-1.0,
1649413284119588613,-0.6337890625,0.169738769531,-0.134704589844,0.742553710938,-783.0,-7998.0,1005.0,2.0,-2.0,-1.0,
1649413284124103307,-0.633666992188,0.169677734375,-0.134643554688,0.742614746094,-774.0,-7899.0,993.0,2.0,-2.0,0.0,
1649413284128565788,-0.633605957031,0.169616699219,-0.134582519531,0.742736816406,-771.0,-7791.0,1000.0,2.0,-2.0,0.0,
1649413284133105039,-0.633544921875,0.169616699219,-0.134460449219,0.742858886719,-766.0,-7715.0,1006.0,1.0,-2.0,0.0,
1649413284137846231,-0.633483886719,0.169616699219,-0.134338378906,0.742919921875,-777.0,-7665.0,1022.0,1.0,-2.0,1.0,
1649413284145426511,-0.633422851562,0.169677734375,-0.134155273438,0.742980957031,-790.0,-7647.0,1036.0,0.0,-2.0,2.0,
1649413284147018194,-0.633422851562,0.169738769531,-0.133972167969,0.742980957031,-804.0,-7657.0,1046.0,-1.0,-2.0,2.0,
1649413284150566816,-0.633422851562,0.169799804688,-0.133728027344,0.742980957031,-815.0,-7684.0,1041.0,-2.0,-2.0,2.0,
1649413284158662557,-0.633483886719,0.169921875,-0.133544921875,0.742980957031,-821.0,-7721.0,1034.0,-2.0,-2.0,2.0,
1649413284163346767,-0.633544921875,0.169982910156,-0.13330078125,0.742919921875,-817.0,-7801.0,1030.0,-2.0,-2.0,2.0,
1649413284167899370,-0.633666992188,0.170043945312,-0.133117675781,0.742858886719,-792.0,-7928.0,1024.0,-3.0,-2.0,2.0,
1649413284172677278,-0.6337890625,0.170104980469,-0.132934570312,0.742736816406,-773.0,-8079.0,1022.0,-2.0,-2.0,2.0,
1649413284177165508,-0.633850097656,0.170104980469,-0.1328125,0.742736816406,-766.0,-8251.0,1019.0,-1.0,-2.0,1.0,
1649413284180540561,-0.633850097656,0.170104980469,-0.132690429688,0.742736816406,-749.0,-8414.0,1013.0,0.0,-2.0,1.0,
1649413284188365936,-0.633850097656,0.170043945312,-0.132629394531,0.742797851562,-730.0,-8545.0,1028.0,2.0,-2.0,1.0,
1649413284193370103,-0.633666992188,0.169982910156,-0.132629394531,0.742919921875,-714.0,-8627.0,1065.0,4.0,-2.0,0.0,
1649413284197608232,-0.633422851562,0.169860839844,-0.132690429688,0.7431640625,-697.0,-8659.0,1107.0,5.0,-2.0,-1.0,
1649413284202155828,-0.633117675781,0.169677734375,-0.132751464844,0.743469238281,-677.0,-8643.0,1151.0,7.0,-1.0,-1.0,
1649413284205496311,-0.632751464844,0.169494628906,-0.132873535156,0.743774414062,-658.0,-8579.0,1195.0,7.0,-2.0,-1.0,
1649413284210441589,-0.632385253906,0.169311523438,-0.132995605469,0.744140625,-644.0,-8480.0,1235.0,7.0,-1.0,-2.0,
1649413284216955661,-0.632019042969,0.169189453125,-0.133117675781,0.744445800781,-631.0,-8372.0,1277.0,6.0,-1.0,-2.0,
1649413284221750974,-0.631713867188,0.169006347656,-0.133239746094,0.744689941406,-622.0,-8263.0,1303.0,5.0,-1.0,-1.0,
1649413284226300716,-0.631469726562,0.168884277344,-0.13330078125,0.744995117188,-605.0,-8157.0,1327.0,5.0,-1.0,-1.0,
1649413284230768680,-0.631164550781,0.168762207031,-0.133361816406,0.745178222656,-595.0,-8070.0,1334.0,4.0,-1.0,-1.0,
1649413284238722562,-0.630981445312,0.168701171875,-0.133361816406,0.745422363281,-588.0,-8009.0,1342.0,4.0,-1.0,0.0,
1649413284243710041,-0.630737304688,0.168701171875,-0.133422851562,0.74560546875,-584.0,-7962.0,1339.0,4.0,-1.0,0.0,
1649413284247985124,-0.630493164062,0.168701171875,-0.133422851562,0.745788574219,-581.0,-7942.0,1329.0,4.0,0.0,1.0,
1649413284252600908,-0.630249023438,0.168701171875,-0.133422851562,0.745971679688,-585.0,-7937.0,1321.0,4.0,0.0,1.0,
1649413284257340669,-0.630004882812,0.168762207031,-0.133483886719,0.746215820312,-594.0,-7925.0,1317.0,5.0,0.0,1.0,
1649413284261976480,-0.629699707031,0.168823242188,-0.133483886719,0.746459960938,-614.0,-7907.0,1292.0,5.0,1.0,1.0,
1649413284265988349,-0.62939453125,0.168884277344,-0.133483886719,0.746704101562,-634.0,-7903.0,1259.0,6.0,1.0,1.0,
1649413284273448944,-0.629089355469,0.169006347656,-0.133544921875,0.746887207031,-655.0,-7924.0,1205.0,5.0,1.0,2.0,
1649413284278537750,-0.62890625,0.169189453125,-0.133544921875,0.747009277344,-697.0,-7972.0,1174.0,4.0,1.0,2.0,
1649413284282570600,-0.628784179688,0.169372558594,-0.133483886719,0.7470703125,-748.0,-8034.0,1161.0,3.0,1.0,1.0,
1649413284286988496,-0.628540039062,0.169555664062,-0.133483886719,0.747192382812,-815.0,-8085.0,1148.0,4.0,1.0,1.0,
1649413284290489196,-0.628356933594,0.169738769531,-0.133483886719,0.747375488281,-863.0,-8123.0,1142.0,4.0,1.0,1.0,
1649413284295464277,-0.628112792969,0.169860839844,-0.133483886719,0.747497558594,-905.0,-8140.0,1126.0,4.0,1.0,0.0,
1649413284303294181,-0.6279296875,0.170043945312,-0.133544921875,0.747619628906,-951.0,-8135.0,1123.0,4.0,1.0,0.0,
1649413284307859897,-0.627685546875,0.170166015625,-0.133544921875,0.747802734375,-980.0,-8109.0,1143.0,4.0,1.0,0.0,
1649413284313047409,-0.62744140625,0.170288085938,-0.133605957031,0.747985839844,-983.0,-8074.0,1170.0,5.0,1.0,0.0,
1649413284319283008,-0.627136230469,0.170349121094,-0.133666992188,0.748168945312,-969.0,-8031.0,1223.0,5.0,1.0,0.0,
1649413284324633359,-0.626831054688,0.17041015625,-0.133666992188,0.748413085938,-941.0,-7998.0,1300.0,5.0,0.0,0.0,
1649413284331247091,-0.626525878906,0.170349121094,-0.133728027344,0.748718261719,-921.0,-7972.0,1387.0,5.0,0.0,0.0,
1649413284333402633,-0.626159667969,0.170349121094,-0.133728027344,0.7490234375,-913.0,-7957.0,1477.0,5.0,-1.0,0.0,
1649413284337925910,-0.625793457031,0.170288085938,-0.133666992188,0.749328613281,-906.0,-7937.0,1549.0,5.0,-2.0,0.0,
1649413284342385292,-0.62548828125,0.170166015625,-0.133605957031,0.749633789062,-894.0,-7913.0,1596.0,4.0,-2.0,0.0,
1649413284346955537,-0.625244140625,0.170043945312,-0.133483886719,0.749877929688,-880.0,-7892.0,1627.0,3.0,-3.0,0.0,
1649413284350534677,-0.625,0.169921875,-0.133361816406,0.750122070312,-864.0,-7874.0,1643.0,2.0,-3.0,0.0,
1649413284358423948,-0.624877929688,0.169799804688,-0.133239746094,0.750305175781,-850.0,-7855.0,1641.0,1.0,-4.0,0.0,
1649413284362976312,-0.624816894531,0.169616699219,-0.133117675781,0.750427246094,-834.0,-7843.0,1606.0,1.0,-4.0,0.0,
1649413284367885589,-0.624755859375,0.169494628906,-0.132934570312,0.75048828125,-807.0,-7821.0,1560.0,0.0,-4.0,0.0,
1649413284372179746,-0.624755859375,0.169372558594,-0.1328125,0.750610351562,-749.0,-7784.0,1494.0,0.0,-4.0,0.0,
1649413284375957012,-0.624755859375,0.169189453125,-0.132751464844,0.750610351562,-729.0,-7763.0,1431.0,0.0,-3.0,-1.0,
1649413284383580446,-0.624816894531,0.169067382812,-0.132629394531,0.750610351562,-694.0,-7802.0,1356.0,0.0,-3.0,0.0,
1649413284388137817,-0.624877929688,0.169006347656,-0.132507324219,0.750610351562,-674.0,-7877.0,1297.0,0.0,-3.0,0.0,
1649413284392625570,-0.624938964844,0.168884277344,-0.132446289062,0.750610351562,-681.0,-7971.0,1257.0,1.0,-2.0,0.0,
1649413284397038936,-0.624877929688,0.168823242188,-0.132385253906,0.750671386719,-689.0,-8064.0,1250.0,2.0,-2.0,0.0,
1649413284402245283,-0.624694824219,0.168701171875,-0.132385253906,0.750854492188,-704.0,-8112.0,1241.0,5.0,-2.0,0.0,
1649413284405319213,-0.624389648438,0.168640136719,-0.132446289062,0.751098632812,-723.0,-8155.0,1256.0,6.0,-2.0,-1.0,
1649413284415207386,-0.624084472656,0.168518066406,-0.132446289062,0.751403808594,-733.0,-8161.0,1287.0,8.0,-2.0,-1.0,
1649413284420036554,-0.623657226562,0.168395996094,-0.132568359375,0.751770019531,-734.0,-8128.0,1318.0,9.0,-1.0,-1.0,
1649413284425394535,-0.623229980469,0.168212890625,-0.132629394531,0.752136230469,-747.0,-8131.0,1362.0,9.0,-1.0,-1.0,
1649413284438430786,-0.622497558594,0.167907714844,-0.132934570312,0.752746582031,-773.0,-8109.0,1456.0,6.0,-1.0,-3.0,
1649413284438814163,-0.622192382812,0.167785644531,-0.133117675781,0.752990722656,-770.0,-8100.0,1474.0,5.0,-1.0,-4.0,
1649413284451589822,-0.6220703125,0.167602539062,-0.13330078125,0.753112792969,-740.0,-8145.0,1478.0,3.0,-1.0,-4.0,
1649413284452225446,-0.621948242188,0.167358398438,-0.133544921875,0.753234863281,-697.0,-8163.0,1487.0,3.0,-1.0,-4.0,
1649413284452610492,-0.621765136719,0.167175292969,-0.1337890625,0.75341796875,-650.0,-8188.0,1502.0,4.0,-1.0,-4.0,
1649413284458007097,-0.621520996094,0.166870117188,-0.133972167969,0.753601074219,-612.0,-8219.0,1520.0,5.0,-1.0,-3.0,
1649413284462313652,-0.621215820312,0.166625976562,-0.134216308594,0.753845214844,-606.0,-8205.0,1546.0,6.0,-1.0,-3.0,
1649413284468121528,-0.620849609375,0.166442871094,-0.134338378906,0.754150390625,-621.0,-8192.0,1580.0,7.0,-2.0,-2.0,
1649413284472684621,-0.620422363281,0.166259765625,-0.134399414062,0.754516601562,-638.0,-8137.0,1619.0,8.0,-2.0,-1.0,
1649413284475388526,-0.619995117188,0.166076660156,-0.134460449219,0.754943847656,-670.0,-8067.0,1644.0,8.0,-2.0,-1.0,
1649413284483305454,-0.619506835938,0.165954589844,-0.134399414062,0.75537109375,-706.0,-7997.0,1642.0,8.0,-3.0,0.0,
1649413284487779855,-0.619140625,0.165832519531,-0.134338378906,0.755676269531,-742.0,-7929.0,1653.0,7.0,-3.0,0.0,
1649413284492336750,-0.618835449219,0.165771484375,-0.134216308594,0.756042480469,-787.0,-7891.0,1648.0,5.0,-3.0,1.0,
1649413284496778964,-0.618530273438,0.165710449219,-0.134033203125,0.756286621094,-857.0,-7839.0,1639.0,5.0,-3.0,1.0,
1649413284500267744,-0.618286132812,0.165649414062,-0.1337890625,0.756530761719,-938.0,-7789.0,1634.0,4.0,-3.0,1.0,
1649413284508289098,-0.618041992188,0.165649414062,-0.133544921875,0.756774902344,-984.0,-7758.0,1596.0,3.0,-4.0,1.0,
1649413284512707948,-0.617919921875,0.165649414062,-0.133361816406,0.756958007812,-1013.0,-7733.0,1558.0,2.0,-4.0,1.0,
1649413284518130064,-0.617797851562,0.165649414062,-0.133056640625,0.757080078125,-997.0,-7729.0,1541.0,2.0,-4.0,1.0,
1649413284529465198,-0.61767578125,0.165405273438,-0.132690429688,0.75732421875,-917.0,-7755.0,1522.0,1.0,-4.0,1.0,
1649413284538208961,-0.617614746094,0.165283203125,-0.132507324219,0.757385253906,-907.0,-7778.0,1503.0,0.0,-4.0,0.0,
1649413284538629293,-0.61767578125,0.165161132812,-0.13232421875,0.757385253906,-890.0,-7809.0,1463.0,-1.0,-5.0,0.0,
1649413284549066066,-0.617858886719,0.1650390625,-0.132141113281,0.75732421875,-864.0,-7813.0,1397.0,-2.0,-4.0,0.0,
1649413284549532651,-0.618041992188,0.164855957031,-0.131958007812,0.757202148438,-828.0,-7851.0,1324.0,-3.0,-4.0,-1.0,
1649413284554497957,-0.618286132812,0.164733886719,-0.1318359375,0.757080078125,-819.0,-7965.0,1311.0,-3.0,-4.0,-1.0,
1649413284556752204,-0.618469238281,0.16455078125,-0.131713867188,0.757019042969,-788.0,-8048.0,1296.0,-2.0,-4.0,-2.0,
1649413284560216426,-0.618530273438,0.164367675781,-0.131713867188,0.757019042969,-738.0,-8084.0,1290.0,1.0,-4.0,-2.0,
1649413284568261384,-0.618408203125,0.164123535156,-0.131652832031,0.757141113281,-689.0,-8147.0,1320.0,3.0,-3.0,-1.0,
1649413284572893857,-0.618225097656,0.163879394531,-0.131713867188,0.75732421875,-679.0,-8213.0,1378.0,5.0,-4.0,-1.0,
1649413284577665328,-0.617980957031,0.163635253906,-0.131652832031,0.757629394531,-704.0,-8227.0,1461.0,6.0,-4.0,-1.0,
1649413284582272052,-0.617553710938,0.163391113281,-0.131652832031,0.757995605469,-709.0,-8152.0,1513.0,7.0,-4.0,-1.0,
1649413284586886882,-0.617248535156,0.163208007812,-0.131591796875,0.75830078125,-686.0,-8021.0,1537.0,6.0,-4.0,-1.0,
1649413284591377735,-0.617004394531,0.162963867188,-0.131530761719,0.758544921875,-676.0,-7922.0,1531.0,4.0,-4.0,0.0,
1649413284594934701,-0.616943359375,0.162841796875,-0.131408691406,0.758666992188,-682.0,-7900.0,1502.0,0.0,-4.0,0.0,
1649413284603848695,-0.617065429688,0.162780761719,-0.131225585938,0.758605957031,-696.0,-7930.0,1452.0,-2.0,-3.0,0.0,
1649413284607102394,-0.617309570312,0.162780761719,-0.131103515625,0.758483886719,-710.0,-7974.0,1402.0,-3.0,-2.0,0.0,
1649413284612686395,-0.617492675781,0.162780761719,-0.130981445312,0.75830078125,-713.0,-8009.0,1349.0,-3.0,-2.0,0.0,
1649413284615139722,-0.61767578125,0.162780761719,-0.130981445312,0.758178710938,-720.0,-8030.0,1329.0,-3.0,-1.0,-1.0,
1649413284620258331,-0.617797851562,0.162780761719,-0.130920410156,0.758056640625,-732.0,-8046.0,1343.0,-1.0,-1.0,-1.0,
1649413284627267122,-0.617797851562,0.162780761719,-0.130920410156,0.758117675781,-744.0,-8039.0,1381.0,0.0,0.0,-1.0,
1649413284631269931,-0.61767578125,0.162780761719,-0.130920410156,0.758178710938,-770.0,-8004.0,1419.0,1.0,0.0,-1.0,
1649413284635985374,-0.617553710938,0.162841796875,-0.130920410156,0.75830078125,-792.0,-7961.0,1462.0,2.0,0.0,-1.0,
1649413284641602754,-0.617370605469,0.162841796875,-0.130920410156,0.758422851562,-823.0,-7898.0,1508.0,2.0,-1.0,0.0,
1649413284645092010,-0.617248535156,0.162841796875,-0.130859375,0.758544921875,-843.0,-7853.0,1543.0,1.0,-1.0,0.0,
1649413284649793863,-0.617065429688,0.162841796875,-0.130798339844,0.758666992188,-852.0,-7832.0,1570.0,1.0,-1.0,0.0,
1649413284657839775,-0.617004394531,0.162841796875,-0.130737304688,0.758728027344,-859.0,-7822.0,1587.0,0.0,-2.0,0.0,
1649413284662708759,-0.616943359375,0.162841796875,-0.130615234375,0.7587890625,-860.0,-7830.0,1594.0,0.0,-2.0,0.0,
1649413284666987657,-0.616943359375,0.162841796875,-0.130493164062,0.758850097656,-839.0,-7875.0,1575.0,-1.0,-2.0,0.0,
1649413284671454429,-0.617004394531,0.162780761719,-0.13037109375,0.7587890625,-804.0,-7961.0,1551.0,-2.0,-2.0,0.0,
1649413284675436019,-0.617126464844,0.162719726562,-0.130310058594,0.758728027344,-757.0,-8067.0,1529.0,-1.0,-2.0,0.0,
