1646991432653481960,0.797424316406,0.234619140625,-0.552001953125,0.065673828125,-7198.0,-1230.0,-3542.0,9.0,5.0,-1.0,
1646991432658446311,0.797729492188,0.234313964844,-0.551818847656,0.0650634765625,-7096.0,-1252.0,-3522.0,9.0,4.0,0.0,
1646991432664513111,0.797973632812,0.234008789062,-0.551635742188,0.0645751953125,-7011.0,-1270.0,-3503.0,9.0,3.0,1.0,
1646991432669445037,0.798156738281,0.233581542969,-0.551635742188,0.0640869140625,-6950.0,-1287.0,-3505.0,9.0,1.0,2.0,
1646991432674489259,0.798278808594,0.233215332031,-0.551635742188,0.063720703125,-6898.0,-1325.0,-3531.0,8.0,-1.0,3.0,
1646991432678701877,0.79833984375,0.232727050781,-0.5517578125,0.0634155273438,-6894.0,-1380.0,-3557.0,8.0,-4.0,4.0,
1646991432684928655,0.79833984375,0.232299804688,-0.552001953125,0.0631713867188,-6975.0,-1419.0,-3577.0,7.0,-7.0,5.0,
1646991432688697338,0.798217773438,0.231872558594,-0.552368164062,0.06298828125,-7130.0,-1422.0,-3597.0,7.0,-8.0,4.0,
1646991432692170858,0.798034667969,0.2314453125,-0.552795410156,0.062744140625,-7332.0,-1403.0,-3611.0,8.0,-7.0,2.0,
1646991432696831464,0.798034667969,0.231079101562,-0.553039550781,0.0623168945312,-7467.0,-1399.0,-3618.0,9.0,-4.0,0.0,
1646991432703484773,0.798156738281,0.230773925781,-0.553039550781,0.0618286132812,-7517.0,-1423.0,-3619.0,10.0,1.0,0.0,
1646991432707926034,0.798278808594,0.23046875,-0.553039550781,0.0612182617188,-7533.0,-1449.0,-3620.0,10.0,2.0,-1.0,
1646991432717537879,0.798461914062,0.230224609375,-0.552978515625,0.0604858398438,-7517.0,-1464.0,-3610.0,10.0,2.0,-2.0,
1646991432719330549,0.798583984375,0.230041503906,-0.552917480469,0.059814453125,-7459.0,-1472.0,-3576.0,10.0,2.0,-3.0,
1646991432723526477,0.798706054688,0.229797363281,-0.552856445312,0.0591430664062,-7378.0,-1469.0,-3543.0,10.0,2.0,-3.0,
1646991432727898597,0.798828125,0.229614257812,-0.552917480469,0.0584716796875,-7306.0,-1468.0,-3505.0,10.0,0.0,-3.0,
1646991432732567310,0.798828125,0.229431152344,-0.553039550781,0.0579223632812,-7251.0,-1468.0,-3462.0,9.0,-1.0,-2.0,
1646991432737087965,0.798767089844,0.229248046875,-0.553283691406,0.0574340820312,-7216.0,-1482.0,-3429.0,9.0,-3.0,-2.0,
1646991432741988420,0.798645019531,0.22900390625,-0.553588867188,0.0570068359375,-7199.0,-1509.0,-3396.0,8.0,-5.0,-1.0,
1646991432749206781,0.798461914062,0.228759765625,-0.553955078125,0.056640625,-7214.0,-1528.0,-3374.0,7.0,-7.0,0.0,
1646991432752843856,0.798217773438,0.228515625,-0.554382324219,0.056396484375,-7235.0,-1545.0,-3368.0,6.0,-8.0,0.0,
1646991432757459163,0.798034667969,0.228271484375,-0.554809570312,0.0562133789062,-7248.0,-1568.0,-3362.0,5.0,-8.0,1.0,
1646991432762049198,0.797790527344,0.22802734375,-0.555297851562,0.0560302734375,-7276.0,-1584.0,-3371.0,5.0,-9.0,2.0,
1646991432772418975,0.797546386719,0.227783203125,-0.555725097656,0.0559692382812,-7318.0,-1588.0,-3371.0,4.0,-10.0,1.0,
1646991432778331756,0.796875,0.227416992188,-0.556823730469,0.055908203125,-7581.0,-1483.0,-3395.0,3.0,-12.0,0.0,
1646991432782923460,0.796569824219,0.227294921875,-0.557312011719,0.0558471679688,-7762.0,-1424.0,-3387.0,4.0,-9.0,-2.0,
1646991432787603855,0.796447753906,0.227233886719,-0.5576171875,0.0556640625,-7913.0,-1407.0,-3323.0,5.0,-4.0,-4.0,
1646991432792142391,0.796325683594,0.227172851562,-0.557800292969,0.0552978515625,-8099.0,-1484.0,-3281.0,6.0,-1.0,-5.0,
1646991432797017335,0.796264648438,0.227233886719,-0.557922363281,0.0546875,-8226.0,-1553.0,-3254.0,6.0,2.0,-7.0,
1646991432803640365,0.79638671875,0.2275390625,-0.557739257812,0.0538940429688,-8185.0,-1607.0,-3204.0,6.0,8.0,-10.0,
1646991432808310508,0.796508789062,0.22802734375,-0.557373046875,0.0530395507812,-8107.0,-1615.0,-3128.0,4.0,10.0,-12.0,
1646991432812802314,0.796691894531,0.228515625,-0.557067871094,0.05224609375,-8011.0,-1624.0,-3057.0,3.0,10.0,-12.0,
1646991432817535161,0.796875,0.228942871094,-0.556701660156,0.0516357421875,-7889.0,-1693.0,-2976.0,2.0,10.0,-10.0,
1646991432822072505,0.796997070312,0.229431152344,-0.556396484375,0.051025390625,-7749.0,-1724.0,-2924.0,1.0,9.0,-9.0,
1646991432831900835,0.797058105469,0.22998046875,-0.556091308594,0.050537109375,-7573.0,-1659.0,-2890.0,-1.0,7.0,-9.0,
1646991432833697080,0.797180175781,0.230407714844,-0.555786132812,0.0502319335938,-7319.0,-1581.0,-2835.0,-2.0,6.0,-8.0,
1646991432837862253,0.797241210938,0.230773925781,-0.555541992188,0.0501098632812,-7133.0,-1520.0,-2815.0,-3.0,3.0,-6.0,
1646991432842298507,0.797119140625,0.231079101562,-0.555603027344,0.0501708984375,-7049.0,-1479.0,-2836.0,-4.0,-3.0,-4.0,
1646991432846920251,0.796875,0.231323242188,-0.555786132812,0.0503540039062,-6987.0,-1431.0,-2878.0,-4.0,-6.0,-4.0,
1646991432854949712,0.796569824219,0.231628417969,-0.556091308594,0.050537109375,-6959.0,-1346.0,-2929.0,-4.0,-9.0,-4.0,
1646991432859195232,0.796203613281,0.231872558594,-0.556518554688,0.05078125,-6999.0,-1283.0,-2983.0,-4.0,-12.0,-5.0,
1646991432862830400,0.795715332031,0.232177734375,-0.557067871094,0.0510864257812,-7088.0,-1267.0,-3035.0,-4.0,-14.0,-6.0,
1646991432867525577,0.795227050781,0.232482910156,-0.5576171875,0.05126953125,-7169.0,-1268.0,-3102.0,-4.0,-14.0,-7.0,
1646991432873596906,0.794677734375,0.232849121094,-0.558166503906,0.0513305664062,-7233.0,-1246.0,-3158.0,-3.0,-14.0,-7.0,
1646991432879391908,0.794189453125,0.233154296875,-0.558837890625,0.0513916015625,-7337.0,-1215.0,-3224.0,-1.0,-15.0,-9.0,
1646991432886049985,0.793579101562,0.233520507812,-0.559509277344,0.0512084960938,-7459.0,-1191.0,-3275.0,1.0,-15.0,-10.0,
1646991432887723207,0.793151855469,0.233764648438,-0.56005859375,0.0509033203125,-7531.0,-1184.0,-3318.0,4.0,-12.0,-11.0,
1646991432892364263,0.792785644531,0.234008789062,-0.560485839844,0.0504150390625,-7554.0,-1198.0,-3350.0,6.0,-8.0,-11.0,
1646991432902247428,0.792541503906,0.234252929688,-0.560791015625,0.0498046875,-7565.0,-1224.0,-3370.0,7.0,-6.0,-11.0,
1646991432903750896,0.792358398438,0.234436035156,-0.561096191406,0.049072265625,-7597.0,-1255.0,-3387.0,9.0,-4.0,-11.0,
1646991432908337116,0.792175292969,0.234619140625,-0.561279296875,0.0482788085938,-7603.0,-1295.0,-3407.0,9.0,-2.0,-11.0,
1646991432914302825,0.792175292969,0.234741210938,-0.561340332031,0.0474243164062,-7533.0,-1365.0,-3422.0,10.0,0.0,-10.0,
1646991432917590379,0.792236328125,0.234802246094,-0.561218261719,0.0465698242188,-7419.0,-1438.0,-3425.0,10.0,2.0,-8.0,
1646991432921986818,0.792358398438,0.23486328125,-0.561157226562,0.0458374023438,-7340.0,-1500.0,-3425.0,8.0,1.0,-6.0,
1646991432928748369,0.792358398438,0.234924316406,-0.561218261719,0.0452270507812,-7300.0,-1545.0,-3415.0,7.0,0.0,-6.0,
1646991432933431386,0.792358398438,0.234985351562,-0.561157226562,0.0447387695312,-7244.0,-1588.0,-3398.0,5.0,0.0,-5.0,
1646991432938395738,0.792358398438,0.235046386719,-0.561157226562,0.0443115234375,-7192.0,-1612.0,-3376.0,4.0,0.0,-4.0,
1646991432942224740,0.792297363281,0.235107421875,-0.561279296875,0.0440063476562,-7198.0,-1629.0,-3340.0,3.0,-3.0,-4.0,
1646991432947028875,0.792114257812,0.235290527344,-0.5615234375,0.043701171875,-7262.0,-1632.0,-3309.0,2.0,-6.0,-5.0,
1646991432953747749,0.791809082031,0.235473632812,-0.561889648438,0.04345703125,-7356.0,-1625.0,-3274.0,2.0,-7.0,-7.0,
1646991432958221673,0.791442871094,0.235656738281,-0.562255859375,0.043212890625,-7424.0,-1617.0,-3242.0,3.0,-7.0,-7.0,
1646991432963341474,0.791137695312,0.23583984375,-0.562683105469,0.0429077148438,-7471.0,-1621.0,-3216.0,3.0,-7.0,-7.0,
1646991432967246770,0.790771484375,0.236022949219,-0.563110351562,0.0426025390625,-7544.0,-1616.0,-3195.0,3.0,-9.0,-8.0,
1646991432974183082,0.790344238281,0.236267089844,-0.563659667969,0.0422973632812,-7647.0,-1612.0,-3185.0,3.0,-10.0,-9.0,
1646991432983794689,0.789489746094,0.236694335938,-0.564697265625,0.0414428710938,-7809.0,-1612.0,-3187.0,5.0,-8.0,-11.0,
1646991432988257169,0.789184570312,0.236938476562,-0.565063476562,0.0408935546875,-7853.0,-1626.0,-3194.0,6.0,-5.0,-11.0,
1646991432992941617,0.789001464844,0.237182617188,-0.565307617188,0.0402221679688,-7867.0,-1655.0,-3186.0,7.0,-2.0,-11.0,
1646991432997331380,0.788940429688,0.237365722656,-0.565368652344,0.0394897460938,-7851.0,-1704.0,-3172.0,7.0,1.0,-10.0,
1646991433002822637,0.788940429688,0.237609863281,-0.565307617188,0.038818359375,-7809.0,-1761.0,-3168.0,6.0,3.0,-9.0,
1646991433009160995,0.789001464844,0.237854003906,-0.565185546875,0.0380859375,-7727.0,-1824.0,-3152.0,5.0,4.0,-8.0,
1646991433013255119,0.7890625,0.238098144531,-0.565002441406,0.0374755859375,-7632.0,-1881.0,-3140.0,4.0,4.0,-7.0,
1646991433017691373,0.789123535156,0.238342285156,-0.564880371094,0.0369262695312,-7540.0,-1922.0,-3123.0,3.0,3.0,-6.0,
1646991433022424936,0.789184570312,0.238586425781,-0.564758300781,0.0364990234375,-7461.0,-1941.0,-3099.0,2.0,2.0,-6.0,
1646991433032590150,0.789184570312,0.23876953125,-0.564636230469,0.0361938476562,-7373.0,-1954.0,-3070.0,1.0,1.0,-5.0,
1646991433037447452,0.789123535156,0.239074707031,-0.564636230469,0.035888671875,-7292.0,-1958.0,-3048.0,0.0,-1.0,-5.0,
1646991433044487714,0.788940429688,0.239318847656,-0.564758300781,0.0357055664062,-7232.0,-1966.0,-3022.0,-1.0,-3.0,-5.0,
1646991433045101881,0.788696289062,0.239685058594,-0.565063476562,0.0355834960938,-7193.0,-1954.0,-3002.0,-1.0,-6.0,-6.0,
1646991433047974824,0.788269042969,0.239990234375,-0.5654296875,0.0355224609375,-7192.0,-1923.0,-2987.0,-2.0,-10.0,-7.0,
1646991433052355527,0.787719726562,0.240356445312,-0.566040039062,0.0355224609375,-7224.0,-1888.0,-2974.0,-2.0,-13.0,-8.0,
1646991433059593915,0.787109375,0.240783691406,-0.566711425781,0.0355224609375,-7284.0,-1846.0,-2976.0,-2.0,-15.0,-9.0,
1646991433063121557,0.786499023438,0.2412109375,-0.5673828125,0.0354614257812,-7346.0,-1805.0,-3006.0,-1.0,-15.0,-10.0,
1646991433067837476,0.785888671875,0.241577148438,-0.568054199219,0.035400390625,-7413.0,-1777.0,-3046.0,-1.0,-15.0,-10.0,
1646991433072683811,0.785339355469,0.242065429688,-0.568664550781,0.0352172851562,-7479.0,-1758.0,-3086.0,0.0,-14.0,-11.0,
1646991433079226016,0.784851074219,0.242492675781,-0.569213867188,0.0350341796875,-7529.0,-1749.0,-3115.0,0.0,-12.0,-11.0,
1646991433084386348,0.784423828125,0.242919921875,-0.569580078125,0.0347900390625,-7541.0,-1760.0,-3164.0,1.0,-9.0,-11.0,
1646991433088658571,0.784118652344,0.243347167969,-0.56982421875,0.0344848632812,-7515.0,-1773.0,-3205.0,1.0,-7.0,-10.0,
1646991433093141317,0.783874511719,0.243774414062,-0.570007324219,0.0341796875,-7485.0,-1779.0,-3237.0,0.0,-6.0,-9.0,
1646991433099039316,0.78369140625,0.244140625,-0.570129394531,0.0339965820312,-7477.0,-1794.0,-3267.0,0.0,-5.0,-8.0,
1646991433102283239,0.783447265625,0.244445800781,-0.5703125,0.0338745117188,-7498.0,-1805.0,-3285.0,-1.0,-5.0,-7.0,
1646991433110002279,0.783325195312,0.244750976562,-0.570373535156,0.0337524414062,-7522.0,-1812.0,-3296.0,-1.0,-4.0,-6.0,
1646991433113579034,0.783203125,0.244995117188,-0.570434570312,0.03369140625,-7514.0,-1812.0,-3312.0,-1.0,-3.0,-5.0,
1646991433118339776,0.783203125,0.245178222656,-0.570373535156,0.0335693359375,-7506.0,-1833.0,-3316.0,-1.0,-2.0,-4.0,
1646991433123359203,0.783081054688,0.245300292969,-0.570495605469,0.0335083007812,-7551.0,-1868.0,-3326.0,0.0,-4.0,-3.0,
1646991433128057956,0.782897949219,0.245483398438,-0.570678710938,0.033447265625,-7575.0,-1875.0,-3319.0,0.0,-6.0,-4.0,
1646991433132266283,0.78271484375,0.245544433594,-0.570861816406,0.0333862304688,-7584.0,-1863.0,-3307.0,0.0,-6.0,-3.0,
1646991433140354871,0.782531738281,0.245666503906,-0.571105957031,0.0333251953125,-7621.0,-1836.0,-3294.0,1.0,-6.0,-3.0,
1646991433144602775,0.782287597656,0.245788574219,-0.571350097656,0.0332641601562,-7675.0,-1811.0,-3274.0,1.0,-6.0,-5.0,
1646991433150287866,0.782104492188,0.245910644531,-0.571594238281,0.0330810546875,-7725.0,-1783.0,-3242.0,2.0,-5.0,-6.0,
1646991433152947425,0.781921386719,0.24609375,-0.571838378906,0.0327758789062,-7804.0,-1754.0,-3221.0,3.0,-4.0,-8.0,
1646991433157366991,0.781799316406,0.246276855469,-0.571899414062,0.0323486328125,-7849.0,-1741.0,-3202.0,4.0,-1.0,-10.0,
1646991433165257930,0.781799316406,0.246520996094,-0.571838378906,0.0317993164062,-7818.0,-1760.0,-3162.0,5.0,3.0,-10.0,
1646991433169723987,0.781921386719,0.246704101562,-0.571594238281,0.0311279296875,-7740.0,-1801.0,-3113.0,6.0,6.0,-9.0,
1646991433173354148,0.782104492188,0.246948242188,-0.571350097656,0.0303955078125,-7660.0,-1833.0,-3052.0,6.0,7.0,-9.0,
1646991433180073261,0.7822265625,0.247131347656,-0.571044921875,0.0297241210938,-7597.0,-1858.0,-2985.0,5.0,7.0,-8.0,
1646991433184920072,0.782409667969,0.247314453125,-0.57080078125,0.0291748046875,-7520.0,-1890.0,-2942.0,4.0,7.0,-7.0,
1646991433189562797,0.782592773438,0.247497558594,-0.570556640625,0.0286254882812,-7426.0,-1930.0,-2905.0,3.0,7.0,-6.0,
1646991433194290876,0.78271484375,0.247619628906,-0.570251464844,0.0281982421875,-7341.0,-1971.0,-2876.0,3.0,6.0,-5.0,
1646991433199501037,0.782836914062,0.247741699219,-0.570129394531,0.02783203125,-7291.0,-1989.0,-2863.0,2.0,4.0,-4.0,
1646991433203344821,0.782836914062,0.247863769531,-0.570007324219,0.027587890625,-7275.0,-1985.0,-2869.0,1.0,1.0,-3.0,
1646991433207773685,0.782836914062,0.247924804688,-0.570007324219,0.0274047851562,-7278.0,-1970.0,-2891.0,1.0,0.0,-2.0,
1646991433212290763,0.782836914062,0.247924804688,-0.570007324219,0.02734375,-7299.0,-1967.0,-2916.0,1.0,-1.0,-2.0,
1646991433220350980,0.782775878906,0.248046875,-0.570129394531,0.0272216796875,-7351.0,-1966.0,-2956.0,0.0,-3.0,-3.0,
1646991433223631381,0.782592773438,0.248107910156,-0.570251464844,0.0271606445312,-7421.0,-1967.0,-3007.0,0.0,-4.0,-4.0,
1646991433229930162,0.782409667969,0.248291015625,-0.570495605469,0.0270385742188,-7524.0,-1960.0,-3064.0,0.0,-6.0,-5.0,
1646991433232805013,0.782104492188,0.248474121094,-0.570739746094,0.0269775390625,-7616.0,-1956.0,-3119.0,0.0,-7.0,-6.0,
1646991433237535953,0.781921386719,0.248718261719,-0.570983886719,0.02685546875,-7668.0,-1951.0,-3163.0,1.0,-6.0,-6.0,
1646991433247231960,0.781677246094,0.248901367188,-0.571228027344,0.0265502929688,-7715.0,-1949.0,-3191.0,2.0,-5.0,-7.0,
1646991433260833978,0.781494140625,0.249145507812,-0.571350097656,0.0261840820312,-7749.0,-1950.0,-3215.0,3.0,-4.0,-8.0,
1646991433261497974,0.781372070312,0.249328613281,-0.571472167969,0.0256958007812,-7720.0,-1967.0,-3234.0,5.0,-2.0,-9.0,
1646991433274443864,0.781372070312,0.24951171875,-0.571472167969,0.025146484375,-7628.0,-2009.0,-3230.0,5.0,0.0,-8.0,
1646991433283147335,0.781372070312,0.249694824219,-0.571411132812,0.0245971679688,-7523.0,-2052.0,-3205.0,5.0,1.0,-7.0,
1646991433283955574,0.781311035156,0.249938964844,-0.571411132812,0.0240478515625,-7448.0,-2081.0,-3184.0,4.0,-1.0,-7.0,
1646991433285084962,0.781188964844,0.250122070312,-0.571472167969,0.023681640625,-7386.0,-2107.0,-3172.0,3.0,-2.0,-6.0,
1646991433287377834,0.781127929688,0.250305175781,-0.571533203125,0.0233154296875,-7337.0,-2126.0,-3145.0,2.0,-2.0,-5.0,
1646991433289354085,0.781066894531,0.250427246094,-0.571533203125,0.0230712890625,-7296.0,-2139.0,-3127.0,2.0,-1.0,-4.0,
1646991433297327280,0.781005859375,0.250732421875,-0.571472167969,0.0225219726562,-7219.0,-2151.0,-3098.0,1.0,0.0,-4.0,
1646991433301852464,0.781005859375,0.250854492188,-0.571472167969,0.0222778320312,-7194.0,-2162.0,-3093.0,1.0,-1.0,-4.0,
1646991433307136774,0.780883789062,0.251037597656,-0.571533203125,0.0220947265625,-7186.0,-2157.0,-3091.0,1.0,-2.0,-4.0,
1646991433311232566,0.78076171875,0.251281738281,-0.571594238281,0.0219116210938,-7213.0,-2135.0,-3084.0,0.0,-4.0,-5.0,
1646991433315455913,0.780578613281,0.251525878906,-0.57177734375,0.021728515625,-7265.0,-2113.0,-3097.0,0.0,-5.0,-6.0,
1646991433320348501,0.780334472656,0.251831054688,-0.571960449219,0.0215454101562,-7322.0,-2097.0,-3101.0,1.0,-5.0,-8.0,
1646991433324396610,0.780090332031,0.252136230469,-0.572143554688,0.021240234375,-7369.0,-2091.0,-3103.0,1.0,-5.0,-9.0,
1646991433327965259,0.77978515625,0.252563476562,-0.572387695312,0.0209350585938,-7390.0,-2097.0,-3102.0,2.0,-6.0,-10.0,
1646991433333539485,0.779418945312,0.252990722656,-0.57275390625,0.0205078125,-7395.0,-2107.0,-3079.0,2.0,-7.0,-11.0,
1646991433341116428,0.779052734375,0.25341796875,-0.573120117188,0.0199584960938,-7377.0,-2124.0,-3055.0,3.0,-8.0,-13.0,
1646991433346279382,0.778625488281,0.253845214844,-0.573486328125,0.0193481445312,-7323.0,-2153.0,-3024.0,5.0,-7.0,-13.0,
1646991433349360227,0.778198242188,0.254272460938,-0.573852539062,0.0187377929688,-7245.0,-2189.0,-2981.0,5.0,-7.0,-13.0,
1646991433353129386,0.77783203125,0.254638671875,-0.574279785156,0.01806640625,-7153.0,-2226.0,-2947.0,6.0,-7.0,-12.0,
1646991433358541011,0.777404785156,0.254943847656,-0.57470703125,0.0173950195312,-7087.0,-2256.0,-2925.0,6.0,-8.0,-11.0,
1646991433365495443,0.776916503906,0.255310058594,-0.5751953125,0.016845703125,-7050.0,-2276.0,-2896.0,5.0,-10.0,-10.0,
1646991433369927406,0.776428222656,0.255554199219,-0.575744628906,0.016357421875,-7036.0,-2294.0,-2877.0,5.0,-11.0,-10.0,
1646991433375799179,0.775939941406,0.255798339844,-0.576354980469,0.0159301757812,-7047.0,-2320.0,-2879.0,5.0,-12.0,-9.0,
1646991433381510496,0.775390625,0.256042480469,-0.576965332031,0.0155639648438,-7082.0,-2334.0,-2878.0,5.0,-13.0,-8.0,
1646991433384028673,0.774841308594,0.256225585938,-0.577697753906,0.0151977539062,-7139.0,-2331.0,-2891.0,4.0,-14.0,-8.0,
1646991433388871908,0.774230957031,0.256469726562,-0.578430175781,0.0150146484375,-7175.0,-2309.0,-2912.0,4.0,-15.0,-8.0,
1646991433393633604,0.773559570312,0.256652832031,-0.579223632812,0.0148315429688,-7249.0,-2285.0,-2881.0,3.0,-17.0,-8.0,
1646991433398063421,0.772827148438,0.2568359375,-0.580078125,0.0146484375,-7426.0,-2292.0,-2882.0,3.0,-18.0,-9.0,
1646991433402767181,0.772094726562,0.257202148438,-0.580932617188,0.014404296875,-7558.0,-2296.0,-2918.0,3.0,-17.0,-11.0,
1646991433407709121,0.771545410156,0.257507324219,-0.581481933594,0.0140991210938,-7559.0,-2290.0,-2945.0,3.0,-11.0,-12.0,
1646991433418834447,0.771118164062,0.257934570312,-0.581909179688,0.0136108398438,-7551.0,-2289.0,-2968.0,4.0,-9.0,-12.0,
1646991433419275522,0.770629882812,0.258361816406,-0.582397460938,0.0130615234375,-7567.0,-2276.0,-2991.0,4.0,-10.0,-14.0,
1646991433423222780,0.770080566406,0.258850097656,-0.582885742188,0.0125732421875,-7565.0,-2266.0,-2985.0,4.0,-11.0,-15.0,
1646991433427568674,0.769592285156,0.259338378906,-0.583374023438,0.011962890625,-7525.0,-2265.0,-2962.0,5.0,-10.0,-15.0,
1646991433435543060,0.769104003906,0.259826660156,-0.583801269531,0.0113525390625,-7462.0,-2276.0,-2938.0,5.0,-9.0,-15.0,
1646991433439975976,0.768676757812,0.260314941406,-0.584167480469,0.0106201171875,-7369.0,-2290.0,-2918.0,5.0,-7.0,-15.0,
1646991433452726125,0.768310546875,0.2607421875,-0.58447265625,0.00994873046875,-7277.0,-2305.0,-2891.0,5.0,-7.0,-14.0,
1646991433453235149,0.767822265625,0.261108398438,-0.584899902344,0.00933837890625,-7220.0,-2321.0,-2868.0,6.0,-8.0,-13.0,
1646991433453722715,0.767333984375,0.261474609375,-0.585388183594,0.00872802734375,-7211.0,-2324.0,-2841.0,6.0,-10.0,-12.0,
1646991433460211753,0.766845703125,0.261779785156,-0.585876464844,0.0081787109375,-7223.0,-2322.0,-2845.0,6.0,-10.0,-12.0,
1646991433464652776,0.766418457031,0.262084960938,-0.586364746094,0.0076904296875,-7239.0,-2334.0,-2857.0,6.0,-10.0,-11.0,
1646991433468656301,0.765930175781,0.262268066406,-0.5869140625,0.00726318359375,-7277.0,-2362.0,-2880.0,6.0,-11.0,-9.0,
1646991433472549915,0.765441894531,0.262451171875,-0.587463378906,0.0068359375,-7315.0,-2375.0,-2932.0,6.0,-12.0,-9.0,
1646991433480050086,0.764953613281,0.262573242188,-0.588073730469,0.0064697265625,-7365.0,-2371.0,-2914.0,6.0,-14.0,-8.0,
1646991433486635684,0.764343261719,0.2626953125,-0.588806152344,0.00616455078125,-7508.0,-2396.0,-2915.0,6.0,-15.0,-9.0,
1646991433491357088,0.763732910156,0.262878417969,-0.589538574219,0.00579833984375,-7648.0,-2412.0,-2922.0,6.0,-14.0,-10.0,
1646991433495896339,0.763244628906,0.263061523438,-0.590087890625,0.00531005859375,-7716.0,-2408.0,-2929.0,6.0,-10.0,-10.0,
1646991433500971078,0.762878417969,0.263305664062,-0.590454101562,0.0047607421875,-7755.0,-2401.0,-2925.0,6.0,-7.0,-11.0,
1646991433506771087,0.762573242188,0.263610839844,-0.590698242188,0.00408935546875,-7804.0,-2409.0,-2906.0,7.0,-5.0,-13.0,
1646991433508490324,0.762329101562,0.263916015625,-0.590881347656,0.0032958984375,-7805.0,-2427.0,-2895.0,7.0,-2.0,-14.0,
1646991433512958526,0.76220703125,0.264282226562,-0.590881347656,0.00238037109375,-7752.0,-2457.0,-2875.0,8.0,1.0,-14.0,
1646991433517662525,0.762145996094,0.264587402344,-0.5908203125,0.00146484375,-7658.0,-2502.0,-2853.0,8.0,3.0,-14.0,
1646991433522452116,0.762145996094,0.264892578125,-0.590698242188,0.00054931640625,-7555.0,-2543.0,-2819.0,8.0,3.0,-13.0,
1646991433530488252,0.762023925781,0.265197753906,-0.590698242188,-0.0003662109375,-7481.0,-2565.0,-2781.0,7.0,2.0,-12.0,
1646991433535247564,0.761901855469,0.265502929688,-0.590759277344,-0.00115966796875,-7429.0,-2577.0,-2753.0,7.0,1.0,-12.0,
1646991433538377285,0.761779785156,0.265747070312,-0.590759277344,-0.00189208984375,-7407.0,-2583.0,-2707.0,7.0,0.0,-11.0,
1646991433545204162,0.761657714844,0.266052246094,-0.5908203125,-0.00262451171875,-7398.0,-2576.0,-2672.0,7.0,0.0,-11.0,
1646991433548015356,0.761535644531,0.266235351562,-0.590881347656,-0.00335693359375,-7397.0,-2575.0,-2642.0,7.0,1.0,-11.0,
1646991433552731990,0.761413574219,0.266479492188,-0.590881347656,-0.004150390625,-7391.0,-2574.0,-2613.0,7.0,2.0,-11.0,
1646991433561507701,0.761352539062,0.266662597656,-0.590942382812,-0.0048828125,-7383.0,-2586.0,-2605.0,7.0,2.0,-11.0,
1646991433563899040,0.761291503906,0.266845703125,-0.590942382812,-0.00567626953125,-7387.0,-2613.0,-2603.0,8.0,2.0,-11.0,
1646991433568068265,0.761169433594,0.267028808594,-0.591003417969,-0.00653076171875,-7410.0,-2634.0,-2603.0,8.0,1.0,-11.0,
1646991433572723627,0.760986328125,0.267272949219,-0.591064453125,-0.00732421875,-7452.0,-2647.0,-2611.0,8.0,0.0,-12.0,
1646991433580719470,0.760864257812,0.267517089844,-0.591186523438,-0.0081787109375,-7487.0,-2649.0,-2617.0,8.0,0.0,-13.0,
1646991433585104465,0.760681152344,0.267761230469,-0.591247558594,-0.00909423828125,-7499.0,-2650.0,-2623.0,9.0,1.0,-14.0,
1646991433592742681,0.760498046875,0.26806640625,-0.59130859375,-0.010009765625,-7494.0,-2654.0,-2651.0,9.0,1.0,-15.0,
1646991433598625421,0.760375976562,0.268371582031,-0.59130859375,-0.0110473632812,-7452.0,-2666.0,-2700.0,10.0,1.0,-16.0,
1646991433605047464,0.760009765625,0.26904296875,-0.591430664062,-0.0132446289062,-7335.0,-2705.0,-2682.0,11.0,0.0,-16.0,
1646991433608872890,0.759704589844,0.269409179688,-0.591674804688,-0.0143432617188,-7300.0,-2728.0,-2736.0,11.0,-3.0,-16.0,
1646991433613451480,0.759460449219,0.269714355469,-0.591735839844,-0.015380859375,-7184.0,-2746.0,-2720.0,11.0,-2.0,-15.0,
1646991433617956638,0.759155273438,0.27001953125,-0.591979980469,-0.016357421875,-7168.0,-2818.0,-2716.0,10.0,-4.0,-14.0,
1646991433622495412,0.758666992188,0.270385742188,-0.592407226562,-0.0172729492188,-7236.0,-2872.0,-2719.0,9.0,-7.0,-14.0,
1646991433630494832,0.758239746094,0.270751953125,-0.5927734375,-0.01806640625,-7281.0,-2890.0,-2744.0,8.0,-6.0,-14.0,
1646991433634984731,0.757934570312,0.271057128906,-0.593017578125,-0.0189208984375,-7310.0,-2895.0,-2769.0,8.0,-4.0,-14.0,
1646991433638306140,0.757690429688,0.271362304688,-0.593200683594,-0.0196533203125,-7361.0,-2906.0,-2791.0,8.0,-4.0,-13.0,
1646991433644442558,0.757385253906,0.271667480469,-0.593383789062,-0.0203857421875,-7425.0,-2927.0,-2807.0,7.0,-4.0,-13.0,
1646991433647676467,0.757141113281,0.272033691406,-0.593505859375,-0.0211181640625,-7481.0,-2950.0,-2816.0,7.0,-3.0,-13.0,
1646991433655991792,0.756958007812,0.272338867188,-0.593566894531,-0.0218505859375,-7507.0,-2974.0,-2826.0,6.0,0.0,-12.0,
1646991433660208940,0.756896972656,0.272644042969,-0.593444824219,-0.0225830078125,-7522.0,-2987.0,-2827.0,6.0,2.0,-12.0,
1646991433663809776,0.756896972656,0.27294921875,-0.593322753906,-0.0233764648438,-7543.0,-2986.0,-2834.0,6.0,3.0,-12.0,
1646991433668441295,0.756896972656,0.273254394531,-0.593139648438,-0.0241088867188,-7554.0,-2979.0,-2837.0,5.0,4.0,-12.0,
1646991433672743082,0.756896972656,0.273559570312,-0.592956542969,-0.0248413085938,-7542.0,-2982.0,-2826.0,5.0,4.0,-12.0,
1646991433680618524,0.756958007812,0.273864746094,-0.592712402344,-0.0255126953125,-7507.0,-2994.0,-2822.0,5.0,5.0,-11.0,
1646991433687931060,0.757019042969,0.274169921875,-0.592529296875,-0.0262451171875,-7451.0,-3018.0,-2822.0,5.0,5.0,-10.0,
1646991433688875198,0.757019042969,0.2744140625,-0.59228515625,-0.02685546875,-7392.0,-3037.0,-2821.0,4.0,4.0,-9.0,
1646991433698126554,0.757019042969,0.274658203125,-0.592163085938,-0.0274658203125,-7359.0,-3037.0,-2805.0,4.0,2.0,-9.0,
1646991433705262184,0.756896972656,0.275085449219,-0.592102050781,-0.0285034179688,-7353.0,-3027.0,-2785.0,4.0,1.0,-9.0,
1646991433709655046,0.756896972656,0.275268554688,-0.592041015625,-0.029052734375,-7319.0,-3038.0,-2767.0,5.0,2.0,-8.0,
1646991433714200973,0.756896972656,0.275451660156,-0.591918945312,-0.0296020507812,-7271.0,-3046.0,-2750.0,5.0,3.0,-8.0,
1646991433718732357,0.756896972656,0.275634765625,-0.591796875,-0.0302124023438,-7238.0,-3050.0,-2730.0,5.0,2.0,-8.0,
1646991433726635217,0.7568359375,0.275756835938,-0.591796875,-0.03076171875,-7230.0,-3063.0,-2723.0,5.0,1.0,-8.0,
1646991433729977607,0.756774902344,0.27587890625,-0.591735839844,-0.03125,-7206.0,-3077.0,-2714.0,5.0,1.0,-7.0,
1646991433733518838,0.756774902344,0.275939941406,-0.591735839844,-0.0317993164062,-7185.0,-3086.0,-2694.0,5.0,1.0,-6.0,
1646991433739800214,0.756713867188,0.276000976562,-0.591735839844,-0.0322265625,-7186.0,-3083.0,-2690.0,5.0,0.0,-5.0,
1646991433744650840,0.756713867188,0.276000976562,-0.591735839844,-0.0325927734375,-7216.0,-3077.0,-2689.0,5.0,0.0,-5.0,
1646991433752195119,0.756652832031,0.276000976562,-0.591735839844,-0.032958984375,-7254.0,-3079.0,-2701.0,5.0,0.0,-5.0,
1646991433755416870,0.756652832031,0.276000976562,-0.591735839844,-0.0333862304688,-7279.0,-3101.0,-2726.0,5.0,1.0,-4.0,
1646991433760022163,0.756713867188,0.276000976562,-0.591613769531,-0.0337524414062,-7276.0,-3143.0,-2759.0,4.0,2.0,-4.0,
1646991433763517856,0.756774902344,0.276062011719,-0.591491699219,-0.0341796875,-7253.0,-3194.0,-2784.0,4.0,2.0,-5.0,
1646991433767686843,0.7568359375,0.276245117188,-0.59130859375,-0.03466796875,-7214.0,-3232.0,-2815.0,3.0,2.0,-5.0,
1646991433773236513,0.7568359375,0.276428222656,-0.591186523438,-0.0350341796875,-7162.0,-3273.0,-2855.0,2.0,1.0,-6.0,
1646991433783435583,0.756774902344,0.276733398438,-0.591125488281,-0.0353393554688,-7112.0,-3318.0,-2882.0,1.0,-1.0,-6.0,
1646991433786340236,0.756652832031,0.277099609375,-0.591064453125,-0.0355834960938,-7088.0,-3359.0,-2911.0,-1.0,-3.0,-6.0,
1646991433788669347,0.756530761719,0.277526855469,-0.591064453125,-0.0357666015625,-7080.0,-3382.0,-2938.0,-2.0,-4.0,-6.0,
1646991433794892072,0.756286621094,0.277954101562,-0.591125488281,-0.035888671875,-7060.0,-3391.0,-2954.0,-3.0,-5.0,-6.0,
1646991433799609422,0.756103515625,0.278381347656,-0.591186523438,-0.0359497070312,-7033.0,-3387.0,-2967.0,-3.0,-5.0,-6.0,
1646991433805965423,0.755920410156,0.27880859375,-0.591186523438,-0.0360107421875,-7008.0,-3378.0,-2954.0,-3.0,-5.0,-6.0,
1646991433810254812,0.755676269531,0.279174804688,-0.59130859375,-0.0360107421875,-7028.0,-3362.0,-2941.0,-3.0,-6.0,-5.0,
1646991433814223527,0.755432128906,0.279479980469,-0.591491699219,-0.0360107421875,-7072.0,-3336.0,-2933.0,-3.0,-6.0,-5.0,
1646991433819020748,0.755310058594,0.27978515625,-0.591552734375,-0.0360107421875,-7087.0,-3306.0,-2912.0,-2.0,-5.0,-5.0,
1646991433822669267,0.755126953125,0.280029296875,-0.591613769531,-0.0361328125,-7090.0,-3266.0,-2891.0,-1.0,-3.0,-4.0,
1646991433830774068,0.755065917969,0.280151367188,-0.591674804688,-0.0361938476562,-7104.0,-3241.0,-2876.0,0.0,-3.0,-4.0,
1646991433835977077,0.755004882812,0.2802734375,-0.591735839844,-0.036376953125,-7104.0,-3242.0,-2851.0,1.0,-2.0,-4.0,
1646991433838457584,0.7548828125,0.280395507812,-0.591735839844,-0.03662109375,-7091.0,-3246.0,-2835.0,2.0,-2.0,-4.0,
1646991433843608379,0.754821777344,0.280517578125,-0.591796875,-0.036865234375,-7095.0,-3248.0,-2800.0,2.0,-2.0,-5.0,
1646991433851956367,0.754699707031,0.280639648438,-0.591857910156,-0.037109375,-7119.0,-3253.0,-2782.0,2.0,-2.0,-5.0,
1646991433856100559,0.754516601562,0.280883789062,-0.591918945312,-0.0374145507812,-7152.0,-3269.0,-2752.0,2.0,-2.0,-6.0,
1646991433860934972,0.75439453125,0.281127929688,-0.591979980469,-0.0377807617188,-7165.0,-3294.0,-2738.0,2.0,-2.0,-7.0,
1646991433865080356,0.754211425781,0.281433105469,-0.592041015625,-0.0380859375,-7177.0,-3308.0,-2715.0,1.0,-2.0,-7.0,
1646991433876749515,0.754028320312,0.28173828125,-0.592102050781,-0.0383911132812,-7191.0,-3306.0,-2689.0,0.0,-2.0,-8.0,
1646991433879290580,0.753845214844,0.282043457031,-0.592163085938,-0.0386352539062,-7191.0,-3302.0,-2676.0,0.0,-3.0,-7.0,
1646991433881366491,0.753662109375,0.282348632812,-0.59228515625,-0.038818359375,-7179.0,-3300.0,-2674.0,0.0,-3.0,-7.0,
1646991433884951829,0.75341796875,0.282592773438,-0.592346191406,-0.0389404296875,-7148.0,-3306.0,-2673.0,-1.0,-4.0,-6.0,
1646991433888327121,0.753234863281,0.282897949219,-0.592529296875,-0.0390014648438,-7131.0,-3303.0,-2679.0,-1.0,-5.0,-5.0,
1646991433892992258,0.752990722656,0.283142089844,-0.592712402344,-0.0390014648438,-7135.0,-3273.0,-2684.0,-2.0,-7.0,-4.0,
