1647356363595445394,-0.370910644531,0.339233398438,-0.107299804688,0.857788085938,-3509.0,-10103.0,1448.0,37.0,-14.0,40.0,
1647356363599612712,-0.36865234375,0.339477539062,-0.10595703125,0.858825683594,-3635.0,-9473.0,1690.0,36.0,-10.0,37.0,
1647356363603140592,-0.366577148438,0.33984375,-0.104736328125,0.859680175781,-3813.0,-8856.0,1936.0,30.0,-6.0,32.0,
1647356363607660293,-0.364929199219,0.340393066406,-0.103515625,0.8603515625,-3976.0,-8296.0,2084.0,20.0,-4.0,28.0,
1647356363612267732,-0.364013671875,0.341125488281,-0.102294921875,0.860595703125,-4109.0,-7802.0,2190.0,9.0,-1.0,24.0,
1647356363622324466,-0.36376953125,0.341979980469,-0.10107421875,0.860473632812,-4182.0,-7410.0,2278.0,-4.0,2.0,20.0,
1647356363624816656,-0.3642578125,0.342956542969,-0.0999755859375,0.860046386719,-4194.0,-7142.0,2329.0,-14.0,5.0,16.0,
1647356363629542350,-0.365234375,0.344055175781,-0.09912109375,0.859252929688,-4194.0,-6990.0,2358.0,-21.0,10.0,11.0,
1647356363633020877,-0.366577148438,0.345336914062,-0.0985717773438,0.858276367188,-4205.0,-6971.0,2392.0,-25.0,14.0,6.0,
1647356363637563705,-0.368103027344,0.346618652344,-0.098388671875,0.857116699219,-4224.0,-7076.0,2438.0,-26.0,18.0,2.0,
1647356363642474412,-0.369567871094,0.347961425781,-0.0986328125,0.855895996094,-4246.0,-7262.0,2486.0,-22.0,21.0,-2.0,
1647356363648967504,-0.370727539062,0.349304199219,-0.0993041992188,0.854797363281,-4266.0,-7488.0,2579.0,-14.0,24.0,-5.0,
1647356363653967857,-0.371337890625,0.3505859375,-0.100280761719,0.853881835938,-4269.0,-7707.0,2693.0,-3.0,27.0,-6.0,
1647356363658186197,-0.371276855469,0.351928710938,-0.101623535156,0.853149414062,-4273.0,-7845.0,2821.0,9.0,29.0,-6.0,
1647356363662776231,-0.370544433594,0.353271484375,-0.103210449219,0.852783203125,-4298.0,-7875.0,2961.0,21.0,31.0,-5.0,
1647356363667263984,-0.368957519531,0.354736328125,-0.104858398438,0.852661132812,-4327.0,-7782.0,3089.0,33.0,32.0,-2.0,
1647356363671875238,-0.36669921875,0.356201171875,-0.106628417969,0.852783203125,-4351.0,-7578.0,3166.0,42.0,33.0,1.0,
1647356363676342010,-0.363952636719,0.357788085938,-0.108337402344,0.853088378906,-4372.0,-7293.0,3241.0,49.0,34.0,3.0,
1647356363683499813,-0.36083984375,0.359436035156,-0.110046386719,0.853515625,-4395.0,-6955.0,3272.0,54.0,35.0,4.0,
1647356363687568902,-0.357421875,0.361145019531,-0.11181640625,0.85400390625,-4456.0,-6613.0,3339.0,58.0,36.0,5.0,
1647356363692221164,-0.353820800781,0.362915039062,-0.113586425781,0.8544921875,-4569.0,-6293.0,3400.0,59.0,37.0,5.0,
1647356363697105646,-0.350219726562,0.364685058594,-0.115234375,0.85498046875,-4704.0,-6016.0,3448.0,58.0,36.0,4.0,
1647356363703951835,-0.346801757812,0.366455078125,-0.116882324219,0.855407714844,-4846.0,-5753.0,3486.0,55.0,35.0,3.0,
1647356363709474325,-0.343566894531,0.368225097656,-0.118347167969,0.855773925781,-5000.0,-5526.0,3534.0,51.0,34.0,3.0,
1647356363714077711,-0.340515136719,0.370056152344,-0.119689941406,0.856018066406,-5142.0,-5328.0,3620.0,46.0,34.0,4.0,
1647356363719513654,-0.337646484375,0.371826171875,-0.120910644531,0.856201171875,-5287.0,-5173.0,3739.0,41.0,33.0,4.0,
1647356363756402969,-0.335144042969,0.37353515625,-0.122009277344,0.856262207031,-5438.0,-5077.0,3873.0,36.0,32.0,3.0,
1647356363770959615,-0.332824707031,0.375244140625,-0.123046875,0.856323242188,-5602.0,-5041.0,4015.0,32.0,31.0,2.0,
1647356363771968364,-0.330627441406,0.376892089844,-0.1240234375,0.856262207031,-5754.0,-5059.0,4163.0,29.0,31.0,1.0,
1647356363778010129,-0.328552246094,0.378479003906,-0.125122070312,0.856201171875,-5888.0,-5097.0,4312.0,29.0,30.0,1.0,
1647356363778290033,-0.326477050781,0.379943847656,-0.126220703125,0.856201171875,-5995.0,-5130.0,4456.0,30.0,29.0,-1.0,
1647356363779930114,-0.324279785156,0.38134765625,-0.127502441406,0.856262207031,-6093.0,-5135.0,4588.0,32.0,29.0,-2.0,
1647356363781142234,-0.322021484375,0.382629394531,-0.128845214844,0.856323242188,-6199.0,-5112.0,4710.0,34.0,28.0,-3.0,
1647356363781502485,-0.319641113281,0.383972167969,-0.130249023438,0.856384277344,-6304.0,-5076.0,4851.0,35.0,29.0,-5.0,
1647356363782053232,-0.317199707031,0.385192871094,-0.131774902344,0.856506347656,-6406.0,-5077.0,4994.0,36.0,29.0,-6.0,
1647356363782955408,-0.314819335938,0.386352539062,-0.133422851562,0.856628417969,-6487.0,-5157.0,5062.0,37.0,28.0,-9.0,
1647356363783234596,-0.312561035156,0.387329101562,-0.135314941406,0.856689453125,-6533.0,-5290.0,5065.0,39.0,26.0,-12.0,
1647356363783860683,-0.310363769531,0.38818359375,-0.137390136719,0.856750488281,-6554.0,-5421.0,5029.0,41.0,25.0,-15.0,
1647356363785060882,-0.307983398438,0.388916015625,-0.139587402344,0.85693359375,-6551.0,-5508.0,4920.0,46.0,23.0,-15.0,
1647356363789563655,-0.305297851562,0.389587402344,-0.141845703125,0.857238769531,-6527.0,-5540.0,4808.0,52.0,21.0,-14.0,
1647356363794175386,-0.30224609375,0.390075683594,-0.144104003906,0.857727050781,-6480.0,-5568.0,4725.0,59.0,19.0,-12.0,
1647356363797573089,-0.298767089844,0.390380859375,-0.146423339844,0.8583984375,-6416.0,-5590.0,4594.0,67.0,16.0,-10.0,
1647356363802367925,-0.294860839844,0.390502929688,-0.148864746094,0.859252929688,-6337.0,-5574.0,4433.0,76.0,14.0,-9.0,
1647356363806883096,-0.290466308594,0.390502929688,-0.1513671875,0.860290527344,-6245.0,-5497.0,4334.0,85.0,12.0,-8.0,
1647356363811360836,-0.28564453125,0.390319824219,-0.154052734375,0.861572265625,-6141.0,-5361.0,4338.0,92.0,10.0,-7.0,
1647356363819493293,-0.280334472656,0.389892578125,-0.156799316406,0.863037109375,-6035.0,-5171.0,4458.0,99.0,9.0,-6.0,
1647356363822854518,-0.274658203125,0.38916015625,-0.159545898438,0.864624023438,-5949.0,-4970.0,4664.0,103.0,7.0,-6.0,
1647356363827448368,-0.268798828125,0.388244628906,-0.162353515625,0.866333007812,-5879.0,-4792.0,4917.0,105.0,5.0,-6.0,
1647356363832002401,-0.262878417969,0.38720703125,-0.165161132812,0.8681640625,-5812.0,-4649.0,5185.0,106.0,3.0,-6.0,
1647356363836599111,-0.256896972656,0.385925292969,-0.16796875,0.869934082031,-5749.0,-4547.0,5471.0,107.0,2.0,-7.0,
1647356363841320991,-0.2509765625,0.384582519531,-0.170776367188,0.871704101562,-5657.0,-4436.0,5694.0,106.0,1.0,-7.0,
1647356363852505445,-0.245239257812,0.383178710938,-0.173522949219,0.873413085938,-5584.0,-4249.0,5917.0,103.0,0.0,-7.0,
1647356363858901262,-0.234436035156,0.380676269531,-0.178161621094,0.876525878906,-5410.0,-3515.0,6223.0,87.0,1.0,-5.0,
1647356363863428354,-0.229919433594,0.379760742188,-0.179809570312,0.877807617188,-5346.0,-3077.0,6335.0,70.0,3.0,-4.0,
1647356363867937564,-0.226501464844,0.379150390625,-0.181091308594,0.878662109375,-5291.0,-2740.0,6399.0,48.0,4.0,-6.0,
1647356363872377872,-0.224609375,0.378845214844,-0.181884765625,0.879150390625,-5251.0,-2556.0,6368.0,22.0,5.0,-8.0,
1647356363877213478,-0.224365234375,0.379028320312,-0.182250976562,0.879089355469,-5257.0,-2564.0,6322.0,-4.0,6.0,-10.0,
1647356363881765365,-0.2255859375,0.379577636719,-0.18212890625,0.878540039062,-5281.0,-2763.0,6240.0,-29.0,7.0,-11.0,
1647356363886351108,-0.228210449219,0.380432128906,-0.181579589844,0.877563476562,-5324.0,-3127.0,6124.0,-51.0,8.0,-11.0,
1647356363894383668,-0.23193359375,0.381530761719,-0.180725097656,0.876342773438,-5329.0,-3587.0,5947.0,-67.0,8.0,-11.0,
1647356363899085760,-0.236267089844,0.3828125,-0.179626464844,0.874816894531,-5253.0,-4011.0,5737.0,-75.0,9.0,-9.0,
1647356363902557849,-0.240783691406,0.38427734375,-0.178344726562,0.873229980469,-5122.0,-4290.0,5528.0,-79.0,12.0,-6.0,
1647356363907167196,-0.245239257812,0.385925292969,-0.176940917969,0.871520996094,-4970.0,-4356.0,5346.0,-81.0,15.0,-3.0,
1647356363911650419,-0.249633789062,0.387817382812,-0.17529296875,0.869750976562,-4824.0,-4254.0,5203.0,-85.0,19.0,-1.0,
1647356363916117668,-0.254089355469,0.389892578125,-0.173461914062,0.867919921875,-4723.0,-4114.0,5068.0,-91.0,21.0,0.0,
1647356363924460172,-0.258972167969,0.39208984375,-0.17138671875,0.865905761719,-4712.0,-4091.0,4941.0,-100.0,23.0,0.0,
1647356363928882598,-0.264282226562,0.394409179688,-0.169189453125,0.863647460938,-4751.0,-4296.0,4784.0,-108.0,22.0,-2.0,
1647356363932446002,-0.270141601562,0.396728515625,-0.167053222656,0.861206054688,-4787.0,-4728.0,4594.0,-111.0,21.0,-4.0,
1647356363937267541,-0.276000976562,0.39892578125,-0.165161132812,0.858703613281,-4796.0,-5242.0,4441.0,-107.0,21.0,-4.0,
1647356363942036390,-0.281616210938,0.400939941406,-0.16357421875,0.856201171875,-4780.0,-5708.0,4392.0,-99.0,19.0,-5.0,
1647356363946323394,-0.286682128906,0.402648925781,-0.162109375,0.85400390625,-4739.0,-6137.0,4347.0,-89.0,18.0,-4.0,
1647356363956262350,-0.290893554688,0.404174804688,-0.160888671875,0.852111816406,-4670.0,-6575.0,4224.0,-74.0,17.0,0.0,
1647356363960915088,-0.294006347656,0.405639648438,-0.160095214844,0.850463867188,-4629.0,-7010.0,4085.0,-52.0,18.0,3.0,
1647356363967555046,-0.2958984375,0.406860351562,-0.159851074219,0.849304199219,-4599.0,-7367.0,3967.0,-28.0,18.0,4.0,
1647356363970232248,-0.29638671875,0.407958984375,-0.160217285156,0.848510742188,-4566.0,-7555.0,3814.0,-1.0,19.0,5.0,
1647356363975028514,-0.295349121094,0.408935546875,-0.1611328125,0.848205566406,-4544.0,-7524.0,3659.0,25.0,21.0,6.0,
1647356363979518890,-0.29296875,0.409912109375,-0.162536621094,0.848327636719,-4565.0,-7286.0,3545.0,47.0,23.0,8.0,
1647356363984138011,-0.28955078125,0.410827636719,-0.164123535156,0.848754882812,-4671.0,-6919.0,3520.0,62.0,24.0,8.0,
1647356363987446784,-0.285522460938,0.411682128906,-0.165771484375,0.849365234375,-4850.0,-6524.0,3572.0,68.0,24.0,9.0,
1647356363992614746,-0.281433105469,0.412536621094,-0.167297363281,0.850036621094,-5049.0,-6190.0,3672.0,67.0,23.0,8.0,
1647356363996821165,-0.277404785156,0.413391113281,-0.168640136719,0.850708007812,-5242.0,-5957.0,3827.0,64.0,22.0,9.0,
1647356364001532316,-0.273498535156,0.414123535156,-0.169982910156,0.851318359375,-5431.0,-5784.0,3994.0,62.0,21.0,9.0,
1647356364006014823,-0.26953125,0.414855957031,-0.171264648438,0.851989746094,-5660.0,-5601.0,4152.0,62.0,20.0,10.0,
1647356364015025377,-0.265380859375,0.415405273438,-0.17236328125,0.852783203125,-5935.0,-5356.0,4378.0,64.0,17.0,12.0,
1647356364019029855,-0.261047363281,0.415832519531,-0.173278808594,0.853759765625,-6207.0,-4985.0,4799.0,65.0,13.0,13.0,
1647356364022561550,-0.256286621094,0.415893554688,-0.174133300781,0.85498046875,-6999.0,-4215.0,5365.0,67.0,12.0,13.0,
1647356364027294397,-0.251892089844,0.416259765625,-0.174011230469,0.856140136719,-7498.0,-3361.0,5742.0,45.0,6.0,11.0,
1647356364031781435,-0.249267578125,0.41650390625,-0.172912597656,0.856994628906,-7679.0,-2900.0,6166.0,12.0,-2.0,11.0,
1647356364037012815,-0.24853515625,0.41650390625,-0.171569824219,0.857482910156,-7857.0,-2886.0,6467.0,-16.0,-4.0,6.0,
1647356364041249990,-0.24951171875,0.416442871094,-0.170288085938,0.857482910156,-7898.0,-3274.0,6603.0,-34.0,-8.0,-3.0,
1647356364049546718,-0.25146484375,0.416137695312,-0.169372558594,0.857238769531,-7895.0,-3887.0,6677.0,-40.0,-11.0,-7.0,
1647356364057187318,-0.253601074219,0.415649414062,-0.168640136719,0.856994628906,-7866.0,-4432.0,6682.0,-35.0,-13.0,-8.0,
1647356364060951232,-0.255187988281,0.4150390625,-0.168212890625,0.856872558594,-7786.0,-4795.0,6613.0,-24.0,-14.0,-7.0,
1647356364065332174,-0.255981445312,0.414306640625,-0.168029785156,0.857055664062,-7750.0,-4977.0,6594.0,-10.0,-15.0,-6.0,
1647356364071381092,-0.256042480469,0.413391113281,-0.168090820312,0.857482910156,-7724.0,-5073.0,6582.0,1.0,-16.0,-7.0,
1647356364074929714,-0.255737304688,0.412414550781,-0.168518066406,0.857971191406,-7673.0,-5146.0,6500.0,8.0,-15.0,-10.0,
1647356364081357240,-0.255432128906,0.411376953125,-0.169250488281,0.858337402344,-7509.0,-5238.0,6388.0,11.0,-14.0,-15.0,
1647356364084149837,-0.255187988281,0.410339355469,-0.170288085938,0.858764648438,-7201.0,-5330.0,6224.0,14.0,-13.0,-18.0,
1647356364087942123,-0.254638671875,0.409240722656,-0.171630859375,0.859191894531,-6833.0,-5353.0,6011.0,20.0,-11.0,-17.0,
1647356364102643489,-0.253723144531,0.408203125,-0.173095703125,0.859680175781,-6484.0,-5227.0,5709.0,28.0,-8.0,-16.0,
1647356364103240251,-0.25244140625,0.407287597656,-0.174621582031,0.860168457031,-6149.0,-4972.0,5352.0,33.0,-6.0,-15.0,
1647356364103621482,-0.250854492188,0.406616210938,-0.176147460938,0.860595703125,-5919.0,-4658.0,5108.0,35.0,-4.0,-14.0,
1647356364118001461,-0.249206542969,0.405944824219,-0.177551269531,0.861083984375,-5762.0,-4285.0,4899.0,34.0,-3.0,-14.0,
1647356364118424654,-0.247741699219,0.405578613281,-0.178771972656,0.861450195312,-5575.0,-3948.0,4512.0,28.0,-1.0,-14.0,
1647356364118837356,-0.246704101562,0.405578613281,-0.1796875,0.861572265625,-5458.0,-3794.0,4272.0,20.0,2.0,-12.0,
1647356364122052669,-0.24609375,0.405639648438,-0.180480957031,0.861572265625,-5412.0,-3777.0,4141.0,12.0,2.0,-11.0,
1647356364126335382,-0.245788574219,0.40576171875,-0.18115234375,0.861450195312,-5322.0,-3930.0,3660.0,8.0,3.0,-11.0,
1647356364131136655,-0.245483398438,0.40625,-0.181884765625,0.861145019531,-4957.0,-4297.0,3473.0,13.0,4.0,-7.0,
1647356364139077663,-0.244445800781,0.406127929688,-0.182983398438,0.861267089844,-4643.0,-4874.0,3242.0,30.0,5.0,-1.0,
1647356364145294666,-0.2421875,0.406188964844,-0.18505859375,0.861450195312,-4539.0,-4894.0,2998.0,59.0,12.0,-1.0,
1647356364147172451,-0.238159179688,0.406433105469,-0.187316894531,0.861938476562,-4351.0,-4472.0,2743.0,79.0,16.0,0.0,
1647356364151925802,-0.233337402344,0.406860351562,-0.189331054688,0.862609863281,-4319.0,-3752.0,2571.0,84.0,20.0,5.0,
1647356364159575700,-0.228332519531,0.407653808594,-0.190795898438,0.86328125,-4437.0,-2960.0,2512.0,76.0,22.0,8.0,
1647356364166563272,-0.224060058594,0.40869140625,-0.191467285156,0.86376953125,-4682.0,-2274.0,2683.0,56.0,21.0,10.0,
1647356364173281908,-0.219116210938,0.41064453125,-0.190979003906,0.864196777344,-5140.0,-1869.0,3298.0,7.0,13.0,7.0,
1647356364177067518,-0.218933105469,0.411499023438,-0.1904296875,0.863952636719,-5297.0,-2335.0,3604.0,-12.0,11.0,3.0,
1647356364181997299,-0.219909667969,0.412292480469,-0.190002441406,0.863403320312,-5352.0,-3065.0,3875.0,-21.0,9.0,-1.0,
1647356364186673164,-0.221130371094,0.412780761719,-0.189880371094,0.862915039062,-5356.0,-3859.0,4102.0,-18.0,7.0,-2.0,
1647356364191491603,-0.221923828125,0.413024902344,-0.190185546875,0.862487792969,-5387.0,-4488.0,4244.0,-5.0,6.0,-2.0,
1647356364195949077,-0.221984863281,0.413146972656,-0.190795898438,0.8623046875,-5476.0,-4844.0,4334.0,8.0,5.0,-1.0,
1647356364204040288,-0.221435546875,0.413208007812,-0.19140625,0.8623046875,-5553.0,-5010.0,4408.0,16.0,3.0,-1.0,
1647356364208235025,-0.220581054688,0.413208007812,-0.191955566406,0.862365722656,-5588.0,-5124.0,4521.0,18.0,2.0,-1.0,
1647356364211808919,-0.219909667969,0.413024902344,-0.192504882812,0.862487792969,-5584.0,-5254.0,4644.0,16.0,1.0,-2.0,
1647356364219301223,-0.219482421875,0.412841796875,-0.193176269531,0.862548828125,-5590.0,-5388.0,4715.0,13.0,1.0,-5.0,
1647356364220934629,-0.219421386719,0.412780761719,-0.193908691406,0.862426757812,-5608.0,-5521.0,4699.0,8.0,2.0,-8.0,
1647356364229000329,-0.2197265625,0.412841796875,-0.194702148438,0.862182617188,-5579.0,-5697.0,4552.0,3.0,3.0,-11.0,
1647356364233355045,-0.220397949219,0.413024902344,-0.195495605469,0.861694335938,-5485.0,-5938.0,4312.0,0.0,4.0,-12.0,
1647356364239867210,-0.22119140625,0.413330078125,-0.196411132812,0.861206054688,-5327.0,-6225.0,4049.0,1.0,4.0,-12.0,
1647356364242089748,-0.2216796875,0.413452148438,-0.197448730469,0.860717773438,-5167.0,-6493.0,3867.0,9.0,4.0,-11.0,
1647356364249439716,-0.221496582031,0.413452148438,-0.198852539062,0.860473632812,-5046.0,-6654.0,3709.0,22.0,4.0,-9.0,
1647356364262531995,-0.220336914062,0.413330078125,-0.200500488281,0.860412597656,-5025.0,-6677.0,3656.0,38.0,6.0,-8.0,
1647356364265591859,-0.218017578125,0.4130859375,-0.202514648438,0.860656738281,-5044.0,-6654.0,3629.0,54.0,6.0,-7.0,
1647356364271924734,-0.214904785156,0.412658691406,-0.204772949219,0.861145019531,-5071.0,-6494.0,3615.0,69.0,6.0,-7.0,
1647356364278254032,-0.211120605469,0.412109375,-0.207275390625,0.861694335938,-5088.0,-6138.0,3647.0,79.0,7.0,-7.0,
1647356364279366493,-0.206726074219,0.411560058594,-0.209716796875,0.862487792969,-5085.0,-5687.0,3737.0,84.0,7.0,-5.0,
1647356364281861782,-0.202209472656,0.410827636719,-0.212036132812,0.86328125,-5054.0,-5234.0,3848.0,83.0,6.0,-5.0,
1647356364285448074,-0.197814941406,0.41015625,-0.214172363281,0.864135742188,-5037.0,-4774.0,3959.0,79.0,6.0,-4.0,
1647356364290767908,-0.193603515625,0.409545898438,-0.216064453125,0.864929199219,-5039.0,-4330.0,4094.0,73.0,6.0,-3.0,
1647356364299174070,-0.189636230469,0.408996582031,-0.217712402344,0.865600585938,-5049.0,-3936.0,4220.0,65.0,6.0,-2.0,
1647356364302098274,-0.186096191406,0.408569335938,-0.219116210938,0.8662109375,-5076.0,-3599.0,4320.0,57.0,7.0,-1.0,
1647356364302545547,-0.182922363281,0.408325195312,-0.220275878906,0.866760253906,-5109.0,-3343.0,4446.0,49.0,7.0,0.0,
1647356364308127403,-0.180114746094,0.408203125,-0.22119140625,0.867126464844,-5142.0,-3176.0,4568.0,42.0,8.0,0.0,
1647356364314173221,-0.177734375,0.408142089844,-0.222045898438,0.867431640625,-5189.0,-3087.0,4692.0,35.0,8.0,0.0,
1647356364315647840,-0.175659179688,0.408142089844,-0.222717285156,0.86767578125,-5235.0,-3030.0,4827.0,30.0,8.0,0.0,
1647356364328623533,-0.173889160156,0.408142089844,-0.223266601562,0.867919921875,-5257.0,-2998.0,4971.0,25.0,7.0,1.0,
1647356364329051017,-0.17236328125,0.408142089844,-0.223693847656,0.868103027344,-5254.0,-3017.0,5092.0,21.0,6.0,1.0,
1647356364332020998,-0.171081542969,0.408142089844,-0.223999023438,0.868286132812,-5262.0,-3120.0,5183.0,17.0,6.0,2.0,
1647356364337194919,-0.169982910156,0.408203125,-0.224243164062,0.868408203125,-5289.0,-3328.0,5227.0,15.0,6.0,3.0,
1647356364346476793,-0.1689453125,0.408264160156,-0.224609375,0.868469238281,-5333.0,-3573.0,5309.0,17.0,5.0,2.0,
1647356364347418308,-0.167846679688,0.408203125,-0.225036621094,0.868591308594,-5388.0,-3851.0,5378.0,20.0,5.0,3.0,
1647356364354613065,-0.16650390625,0.408020019531,-0.2255859375,0.868835449219,-5388.0,-4056.0,5524.0,25.0,2.0,4.0,
1647356364355833768,-0.16455078125,0.407531738281,-0.226135253906,0.869262695312,-5398.0,-4150.0,5651.0,34.0,1.0,7.0,
1647356364366509199,-0.162048339844,0.406982421875,-0.226684570312,0.869873046875,-5390.0,-4116.0,5736.0,43.0,1.0,11.0,
1647356364370363950,-0.158996582031,0.406311035156,-0.227294921875,0.870544433594,-5409.0,-3921.0,5897.0,49.0,1.0,12.0,
1647356364377441644,-0.155700683594,0.405578613281,-0.227905273438,0.871398925781,-5462.0,-3611.0,6055.0,50.0,0.0,11.0,
1647356364382846117,-0.152526855469,0.404846191406,-0.228332519531,0.872192382812,-5555.0,-3259.0,6207.0,45.0,0.0,11.0,
1647356364383399248,-0.149780273438,0.404235839844,-0.228393554688,0.872863769531,-5638.0,-2964.0,6345.0,35.0,-1.0,10.0,
1647356364385985136,-0.147644042969,0.403747558594,-0.228271484375,0.87353515625,-5678.0,-2811.0,6376.0,23.0,-2.0,10.0,
1647356364390418291,-0.146179199219,0.403381347656,-0.227966308594,0.8740234375,-5621.0,-2840.0,6420.0,14.0,-2.0,9.0,
1647356364399070978,-0.145324707031,0.403015136719,-0.227722167969,0.874389648438,-5563.0,-3003.0,6398.0,9.0,-2.0,8.0,
1647356364403621435,-0.144775390625,0.402770996094,-0.227661132812,0.874633789062,-5579.0,-3137.0,6384.0,7.0,-1.0,5.0,
1647356364406637907,-0.144348144531,0.402587890625,-0.227600097656,0.874755859375,-5635.0,-3159.0,6408.0,5.0,-1.0,3.0,
1647356364411183118,-0.144104003906,0.402526855469,-0.227355957031,0.874938964844,-5713.0,-3142.0,6455.0,-1.0,-1.0,3.0,
1647356364416552543,-0.144226074219,0.402465820312,-0.226989746094,0.875,-5744.0,-3177.0,6493.0,-8.0,-2.0,2.0,
1647356364420691728,-0.144836425781,0.402404785156,-0.2265625,0.875061035156,-5762.0,-3319.0,6542.0,-15.0,-3.0,0.0,
1647356364429752111,-0.14599609375,0.402404785156,-0.226135253906,0.874938964844,-5765.0,-3559.0,6570.0,-22.0,-3.0,-2.0,
1647356364432162284,-0.147521972656,0.402465820312,-0.225769042969,0.874816894531,-5761.0,-3887.0,6513.0,-25.0,-3.0,-3.0,
1647356364439366340,-0.149108886719,0.402526855469,-0.225463867188,0.874572753906,-5740.0,-4263.0,6358.0,-23.0,-3.0,-3.0,
1647356364441673755,-0.150451660156,0.402648925781,-0.225402832031,0.874267578125,-5688.0,-4627.0,6130.0,-15.0,-3.0,-3.0,
1647356364449970960,-0.151245117188,0.402648925781,-0.2255859375,0.874084472656,-5657.0,-4904.0,5854.0,-3.0,-3.0,-2.0,
1647356364451406478,-0.151184082031,0.402526855469,-0.226135253906,0.8740234375,-5634.0,-5155.0,5640.0,12.0,-3.0,-2.0,
1647356364458392143,-0.150268554688,0.402160644531,-0.226989746094,0.874145507812,-5592.0,-5138.0,5418.0,28.0,-4.0,-1.0,
1647356364462123155,-0.1484375,0.401672363281,-0.228149414062,0.874328613281,-5648.0,-4695.0,5293.0,41.0,-2.0,-1.0,
1647356364483310937,-0.143127441406,0.400512695312,-0.230163574219,0.875244140625,-5452.0,-4151.0,4924.0,44.0,-3.0,-2.0,
1647356364495553493,-0.140808105469,0.39990234375,-0.2314453125,0.875549316406,-5417.0,-4149.0,4711.0,46.0,-2.0,-4.0,
1647356364496200084,-0.138427734375,0.3994140625,-0.232971191406,0.875793457031,-5343.0,-4144.0,4525.0,50.0,-1.0,-5.0,
1647356364501731157,-0.1357421875,0.398803710938,-0.234558105469,0.876037597656,-5259.0,-4100.0,4339.0,56.0,0.0,-4.0,
1647356364514102220,-0.132568359375,0.398193359375,-0.236267089844,0.876342773438,-5173.0,-3981.0,4209.0,63.0,1.0,-3.0,
1647356364522585153,-0.128845214844,0.3974609375,-0.237976074219,0.876770019531,-5101.0,-3780.0,4141.0,70.0,1.0,-1.0,
1647356364527923822,-0.124572753906,0.396667480469,-0.23974609375,0.877258300781,-5048.0,-3592.0,4095.0,78.0,2.0,2.0,
1647356364528619289,-0.119812011719,0.395751953125,-0.241577148438,0.877807617188,-5052.0,-3456.0,4023.0,85.0,3.0,3.0,
1647356364544019460,-0.11474609375,0.394897460938,-0.243591308594,0.878295898438,-5070.0,-3414.0,3988.0,91.0,4.0,2.0,
1647356364549449205,-0.109558105469,0.39404296875,-0.245788574219,0.878784179688,-5127.0,-3465.0,3998.0,96.0,5.0,2.0,
1647356364553398609,-0.104064941406,0.393005371094,-0.248168945312,0.879211425781,-5174.0,-3573.0,4071.0,102.0,5.0,2.0,
1647356364576477766,-0.0982055664062,0.391906738281,-0.250793457031,0.879699707031,-5233.0,-3661.0,4224.0,110.0,5.0,2.0,
1647356364587270498,-0.0918579101562,0.390563964844,-0.253540039062,0.880126953125,-5270.0,-3644.0,4396.0,118.0,6.0,2.0,
1647356364596331119,-0.0850830078125,0.38916015625,-0.256408691406,0.880615234375,-5346.0,-3457.0,4607.0,124.0,7.0,3.0,
1647356364601955413,-0.0780639648438,0.3876953125,-0.259155273438,0.881103515625,-5394.0,-3133.0,4835.0,124.0,7.0,3.0,
1647356364609323501,-0.0711669921875,0.38623046875,-0.261657714844,0.881591796875,-5442.0,-2762.0,5138.0,117.0,8.0,3.0,
1647356364611521244,-0.0648193359375,0.384887695312,-0.263916015625,0.882019042969,-5563.0,-2445.0,5581.0,106.0,9.0,2.0,
1647356364623728275,-0.0592651367188,0.383666992188,-0.265991210938,0.88232421875,-5686.0,-2256.0,6048.0,90.0,10.0,-1.0,
1647356364637294054,-0.0547485351562,0.382690429688,-0.267822265625,0.882507324219,-5771.0,-2250.0,6446.0,74.0,10.0,-3.0,
1647356364647241353,-0.0512084960938,0.381958007812,-0.26953125,0.882507324219,-5869.0,-2380.0,6788.0,60.0,10.0,-5.0,
1647356364650153160,-0.0484008789062,0.38134765625,-0.271057128906,0.882446289062,-5976.0,-2534.0,7105.0,51.0,10.0,-6.0,
1647356364681139945,-0.0458984375,0.380859375,-0.272399902344,0.882385253906,-6101.0,-2666.0,7435.0,45.0,8.0,-4.0,
1647356364690540313,-0.0436401367188,0.380249023438,-0.273620605469,0.882385253906,-6268.0,-2727.0,7730.0,42.0,7.0,-3.0,
1647356364695219993,-0.0414428710938,0.379760742188,-0.274597167969,0.882385253906,-6418.0,-2753.0,7937.0,38.0,6.0,-2.0,
1647356364702104091,-0.0394287109375,0.379211425781,-0.275512695312,0.882446289062,-6544.0,-2699.0,8009.0,35.0,4.0,-2.0,
1647356364703754663,-0.0374755859375,0.378723144531,-0.2763671875,0.882446289062,-6586.0,-2624.0,8049.0,32.0,3.0,-2.0,
1647356364711216211,-0.0358276367188,0.378112792969,-0.277221679688,0.882507324219,-6523.0,-2563.0,8018.0,29.0,0.0,-4.0,
1647356364712876081,-0.034423828125,0.377502441406,-0.278198242188,0.882507324219,-6384.0,-2493.0,7922.0,27.0,0.0,-7.0,
1647356364713328838,-0.0331420898438,0.376953125,-0.279296875,0.882507324219,-6200.0,-2421.0,7702.0,26.0,1.0,-10.0,
1647356364716250658,-0.0317993164062,0.37646484375,-0.280517578125,0.88232421875,-6029.0,-2353.0,7399.0,27.0,3.0,-11.0,
1647356364721415519,-0.0303344726562,0.376159667969,-0.281799316406,0.882080078125,-5875.0,-2266.0,7056.0,30.0,4.0,-12.0,
1647356364726211071,-0.0285034179688,0.375854492188,-0.283142089844,0.8818359375,-5735.0,-2125.0,6739.0,35.0,5.0,-11.0,
1647356364730653762,-0.0263061523438,0.375549316406,-0.284484863281,0.881652832031,-5600.0,-1861.0,6465.0,40.0,6.0,-9.0,
1647356364734881877,-0.0236206054688,0.375183105469,-0.285705566406,0.881469726562,-5512.0,-1439.0,6252.0,44.0,8.0,-7.0,
1647356364736351251,-0.0205688476562,0.374877929688,-0.286804199219,0.881286621094,-5501.0,-926.0,6109.0,44.0,9.0,-5.0,
1647356364736998796,-0.0175170898438,0.374694824219,-0.28759765625,0.881164550781,-5581.0,-407.0,6023.0,39.0,10.0,-4.0,
1647356364738338470,-0.0147705078125,0.374694824219,-0.288208007812,0.881042480469,-5751.0,53.0,6064.0,30.0,10.0,-4.0,
1647356364740141153,-0.0126342773438,0.374755859375,-0.288391113281,0.880981445312,-5987.0,421.0,6237.0,19.0,9.0,-3.0,
1647356364742043972,-0.0110473632812,0.374877929688,-0.288208007812,0.881042480469,-6272.0,685.0,6549.0,7.0,6.0,-1.0,
1647356364742427825,-0.0100708007812,0.374877929688,-0.287719726562,0.881225585938,-6589.0,888.0,6970.0,-3.0,2.0,2.0,
1647356364743333339,-0.009521484375,0.374755859375,-0.286865234375,0.881530761719,-6970.0,1050.0,7413.0,-11.0,-1.0,4.0,
1647356364743866920,-0.00933837890625,0.374633789062,-0.285766601562,0.881958007812,-7404.0,1182.0,7883.0,-18.0,-5.0,5.0,
1647356364744280099,-0.0096435546875,0.374328613281,-0.284362792969,0.882568359375,-7861.0,1220.0,8360.0,-27.0,-11.0,7.0,
1647356364756553649,-0.0105590820312,0.373840332031,-0.28271484375,0.883239746094,-8311.0,1152.0,8797.0,-36.0,-17.0,8.0,
1647356364757173776,-0.0122680664062,0.373229980469,-0.280883789062,0.884094238281,-8691.0,926.0,9163.0,-45.0,-24.0,8.0,
1647356364757441520,-0.0145874023438,0.372436523438,-0.278991699219,0.884948730469,-9014.0,581.0,9395.0,-52.0,-31.0,7.0,
1647356364772643804,-0.0175170898438,0.37158203125,-0.277099609375,0.885864257812,-9275.0,232.0,9567.0,-56.0,-36.0,6.0,
1647356364773023843,-0.020751953125,0.370422363281,-0.275146484375,0.886901855469,-9433.0,-118.0,9624.0,-59.0,-42.0,6.0,
1647356364773423433,-0.0242309570312,0.369079589844,-0.273254394531,0.887939453125,-9566.0,-448.0,9574.0,-60.0,-47.0,6.0,
1647356364774029254,-0.0280151367188,0.367553710938,-0.271362304688,0.889038085938,-9655.0,-773.0,9486.0,-62.0,-52.0,4.0,
1647356364774323701,-0.0319213867188,0.365844726562,-0.269592285156,0.890197753906,-9669.0,-1106.0,9347.0,-62.0,-57.0,3.0,
1647356364774631261,-0.0360107421875,0.363830566406,-0.267883300781,0.891357421875,-9653.0,-1376.0,9261.0,-62.0,-62.0,1.0,
1647356364774979591,-0.0403442382812,0.361511230469,-0.266357421875,0.892578125,-9597.0,-1650.0,9196.0,-62.0,-68.0,-3.0,
1647356364775375127,-0.0448608398438,0.358825683594,-0.265014648438,0.893798828125,-9556.0,-1947.0,9153.0,-63.0,-72.0,-7.0,
1647356364776379823,-0.0497436523438,0.356018066406,-0.263977050781,0.89501953125,-9529.0,-2268.0,9131.0,-64.0,-76.0,-11.0,
1647356364776808977,-0.054931640625,0.35302734375,-0.263000488281,0.896179199219,-9512.0,-2561.0,9112.0,-67.0,-80.0,-15.0,
1647356364777167558,-0.0604248046875,0.349792480469,-0.262145996094,0.897338867188,-9478.0,-2784.0,9096.0,-69.0,-84.0,-18.0,
1647356364777464151,-0.0660400390625,0.346435546875,-0.261352539062,0.898498535156,-9419.0,-2947.0,9100.0,-71.0,-88.0,-21.0,
1647356364778639554,-0.0719604492188,0.3427734375,-0.260620117188,0.899658203125,-9332.0,-3064.0,9116.0,-74.0,-92.0,-24.0,
1647356364779275894,-0.078125,0.338989257812,-0.260009765625,0.900756835938,-9237.0,-3160.0,9141.0,-78.0,-95.0,-28.0,
1647356364785444259,-0.098876953125,0.326904296875,-0.2587890625,0.903503417969,-8833.0,-3571.0,9119.0,-91.0,-104.0,-41.0,
1647356364789993286,-0.1064453125,0.322509765625,-0.258605957031,0.904296875,-8626.0,-3804.0,9026.0,-93.0,-106.0,-44.0,
1647356364795578002,-0.1142578125,0.318054199219,-0.258544921875,0.904907226562,-8417.0,-4077.0,8905.0,-93.0,-108.0,-46.0,
1647356364799746274,-0.1220703125,0.3134765625,-0.258728027344,0.905456542969,-8203.0,-4361.0,8809.0,-91.0,-109.0,-49.0,
1647356364804081916,-0.1298828125,0.308715820312,-0.259094238281,0.905883789062,-7980.0,-4612.0,8714.0,-88.0,-111.0,-53.0,
1647356364807613611,-0.137634277344,0.3037109375,-0.259643554688,0.90625,-7724.0,-4851.0,8582.0,-85.0,-112.0,-56.0,
1647356364816991329,-0.145263671875,0.298583984375,-0.260437011719,0.906555175781,-7421.0,-5094.0,8372.0,-82.0,-113.0,-59.0,
1647356364817572832,-0.152770996094,0.293334960938,-0.261474609375,0.90673828125,-7076.0,-5312.0,8079.0,-76.0,-113.0,-62.0,
1647356364820678472,-0.159973144531,0.287963867188,-0.262817382812,0.906860351562,-6700.0,-5478.0,7781.0,-70.0,-113.0,-65.0,
1647356364827370166,-0.166870117188,0.282409667969,-0.264343261719,0.906921386719,-6289.0,-5618.0,7455.0,-63.0,-112.0,-67.0,
1647356364833868265,-0.173522949219,0.276794433594,-0.266174316406,0.906860351562,-5896.0,-5720.0,7142.0,-57.0,-111.0,-70.0,
1647356364836861848,-0.179870605469,0.27099609375,-0.268188476562,0.906799316406,-5546.0,-5791.0,6952.0,-52.0,-111.0,-73.0,
1647356364841715574,-0.185913085938,0.265014648438,-0.270385742188,0.906677246094,-5247.0,-5882.0,6867.0,-47.0,-111.0,-76.0,
1647356364846254348,-0.191772460938,0.258911132812,-0.272766113281,0.906494140625,-4980.0,-5999.0,6779.0,-43.0,-111.0,-78.0,
1647356364851925611,-0.197509765625,0.252868652344,-0.275390625,0.906188964844,-4726.0,-6092.0,6617.0,-39.0,-108.0,-81.0,
1647356364858409166,-0.203002929688,0.246948242188,-0.278259277344,0.905700683594,-4474.0,-6098.0,6443.0,-36.0,-105.0,-84.0,
1647356364863476276,-0.208435058594,0.241088867188,-0.28125,0.905151367188,-4188.0,-6052.0,6232.0,-36.0,-102.0,-88.0,
1647356364866886854,-0.213745117188,0.235168457031,-0.284484863281,0.904418945312,-3861.0,-6019.0,6009.0,-34.0,-100.0,-91.0,
1647356364871370792,-0.219055175781,0.229248046875,-0.287963867188,0.903625488281,-3474.0,-5984.0,5760.0,-33.0,-99.0,-94.0,
1647356364877922058,-0.224487304688,0.223327636719,-0.291625976562,0.902587890625,-3045.0,-5894.0,5512.0,-34.0,-97.0,-97.0,
1647356364882610797,-0.230041503906,0.217468261719,-0.295349121094,0.901428222656,-2644.0,-5780.0,5368.0,-38.0,-93.0,-99.0,
1647356364890512228,-0.235778808594,0.211853027344,-0.299011230469,0.900024414062,-2262.0,-5716.0,5237.0,-44.0,-89.0,-99.0,
1647356364892098188,-0.241821289062,0.206481933594,-0.302673339844,0.8984375,-1904.0,-5751.0,5088.0,-50.0,-86.0,-99.0,
1647356364898835420,-0.248107910156,0.201354980469,-0.306396484375,0.896667480469,-1571.0,-5846.0,4937.0,-54.0,-82.0,-100.0,
1647356364901729822,-0.254516601562,0.196533203125,-0.310180664062,0.894653320312,-1249.0,-5952.0,4757.0,-54.0,-78.0,-102.0,
1647356364905965566,-0.260681152344,0.191833496094,-0.314147949219,0.892456054688,-973.0,-6017.0,4588.0,-52.0,-73.0,-103.0,
1647356364911728858,-0.266357421875,0.187255859375,-0.318298339844,0.890319824219,-728.0,-6024.0,4432.0,-46.0,-68.0,-104.0,
1647356364915241241,-0.271606445312,0.182800292969,-0.322570800781,0.888122558594,-508.0,-5955.0,4354.0,-39.0,-63.0,-105.0,
1647356364921597957,-0.2763671875,0.178344726562,-0.327087402344,0.885925292969,-304.0,-5911.0,4349.0,-35.0,-59.0,-107.0,
1647356364926289081,-0.280944824219,0.174011230469,-0.331848144531,0.883544921875,-132.0,-5971.0,4360.0,-34.0,-55.0,-110.0,
1647356364931657075,-0.285583496094,0.169860839844,-0.336730957031,0.880981445312,-38.0,-6142.0,4362.0,-34.0,-51.0,-113.0,
1647356364935327768,-0.290283203125,0.165954589844,-0.341735839844,0.878295898438,41.0,-6375.0,4346.0,-34.0,-48.0,-115.0,
1647356364940521001,-0.294799804688,0.162170410156,-0.346801757812,0.87548828125,136.0,-6633.0,4341.0,-31.0,-45.0,-116.0,
1647356364946852922,-0.298889160156,0.158447265625,-0.351989746094,0.872741699219,245.0,-6878.0,4335.0,-25.0,-41.0,-115.0,
1647356364952131986,-0.302490234375,0.15478515625,-0.357299804688,0.869995117188,370.0,-7050.0,4250.0,-16.0,-37.0,-115.0,
1647356364955788612,-0.305541992188,0.151062011719,-0.362731933594,0.867309570312,510.0,-7092.0,4092.0,-7.0,-33.0,-115.0,
1647356364960223197,-0.307983398438,0.147338867188,-0.368286132812,0.86474609375,643.0,-6984.0,4013.0,1.0,-30.0,-115.0,
1647356364964967966,-0.309875488281,0.143493652344,-0.373901367188,0.8623046875,829.0,-6747.0,3836.0,7.0,-28.0,-115.0,
1647356364973627567,-0.311462402344,0.139587402344,-0.379699707031,0.859802246094,1027.0,-6437.0,3647.0,11.0,-25.0,-116.0,
1647356364979851007,-0.312805175781,0.135681152344,-0.385620117188,0.857299804688,1198.0,-6143.0,3504.0,13.0,-21.0,-117.0,
1647356364984497308,-0.314025878906,0.1318359375,-0.391723632812,0.854736328125,1349.0,-5895.0,3351.0,14.0,-19.0,-119.0,
1647356364988936185,-0.315185546875,0.128112792969,-0.397888183594,0.851989746094,1446.0,-5700.0,3221.0,14.0,-17.0,-121.0,
1647356364993886470,-0.316223144531,0.12451171875,-0.404052734375,0.849243164062,1497.0,-5534.0,3141.0,15.0,-14.0,-121.0,
1647356364998898983,-0.317199707031,0.121032714844,-0.41015625,0.846435546875,1536.0,-5362.0,3118.0,15.0,-13.0,-120.0,
1647356365001830339,-0.317993164062,0.117736816406,-0.416198730469,0.843688964844,1588.0,-5169.0,3108.0,14.0,-11.0,-118.0,
1647356365006376743,-0.318786621094,0.114501953125,-0.422058105469,0.840881347656,1666.0,-4984.0,3112.0,12.0,-9.0,-115.0,
1647356365012049674,-0.319580078125,0.111511230469,-0.427734375,0.838134765625,1766.0,-4817.0,3135.0,11.0,-7.0,-112.0,
1647356365016367673,-0.320190429688,0.108581542969,-0.433410644531,0.835388183594,1911.0,-4698.0,3121.0,11.0,-4.0,-110.0,
1647356365024873971,-0.320678710938,0.105773925781,-0.439086914062,0.832580566406,2067.0,-4684.0,3068.0,13.0,-1.0,-109.0,
1647356365028312683,-0.321044921875,0.103149414062,-0.44482421875,0.829711914062,2199.0,-4803.0,3007.0,15.0,4.0,-108.0,
1647356365046742677,-0.321228027344,0.100646972656,-0.450561523438,0.826843261719,2296.0,-5030.0,2945.0,19.0,7.0,-108.0,
1647356365092369556,-0.321105957031,0.0982055664062,-0.456359863281,0.823974609375,2355.0,-5254.0,2874.0,26.0,10.0,-109.0,
1647356365094683647,-0.320495605469,0.0957641601562,-0.462158203125,0.8212890625,2371.0,-5369.0,2814.0,36.0,13.0,-108.0,
1647356365101416587,-0.319030761719,0.0931396484375,-0.467834472656,0.818908691406,2353.0,-5314.0,2807.0,47.0,15.0,-103.0,
1647356365104657888,-0.316711425781,0.0903930664062,-0.473327636719,0.817016601562,2312.0,-5142.0,2904.0,59.0,17.0,-97.0,
1647356365107081890,-0.313659667969,0.0874633789062,-0.478576660156,0.8154296875,2273.0,-4861.0,3050.0,68.0,18.0,-91.0,
1647356365112274408,-0.31005859375,0.08447265625,-0.483703613281,0.814086914062,2234.0,-4531.0,3245.0,73.0,20.0,-87.0,
1647356365121621131,-0.30615234375,0.0814208984375,-0.48876953125,0.812866210938,2214.0,-4190.0,3411.0,75.0,21.0,-86.0,
1647356365123228073,-0.302124023438,0.0784912109375,-0.493896484375,0.811584472656,2182.0,-3903.0,3571.0,75.0,23.0,-85.0,
1647356365126696586,-0.298156738281,0.0757446289062,-0.498962402344,0.810180664062,2138.0,-3683.0,3748.0,71.0,25.0,-85.0,
1647356365127781391,-0.294311523438,0.0731811523438,-0.503967285156,0.808715820312,2088.0,-3529.0,3881.0,69.0,26.0,-84.0,
1647356365129908561,-0.290588378906,0.0708618164062,-0.508911132812,0.807189941406,2007.0,-3409.0,3964.0,65.0,28.0,-83.0,
1647356365132245540,-0.286865234375,0.0687866210938,-0.513671875,0.8056640625,1906.0,-3267.0,4015.0,64.0,30.0,-81.0,
1647356365133610248,-0.283081054688,0.06689453125,-0.518310546875,0.80419921875,1795.0,-3052.0,4034.0,63.0,31.0,-78.0,
1647356365135048866,-0.279174804688,0.0650634765625,-0.522827148438,0.802795410156,1677.0,-2741.0,4047.0,62.0,31.0,-75.0,
1647356365136591434,-0.275268554688,0.0632934570312,-0.527160644531,0.801452636719,1561.0,-2373.0,4057.0,60.0,31.0,-72.0,
1647356365137378215,-0.271423339844,0.0615844726562,-0.531372070312,0.800109863281,1461.0,-2019.0,4086.0,56.0,31.0,-69.0,
1647356365140535354,-0.267761230469,0.06005859375,-0.535400390625,0.798767089844,1369.0,-1745.0,4156.0,51.0,31.0,-67.0,
1647356365143179893,-0.264282226562,0.0587768554688,-0.539306640625,0.79736328125,1299.0,-1576.0,4277.0,46.0,30.0,-64.0,
1647356365146228551,-0.261108398438,0.0576782226562,-0.543029785156,0.796020507812,1236.0,-1508.0,4446.0,41.0,30.0,-62.0,
1647356365147640466,-0.258056640625,0.0567016601562,-0.546569824219,0.794616699219,1180.0,-1520.0,4637.0,39.0,30.0,-59.0,
1647356365150069713,-0.255126953125,0.0558471679688,-0.549926757812,0.793334960938,1129.0,-1604.0,4866.0,38.0,29.0,-56.0,
1647356365151654005,-0.252197265625,0.0550537109375,-0.553100585938,0.792114257812,1097.0,-1761.0,5095.0,39.0,28.0,-54.0,
1647356365153913497,-0.249206542969,0.05419921875,-0.556213378906,0.790954589844,1076.0,-1973.0,5312.0,41.0,28.0,-52.0,
1647356365156716585,-0.246154785156,0.0532836914062,-0.559143066406,0.789855957031,1054.0,-2246.0,5547.0,45.0,27.0,-50.0,
1647356365158494710,-0.242858886719,0.05224609375,-0.56201171875,0.788940429688,1019.0,-2578.0,5801.0,51.0,27.0,-49.0,
1647356365162618637,-0.239318847656,0.0511474609375,-0.564819335938,0.7880859375,968.0,-2879.0,6090.0,57.0,26.0,-47.0,
1647356365165200471,-0.235412597656,0.0497436523438,-0.567443847656,0.787475585938,922.0,-3069.0,6387.0,65.0,25.0,-45.0,
1647356365171118021,-0.231140136719,0.048095703125,-0.569885253906,0.787048339844,906.0,-3128.0,6631.0,71.0,24.0,-41.0,
1647356365182440280,-0.226623535156,0.0462036132812,-0.572204589844,0.786804199219,910.0,-3056.0,6793.0,76.0,23.0,-37.0,
1647356365187848091,-0.221984863281,0.044189453125,-0.574401855469,0.786682128906,928.0,-2873.0,6868.0,77.0,23.0,-34.0,
1647356365196782588,-0.212768554688,0.0401000976562,-0.578491210938,0.786437988281,1004.0,-2232.0,6694.0,72.0,24.0,-31.0,
1647356365199755191,-0.208312988281,0.0382690429688,-0.580505371094,0.786193847656,1032.0,-1779.0,6501.0,67.0,25.0,-30.0,
1647356365204035758,-0.2041015625,0.0366821289062,-0.582458496094,0.785949707031,1049.0,-1301.0,6305.0,59.0,26.0,-29.0,
1647356365206021547,-0.2001953125,0.035400390625,-0.584350585938,0.78564453125,1050.0,-856.0,6149.0,49.0,27.0,-27.0,
1647356365217852354,-0.196716308594,0.0346069335938,-0.586181640625,0.785217285156,1035.0,-514.0,6048.0,39.0,29.0,-26.0,
1647356365219621896,-0.193725585938,0.0343627929688,-0.587951660156,0.784606933594,1013.0,-344.0,6012.0,28.0,30.0,-26.0,
1647356365223126411,-0.191223144531,0.0346069335938,-0.589660644531,0.783935546875,959.0,-369.0,6069.0,18.0,32.0,-26.0,
1647356365228032588,-0.189270019531,0.0353393554688,-0.591369628906,0.783081054688,886.0,-573.0,6216.0,9.0,32.0,-26.0,
1647356365231843948,-0.187561035156,0.0364379882812,-0.592956542969,0.7822265625,813.0,-916.0,6380.0,5.0,32.0,-26.0,
1647356365236358642,-0.186096191406,0.0376586914062,-0.594543457031,0.781311035156,752.0,-1335.0,6577.0,5.0,32.0,-25.0,
1647356365240902423,-0.1845703125,0.0388793945312,-0.596008300781,0.780517578125,713.0,-1802.0,6787.0,8.0,31.0,-24.0,
1647356365250121116,-0.182922363281,0.0399780273438,-0.597351074219,0.77978515625,670.0,-2281.0,7002.0,14.0,31.0,-23.0,
1647356365252871513,-0.180969238281,0.0408935546875,-0.598693847656,0.779174804688,607.0,-2748.0,7252.0,21.0,31.0,-22.0,
1647356365259712219,-0.178649902344,0.0415649414062,-0.599975585938,0.778686523438,524.0,-3152.0,7539.0,30.0,31.0,-21.0,
1647356365262182474,-0.175903320312,0.0419921875,-0.601196289062,0.778381347656,436.0,-3459.0,7844.0,39.0,30.0,-19.0,
1647356365265189647,-0.172729492188,0.0419921875,-0.602355957031,0.778198242188,356.0,-3673.0,8119.0,47.0,29.0,-17.0,
1647356365271420001,-0.169189453125,0.0416259765625,-0.603393554688,0.778198242188,301.0,-3810.0,8305.0,54.0,27.0,-15.0,
1647356365278367996,-0.165405273438,0.0409545898438,-0.604370117188,0.778259277344,262.0,-3870.0,8401.0,61.0,26.0,-14.0,
1647356365287600278,-0.161376953125,0.0400390625,-0.605285644531,0.778442382812,234.0,-3818.0,8385.0,66.0,25.0,-13.0,
1647356365291219234,-0.152648925781,0.0374755859375,-0.607055664062,0.778930664062,187.0,-3380.0,8151.0,73.0,25.0,-11.0,
1647356365296339988,-0.148010253906,0.035888671875,-0.60791015625,0.779235839844,163.0,-2964.0,7867.0,74.0,24.0,-10.0,
1647356365304486513,-0.143371582031,0.0343017578125,-0.608764648438,0.779541015625,-4.0,-2378.0,7946.0,71.0,24.0,-10.0,
1647356365305417299,-0.138732910156,0.0328979492188,-0.609558105469,0.77978515625,-74.0,-1776.0,7770.0,63.0,22.0,-9.0,
1647356365311491012,-0.134765625,0.0316162109375,-0.6103515625,0.779968261719,-117.0,-1298.0,7634.0,51.0,19.0,-9.0,
1647356365316122770,-0.131713867188,0.0307006835938,-0.611145019531,0.779846191406,-78.0,-1145.0,7685.0,36.0,16.0,-12.0,
1647356365320689678,-0.129699707031,0.0302734375,-0.612121582031,0.779479980469,60.0,-1204.0,7761.0,23.0,14.0,-17.0,
1647356365325182676,-0.128295898438,0.0300903320312,-0.613342285156,0.778747558594,164.0,-1329.0,7720.0,16.0,13.0,-22.0,
1647356365329690456,-0.127075195312,0.0302124023438,-0.614562988281,0.777954101562,235.0,-1551.0,7718.0,13.0,16.0,-24.0,
1647356365338132381,-0.126037597656,0.0304565429688,-0.61572265625,0.777221679688,346.0,-1872.0,7774.0,12.0,15.0,-23.0,
1647356365341957807,-0.125122070312,0.0306396484375,-0.616882324219,0.776428222656,474.0,-2140.0,7743.0,15.0,14.0,-23.0,
1647356365346314430,-0.1240234375,0.0307006835938,-0.618103027344,0.775634765625,577.0,-2370.0,7706.0,19.0,15.0,-24.0,
1647356365350876569,-0.122619628906,0.0306396484375,-0.619262695312,0.77490234375,631.0,-2518.0,7764.0,23.0,17.0,-23.0,
1647356365355401515,-0.120910644531,0.0304565429688,-0.620422363281,0.774291992188,585.0,-2469.0,7783.0,28.0,17.0,-22.0,
1647356365359621524,-0.11865234375,0.0302124023438,-0.621459960938,0.773803710938,359.0,-2286.0,8082.0,31.0,19.0,-18.0,
1647356365366488933,-0.116333007812,0.030029296875,-0.622314453125,0.7734375,512.0,-2480.0,8132.0,27.0,16.0,-16.0,
1647356365371120691,-0.115112304688,0.029541015625,-0.623352050781,0.772827148438,746.0,-2854.0,8488.0,26.0,10.0,-20.0,
1647356365375600814,-0.113830566406,0.0291137695312,-0.624755859375,0.771911621094,768.0,-3028.0,8629.0,29.0,14.0,-29.0,
1647356365395429134,-0.111450195312,0.0289916992188,-0.626281738281,0.771057128906,205.0,-2818.0,9051.0,37.0,25.0,-28.0,
1647356365396203517,-0.108093261719,0.0291748046875,-0.627136230469,0.770812988281,-280.0,-2772.0,9356.0,38.0,24.0,-15.0,
1647356365396760225,-0.105651855469,0.0288696289062,-0.627380371094,0.770935058594,-314.0,-3067.0,9795.0,35.0,5.0,-5.0,
1647356365412255764,-0.104553222656,0.0275268554688,-0.6279296875,0.770751953125,-3.0,-3479.0,9926.0,35.0,-10.0,-13.0,
1647356365413292169,-0.103637695312,0.0258178710938,-0.629333496094,0.769775390625,193.0,-3709.0,9881.0,42.0,-8.0,-31.0,
1647356365413697957,-0.101867675781,0.0238647460938,-0.631103515625,0.768615722656,317.0,-3787.0,9598.0,52.0,-2.0,-39.0,
1647356365414499044,-0.0994873046875,0.0215454101562,-0.632629394531,0.767700195312,522.0,-3864.0,9424.0,63.0,-2.0,-33.0,
1647356365415701866,-0.0971069335938,0.0186767578125,-0.634033203125,0.766967773438,873.0,-3953.0,9089.0,69.0,-6.0,-30.0,
1647356365420189619,-0.0942993164062,0.0153198242188,-0.635620117188,0.766052246094,842.0,-3373.0,8695.0,80.0,-2.0,-34.0,
1647356365426349639,-0.0896606445312,0.01220703125,-0.637329101562,0.765258789062,399.0,-2424.0,8396.0,86.0,11.0,-33.0,
1647356365431900739,-0.0843505859375,0.00933837890625,-0.638427734375,0.764953613281,-7.0,-1463.0,8313.0,82.0,10.0,-21.0,
1647356365436572074,-0.0798950195312,0.00616455078125,-0.638916015625,0.765075683594,-15.0,-809.0,8269.0,70.0,-4.0,-9.0,
1647356365440978527,-0.076904296875,0.0029296875,-0.639587402344,0.764831542969,276.0,-496.0,8168.0,56.0,-12.0,-14.0,
1647356365445548057,-0.0750122070312,0.00030517578125,-0.640991210938,0.763854980469,542.0,-339.0,7998.0,42.0,-8.0,-31.0,
1647356365449904680,-0.0733032226562,-0.0015869140625,-0.643005371094,0.762390136719,732.0,-344.0,7766.0,34.0,1.0,-42.0,
1647356365457531213,-0.0716552734375,-0.0028076171875,-0.644897460938,0.760864257812,995.0,-643.0,7284.0,30.0,8.0,-41.0,
1647356365463204145,-0.0703125,-0.003662109375,-0.646667480469,0.759521484375,1094.0,-955.0,7351.0,30.0,12.0,-38.0,
1647356365467044830,-0.0681762695312,-0.00439453125,-0.648315429688,0.75830078125,530.0,-516.0,7489.0,39.0,19.0,-35.0,
1647356365470088720,-0.0641479492188,-0.004638671875,-0.649536132812,0.757629394531,-217.0,-25.0,7671.0,41.0,27.0,-24.0,
1647356365474634170,-0.0604858398438,-0.00506591796875,-0.650146484375,0.757385253906,-257.0,-138.0,6976.0,35.0,15.0,-12.0,
1647356365482383251,-0.05908203125,-0.005859375,-0.650817871094,0.756958007812,455.0,-1272.0,6879.0,27.0,2.0,-14.0,
1647356365488023281,-0.059326171875,-0.00701904296875,-0.652221679688,0.755676269531,1343.0,-2391.0,6478.0,34.0,-2.0,-34.0,
1647356365494467258,-0.0582275390625,-0.0081787109375,-0.654541015625,0.753723144531,1749.0,-2999.0,5912.0,54.0,21.0,-52.0,
