1647618229540321111,0.596069335938,0.167785644531,0.5234375,0.585205078125,3889.0,-1761.0,1430.0,392.0,19.0,10.0,
1647618229544928789,0.609558105469,0.180297851562,0.520202636719,0.5703125,3718.0,-1402.0,1015.0,389.0,16.0,1.0,
1647618229550483703,0.622619628906,0.192932128906,0.516235351562,0.555480957031,3592.0,-1110.0,554.0,385.0,14.0,-7.0,
1647618229555792808,0.63525390625,0.20556640625,0.511657714844,0.540588378906,3499.0,-773.0,55.0,380.0,13.0,-15.0,
1647618229561382055,0.647338867188,0.218200683594,0.506530761719,0.525939941406,3495.0,-456.0,-482.0,373.0,12.0,-23.0,
1647618229566029071,0.658813476562,0.231018066406,0.500732421875,0.511596679688,3768.0,-626.0,-962.0,366.0,11.0,-36.0,
1647618229570549011,0.669860839844,0.244140625,0.494262695312,0.497314453125,3935.0,-262.0,-1677.0,366.0,9.0,-59.0,
1647618229575258731,0.68017578125,0.258361816406,0.486450195312,0.483642578125,3947.0,442.0,-2235.0,361.0,10.0,-82.0,
1647618229580468177,0.689392089844,0.273010253906,0.47802734375,0.470764160156,3979.0,988.0,-2911.0,351.0,10.0,-96.0,
1647618229585130691,0.697998046875,0.287963867188,0.469055175781,0.4580078125,3746.0,2031.0,-3431.0,345.0,12.0,-109.0,
1647618229589669227,0.705017089844,0.302673339844,0.460083007812,0.446716308594,3253.0,3172.0,-3921.0,319.0,15.0,-113.0,
1647618229593784332,0.710693359375,0.316528320312,0.451599121094,0.436645507812,2741.0,4111.0,-4346.0,287.0,19.0,-107.0,
1647618229600504875,0.71533203125,0.329406738281,0.443786621094,0.427429199219,2402.0,4503.0,-4612.0,259.0,24.0,-101.0,
1647618229605230569,0.718994140625,0.341491699219,0.436645507812,0.419189453125,1985.0,5030.0,-4952.0,233.0,26.0,-106.0,
1647618229609726190,0.721435546875,0.353332519531,0.429565429688,0.412353515625,1781.0,5646.0,-5178.0,206.0,27.0,-115.0,
1647618229614345788,0.722778320312,0.364562988281,0.423095703125,0.406860351562,1596.0,6292.0,-5358.0,178.0,29.0,-121.0,
1647618229618863582,0.723205566406,0.375,0.417236328125,0.402648925781,1464.0,6807.0,-5371.0,149.0,28.0,-122.0,
1647618229625417470,0.722900390625,0.384582519531,0.411987304688,0.399597167969,1264.0,7438.0,-5217.0,124.0,27.0,-122.0,
1647618229630103588,0.721496582031,0.393432617188,0.407287597656,0.398315429688,1134.0,7919.0,-4971.0,94.0,24.0,-125.0,
1647618229634773969,0.719299316406,0.401550292969,0.403076171875,0.3984375,1037.0,8215.0,-4577.0,66.0,20.0,-129.0,
1647618229639020204,0.716369628906,0.408935546875,0.399353027344,0.399963378906,900.0,8222.0,-4019.0,41.0,16.0,-133.0,
1647618229645759582,0.712890625,0.415832519531,0.395935058594,0.402465820312,691.0,7781.0,-3475.0,23.0,11.0,-137.0,
1647618229650474786,0.709106445312,0.422668457031,0.392395019531,0.405517578125,365.0,7609.0,-2895.0,13.0,7.0,-143.0,
1647618229654981613,0.704895019531,0.429260253906,0.388549804688,0.409606933594,45.0,7518.0,-2417.0,3.0,0.0,-147.0,
1647618229661561489,0.70068359375,0.435424804688,0.384521484375,0.4140625,-333.0,7552.0,-2001.0,-1.0,-9.0,-145.0,
1647618229667061567,0.69677734375,0.441162109375,0.380065917969,0.418762207031,-731.0,7515.0,-1612.0,-1.0,-18.0,-141.0,
1647618229671037435,0.693115234375,0.446533203125,0.375061035156,0.423583984375,-1136.0,7856.0,-1392.0,0.0,-29.0,-137.0,
1647618229675901412,0.689331054688,0.451477050781,0.369934082031,0.428894042969,-1558.0,7505.0,-1285.0,-6.0,-36.0,-135.0,
1647618229680331707,0.685974121094,0.456909179688,0.364074707031,0.43359375,-2224.0,8365.0,-1490.0,4.0,-38.0,-140.0,
1647618229685482263,0.682312011719,0.462524414062,0.357360839844,0.439025878906,-2779.0,7665.0,-1247.0,5.0,-45.0,-145.0,
1647618229689425945,0.679809570312,0.468566894531,0.349365234375,0.442932128906,-3024.0,9022.0,-1984.0,39.0,-54.0,-145.0,
1647618229694164276,0.677062988281,0.474304199219,0.341735839844,0.446899414062,-3398.0,10029.0,-1720.0,28.0,-51.0,-144.0,
1647618229702141761,0.673645019531,0.479370117188,0.3349609375,0.451782226562,-3428.0,11015.0,-2128.0,23.0,-49.0,-138.0,
1647618229705340623,0.669677734375,0.483276367188,0.329528808594,0.45751953125,-3264.0,11846.0,-2227.0,-22.0,-50.0,-132.0,
1647618229710183858,0.66455078125,0.485473632812,0.325927734375,0.465209960938,-3238.0,12546.0,-2029.0,-69.0,-53.0,-125.0,
1647618229714547634,0.658569335938,0.486511230469,0.323303222656,0.474243164062,-3412.0,12558.0,-1638.0,-99.0,-57.0,-118.0,
1647618229719208955,0.652221679688,0.487243652344,0.32080078125,0.483947753906,-3732.0,11881.0,-1106.0,-113.0,-59.0,-116.0,
1647618229723936080,0.645385742188,0.487854003906,0.318176269531,0.494079589844,-3805.0,11719.0,-905.0,-122.0,-61.0,-117.0,
1647618229730572223,0.638610839844,0.488037109375,0.316162109375,0.50390625,-3840.0,12217.0,-1141.0,-129.0,-59.0,-112.0,
1647618229735393524,0.631591796875,0.48779296875,0.31494140625,0.513671875,-3822.0,12074.0,-918.0,-144.0,-53.0,-105.0,
1647618229739632606,0.624267578125,0.486999511719,0.314514160156,0.523498535156,-4039.0,11730.0,-918.0,-152.0,-48.0,-96.0,
1647618229744335412,0.617553710938,0.485900878906,0.313842773438,0.532775878906,-3997.0,11297.0,-1050.0,-147.0,-51.0,-81.0,
1647618229752206563,0.611572265625,0.484680175781,0.313171386719,0.541137695312,-3759.0,10852.0,-1048.0,-137.0,-52.0,-76.0,
1647618229756649255,0.605895996094,0.483703613281,0.312194824219,0.548950195312,-3663.0,10638.0,-1112.0,-123.0,-50.0,-80.0,
1647618229760520458,0.600524902344,0.483154296875,0.310729980469,0.556091308594,-3953.0,10178.0,-1361.0,-109.0,-48.0,-81.0,
1647618229766660928,0.59619140625,0.483154296875,0.308044433594,0.562255859375,-4115.0,9725.0,-1211.0,-84.0,-51.0,-75.0,
1647618229783958196,0.592895507812,0.483215332031,0.304809570312,0.567443847656,-4068.0,10286.0,-1701.0,-52.0,-52.0,-70.0,
1647618229784398078,0.590515136719,0.483825683594,0.30126953125,0.571228027344,-4092.0,10495.0,-1772.0,-36.0,-48.0,-72.0,
1647618229784692049,0.588195800781,0.484985351562,0.29736328125,0.57470703125,-4007.0,11248.0,-2486.0,-20.0,-43.0,-77.0,
1647618229785109043,0.58642578125,0.486633300781,0.293151855469,0.577209472656,-3980.0,11641.0,-2585.0,-14.0,-39.0,-81.0,
1647618229798096418,0.58447265625,0.487976074219,0.289367675781,0.580017089844,-3498.0,12374.0,-3097.0,-12.0,-37.0,-75.0,
1647618229798530817,0.581909179688,0.488891601562,0.287414550781,0.582763671875,-3268.0,12547.0,-2781.0,-43.0,-26.0,-72.0,
1647618229802200794,0.578125,0.489379882812,0.2861328125,0.586791992188,-3321.0,12801.0,-3042.0,-59.0,-22.0,-72.0,
1647618229805973768,0.574035644531,0.490112304688,0.284729003906,0.590881347656,-3553.0,11681.0,-2581.0,-72.0,-23.0,-73.0,
1647618229810640335,0.56982421875,0.490295410156,0.283386230469,0.595397949219,-3934.0,10163.0,-2251.0,-69.0,-25.0,-58.0,
1647618229815683126,0.566650390625,0.490661621094,0.281005859375,0.599243164062,-3936.0,9412.0,-2001.0,-47.0,-33.0,-51.0,
1647618229821043252,0.564208984375,0.490783691406,0.278442382812,0.602600097656,-3910.0,9091.0,-1960.0,-35.0,-38.0,-53.0,
1647618229824913740,0.562194824219,0.490905761719,0.275573730469,0.605712890625,-3765.0,8923.0,-1848.0,-29.0,-41.0,-54.0,
1647618229830031871,0.560180664062,0.490783691406,0.27294921875,0.60888671875,-3716.0,8895.0,-1731.0,-29.0,-43.0,-53.0,
1647618229836831569,0.558166503906,0.490478515625,0.270263671875,0.612182617188,-3685.0,8949.0,-1663.0,-32.0,-45.0,-53.0,
1647618229842117309,0.556030273438,0.490112304688,0.267761230469,0.615478515625,-3669.0,8891.0,-1487.0,-34.0,-45.0,-51.0,
1647618229846242666,0.554016113281,0.489624023438,0.265197753906,0.618774414062,-3675.0,8848.0,-1310.0,-32.0,-45.0,-50.0,
1647618229851098060,0.552124023438,0.489135742188,0.262512207031,0.621948242188,-3712.0,8764.0,-1067.0,-27.0,-46.0,-49.0,
1647618229856551408,0.550598144531,0.488708496094,0.259521484375,0.624938964844,-3771.0,8693.0,-857.0,-17.0,-48.0,-48.0,
1647618229864284276,0.549560546875,0.488403320312,0.256164550781,0.627502441406,-3847.0,8672.0,-663.0,-5.0,-49.0,-47.0,
1647618229871837139,0.549072265625,0.488159179688,0.25244140625,0.629577636719,-3933.0,8649.0,-482.0,9.0,-49.0,-45.0,
1647618229875901937,0.549133300781,0.488037109375,0.248352050781,0.631225585938,-3987.0,8639.0,-346.0,22.0,-50.0,-43.0,
1647618229936542272,0.549743652344,0.487915039062,0.244018554688,0.632507324219,-4046.0,8642.0,-306.0,33.0,-51.0,-41.0,
1647618229990960359,0.550720214844,0.487915039062,0.239440917969,0.633422851562,-4074.0,8633.0,-346.0,40.0,-52.0,-40.0,
1647618230052313566,0.551940917969,0.487915039062,0.234741210938,0.634094238281,-4096.0,8582.0,-433.0,44.0,-52.0,-39.0,
1647618230092241764,0.553161621094,0.487915039062,0.230102539062,0.634704589844,-4092.0,8460.0,-498.0,43.0,-52.0,-38.0,
1647618230148874044,0.554138183594,0.487915039062,0.225646972656,0.635498046875,-4112.0,8348.0,-539.0,38.0,-51.0,-38.0,
1647618230259355545,0.5546875,0.487731933594,0.221374511719,0.636596679688,-4134.0,8290.0,-560.0,29.0,-51.0,-39.0,
1647618230312114953,0.554809570312,0.487487792969,0.217468261719,0.638061523438,-4169.0,8221.0,-573.0,18.0,-50.0,-40.0,
1647618230318659067,0.554443359375,0.487121582031,0.213806152344,0.639892578125,-4192.0,8179.0,-571.0,7.0,-50.0,-41.0,
1647618230321587800,0.553466796875,0.486694335938,0.210571289062,0.642150878906,-4209.0,8134.0,-558.0,-5.0,-49.0,-43.0,
1647618230322817325,0.552062988281,0.486206054688,0.207641601562,0.644714355469,-4175.0,8090.0,-551.0,-16.0,-47.0,-43.0,
1647618230325261116,0.550354003906,0.485656738281,0.205017089844,0.647338867188,-4149.0,8043.0,-572.0,-23.0,-45.0,-44.0,
1647618230327009201,0.548583984375,0.485168457031,0.202514648438,0.650024414062,-4109.0,8011.0,-592.0,-26.0,-43.0,-44.0,
1647618230330988883,0.546691894531,0.484741210938,0.2001953125,0.652648925781,-4085.0,7978.0,-583.0,-27.0,-41.0,-44.0,
1647618230332242727,0.544921875,0.484375,0.197875976562,0.655151367188,-4091.0,7958.0,-579.0,-25.0,-39.0,-43.0,
1647618230333118915,0.543273925781,0.484130859375,0.195434570312,0.657409667969,-4103.0,7954.0,-587.0,-20.0,-37.0,-42.0,
1647618230333801031,0.541931152344,0.484008789062,0.192932128906,0.659362792969,-4141.0,7984.0,-597.0,-14.0,-36.0,-42.0,
1647618230334295034,0.540710449219,0.483947753906,0.190307617188,0.6611328125,-4204.0,7989.0,-640.0,-9.0,-35.0,-41.0,
1647618230334990262,0.539733886719,0.483947753906,0.187561035156,0.662719726562,-4237.0,8012.0,-704.0,-5.0,-34.0,-41.0,
1647618230335541009,0.538818359375,0.484008789062,0.184875488281,0.664123535156,-4283.0,7961.0,-835.0,-3.0,-33.0,-40.0,
1647618230336306333,0.537963867188,0.484252929688,0.182189941406,0.665405273438,-4290.0,7935.0,-1008.0,-3.0,-31.0,-40.0,
1647618230336895942,0.537109375,0.484558105469,0.179626464844,0.666564941406,-4311.0,8046.0,-1188.0,-5.0,-30.0,-40.0,
1647618230337161540,0.536193847656,0.484741210938,0.17724609375,0.667846679688,-4352.0,8178.0,-1333.0,-8.0,-29.0,-39.0,
1647618230337375164,0.53515625,0.48486328125,0.175170898438,0.669128417969,-4397.0,8232.0,-1437.0,-12.0,-28.0,-37.0,
1647618230337565660,0.533996582031,0.484985351562,0.173278808594,0.67041015625,-4427.0,8176.0,-1525.0,-15.0,-26.0,-35.0,
1647618230337781190,0.532836914062,0.485107421875,0.171447753906,0.671752929688,-4488.0,8144.0,-1476.0,-15.0,-25.0,-33.0,
1647618230337882041,0.515747070312,0.479553222656,0.166137695312,0.690185546875,-4091.0,8420.0,-272.0,-31.0,-11.0,-7.0,
1647618230339088678,0.505432128906,0.474182128906,0.166931152344,0.701171875,-3616.0,7753.0,611.0,-24.0,-13.0,-11.0,
1647618230340515613,0.546508789062,0.457641601562,0.196960449219,0.673034667969,-5583.0,10829.0,-905.0,13.0,35.0,82.0,
1647618230341132879,0.549072265625,0.456726074219,0.201171875,0.670288085938,-5739.0,10821.0,-893.0,16.0,38.0,86.0,
1647618230341532468,0.5517578125,0.455932617188,0.205383300781,0.667358398438,-5917.0,10811.0,-912.0,18.0,41.0,90.0,
1647618230341763496,0.554565429688,0.455139160156,0.209655761719,0.664306640625,-6093.0,10808.0,-942.0,21.0,43.0,94.0,
1647618230342094659,0.557373046875,0.454284667969,0.214111328125,0.661071777344,-6251.0,10825.0,-975.0,21.0,45.0,97.0,
1647618230342443943,0.56005859375,0.453430175781,0.21875,0.657836914062,-6368.0,10852.0,-980.0,18.0,46.0,100.0,
1647618230345461130,0.562622070312,0.452331542969,0.223754882812,0.654724121094,-6453.0,10904.0,-972.0,13.0,47.0,103.0,
1647618230350115776,0.56494140625,0.451110839844,0.229064941406,0.651733398438,-6513.0,10987.0,-965.0,7.0,49.0,106.0,
1647618230354620456,0.567077636719,0.44970703125,0.234680175781,0.648864746094,-6542.0,11073.0,-984.0,1.0,50.0,110.0,
1647618230359206676,0.569152832031,0.448120117188,0.240600585938,0.64599609375,-6523.0,11116.0,-1005.0,-4.0,51.0,114.0,
1647618230363599777,0.571105957031,0.446350097656,0.246826171875,0.64306640625,-6467.0,11070.0,-1043.0,-7.0,53.0,118.0,
1647618230370428323,0.573181152344,0.444519042969,0.253295898438,0.640014648438,-6373.0,10953.0,-1076.0,-7.0,54.0,122.0,
1647618230377284049,0.575317382812,0.442687988281,0.259765625,0.63671875,-6240.0,10809.0,-1093.0,-5.0,55.0,125.0,
1647618230382494926,0.57763671875,0.440795898438,0.266174316406,0.63330078125,-6046.0,10682.0,-1087.0,-1.0,56.0,126.0,
1647618230386699914,0.580017089844,0.43896484375,0.272583007812,0.629638671875,-5828.0,10575.0,-1061.0,3.0,57.0,126.0,
1647618230390898227,0.582397460938,0.437072753906,0.278991699219,0.6259765625,-5590.0,10523.0,-1005.0,4.0,57.0,125.0,
1647618230395329713,0.584655761719,0.43505859375,0.285461425781,0.622314453125,-5366.0,10545.0,-975.0,2.0,57.0,125.0,
1647618230399992227,0.586730957031,0.432922363281,0.2919921875,0.618835449219,-5155.0,10586.0,-952.0,-4.0,56.0,125.0,
1647618230404559135,0.588439941406,0.430541992188,0.298767089844,0.615661621094,-4929.0,10701.0,-957.0,-12.0,55.0,126.0,
1647618230409268617,0.58984375,0.427856445312,0.305725097656,0.612731933594,-4718.0,10694.0,-940.0,-22.0,54.0,125.0,
1647618230413789272,0.590698242188,0.425048828125,0.312927246094,0.610229492188,-4571.0,10622.0,-884.0,-33.0,54.0,125.0,
1647618230420427322,0.591125488281,0.422058105469,0.320251464844,0.608093261719,-4443.0,10432.0,-794.0,-41.0,54.0,124.0,
1647618230438779354,0.591247558594,0.419067382812,0.327575683594,0.606140136719,-4336.0,10291.0,-735.0,-46.0,54.0,122.0,
1647618230452230691,0.591003417969,0.416076660156,0.3349609375,0.604370117188,-4178.0,10265.0,-634.0,-52.0,55.0,120.0,
1647618230452949285,0.590393066406,0.412902832031,0.342529296875,0.602966308594,-4091.0,9609.0,-374.0,-61.0,55.0,117.0,
1647618230453336000,0.589477539062,0.40966796875,0.349853515625,0.601806640625,-3977.0,9164.0,-244.0,-61.0,52.0,116.0,
1647618230453739166,0.588623046875,0.406372070312,0.356994628906,0.600708007812,-3916.0,8821.0,-70.0,-62.0,49.0,113.0,
1647618230454060554,0.587707519531,0.402954101562,0.363891601562,0.599731445312,-3784.0,8614.0,175.0,-63.0,45.0,112.0,
1647618230455664396,0.586669921875,0.399230957031,0.370727539062,0.599060058594,-3535.0,8463.0,486.0,-65.0,40.0,110.0,
1647618230460343360,0.58544921875,0.395080566406,0.377624511719,0.598693847656,-3244.0,8579.0,631.0,-70.0,35.0,109.0,
1647618230464953184,0.584045410156,0.390380859375,0.384765625,0.5986328125,-2817.0,8575.0,1005.0,-84.0,32.0,111.0,
1647618230469376564,0.58203125,0.385131835938,0.392395019531,0.598999023438,-2651.0,8461.0,1314.0,-94.0,31.0,111.0,
1647618230474341630,0.579650878906,0.380004882812,0.399597167969,0.599792480469,-2619.0,8218.0,1660.0,-99.0,28.0,105.0,
1647618230483484506,0.577087402344,0.374938964844,0.406372070312,0.600952148438,-2665.0,7951.0,2025.0,-99.0,24.0,101.0,
1647618230525804996,0.574645996094,0.369934082031,0.412719726562,0.602111816406,-2668.0,7591.0,2384.0,-94.0,18.0,98.0,
1647618230528194665,0.572570800781,0.364807128906,0.418640136719,0.603088378906,-2589.0,7220.0,2706.0,-85.0,11.0,99.0,
1647618230529716253,0.571044921875,0.359558105469,0.424255371094,0.603759765625,-2434.0,6775.0,3069.0,-76.0,5.0,99.0,
1647618230530591249,0.570007324219,0.354248046875,0.429382324219,0.604248046875,-2173.0,6462.0,3371.0,-64.0,-2.0,98.0,
1647618230531811475,0.569641113281,0.348937988281,0.434020996094,0.604370117188,-1857.0,6177.0,3649.0,-52.0,-9.0,96.0,
1647618230532740116,0.56982421875,0.343627929688,0.438293457031,0.604125976562,-1543.0,5923.0,3897.0,-41.0,-15.0,96.0,
1647618230533390760,0.570495605469,0.33837890625,0.442138671875,0.603698730469,-1238.0,5798.0,4123.0,-31.0,-21.0,95.0,
1647618230533972263,0.571533203125,0.333129882812,0.445617675781,0.603088378906,-885.0,5896.0,4282.0,-24.0,-26.0,93.0,
1647618230534464597,0.57275390625,0.327819824219,0.448669433594,0.602478027344,-485.0,6069.0,4398.0,-21.0,-31.0,90.0,
1647618230534970521,0.573974609375,0.322570800781,0.451477050781,0.602111816406,-67.0,6507.0,4444.0,-23.0,-35.0,83.0,
1647618230535469770,0.574768066406,0.317138671875,0.4541015625,0.602294921875,337.0,6932.0,4496.0,-35.0,-37.0,75.0,
1647618230538786411,0.574768066406,0.311340332031,0.456787109375,0.603271484375,788.0,7621.0,4446.0,-53.0,-39.0,69.0,
1647618230545456171,0.573852539062,0.30517578125,0.459533691406,0.605224609375,1225.0,8278.0,4510.0,-79.0,-39.0,60.0,
1647618230550208091,0.571472167969,0.298461914062,0.46240234375,0.608642578125,1572.0,9094.0,4520.0,-110.0,-40.0,47.0,
1647618230554798841,0.567504882812,0.290954589844,0.465515136719,0.613586425781,1809.0,9630.0,4494.0,-150.0,-42.0,40.0,
1647618230559218406,0.562194824219,0.2822265625,0.468994140625,0.619812011719,1740.0,9347.0,4480.0,-188.0,-45.0,39.0,
1647618230563855409,0.555969238281,0.272827148438,0.472839355469,0.626708984375,1560.0,8668.0,4508.0,-207.0,-47.0,43.0,
1647618230570347070,0.549560546875,0.263061523438,0.476684570312,0.633605957031,1229.0,8033.0,4575.0,-209.0,-49.0,48.0,
1647618230575351715,0.54345703125,0.253479003906,0.480285644531,0.640075683594,927.0,7254.0,4655.0,-199.0,-53.0,52.0,
1647618230582255125,0.538146972656,0.243957519531,0.483520507812,0.645690917969,639.0,6198.0,4784.0,-179.0,-58.0,57.0,
1647618230586426973,0.534057617188,0.234802246094,0.486694335938,0.650146484375,519.0,5311.0,5000.0,-149.0,-60.0,66.0,
1647618230590826988,0.53125,0.226196289062,0.489501953125,0.653381347656,606.0,3811.0,5103.0,-117.0,-64.0,68.0,
1647618230595321416,0.530578613281,0.218383789062,0.491760253906,0.654846191406,991.0,3065.0,5434.0,-65.0,-68.0,70.0,
1647618230599757671,0.532531738281,0.2119140625,0.493286132812,0.654235839844,1595.0,3181.0,5603.0,-5.0,-73.0,73.0,
1647618230604424238,0.5361328125,0.206298828125,0.494079589844,0.652526855469,2117.0,3450.0,5763.0,23.0,-77.0,70.0,
1647618230608972549,0.541015625,0.201416015625,0.494567871094,0.649658203125,2724.0,4332.0,5673.0,53.0,-78.0,75.0,
1647618230615542173,0.546752929688,0.196960449219,0.494812011719,0.64599609375,3337.0,5103.0,5546.0,62.0,-78.0,79.0,
1647618230620545387,0.552490234375,0.1923828125,0.495178222656,0.642211914062,3821.0,5504.0,5379.0,62.0,-77.0,81.0,
1647618230625054121,0.558227539062,0.188049316406,0.495483398438,0.638305664062,4180.0,6042.0,5289.0,65.0,-75.0,78.0,
1647618230629639148,0.563659667969,0.183959960938,0.495544433594,0.634643554688,4583.0,6751.0,5107.0,63.0,-74.0,73.0,
1647618230634525537,0.568420410156,0.179931640625,0.495300292969,0.631713867188,4873.0,7237.0,4979.0,46.0,-72.0,62.0,
1647618230638727903,0.572204589844,0.17578125,0.494873046875,0.629760742188,5028.0,7794.0,4770.0,29.0,-70.0,51.0,
1647618230645177602,0.575073242188,0.171447753906,0.494445800781,0.628723144531,5095.0,8072.0,4647.0,5.0,-68.0,47.0,
1647618230649788379,0.576782226562,0.16650390625,0.494384765625,0.628540039062,5173.0,8017.0,4554.0,-17.0,-65.0,46.0,
1647618230654212951,0.577575683594,0.160949707031,0.494567871094,0.629089355469,5165.0,8011.0,4331.0,-38.0,-64.0,43.0,
1647618230658817052,0.577575683594,0.155090332031,0.494689941406,0.630493164062,5153.0,7995.0,4137.0,-60.0,-62.0,38.0,
1647618230663659095,0.576538085938,0.148681640625,0.494812011719,0.632873535156,5176.0,8078.0,3897.0,-84.0,-61.0,34.0,
1647618230670421600,0.574462890625,0.141662597656,0.4951171875,0.636108398438,5220.0,8262.0,3595.0,-111.0,-60.0,32.0,
1647618230675216197,0.571350097656,0.133972167969,0.495666503906,0.640197753906,5301.0,8368.0,3310.0,-140.0,-57.0,33.0,
1647618230681857824,0.566772460938,0.125366210938,0.496459960938,0.645324707031,5430.0,8231.0,3060.0,-172.0,-53.0,32.0,
1647618230686270713,0.560852050781,0.115966796875,0.497619628906,0.6513671875,5605.0,7868.0,2851.0,-202.0,-49.0,28.0,
1647618230690887928,0.5537109375,0.10595703125,0.498718261719,0.658325195312,5801.0,7283.0,2674.0,-227.0,-46.0,21.0,
1647618230695331335,0.54541015625,0.0955200195312,0.499755859375,0.666015625,6006.0,6566.0,2516.0,-247.0,-43.0,12.0,
1647618230699858427,0.536437988281,0.0849609375,0.500549316406,0.674072265625,6185.0,5860.0,2398.0,-257.0,-40.0,5.0,
1647618230704303503,0.527038574219,0.0744018554688,0.501098632812,0.682250976562,6363.0,5202.0,2317.0,-261.0,-38.0,-2.0,
1647618230709016799,0.517456054688,0.0640258789062,0.501342773438,0.6904296875,6496.0,4615.0,2293.0,-260.0,-36.0,-7.0,
1647618230715455532,0.507873535156,0.0540161132812,0.501281738281,0.698425292969,6595.0,4094.0,2317.0,-256.0,-35.0,-11.0,
1647618230720431566,0.498291015625,0.0443725585938,0.500915527344,0.706176757812,6681.0,3586.0,2365.0,-249.0,-33.0,-15.0,
1647618230727089405,0.488891601562,0.03515625,0.500366210938,0.713623046875,6738.0,3114.0,2438.0,-239.0,-30.0,-19.0,
1647618230729514837,0.479797363281,0.0265502929688,0.499572753906,0.720703125,6764.0,2643.0,2558.0,-227.0,-28.0,-23.0,
1647618230734678745,0.471008300781,0.0185546875,0.49853515625,0.727416992188,6767.0,2171.0,2695.0,-213.0,-26.0,-28.0,
1647618230738830566,0.462707519531,0.0111694335938,0.497131347656,0.733825683594,6768.0,1743.0,2834.0,-199.0,-24.0,-34.0,
1647618230745058059,0.454895019531,0.0045166015625,0.495483398438,0.739868164062,6763.0,1373.0,2946.0,-184.0,-22.0,-40.0,
1647618230749806404,0.447692871094,-0.00146484375,0.493530273438,0.74560546875,6769.0,1065.0,3017.0,-168.0,-19.0,-45.0,
1647618230754569292,0.441101074219,-0.00665283203125,0.491394042969,0.750854492188,6785.0,801.0,3052.0,-152.0,-16.0,-50.0,
1647618230758989572,0.435180664062,-0.0111083984375,0.489135742188,0.755737304688,6802.0,588.0,3058.0,-135.0,-13.0,-54.0,
1647618230763720273,0.429992675781,-0.0148315429688,0.486633300781,0.76025390625,6807.0,445.0,3006.0,-118.0,-10.0,-58.0,
1647618230770316362,0.425537109375,-0.0177612304688,0.484008789062,0.764343261719,6784.0,344.0,2926.0,-101.0,-7.0,-62.0,
1647618230775232553,0.421752929688,-0.0199584960938,0.481262207031,0.768127441406,6751.0,318.0,2816.0,-86.0,-4.0,-66.0,
1647618230779865026,0.418579101562,-0.021484375,0.478332519531,0.771667480469,6701.0,334.0,2682.0,-73.0,-1.0,-70.0,
1647618230786351203,0.415771484375,-0.0223388671875,0.475280761719,0.774963378906,6623.0,389.0,2529.0,-63.0,3.0,-73.0,
1647618230790959596,0.413330078125,-0.0226440429688,0.47216796875,0.778198242188,6527.0,500.0,2365.0,-55.0,7.0,-76.0,
1647618230795412302,0.4111328125,-0.0225219726562,0.468933105469,0.781311035156,6447.0,684.0,2164.0,-49.0,11.0,-79.0,
1647618230800113916,0.408996582031,-0.02197265625,0.465637207031,0.784423828125,6368.0,991.0,1948.0,-47.0,15.0,-81.0,
1647618230804678678,0.406921386719,-0.0211181640625,0.462219238281,0.787536621094,6281.0,1386.0,1735.0,-48.0,19.0,-84.0,
1647618230809084177,0.404663085938,-0.0199584960938,0.458679199219,0.790832519531,6197.0,1861.0,1507.0,-52.0,23.0,-86.0,
1647618230814157247,0.401977539062,-0.0186767578125,0.455139160156,0.794250488281,6101.0,2366.0,1303.0,-60.0,29.0,-87.0,
1647618230820358991,0.398803710938,-0.0172119140625,0.451538085938,0.797912597656,5958.0,2867.0,1144.0,-70.0,34.0,-89.0,
1647618230825724601,0.394836425781,-0.0157470703125,0.447814941406,0.802001953125,5790.0,3294.0,1045.0,-83.0,38.0,-92.0,
1647618230829620361,0.390075683594,-0.0143432617188,0.444030761719,0.806457519531,5596.0,3625.0,1032.0,-97.0,42.0,-94.0,
1647618230834935903,0.384521484375,-0.0130004882812,0.440185546875,0.811218261719,5384.0,3892.0,1099.0,-108.0,46.0,-96.0,
1647618230838887453,0.37841796875,-0.0115356445312,0.436340332031,0.816223144531,5147.0,4077.0,1220.0,-115.0,49.0,-98.0,
1647618230845668077,0.371887207031,-0.0100708007812,0.432495117188,0.8212890625,4895.0,4183.0,1370.0,-119.0,52.0,-99.0,
1647618230850858211,0.365112304688,-0.00836181640625,0.4287109375,0.826293945312,4631.0,4231.0,1536.0,-119.0,54.0,-98.0,
1647618230854996919,0.358459472656,-0.00653076171875,0.424926757812,0.831176757812,4342.0,4213.0,1698.0,-115.0,56.0,-98.0,
1647618230859516620,0.351867675781,-0.00439453125,0.421264648438,0.835815429688,4062.0,4164.0,1823.0,-109.0,58.0,-96.0,
1647618230864174604,0.345642089844,-0.001953125,0.417663574219,0.840209960938,3793.0,4110.0,1896.0,-101.0,60.0,-95.0,
1647618230868650913,0.339782714844,0.0008544921875,0.414245605469,0.844299316406,3497.0,4092.0,1942.0,-91.0,63.0,-92.0,
1647618230875186681,0.334411621094,0.00396728515625,0.410949707031,0.848022460938,3206.0,4177.0,1976.0,-81.0,65.0,-89.0,
1647618230880424261,0.32958984375,0.00750732421875,0.40771484375,0.851440429688,2916.0,4411.0,2046.0,-71.0,66.0,-86.0,
1647618230886556625,0.325256347656,0.0113525390625,0.404663085938,0.854553222656,2638.0,4819.0,2136.0,-64.0,67.0,-83.0,
1647618230890928268,0.321166992188,0.0153198242188,0.401672363281,0.857421875,2347.0,5352.0,2268.0,-61.0,67.0,-79.0,
1647618230895636558,0.317077636719,0.0193481445312,0.398803710938,0.860168457031,2050.0,5947.0,2442.0,-64.0,67.0,-76.0,
1647618230900390863,0.312683105469,0.0232543945312,0.39599609375,0.862976074219,1738.0,6515.0,2670.0,-72.0,66.0,-73.0,
1647618230904841661,0.307556152344,0.02685546875,0.393371582031,0.865966796875,1411.0,6998.0,2938.0,-85.0,66.0,-70.0,
1647618230909407377,0.301452636719,0.0300903320312,0.390808105469,0.869140625,1094.0,7392.0,3226.0,-102.0,65.0,-67.0,
1647618230914480924,0.294494628906,0.0328369140625,0.388427734375,0.872497558594,784.0,7668.0,3531.0,-117.0,64.0,-65.0,
1647618230920718193,0.286682128906,0.03515625,0.386108398438,0.8759765625,463.0,7794.0,3873.0,-132.0,63.0,-63.0,
1647618230925598382,0.278137207031,0.0370483398438,0.383972167969,0.879638671875,138.0,7798.0,4222.0,-143.0,62.0,-60.0,
1647618230930006742,0.269104003906,0.0386962890625,0.382019042969,0.883239746094,-198.0,7685.0,4598.0,-150.0,60.0,-56.0,
1647618230934506177,0.259765625,0.0399780273438,0.380249023438,0.88671875,-534.0,7470.0,4988.0,-151.0,57.0,-52.0,
1647618230938855171,0.25048828125,0.0411376953125,0.378662109375,0.889953613281,-838.0,7143.0,5386.0,-149.0,53.0,-47.0,
1647618230943359136,0.241516113281,0.0421142578125,0.377380371094,0.892944335938,-1167.0,6736.0,5770.0,-141.0,50.0,-41.0,
1647618230950186729,0.233093261719,0.043212890625,0.376281738281,0.895629882812,-1516.0,6314.0,6115.0,-129.0,48.0,-35.0,
1647618230954860210,0.225341796875,0.0443725585938,0.375305175781,0.89794921875,-1814.0,5934.0,6412.0,-115.0,44.0,-32.0,
1647618230959260463,0.218444824219,0.045654296875,0.374328613281,0.899963378906,-2063.0,5619.0,6656.0,-101.0,41.0,-30.0,
1647618230963961601,0.212341308594,0.0469970703125,0.373413085938,0.901733398438,-2249.0,5373.0,6873.0,-88.0,38.0,-27.0,
1647618230970717191,0.20703125,0.0484008789062,0.372619628906,0.903259277344,-2388.0,5192.0,7077.0,-77.0,35.0,-24.0,
1647618230975448131,0.202331542969,0.0497436523438,0.372009277344,0.904479980469,-2496.0,5081.0,7261.0,-67.0,32.0,-20.0,
1647618230980006933,0.198120117188,0.051025390625,0.371520996094,0.905578613281,-2551.0,5034.0,7392.0,-62.0,29.0,-16.0,
1647618230984927892,0.194091796875,0.0521850585938,0.371154785156,0.906494140625,-2559.0,5047.0,7481.0,-60.0,27.0,-13.0,
1647618230990638732,0.190246582031,0.05322265625,0.370971679688,0.907348632812,-2538.0,5094.0,7527.0,-60.0,26.0,-11.0,
1647618230995675563,0.186401367188,0.0541381835938,0.370849609375,0.908142089844,-2510.0,5163.0,7533.0,-63.0,25.0,-8.0,
1647618231000262975,0.182312011719,0.0548706054688,0.370910644531,0.908874511719,-2464.0,5229.0,7520.0,-68.0,25.0,-6.0,
1647618231004783630,0.177917480469,0.055419921875,0.371154785156,0.909606933594,-2404.0,5270.0,7464.0,-75.0,25.0,-4.0,
1647618231009319305,0.173095703125,0.0557861328125,0.371520996094,0.910400390625,-2337.0,5265.0,7415.0,-82.0,26.0,-2.0,
1647618231013916730,0.167846679688,0.0559692382812,0.371948242188,0.911193847656,-2282.0,5197.0,7372.0,-90.0,27.0,0.0,
1647618231018701076,0.162170410156,0.0559692382812,0.372497558594,0.911987304688,-2226.0,5063.0,7362.0,-96.0,27.0,1.0,
1647618231023732662,0.156066894531,0.0558471679688,0.373107910156,0.912780761719,-2159.0,4847.0,7374.0,-101.0,28.0,1.0,
1647618231030409574,0.149658203125,0.0556030273438,0.373779296875,0.913635253906,-2086.0,4512.0,7383.0,-104.0,29.0,1.0,
1647618231034998416,0.14306640625,0.0553588867188,0.374389648438,0.914428710938,-2002.0,4047.0,7366.0,-104.0,30.0,1.0,
1647618231039442539,0.136352539062,0.0551147460938,0.375061035156,0.915222167969,-1946.0,3492.0,7384.0,-102.0,32.0,1.0,
1647618231044013977,0.129821777344,0.0549926757812,0.375610351562,0.915954589844,-1891.0,2918.0,7439.0,-95.0,32.0,0.0,
1647618231048462152,0.123718261719,0.0549926757812,0.376098632812,0.916564941406,-1832.0,2597.0,7512.0,-85.0,32.0,-1.0,
1647618231055115461,0.11865234375,0.0552978515625,0.376403808594,0.917114257812,-1883.0,2082.0,7537.0,-71.0,30.0,-2.0,
1647618231059988498,0.114074707031,0.0557861328125,0.376770019531,0.917541503906,-1798.0,1677.0,7587.0,-58.0,28.0,-1.0,
1647618231076397895,0.110473632812,0.056396484375,0.377197265625,0.917724609375,-1704.0,1409.0,7596.0,-42.0,26.0,2.0,
1647618231077204704,0.107971191406,0.0572509765625,0.377624511719,0.917846679688,-1601.0,1262.0,7576.0,-27.0,25.0,2.0,
1647618231077797174,0.106201171875,0.0582885742188,0.377990722656,0.917785644531,-1483.0,1227.0,7545.0,-15.0,24.0,2.0,
1647618231091396093,0.105041503906,0.0595703125,0.378234863281,0.917724609375,-1373.0,1285.0,7520.0,-7.0,24.0,2.0,
1647618231091947555,0.104370117188,0.06103515625,0.378540039062,0.917602539062,-1277.0,1406.0,7529.0,-2.0,24.0,2.0,
1647618231092656850,0.103881835938,0.0625610351562,0.378784179688,0.917419433594,-1208.0,1549.0,7592.0,2.0,25.0,2.0,
1647618231097106933,0.103576660156,0.064208984375,0.379089355469,0.917236328125,-1155.0,1695.0,7669.0,4.0,25.0,2.0,
1647618231101449489,0.103393554688,0.06591796875,0.379333496094,0.917053222656,-1117.0,1842.0,7731.0,5.0,25.0,2.0,
1647618231106191396,0.103271484375,0.0676879882812,0.379577636719,0.916809082031,-1077.0,1964.0,7764.0,7.0,25.0,2.0,
1647618231110648870,0.103271484375,0.0694580078125,0.379821777344,0.916625976562,-1024.0,2060.0,7743.0,8.0,25.0,2.0,
1647618231115305423,0.103210449219,0.0712280273438,0.380004882812,0.916381835938,-954.0,2133.0,7676.0,8.0,25.0,2.0,
1647618231119826078,0.103210449219,0.0729370117188,0.380249023438,0.916137695312,-868.0,2176.0,7590.0,8.0,26.0,2.0,
1647618231124268531,0.103149414062,0.0746459960938,0.380493164062,0.915893554688,-775.0,2189.0,7528.0,7.0,26.0,1.0,
1647618231128842592,0.10302734375,0.0763549804688,0.380737304688,0.915710449219,-692.0,2162.0,7482.0,7.0,27.0,1.0,
1647618231135540485,0.102905273438,0.0780029296875,0.380981445312,0.915466308594,-617.0,2118.0,7458.0,7.0,27.0,2.0,
1647618231140500068,0.102844238281,0.0797729492188,0.381286621094,0.915222167969,-561.0,2073.0,7423.0,9.0,28.0,2.0,
1647618231144913911,0.102905273438,0.0816040039062,0.381591796875,0.914916992188,-512.0,2045.0,7288.0,12.0,28.0,3.0,
1647618231149673461,0.103149414062,0.0834350585938,0.381896972656,0.91455078125,-578.0,2108.0,7342.0,14.0,28.0,4.0,
1647618231154104232,0.103393554688,0.0850830078125,0.382263183594,0.914245605469,-706.0,2308.0,7743.0,12.0,22.0,4.0,
1647618231158703327,0.103881835938,0.08642578125,0.382629394531,0.913879394531,-754.0,2604.0,8231.0,12.0,15.0,6.0,
1647618231165323257,0.104736328125,0.0875244140625,0.383178710938,0.913452148438,-823.0,2873.0,8596.0,14.0,12.0,9.0,
1647618231170396566,0.10546875,0.0885620117188,0.3837890625,0.913024902344,-858.0,3039.0,8766.0,11.0,11.0,11.0,
1647618231174712181,0.105834960938,0.0892944335938,0.384460449219,0.912658691406,-829.0,3112.0,8719.0,5.0,9.0,11.0,
1647618231179517030,0.10595703125,0.08984375,0.385070800781,0.912292480469,-741.0,3106.0,8580.0,-1.0,9.0,9.0,
1647618231184093236,0.105651855469,0.090087890625,0.385620117188,0.912109375,-688.0,3053.0,8410.0,-7.0,8.0,7.0,
1647618231190557479,0.105041503906,0.090087890625,0.386047363281,0.911987304688,-572.0,2978.0,8289.0,-13.0,5.0,6.0,
1647618231197046041,0.104248046875,0.0897827148438,0.386596679688,0.911865234375,-472.0,2919.0,8178.0,-16.0,4.0,6.0,
1647618231202561140,0.103332519531,0.0894165039062,0.387145996094,0.911804199219,-411.0,2907.0,8077.0,-20.0,3.0,7.0,
1647618231206310033,0.102294921875,0.0889282226562,0.387817382812,0.911682128906,-391.0,2947.0,7964.0,-23.0,3.0,8.0,
1647618231210914611,0.10107421875,0.0884399414062,0.388549804688,0.911560058594,-404.0,3017.0,7879.0,-27.0,3.0,9.0,
1647618231215338706,0.0996704101562,0.0879516601562,0.389282226562,0.911437988281,-430.0,3072.0,7812.0,-30.0,3.0,10.0,
1647618231220034837,0.0980834960938,0.0874633789062,0.39013671875,0.911254882812,-456.0,3082.0,7755.0,-34.0,5.0,11.0,
1647618231224857330,0.0962524414062,0.0870361328125,0.391052246094,0.9111328125,-480.0,3017.0,7721.0,-37.0,6.0,12.0,
1647618231229440450,0.0941772460938,0.0866088867188,0.392028808594,0.910949707031,-487.0,2880.0,7703.0,-38.0,8.0,12.0,
1647618231234124183,0.0919799804688,0.0861206054688,0.393005371094,0.910827636719,-477.0,2684.0,7659.0,-38.0,9.0,13.0,
1647618231240404844,0.0897827148438,0.0857543945312,0.393920898438,0.91064453125,-449.0,2447.0,7606.0,-37.0,11.0,12.0,
1647618231245083808,0.0875244140625,0.08544921875,0.394836425781,0.910522460938,-419.0,2210.0,7550.0,-35.0,12.0,11.0,
1647618231249605655,0.0853881835938,0.0852661132812,0.395751953125,0.910339355469,-397.0,2004.0,7513.0,-32.0,13.0,11.0,
1647618231254052162,0.0833740234375,0.085205078125,0.396606445312,0.91015625,-389.0,1836.0,7501.0,-29.0,15.0,11.0,
1647618231258780717,0.08154296875,0.0852661132812,0.3974609375,0.909973144531,-398.0,1714.0,7533.0,-25.0,15.0,11.0,
1647618231265702247,0.0799560546875,0.08544921875,0.398254394531,0.909729003906,-405.0,1626.0,7573.0,-21.0,15.0,11.0,
1647618231270390987,0.07861328125,0.0858154296875,0.399047851562,0.909484863281,-412.0,1550.0,7572.0,-17.0,16.0,10.0,
1647618231274941444,0.077392578125,0.0862426757812,0.399719238281,0.909240722656,-435.0,1474.0,7530.0,-14.0,16.0,9.0,
1647618231279749870,0.076171875,0.0867309570312,0.400329589844,0.908996582031,-464.0,1404.0,7620.0,-14.0,16.0,8.0,
1647618231284394025,0.0750732421875,0.0872192382812,0.400939941406,0.908813476562,-472.0,1338.0,7686.0,-12.0,16.0,8.0,
1647618231288925886,0.0741577148438,0.0877075195312,0.401550292969,0.908569335938,-504.0,1283.0,7750.0,-9.0,15.0,8.0,
1647618231296290636,0.0733642578125,0.0881958007812,0.402099609375,0.908325195312,-548.0,1278.0,7854.0,-7.0,14.0,8.0,
1647618231300048589,0.0728759765625,0.0886840820312,0.402648925781,0.908081054688,-586.0,1348.0,7965.0,-3.0,11.0,8.0,
1647618231309407234,0.0725708007812,0.089111328125,0.403198242188,0.907836914062,-622.0,1461.0,8077.0,-2.0,9.0,8.0,
1647618231309849500,0.0723876953125,0.0894775390625,0.403625488281,0.907592773438,-652.0,1574.0,8155.0,-2.0,8.0,7.0,
1647618231313624620,0.0722045898438,0.08984375,0.404113769531,0.907409667969,-677.0,1657.0,8181.0,-3.0,7.0,6.0,
1647618231318541765,0.0719604492188,0.0901489257812,0.404479980469,0.9072265625,-713.0,1678.0,8201.0,-4.0,7.0,6.0,
1647618231325479507,0.0716552734375,0.0905151367188,0.40478515625,0.907043457031,-746.0,1626.0,8207.0,-3.0,7.0,5.0,
1647618231330206632,0.071533203125,0.0908203125,0.405090332031,0.906860351562,-791.0,1524.0,8191.0,1.0,6.0,4.0,
1647618231334741830,0.0715942382812,0.09130859375,0.405334472656,0.90673828125,-855.0,1420.0,8170.0,6.0,6.0,4.0,
1647618231339372396,0.072021484375,0.0919189453125,0.405517578125,0.906555175781,-933.0,1351.0,8141.0,13.0,5.0,4.0,
1647618231343811750,0.0729370117188,0.0926513671875,0.405700683594,0.906311035156,-1008.0,1326.0,8092.0,21.0,4.0,5.0,
1647618231350306034,0.0743408203125,0.0936279296875,0.405883789062,0.906005859375,-1083.0,1361.0,8036.0,28.0,3.0,6.0,
1647618231356006622,0.076171875,0.0947265625,0.406127929688,0.905639648438,-1151.0,1487.0,7959.0,35.0,2.0,8.0,
1647618231359560728,0.078369140625,0.095947265625,0.406494140625,0.905151367188,-1210.0,1702.0,7954.0,39.0,2.0,9.0,
1647618231364098310,0.0808715820312,0.09716796875,0.406860351562,0.904663085938,-1218.0,1984.0,7940.0,41.0,0.0,11.0,
1647618231369130134,0.0834350585938,0.098388671875,0.407348632812,0.904052734375,-1213.0,2277.0,7928.0,39.0,0.0,13.0,
1647618231375342607,0.0857543945312,0.099365234375,0.407958984375,0.903442382812,-1207.0,2568.0,7960.0,33.0,0.0,15.0,
1647618231380174875,0.0877685546875,0.100219726562,0.40869140625,0.90283203125,-1179.0,2806.0,7954.0,26.0,-1.0,16.0,
1647618231384855985,0.08935546875,0.100769042969,0.409545898438,0.902221679688,-1150.0,2955.0,7948.0,18.0,0.0,17.0,
1647618231390026569,0.0903930664062,0.101196289062,0.410461425781,0.901672363281,-1141.0,3024.0,7972.0,10.0,0.0,17.0,
1647618231395061016,0.091064453125,0.101379394531,0.411315917969,0.901184082031,-1117.0,3028.0,7998.0,4.0,0.0,17.0,
1647618231400301933,0.0914306640625,0.101379394531,0.412231445312,0.900756835938,-1074.0,2977.0,7964.0,1.0,-1.0,16.0,
1647618231405236244,0.0916137695312,0.101257324219,0.4130859375,0.900329589844,-1002.0,2900.0,7897.0,-3.0,-1.0,15.0,
1647618231409882783,0.0914916992188,0.101013183594,0.413940429688,0.899963378906,-907.0,2834.0,7813.0,-6.0,-1.0,14.0,
1647618231414221048,0.09130859375,0.100646972656,0.414794921875,0.899658203125,-784.0,2771.0,7723.0,-10.0,-1.0,14.0,
1647618231418975114,0.0908203125,0.10009765625,0.415649414062,0.899353027344,-650.0,2706.0,7635.0,-14.0,-1.0,13.0,
1647618231425078153,0.090087890625,0.0994873046875,0.416564941406,0.899108886719,-507.0,2610.0,7555.0,-18.0,0.0,13.0,
1647618231428750753,0.0890502929688,0.0987548828125,0.417419433594,0.898864746094,-362.0,2468.0,7500.0,-23.0,2.0,12.0,
1647618231435456514,0.087646484375,0.0979614257812,0.418273925781,0.898681640625,-208.0,2284.0,7409.0,-27.0,3.0,11.0,
1647618231440312623,0.0860595703125,0.09716796875,0.419128417969,0.898559570312,-62.0,2059.0,7263.0,-30.0,6.0,10.0,
1647618231444554805,0.0841674804688,0.096435546875,0.419921875,0.8984375,50.0,1837.0,7170.0,-31.0,8.0,9.0,
1647618231450466394,0.0822143554688,0.095703125,0.420654296875,0.898376464844,156.0,1673.0,7143.0,-32.0,9.0,7.0,
1647618231454039096,0.0803833007812,0.0950927734375,0.421325683594,0.898315429688,249.0,1571.0,7100.0,-30.0,9.0,7.0,
1647618231461063861,0.07861328125,0.0946044921875,0.421936035156,0.898193359375,335.0,1506.0,7049.0,-28.0,11.0,7.0,
1647618231465723037,0.076904296875,0.09423828125,0.422607421875,0.898071289062,399.0,1429.0,6949.0,-28.0,13.0,6.0,
1647618231470081567,0.074951171875,0.0939331054688,0.423156738281,0.898010253906,351.0,1343.0,7213.0,-30.0,15.0,5.0,
1647618231474900722,0.072998046875,0.0936279296875,0.423706054688,0.89794921875,253.0,1260.0,7701.0,-28.0,13.0,4.0,
1647618231480263233,0.0714111328125,0.0934448242188,0.424072265625,0.897888183594,109.0,1188.0,8170.0,-20.0,11.0,3.0,
1647618231484543323,0.0701904296875,0.0933227539062,0.424377441406,0.897888183594,-17.0,1201.0,8541.0,-14.0,9.0,2.0,
1647618231491302728,0.0693969726562,0.09326171875,0.424621582031,0.897827148438,-32.0,1256.0,8528.0,-10.0,6.0,2.0,
1647618231496363401,0.0687255859375,0.0932006835938,0.424926757812,0.897766113281,-49.0,1402.0,8506.0,-10.0,7.0,3.0,
1647618231500762939,0.0681762695312,0.0931396484375,0.42529296875,0.897644042969,112.0,1545.0,8283.0,-11.0,6.0,4.0,
1647618231506778955,0.067626953125,0.0930786132812,0.425720214844,0.8974609375,353.0,1619.0,7702.0,-13.0,10.0,4.0,
1647618231511803627,0.0665283203125,0.0931396484375,0.426147460938,0.897338867188,447.0,1659.0,7308.0,-20.0,17.0,3.0,
1647618231516452789,0.0650024414062,0.0933227539062,0.426513671875,0.897216796875,475.0,1564.0,7609.0,-25.0,19.0,2.0,
1647618231521201133,0.0634155273438,0.0933837890625,0.4267578125,0.897216796875,501.0,1455.0,7808.0,-21.0,18.0,-1.0,
1647618231525773763,0.06201171875,0.09375,0.426818847656,0.897277832031,289.0,1510.0,8046.0,-15.0,21.0,-3.0,
1647618231530204534,0.0610961914062,0.0945434570312,0.426879882812,0.897216796875,174.0,1681.0,8023.0,-9.0,19.0,-2.0,
