1649685134390417575,0.259826660156,0.840881347656,0.466552734375,0.087158203125,1564.0,6346.0,-5279.0,-5.0,4.0,-6.0,
1649685134397097587,0.259521484375,0.841064453125,0.466552734375,0.0867309570312,1655.0,6342.0,-5298.0,-2.0,5.0,-6.0,
1649685134399257898,0.259155273438,0.841247558594,0.466491699219,0.086181640625,1734.0,6385.0,-5323.0,0.0,7.0,-7.0,
1649685134408152818,0.2587890625,0.841491699219,0.466430664062,0.0856323242188,1767.0,6473.0,-5370.0,0.0,8.0,-7.0,
1649685134408764839,0.258361816406,0.841674804688,0.466369628906,0.0849609375,1742.0,6562.0,-5392.0,0.0,9.0,-6.0,
1649685134415599584,0.257934570312,0.841857910156,0.466369628906,0.0844116210938,1661.0,6617.0,-5343.0,0.0,9.0,-5.0,
1649685134419921875,0.257568359375,0.842041015625,0.466369628906,0.083984375,1576.0,6656.0,-5246.0,0.0,8.0,-5.0,
1649685134424479722,0.257202148438,0.842163085938,0.466369628906,0.0836791992188,1496.0,6723.0,-5148.0,1.0,6.0,-5.0,
1649685134433997392,0.2568359375,0.842346191406,0.46630859375,0.0834350585938,1416.0,6830.0,-5026.0,3.0,5.0,-5.0,
1649685134439191579,0.256591796875,0.842529296875,0.466186523438,0.083251953125,1340.0,6969.0,-4883.0,5.0,3.0,-4.0,
1649685134440523862,0.25634765625,0.842651367188,0.466064453125,0.0831298828125,1250.0,7103.0,-4722.0,6.0,2.0,-3.0,
1649685134444884777,0.256225585938,0.8427734375,0.465942382812,0.0831909179688,1153.0,7200.0,-4554.0,6.0,0.0,-3.0,
1649685134449249505,0.256103515625,0.842834472656,0.4658203125,0.0833129882812,1048.0,7281.0,-4409.0,6.0,-2.0,-3.0,
1649685134453830480,0.255981445312,0.842956542969,0.465698242188,0.08349609375,931.0,7358.0,-4264.0,6.0,-3.0,-2.0,
1649685134458421230,0.255920410156,0.843017578125,0.465515136719,0.083740234375,817.0,7430.0,-4119.0,7.0,-3.0,-2.0,
1649685134465265512,0.255920410156,0.843139648438,0.465270996094,0.083984375,694.0,7501.0,-4000.0,8.0,-4.0,-1.0,
1649685134473622560,0.255981445312,0.84326171875,0.465026855469,0.0842895507812,583.0,7571.0,-3916.0,9.0,-5.0,0.0,
1649685134476405858,0.256042480469,0.843322753906,0.464782714844,0.0845947265625,484.0,7625.0,-3881.0,8.0,-5.0,1.0,
1649685134487253427,0.256164550781,0.843383789062,0.464538574219,0.0848999023438,407.0,7656.0,-3881.0,7.0,-5.0,1.0,
1649685134487936735,0.256408691406,0.843383789062,0.464294433594,0.085205078125,360.0,7662.0,-3923.0,6.0,-6.0,2.0,
1649685134491589784,0.256591796875,0.843383789062,0.464172363281,0.08544921875,331.0,7653.0,-3978.0,4.0,-5.0,3.0,
1649685134494753599,0.2568359375,0.843383789062,0.464050292969,0.085693359375,320.0,7652.0,-4056.0,3.0,-5.0,3.0,
1649685134504446744,0.257019042969,0.843322753906,0.463989257812,0.0859375,313.0,7670.0,-4171.0,1.0,-5.0,3.0,
1649685134505110979,0.257202148438,0.843200683594,0.463989257812,0.0862426757812,323.0,7695.0,-4292.0,-1.0,-5.0,2.0,
1649685134512157440,0.257446289062,0.843078613281,0.464111328125,0.0864868164062,346.0,7706.0,-4424.0,-3.0,-5.0,2.0,
1649685134520162582,0.257629394531,0.842895507812,0.464233398438,0.0868530273438,374.0,7685.0,-4577.0,-5.0,-5.0,2.0,
1649685134520949363,0.2578125,0.842712402344,0.464416503906,0.087158203125,407.0,7629.0,-4738.0,-6.0,-6.0,2.0,
1649685134525587558,0.257995605469,0.842529296875,0.464538574219,0.0875244140625,439.0,7559.0,-4895.0,-7.0,-6.0,1.0,
1649685134540087461,0.258178710938,0.842407226562,0.464599609375,0.0879516601562,471.0,7481.0,-5035.0,-6.0,-6.0,0.0,
1649685134553528070,0.25830078125,0.842407226562,0.464538574219,0.0882568359375,488.0,7404.0,-5159.0,-5.0,-6.0,-1.0,
1649685134554008722,0.258361816406,0.842407226562,0.46435546875,0.088623046875,493.0,7327.0,-5273.0,-3.0,-6.0,-2.0,
1649685134554988622,0.258361816406,0.842529296875,0.464050292969,0.0889282226562,499.0,7268.0,-5383.0,-1.0,-5.0,-3.0,
1649685134555598258,0.25830078125,0.842712402344,0.463684082031,0.0892944335938,489.0,7255.0,-5473.0,0.0,-5.0,-4.0,
1649685134556323766,0.258117675781,0.842956542969,0.46337890625,0.089599609375,475.0,7300.0,-5605.0,0.0,-4.0,-6.0,
1649685134559741735,0.257873535156,0.843139648438,0.463073730469,0.0899658203125,437.0,7375.0,-5674.0,-1.0,-3.0,-7.0,
1649685134564373493,0.257568359375,0.84326171875,0.462951660156,0.0904541015625,401.0,7470.0,-5764.0,-3.0,-4.0,-7.0,
1649685134571455478,0.257202148438,0.843322753906,0.462951660156,0.0910034179688,372.0,7535.0,-5818.0,-6.0,-4.0,-8.0,
1649685134576452255,0.256774902344,0.843322753906,0.463012695312,0.0916748046875,340.0,7540.0,-5779.0,-8.0,-4.0,-10.0,
1649685134583750724,0.256225585938,0.843322753906,0.463195800781,0.0924682617188,323.0,7530.0,-5690.0,-8.0,-5.0,-12.0,
1649685134586018562,0.255493164062,0.84326171875,0.463500976562,0.09326171875,364.0,7500.0,-5691.0,-10.0,-4.0,-14.0,
1649685134590979337,0.254638671875,0.84326171875,0.463806152344,0.093994140625,427.0,7448.0,-5791.0,-12.0,-2.0,-17.0,
1649685134595132589,0.253601074219,0.84326171875,0.464233398438,0.0946044921875,466.0,7331.0,-5836.0,-15.0,1.0,-19.0,
1649685134599433660,0.25244140625,0.843139648438,0.464965820312,0.0953369140625,476.0,7068.0,-5802.0,-21.0,1.0,-21.0,
1649685134609339714,0.251220703125,0.842956542969,0.465759277344,0.0961303710938,448.0,6677.0,-5692.0,-24.0,2.0,-22.0,
1649685134609871864,0.249755859375,0.842956542969,0.466430664062,0.0969848632812,395.0,6258.0,-5546.0,-23.0,2.0,-25.0,
1649685134615959644,0.248107910156,0.843078613281,0.466857910156,0.0978393554688,345.0,5918.0,-5395.0,-18.0,3.0,-29.0,
1649685134620098352,0.246276855469,0.843444824219,0.466979980469,0.0986328125,312.0,5705.0,-5266.0,-13.0,4.0,-32.0,
1649685134625191450,0.244384765625,0.843933105469,0.466979980469,0.0994262695312,277.0,5626.0,-5145.0,-8.0,6.0,-34.0,
1649685134629247665,0.242370605469,0.844482421875,0.466857910156,0.100036621094,197.0,5652.0,-5026.0,-4.0,7.0,-35.0,
1649685134633799791,0.240295410156,0.845092773438,0.466735839844,0.100708007812,62.0,5747.0,-4886.0,-2.0,9.0,-35.0,
1649685134637627840,0.238159179688,0.845642089844,0.466674804688,0.101379394531,-110.0,5878.0,-4755.0,-1.0,9.0,-34.0,
1649685134645567178,0.235961914062,0.84619140625,0.466552734375,0.102172851562,-298.0,6016.0,-4628.0,-1.0,9.0,-34.0,
1649685134649860620,0.233764648438,0.846740722656,0.466552734375,0.10302734375,-484.0,6170.0,-4534.0,-2.0,8.0,-34.0,
1649685134654792785,0.231628417969,0.84716796875,0.466613769531,0.104064941406,-658.0,6334.0,-4467.0,-4.0,7.0,-34.0,
1649685134658963441,0.2294921875,0.847534179688,0.466735839844,0.105163574219,-814.0,6497.0,-4442.0,-5.0,6.0,-33.0,
1649685134663423776,0.227416992188,0.847839355469,0.466979980469,0.106323242188,-950.0,6658.0,-4447.0,-8.0,5.0,-32.0,
1649685134670293807,0.225402832031,0.848022460938,0.467346191406,0.107543945312,-1056.0,6822.0,-4481.0,-11.0,3.0,-31.0,
1649685134676981925,0.223510742188,0.848022460938,0.467895507812,0.10888671875,-1130.0,6989.0,-4564.0,-16.0,2.0,-31.0,
1649685134681997060,0.221557617188,0.847900390625,0.46875,0.110412597656,-1187.0,7158.0,-4679.0,-23.0,0.0,-31.0,
1649685134686401605,0.219604492188,0.847473144531,0.469970703125,0.112182617188,-1236.0,7324.0,-4786.0,-31.0,-3.0,-32.0,
1649685134691196680,0.217529296875,0.846740722656,0.471740722656,0.114318847656,-1275.0,7478.0,-4871.0,-42.0,-6.0,-34.0,
1649685134695795774,0.21533203125,0.845703125,0.473999023438,0.116760253906,-1305.0,7617.0,-4898.0,-53.0,-8.0,-36.0,
1649685134703438758,0.213012695312,0.844299316406,0.476806640625,0.119567871094,-1327.0,7745.0,-4877.0,-64.0,-11.0,-39.0,
1649685134704469442,0.210571289062,0.842590332031,0.480102539062,0.122680664062,-1342.0,7863.0,-4807.0,-75.0,-13.0,-42.0,
1649685134709026098,0.207885742188,0.840576171875,0.483947753906,0.126098632812,-1352.0,7989.0,-4718.0,-84.0,-15.0,-45.0,
1649685134713690042,0.205078125,0.838256835938,0.488159179688,0.129760742188,-1365.0,8133.0,-4600.0,-93.0,-17.0,-47.0,
1649685134718053817,0.2021484375,0.835632324219,0.492797851562,0.133728027344,-1381.0,8307.0,-4461.0,-101.0,-18.0,-50.0,
1649685134728363752,0.199035644531,0.832763671875,0.497802734375,0.137878417969,-1396.0,8512.0,-4318.0,-109.0,-20.0,-52.0,
1649685134729790925,0.195739746094,0.829528808594,0.503173828125,0.142333984375,-1416.0,8737.0,-4179.0,-116.0,-22.0,-54.0,
1649685134734272718,0.1923828125,0.826049804688,0.508911132812,0.146911621094,-1429.0,8972.0,-4040.0,-124.0,-23.0,-56.0,
1649685134737765789,0.188903808594,0.822143554688,0.515014648438,0.151733398438,-1429.0,9193.0,-3896.0,-133.0,-24.0,-57.0,
1649685134742506265,0.185363769531,0.817932128906,0.521545410156,0.156616210938,-1404.0,9397.0,-3785.0,-142.0,-25.0,-58.0,
1649685134750123739,0.181701660156,0.813354492188,0.528442382812,0.16162109375,-1383.0,9595.0,-3670.0,-152.0,-26.0,-59.0,
1649685134757341861,0.177856445312,0.808349609375,0.535766601562,0.166748046875,-1355.0,9778.0,-3552.0,-161.0,-26.0,-59.0,
1649685134759360313,0.173889160156,0.802917480469,0.54345703125,0.171936035156,-1319.0,9962.0,-3412.0,-171.0,-26.0,-61.0,
1649685134764173746,0.169738769531,0.797119140625,0.551635742188,0.17724609375,-1268.0,10127.0,-3257.0,-181.0,-26.0,-63.0,
1649685134768757820,0.165344238281,0.790832519531,0.560180664062,0.1826171875,-1208.0,10256.0,-3086.0,-192.0,-25.0,-64.0,
1649685134772091388,0.160766601562,0.784118652344,0.569152832031,0.18798828125,-1142.0,10334.0,-2925.0,-201.0,-25.0,-65.0,
1649685134779212951,0.156127929688,0.776916503906,0.578369140625,0.193420410156,-1074.0,10344.0,-2742.0,-210.0,-24.0,-65.0,
1649685134785426616,0.1513671875,0.769348144531,0.587890625,0.198791503906,-1015.0,10295.0,-2560.0,-218.0,-24.0,-65.0,
1649685134790229797,0.146484375,0.761352539062,0.597534179688,0.204162597656,-972.0,10191.0,-2374.0,-226.0,-23.0,-65.0,
1649685134794671058,0.141540527344,0.753051757812,0.607421875,0.209411621094,-928.0,10044.0,-2187.0,-232.0,-22.0,-63.0,
1649685134798690080,0.136535644531,0.744384765625,0.617370605469,0.214599609375,-894.0,9873.0,-2031.0,-237.0,-21.0,-61.0,
1649685134802165031,0.131530761719,0.735473632812,0.627319335938,0.219482421875,-871.0,9705.0,-1917.0,-240.0,-19.0,-59.0,
1649685134810463666,0.126586914062,0.726318359375,0.63720703125,0.224182128906,-852.0,9546.0,-1807.0,-242.0,-18.0,-56.0,
1649685134815087080,0.121704101562,0.717102050781,0.64697265625,0.228637695312,-842.0,9403.0,-1710.0,-242.0,-16.0,-52.0,
1649685134819633007,0.116943359375,0.707763671875,0.656616210938,0.232727050781,-825.0,9269.0,-1597.0,-241.0,-15.0,-48.0,
1649685134824290990,0.112365722656,0.698303222656,0.666076660156,0.236572265625,-800.0,9121.0,-1467.0,-239.0,-14.0,-43.0,
1649685134828961610,0.108032226562,0.688842773438,0.675354003906,0.240051269531,-757.0,8969.0,-1319.0,-237.0,-13.0,-39.0,
1649685134832026481,0.103820800781,0.679321289062,0.684387207031,0.243286132812,-694.0,8815.0,-1162.0,-232.0,-12.0,-35.0,
1649685134840222120,0.0997924804688,0.669982910156,0.693115234375,0.246276855469,-638.0,8634.0,-992.0,-227.0,-11.0,-32.0,
1649685134844755172,0.0958862304688,0.660705566406,0.701538085938,0.2490234375,-570.0,8436.0,-829.0,-221.0,-10.0,-30.0,
1649685134848978757,0.092041015625,0.651672363281,0.709594726562,0.251525878906,-507.0,8224.0,-653.0,-215.0,-8.0,-29.0,
1649685134853635072,0.0883178710938,0.642761230469,0.717224121094,0.253967285156,-448.0,7996.0,-478.0,-207.0,-7.0,-28.0,
1649685134858867168,0.0845947265625,0.634216308594,0.724487304688,0.256225585938,-402.0,7775.0,-312.0,-199.0,-6.0,-29.0,
1649685134865142107,0.0808715820312,0.6259765625,0.731262207031,0.258422851562,-358.0,7532.0,-112.0,-190.0,-4.0,-30.0,
1649685134878925085,0.0771484375,0.617980957031,0.737670898438,0.260559082031,-337.0,7273.0,90.0,-182.0,-3.0,-31.0,
1649685134881007432,0.073486328125,0.6103515625,0.74365234375,0.262634277344,-315.0,7021.0,303.0,-172.0,-1.0,-31.0,
1649685134883457422,0.0698852539062,0.603088378906,0.749206542969,0.264587402344,-294.0,6797.0,531.0,-163.0,0.0,-32.0,
1649685134884934186,0.0663452148438,0.59619140625,0.75439453125,0.266479492188,-281.0,6625.0,750.0,-153.0,2.0,-32.0,
1649685134891353845,0.0628051757812,0.589660644531,0.759155273438,0.268249511719,-269.0,6509.0,959.0,-144.0,4.0,-33.0,
1649685134895724534,0.059326171875,0.583557128906,0.763549804688,0.269897460938,-263.0,6439.0,1163.0,-135.0,6.0,-33.0,
1649685134901326417,0.055908203125,0.577758789062,0.767578125,0.271545410156,-253.0,6400.0,1361.0,-127.0,7.0,-34.0,
1649685134904837608,0.0525512695312,0.572387695312,0.771362304688,0.273071289062,-225.0,6357.0,1558.0,-120.0,8.0,-35.0,
1649685134913388729,0.0492553710938,0.567199707031,0.774841308594,0.274536132812,-171.0,6305.0,1754.0,-113.0,9.0,-36.0,
1649685134914211988,0.0460205078125,0.562255859375,0.778076171875,0.276062011719,-88.0,6256.0,1953.0,-107.0,10.0,-37.0,
1649685134918681859,0.0428466796875,0.5576171875,0.781127929688,0.277465820312,12.0,6205.0,2147.0,-102.0,11.0,-38.0,
1649685134921963930,0.0396118164062,0.553100585938,0.783996582031,0.278869628906,97.0,6162.0,2333.0,-97.0,13.0,-39.0,
1649685134930268526,0.036376953125,0.548828125,0.78662109375,0.2802734375,141.0,6132.0,2521.0,-93.0,15.0,-40.0,
1649685134934800624,0.0330810546875,0.544738769531,0.789123535156,0.281616210938,139.0,6125.0,2687.0,-89.0,17.0,-41.0,
1649685134939475774,0.0297241210938,0.540893554688,0.791442871094,0.282958984375,100.0,6139.0,2846.0,-85.0,18.0,-41.0,
1649685134943907022,0.0263061523438,0.537170410156,0.793640136719,0.284301757812,27.0,6163.0,3016.0,-82.0,19.0,-42.0,
1649685134946850776,0.0228271484375,0.533508300781,0.795654296875,0.285705566406,-59.0,6195.0,3174.0,-79.0,20.0,-44.0,
1649685134954841613,0.019287109375,0.530029296875,0.797607421875,0.287170410156,-154.0,6224.0,3318.0,-77.0,20.0,-45.0,
1649685134959404706,0.015869140625,0.526611328125,0.799377441406,0.288635253906,-250.0,6251.0,3457.0,-75.0,20.0,-45.0,
1649685134966029882,0.012451171875,0.523254394531,0.801147460938,0.290100097656,-350.0,6276.0,3587.0,-73.0,19.0,-44.0,
1649685134967367887,0.0091552734375,0.519958496094,0.802795410156,0.291564941406,-431.0,6301.0,3710.0,-71.0,19.0,-44.0,
1649685134972083091,0.00592041015625,0.516784667969,0.804321289062,0.29296875,-498.0,6329.0,3827.0,-68.0,18.0,-43.0,
1649685134983711719,0.00286865234375,0.513732910156,0.805786132812,0.294311523438,-545.0,6363.0,3933.0,-65.0,17.0,-42.0,
1649685134989450693,-0.0029296875,0.508056640625,0.808471679688,0.296813964844,-608.0,6433.0,4130.0,-59.0,17.0,-40.0,
1649685134993490457,-0.00567626953125,0.505493164062,0.809631347656,0.298034667969,-650.0,6486.0,4228.0,-55.0,18.0,-39.0,
1649685134998000621,-0.0084228515625,0.503112792969,0.810668945312,0.299194335938,-709.0,6528.0,4321.0,-52.0,19.0,-39.0,
1649685135002703905,-0.0111083984375,0.500915527344,0.811584472656,0.30029296875,-789.0,6575.0,4406.0,-48.0,19.0,-39.0,
1649685135007298707,-0.0137939453125,0.498840332031,0.812438964844,0.301391601562,-886.0,6621.0,4494.0,-45.0,19.0,-38.0,
1649685135021891117,-0.016357421875,0.496948242188,0.813110351562,0.302490234375,-991.0,6683.0,4562.0,-42.0,19.0,-37.0,
1649685135022447347,-0.0189208984375,0.495300292969,0.813659667969,0.303588867188,-1116.0,6754.0,4625.0,-38.0,19.0,-38.0,
1649685135024264335,-0.021484375,0.493713378906,0.814147949219,0.3046875,-1260.0,6840.0,4689.0,-36.0,19.0,-38.0,
1649685135027318000,-0.0239868164062,0.492309570312,0.814514160156,0.305847167969,-1410.0,6918.0,4745.0,-34.0,19.0,-38.0,
1649685135033507347,-0.0263671875,0.490905761719,0.814819335938,0.307067871094,-1569.0,6997.0,4791.0,-32.0,18.0,-38.0,
1649685135040566205,-0.0287475585938,0.489624023438,0.815063476562,0.308288574219,-1728.0,7042.0,4830.0,-30.0,16.0,-38.0,
1649685135044587612,-0.031005859375,0.488403320312,0.815246582031,0.3095703125,-1871.0,7052.0,4857.0,-29.0,15.0,-38.0,
1649685135049061775,-0.033203125,0.487121582031,0.8154296875,0.310852050781,-1989.0,7020.0,4870.0,-29.0,13.0,-37.0,
1649685135052486658,-0.0352783203125,0.48583984375,0.815551757812,0.312255859375,-2093.0,6963.0,4870.0,-28.0,11.0,-37.0,
1649685135057448863,-0.0372314453125,0.484558105469,0.815734863281,0.313537597656,-2169.0,6882.0,4861.0,-27.0,10.0,-35.0,
1649685135065161943,-0.0390014648438,0.483276367188,0.81591796875,0.314819335938,-2227.0,6784.0,4858.0,-26.0,8.0,-32.0,
1649685135069680452,-0.0405883789062,0.481994628906,0.816162109375,0.315979003906,-2261.0,6675.0,4844.0,-24.0,6.0,-30.0,
1649685135074602603,-0.0419921875,0.480834960938,0.816345214844,0.317077636719,-2285.0,6556.0,4843.0,-22.0,5.0,-27.0,
1649685135079280376,-0.0431518554688,0.479797363281,0.816528320312,0.318054199219,-2298.0,6454.0,4848.0,-20.0,4.0,-25.0,
1649685135085799932,-0.044189453125,0.478759765625,0.816650390625,0.319030761719,-2294.0,6373.0,4849.0,-18.0,2.0,-22.0,
1649685135090616226,-0.0449829101562,0.477905273438,0.816772460938,0.31982421875,-2281.0,6311.0,4858.0,-15.0,1.0,-20.0,
1649685135099945306,-0.0455932617188,0.477172851562,0.81689453125,0.320617675781,-2264.0,6273.0,4868.0,-12.0,0.0,-18.0,
1649685135100677013,-0.0460205078125,0.476623535156,0.816955566406,0.321350097656,-2237.0,6259.0,4862.0,-9.0,0.0,-17.0,
1649685135103911876,-0.0463256835938,0.476135253906,0.81689453125,0.322021484375,-2206.0,6260.0,4861.0,-7.0,-1.0,-15.0,
1649685135107084274,-0.0465087890625,0.475769042969,0.81689453125,0.322631835938,-2189.0,6274.0,4867.0,-5.0,-2.0,-15.0,
1649685135115421533,-0.046630859375,0.475463867188,0.816772460938,0.323303222656,-2184.0,6290.0,4858.0,-3.0,-3.0,-14.0,
1649685135120054483,-0.0466918945312,0.475219726562,0.816650390625,0.323974609375,-2190.0,6301.0,4858.0,-2.0,-4.0,-14.0,
1649685135124742031,-0.046630859375,0.474975585938,0.816528320312,0.324645996094,-2212.0,6301.0,4854.0,-1.0,-5.0,-14.0,
1649685135129935026,-0.0465087890625,0.474792480469,0.816345214844,0.325439453125,-2221.0,6301.0,4851.0,0.0,-7.0,-13.0,
1649685135132575511,-0.0462646484375,0.474609375,0.816162109375,0.326171875,-2212.0,6299.0,4843.0,1.0,-8.0,-13.0,
1649685135137338876,-0.0458984375,0.474426269531,0.815979003906,0.326965332031,-2198.0,6304.0,4847.0,2.0,-9.0,-13.0,
1649685135145152807,-0.0454711914062,0.474243164062,0.815734863281,0.327758789062,-2186.0,6328.0,4859.0,3.0,-10.0,-12.0,
1649685135152451515,-0.0449829101562,0.47412109375,0.815551757812,0.328552246094,-2187.0,6381.0,4878.0,3.0,-11.0,-12.0,
1649685135154347658,-0.0443725585938,0.473999023438,0.815307617188,0.329406738281,-2192.0,6455.0,4898.0,3.0,-13.0,-12.0,
1649685135158836126,-0.043701171875,0.473815917969,0.815124511719,0.330322265625,-2200.0,6544.0,4909.0,3.0,-15.0,-12.0,
1649685135162081003,-0.0429077148438,0.473571777344,0.81494140625,0.331237792969,-2212.0,6620.0,4899.0,2.0,-17.0,-12.0,
1649685135170382738,-0.0419921875,0.473205566406,0.814758300781,0.332153320312,-2229.0,6681.0,4894.0,1.0,-19.0,-11.0,
1649685135174929380,-0.0409545898438,0.472717285156,0.814697265625,0.333190917969,-2227.0,6727.0,4858.0,-1.0,-22.0,-10.0,
1649685135180576801,-0.0398559570312,0.47216796875,0.814697265625,0.334167480469,-2224.0,6767.0,4831.0,-3.0,-24.0,-9.0,
1649685135186264514,-0.0386352539062,0.471496582031,0.814758300781,0.335144042969,-2234.0,6820.0,4791.0,-4.0,-26.0,-8.0,
1649685135192308187,-0.037353515625,0.470703125,0.814880371094,0.336059570312,-2255.0,6884.0,4752.0,-6.0,-27.0,-7.0,
1649685135198773145,-0.0346069335938,0.468811035156,0.815307617188,0.337890625,-2341.0,7076.0,4693.0,-11.0,-31.0,-4.0,
1649685135203341245,-0.0331420898438,0.467590332031,0.815673828125,0.338806152344,-2402.0,7197.0,4654.0,-14.0,-33.0,-3.0,
1649685135207947969,-0.0316162109375,0.466247558594,0.816162109375,0.339660644531,-2469.0,7320.0,4643.0,-18.0,-35.0,-2.0,
1649685135212530374,-0.030029296875,0.464599609375,0.816772460938,0.340576171875,-2523.0,7432.0,4647.0,-22.0,-38.0,-1.0,
1649685135217258930,-0.0283203125,0.462707519531,0.817565917969,0.341491699219,-2565.0,7515.0,4662.0,-26.0,-40.0,0.0,
1649685135225057601,-0.026611328125,0.460571289062,0.818420410156,0.342407226562,-2582.0,7569.0,4716.0,-30.0,-42.0,1.0,
1649685135231136560,-0.0248413085938,0.458068847656,0.819519042969,0.34326171875,-2570.0,7586.0,4765.0,-35.0,-44.0,3.0,
1649685135234714031,-0.0230102539062,0.455383300781,0.820739746094,0.344116210938,-2532.0,7568.0,4818.0,-38.0,-46.0,4.0,
1649685135237934589,-0.0211181640625,0.452514648438,0.822021484375,0.344970703125,-2476.0,7506.0,4869.0,-41.0,-47.0,5.0,
1649685135242769718,-0.0191650390625,0.449462890625,0.823425292969,0.345764160156,-2396.0,7407.0,4928.0,-43.0,-48.0,7.0,
1649685135247197151,-0.0172119140625,0.4462890625,0.824890136719,0.346435546875,-2310.0,7280.0,4993.0,-43.0,-48.0,8.0,
1649685135255354642,-0.01513671875,0.443115234375,0.826354980469,0.347106933594,-2221.0,7130.0,5057.0,-43.0,-48.0,10.0,
1649685135259549856,-0.0130615234375,0.43994140625,0.827819824219,0.34765625,-2131.0,6961.0,5093.0,-42.0,-48.0,11.0,
1649685135264247179,-0.010986328125,0.436889648438,0.829284667969,0.34814453125,-2058.0,6771.0,5121.0,-40.0,-47.0,13.0,
1649685135267454385,-0.00885009765625,0.433959960938,0.830688476562,0.348571777344,-1992.0,6589.0,5142.0,-37.0,-46.0,14.0,
1649685135272199153,-0.0067138671875,0.431274414062,0.831970214844,0.348876953125,-1946.0,6415.0,5161.0,-33.0,-45.0,15.0,
1649685135280220508,-0.00457763671875,0.428771972656,0.833129882812,0.349182128906,-1909.0,6249.0,5154.0,-29.0,-44.0,16.0,
1649685135284771680,-0.00238037109375,0.426513671875,0.834228515625,0.349365234375,-1884.0,6102.0,5157.0,-25.0,-43.0,17.0,
1649685135291520357,-0.00018310546875,0.424499511719,0.835205078125,0.349487304688,-1862.0,5967.0,5154.0,-21.0,-41.0,18.0,
1649685135296229362,0.0020751953125,0.422729492188,0.836120605469,0.349487304688,-1844.0,5851.0,5145.0,-17.0,-40.0,18.0,
1649685135300591945,0.00433349609375,0.421142578125,0.836853027344,0.349487304688,-1836.0,5758.0,5136.0,-13.0,-39.0,19.0,
1649685135305035352,0.006591796875,0.419799804688,0.837585449219,0.349426269531,-1837.0,5686.0,5124.0,-10.0,-38.0,19.0,
1649685135309624910,0.00885009765625,0.418640136719,0.838195800781,0.349365234375,-1843.0,5635.0,5118.0,-7.0,-37.0,19.0,
1649685135314213514,0.0111694335938,0.417602539062,0.838684082031,0.349243164062,-1852.0,5612.0,5103.0,-4.0,-36.0,19.0,
1649685135317456722,0.013427734375,0.416748046875,0.839172363281,0.349060058594,-1865.0,5610.0,5128.0,-2.0,-35.0,19.0,
1649685135322127342,0.0156860351562,0.415954589844,0.839599609375,0.348876953125,-1879.0,5617.0,5161.0,-1.0,-34.0,19.0,
1649685135330277204,0.0178833007812,0.415283203125,0.839965820312,0.348754882812,-1891.0,5622.0,5195.0,0.0,-33.0,19.0,
1649685135335056781,0.0200805664062,0.414611816406,0.840270996094,0.348571777344,-1909.0,5619.0,5236.0,1.0,-32.0,18.0,
1649685135339516878,0.022216796875,0.414001464844,0.840576171875,0.348388671875,-1923.0,5612.0,5280.0,2.0,-32.0,18.0,
1649685135342550516,0.0242919921875,0.413452148438,0.840881347656,0.348266601562,-1917.0,5596.0,5302.0,3.0,-31.0,17.0,
1649685135347181558,0.0263671875,0.412902832031,0.841125488281,0.34814453125,-1895.0,5565.0,5321.0,3.0,-30.0,17.0,
1649685135355288267,0.0283203125,0.412353515625,0.841430664062,0.347961425781,-1849.0,5517.0,5326.0,3.0,-29.0,16.0,
1649685135359968185,0.0302734375,0.411865234375,0.841674804688,0.347839355469,-1799.0,5457.0,5323.0,3.0,-28.0,16.0,
1649685135364663839,0.0321044921875,0.411376953125,0.841857910156,0.34765625,-1745.0,5403.0,5323.0,3.0,-27.0,15.0,
1649685135369029521,0.033935546875,0.410888671875,0.842102050781,0.347534179688,-1687.0,5355.0,5330.0,3.0,-26.0,15.0,
1649685135372206926,0.03564453125,0.410339355469,0.842346191406,0.347351074219,-1638.0,5312.0,5331.0,2.0,-25.0,14.0,
1649685135385718345,0.0372314453125,0.409851074219,0.842590332031,0.347290039062,-1602.0,5284.0,5347.0,2.0,-24.0,13.0,
1649685135386543273,0.0386962890625,0.409301757812,0.8427734375,0.347229003906,-1572.0,5266.0,5366.0,1.0,-23.0,11.0,
1649685135387597560,0.0401000976562,0.40869140625,0.843017578125,0.347290039062,-1565.0,5264.0,5417.0,-1.0,-22.0,9.0,
1649685135394408226,0.041259765625,0.407958984375,0.84326171875,0.347412109375,-1580.0,5284.0,5467.0,-3.0,-21.0,7.0,
1649685135401188850,0.0422973632812,0.4072265625,0.843444824219,0.347595214844,-1624.0,5323.0,5513.0,-5.0,-20.0,5.0,
1649685135405400514,0.0431518554688,0.406433105469,0.843688964844,0.347900390625,-1682.0,5369.0,5560.0,-7.0,-19.0,4.0,
1649685135410739421,0.0438842773438,0.405517578125,0.843933105469,0.348327636719,-1740.0,5418.0,5591.0,-9.0,-18.0,2.0,
1649685135414478302,0.04443359375,0.404479980469,0.844177246094,0.348754882812,-1799.0,5464.0,5611.0,-12.0,-18.0,0.0,
1649685135417743682,0.044921875,0.403381347656,0.844482421875,0.349365234375,-1854.0,5505.0,5641.0,-15.0,-17.0,-2.0,
1649685135422426939,0.0452270507812,0.402160644531,0.844787597656,0.349975585938,-1885.0,5527.0,5659.0,-17.0,-17.0,-3.0,
1649685135430598258,0.04541015625,0.400817871094,0.845092773438,0.350646972656,-1900.0,5518.0,5699.0,-19.0,-16.0,-4.0,
1649685135435121059,0.0455322265625,0.3994140625,0.845520019531,0.351318359375,-1895.0,5486.0,5760.0,-21.0,-15.0,-5.0,
1649685135439551115,0.0454711914062,0.397888183594,0.845886230469,0.35205078125,-1879.0,5440.0,5832.0,-22.0,-13.0,-6.0,
1649685135444032669,0.0453491210938,0.396301269531,0.846313476562,0.352844238281,-1864.0,5378.0,5895.0,-23.0,-12.0,-7.0,
1649685135447112560,0.0451049804688,0.394836425781,0.846740722656,0.353576660156,-1844.0,5318.0,5957.0,-23.0,-10.0,-8.0,
1649685135452036142,0.0447998046875,0.393310546875,0.84716796875,0.354309082031,-1841.0,5267.0,6021.0,-22.0,-9.0,-9.0,
1649685135459926605,0.0443115234375,0.391906738281,0.847534179688,0.355041503906,-1842.0,5224.0,6089.0,-22.0,-7.0,-10.0,
1649685135467329502,0.0438232421875,0.390563964844,0.847839355469,0.355834960938,-1843.0,5210.0,6147.0,-21.0,-5.0,-10.0,
1649685135471611499,0.0431518554688,0.389343261719,0.84814453125,0.356506347656,-1848.0,5218.0,6202.0,-20.0,-3.0,-11.0,
1649685135474743366,0.0424194335938,0.38818359375,0.848388671875,0.357238769531,-1861.0,5228.0,6239.0,-20.0,-1.0,-12.0,
1649685135479944229,0.0415649414062,0.387145996094,0.8486328125,0.35791015625,-1893.0,5224.0,6250.0,-19.0,1.0,-12.0,
1649685135485594511,0.0405883789062,0.386169433594,0.848815917969,0.358581542969,-1940.0,5187.0,6238.0,-18.0,3.0,-13.0,
1649685135684221506,0.03955078125,0.385314941406,0.848999023438,0.359313964844,-1991.0,5122.0,6187.0,-18.0,3.0,-14.0,
1649685135744528532,0.0384521484375,0.384460449219,0.849060058594,0.360107421875,-2036.0,5020.0,6097.0,-16.0,3.0,-14.0,
1649685135791832685,0.0374755859375,0.383728027344,0.84912109375,0.36083984375,-2076.0,4876.0,6003.0,-15.0,3.0,-14.0,
1649685135800104618,0.0364990234375,0.383056640625,0.849182128906,0.361572265625,-2102.0,4705.0,5912.0,-13.0,2.0,-14.0,
1649685135806969165,0.0357055664062,0.382446289062,0.849182128906,0.3623046875,-2115.0,4540.0,5845.0,-10.0,1.0,-13.0,
1649685135831403732,0.0349731445312,0.382019042969,0.84912109375,0.363037109375,-2124.0,4435.0,5773.0,-6.0,1.0,-12.0,
1649685135845395088,0.034423828125,0.3818359375,0.848937988281,0.363586425781,-2139.0,4414.0,5707.0,-2.0,1.0,-11.0,
1649685135854076862,0.0339965820312,0.381958007812,0.848693847656,0.364074707031,-2169.0,4478.0,5656.0,2.0,1.0,-9.0,
1649685135855647563,0.03369140625,0.382263183594,0.848388671875,0.364501953125,-2225.0,4624.0,5638.0,5.0,1.0,-8.0,
1649685135856488943,0.0335083007812,0.382751464844,0.848083496094,0.36474609375,-2296.0,4805.0,5630.0,6.0,1.0,-6.0,
1649685135866932153,0.0333862304688,0.383239746094,0.847717285156,0.364990234375,-2387.0,4997.0,5646.0,7.0,0.0,-5.0,
1649685135867714166,0.0333251953125,0.3837890625,0.847412109375,0.365173339844,-2473.0,5172.0,5660.0,7.0,-1.0,-3.0,
1649685135868983507,0.0333862304688,0.384216308594,0.84716796875,0.365356445312,-2538.0,5321.0,5657.0,6.0,-3.0,-2.0,
1649685135869462013,0.0335693359375,0.384582519531,0.846923828125,0.365539550781,-2570.0,5444.0,5657.0,5.0,-5.0,-1.0,
1649685135870833396,0.0338745117188,0.384826660156,0.846740722656,0.365661621094,-2560.0,5544.0,5659.0,4.0,-6.0,0.0,
1649685135871448040,0.0342407226562,0.385070800781,0.846557617188,0.365783691406,-2526.0,5633.0,5652.0,4.0,-7.0,1.0,
1649685135872060298,0.0347900390625,0.38525390625,0.846435546875,0.365844726562,-2479.0,5719.0,5650.0,4.0,-8.0,2.0,
1649685135872914314,0.0353393554688,0.385375976562,0.846313476562,0.365905761719,-2420.0,5806.0,5647.0,4.0,-9.0,2.0,
1649685135874311447,0.0360107421875,0.385437011719,0.846252441406,0.365966796875,-2351.0,5901.0,5624.0,2.0,-10.0,2.0,
1649685135875666856,0.0366821289062,0.385437011719,0.84619140625,0.366027832031,-2268.0,5998.0,5597.0,1.0,-12.0,3.0,
1649685135876541376,0.0374755859375,0.38525390625,0.846252441406,0.366027832031,-2179.0,6087.0,5561.0,-2.0,-13.0,3.0,
1649685135876783847,0.0382080078125,0.384887695312,0.846313476562,0.366088867188,-2079.0,6184.0,5534.0,-5.0,-13.0,3.0,
1649685135877560138,0.0389404296875,0.384399414062,0.846496582031,0.366149902344,-1993.0,6267.0,5513.0,-9.0,-14.0,3.0,
1649685135878381490,0.0507202148438,0.363952636719,0.847290039062,0.383361816406,-1333.0,5342.0,6184.0,2.0,-2.0,-16.0,
1649685135878714084,0.0453491210938,0.3671875,0.842224121094,0.392028808594,-1680.0,4853.0,5592.0,4.0,7.0,-23.0,
1649685135880928039,0.04248046875,0.368713378906,0.84033203125,0.394897460938,-1780.0,4653.0,5377.0,5.0,9.0,-22.0,
1649685135883599758,0.0377197265625,0.37158203125,0.837585449219,0.398620605469,-1900.0,4692.0,5149.0,3.0,11.0,-18.0,
1649685135884230613,0.0345458984375,0.372802734375,0.836303710938,0.400451660156,-2105.0,4834.0,5328.0,-2.0,11.0,-17.0,
1649685135885158538,0.0324096679688,0.373291015625,0.835632324219,0.401611328125,-2185.0,5042.0,5521.0,-2.0,11.0,-15.0,
1649685135885555028,0.0314331054688,0.37353515625,0.835327148438,0.402038574219,-2191.0,5142.0,5600.0,-3.0,11.0,-14.0,
1649685135886265516,0.0303955078125,0.373779296875,0.835083007812,0.402404785156,-2195.0,5231.0,5674.0,-3.0,12.0,-13.0,
1649685135886674165,0.0294189453125,0.373962402344,0.834838867188,0.402770996094,-2209.0,5307.0,5766.0,-4.0,12.0,-13.0,
1649685135887038707,0.0284423828125,0.374084472656,0.834655761719,0.403137207031,-2244.0,5373.0,5859.0,-5.0,11.0,-13.0,
1649685135887351751,0.0274047851562,0.374145507812,0.83447265625,0.403503417969,-2285.0,5425.0,5941.0,-5.0,11.0,-13.0,
1649685135889622211,0.0264282226562,0.374267578125,0.834289550781,0.40380859375,-2305.0,5472.0,5998.0,-4.0,11.0,-12.0,
1649685135892548799,0.0254516601562,0.374450683594,0.834106445312,0.404113769531,-2302.0,5516.0,6032.0,-4.0,11.0,-12.0,
1649685135896927595,0.0245361328125,0.374572753906,0.833923339844,0.404418945312,-2288.0,5546.0,6070.0,-4.0,11.0,-11.0,
1649685135912257194,0.022705078125,0.374816894531,0.833618164062,0.404968261719,-2303.0,5577.0,6150.0,-4.0,11.0,-11.0,
1649685135914065361,0.0218505859375,0.374938964844,0.833435058594,0.405212402344,-2323.0,5583.0,6200.0,-4.0,10.0,-11.0,
1649685135918765783,0.02099609375,0.375,0.833312988281,0.405517578125,-2347.0,5580.0,6239.0,-4.0,10.0,-10.0,
1649685135923211336,0.0202026367188,0.375061035156,0.833129882812,0.405822753906,-2360.0,5568.0,6289.0,-4.0,9.0,-11.0,
1649685135927764892,0.0194702148438,0.375061035156,0.8330078125,0.406188964844,-2364.0,5555.0,6331.0,-3.0,7.0,-10.0,
1649685135937149286,0.018798828125,0.375061035156,0.832824707031,0.406555175781,-2359.0,5541.0,6391.0,-3.0,6.0,-10.0,
1649685135939931631,0.0182495117188,0.375061035156,0.832641601562,0.406921386719,-2345.0,5526.0,6435.0,-2.0,6.0,-10.0,
1649685135945325851,0.0177612304688,0.375061035156,0.83251953125,0.4072265625,-2327.0,5514.0,6494.0,-1.0,5.0,-10.0,
1649685135947929859,0.017333984375,0.375061035156,0.832336425781,0.407592773438,-2313.0,5492.0,6556.0,-1.0,4.0,-9.0,
1649685135953048229,0.0169067382812,0.375,0.832214355469,0.407958984375,-2291.0,5471.0,6626.0,-1.0,4.0,-9.0,
1649685135958593606,0.0166015625,0.374938964844,0.832092285156,0.408264160156,-2259.0,5442.0,6680.0,0.0,3.0,-8.0,
1649685135965720176,0.0162963867188,0.374877929688,0.831970214844,0.408569335938,-2227.0,5421.0,6721.0,0.0,3.0,-8.0,
1649685135971958637,0.0160522460938,0.374816894531,0.831848144531,0.408813476562,-2192.0,5404.0,6759.0,0.0,3.0,-7.0,
1649685135974337577,0.015869140625,0.374755859375,0.831787109375,0.409057617188,-2155.0,5391.0,6785.0,0.0,3.0,-6.0,
1649685135985066652,0.0156860351562,0.374755859375,0.831726074219,0.409240722656,-2129.0,5385.0,6801.0,0.0,3.0,-6.0,
1649685135987911462,0.0155029296875,0.374694824219,0.831604003906,0.409423828125,-2104.0,5382.0,6803.0,0.0,2.0,-5.0,
1649685135988779544,0.0153198242188,0.374694824219,0.83154296875,0.409606933594,-2084.0,5378.0,6800.0,0.0,3.0,-5.0,
1649685135993188381,0.0151977539062,0.374694824219,0.831481933594,0.409729003906,-2079.0,5369.0,6776.0,0.0,3.0,-5.0,
1649685135998556613,0.0150146484375,0.374694824219,0.831420898438,0.409851074219,-2075.0,5346.0,6729.0,0.0,2.0,-4.0,
1649685136008566379,0.014892578125,0.374694824219,0.831359863281,0.409973144531,-2074.0,5315.0,6689.0,0.0,2.0,-4.0,
1649685136015243768,0.0145874023438,0.374755859375,0.831298828125,0.41015625,-2047.0,5234.0,6574.0,1.0,3.0,-3.0,
1649685136018438339,0.0144653320312,0.374816894531,0.831176757812,0.410217285156,-2027.0,5184.0,6519.0,2.0,3.0,-3.0,
1649685136023889064,0.014404296875,0.374938964844,0.831115722656,0.410278320312,-2005.0,5138.0,6454.0,2.0,3.0,-3.0,
1649685136031145572,0.0142822265625,0.375061035156,0.8310546875,0.410339355469,-1984.0,5089.0,6389.0,3.0,3.0,-3.0,
1649685136032486438,0.0142211914062,0.375183105469,0.830993652344,0.410339355469,-1969.0,5045.0,6332.0,3.0,2.0,-3.0,
1649685136040079832,0.0142211914062,0.375366210938,0.830871582031,0.410400390625,-1955.0,5009.0,6271.0,4.0,2.0,-3.0,
1649685136045087814,0.01416015625,0.375610351562,0.830749511719,0.410400390625,-1942.0,4973.0,6213.0,4.0,2.0,-2.0,
1649685136048026323,0.01416015625,0.375793457031,0.830688476562,0.410461425781,-1938.0,4951.0,6178.0,4.0,2.0,-2.0,
1649685136052463054,0.01416015625,0.376037597656,0.83056640625,0.410461425781,-1936.0,4950.0,6130.0,5.0,3.0,-2.0,
1649685136057512998,0.01416015625,0.376342773438,0.830444335938,0.410400390625,-1935.0,4955.0,6090.0,5.0,3.0,-2.0,
1649685136061896800,0.01416015625,0.376586914062,0.830322265625,0.410339355469,-1938.0,4963.0,6050.0,5.0,3.0,-1.0,
1649685136069697618,0.01416015625,0.376892089844,0.830261230469,0.410339355469,-1946.0,4980.0,6017.0,4.0,3.0,-1.0,
1649685136072874546,0.01416015625,0.377136230469,0.830200195312,0.410217285156,-1958.0,5003.0,5986.0,4.0,3.0,-1.0,
1649685136077540159,0.01416015625,0.377380371094,0.830078125,0.41015625,-1969.0,5030.0,5942.0,4.0,3.0,0.0,
1649685136082288742,0.01416015625,0.377624511719,0.830017089844,0.410034179688,-1992.0,5046.0,5918.0,3.0,3.0,0.0,
1649685136090419769,0.01416015625,0.377868652344,0.830017089844,0.409912109375,-2015.0,5057.0,5895.0,3.0,3.0,0.0,
1649685136094574451,0.0140991210938,0.378112792969,0.829956054688,0.409790039062,-2035.0,5059.0,5874.0,3.0,2.0,0.0,
1649685136097648382,0.0140991210938,0.378295898438,0.829895019531,0.40966796875,-2045.0,5057.0,5863.0,3.0,2.0,0.0,
1649685136107119083,0.01416015625,0.378540039062,0.829833984375,0.409606933594,-2045.0,5054.0,5845.0,3.0,2.0,0.0,
1649685136112534046,0.0142211914062,0.378784179688,0.829772949219,0.409484863281,-2038.0,5053.0,5830.0,4.0,2.0,0.0,
1649685136113921165,0.0142822265625,0.379089355469,0.829711914062,0.409362792969,-2030.0,5051.0,5802.0,5.0,2.0,1.0,
1649685136120963096,0.014404296875,0.379455566406,0.82958984375,0.409240722656,-2026.0,5059.0,5770.0,6.0,2.0,0.0,
1649685136125186443,0.0145263671875,0.3798828125,0.829467773438,0.409057617188,-2019.0,5067.0,5730.0,7.0,2.0,0.0,
1649685136126935958,0.0147094726562,0.38037109375,0.829284667969,0.408935546875,-2016.0,5076.0,5685.0,8.0,2.0,0.0,
1649685136132864713,0.014892578125,0.380981445312,0.8291015625,0.408813476562,-2016.0,5090.0,5645.0,10.0,2.0,0.0,
1649685136141455173,0.01513671875,0.381652832031,0.828857421875,0.40869140625,-2022.0,5119.0,5616.0,11.0,2.0,0.0,
1649685136143479108,0.0153198242188,0.382385253906,0.828552246094,0.408630371094,-2032.0,5159.0,5582.0,12.0,3.0,-1.0,
1649685136149865388,0.0155639648438,0.383178710938,0.828186035156,0.408508300781,-2052.0,5211.0,5563.0,13.0,3.0,-1.0,
1649685136153547763,0.0157470703125,0.384033203125,0.827880859375,0.408447265625,-2079.0,5275.0,5567.0,13.0,3.0,-1.0,
1649685136169172048,0.015869140625,0.384887695312,0.827514648438,0.408325195312,-2105.0,5349.0,5583.0,13.0,4.0,-2.0,
1649685136174373388,0.0159912109375,0.385681152344,0.8271484375,0.408325195312,-2138.0,5436.0,5590.0,12.0,4.0,-2.0,
1649685136177425622,0.01611328125,0.386413574219,0.826843261719,0.408264160156,-2164.0,5529.0,5602.0,10.0,3.0,-3.0,
1649685136179249763,0.0161743164062,0.387084960938,0.826538085938,0.408264160156,-2190.0,5614.0,5602.0,9.0,3.0,-3.0,
1649685136183685541,0.0161743164062,0.387634277344,0.826232910156,0.408264160156,-2219.0,5696.0,5611.0,7.0,3.0,-3.0,
1649685136214759826,0.0162353515625,0.388122558594,0.826049804688,0.408264160156,-2239.0,5766.0,5616.0,5.0,2.0,-3.0,
1649685136215633630,0.0162353515625,0.388549804688,0.825805664062,0.408264160156,-2255.0,5822.0,5620.0,4.0,2.0,-3.0,
1649685136216577291,0.0162353515625,0.388854980469,0.82568359375,0.408264160156,-2261.0,5862.0,5618.0,2.0,2.0,-3.0,
1649685136217453241,0.0161743164062,0.389038085938,0.825622558594,0.408264160156,-2261.0,5888.0,5610.0,1.0,1.0,-2.0,
1649685136217852115,0.0161743164062,0.389221191406,0.825500488281,0.408264160156,-2256.0,5904.0,5595.0,0.0,1.0,-2.0,
1649685136218269109,0.01611328125,0.389343261719,0.825500488281,0.408203125,-2256.0,5908.0,5572.0,-1.0,1.0,-2.0,
1649685136218739032,0.01611328125,0.389465332031,0.825439453125,0.408142089844,-2249.0,5900.0,5564.0,-1.0,1.0,-1.0,
1649685136220105409,0.0160522460938,0.389526367188,0.825439453125,0.408081054688,-2247.0,5881.0,5562.0,-1.0,1.0,-1.0,
1649685136224603414,0.0159912109375,0.389587402344,0.825439453125,0.408020019531,-2240.0,5847.0,5547.0,-1.0,1.0,-1.0,
1649685136227802038,0.0159912109375,0.3896484375,0.825500488281,0.407897949219,-2222.0,5800.0,5538.0,-1.0,1.0,0.0,
1649685136234929561,0.0159301757812,0.389770507812,0.825500488281,0.407836914062,-2205.0,5751.0,5541.0,0.0,2.0,0.0,
1649685136239511251,0.015869140625,0.389892578125,0.825439453125,0.40771484375,-2197.0,5703.0,5569.0,1.0,2.0,0.0,
1649685136246550083,0.015869140625,0.39013671875,0.825378417969,0.407653808594,-2200.0,5667.0,5607.0,2.0,3.0,0.0,
1649685136248299837,0.0158081054688,0.390380859375,0.825317382812,0.407531738281,-2204.0,5642.0,5628.0,3.0,3.0,0.0,
1649685136253112316,0.0158081054688,0.390686035156,0.8251953125,0.407409667969,-2211.0,5630.0,5661.0,4.0,3.0,-1.0,
1649685136257646322,0.0158081054688,0.391052246094,0.825134277344,0.407348632812,-2219.0,5622.0,5710.0,5.0,3.0,-1.0,
1649685136262706279,0.0158081054688,0.391418457031,0.824951171875,0.4072265625,-2226.0,5613.0,5756.0,5.0,3.0,-1.0,
1649685136266980648,0.0158081054688,0.391784667969,0.824829101562,0.407165527344,-2232.0,5596.0,5824.0,6.0,3.0,-1.0,
1649685136275708675,0.0157470703125,0.392150878906,0.82470703125,0.407043457031,-2233.0,5589.0,5880.0,6.0,3.0,-1.0,
1649685136278593540,0.0157470703125,0.392517089844,0.824584960938,0.406982421875,-2221.0,5604.0,5912.0,6.0,3.0,-1.0,
1649685136304558992,0.0157470703125,0.392822265625,0.824462890625,0.406921386719,-2212.0,5624.0,5944.0,5.0,3.0,-1.0,
1649685136305194139,0.0157470703125,0.393127441406,0.824401855469,0.406799316406,-2202.0,5632.0,5990.0,4.0,4.0,-1.0,
1649685136305925369,0.0156860351562,0.393371582031,0.824340820312,0.40673828125,-2199.0,5619.0,6050.0,3.0,4.0,-1.0,
1649685136306437492,0.0155639648438,0.393493652344,0.824279785156,0.406677246094,-2204.0,5609.0,6099.0,2.0,4.0,-1.0,
1649685136307555437,0.0154418945312,0.393615722656,0.824279785156,0.406616210938,-2213.0,5625.0,6138.0,2.0,4.0,-1.0,
1649685136308859825,0.0153198242188,0.393676757812,0.824279785156,0.406555175781,-2225.0,5644.0,6164.0,1.0,4.0,-1.0,
1649685136314442396,0.01513671875,0.393737792969,0.824279785156,0.406433105469,-2241.0,5665.0,6186.0,0.0,4.0,-1.0,
1649685136319192409,0.0150146484375,0.393737792969,0.824340820312,0.406311035156,-2253.0,5668.0,6219.0,-1.0,3.0,0.0,
