1647359403197815179,-0.544250488281,-0.545715332031,-0.430358886719,0.469848632812,3843.0,-1273.0,-510.0,-16.0,-90.0,-118.0,
1647359403205347776,-0.540161132812,-0.556823730469,-0.436279296875,0.455932617188,3960.0,-920.0,156.0,-41.0,-68.0,-149.0,
1647359403207798242,-0.537353515625,-0.562194824219,-0.440979003906,0.448120117188,4110.0,-713.0,462.0,-53.0,-61.0,-164.0,
1647359403215894460,-0.5341796875,-0.567504882812,-0.446472167969,0.439697265625,4281.0,-508.0,755.0,-63.0,-58.0,-176.0,
1647359403217745065,-0.530822753906,-0.57275390625,-0.452575683594,0.430603027344,4464.0,-318.0,1007.0,-73.0,-57.0,-187.0,
1647359403253750085,-0.527404785156,-0.577880859375,-0.459167480469,0.4208984375,4664.0,-159.0,1222.0,-83.0,-59.0,-194.0,
1647359403254531383,-0.524047851562,-0.582824707031,-0.465942382812,0.41064453125,4899.0,-10.0,1404.0,-92.0,-63.0,-198.0,
1647359403255159139,-0.521057128906,-0.587646484375,-0.472595214844,0.39990234375,5177.0,145.0,1543.0,-97.0,-69.0,-197.0,
1647359403255513668,-0.518432617188,-0.592346191406,-0.478759765625,0.388854980469,5484.0,299.0,1672.0,-99.0,-80.0,-192.0,
1647359403256313562,-0.516418457031,-0.596984863281,-0.484191894531,0.377502441406,5799.0,441.0,1791.0,-97.0,-93.0,-184.0,
1647359403257567882,-0.514953613281,-0.601684570312,-0.488708496094,0.366088867188,6106.0,552.0,1885.0,-92.0,-108.0,-174.0,
1647359403258054971,-0.51416015625,-0.606384277344,-0.492126464844,0.354614257812,6373.0,636.0,1951.0,-85.0,-123.0,-163.0,
1647359403258495092,-0.514038085938,-0.611206054688,-0.494445800781,0.343200683594,6564.0,696.0,2019.0,-77.0,-138.0,-151.0,
1647359403261624336,-0.514465332031,-0.616088867188,-0.495788574219,0.331726074219,6640.0,756.0,2091.0,-70.0,-152.0,-141.0,
1647359403266352891,-0.515319824219,-0.620849609375,-0.496337890625,0.320434570312,6605.0,839.0,2159.0,-63.0,-159.0,-131.0,
1647359403271051168,-0.516296386719,-0.625427246094,-0.496520996094,0.309509277344,6469.0,962.0,2234.0,-58.0,-159.0,-122.0,
1647359403275650501,-0.517028808594,-0.629699707031,-0.496765136719,0.299072265625,6307.0,1145.0,2272.0,-55.0,-150.0,-116.0,
1647359403280340671,-0.517333984375,-0.633544921875,-0.497375488281,0.289184570312,6198.0,1391.0,2253.0,-56.0,-134.0,-113.0,
1647359403287072658,-0.51708984375,-0.636901855469,-0.498718261719,0.279907226562,6169.0,1694.0,2155.0,-58.0,-114.0,-111.0,
1647359403294150114,-0.516296386719,-0.639770507812,-0.500732421875,0.271118164062,6199.0,2016.0,2021.0,-62.0,-96.0,-111.0,
1647359403298807382,-0.514953613281,-0.642272949219,-0.503295898438,0.262817382812,6262.0,2312.0,1847.0,-65.0,-79.0,-111.0,
1647359403303092956,-0.51318359375,-0.644348144531,-0.506469726562,0.255004882812,6369.0,2583.0,1653.0,-68.0,-63.0,-112.0,
1647359403307790517,-0.510986328125,-0.64599609375,-0.51025390625,0.247619628906,6553.0,2848.0,1404.0,-73.0,-47.0,-112.0,
1647359403312346935,-0.508483886719,-0.647216796875,-0.514587402344,0.240478515625,6839.0,3113.0,1141.0,-80.0,-34.0,-112.0,
1647359403316940307,-0.505859375,-0.648010253906,-0.519409179688,0.233459472656,7190.0,3381.0,887.0,-87.0,-27.0,-112.0,
1647359403321481227,-0.50341796875,-0.6484375,-0.524353027344,0.226318359375,7580.0,3649.0,659.0,-93.0,-26.0,-110.0,
1647359403325984477,-0.501220703125,-0.648681640625,-0.529235839844,0.219116210938,8019.0,3922.0,446.0,-96.0,-31.0,-106.0,
1647359403330618858,-0.49951171875,-0.648681640625,-0.533874511719,0.211669921875,8508.0,4189.0,212.0,-98.0,-38.0,-101.0,
1647359403337104558,-0.498352050781,-0.648559570312,-0.537963867188,0.204040527344,9012.0,4441.0,-37.0,-98.0,-49.0,-96.0,
1647359403342441558,-0.497863769531,-0.648559570312,-0.541381835938,0.196044921875,9453.0,4624.0,-293.0,-96.0,-64.0,-92.0,
1647359403346547365,-0.498168945312,-0.648742675781,-0.5439453125,0.187622070312,9781.0,4742.0,-550.0,-91.0,-83.0,-88.0,
1647359403350770711,-0.499267578125,-0.649108886719,-0.545471191406,0.178771972656,9978.0,4811.0,-804.0,-86.0,-103.0,-83.0,
1647359403355457067,-0.501098632812,-0.649658203125,-0.546081542969,0.169494628906,10052.0,4868.0,-1051.0,-81.0,-120.0,-77.0,
1647359403360121250,-0.503601074219,-0.650390625,-0.545837402344,0.159851074219,10034.0,4912.0,-1281.0,-76.0,-135.0,-72.0,
1647359403366930723,-0.506469726562,-0.651184082031,-0.544921875,0.150146484375,9936.0,4959.0,-1508.0,-70.0,-147.0,-67.0,
1647359403371820688,-0.509704589844,-0.652160644531,-0.54345703125,0.140319824219,9754.0,4996.0,-1730.0,-64.0,-154.0,-64.0,
1647359403376167058,-0.513000488281,-0.653137207031,-0.541564941406,0.130493164062,9463.0,5048.0,-1972.0,-60.0,-157.0,-61.0,
1647359403380857229,-0.516235351562,-0.654174804688,-0.539489746094,0.120788574219,9096.0,5133.0,-2202.0,-57.0,-155.0,-59.0,
1647359403385337114,-0.519287109375,-0.655090332031,-0.537475585938,0.111267089844,8700.0,5254.0,-2439.0,-56.0,-149.0,-56.0,
1647359403393575429,-0.52197265625,-0.655944824219,-0.53564453125,0.102233886719,8335.0,5396.0,-2691.0,-55.0,-139.0,-54.0,
1647359403399689674,-0.524291992188,-0.656616210938,-0.534057617188,0.09375,8028.0,5527.0,-2963.0,-53.0,-126.0,-51.0,
1647359403407331466,-0.527893066406,-0.657409667969,-0.531921386719,0.079345703125,7677.0,5765.0,-3543.0,-51.0,-94.0,-43.0,
1647359403411744356,-0.529296875,-0.657348632812,-0.531494140625,0.0732421875,7599.0,5881.0,-3801.0,-52.0,-80.0,-38.0,
1647359403416554689,-0.530456542969,-0.657043457031,-0.531433105469,0.0678100585938,7540.0,5987.0,-4016.0,-54.0,-68.0,-33.0,
1647359403421084403,-0.531616210938,-0.656311035156,-0.531799316406,0.0628662109375,7465.0,6083.0,-4216.0,-57.0,-58.0,-27.0,
1647359403425596237,-0.532653808594,-0.655212402344,-0.532592773438,0.0584106445312,7370.0,6169.0,-4377.0,-60.0,-49.0,-20.0,
1647359403430060863,-0.53369140625,-0.653747558594,-0.533752441406,0.0543823242188,7311.0,6249.0,-4509.0,-63.0,-39.0,-13.0,
1647359403436976671,-0.534729003906,-0.651916503906,-0.535278320312,0.0509643554688,7309.0,6346.0,-4605.0,-66.0,-29.0,-6.0,
1647359403441810846,-0.535705566406,-0.649780273438,-0.537170410156,0.048095703125,7362.0,6440.0,-4677.0,-67.0,-21.0,1.0,
1647359403446295738,-0.536743164062,-0.6474609375,-0.539184570312,0.0455932617188,7426.0,6524.0,-4745.0,-67.0,-16.0,6.0,
1647359403450678110,-0.537841796875,-0.64501953125,-0.541137695312,0.0435180664062,7481.0,6608.0,-4824.0,-63.0,-13.0,10.0,
1647359403455202817,-0.5390625,-0.642761230469,-0.542846679688,0.041748046875,7530.0,6667.0,-4895.0,-57.0,-12.0,13.0,
1647359403461722612,-0.540283203125,-0.640563964844,-0.544311523438,0.0403442382812,7563.0,6710.0,-4946.0,-51.0,-12.0,16.0,
1647359403466655015,-0.541564941406,-0.638549804688,-0.545471191406,0.0391235351562,7582.0,6739.0,-4987.0,-44.0,-12.0,17.0,
1647359403471160411,-0.542907714844,-0.636779785156,-0.546264648438,0.0381469726562,7592.0,6759.0,-5009.0,-37.0,-13.0,18.0,
1647359403475674390,-0.544311523438,-0.63525390625,-0.546752929688,0.0372924804688,7579.0,6786.0,-5014.0,-30.0,-16.0,18.0,
1647359403480235099,-0.545715332031,-0.633911132812,-0.546875,0.0364990234375,7556.0,6807.0,-5012.0,-24.0,-18.0,17.0,
1647359403485060691,-0.547180175781,-0.632873535156,-0.546752929688,0.0357055664062,7545.0,6820.0,-5004.0,-19.0,-22.0,16.0,
1647359403491759300,-0.548767089844,-0.631958007812,-0.546203613281,0.0347900390625,7554.0,6819.0,-4981.0,-14.0,-27.0,15.0,
1647359403498119354,-0.550598144531,-0.631164550781,-0.545349121094,0.0338134765625,7591.0,6803.0,-4971.0,-10.0,-34.0,15.0,
1647359403502882719,-0.552673339844,-0.630493164062,-0.544128417969,0.0326538085938,7651.0,6770.0,-4989.0,-7.0,-42.0,14.0,
1647359403507468223,-0.554992675781,-0.630004882812,-0.54248046875,0.0311889648438,7663.0,6731.0,-5036.0,-5.0,-50.0,12.0,
1647359403511959791,-0.557495117188,-0.629577636719,-0.540405273438,0.0293579101562,7612.0,6688.0,-5085.0,-4.0,-60.0,11.0,
1647359403516559362,-0.560302734375,-0.629272460938,-0.538024902344,0.027099609375,7473.0,6643.0,-5150.0,-4.0,-69.0,10.0,
1647359403521065950,-0.563232421875,-0.628967285156,-0.535400390625,0.0244750976562,7273.0,6584.0,-5205.0,-4.0,-74.0,9.0,
1647359403525846004,-0.566162109375,-0.628784179688,-0.53271484375,0.0216674804688,7063.0,6511.0,-5242.0,-5.0,-77.0,8.0,
1647359403530515670,-0.569030761719,-0.628479003906,-0.530029296875,0.0187377929688,6854.0,6448.0,-5252.0,-7.0,-77.0,8.0,
1647359403535685539,-0.571960449219,-0.628051757812,-0.527526855469,0.0156860351562,6649.0,6403.0,-5240.0,-10.0,-77.0,8.0,
1647359403541818618,-0.574890136719,-0.62744140625,-0.525146484375,0.0125732421875,6457.0,6362.0,-5202.0,-13.0,-77.0,9.0,
1647359403546797037,-0.577758789062,-0.626770019531,-0.522827148438,0.00946044921875,6276.0,6325.0,-5144.0,-14.0,-76.0,10.0,
1647359403551032781,-0.580627441406,-0.626037597656,-0.520568847656,0.00640869140625,6095.0,6272.0,-5074.0,-14.0,-76.0,11.0,
1647359403555646419,-0.583435058594,-0.625305175781,-0.518310546875,0.00341796875,5900.0,6205.0,-5021.0,-13.0,-74.0,12.0,
1647359403560344219,-0.586181640625,-0.624633789062,-0.51611328125,0.00067138671875,5690.0,6141.0,-4967.0,-12.0,-71.0,12.0,
1647359403564939975,-0.588806152344,-0.623901367188,-0.513977050781,-0.001953125,5466.0,6105.0,-4927.0,-10.0,-67.0,13.0,
1647359403571637392,-0.59130859375,-0.623291015625,-0.511840820312,-0.0042724609375,5248.0,6092.0,-4892.0,-8.0,-63.0,15.0,
1647359403576363563,-0.593627929688,-0.622680664062,-0.509826660156,-0.00628662109375,5048.0,6081.0,-4885.0,-5.0,-57.0,16.0,
1647359403581047296,-0.595825195312,-0.622131347656,-0.507995605469,-0.00799560546875,4878.0,6059.0,-4898.0,-3.0,-50.0,17.0,
1647359403585977077,-0.597839355469,-0.62158203125,-0.506225585938,-0.0093994140625,4725.0,6039.0,-4900.0,-1.0,-45.0,17.0,
1647359403590437173,-0.599670410156,-0.62109375,-0.504577636719,-0.0105590820312,4615.0,6022.0,-4908.0,-1.0,-40.0,17.0,
1647359403595236778,-0.601440429688,-0.620544433594,-0.503112792969,-0.0116577148438,4575.0,6022.0,-4900.0,-1.0,-37.0,17.0,
1647359403607017517,-0.605163574219,-0.619445800781,-0.5,-0.0138549804688,4720.0,6058.0,-4855.0,0.0,-42.0,17.0,
1647359403611417770,-0.607238769531,-0.618896484375,-0.498107910156,-0.0153198242188,4785.0,6053.0,-4837.0,0.0,-51.0,15.0,
1647359403615880489,-0.609558105469,-0.618408203125,-0.495849609375,-0.0172119140625,4790.0,6018.0,-4821.0,0.0,-60.0,13.0,
1647359403622886657,-0.612060546875,-0.617919921875,-0.493225097656,-0.0197143554688,4735.0,5972.0,-4897.0,-2.0,-71.0,10.0,
1647359403624881267,-0.614624023438,-0.617614746094,-0.490295410156,-0.022705078125,4673.0,6022.0,-5023.0,-4.0,-78.0,6.0,
1647359403629968643,-0.617004394531,-0.617553710938,-0.487182617188,-0.025634765625,4489.0,6091.0,-4975.0,0.0,-77.0,2.0,
1647359403636674642,-0.619201660156,-0.617614746094,-0.484130859375,-0.0291137695312,4367.0,6086.0,-5122.0,-1.0,-81.0,-2.0,
1647359403641421556,-0.621520996094,-0.617431640625,-0.481201171875,-0.0322875976562,4189.0,6183.0,-5270.0,-6.0,-75.0,2.0,
1647359403646171331,-0.623413085938,-0.617431640625,-0.478515625,-0.0353393554688,4034.0,6196.0,-5348.0,-5.0,-67.0,0.0,
1647359403650119066,-0.625122070312,-0.617431640625,-0.47607421875,-0.0380859375,3874.0,6144.0,-5472.0,-3.0,-61.0,-1.0,
1647359403654871463,-0.626708984375,-0.617431640625,-0.473815917969,-0.04052734375,3738.0,6129.0,-5560.0,-5.0,-54.0,0.0,
1647359403661476373,-0.628051757812,-0.617309570312,-0.471923828125,-0.0427856445312,3715.0,6161.0,-5686.0,-7.0,-47.0,1.0,
1647359403666311979,-0.629333496094,-0.617065429688,-0.470397949219,-0.0447387695312,3693.0,6232.0,-5780.0,-8.0,-41.0,3.0,
1647359403670984268,-0.630493164062,-0.616882324219,-0.468933105469,-0.0468139648438,3611.0,6315.0,-5924.0,-8.0,-40.0,2.0,
1647359403675389766,-0.631652832031,-0.616760253906,-0.467346191406,-0.0487670898438,3544.0,6405.0,-5926.0,-7.0,-39.0,1.0,
1647359403680124044,-0.632690429688,-0.616638183594,-0.4658203125,-0.0506591796875,3558.0,6477.0,-5904.0,-5.0,-38.0,2.0,
1647359403684933185,-0.6337890625,-0.616516113281,-0.464294433594,-0.0524291992188,3620.0,6542.0,-5857.0,-3.0,-39.0,3.0,
1647359403691646099,-0.635009765625,-0.616394042969,-0.462585449219,-0.05419921875,3720.0,6600.0,-5761.0,-1.0,-43.0,2.0,
1647359403696786880,-0.636474609375,-0.616271972656,-0.460571289062,-0.0560913085938,3869.0,6625.0,-5637.0,4.0,-50.0,2.0,
1647359403702857255,-0.638244628906,-0.6162109375,-0.457946777344,-0.0580444335938,4066.0,6667.0,-5528.0,9.0,-62.0,3.0,
1647359403707606077,-0.640380859375,-0.6162109375,-0.454650878906,-0.0601196289062,4245.0,6733.0,-5444.0,17.0,-73.0,3.0,
1647359403712182521,-0.642883300781,-0.616455078125,-0.450500488281,-0.062255859375,4357.0,6787.0,-5366.0,27.0,-85.0,4.0,
1647359403717084884,-0.645690917969,-0.616882324219,-0.445556640625,-0.0641479492188,4455.0,6782.0,-5316.0,39.0,-94.0,6.0,
1647359403721499681,-0.648742675781,-0.617553710938,-0.440002441406,-0.0655517578125,4562.0,6660.0,-5278.0,51.0,-97.0,8.0,
1647359403726137638,-0.65185546875,-0.618225097656,-0.434204101562,-0.066650390625,4586.0,6422.0,-5203.0,57.0,-97.0,8.0,
1647359403731013059,-0.654846191406,-0.618957519531,-0.428527832031,-0.0677490234375,4503.0,6156.0,-5104.0,54.0,-96.0,7.0,
1647359403735276222,-0.657592773438,-0.619445800781,-0.423278808594,-0.069091796875,4397.0,5900.0,-5006.0,45.0,-90.0,5.0,
1647359403739911794,-0.659973144531,-0.619750976562,-0.418884277344,-0.070556640625,4322.0,5668.0,-4895.0,34.0,-81.0,5.0,
1647359403746680021,-0.662109375,-0.619689941406,-0.415344238281,-0.0720825195312,4246.0,5491.0,-4793.0,22.0,-70.0,6.0,
1647359403751376628,-0.663879394531,-0.619323730469,-0.412780761719,-0.0736083984375,4137.0,5346.0,-4700.0,10.0,-58.0,7.0,
1647359403755805969,-0.665283203125,-0.618774414062,-0.411071777344,-0.0751342773438,4025.0,5238.0,-4630.0,0.0,-47.0,8.0,
1647359403761167764,-0.66650390625,-0.617980957031,-0.410034179688,-0.0765380859375,3953.0,5156.0,-4600.0,-7.0,-36.0,10.0,
1647359403765125513,-0.66748046875,-0.617065429688,-0.409545898438,-0.0776977539062,3958.0,5084.0,-4609.0,-12.0,-27.0,11.0,
1647359403769709348,-0.66845703125,-0.616088867188,-0.409362792969,-0.0786743164062,4004.0,5030.0,-4655.0,-14.0,-22.0,12.0,
1647359403788411617,-0.66943359375,-0.614990234375,-0.4091796875,-0.0796508789062,4026.0,5001.0,-4723.0,-15.0,-23.0,14.0,
1647359403789219856,-0.670715332031,-0.613708496094,-0.408813476562,-0.0806274414062,4002.0,4992.0,-4810.0,-15.0,-25.0,18.0,
1647359403789569377,-0.672180175781,-0.612243652344,-0.408447265625,-0.08154296875,3951.0,5003.0,-4915.0,-15.0,-26.0,23.0,
1647359403803095340,-0.673767089844,-0.610595703125,-0.408020019531,-0.0823974609375,3882.0,5011.0,-5013.0,-14.0,-26.0,28.0,
1647359403803596735,-0.675537109375,-0.60888671875,-0.407592773438,-0.0831298828125,3820.0,5000.0,-5084.0,-14.0,-26.0,31.0,
1647359403805346250,-0.677368164062,-0.607055664062,-0.407104492188,-0.0838012695312,3794.0,4966.0,-5137.0,-13.0,-26.0,33.0,
1647359403813379764,-0.681274414062,-0.603393554688,-0.40576171875,-0.0848388671875,3868.0,4940.0,-5264.0,-9.0,-30.0,34.0,
1647359403821217298,-0.685363769531,-0.600219726562,-0.403381347656,-0.086181640625,3622.0,4831.0,-5369.0,-4.0,-38.0,30.0,
1647359403825956106,-0.687316894531,-0.598876953125,-0.401794433594,-0.0870971679688,3383.0,4699.0,-5408.0,-3.0,-40.0,27.0,
1647359403831012010,-0.689147949219,-0.597717285156,-0.400146484375,-0.0881958007812,3161.0,4541.0,-5455.0,-4.0,-39.0,23.0,
1647359403839124202,-0.690795898438,-0.596618652344,-0.398681640625,-0.08935546875,2965.0,4404.0,-5505.0,-8.0,-36.0,20.0,
1647359403842725992,-0.692260742188,-0.595520019531,-0.397521972656,-0.0908203125,2755.0,4317.0,-5544.0,-14.0,-34.0,16.0,
1647359403849445819,-0.693420410156,-0.594482421875,-0.396545410156,-0.0926513671875,2527.0,4258.0,-5559.0,-20.0,-33.0,12.0,
1647359403852212429,-0.6943359375,-0.593566894531,-0.395812988281,-0.0948486328125,2312.0,4199.0,-5557.0,-26.0,-31.0,8.0,
1647359403856693267,-0.695007324219,-0.592651367188,-0.395385742188,-0.0973510742188,2149.0,4139.0,-5546.0,-32.0,-29.0,3.0,
1647359403860320568,-0.695434570312,-0.591796875,-0.395263671875,-0.100036621094,2016.0,4102.0,-5514.0,-38.0,-27.0,-1.0,
1647359403864963531,-0.695617675781,-0.591003417969,-0.395324707031,-0.103088378906,1891.0,4119.0,-5464.0,-43.0,-26.0,-6.0,
1647359403869838237,-0.695617675781,-0.59033203125,-0.395446777344,-0.1064453125,1739.0,4171.0,-5389.0,-46.0,-27.0,-10.0,
1647359403877212524,-0.695434570312,-0.589782714844,-0.395629882812,-0.110107421875,1571.0,4237.0,-5317.0,-48.0,-28.0,-14.0,
1647359403882199525,-0.695129394531,-0.58935546875,-0.395751953125,-0.113891601562,1423.0,4307.0,-5266.0,-48.0,-28.0,-18.0,
1647359403886261701,-0.694641113281,-0.589050292969,-0.395874023438,-0.117797851562,1318.0,4390.0,-5228.0,-49.0,-27.0,-20.0,
1647359403891478776,-0.693969726562,-0.588806152344,-0.396179199219,-0.121643066406,1244.0,4488.0,-5237.0,-50.0,-25.0,-23.0,
1647359403896099328,-0.693115234375,-0.5888671875,-0.396484375,-0.125549316406,1115.0,4616.0,-5119.0,-50.0,-22.0,-28.0,
1647359403901063203,-0.691772460938,-0.589111328125,-0.397216796875,-0.129455566406,1135.0,4807.0,-5379.0,-50.0,-15.0,-33.0,
1647359403905683517,-0.690185546875,-0.589538574219,-0.398376464844,-0.132446289062,854.0,5326.0,-5637.0,-49.0,2.0,-32.0,
1647359403912941932,-0.688232421875,-0.590393066406,-0.399597167969,-0.135009765625,590.0,5535.0,-5638.0,-36.0,16.0,-28.0,
1647359403920102357,-0.686279296875,-0.591369628906,-0.401123046875,-0.136169433594,682.0,5472.0,-5725.0,-24.0,31.0,-22.0,
1647359403923115015,-0.684448242188,-0.592041015625,-0.4033203125,-0.136108398438,1131.0,5437.0,-5840.0,-25.0,45.0,-16.0,
1647359403926236867,-0.682739257812,-0.592163085938,-0.406188964844,-0.135314941406,1839.0,5627.0,-5927.0,-26.0,52.0,-8.0,
1647359403932058811,-0.681457519531,-0.591918945312,-0.4091796875,-0.134094238281,2501.0,5983.0,-5972.0,-21.0,49.0,1.0,
1647359403936343908,-0.680480957031,-0.591613769531,-0.411499023438,-0.132995605469,2940.0,6276.0,-5994.0,-12.0,37.0,2.0,
1647359403941149711,-0.679809570312,-0.591613769531,-0.412902832031,-0.132080078125,3212.0,6355.0,-5974.0,-2.0,25.0,1.0,
1647359403944777250,-0.679443359375,-0.591857910156,-0.413635253906,-0.130920410156,3440.0,6253.0,-5933.0,8.0,19.0,1.0,
1647359403952119827,-0.679260253906,-0.592041015625,-0.4140625,-0.129516601562,3656.0,6131.0,-5835.0,11.0,18.0,3.0,
1647359403957374095,-0.679077148438,-0.592163085938,-0.414611816406,-0.128051757812,3864.0,6086.0,-5736.0,11.0,18.0,4.0,
1647359403961039066,-0.678955078125,-0.59228515625,-0.415161132812,-0.126586914062,4055.0,6088.0,-5606.0,11.0,17.0,4.0,
1647359403966322422,-0.678833007812,-0.592407226562,-0.415649414062,-0.125183105469,4203.0,6064.0,-5434.0,13.0,16.0,4.0,
1647359403970984697,-0.6787109375,-0.592529296875,-0.416015625,-0.123779296875,4284.0,6001.0,-5237.0,15.0,14.0,4.0,
1647359403975064277,-0.678588867188,-0.592651367188,-0.416442871094,-0.122375488281,4324.0,5903.0,-5034.0,15.0,13.0,4.0,
1647359403983203887,-0.678466796875,-0.592712402344,-0.416870117188,-0.12109375,4349.0,5801.0,-4842.0,14.0,13.0,5.0,
1647359403987167119,-0.678405761719,-0.5927734375,-0.417297363281,-0.119812011719,4372.0,5705.0,-4655.0,12.0,12.0,5.0,
1647359403990753889,-0.678344726562,-0.5927734375,-0.417724609375,-0.118774414062,4366.0,5629.0,-4493.0,10.0,10.0,4.0,
1647359403997112035,-0.67822265625,-0.5927734375,-0.418090820312,-0.117858886719,4318.0,5567.0,-4349.0,9.0,9.0,3.0,
1647359404000948190,-0.678161621094,-0.5927734375,-0.41845703125,-0.117248535156,4213.0,5517.0,-4238.0,6.0,7.0,2.0,
1647359404004954099,-0.678039550781,-0.592712402344,-0.418762207031,-0.116821289062,4063.0,5485.0,-4152.0,4.0,5.0,2.0,
1647359404016221523,-0.677734375,-0.592712402344,-0.419494628906,-0.116394042969,3698.0,5458.0,-4079.0,0.0,6.0,1.0,
1647359404020971775,-0.677429199219,-0.592712402344,-0.419982910156,-0.116271972656,3538.0,5476.0,-4098.0,-1.0,8.0,0.0,
1647359404025522708,-0.677062988281,-0.5927734375,-0.420532226562,-0.116149902344,3403.0,5506.0,-4140.0,-2.0,10.0,0.0,
1647359404030026197,-0.676635742188,-0.592834472656,-0.421142578125,-0.116027832031,3278.0,5541.0,-4201.0,-3.0,12.0,-1.0,
1647359404035566091,-0.676086425781,-0.592956542969,-0.421875,-0.115844726562,3135.0,5593.0,-4190.0,-4.0,14.0,-1.0,
1647359404041200399,-0.675476074219,-0.593017578125,-0.422790527344,-0.115966796875,2946.0,5678.0,-4376.0,-7.0,15.0,-3.0,
1647359404046145677,-0.674926757812,-0.593383789062,-0.423034667969,-0.116027832031,2763.0,5790.0,-4532.0,-2.0,10.0,-5.0,
1647359404050465106,-0.674499511719,-0.593933105469,-0.423034667969,-0.116027832031,2717.0,5895.0,-4606.0,4.0,8.0,-5.0,
1647359404054794073,-0.674011230469,-0.594299316406,-0.423217773438,-0.116088867188,2676.0,5946.0,-4731.0,2.0,8.0,-4.0,
1647359404059420347,-0.673645019531,-0.594787597656,-0.423156738281,-0.116149902344,2483.0,5948.0,-4837.0,3.0,4.0,-5.0,
1647359404066425323,-0.67333984375,-0.595397949219,-0.422668457031,-0.116333007812,2237.0,5965.0,-4881.0,6.0,2.0,-7.0,
1647359404071000576,-0.672912597656,-0.596069335938,-0.42236328125,-0.116577148438,2070.0,6004.0,-4910.0,5.0,4.0,-7.0,
1647359404075547218,-0.67236328125,-0.5966796875,-0.42236328125,-0.11669921875,1995.0,6026.0,-4976.0,4.0,9.0,-6.0,
1647359404083377599,-0.671813964844,-0.597290039062,-0.422424316406,-0.116455078125,2014.0,6043.0,-5020.0,5.0,13.0,-4.0,
1647359404086344957,-0.671264648438,-0.597778320312,-0.422729492188,-0.116027832031,2072.0,6069.0,-5064.0,5.0,15.0,-4.0,
1647359404091266155,-0.670654296875,-0.598388671875,-0.422912597656,-0.115661621094,2091.0,6066.0,-5065.0,5.0,14.0,-5.0,
1647359404096262693,-0.670104980469,-0.598999023438,-0.423095703125,-0.115356445312,2096.0,6034.0,-5034.0,7.0,13.0,-6.0,
1647359404101334571,-0.669494628906,-0.599609375,-0.423217773438,-0.114990234375,2120.0,5997.0,-4999.0,6.0,13.0,-6.0,
1647359404105427980,-0.668884277344,-0.600158691406,-0.423522949219,-0.114562988281,2180.0,5967.0,-4985.0,6.0,15.0,-6.0,
1647359404110021829,-0.668273925781,-0.600769042969,-0.423828125,-0.114135742188,2263.0,5936.0,-4976.0,6.0,15.0,-6.0,
1647359404136726617,-0.667602539062,-0.601318359375,-0.424133300781,-0.113647460938,2361.0,5908.0,-4972.0,5.0,15.0,-6.0,
1647359404137323856,-0.6669921875,-0.601867675781,-0.424438476562,-0.113159179688,2431.0,5883.0,-4964.0,5.0,14.0,-6.0,
1647359404137956142,-0.666381835938,-0.602416992188,-0.424743652344,-0.112731933594,2492.0,5874.0,-4962.0,5.0,14.0,-6.0,
1647359404138473987,-0.665832519531,-0.602905273438,-0.425109863281,-0.1123046875,2566.0,5885.0,-4956.0,4.0,14.0,-6.0,
1647359404139435768,-0.665222167969,-0.603393554688,-0.425415039062,-0.111999511719,2646.0,5885.0,-4975.0,4.0,13.0,-6.0,
1647359404140819549,-0.664672851562,-0.603881835938,-0.425659179688,-0.111633300781,2752.0,5864.0,-5004.0,4.0,11.0,-6.0,
1647359404145082473,-0.664184570312,-0.604309082031,-0.425903320312,-0.111328125,2866.0,5841.0,-5053.0,3.0,10.0,-6.0,
1647359404149938344,-0.663696289062,-0.604675292969,-0.426147460938,-0.111022949219,2963.0,5819.0,-5097.0,2.0,9.0,-6.0,
1647359404155965328,-0.663269042969,-0.605102539062,-0.426330566406,-0.110778808594,3019.0,5804.0,-5135.0,2.0,8.0,-7.0,
1647359404160688400,-0.662841796875,-0.605529785156,-0.426452636719,-0.110656738281,3054.0,5772.0,-5166.0,2.0,8.0,-7.0,
1647359404165580987,-0.662414550781,-0.60595703125,-0.426513671875,-0.110412597656,3095.0,5699.0,-5184.0,3.0,7.0,-7.0,
1647359404170096874,-0.661987304688,-0.606384277344,-0.426635742188,-0.110107421875,3159.0,5613.0,-5203.0,3.0,8.0,-6.0,
1647359404174922227,-0.66162109375,-0.606750488281,-0.426818847656,-0.109802246094,3198.0,5542.0,-5219.0,2.0,9.0,-6.0,
1647359404179254293,-0.661254882812,-0.607055664062,-0.427001953125,-0.109558105469,3200.0,5480.0,-5236.0,1.0,8.0,-6.0,
1647359404185902357,-0.660888671875,-0.607482910156,-0.427062988281,-0.109375,3172.0,5409.0,-5257.0,1.0,6.0,-7.0,
1647359404190734863,-0.660522460938,-0.607849121094,-0.427062988281,-0.109252929688,3158.0,5337.0,-5281.0,0.0,6.0,-7.0,
1647359404195559501,-0.660217285156,-0.608154296875,-0.427185058594,-0.109191894531,3175.0,5286.0,-5331.0,0.0,6.0,-6.0,
1647359404200016975,-0.659912109375,-0.608459472656,-0.42724609375,-0.109069824219,3213.0,5254.0,-5380.0,-1.0,5.0,-6.0,
1647359404204413175,-0.659606933594,-0.608703613281,-0.427307128906,-0.109069824219,3245.0,5226.0,-5430.0,-2.0,4.0,-6.0,
1647359404214775323,-0.659362792969,-0.609008789062,-0.42724609375,-0.109130859375,3273.0,5203.0,-5476.0,-2.0,2.0,-7.0,
1647359404221033573,-0.658935546875,-0.609558105469,-0.427062988281,-0.109497070312,3348.0,5131.0,-5572.0,-3.0,0.0,-8.0,
1647359404225758552,-0.65869140625,-0.609802246094,-0.427001953125,-0.109741210938,3416.0,5085.0,-5604.0,-4.0,-1.0,-8.0,
1647359404230822324,-0.658569335938,-0.609924316406,-0.426940917969,-0.109985351562,3488.0,5054.0,-5639.0,-5.0,-2.0,-8.0,
1647359404235119342,-0.658447265625,-0.610107421875,-0.426879882812,-0.1103515625,3553.0,5023.0,-5659.0,-6.0,-3.0,-8.0,
1647359404240072011,-0.658325195312,-0.610229492188,-0.4267578125,-0.110717773438,3600.0,5002.0,-5685.0,-6.0,-4.0,-8.0,
1647359404244754314,-0.658203125,-0.6103515625,-0.426635742188,-0.111145019531,3617.0,4984.0,-5717.0,-6.0,-5.0,-8.0,
1647359404251033067,-0.658081054688,-0.610534667969,-0.426452636719,-0.111633300781,3616.0,4964.0,-5732.0,-6.0,-5.0,-9.0,
1647359404255711793,-0.657958984375,-0.610717773438,-0.42626953125,-0.112121582031,3616.0,4937.0,-5734.0,-7.0,-5.0,-9.0,
1647359404260061502,-0.657775878906,-0.61083984375,-0.426208496094,-0.112609863281,3616.0,4914.0,-5734.0,-8.0,-4.0,-9.0,
1647359404264972448,-0.657592773438,-0.610961914062,-0.426208496094,-0.113098144531,3603.0,4899.0,-5712.0,-9.0,-4.0,-8.0,
1647359404269377708,-0.657409667969,-0.611022949219,-0.42626953125,-0.113647460938,3568.0,4875.0,-5686.0,-10.0,-2.0,-8.0,
1647359404274157524,-0.6572265625,-0.611083984375,-0.426330566406,-0.114074707031,3514.0,4836.0,-5664.0,-9.0,-1.0,-7.0,
1647359404280622959,-0.657043457031,-0.611206054688,-0.426391601562,-0.114379882812,3455.0,4793.0,-5636.0,-8.0,0.0,-6.0,
1647359404285592079,-0.656799316406,-0.611267089844,-0.426513671875,-0.114624023438,3416.0,4756.0,-5609.0,-8.0,2.0,-6.0,
1647359404290181398,-0.656494140625,-0.611389160156,-0.4267578125,-0.114807128906,3381.0,4740.0,-5572.0,-7.0,3.0,-6.0,
1647359404295361518,-0.656188964844,-0.611572265625,-0.426940917969,-0.114990234375,3343.0,4747.0,-5522.0,-7.0,4.0,-6.0,
1647359404299819231,-0.655944824219,-0.611694335938,-0.427124023438,-0.115173339844,3301.0,4759.0,-5471.0,-7.0,3.0,-6.0,
1647359404303916215,-0.655700683594,-0.61181640625,-0.42724609375,-0.115417480469,3275.0,4770.0,-5423.0,-6.0,2.0,-6.0,
1647359404310894489,-0.655517578125,-0.611938476562,-0.427307128906,-0.115661621094,3244.0,4773.0,-5371.0,-5.0,0.0,-5.0,
1647359404317536115,-0.655395507812,-0.611999511719,-0.427307128906,-0.115905761719,3200.0,4778.0,-5331.0,-4.0,-2.0,-4.0,
1647359404325583934,-0.655395507812,-0.612121582031,-0.427001953125,-0.116455078125,3091.0,4761.0,-5245.0,-4.0,-4.0,-4.0,
1647359404330076694,-0.655334472656,-0.612182617188,-0.426879882812,-0.116821289062,3030.0,4760.0,-5206.0,-5.0,-3.0,-3.0,
1647359404334926843,-0.6552734375,-0.612182617188,-0.426879882812,-0.117126464844,2979.0,4764.0,-5163.0,-5.0,-2.0,-3.0,
1647359404339310646,-0.655212402344,-0.612182617188,-0.426940917969,-0.117370605469,2951.0,4777.0,-5128.0,-6.0,0.0,-3.0,
1647359404346035480,-0.655029296875,-0.612182617188,-0.427124023438,-0.117614746094,2942.0,4787.0,-5100.0,-7.0,2.0,-2.0,
1647359404350840806,-0.654968261719,-0.612060546875,-0.427368164062,-0.117736816406,2940.0,4806.0,-5078.0,-7.0,3.0,-1.0,
1647359404355235338,-0.654846191406,-0.611999511719,-0.427673339844,-0.117858886719,2937.0,4831.0,-5062.0,-7.0,3.0,0.0,
1647359404359889745,-0.654724121094,-0.611877441406,-0.427917480469,-0.117919921875,2934.0,4856.0,-5052.0,-7.0,3.0,0.0,
1647359404364419937,-0.654663085938,-0.611755371094,-0.42822265625,-0.118041992188,2936.0,4884.0,-5064.0,-7.0,4.0,0.0,
1647359404369519948,-0.654479980469,-0.611633300781,-0.428588867188,-0.118103027344,2959.0,4922.0,-5058.0,-7.0,4.0,0.0,
1647359404377419948,-0.654357910156,-0.611511230469,-0.428955078125,-0.1181640625,3017.0,4970.0,-5057.0,-8.0,5.0,0.0,
1647359404380584239,-0.654235839844,-0.611328125,-0.429443359375,-0.118225097656,3110.0,5023.0,-5066.0,-8.0,5.0,1.0,
1647359404386472940,-0.654235839844,-0.611083984375,-0.429809570312,-0.118103027344,3212.0,5064.0,-5051.0,-6.0,4.0,2.0,
1647359404391509771,-0.654296875,-0.61083984375,-0.430053710938,-0.118041992188,3291.0,5081.0,-5055.0,-4.0,2.0,2.0,
1647359404394564867,-0.654418945312,-0.610717773438,-0.430114746094,-0.117858886719,3335.0,5083.0,-5054.0,-2.0,0.0,2.0,
1647359404399565219,-0.654541015625,-0.610595703125,-0.430053710938,-0.117736816406,3368.0,5075.0,-5055.0,-1.0,-1.0,2.0,
1647359404407938957,-0.654663085938,-0.610595703125,-0.429992675781,-0.117614746094,3408.0,5069.0,-5067.0,0.0,-1.0,1.0,
1647359404411575794,-0.65478515625,-0.610534667969,-0.429870605469,-0.117492675781,3437.0,5071.0,-5080.0,0.0,0.0,0.0,
1647359404419264554,-0.65478515625,-0.610595703125,-0.429870605469,-0.117309570312,3468.0,5078.0,-5090.0,0.0,0.0,-1.0,
1647359404423946142,-0.65478515625,-0.610656738281,-0.429809570312,-0.117126464844,3495.0,5092.0,-5115.0,0.0,1.0,-1.0,
1647359404428120136,-0.65478515625,-0.610717773438,-0.429809570312,-0.116943359375,3524.0,5100.0,-5124.0,1.0,2.0,-1.0,
1647359404443432092,-0.65478515625,-0.61083984375,-0.429809570312,-0.116516113281,3579.0,5112.0,-5145.0,0.0,2.0,-1.0,
1647359404456495285,-0.654724121094,-0.61083984375,-0.429870605469,-0.116271972656,3604.0,5115.0,-5156.0,0.0,2.0,-1.0,
1647359404457653284,-0.65478515625,-0.610900878906,-0.429809570312,-0.116088867188,3615.0,5110.0,-5169.0,0.0,1.0,-1.0,
1647359404459396600,-0.65478515625,-0.610900878906,-0.429748535156,-0.115966796875,3614.0,5100.0,-5176.0,1.0,0.0,-1.0,
1647359404462340593,-0.654846191406,-0.611022949219,-0.429565429688,-0.115783691406,3604.0,5090.0,-5181.0,1.0,-1.0,-1.0,
1647359404464096307,-0.654907226562,-0.611083984375,-0.429382324219,-0.11572265625,3597.0,5075.0,-5192.0,1.0,-2.0,-1.0,
1647359404465542793,-0.655029296875,-0.611145019531,-0.42919921875,-0.115600585938,3588.0,5070.0,-5207.0,1.0,-2.0,-1.0,
1647359404469676971,-0.655090332031,-0.611206054688,-0.428955078125,-0.115539550781,3570.0,5074.0,-5207.0,1.0,-3.0,-1.0,
1647359404476754903,-0.655212402344,-0.611267089844,-0.4287109375,-0.115539550781,3557.0,5073.0,-5203.0,1.0,-3.0,-1.0,
1647359404481420993,-0.655395507812,-0.611328125,-0.428405761719,-0.115478515625,3541.0,5075.0,-5204.0,2.0,-4.0,-1.0,
1647359404485643625,-0.655639648438,-0.611389160156,-0.427978515625,-0.115417480469,3516.0,5080.0,-5223.0,3.0,-5.0,0.0,
1647359404490490436,-0.655883789062,-0.611511230469,-0.427490234375,-0.115356445312,3497.0,5079.0,-5232.0,5.0,-6.0,0.0,
1647359404495578765,-0.656127929688,-0.611572265625,-0.426940917969,-0.115234375,3483.0,5070.0,-5249.0,6.0,-6.0,0.0,
1647359404503257751,-0.656433105469,-0.611694335938,-0.426391601562,-0.115051269531,3473.0,5057.0,-5259.0,6.0,-5.0,1.0,
1647359404506641626,-0.656677246094,-0.611755371094,-0.425964355469,-0.114807128906,3470.0,5039.0,-5266.0,6.0,-4.0,1.0,
1647359404513036966,-0.656921386719,-0.61181640625,-0.425537109375,-0.114440917969,3481.0,5007.0,-5262.0,6.0,-3.0,2.0,
1647359404517242908,-0.657165527344,-0.611877441406,-0.42529296875,-0.114074707031,3514.0,4956.0,-5253.0,5.0,-1.0,3.0,
1647359404523038625,-0.657348632812,-0.61181640625,-0.425170898438,-0.113647460938,3578.0,4925.0,-5267.0,3.0,1.0,3.0,
1647359404527746915,-0.657592773438,-0.611694335938,-0.425109863281,-0.113159179688,3666.0,4913.0,-5277.0,2.0,1.0,4.0,
1647359404532941341,-0.657897949219,-0.611511230469,-0.424987792969,-0.112731933594,3744.0,4912.0,-5284.0,2.0,0.0,4.0,
1647359404536934137,-0.658264160156,-0.611328125,-0.4248046875,-0.112365722656,3762.0,4921.0,-5324.0,3.0,-3.0,4.0,
1647359404543460369,-0.65869140625,-0.611267089844,-0.42431640625,-0.112182617188,3721.0,4940.0,-5370.0,4.0,-7.0,4.0,
1647359404546877622,-0.659118652344,-0.611206054688,-0.423767089844,-0.112060546875,3646.0,4942.0,-5404.0,5.0,-8.0,3.0,
1647359404552892684,-0.659545898438,-0.611206054688,-0.423095703125,-0.111999511719,3555.0,4931.0,-5437.0,5.0,-8.0,3.0,
1647359404557682752,-0.659973144531,-0.611206054688,-0.422424316406,-0.111938476562,3467.0,4913.0,-5468.0,5.0,-8.0,3.0,
1647359404561496496,-0.660339355469,-0.611206054688,-0.421813964844,-0.11181640625,3380.0,4903.0,-5485.0,5.0,-7.0,3.0,
1647359404567422628,-0.66064453125,-0.611267089844,-0.421325683594,-0.111755371094,3269.0,4896.0,-5486.0,3.0,-5.0,2.0,
1647359404569973468,-0.660888671875,-0.611328125,-0.4208984375,-0.111694335938,3170.0,4881.0,-5485.0,2.0,-3.0,2.0,
1647359404575049877,-0.661071777344,-0.611328125,-0.420593261719,-0.111572265625,3107.0,4868.0,-5470.0,2.0,-1.0,2.0,
1647359404586546421,-0.661254882812,-0.611267089844,-0.420471191406,-0.111328125,3066.0,4867.0,-5429.0,1.0,0.0,4.0,
1647359404592922687,-0.661376953125,-0.611206054688,-0.42041015625,-0.111145019531,3035.0,4881.0,-5397.0,0.0,2.0,3.0,
1647359404596524477,-0.661437988281,-0.611145019531,-0.42041015625,-0.110961914062,3020.0,4891.0,-5358.0,0.0,2.0,3.0,
1647359404609904050,-0.661560058594,-0.611083984375,-0.42041015625,-0.110778808594,2989.0,4882.0,-5309.0,0.0,2.0,3.0,
1647359404649433851,-0.661682128906,-0.610961914062,-0.420471191406,-0.110656738281,2947.0,4874.0,-5262.0,0.0,2.0,3.0,
1647359404672513246,-0.661682128906,-0.610961914062,-0.420532226562,-0.110473632812,2923.0,4880.0,-5215.0,-1.0,3.0,2.0,
1647359404680840492,-0.661682128906,-0.61083984375,-0.420654296875,-0.1103515625,2925.0,4892.0,-5166.0,-2.0,4.0,2.0,
1647359404683285474,-0.661682128906,-0.610778808594,-0.4208984375,-0.110168457031,2951.0,4904.0,-5120.0,-2.0,4.0,3.0,
1647359404691951990,-0.661682128906,-0.610656738281,-0.421081542969,-0.109985351562,2989.0,4923.0,-5076.0,-2.0,4.0,3.0,
1647359404695022583,-0.661682128906,-0.610473632812,-0.421325683594,-0.109802246094,3016.0,4936.0,-5054.0,-2.0,3.0,3.0,
1647359404698455333,-0.661743164062,-0.6103515625,-0.421447753906,-0.109680175781,3041.0,4950.0,-5046.0,-2.0,2.0,3.0,
1647359404701826095,-0.661865234375,-0.610229492188,-0.421569824219,-0.109497070312,3051.0,4969.0,-5060.0,-1.0,3.0,3.0,
1647359404704706907,-0.661926269531,-0.610107421875,-0.421691894531,-0.109252929688,3050.0,5007.0,-5079.0,-1.0,4.0,4.0,
1647359404710495710,-0.661926269531,-0.609985351562,-0.421875,-0.108947753906,3042.0,5046.0,-5093.0,0.0,5.0,4.0,
1647359404712078094,-0.661987304688,-0.609924316406,-0.422058105469,-0.108520507812,3049.0,5083.0,-5116.0,1.0,7.0,4.0,
1647359404716648101,-0.661926269531,-0.609924316406,-0.422241210938,-0.108032226562,3072.0,5114.0,-5127.0,2.0,8.0,4.0,
1647359404719900608,-0.661926269531,-0.60986328125,-0.422424316406,-0.107543945312,3109.0,5150.0,-5133.0,3.0,8.0,4.0,
1647359404721422195,-0.661926269531,-0.60986328125,-0.422546386719,-0.106994628906,3143.0,5190.0,-5142.0,4.0,7.0,4.0,
1647359404731215000,-0.661926269531,-0.609924316406,-0.422668457031,-0.1064453125,3174.0,5219.0,-5157.0,4.0,6.0,4.0,
1647359404734740257,-0.661987304688,-0.609985351562,-0.422668457031,-0.10595703125,3186.0,5232.0,-5186.0,5.0,5.0,3.0,
1647359404735721826,-0.661987304688,-0.609985351562,-0.422607421875,-0.10546875,3184.0,5230.0,-5226.0,5.0,5.0,3.0,
1647359404739881753,-0.662109375,-0.610046386719,-0.422607421875,-0.10498046875,3171.0,5227.0,-5263.0,4.0,5.0,4.0,
1647359404743170976,-0.662170410156,-0.610046386719,-0.422607421875,-0.104431152344,3161.0,5227.0,-5296.0,4.0,6.0,5.0,
1647359404744761943,-0.662231445312,-0.609985351562,-0.422729492188,-0.103820800781,3163.0,5228.0,-5321.0,4.0,8.0,6.0,
1647359404747230529,-0.662292480469,-0.609985351562,-0.4228515625,-0.103149414062,3176.0,5232.0,-5324.0,4.0,9.0,6.0,
1647359404748637437,-0.662353515625,-0.60986328125,-0.423034667969,-0.102478027344,3206.0,5227.0,-5310.0,4.0,9.0,7.0,
1647359404749680280,-0.662475585938,-0.609802246094,-0.423156738281,-0.101745605469,3223.0,5206.0,-5296.0,5.0,7.0,7.0,
1647359404752281188,-0.662658691406,-0.609680175781,-0.423156738281,-0.10107421875,3228.0,5161.0,-5281.0,6.0,6.0,7.0,
1647359404755889177,-0.662902832031,-0.609619140625,-0.423034667969,-0.100463867188,3202.0,5113.0,-5257.0,6.0,4.0,7.0,
1647359404757535934,-0.663146972656,-0.609558105469,-0.4228515625,-0.0999145507812,3165.0,5064.0,-5236.0,6.0,3.0,7.0,
1647359404758474349,-0.663391113281,-0.609558105469,-0.422607421875,-0.0994262695312,3115.0,5021.0,-5213.0,6.0,2.0,6.0,
1647359404759731292,-0.66357421875,-0.609497070312,-0.422424316406,-0.0989990234375,3075.0,4983.0,-5181.0,5.0,2.0,6.0,
1647359404761323451,-0.663818359375,-0.609436035156,-0.422302246094,-0.0986328125,3044.0,4970.0,-5143.0,4.0,1.0,5.0,
1647359404764811754,-0.663940429688,-0.609375,-0.422180175781,-0.0983276367188,3032.0,4968.0,-5116.0,3.0,2.0,5.0,
1647359404766912698,-0.664123535156,-0.609252929688,-0.422180175781,-0.0980834960938,3044.0,4979.0,-5106.0,2.0,2.0,5.0,
1647359404769698619,-0.664306640625,-0.609130859375,-0.422119140625,-0.0978393554688,3066.0,5007.0,-5091.0,2.0,1.0,5.0,
1647359404771496295,-0.664489746094,-0.609008789062,-0.422058105469,-0.09765625,3094.0,5031.0,-5086.0,1.0,0.0,5.0,
1647359404775411367,-0.664672851562,-0.608947753906,-0.421936035156,-0.0975341796875,3112.0,5034.0,-5088.0,1.0,-2.0,4.0,
1647359404778196573,-0.664855957031,-0.608825683594,-0.421752929688,-0.0974731445312,3127.0,5026.0,-5117.0,1.0,-3.0,3.0,
1647359404781364202,-0.665100097656,-0.608764648438,-0.421569824219,-0.0975341796875,3130.0,5007.0,-5167.0,0.0,-3.0,2.0,
1647359404783149242,-0.665222167969,-0.608642578125,-0.42138671875,-0.0975952148438,3132.0,4979.0,-5218.0,-2.0,-3.0,2.0,
1647359404786166667,-0.665344238281,-0.608581542969,-0.421325683594,-0.09765625,3143.0,4933.0,-5298.0,-3.0,-1.0,1.0,
1647359404790834426,-0.665344238281,-0.608520507812,-0.421447753906,-0.09765625,3172.0,4886.0,-5389.0,-5.0,2.0,1.0,
1647359404795850276,-0.665283203125,-0.6083984375,-0.421691894531,-0.09765625,3216.0,4849.0,-5489.0,-7.0,5.0,0.0,
1647359404801416158,-0.665161132812,-0.608276367188,-0.422119140625,-0.0975952148438,3286.0,4832.0,-5604.0,-9.0,8.0,0.0,
1647359404806011438,-0.664916992188,-0.608154296875,-0.422668457031,-0.0974731445312,3370.0,4831.0,-5720.0,-10.0,10.0,-1.0,
1647359404813152074,-0.664672851562,-0.608032226562,-0.423278808594,-0.0972900390625,3457.0,4847.0,-5831.0,-10.0,11.0,-1.0,
1647359404818998336,-0.664367675781,-0.607971191406,-0.423889160156,-0.0970458984375,3551.0,4866.0,-5912.0,-10.0,12.0,-1.0,
1647359404822025775,-0.664123535156,-0.607849121094,-0.424499511719,-0.0968017578125,3659.0,4884.0,-6010.0,-9.0,12.0,-1.0,
1647359404831425905,-0.663940429688,-0.607727050781,-0.424987792969,-0.096435546875,3768.0,4893.0,-6074.0,-7.0,10.0,1.0,
1647359404835464954,-0.663940429688,-0.607604980469,-0.42529296875,-0.0960083007812,3855.0,4873.0,-6105.0,-4.0,8.0,2.0,
1647359404843745946,-0.664184570312,-0.607360839844,-0.425476074219,-0.0952758789062,3789.0,4824.0,-6115.0,-2.0,3.0,3.0,
1647359404848485469,-0.664306640625,-0.607299804688,-0.425476074219,-0.0950317382812,3717.0,4807.0,-6077.0,-1.0,4.0,3.0,
1647359404856737852,-0.664367675781,-0.607238769531,-0.425537109375,-0.0946655273438,3679.0,4791.0,-6042.0,-1.0,5.0,4.0,
1647359404867699861,-0.664428710938,-0.607116699219,-0.425659179688,-0.0941772460938,3649.0,4789.0,-5983.0,0.0,7.0,4.0,
1647359404874590396,-0.664428710938,-0.607116699219,-0.425842285156,-0.0936279296875,3620.0,4802.0,-5905.0,0.0,8.0,4.0,
1647359404886574268,-0.664367675781,-0.607055664062,-0.426086425781,-0.0931396484375,3570.0,4830.0,-5824.0,1.0,9.0,3.0,
1647359404896230459,-0.664245605469,-0.607116699219,-0.426330566406,-0.0926513671875,3527.0,4869.0,-5738.0,1.0,9.0,3.0,
1647359404899886846,-0.664123535156,-0.607116699219,-0.426574707031,-0.0921630859375,3500.0,4899.0,-5639.0,2.0,10.0,2.0,
1647359404909287452,-0.663879394531,-0.607177734375,-0.426940917969,-0.091552734375,3507.0,4929.0,-5541.0,2.0,11.0,2.0,
1647359404916831970,-0.663696289062,-0.607238769531,-0.427368164062,-0.0910034179688,3551.0,4954.0,-5440.0,1.0,12.0,2.0,
1647359404921015262,-0.663391113281,-0.607238769531,-0.427856445312,-0.0904541015625,3616.0,4990.0,-5359.0,0.0,12.0,1.0,
1647359404926712989,-0.663146972656,-0.607238769531,-0.428283691406,-0.0900268554688,3686.0,5027.0,-5298.0,0.0,10.0,0.0,
1647359404936896085,-0.662963867188,-0.607238769531,-0.4287109375,-0.0896606445312,3765.0,5088.0,-5252.0,-1.0,8.0,0.0,
1647359404945970773,-0.662841796875,-0.607238769531,-0.428955078125,-0.0894165039062,3811.0,5162.0,-5214.0,-1.0,5.0,0.0,
1647359404952296257,-0.662841796875,-0.607177734375,-0.429138183594,-0.0892333984375,3827.0,5228.0,-5185.0,1.0,2.0,1.0,
1647359404959082603,-0.662902832031,-0.607116699219,-0.429138183594,-0.0890502929688,3812.0,5273.0,-5158.0,2.0,1.0,3.0,
1647359404967913627,-0.662963867188,-0.607055664062,-0.429138183594,-0.0888061523438,3795.0,5311.0,-5171.0,2.0,1.0,3.0,
1647359404971417188,-0.663024902344,-0.607055664062,-0.42919921875,-0.0884399414062,3762.0,5345.0,-5211.0,3.0,3.0,3.0,
1647359404979190111,-0.663024902344,-0.607116699219,-0.42919921875,-0.0880737304688,3685.0,5376.0,-5251.0,4.0,5.0,3.0,
1647359404985126495,-0.662963867188,-0.607238769531,-0.42919921875,-0.0875854492188,3554.0,5388.0,-5280.0,5.0,7.0,3.0,
1647359404999379396,-0.662841796875,-0.607360839844,-0.429321289062,-0.0869750976562,3403.0,5376.0,-5298.0,6.0,11.0,4.0,
1647359405046012878,-0.66259765625,-0.607543945312,-0.429565429688,-0.0862426757812,3280.0,5354.0,-5319.0,5.0,15.0,4.0,
1647359405058750152,-0.662170410156,-0.607727050781,-0.430114746094,-0.0853271484375,3185.0,5321.0,-5337.0,3.0,21.0,4.0,
1647359405060804128,-0.66162109375,-0.607849121094,-0.430969238281,-0.0842895507812,3112.0,5292.0,-5394.0,2.0,26.0,3.0,
1647359405065836429,-0.660949707031,-0.608093261719,-0.431945800781,-0.0831909179688,3029.0,5316.0,-5497.0,1.0,31.0,2.0,
1647359405081035375,-0.660095214844,-0.6083984375,-0.43310546875,-0.081787109375,2852.0,5436.0,-5597.0,2.0,37.0,2.0,
1647359405094378709,-0.658996582031,-0.60888671875,-0.434387207031,-0.0801391601562,2602.0,5518.0,-5620.0,6.0,45.0,3.0,
1647359405096434593,-0.657653808594,-0.609497070312,-0.435913085938,-0.0780029296875,2413.0,5477.0,-5656.0,10.0,55.0,5.0,
1647359405098871231,-0.656127929688,-0.610107421875,-0.437927246094,-0.0751342773438,2336.0,5393.0,-5681.0,11.0,69.0,7.0,
1647359405100116491,-0.654296875,-0.610656738281,-0.4404296875,-0.0717163085938,2329.0,5325.0,-5714.0,10.0,81.0,7.0,
1647359405102638006,-0.652221679688,-0.611206054688,-0.443298339844,-0.0679931640625,2336.0,5292.0,-5749.0,9.0,90.0,7.0,
1647359405103353023,-0.64990234375,-0.61181640625,-0.446472167969,-0.0639038085938,2353.0,5271.0,-5772.0,10.0,97.0,7.0,
1647359405104143857,-0.647338867188,-0.612487792969,-0.449829101562,-0.0595703125,2389.0,5234.0,-5796.0,12.0,104.0,7.0,
1647359405105450391,-0.644653320312,-0.613220214844,-0.453308105469,-0.0548706054688,2487.0,5175.0,-5831.0,15.0,110.0,6.0,
1647359405106052875,-0.641723632812,-0.614013671875,-0.456909179688,-0.0497436523438,2667.0,5106.0,-5887.0,17.0,116.0,5.0,
1647359405106652021,-0.638732910156,-0.614868164062,-0.460510253906,-0.0443115234375,2924.0,5060.0,-5957.0,20.0,120.0,5.0,
1647359405107080221,-0.635681152344,-0.615783691406,-0.463989257812,-0.0385131835938,3199.0,5033.0,-6018.0,25.0,121.0,5.0,
1647359405107643365,-0.6328125,-0.616821289062,-0.467102050781,-0.032470703125,3476.0,5020.0,-6086.0,33.0,119.0,7.0,
1647359405107938766,-0.630126953125,-0.617919921875,-0.469665527344,-0.0260009765625,3749.0,5015.0,-6152.0,42.0,115.0,10.0,
1647359405108830451,-0.627685546875,-0.619140625,-0.4716796875,-0.0191650390625,4016.0,5006.0,-6235.0,53.0,112.0,14.0,
1647359405109202861,-0.625427246094,-0.620544433594,-0.473022460938,-0.011962890625,4282.0,4990.0,-6334.0,65.0,108.0,16.0,
1647359405109627246,-0.623413085938,-0.622192382812,-0.473693847656,-0.00433349609375,4526.0,4960.0,-6483.0,78.0,103.0,19.0,
1647359405110110998,-0.62158203125,-0.624145507812,-0.473449707031,0.00372314453125,4726.0,4946.0,-6624.0,93.0,98.0,21.0,
1647359405110348701,-0.619812011719,-0.626525878906,-0.472473144531,0.0120849609375,4854.0,4921.0,-6762.0,107.0,93.0,20.0,
1647359405111813068,-0.618103027344,-0.629333496094,-0.470764160156,0.0206909179688,4931.0,4853.0,-6892.0,120.0,89.0,19.0,
1647359405112684249,-0.616271972656,-0.632446289062,-0.468444824219,0.0296020507812,4974.0,4730.0,-6962.0,131.0,87.0,18.0,
1647359405113377571,-0.614379882812,-0.6357421875,-0.465759277344,0.038818359375,5003.0,4547.0,-6987.0,139.0,87.0,17.0,
1647359405114011287,-0.6123046875,-0.63916015625,-0.462951660156,0.0482788085938,5030.0,4333.0,-6984.0,144.0,89.0,15.0,
1647359405114243745,-0.609985351562,-0.642639160156,-0.460083007812,0.0579223632812,5059.0,4114.0,-6962.0,147.0,93.0,12.0,
1647359405114895820,-0.607299804688,-0.646179199219,-0.457275390625,0.0676879882812,5090.0,3894.0,-6916.0,149.0,96.0,10.0,
1647359405115167856,-0.604370117188,-0.649719238281,-0.454650878906,0.0775756835938,5144.0,3667.0,-6852.0,149.0,101.0,6.0,
1647359405115722894,-0.597351074219,-0.65673828125,-0.449890136719,0.0975952148438,5307.0,3176.0,-6716.0,147.0,111.0,-2.0,
1647359405116060495,-0.593322753906,-0.660217285156,-0.447814941406,0.107604980469,5405.0,2925.0,-6632.0,144.0,115.0,-6.0,
1647359405116378545,-0.588989257812,-0.663696289062,-0.445983886719,0.117553710938,5498.0,2691.0,-6536.0,141.0,117.0,-11.0,
1647359405117364645,-0.584411621094,-0.667053222656,-0.4443359375,0.127258300781,5593.0,2470.0,-6426.0,137.0,120.0,-16.0,
1647359405119995832,-0.579528808594,-0.670288085938,-0.443054199219,0.136840820312,5688.0,2271.0,-6297.0,132.0,122.0,-20.0,
1647359405124003648,-0.574462890625,-0.67333984375,-0.442016601562,0.146179199219,5795.0,2110.0,-6155.0,126.0,124.0,-23.0,
1647359405128741741,-0.569213867188,-0.676208496094,-0.441284179688,0.1552734375,5921.0,1976.0,-6014.0,120.0,125.0,-25.0,
1647359405134357213,-0.563842773438,-0.678894042969,-0.440856933594,0.164184570312,6086.0,1866.0,-5872.0,114.0,126.0,-26.0,
1647359405140897035,-0.558532714844,-0.681335449219,-0.440551757812,0.172790527344,6285.0,1778.0,-5716.0,109.0,124.0,-27.0,
1647359405145828008,-0.553283691406,-0.683532714844,-0.4404296875,0.181030273438,6513.0,1703.0,-5556.0,103.0,120.0,-27.0,
1647359405150412321,-0.548278808594,-0.685546875,-0.440246582031,0.188842773438,6769.0,1628.0,-5383.0,97.0,112.0,-26.0,
1647359405154812574,-0.543701171875,-0.687316894531,-0.440002441406,0.196105957031,7040.0,1546.0,-5190.0,90.0,102.0,-25.0,
1647359405159004449,-0.539489746094,-0.688903808594,-0.439697265625,0.20263671875,7322.0,1470.0,-4999.0,83.0,90.0,-23.0,
1647359405163624525,-0.535827636719,-0.690368652344,-0.439208984375,0.208435058594,7568.0,1387.0,-4799.0,74.0,75.0,-22.0,
1647359405168328285,-0.53271484375,-0.691650390625,-0.438659667969,0.213317871094,7756.0,1294.0,-4594.0,65.0,61.0,-21.0,
1647359405173113346,-0.529968261719,-0.692932128906,-0.438049316406,0.217224121094,7867.0,1204.0,-4387.0,55.0,46.0,-22.0,
1647359405179897785,-0.527709960938,-0.694091796875,-0.4375,0.220153808594,7913.0,1119.0,-4160.0,44.0,33.0,-23.0,
1647359405184576988,-0.525817871094,-0.695068359375,-0.437133789062,0.22216796875,7916.0,1069.0,-3958.0,32.0,22.0,-25.0,
1647359405189614057,-0.524291992188,-0.695922851562,-0.437072753906,0.223388671875,7905.0,1070.0,-3759.0,20.0,13.0,-25.0,
1647359405194117784,-0.523010253906,-0.696533203125,-0.437255859375,0.223876953125,7883.0,1139.0,-3565.0,8.0,6.0,-26.0,
1647359405198733806,-0.52197265625,-0.697082519531,-0.437805175781,0.223693847656,7849.0,1263.0,-3399.0,-2.0,0.0,-27.0,
1647359405203093051,-0.521057128906,-0.697448730469,-0.438598632812,0.222961425781,7785.0,1425.0,-3261.0,-9.0,-5.0,-28.0,
1647359405211992740,-0.520202636719,-0.697875976562,-0.439575195312,0.221801757812,7664.0,1592.0,-3138.0,-14.0,-9.0,-30.0,
1647359405214902639,-0.519348144531,-0.698364257812,-0.440612792969,0.220336914062,7503.0,1746.0,-3041.0,-17.0,-11.0,-31.0,
1647359405219482660,-0.518493652344,-0.698791503906,-0.441711425781,0.218688964844,7318.0,1897.0,-2959.0,-20.0,-11.0,-32.0,
1647359405224265813,-0.517578125,-0.69921875,-0.442993164062,0.216979980469,7134.0,2041.0,-2901.0,-22.0,-9.0,-33.0,
1647359405229023218,-0.5166015625,-0.699584960938,-0.444396972656,0.215209960938,6959.0,2183.0,-2861.0,-23.0,-8.0,-34.0,
1647359405233593702,-0.515563964844,-0.699951171875,-0.44580078125,0.213500976562,6797.0,2317.0,-2830.0,-23.0,-6.0,-34.0,
1647359405239855289,-0.514404296875,-0.700378417969,-0.447326660156,0.211853027344,6651.0,2439.0,-2791.0,-23.0,-3.0,-35.0,
1647359405244663000,-0.51318359375,-0.70068359375,-0.448913574219,0.210266113281,6527.0,2564.0,-2770.0,-23.0,-2.0,-34.0,
1647359405250070571,-0.511962890625,-0.701049804688,-0.450500488281,0.208862304688,6411.0,2696.0,-2758.0,-22.0,0.0,-33.0,
1647359405254417181,-0.510681152344,-0.701354980469,-0.451965332031,0.207580566406,6300.0,2836.0,-2771.0,-19.0,3.0,-32.0,
1647359405259394645,-0.509399414062,-0.701721191406,-0.453308105469,0.206604003906,6187.0,2964.0,-2784.0,-14.0,5.0,-29.0,
1647359405264922142,-0.508178710938,-0.702087402344,-0.454406738281,0.205932617188,6070.0,3057.0,-2803.0,-10.0,6.0,-25.0,
1647359405269755840,-0.507080078125,-0.702453613281,-0.455261230469,0.205444335938,5938.0,3115.0,-2813.0,-6.0,7.0,-21.0,
1647359405279731035,-0.506042480469,-0.702758789062,-0.4560546875,0.205261230469,5811.0,3144.0,-2809.0,-3.0,9.0,-18.0,
1647359405282279253,-0.505126953125,-0.702941894531,-0.456787109375,0.205322265625,5691.0,3164.0,-2798.0,-2.0,11.0,-14.0,
1647359405286842823,-0.504272460938,-0.702941894531,-0.457641601562,0.205627441406,5594.0,3197.0,-2773.0,-3.0,14.0,-10.0,
1647359405334285259,-0.503479003906,-0.702758789062,-0.458557128906,0.2060546875,5524.0,3242.0,-2742.0,-4.0,16.0,-7.0,
1647359405347084999,-0.502807617188,-0.702453613281,-0.459533691406,0.20654296875,5457.0,3285.0,-2705.0,-5.0,18.0,-4.0,
1647359405348539352,-0.502197265625,-0.702026367188,-0.460632324219,0.207092285156,5392.0,3325.0,-2653.0,-7.0,18.0,-2.0,
1647359405351369380,-0.501647949219,-0.701538085938,-0.461730957031,0.207580566406,5322.0,3362.0,-2611.0,-9.0,18.0,-1.0,
1647359405352900266,-0.501098632812,-0.700988769531,-0.462890625,0.207946777344,5257.0,3393.0,-2575.0,-10.0,17.0,-1.0,
1647359405356144428,-0.500671386719,-0.700500488281,-0.464111328125,0.208251953125,5211.0,3413.0,-2549.0,-12.0,16.0,-1.0,
1647359405357498168,-0.500244140625,-0.699890136719,-0.46533203125,0.208435058594,5189.0,3434.0,-2507.0,-13.0,15.0,-1.0,
1647359405361450672,-0.499877929688,-0.699340820312,-0.466552734375,0.208557128906,5178.0,3462.0,-2476.0,-15.0,13.0,-2.0,
1647359405362106323,-0.49951171875,-0.69873046875,-0.467834472656,0.20849609375,5146.0,3495.0,-2439.0,-16.0,11.0,-3.0,
1647359405362654209,-0.499084472656,-0.698303222656,-0.469116210938,0.208190917969,5072.0,3534.0,-2414.0,-17.0,8.0,-5.0,
1647359405363987922,-0.498657226562,-0.697875976562,-0.470397949219,0.207641601562,4969.0,3565.0,-2395.0,-18.0,6.0,-8.0,
1647359405364486455,-0.498168945312,-0.697570800781,-0.4716796875,0.206970214844,4858.0,3601.0,-2393.0,-19.0,6.0,-10.0,
1647359405365706205,-0.49755859375,-0.697265625,-0.473083496094,0.206237792969,4754.0,3652.0,-2409.0,-20.0,7.0,-12.0,
1647359405366371870,-0.496826171875,-0.697021484375,-0.474609375,0.205444335938,4655.0,3704.0,-2439.0,-21.0,9.0,-14.0,
1647359405367044448,-0.495910644531,-0.696838378906,-0.476135253906,0.204711914062,4540.0,3758.0,-2475.0,-20.0,11.0,-16.0,
1647359405367539644,-0.494934082031,-0.696655273438,-0.477661132812,0.2041015625,4404.0,3805.0,-2494.0,-18.0,14.0,-16.0,
1647359405370481014,-0.493896484375,-0.696533203125,-0.479125976562,0.20361328125,4261.0,3847.0,-2510.0,-16.0,16.0,-15.0,
1647359405374015092,-0.492736816406,-0.696411132812,-0.480590820312,0.203369140625,4122.0,3873.0,-2551.0,-14.0,19.0,-13.0,
1647359405378722667,-0.491577148438,-0.696228027344,-0.481994628906,0.203369140625,4013.0,3892.0,-2591.0,-12.0,23.0,-12.0,
1647359405383146524,-0.490295410156,-0.696044921875,-0.4833984375,0.203674316406,3929.0,3913.0,-2625.0,-9.0,27.0,-10.0,
1647359405391244173,-0.488952636719,-0.695861816406,-0.48486328125,0.204345703125,3865.0,3937.0,-2665.0,-7.0,32.0,-9.0,
1647359405394518375,-0.487426757812,-0.695617675781,-0.486328125,0.205261230469,3835.0,3962.0,-2708.0,-5.0,37.0,-8.0,
