1649686980691521883,0.80126953125,0.150451660156,-0.0442504882812,0.577331542969,-2531.0,8350.0,-3187.0,-90.0,-24.0,-12.0,
1649686980695236921,0.7978515625,0.150451660156,-0.044921875,0.581909179688,-2491.0,8370.0,-3178.0,-91.0,-23.0,-12.0,
1649686980695528507,0.794494628906,0.150451660156,-0.0455932617188,0.586486816406,-2445.0,8363.0,-3194.0,-91.0,-23.0,-11.0,
1649686980697559595,0.791198730469,0.150451660156,-0.046142578125,0.590942382812,-2388.0,8331.0,-3209.0,-91.0,-22.0,-11.0,
1649686980698016166,0.787902832031,0.150512695312,-0.046630859375,0.59521484375,-2330.0,8279.0,-3223.0,-89.0,-20.0,-11.0,
1649686980698899030,0.784729003906,0.150634765625,-0.0470581054688,0.599365234375,-2278.0,8220.0,-3221.0,-87.0,-19.0,-11.0,
1649686980699254751,0.781555175781,0.150817871094,-0.0474243164062,0.603393554688,-2247.0,8155.0,-3204.0,-85.0,-17.0,-12.0,
1649686980700355529,0.778503417969,0.151062011719,-0.0477294921875,0.607299804688,-2217.0,8080.0,-3168.0,-84.0,-15.0,-12.0,
1649686980700888872,0.775390625,0.151428222656,-0.0479736328125,0.611083984375,-2189.0,7975.0,-3111.0,-82.0,-13.0,-12.0,
1649686980701538801,0.772338867188,0.15185546875,-0.0482177734375,0.614807128906,-2158.0,7828.0,-3043.0,-81.0,-11.0,-13.0,
1649686980702128171,0.769348144531,0.152465820312,-0.0484008789062,0.618408203125,-2137.0,7650.0,-2967.0,-80.0,-9.0,-15.0,
1649686980702995777,0.766357421875,0.153198242188,-0.0485229492188,0.621948242188,-2124.0,7468.0,-2901.0,-78.0,-7.0,-16.0,
1649686980703752040,0.763427734375,0.154113769531,-0.0487060546875,0.625305175781,-2127.0,7305.0,-2826.0,-77.0,-5.0,-17.0,
1649686980704910755,0.760437011719,0.155151367188,-0.048828125,0.628662109375,-2140.0,7154.0,-2739.0,-77.0,-4.0,-18.0,
1649686980707805395,0.757446289062,0.15625,-0.0490112304688,0.631958007812,-2160.0,7035.0,-2634.0,-76.0,-2.0,-20.0,
1649686980709270715,0.75439453125,0.157531738281,-0.0491333007812,0.63525390625,-2199.0,6935.0,-2521.0,-76.0,-1.0,-21.0,
1649686980710553169,0.751342773438,0.158874511719,-0.0493774414062,0.638549804688,-2259.0,6866.0,-2396.0,-76.0,0.0,-23.0,
1649686980711940050,0.748229980469,0.160339355469,-0.0496215820312,0.641845703125,-2339.0,6822.0,-2250.0,-76.0,1.0,-24.0,
1649686980712296724,0.745056152344,0.161865234375,-0.0498657226562,0.645080566406,-2422.0,6813.0,-2110.0,-75.0,1.0,-25.0,
1649686980712563037,0.741821289062,0.163452148438,-0.0502319335938,0.648315429688,-2497.0,6826.0,-1967.0,-75.0,1.0,-26.0,
1649686980713566064,0.738647460938,0.1650390625,-0.050537109375,0.651550292969,-2565.0,6850.0,-1801.0,-74.0,2.0,-27.0,
1649686980713921546,0.735412597656,0.166687011719,-0.0509033203125,0.65478515625,-2634.0,6895.0,-1648.0,-74.0,2.0,-27.0,
1649686980714626550,0.732177734375,0.168334960938,-0.05126953125,0.657958984375,-2698.0,6945.0,-1501.0,-73.0,2.0,-28.0,
1649686980722483873,0.728942871094,0.169982910156,-0.0516357421875,0.661071777344,-2758.0,6987.0,-1356.0,-72.0,2.0,-28.0,
1649686980726391315,0.725708007812,0.171630859375,-0.0520629882812,0.664123535156,-2799.0,7023.0,-1209.0,-71.0,2.0,-28.0,
1649686980730624437,0.722473144531,0.173217773438,-0.0524291992188,0.667236328125,-2836.0,7056.0,-1062.0,-71.0,2.0,-28.0,
1649686980737087726,0.71923828125,0.1748046875,-0.0527954101562,0.670288085938,-2878.0,7065.0,-919.0,-71.0,2.0,-27.0,
1649686980745562553,0.715942382812,0.176391601562,-0.0531616210938,0.67333984375,-2928.0,7035.0,-780.0,-71.0,1.0,-27.0,
1649686980747866630,0.712646484375,0.177978515625,-0.0536499023438,0.676391601562,-2974.0,6983.0,-634.0,-70.0,1.0,-28.0,
1649686980756441116,0.709350585938,0.179504394531,-0.0541381835938,0.679382324219,-3008.0,6915.0,-505.0,-69.0,1.0,-28.0,
1649686980757088184,0.706176757812,0.181091308594,-0.0546875,0.682250976562,-3037.0,6844.0,-421.0,-67.0,1.0,-28.0,
1649686980759326219,0.703063964844,0.182678222656,-0.05517578125,0.684997558594,-3067.0,6789.0,-363.0,-65.0,1.0,-28.0,
1649686980767690181,0.700012207031,0.184265136719,-0.0557250976562,0.687622070312,-3108.0,6787.0,-312.0,-63.0,1.0,-28.0,
1649686980771455526,0.697021484375,0.185791015625,-0.0562133789062,0.690185546875,-3142.0,6799.0,-269.0,-63.0,1.0,-27.0,
1649686980774242877,0.694091796875,0.187377929688,-0.0567016601562,0.692687988281,-3170.0,6813.0,-262.0,-62.0,2.0,-27.0,
1649686980783547878,0.691162109375,0.18896484375,-0.0571899414062,0.695190429688,-3209.0,6821.0,-259.0,-62.0,3.0,-28.0,
1649686980786256313,0.688232421875,0.190612792969,-0.0576171875,0.697570800781,-3247.0,6837.0,-253.0,-61.0,3.0,-27.0,
1649686980790630340,0.685363769531,0.192199707031,-0.0580444335938,0.699951171875,-3294.0,6873.0,-245.0,-60.0,3.0,-27.0,
1649686980797102451,0.682495117188,0.193786621094,-0.0584716796875,0.702209472656,-3353.0,6914.0,-223.0,-59.0,3.0,-26.0,
1649686980801511526,0.679748535156,0.1953125,-0.0588989257812,0.704406738281,-3425.0,6936.0,-167.0,-57.0,3.0,-26.0,
1649686980805678844,0.677062988281,0.196838378906,-0.059326171875,0.70654296875,-3491.0,6946.0,-79.0,-55.0,3.0,-25.0,
1649686980812104225,0.674499511719,0.198303222656,-0.0598754882812,0.708557128906,-3545.0,6963.0,29.0,-51.0,2.0,-25.0,
1649686980816462993,0.672119140625,0.19970703125,-0.0603637695312,0.710388183594,-3613.0,7009.0,145.0,-47.0,2.0,-24.0,
1649686980820877790,0.669860839844,0.201110839844,-0.0609741210938,0.712097167969,-3672.0,7074.0,262.0,-42.0,2.0,-24.0,
1649686980828173398,0.667724609375,0.202392578125,-0.0615844726562,0.713623046875,-3723.0,7152.0,361.0,-39.0,2.0,-24.0,
1649686980831707477,0.665832519531,0.20361328125,-0.0621948242188,0.715026855469,-3762.0,7239.0,460.0,-35.0,1.0,-23.0,
1649686980844898223,0.664001464844,0.204772949219,-0.0628662109375,0.716369628906,-3799.0,7332.0,552.0,-33.0,1.0,-22.0,
1649686980851753234,0.662231445312,0.205810546875,-0.0634765625,0.717590332031,-3837.0,7433.0,646.0,-31.0,0.0,-21.0,
1649686980852228879,0.660522460938,0.206848144531,-0.0640258789062,0.718811035156,-3866.0,7545.0,705.0,-30.0,0.0,-20.0,
1649686980853569984,0.658813476562,0.207763671875,-0.0645751953125,0.720092773438,-3852.0,7632.0,647.0,-32.0,0.0,-19.0,
1649686980857997894,0.657043457031,0.208740234375,-0.06494140625,0.721435546875,-4030.0,7604.0,826.0,-35.0,0.0,-19.0,
1649686980862152338,0.654907226562,0.209594726562,-0.0656127929688,0.723022460938,-4177.0,7901.0,1012.0,-36.0,-3.0,-16.0,
1649686980866559028,0.653015136719,0.210021972656,-0.0659790039062,0.724609375,-4191.0,8489.0,1101.0,-34.0,-5.0,-10.0,
1649686980869336366,0.651306152344,0.210083007812,-0.065673828125,0.726135253906,-4188.0,9013.0,1138.0,-35.0,-3.0,-4.0,
1649686980877473115,0.649353027344,0.210083007812,-0.0652465820312,0.727905273438,-4191.0,9216.0,1175.0,-41.0,-3.0,-3.0,
1649686980880948781,0.647094726562,0.210205078125,-0.0650634765625,0.729919433594,-4160.0,9041.0,1244.0,-48.0,-5.0,-5.0,
1649686980887550830,0.644592285156,0.210388183594,-0.06494140625,0.732055664062,-4106.0,8681.0,1333.0,-51.0,-6.0,-6.0,
1649686980891575813,0.642211914062,0.210510253906,-0.0648193359375,0.734130859375,-4069.0,8376.0,1378.0,-47.0,-5.0,-4.0,
1649686980896057605,0.64013671875,0.210632324219,-0.0646362304688,0.735900878906,-4044.0,8225.0,1363.0,-41.0,-4.0,-1.0,
1649686980903139591,0.638366699219,0.210754394531,-0.0643310546875,0.737487792969,-4017.0,8171.0,1316.0,-38.0,-3.0,0.0,
1649686980906943321,0.636657714844,0.210876464844,-0.0640258789062,0.738952636719,-3978.0,8102.0,1272.0,-37.0,-3.0,-1.0,
1649686980910957336,0.634887695312,0.210998535156,-0.063720703125,0.740417480469,-3936.0,7974.0,1244.0,-38.0,-2.0,-1.0,
1649686980917226076,0.633117675781,0.211181640625,-0.0633544921875,0.741882324219,-3907.0,7829.0,1247.0,-38.0,-1.0,-1.0,
1649686980924294948,0.63134765625,0.21142578125,-0.0630493164062,0.743347167969,-3885.0,7726.0,1249.0,-37.0,0.0,-1.0,
1649686980924580097,0.629638671875,0.211730957031,-0.0626831054688,0.744750976562,-3874.0,7687.0,1257.0,-36.0,0.0,-1.0,
1649686980932111024,0.627990722656,0.211975097656,-0.062255859375,0.746154785156,-3867.0,7688.0,1274.0,-36.0,1.0,-1.0,
1649686980936158895,0.626281738281,0.212280273438,-0.0618286132812,0.747497558594,-3866.0,7681.0,1287.0,-36.0,1.0,-1.0,
1649686980941084861,0.624572753906,0.212646484375,-0.0613403320312,0.748901367188,-3865.0,7663.0,1304.0,-36.0,2.0,-1.0,
1649686980959111928,0.622802734375,0.213012695312,-0.0609130859375,0.750305175781,-3861.0,7625.0,1316.0,-37.0,2.0,-1.0,
1649686980971591472,0.619384765625,0.213806152344,-0.0599975585938,0.752990722656,-3818.0,7525.0,1307.0,-36.0,3.0,-1.0,
1649686980973767995,0.61767578125,0.214233398438,-0.0595092773438,0.754272460938,-3760.0,7430.0,1267.0,-36.0,4.0,-2.0,
1649686980976989746,0.616088867188,0.214721679688,-0.0589599609375,0.755493164062,-3679.0,7307.0,1207.0,-35.0,5.0,-2.0,
1649686980978236436,0.614501953125,0.215270996094,-0.0584106445312,0.756652832031,-3601.0,7204.0,1195.0,-34.0,5.0,-2.0,
1649686980978392124,0.613098144531,0.215759277344,-0.0579223632812,0.757690429688,-3531.0,7134.0,1228.0,-31.0,5.0,-2.0,
1649686980982676982,0.61181640625,0.216186523438,-0.0574340820312,0.758666992188,-3466.0,7127.0,1266.0,-28.0,6.0,-2.0,
1649686980986700296,0.610595703125,0.216613769531,-0.056884765625,0.759521484375,-3423.0,7178.0,1275.0,-25.0,6.0,-2.0,
1649686980991030931,0.609497070312,0.217102050781,-0.0563354492188,0.760314941406,-3386.0,7238.0,1278.0,-25.0,7.0,-2.0,
1649686980994170188,0.6083984375,0.217651367188,-0.0557861328125,0.761108398438,-3317.0,7271.0,1262.0,-25.0,8.0,-3.0,
1649686981003093719,0.607299804688,0.218200683594,-0.0552368164062,0.761840820312,-3222.0,7255.0,1253.0,-25.0,8.0,-3.0,
1649686981007644653,0.606262207031,0.21875,-0.0546875,0.762573242188,-3140.0,7225.0,1259.0,-24.0,8.0,-4.0,
1649686981012592554,0.605224609375,0.219299316406,-0.0541381835938,0.763305664062,-3085.0,7203.0,1290.0,-23.0,9.0,-4.0,
1649686981016820669,0.604187011719,0.219848632812,-0.0536499023438,0.763977050781,-3043.0,7197.0,1333.0,-22.0,9.0,-4.0,
1649686981021323919,0.603210449219,0.220458984375,-0.05322265625,0.764587402344,-3006.0,7192.0,1393.0,-21.0,8.0,-5.0,
1649686981024379968,0.602233886719,0.221008300781,-0.0527954101562,0.765258789062,-2970.0,7208.0,1460.0,-20.0,8.0,-5.0,
1649686981033261775,0.601257324219,0.221496582031,-0.0523681640625,0.765930175781,-2947.0,7212.0,1516.0,-20.0,8.0,-5.0,
1649686981037447214,0.600280761719,0.221984863281,-0.052001953125,0.766540527344,-2955.0,7205.0,1587.0,-19.0,7.0,-5.0,
1649686981042413473,0.599304199219,0.222412109375,-0.0516967773438,0.767211914062,-2992.0,7205.0,1653.0,-18.0,6.0,-5.0,
1649686981046870946,0.598449707031,0.222778320312,-0.0514526367188,0.767761230469,-3013.0,7231.0,1702.0,-16.0,5.0,-4.0,
1649686981053322792,0.597717285156,0.223083496094,-0.05126953125,0.768249511719,-3015.0,7245.0,1738.0,-14.0,4.0,-4.0,
1649686981058110237,0.597106933594,0.223388671875,-0.0510864257812,0.768676757812,-3014.0,7236.0,1735.0,-12.0,3.0,-4.0,
1649686981062888860,0.596557617188,0.2236328125,-0.0509033203125,0.76904296875,-3041.0,7229.0,1739.0,-10.0,3.0,-3.0,
1649686981068921566,0.596130371094,0.223815917969,-0.0508422851562,0.769348144531,-3083.0,7239.0,1731.0,-9.0,2.0,-3.0,
1649686981072544574,0.595764160156,0.223999023438,-0.05078125,0.769592285156,-3135.0,7270.0,1694.0,-8.0,1.0,-3.0,
1649686981077994585,0.595397949219,0.224182128906,-0.0507202148438,0.769775390625,-3177.0,7321.0,1633.0,-7.0,1.0,-3.0,
1649686981081517219,0.595092773438,0.224365234375,-0.0507202148438,0.769958496094,-3191.0,7357.0,1551.0,-7.0,1.0,-3.0,
1649686981086027622,0.594787597656,0.224548339844,-0.0506591796875,0.770141601562,-3198.0,7358.0,1459.0,-8.0,1.0,-3.0,
1649686981089373588,0.594482421875,0.224792480469,-0.0505981445312,0.770324707031,-3215.0,7385.0,1364.0,-9.0,1.0,-4.0,
1649686981097661018,0.594055175781,0.225036621094,-0.050537109375,0.770568847656,-3198.0,7410.0,1265.0,-10.0,1.0,-4.0,
1649686981102332830,0.593688964844,0.225341796875,-0.0504760742188,0.770812988281,-3155.0,7394.0,1169.0,-11.0,2.0,-5.0,
1649686981106795549,0.59326171875,0.225646972656,-0.0503540039062,0.771057128906,-3110.0,7347.0,1088.0,-12.0,2.0,-6.0,
1649686981111628532,0.5927734375,0.22607421875,-0.05029296875,0.771301269531,-3104.0,7320.0,1030.0,-12.0,3.0,-7.0,
1649686981116211414,0.592346191406,0.226501464844,-0.05029296875,0.771484375,-3136.0,7331.0,988.0,-12.0,3.0,-7.0,
1649686981119322776,0.591918945312,0.226989746094,-0.05029296875,0.771667480469,-3170.0,7370.0,983.0,-11.0,4.0,-7.0,
1649686981127875089,0.591491699219,0.2275390625,-0.05029296875,0.771850585938,-3172.0,7426.0,967.0,-11.0,4.0,-7.0,
1649686981132291078,0.591064453125,0.22802734375,-0.0502319335938,0.772033691406,-3140.0,7439.0,957.0,-10.0,4.0,-7.0,
1649686981137714862,0.590698242188,0.228576660156,-0.0501708984375,0.772155761719,-3113.0,7397.0,971.0,-10.0,5.0,-8.0,
1649686981141240119,0.59033203125,0.229064941406,-0.0501708984375,0.772277832031,-3123.0,7351.0,996.0,-9.0,5.0,-8.0,
1649686981144573926,0.590087890625,0.229675292969,-0.0502319335938,0.772338867188,-3156.0,7354.0,1042.0,-7.0,5.0,-8.0,
1649686981149411439,0.58984375,0.230224609375,-0.0502319335938,0.772338867188,-3187.0,7418.0,1090.0,-5.0,5.0,-7.0,
1649686981159619808,0.589660644531,0.230712890625,-0.0502319335938,0.772338867188,-3199.0,7541.0,1142.0,-5.0,6.0,-7.0,
1649686981165989160,0.588989257812,0.231628417969,-0.0499267578125,0.772583007812,-3213.0,7757.0,1270.0,-9.0,6.0,-6.0,
1649686981170768022,0.588500976562,0.232055664062,-0.0496826171875,0.772827148438,-3242.0,7764.0,1322.0,-12.0,6.0,-6.0,
1649686981175424098,0.587890625,0.232543945312,-0.0493774414062,0.773193359375,-3287.0,7749.0,1401.0,-14.0,6.0,-5.0,
1649686981179633855,0.587158203125,0.232971191406,-0.0491333007812,0.773620605469,-3315.0,7758.0,1471.0,-14.0,5.0,-4.0,
1649686981190681457,0.58642578125,0.233276367188,-0.0487670898438,0.774047851562,-3318.0,7801.0,1507.0,-16.0,5.0,-3.0,
1649686981192408800,0.585571289062,0.233581542969,-0.0482788085938,0.774658203125,-3310.0,7888.0,1534.0,-19.0,5.0,-2.0,
1649686981197367906,0.584533691406,0.23388671875,-0.0476684570312,0.775390625,-3309.0,7984.0,1522.0,-24.0,6.0,-1.0,
1649686981202083587,0.583312988281,0.234191894531,-0.0469360351562,0.776245117188,-3326.0,8058.0,1491.0,-29.0,6.0,0.0,
1649686981206349372,0.581909179688,0.234558105469,-0.0460815429688,0.777282714844,-3358.0,8077.0,1463.0,-34.0,6.0,0.0,
1649686981209743976,0.580200195312,0.234924316406,-0.0452270507812,0.778442382812,-3394.0,8045.0,1438.0,-39.0,6.0,0.0,
1649686981217958927,0.578369140625,0.235412597656,-0.0443115234375,0.779724121094,-3427.0,8006.0,1407.0,-42.0,7.0,1.0,
1649686981222187280,0.576477050781,0.23583984375,-0.0432739257812,0.781066894531,-3461.0,7968.0,1390.0,-44.0,8.0,1.0,
1649686981226908922,0.574462890625,0.236328125,-0.0421752929688,0.782470703125,-3506.0,7936.0,1379.0,-46.0,8.0,3.0,
1649686981235290050,0.572387695312,0.23681640625,-0.0409545898438,0.783874511719,-3566.0,7906.0,1372.0,-48.0,9.0,3.0,
1649686981237921237,0.570251464844,0.2373046875,-0.0396728515625,0.785400390625,-3627.0,7888.0,1376.0,-50.0,9.0,4.0,
1649686981242742300,0.567993164062,0.23779296875,-0.038330078125,0.786926269531,-3671.0,7862.0,1384.0,-52.0,10.0,5.0,
1649686981247125387,0.565673828125,0.238342285156,-0.0369262695312,0.788513183594,-3696.0,7786.0,1400.0,-53.0,10.0,6.0,
1649686981263833284,0.563293457031,0.238830566406,-0.0354614257812,0.790100097656,-3712.0,7676.0,1443.0,-54.0,11.0,6.0,
1649686981264922380,0.560852050781,0.239379882812,-0.0339965820312,0.791748046875,-3730.0,7550.0,1483.0,-54.0,11.0,7.0,
1649686981265165567,0.558471679688,0.239868164062,-0.0325317382812,0.793334960938,-3755.0,7426.0,1517.0,-53.0,11.0,7.0,
1649686981266684532,0.55615234375,0.240417480469,-0.031005859375,0.794860839844,-3773.0,7329.0,1563.0,-52.0,12.0,8.0,
1649686981272815465,0.553833007812,0.240966796875,-0.0294799804688,0.79638671875,-3775.0,7252.0,1601.0,-51.0,12.0,8.0,
1649686981277389764,0.551574707031,0.241455078125,-0.0279541015625,0.7978515625,-3758.0,7188.0,1650.0,-51.0,12.0,8.0,
1649686981281885147,0.54931640625,0.241943359375,-0.0263671875,0.79931640625,-3740.0,7154.0,1702.0,-50.0,12.0,9.0,
1649686981286354541,0.547058105469,0.242431640625,-0.0247802734375,0.80078125,-3714.0,7140.0,1737.0,-51.0,12.0,9.0,
1649686981289514303,0.544799804688,0.242858886719,-0.0231323242188,0.80224609375,-3697.0,7110.0,1783.0,-52.0,13.0,9.0,
1649686981294565677,0.54248046875,0.243347167969,-0.021484375,0.8037109375,-3703.0,7044.0,1900.0,-52.0,13.0,9.0,
1649686981302556753,0.540100097656,0.243774414062,-0.0199584960938,0.805236816406,-3719.0,6974.0,2061.0,-50.0,12.0,9.0,
1649686981308447837,0.537780761719,0.244079589844,-0.0184936523438,0.806701660156,-3730.0,7004.0,2177.0,-48.0,10.0,9.0,
1649686981311834812,0.535461425781,0.244323730469,-0.0169677734375,0.808227539062,-3717.0,7128.0,2224.0,-49.0,10.0,10.0,
1649686981316298961,0.533081054688,0.244506835938,-0.0152587890625,0.809753417969,-3682.0,7245.0,2234.0,-54.0,10.0,11.0,
1649686981319296836,0.530517578125,0.244750976562,-0.0134887695312,0.811401367188,-3641.0,7290.0,2243.0,-59.0,10.0,10.0,
1649686981328010320,0.527648925781,0.244934082031,-0.01171875,0.813232421875,-3609.0,7252.0,2264.0,-63.0,10.0,10.0,
1649686981332202672,0.524597167969,0.245239257812,-0.00994873046875,0.815124511719,-3592.0,7154.0,2305.0,-65.0,10.0,9.0,
1649686981340385437,0.521545410156,0.245483398438,-0.0081787109375,0.817016601562,-3565.0,7031.0,2350.0,-65.0,10.0,9.0,
1649686981342573642,0.5185546875,0.245788574219,-0.00640869140625,0.81884765625,-3546.0,6914.0,2388.0,-63.0,10.0,10.0,
1649686981346523284,0.515686035156,0.246032714844,-0.00469970703125,0.820617675781,-3536.0,6859.0,2416.0,-60.0,10.0,10.0,
1649686981349867820,0.512939453125,0.246276855469,-0.00299072265625,0.822265625,-3533.0,6868.0,2429.0,-60.0,10.0,11.0,
1649686981355744600,0.510192871094,0.246459960938,-0.00115966796875,0.823913574219,-3541.0,6914.0,2438.0,-60.0,10.0,12.0,
1649686981367260932,0.507385253906,0.246704101562,0.00067138671875,0.825622558594,-3549.0,6950.0,2472.0,-62.0,10.0,12.0,
1649686981371932744,0.504455566406,0.246826171875,0.0025634765625,0.827331542969,-3558.0,6943.0,2513.0,-64.0,10.0,12.0,
1649686981374066114,0.501403808594,0.247009277344,0.00439453125,0.8291015625,-3550.0,6881.0,2557.0,-65.0,9.0,12.0,
1649686981378698348,0.498352050781,0.247253417969,0.0062255859375,0.830871582031,-3535.0,6773.0,2609.0,-65.0,9.0,11.0,
1649686981385043144,0.495300292969,0.247436523438,0.00799560546875,0.832641601562,-3517.0,6656.0,2650.0,-63.0,9.0,11.0,
1649686981387785673,0.492431640625,0.247619628906,0.00970458984375,0.834289550781,-3512.0,6563.0,2705.0,-60.0,9.0,11.0,
1649686981393533468,0.48974609375,0.247802734375,0.0113525390625,0.835754394531,-3506.0,6515.0,2763.0,-56.0,9.0,11.0,
1649686981399193048,0.487243652344,0.247863769531,0.0130004882812,0.837158203125,-3495.0,6506.0,2816.0,-52.0,8.0,12.0,
1649686981402019023,0.484985351562,0.247985839844,0.0145874023438,0.838439941406,-3483.0,6515.0,2850.0,-49.0,8.0,12.0,
1649686981406340837,0.482849121094,0.248107910156,0.0161743164062,0.839599609375,-3463.0,6544.0,2866.0,-46.0,8.0,12.0,
1649686981409941911,0.480773925781,0.248168945312,0.0177001953125,0.840759277344,-3437.0,6604.0,2870.0,-45.0,8.0,12.0,
1649686981419683218,0.478637695312,0.248291015625,0.019287109375,0.841918945312,-3424.0,6665.0,2878.0,-47.0,8.0,12.0,
1649686981423702716,0.476501464844,0.248352050781,0.0209350585938,0.843078613281,-3427.0,6714.0,2890.0,-48.0,9.0,12.0,
1649686981430505514,0.474243164062,0.24853515625,0.0226440429688,0.84423828125,-3439.0,6724.0,2920.0,-50.0,9.0,12.0,
1649686981432932853,0.471923828125,0.248657226562,0.0242919921875,0.845458984375,-3439.0,6696.0,2957.0,-50.0,9.0,12.0,
1649686981441600084,0.469543457031,0.248840332031,0.0259399414062,0.8466796875,-3436.0,6619.0,3005.0,-51.0,9.0,11.0,
1649686981442984104,0.467163085938,0.248962402344,0.0274658203125,0.847900390625,-3428.0,6514.0,3069.0,-50.0,9.0,11.0,
1649686981448394060,0.46484375,0.249145507812,0.029052734375,0.849060058594,-3412.0,6386.0,3159.0,-48.0,9.0,11.0,
1649686981453153133,0.462585449219,0.249206542969,0.030517578125,0.850219726562,-3394.0,6260.0,3247.0,-45.0,9.0,11.0,
1649686981458035230,0.460510253906,0.249328613281,0.031982421875,0.851257324219,-3373.0,6155.0,3324.0,-41.0,8.0,12.0,
1649686981464344501,0.458618164062,0.249389648438,0.0333251953125,0.852233886719,-3361.0,6085.0,3393.0,-38.0,8.0,11.0,
1649686981471662521,0.456787109375,0.24951171875,0.0346069335938,0.853088378906,-3343.0,6065.0,3447.0,-36.0,8.0,11.0,
1649686981473684310,0.455017089844,0.249572753906,0.0359497070312,0.85400390625,-3349.0,6107.0,3462.0,-36.0,7.0,10.0,
1649686981479754924,0.453125,0.249572753906,0.0372314453125,0.854919433594,-3369.0,6176.0,3474.0,-39.0,6.0,10.0,
1649686981483504295,0.451049804688,0.249572753906,0.0385131835938,0.85595703125,-3356.0,6248.0,3481.0,-44.0,5.0,10.0,
1649686981490354061,0.448791503906,0.249572753906,0.0399169921875,0.857116699219,-3322.0,6297.0,3485.0,-48.0,5.0,9.0,
1649686981494706153,0.4462890625,0.249572753906,0.0413818359375,0.858337402344,-3299.0,6305.0,3500.0,-52.0,7.0,9.0,
1649686981501547098,0.443542480469,0.249633789062,0.0428466796875,0.859680175781,-3287.0,6260.0,3521.0,-55.0,8.0,8.0,
1649686981502260446,0.440673828125,0.249816894531,0.0443725585938,0.861022949219,-3274.0,6179.0,3519.0,-57.0,9.0,7.0,
1649686981506349802,0.437805175781,0.250061035156,0.0458374023438,0.8623046875,-3267.0,6073.0,3505.0,-57.0,10.0,7.0,
1649686981515863895,0.434936523438,0.250366210938,0.0473022460938,0.863586425781,-3261.0,5988.0,3477.0,-56.0,10.0,6.0,
1649686981517402648,0.43212890625,0.250793457031,0.0487060546875,0.864807128906,-3228.0,5910.0,3418.0,-55.0,11.0,6.0,
1649686981524416685,0.429443359375,0.251220703125,0.0501098632812,0.865966796875,-3191.0,5817.0,3381.0,-54.0,12.0,5.0,
1649686981525005340,0.4267578125,0.251708984375,0.051513671875,0.867065429688,-3158.0,5745.0,3369.0,-53.0,13.0,5.0,
1649686981530848979,0.424133300781,0.252258300781,0.0529174804688,0.868103027344,-3123.0,5681.0,3361.0,-51.0,14.0,4.0,
1649686981536464452,0.421630859375,0.252868652344,0.05419921875,0.869018554688,-3088.0,5635.0,3369.0,-48.0,15.0,4.0,
1649686981542475461,0.419250488281,0.253479003906,0.0555419921875,0.869934082031,-3057.0,5604.0,3382.0,-46.0,15.0,3.0,
1649686981547816038,0.4169921875,0.254150390625,0.0567626953125,0.870727539062,-3040.0,5575.0,3397.0,-44.0,16.0,3.0,
1649686981551774740,0.414794921875,0.254943847656,0.0579223632812,0.871459960938,-3014.0,5556.0,3418.0,-42.0,17.0,2.0,
1649686981562011718,0.412658691406,0.255737304688,0.05908203125,0.872192382812,-2993.0,5549.0,3434.0,-40.0,17.0,0.0,
1649686981562528371,0.410522460938,0.256591796875,0.0601196289062,0.872863769531,-2977.0,5550.0,3467.0,-40.0,17.0,-1.0,
1649686981572906970,0.406127929688,0.258178710938,0.06201171875,0.874328613281,-2964.0,5546.0,3672.0,-41.0,16.0,-3.0,
1649686981579211235,0.403869628906,0.258911132812,0.0629272460938,0.875122070312,-2949.0,5569.0,3795.0,-40.0,16.0,-3.0,
1649686981583652257,0.401611328125,0.259643554688,0.0637817382812,0.875854492188,-2973.0,5590.0,3942.0,-39.0,16.0,-4.0,
1649686981587967395,0.399353027344,0.260375976562,0.0646362304688,0.876586914062,-3028.0,5673.0,4138.0,-39.0,16.0,-3.0,
1649686981591753244,0.397094726562,0.261047363281,0.0655517578125,0.877380371094,-3072.0,5830.0,4343.0,-39.0,15.0,-3.0,
1649686981594777107,0.394958496094,0.261535644531,0.0664672851562,0.878112792969,-3081.0,5972.0,4544.0,-38.0,13.0,-1.0,
1649686981600390911,0.392822265625,0.261840820312,0.0673828125,0.87890625,-3055.0,6034.0,4727.0,-39.0,12.0,-1.0,
1649686981612863063,0.390563964844,0.262145996094,0.0682373046875,0.879760742188,-3002.0,6005.0,4872.0,-39.0,10.0,-3.0,
1649686981613483190,0.388244628906,0.262390136719,0.0689697265625,0.880676269531,-2955.0,5889.0,5019.0,-39.0,9.0,-4.0,
1649686981625083923,0.385986328125,0.262573242188,0.0695190429688,0.881591796875,-2918.0,5708.0,5128.0,-37.0,8.0,-5.0,
1649686981625964879,0.383728027344,0.262756347656,0.0698852539062,0.882446289062,-2877.0,5551.0,5173.0,-34.0,6.0,-7.0,
1649686981626815795,0.381591796875,0.262878417969,0.070068359375,0.88330078125,-2799.0,5463.0,5115.0,-33.0,5.0,-9.0,
1649686981651546478,0.379577636719,0.263000488281,0.0701904296875,0.884155273438,-2654.0,5434.0,5001.0,-33.0,3.0,-10.0,
1649686981652076482,0.377685546875,0.263122558594,0.0703125,0.884948730469,-2491.0,5438.0,4869.0,-33.0,4.0,-12.0,
1649686981652580022,0.375671386719,0.263366699219,0.0704345703125,0.885681152344,-2369.0,5483.0,4770.0,-35.0,5.0,-14.0,
1649686981653595924,0.37353515625,0.263671875,0.070556640625,0.886474609375,-2282.0,5565.0,4693.0,-38.0,6.0,-16.0,
1649686981653855085,0.371154785156,0.264099121094,0.0706176757812,0.887390136719,-2247.0,5630.0,4674.0,-42.0,8.0,-18.0,
1649686981654771089,0.36865234375,0.264709472656,0.0706787109375,0.888244628906,-2285.0,5637.0,4765.0,-43.0,11.0,-20.0,
1649686981662733078,0.366027832031,0.265502929688,0.070556640625,0.889099121094,-2399.0,5589.0,4957.0,-41.0,12.0,-21.0,
1649686981673854827,0.363403320312,0.266357421875,0.0703125,0.889953613281,-2543.0,5559.0,5245.0,-38.0,12.0,-22.0,
1649686981676549911,0.359069824219,0.267761230469,0.0696411132812,0.891296386719,-2831.0,5940.0,5720.0,-26.0,10.0,-20.0,
1649686981681087255,0.357482910156,0.268310546875,0.0693969726562,0.891784667969,-2983.0,6293.0,5829.0,-24.0,9.0,-17.0,
1649686981685438394,0.356140136719,0.268737792969,0.0693969726562,0.892211914062,-3161.0,6623.0,5931.0,-24.0,7.0,-14.0,
1649686981690161228,0.354736328125,0.269165039062,0.0693969726562,0.892639160156,-3348.0,6836.0,5929.0,-26.0,7.0,-13.0,
1649686981694686651,0.353332519531,0.269653320312,0.0693969726562,0.89306640625,-3521.0,6807.0,5930.0,-27.0,6.0,-11.0,
1649686981699429035,0.351806640625,0.270080566406,0.0693359375,0.893493652344,-3617.0,6603.0,5950.0,-25.0,5.0,-11.0,
1649686981707531690,0.350463867188,0.2705078125,0.0691528320312,0.893920898438,-3672.0,6322.0,5912.0,-19.0,4.0,-11.0,
1649686981712117910,0.349548339844,0.270812988281,0.0689086914062,0.894226074219,-3661.0,6086.0,5832.0,-11.0,3.0,-9.0,
1649686981716627597,0.349182128906,0.271057128906,0.0685424804688,0.894348144531,-3604.0,5941.0,5700.0,-2.0,1.0,-7.0,
1649686981719851016,0.349365234375,0.271179199219,0.0682373046875,0.894226074219,-3541.0,5836.0,5549.0,4.0,1.0,-6.0,
1649686981724809646,0.349731445312,0.271362304688,0.0679321289062,0.89404296875,-3488.0,5689.0,5402.0,8.0,1.0,-6.0,
1649686981732616186,0.350219726562,0.271667480469,0.0674438476562,0.893798828125,-3448.0,5471.0,5280.0,10.0,2.0,-6.0,
1649686981736920595,0.350646972656,0.272094726562,0.0669555664062,0.8935546875,-3416.0,5226.0,5185.0,12.0,3.0,-7.0,
1649686981741826772,0.351135253906,0.272583007812,0.0662841796875,0.893249511719,-3391.0,5014.0,5117.0,14.0,4.0,-8.0,
1649686981777813911,0.351623535156,0.273132324219,0.0656127929688,0.892944335938,-3375.0,4863.0,5074.0,15.0,4.0,-9.0,
1649686981779028892,0.352172851562,0.273620605469,0.06494140625,0.892639160156,-3370.0,4784.0,5046.0,16.0,4.0,-9.0,
1649686981780273675,0.352661132812,0.274108886719,0.0642700195312,0.892333984375,-3380.0,4764.0,5039.0,15.0,4.0,-9.0,
1649686981780642271,0.353088378906,0.274597167969,0.0635986328125,0.89208984375,-3410.0,4797.0,5036.0,13.0,4.0,-10.0,
1649686981781294584,0.353332519531,0.275024414062,0.0629272460938,0.891906738281,-3433.0,4885.0,5056.0,9.0,3.0,-10.0,
1649686981781965017,0.353393554688,0.275329589844,0.0623779296875,0.891784667969,-3446.0,5035.0,5055.0,4.0,2.0,-11.0,
1649686981782662868,0.353271484375,0.275573730469,0.0619506835938,0.891845703125,-3469.0,5210.0,5065.0,-1.0,1.0,-10.0,
1649686981783736467,0.352844238281,0.275817871094,0.0615844726562,0.891967773438,-3494.0,5354.0,5009.0,-7.0,1.0,-10.0,
1649686981788961648,0.352233886719,0.276000976562,0.0613403320312,0.89208984375,-3532.0,5393.0,4959.0,-11.0,1.0,-10.0,
1649686981793208837,0.351440429688,0.276245117188,0.0610961914062,0.892395019531,-3562.0,5374.0,4926.0,-14.0,1.0,-10.0,
1649686981799005508,0.3505859375,0.276489257812,0.0608520507812,0.892700195312,-3578.0,5361.0,4884.0,-14.0,0.0,-9.0,
1649686981802996873,0.349792480469,0.276672363281,0.0606079101562,0.892944335938,-3577.0,5340.0,4811.0,-12.0,0.0,-8.0,
1649686981809758186,0.349182128906,0.27685546875,0.0604248046875,0.893127441406,-3570.0,5305.0,4713.0,-10.0,1.0,-8.0,
1649686981816117286,0.348693847656,0.277160644531,0.0601806640625,0.893249511719,-3558.0,5209.0,4619.0,-8.0,2.0,-8.0,
1649686981820445537,0.348266601562,0.277526855469,0.0599365234375,0.893310546875,-3552.0,5080.0,4563.0,-7.0,2.0,-8.0,
1649686981821201086,0.347839355469,0.277893066406,0.0595703125,0.893371582031,-3565.0,5001.0,4539.0,-4.0,3.0,-8.0,
1649686981827948093,0.347595214844,0.278259277344,0.0592651367188,0.893371582031,-3579.0,4999.0,4543.0,-2.0,3.0,-7.0,
1649686981832170248,0.347534179688,0.278625488281,0.0589599609375,0.893310546875,-3602.0,5061.0,4556.0,1.0,2.0,-7.0,
1649686981836457014,0.34765625,0.278930664062,0.0586547851562,0.893188476562,-3623.0,5142.0,4582.0,3.0,2.0,-6.0,
1649686981839925765,0.347839355469,0.279235839844,0.058349609375,0.89306640625,-3637.0,5206.0,4625.0,4.0,2.0,-6.0,
1649686981844722509,0.348205566406,0.279541015625,0.0580444335938,0.892822265625,-3623.0,5239.0,4670.0,6.0,2.0,-5.0,
1649686981852573156,0.348571777344,0.27978515625,0.0577392578125,0.892639160156,-3608.0,5241.0,4706.0,8.0,3.0,-5.0,
1649686981856981754,0.34912109375,0.280029296875,0.0574340820312,0.892395019531,-3615.0,5257.0,4752.0,10.0,2.0,-4.0,
1649686981863585710,0.349731445312,0.280212402344,0.05712890625,0.89208984375,-3644.0,5317.0,4816.0,12.0,1.0,-4.0,
1649686981865173578,0.350463867188,0.2802734375,0.0568237304688,0.891784667969,-3692.0,5443.0,4882.0,13.0,0.0,-2.0,
1649686981872203350,0.351257324219,0.2802734375,0.0565795898438,0.891479492188,-3727.0,5623.0,4950.0,14.0,-1.0,-1.0,
1649686981877915382,0.352233886719,0.280151367188,0.056396484375,0.891174316406,-3754.0,5809.0,5000.0,14.0,-2.0,0.0,
1649686981883869171,0.353210449219,0.279968261719,0.0562744140625,0.890869140625,-3771.0,5968.0,5017.0,14.0,-3.0,1.0,
1649686981888298749,0.354248046875,0.279724121094,0.05615234375,0.890502929688,-3779.0,6078.0,5018.0,14.0,-3.0,2.0,
1649686981892855644,0.355224609375,0.279479980469,0.0560913085938,0.890197753906,-3782.0,6137.0,4996.0,14.0,-4.0,3.0,
1649686981897505044,0.356323242188,0.279235839844,0.0560913085938,0.889831542969,-3783.0,6133.0,4960.0,14.0,-4.0,4.0,
1649686981902135372,0.357360839844,0.278991699219,0.0560302734375,0.889526367188,-3762.0,6069.0,4889.0,15.0,-4.0,5.0,
1649686981906818628,0.358459472656,0.278747558594,0.0560302734375,0.88916015625,-3716.0,5992.0,4775.0,16.0,-4.0,5.0,
1649686981910024881,0.359619140625,0.278503417969,0.0559692382812,0.888732910156,-3653.0,5963.0,4633.0,16.0,-4.0,5.0,
1649686981950857877,0.360717773438,0.278259277344,0.0560302734375,0.888366699219,-3599.0,5948.0,4508.0,15.0,-4.0,5.0,
1649686981951531171,0.361755371094,0.278076171875,0.05615234375,0.888000488281,-3528.0,5909.0,4395.0,13.0,-3.0,5.0,
1649686981952113389,0.362609863281,0.277893066406,0.0562133789062,0.8876953125,-3471.0,5829.0,4326.0,10.0,-2.0,4.0,
1649686981952965021,0.363220214844,0.277893066406,0.0562744140625,0.887451171875,-3421.0,5725.0,4301.0,8.0,0.0,3.0,
1649686981953275203,0.363586425781,0.277893066406,0.0563354492188,0.887329101562,-3383.0,5629.0,4308.0,5.0,0.0,1.0,
1649686981953849315,0.36376953125,0.277893066406,0.056396484375,0.88720703125,-3366.0,5564.0,4356.0,1.0,1.0,0.0,
1649686981954029321,0.363647460938,0.277954101562,0.0564575195312,0.887268066406,-3374.0,5531.0,4428.0,-2.0,2.0,-1.0,
1649686981954782485,0.363403320312,0.278076171875,0.0565185546875,0.887329101562,-3397.0,5486.0,4540.0,-4.0,2.0,-2.0,
1649686981957359075,0.362976074219,0.278198242188,0.0565795898438,0.887451171875,-3430.0,5441.0,4679.0,-6.0,2.0,-3.0,
1649686981962059259,0.362426757812,0.278259277344,0.0565795898438,0.887634277344,-3472.0,5403.0,4834.0,-7.0,2.0,-3.0,
1649686981966518163,0.36181640625,0.278259277344,0.0565795898438,0.887878417969,-3512.0,5384.0,4988.0,-7.0,1.0,-4.0,
1649686981970032453,0.361206054688,0.278259277344,0.0564575195312,0.888122558594,-3543.0,5380.0,5134.0,-7.0,0.0,-4.0,
1649686981977350473,0.360717773438,0.278198242188,0.056396484375,0.888366699219,-3556.0,5387.0,5275.0,-6.0,-1.0,-4.0,
1649686981983317136,0.360290527344,0.278015136719,0.0562744140625,0.888610839844,-3559.0,5402.0,5409.0,-4.0,-2.0,-4.0,
1649686981987725496,0.360046386719,0.277770996094,0.0560913085938,0.888793945312,-3555.0,5439.0,5522.0,-1.0,-3.0,-3.0,
1649686981992354869,0.359924316406,0.277465820312,0.0558471679688,0.888977050781,-3545.0,5487.0,5608.0,1.0,-4.0,-3.0,
1649686981997003555,0.359985351562,0.277099609375,0.0556030273438,0.889099121094,-3519.0,5528.0,5660.0,3.0,-5.0,-3.0,
1649686982003966808,0.360107421875,0.276672363281,0.0553588867188,0.88916015625,-3483.0,5549.0,5682.0,4.0,-6.0,-2.0,
1649686982021837234,0.360412597656,0.276245117188,0.0551147460938,0.88916015625,-3438.0,5554.0,5671.0,7.0,-6.0,-2.0,
1649686982022913932,0.360900878906,0.275756835938,0.0548095703125,0.88916015625,-3385.0,5551.0,5620.0,9.0,-7.0,-2.0,
1649686982023507595,0.361450195312,0.275329589844,0.054443359375,0.889099121094,-3341.0,5545.0,5563.0,11.0,-7.0,-2.0,
1649686982024161100,0.362060546875,0.274841308594,0.0540771484375,0.889038085938,-3294.0,5554.0,5479.0,11.0,-7.0,-2.0,
1649686982027273178,0.362670898438,0.2744140625,0.0537109375,0.888916015625,-3256.0,5582.0,5389.0,11.0,-7.0,-2.0,
1649686982029986858,0.36328125,0.274047851562,0.0534057617188,0.888793945312,-3221.0,5629.0,5282.0,9.0,-7.0,-2.0,
1649686982034415960,0.363708496094,0.273681640625,0.0531616210938,0.888732910156,-3185.0,5675.0,5183.0,6.0,-6.0,-2.0,
1649686982041820764,0.364013671875,0.273315429688,0.052978515625,0.888732910156,-3155.0,5712.0,5098.0,3.0,-5.0,-2.0,
1649686982045022487,0.364074707031,0.273071289062,0.0528564453125,0.888793945312,-3144.0,5723.0,5035.0,0.0,-5.0,-3.0,
1649686982049501180,0.364013671875,0.272827148438,0.0527954101562,0.888916015625,-3159.0,5709.0,4995.0,-3.0,-4.0,-3.0,
1649686982057012081,0.363830566406,0.272644042969,0.0526733398438,0.889038085938,-3186.0,5695.0,4964.0,-4.0,-3.0,-3.0,
1649686982059861183,0.363708496094,0.272521972656,0.0526123046875,0.88916015625,-3220.0,5681.0,4949.0,-3.0,-2.0,-3.0,
1649686982065694808,0.363586425781,0.2724609375,0.052490234375,0.889221191406,-3254.0,5665.0,4953.0,-3.0,-2.0,-3.0,
1649686982072320699,0.363464355469,0.272399902344,0.0523681640625,0.889282226562,-3283.0,5653.0,4961.0,-1.0,-2.0,-3.0,
1649686982077287435,0.363403320312,0.272338867188,0.05224609375,0.889343261719,-3319.0,5634.0,4983.0,-1.0,-1.0,-3.0,
1649686982082972526,0.363403320312,0.272338867188,0.0521240234375,0.889343261719,-3363.0,5619.0,5011.0,0.0,-1.0,-3.0,
1649686982087328910,0.363403320312,0.272277832031,0.0519409179688,0.889404296875,-3410.0,5592.0,5043.0,1.0,-1.0,-3.0,
1649686982091892719,0.363464355469,0.272277832031,0.0517578125,0.889343261719,-3451.0,5547.0,5076.0,3.0,-1.0,-3.0,
1649686982125021457,0.363647460938,0.272277832031,0.051513671875,0.889343261719,-3482.0,5482.0,5115.0,5.0,-1.0,-3.0,
1649686982128229856,0.363952636719,0.272216796875,0.05126953125,0.889221191406,-3512.0,5414.0,5160.0,8.0,-1.0,-3.0,
1649686982128591775,0.364379882812,0.272216796875,0.0509033203125,0.889038085938,-3545.0,5358.0,5197.0,12.0,-2.0,-2.0,
1649686982129664421,0.365112304688,0.272155761719,0.0504760742188,0.888793945312,-3577.0,5334.0,5226.0,16.0,-3.0,-2.0,
1649686982131125926,0.366088867188,0.272033691406,0.0499877929688,0.888488769531,-3609.0,5333.0,5248.0,20.0,-3.0,-1.0,
1649686982132695913,0.367309570312,0.271911621094,0.0494384765625,0.888061523438,-3615.0,5352.0,5233.0,24.0,-4.0,-1.0,
1649686982133459568,0.368835449219,0.271789550781,0.0488891601562,0.887451171875,-3621.0,5352.0,5180.0,29.0,-4.0,0.0,
1649686982134006023,0.370544433594,0.271667480469,0.0482788085938,0.886840820312,-3637.0,5368.0,5122.0,32.0,-4.0,0.0,
1649686982134919404,0.372314453125,0.271545410156,0.0476684570312,0.886169433594,-3651.0,5474.0,5055.0,33.0,-5.0,0.0,
1649686982139217615,0.374084472656,0.271362304688,0.047119140625,0.885498046875,-3648.0,5613.0,4946.0,31.0,-5.0,1.0,
1649686982146767854,0.375793457031,0.271118164062,0.0467529296875,0.884887695312,-3643.0,5706.0,4852.0,27.0,-5.0,2.0,
1649686982149800777,0.377136230469,0.270935058594,0.04638671875,0.884399414062,-3627.0,5746.0,4771.0,22.0,-5.0,1.0,
1649686982154323339,0.378173828125,0.270690917969,0.046142578125,0.883972167969,-3623.0,5764.0,4714.0,16.0,-5.0,1.0,
1649686982161695480,0.378967285156,0.2705078125,0.0459594726562,0.883728027344,-3623.0,5791.0,4651.0,12.0,-4.0,1.0,
1649686982164825677,0.379516601562,0.270324707031,0.0458374023438,0.883605957031,-3632.0,5827.0,4587.0,7.0,-4.0,1.0,
1649686982169236660,0.3798828125,0.270141601562,0.0457763671875,0.883483886719,-3629.0,5854.0,4523.0,4.0,-4.0,1.0,
1649686982179186105,0.380126953125,0.27001953125,0.0458374023438,0.883422851562,-3619.0,5836.0,4468.0,1.0,-3.0,1.0,
1649686982181913137,0.380249023438,0.269958496094,0.0458374023438,0.883361816406,-3597.0,5791.0,4422.0,0.0,-2.0,1.0,
1649686982215466260,0.380310058594,0.269897460938,0.0458374023438,0.883361816406,-3571.0,5745.0,4382.0,-1.0,-2.0,0.0,
1649686982216567754,0.38037109375,0.269836425781,0.0458984375,0.883361816406,-3545.0,5702.0,4338.0,0.0,-1.0,1.0,
1649686982217479705,0.380554199219,0.269836425781,0.0458984375,0.883239746094,-3524.0,5665.0,4290.0,1.0,0.0,1.0,
1649686982218093395,0.380859375,0.269897460938,0.0459594726562,0.883117675781,-3510.0,5633.0,4264.0,3.0,0.0,1.0,
1649686982218814373,0.381225585938,0.269897460938,0.0460205078125,0.882934570312,-3512.0,5601.0,4279.0,5.0,0.0,2.0,
1649686982219744682,0.381713867188,0.269897460938,0.0460205078125,0.882751464844,-3505.0,5587.0,4311.0,8.0,0.0,2.0,
1649686982220674514,0.382385253906,0.269897460938,0.0460205078125,0.882446289062,-3504.0,5572.0,4330.0,11.0,0.0,2.0,
1649686982221414327,0.383178710938,0.269897460938,0.0459594726562,0.882080078125,-3497.0,5548.0,4346.0,14.0,0.0,3.0,
1649686982224851369,0.384216308594,0.269958496094,0.0458374023438,0.881652832031,-3493.0,5482.0,4356.0,18.0,0.0,3.0,
1649686982232076883,0.385375976562,0.269958496094,0.045654296875,0.881164550781,-3489.0,5413.0,4396.0,21.0,0.0,3.0,
1649686982235299348,0.38671875,0.269958496094,0.0453491210938,0.880554199219,-3487.0,5371.0,4464.0,25.0,0.0,3.0,
1649686982251029491,0.388305664062,0.269897460938,0.0451049804688,0.879943847656,-3497.0,5373.0,4544.0,30.0,-1.0,4.0,
1649686982251824140,0.390014648438,0.269714355469,0.0447387695312,0.879211425781,-3489.0,5446.0,4632.0,33.0,-2.0,5.0,
1649686982271400213,0.391906738281,0.269409179688,0.0444946289062,0.878479003906,-3465.0,5559.0,4700.0,34.0,-3.0,6.0,
1649686982273506641,0.393859863281,0.26904296875,0.0442504882812,0.877746582031,-3435.0,5683.0,4775.0,33.0,-4.0,6.0,
1649686982273860931,0.395629882812,0.268615722656,0.0441284179688,0.877075195312,-3392.0,5782.0,4820.0,31.0,-4.0,6.0,
1649686982274421215,0.397338867188,0.268188476562,0.0439453125,0.87646484375,-3346.0,5827.0,4829.0,29.0,-4.0,6.0,
1649686982310958862,0.398986816406,0.267761230469,0.0438232421875,0.875854492188,-3303.0,5845.0,4809.0,28.0,-4.0,6.0,
1649686982311404228,0.400451660156,0.267395019531,0.0436401367188,0.875305175781,-3281.0,5866.0,4769.0,26.0,-4.0,6.0,
1649686982312098264,0.401916503906,0.267028808594,0.0435791015625,0.874755859375,-3270.0,5929.0,4733.0,24.0,-5.0,6.0,
1649686982312735319,0.403259277344,0.266540527344,0.0435180664062,0.874267578125,-3279.0,6032.0,4687.0,22.0,-5.0,7.0,
1649686982314775705,0.404541015625,0.26611328125,0.0435180664062,0.873779296875,-3281.0,6158.0,4632.0,19.0,-5.0,7.0,
1649686982315714120,0.405639648438,0.265625,0.0435791015625,0.873413085938,-3275.0,6264.0,4582.0,15.0,-5.0,7.0,
1649686982316395521,0.406555175781,0.265197753906,0.0437622070312,0.873168945312,-3254.0,6321.0,4501.0,12.0,-5.0,6.0,
1649686982317185878,0.407287597656,0.264831542969,0.0439453125,0.872924804688,-3239.0,6308.0,4417.0,8.0,-3.0,6.0,
1649686982321306705,0.407836914062,0.264587402344,0.0441284179688,0.872680664062,-3225.0,6255.0,4351.0,6.0,-3.0,5.0,
1649686982321947097,0.408813476562,0.26416015625,0.04443359375,0.872375488281,-3218.0,6158.0,4233.0,6.0,-2.0,4.0,
1649686982325343847,0.409301757812,0.263977050781,0.0444946289062,0.872192382812,-3203.0,6129.0,4177.0,6.0,-2.0,3.0,
1649686982329629421,0.409790039062,0.263916015625,0.0445556640625,0.871948242188,-3194.0,6109.0,4126.0,7.0,-1.0,3.0,
1649686982337410926,0.410339355469,0.263854980469,0.0446166992188,0.871765136719,-3182.0,6088.0,4101.0,7.0,0.0,2.0,
1649686982341898441,0.410827636719,0.263793945312,0.044677734375,0.871520996094,-3172.0,6064.0,4067.0,8.0,0.0,2.0,
1649686982344824552,0.411376953125,0.263854980469,0.044677734375,0.871215820312,-3170.0,6051.0,4040.0,8.0,1.0,1.0,
1649686982352392911,0.411987304688,0.263916015625,0.0446166992188,0.870971679688,-3165.0,6046.0,4030.0,9.0,1.0,0.0,
1649686982355258703,0.412536621094,0.263916015625,0.0445556640625,0.870666503906,-3160.0,6053.0,4016.0,9.0,1.0,0.0,
1649686982359914064,0.413208007812,0.263977050781,0.04443359375,0.870361328125,-3152.0,6072.0,4013.0,10.0,1.0,-1.0,
1649686982364543437,0.413818359375,0.264099121094,0.0443115234375,0.870056152344,-3155.0,6102.0,4039.0,10.0,1.0,-1.0,
1649686982400015115,0.414428710938,0.26416015625,0.0441284179688,0.869750976562,-3154.0,6143.0,4091.0,10.0,1.0,-1.0,
1649686982400853395,0.414978027344,0.26416015625,0.0440063476562,0.869445800781,-3149.0,6199.0,4147.0,10.0,0.0,-2.0,
1649686982407052993,0.415466308594,0.26416015625,0.0438842773438,0.869262695312,-3133.0,6270.0,4194.0,9.0,0.0,-2.0,
1649686982407653093,0.415893554688,0.264099121094,0.0437622070312,0.869079589844,-3115.0,6339.0,4239.0,7.0,0.0,-2.0,
1649686982409319162,0.416259765625,0.264038085938,0.0437622070312,0.868896484375,-3099.0,6383.0,4283.0,5.0,0.0,-1.0,
1649686982409969091,0.416442871094,0.263916015625,0.043701171875,0.868835449219,-3082.0,6409.0,4332.0,3.0,0.0,-1.0,
1649686982410589933,0.416564941406,0.263793945312,0.043701171875,0.868835449219,-3065.0,6421.0,4382.0,2.0,-1.0,-1.0,
1649686982411121368,0.416687011719,0.263610839844,0.043701171875,0.868835449219,-3037.0,6427.0,4416.0,1.0,-1.0,-1.0,
1649686982411820650,0.416809082031,0.263427734375,0.043701171875,0.868835449219,-3011.0,6433.0,4421.0,1.0,-2.0,-1.0,
1649686982416356563,0.416931152344,0.26318359375,0.0437622070312,0.868835449219,-2993.0,6411.0,4411.0,2.0,-2.0,0.0,
1649686982420801639,0.417114257812,0.262939453125,0.0437622070312,0.868835449219,-2993.0,6379.0,4400.0,2.0,-2.0,0.0,
1649686982428332567,0.417358398438,0.262756347656,0.0437622070312,0.868774414062,-3002.0,6357.0,4386.0,3.0,-2.0,0.0,
1649686982430369138,0.417602539062,0.262573242188,0.0437622070312,0.868713378906,-3026.0,6351.0,4377.0,4.0,-2.0,1.0,
1649686982434808254,0.417907714844,0.262329101562,0.043701171875,0.86865234375,-3054.0,6346.0,4371.0,4.0,-3.0,1.0,
1649686982439534187,0.418273925781,0.262084960938,0.043701171875,0.868530273438,-3082.0,6352.0,4361.0,5.0,-3.0,1.0,
1649686982447095155,0.418579101562,0.261840820312,0.043701171875,0.868469238281,-3112.0,6350.0,4356.0,5.0,-3.0,2.0,
1649686982449818611,0.4189453125,0.261657714844,0.043701171875,0.868347167969,-3130.0,6332.0,4353.0,5.0,-3.0,2.0,
1649686982454761505,0.419250488281,0.261474609375,0.043701171875,0.868225097656,-3151.0,6295.0,4343.0,5.0,-2.0,1.0,
1649686982464410305,0.419616699219,0.261352539062,0.0436401367188,0.868103027344,-3181.0,6244.0,4333.0,6.0,-2.0,1.0,
1649686982466074228,0.420043945312,0.26123046875,0.0435791015625,0.867980957031,-3204.0,6213.0,4312.0,7.0,-2.0,1.0,
1649686982473060607,0.420471191406,0.261108398438,0.04345703125,0.867797851562,-3209.0,6225.0,4281.0,8.0,-2.0,1.0,
1649686982475144863,0.421020507812,0.260925292969,0.0433349609375,0.867553710938,-3195.0,6282.0,4249.0,8.0,-2.0,1.0,
1649686982479638338,0.421447753906,0.260803222656,0.0432739257812,0.867370605469,-3178.0,6353.0,4203.0,6.0,-2.0,0.0,
1649686982490749835,0.421813964844,0.260681152344,0.0432739257812,0.867248535156,-3172.0,6407.0,4165.0,4.0,-2.0,0.0,
1649686982493849754,0.421997070312,0.260559082031,0.0432739257812,0.8671875,-3175.0,6425.0,4156.0,1.0,-1.0,-1.0,
1649686982498728275,0.421997070312,0.260498046875,0.0432739257812,0.867248535156,-3181.0,6414.0,4159.0,-2.0,-1.0,-1.0,
1649686982502682685,0.421875,0.260498046875,0.0433349609375,0.867309570312,-3197.0,6378.0,4174.0,-3.0,-1.0,-1.0,
1649686982507613897,0.421691894531,0.260437011719,0.0433959960938,0.867370605469,-3221.0,6305.0,4241.0,-4.0,-1.0,-1.0,
1649686982515140771,0.421447753906,0.260375976562,0.0433959960938,0.867492675781,-3233.0,6212.0,4323.0,-3.0,-1.0,-1.0,
1649686982525657653,0.421264648438,0.260314941406,0.0433349609375,0.86767578125,-3250.0,6145.0,4421.0,-2.0,-1.0,-1.0,
1649686982527035474,0.421142578125,0.26025390625,0.043212890625,0.867736816406,-3284.0,6115.0,4517.0,1.0,-1.0,-2.0,
