1648715283969860792,0.107849121094,0.154052734375,-0.119262695312,0.974853515625,-2520.0,1429.0,7552.0,-3.0,2.0,-3.0,
1648715283973704099,0.107666015625,0.154235839844,-0.119323730469,0.974853515625,-2553.0,1484.0,7564.0,-4.0,2.0,-3.0,
1648715283980493783,0.107482910156,0.154479980469,-0.119323730469,0.974792480469,-2591.0,1543.0,7563.0,-6.0,2.0,-2.0,
1648715283986813545,0.107116699219,0.15478515625,-0.119323730469,0.974792480469,-2611.0,1556.0,7549.0,-8.0,3.0,-2.0,
1648715283991531610,0.106689453125,0.155090332031,-0.119262695312,0.974853515625,-2612.0,1517.0,7526.0,-10.0,3.0,-2.0,
1648715283997154235,0.106079101562,0.155395507812,-0.119201660156,0.974853515625,-2610.0,1453.0,7512.0,-10.0,4.0,-1.0,
1648715284000926256,0.105590820312,0.15576171875,-0.119140625,0.974853515625,-2620.0,1406.0,7510.0,-9.0,4.0,-1.0,
1648715284006461381,0.105102539062,0.156066894531,-0.119079589844,0.974853515625,-2646.0,1400.0,7519.0,-8.0,4.0,-1.0,
1648715284010318756,0.104797363281,0.156372070312,-0.119079589844,0.974853515625,-2676.0,1414.0,7537.0,-6.0,4.0,-1.0,
1648715284015037298,0.104614257812,0.156677246094,-0.119018554688,0.974853515625,-2697.0,1421.0,7568.0,-5.0,3.0,-1.0,
1648715284021087408,0.104431152344,0.156921386719,-0.118957519531,0.974792480469,-2715.0,1426.0,7597.0,-4.0,3.0,-1.0,
1648715284025590419,0.104309082031,0.157165527344,-0.118896484375,0.974792480469,-2735.0,1430.0,7600.0,-3.0,3.0,0.0,
1648715284029773235,0.104248046875,0.157409667969,-0.118835449219,0.974792480469,-2743.0,1453.0,7575.0,-3.0,3.0,0.0,
1648715284036211729,0.104248046875,0.157592773438,-0.118713378906,0.974731445312,-2747.0,1467.0,7553.0,-2.0,2.0,0.0,
1648715284041217565,0.104187011719,0.157775878906,-0.11865234375,0.974731445312,-2755.0,1473.0,7526.0,-2.0,2.0,0.0,
1648715284044837236,0.104187011719,0.158020019531,-0.118530273438,0.974731445312,-2763.0,1496.0,7513.0,-3.0,2.0,1.0,
1648715284049510955,0.104125976562,0.158203125,-0.118408203125,0.974731445312,-2772.0,1540.0,7498.0,-3.0,2.0,1.0,
1648715284055239200,0.10400390625,0.158386230469,-0.118286132812,0.974670410156,-2774.0,1573.0,7477.0,-4.0,2.0,1.0,
1648715284061629772,0.103881835938,0.158569335938,-0.118103027344,0.974670410156,-2759.0,1559.0,7454.0,-6.0,2.0,1.0,
1648715284068369388,0.103576660156,0.158874511719,-0.117980957031,0.974731445312,-2737.0,1515.0,7426.0,-7.0,3.0,0.0,
1648715284069949150,0.103210449219,0.159118652344,-0.117797851562,0.974731445312,-2714.0,1463.0,7421.0,-7.0,4.0,0.0,
1648715284075140237,0.102783203125,0.159423828125,-0.11767578125,0.974731445312,-2689.0,1437.0,7448.0,-7.0,4.0,0.0,
1648715284079716920,0.102478027344,0.15966796875,-0.117614746094,0.974731445312,-2675.0,1439.0,7492.0,-7.0,4.0,0.0,
1648715284085667848,0.102172851562,0.159912109375,-0.117492675781,0.974731445312,-2665.0,1447.0,7559.0,-7.0,4.0,-1.0,
1648715284093564271,0.101867675781,0.16015625,-0.117431640625,0.974731445312,-2668.0,1438.0,7612.0,-6.0,4.0,-1.0,
1648715284097822666,0.1015625,0.160400390625,-0.117370605469,0.974731445312,-2663.0,1410.0,7643.0,-6.0,4.0,-1.0,
1648715284102313995,0.101257324219,0.16064453125,-0.117370605469,0.974731445312,-2648.0,1366.0,7650.0,-5.0,4.0,-1.0,
1648715284106870889,0.101013183594,0.160888671875,-0.117309570312,0.974731445312,-2642.0,1316.0,7656.0,-4.0,3.0,-1.0,
1648715284111840248,0.100769042969,0.1611328125,-0.117309570312,0.974731445312,-2630.0,1285.0,7657.0,-3.0,3.0,-1.0,
1648715284116199493,0.100646972656,0.161315917969,-0.117309570312,0.974670410156,-2634.0,1284.0,7671.0,-2.0,3.0,-1.0,
1648715284121336936,0.1005859375,0.161437988281,-0.117309570312,0.974670410156,-2639.0,1337.0,7681.0,-2.0,3.0,-1.0,
1648715284126585483,0.1005859375,0.16162109375,-0.117248535156,0.974670410156,-2653.0,1411.0,7671.0,-2.0,3.0,0.0,
1648715284130625009,0.1005859375,0.161804199219,-0.117126464844,0.974609375,-2666.0,1459.0,7666.0,-3.0,3.0,0.0,
1648715284134988546,0.100463867188,0.161987304688,-0.117065429688,0.974609375,-2673.0,1473.0,7664.0,-4.0,3.0,0.0,
1648715284139495611,0.100341796875,0.162231445312,-0.116943359375,0.974609375,-2686.0,1470.0,7674.0,-5.0,4.0,0.0,
1648715284143986463,0.10009765625,0.162475585938,-0.116821289062,0.974609375,-2703.0,1482.0,7682.0,-5.0,4.0,0.0,
1648715284150712490,0.0999145507812,0.162719726562,-0.11669921875,0.974609375,-2716.0,1482.0,7684.0,-5.0,3.0,0.0,
1648715284155989170,0.0996704101562,0.163024902344,-0.116638183594,0.974609375,-2723.0,1459.0,7678.0,-5.0,3.0,0.0,
1648715284160295248,0.0994262695312,0.163269042969,-0.116516113281,0.974609375,-2720.0,1424.0,7674.0,-5.0,4.0,0.0,
1648715284164930582,0.0992431640625,0.163513183594,-0.116455078125,0.974548339844,-2714.0,1402.0,7654.0,-4.0,3.0,0.0,
1648715284169813156,0.09912109375,0.163696289062,-0.116333007812,0.974548339844,-2698.0,1399.0,7619.0,-3.0,3.0,0.0,
1648715284174450635,0.0990600585938,0.163879394531,-0.1162109375,0.974548339844,-2648.0,1431.0,7543.0,-3.0,3.0,0.0,
1648715284178920030,0.09912109375,0.1640625,-0.116088867188,0.974548339844,-2539.0,1482.0,7460.0,-2.0,3.0,1.0,
1648715284185090780,0.0991821289062,0.1640625,-0.115905761719,0.974548339844,-2401.0,1478.0,7355.0,-2.0,3.0,2.0,
1648715284194025039,0.0991821289062,0.164184570312,-0.11572265625,0.974548339844,-2316.0,1436.0,7232.0,-3.0,4.0,1.0,
1648715284196465730,0.0990600585938,0.164428710938,-0.115600585938,0.974548339844,-2309.0,1338.0,7087.0,-3.0,6.0,0.0,
1648715284202753782,0.0989379882812,0.164855957031,-0.115539550781,0.974487304688,-2310.0,1211.0,7015.0,-2.0,6.0,0.0,
1648715284205875396,0.098876953125,0.165222167969,-0.115539550781,0.974426269531,-2326.0,1156.0,7027.0,0.0,6.0,0.0,
1648715284212235689,0.0989990234375,0.16552734375,-0.115478515625,0.974365234375,-2402.0,1220.0,7097.0,2.0,6.0,0.0,
1648715284215543985,0.099365234375,0.165832519531,-0.115478515625,0.974304199219,-2511.0,1316.0,7187.0,3.0,5.0,0.0,
1648715284219981193,0.099609375,0.166198730469,-0.115417480469,0.974182128906,-2605.0,1384.0,7286.0,1.0,5.0,0.0,
1648715284225149393,0.0997314453125,0.166564941406,-0.115356445312,0.97412109375,-2692.0,1394.0,7387.0,-1.0,5.0,-1.0,
1648715284228633403,0.0997314453125,0.166870117188,-0.115356445312,0.974060058594,-2738.0,1338.0,7494.0,-2.0,4.0,-1.0,
1648715284233575105,0.099609375,0.167114257812,-0.115356445312,0.974060058594,-2758.0,1278.0,7566.0,-1.0,3.0,-1.0,
1648715284240557193,0.0995483398438,0.167297363281,-0.115356445312,0.973999023438,-2789.0,1248.0,7610.0,0.0,3.0,-1.0,
1648715284244725704,0.0995483398438,0.167419433594,-0.115356445312,0.973999023438,-2806.0,1237.0,7659.0,0.0,2.0,-1.0,
1648715284249338150,0.099609375,0.16748046875,-0.115417480469,0.973999023438,-2808.0,1259.0,7713.0,1.0,1.0,-1.0,
1648715284253949165,0.0996704101562,0.16748046875,-0.115417480469,0.973999023438,-2799.0,1291.0,7722.0,0.0,0.0,-1.0,
1648715284259616374,0.0997314453125,0.16748046875,-0.115417480469,0.973937988281,-2772.0,1326.0,7655.0,0.0,0.0,-1.0,
1648715284265039920,0.099853515625,0.16748046875,-0.115417480469,0.973937988281,-2705.0,1328.0,7574.0,0.0,0.0,-1.0,
1648715284270117282,0.0999145507812,0.167419433594,-0.115417480469,0.973937988281,-2620.0,1295.0,7512.0,0.0,0.0,-1.0,
1648715284274251699,0.0999755859375,0.167419433594,-0.115417480469,0.973937988281,-2573.0,1271.0,7448.0,0.0,1.0,-1.0,
1648715284278647661,0.100036621094,0.167419433594,-0.115478515625,0.973937988281,-2559.0,1244.0,7417.0,1.0,1.0,-1.0,
1648715284286553382,0.100158691406,0.167419433594,-0.115539550781,0.973937988281,-2558.0,1232.0,7429.0,1.0,1.0,-1.0,
1648715284289886951,0.100219726562,0.16748046875,-0.115600585938,0.973876953125,-2586.0,1238.0,7465.0,2.0,1.0,-1.0,
1648715284296510219,0.100402832031,0.167541503906,-0.115661621094,0.973876953125,-2633.0,1264.0,7487.0,2.0,1.0,-1.0,
1648715284301830291,0.1005859375,0.167602539062,-0.11572265625,0.973815917969,-2651.0,1282.0,7512.0,2.0,1.0,-1.0,
1648715284306126117,0.100769042969,0.167663574219,-0.115783691406,0.973815917969,-2635.0,1263.0,7522.0,2.0,1.0,-1.0,
1648715284310803413,0.100891113281,0.167663574219,-0.115844726562,0.973754882812,-2612.0,1230.0,7557.0,2.0,1.0,-2.0,
1648715284315388202,0.101013183594,0.167663574219,-0.115966796875,0.973754882812,-2599.0,1228.0,7584.0,2.0,1.0,-2.0,
1648715284320242881,0.101135253906,0.167663574219,-0.116027832031,0.973693847656,-2588.0,1273.0,7581.0,2.0,1.0,-2.0,
1648715284325645923,0.101318359375,0.167663574219,-0.116088867188,0.973693847656,-2576.0,1317.0,7541.0,2.0,1.0,-1.0,
1648715284328915596,0.101440429688,0.167724609375,-0.116149902344,0.973693847656,-2567.0,1326.0,7494.0,1.0,1.0,-2.0,
1648715284333357095,0.101501464844,0.167785644531,-0.116149902344,0.9736328125,-2554.0,1284.0,7457.0,-1.0,2.0,-2.0,
1648715284340111255,0.101440429688,0.167907714844,-0.116271972656,0.9736328125,-2547.0,1220.0,7437.0,-1.0,2.0,-2.0,
1648715284345030307,0.101318359375,0.168090820312,-0.116333007812,0.973571777344,-2559.0,1162.0,7444.0,-1.0,2.0,-2.0,
1648715284362732887,0.101257324219,0.168212890625,-0.116455078125,0.973571777344,-2589.0,1141.0,7483.0,0.0,2.0,-2.0,
1648715284363208532,0.101257324219,0.168334960938,-0.116577148438,0.973510742188,-2627.0,1147.0,7509.0,1.0,2.0,-2.0,
1648715284375858068,0.101379394531,0.16845703125,-0.11669921875,0.973449707031,-2655.0,1161.0,7530.0,1.0,2.0,-2.0,
1648715284376445531,0.101440429688,0.168579101562,-0.116821289062,0.973449707031,-2671.0,1161.0,7531.0,2.0,2.0,-2.0,
1648715284376840591,0.1015625,0.168701171875,-0.116943359375,0.973388671875,-2673.0,1135.0,7528.0,2.0,2.0,-3.0,
1648715284377980709,0.101623535156,0.168762207031,-0.117126464844,0.973327636719,-2679.0,1097.0,7529.0,2.0,2.0,-3.0,
1648715284379412651,0.101684570312,0.168884277344,-0.117248535156,0.973327636719,-2691.0,1074.0,7549.0,2.0,1.0,-3.0,
1648715284384961605,0.101806640625,0.1689453125,-0.117431640625,0.973266601562,-2703.0,1074.0,7564.0,3.0,1.0,-2.0,
1648715284388693094,0.101928710938,0.1689453125,-0.117553710938,0.973205566406,-2711.0,1079.0,7590.0,3.0,1.0,-2.0,
1648715284393560171,0.10205078125,0.169006347656,-0.11767578125,0.973205566406,-2710.0,1082.0,7601.0,3.0,1.0,-2.0,
1648715284406003952,0.102233886719,0.169006347656,-0.117980957031,0.97314453125,-2707.0,1082.0,7548.0,2.0,0.0,-2.0,
1648715284410535097,0.102355957031,0.169006347656,-0.1181640625,0.973083496094,-2690.0,1082.0,7514.0,2.0,0.0,-3.0,
1648715284414981126,0.102478027344,0.169006347656,-0.118286132812,0.973083496094,-2675.0,1091.0,7483.0,2.0,0.0,-3.0,
1648715284419771432,0.1025390625,0.169006347656,-0.118408203125,0.973022460938,-2665.0,1108.0,7441.0,2.0,0.0,-2.0,
1648715284426778554,0.102661132812,0.169006347656,-0.118530273438,0.973022460938,-2656.0,1117.0,7417.0,2.0,0.0,-2.0,
1648715284430578231,0.102783203125,0.169006347656,-0.118713378906,0.972961425781,-2656.0,1131.0,7401.0,2.0,1.0,-3.0,
1648715284435318231,0.102844238281,0.169067382812,-0.118835449219,0.972961425781,-2654.0,1145.0,7381.0,2.0,1.0,-3.0,
1648715284440057754,0.102966308594,0.169128417969,-0.118957519531,0.972900390625,-2653.0,1156.0,7362.0,1.0,1.0,-3.0,
1648715284444483041,0.10302734375,0.169128417969,-0.119140625,0.972900390625,-2662.0,1165.0,7349.0,1.0,1.0,-3.0,
1648715284449226140,0.103149414062,0.169250488281,-0.119262695312,0.972839355469,-2682.0,1172.0,7358.0,1.0,1.0,-3.0,
1648715284453932523,0.103210449219,0.169311523438,-0.119445800781,0.972778320312,-2699.0,1184.0,7363.0,1.0,1.0,-3.0,
1648715284458549261,0.103271484375,0.169372558594,-0.119567871094,0.972778320312,-2709.0,1199.0,7364.0,1.0,1.0,-3.0,
1648715284465203046,0.103393554688,0.16943359375,-0.119689941406,0.972717285156,-2714.0,1220.0,7366.0,2.0,1.0,-3.0,
1648715284470080614,0.103515625,0.169494628906,-0.119812011719,0.972717285156,-2722.0,1251.0,7375.0,1.0,1.0,-2.0,
1648715284474052906,0.103637695312,0.169555664062,-0.119934082031,0.97265625,-2737.0,1295.0,7397.0,1.0,1.0,-2.0,
1648715284478751420,0.103759765625,0.169616699219,-0.119995117188,0.97265625,-2746.0,1333.0,7423.0,1.0,1.0,-2.0,
1648715284485273122,0.103881835938,0.169616699219,-0.119995117188,0.972595214844,-2749.0,1336.0,7455.0,0.0,1.0,-2.0,
1648715284490083694,0.103881835938,0.169677734375,-0.1201171875,0.972595214844,-2751.0,1321.0,7505.0,0.0,1.0,-2.0,
1648715284495048999,0.103881835938,0.169677734375,-0.120178222656,0.972595214844,-2757.0,1300.0,7536.0,0.0,1.0,-2.0,
1648715284501427412,0.103820800781,0.169738769531,-0.120239257812,0.972595214844,-2763.0,1307.0,7546.0,0.0,0.0,-2.0,
1648715284506348133,0.103881835938,0.169738769531,-0.120300292969,0.972534179688,-2770.0,1327.0,7540.0,0.0,0.0,-1.0,
1648715284511004447,0.103942871094,0.169738769531,-0.120300292969,0.972534179688,-2762.0,1345.0,7529.0,0.0,0.0,-1.0,
1648715284515684604,0.10400390625,0.169677734375,-0.120361328125,0.972534179688,-2738.0,1357.0,7528.0,0.0,0.0,-1.0,
1648715284522922992,0.104064941406,0.169677734375,-0.120361328125,0.972534179688,-2712.0,1355.0,7537.0,0.0,0.0,-1.0,
1648715284524687767,0.104064941406,0.169616699219,-0.120361328125,0.972534179688,-2683.0,1342.0,7537.0,-1.0,0.0,-1.0,
1648715284529387235,0.10400390625,0.169616699219,-0.120361328125,0.972534179688,-2660.0,1327.0,7530.0,-1.0,1.0,-1.0,
1648715284534001111,0.10400390625,0.169616699219,-0.120361328125,0.972534179688,-2641.0,1317.0,7515.0,0.0,1.0,-1.0,
1648715284538635253,0.104064941406,0.169616699219,-0.120361328125,0.972534179688,-2618.0,1315.0,7516.0,0.0,1.0,0.0,
1648715284543244600,0.104064941406,0.169616699219,-0.120300292969,0.972534179688,-2606.0,1330.0,7525.0,0.0,1.0,0.0,
1648715284550114154,0.104125976562,0.169616699219,-0.120300292969,0.972534179688,-2595.0,1365.0,7538.0,0.0,1.0,0.0,
1648715284554816007,0.104125976562,0.169616699219,-0.120239257812,0.972534179688,-2593.0,1398.0,7549.0,-1.0,1.0,0.0,
1648715284559485912,0.104125976562,0.169677734375,-0.1201171875,0.972534179688,-2603.0,1406.0,7570.0,-2.0,2.0,0.0,
1648715284563942909,0.10400390625,0.169738769531,-0.119995117188,0.972595214844,-2601.0,1397.0,7595.0,-3.0,2.0,0.0,
1648715284568697452,0.103942871094,0.169799804688,-0.119934082031,0.972595214844,-2595.0,1392.0,7627.0,-3.0,2.0,1.0,
1648715284575169801,0.103820800781,0.169860839844,-0.119812011719,0.972595214844,-2598.0,1396.0,7650.0,-2.0,2.0,1.0,
1648715284579801321,0.103759765625,0.169921875,-0.11962890625,0.972595214844,-2595.0,1400.0,7667.0,-2.0,2.0,1.0,
1648715284584583997,0.103759765625,0.169921875,-0.119506835938,0.97265625,-2593.0,1395.0,7672.0,-2.0,1.0,1.0,
1648715284589137554,0.103698730469,0.169921875,-0.119384765625,0.97265625,-2590.0,1396.0,7675.0,-2.0,1.0,1.0,
1648715284593674659,0.103698730469,0.169921875,-0.119201660156,0.97265625,-2589.0,1393.0,7666.0,-1.0,1.0,2.0,
1648715284601414203,0.103698730469,0.169921875,-0.119018554688,0.972717285156,-2584.0,1389.0,7659.0,-1.0,1.0,2.0,
1648715284607277393,0.103698730469,0.169860839844,-0.118835449219,0.972717285156,-2573.0,1379.0,7637.0,-1.0,1.0,2.0,
1648715284612027883,0.103637695312,0.169860839844,-0.11865234375,0.972778320312,-2554.0,1368.0,7612.0,-2.0,0.0,2.0,
1648715284616863727,0.103637695312,0.169799804688,-0.118469238281,0.972778320312,-2530.0,1357.0,7586.0,-2.0,0.0,3.0,
1648715284621507406,0.103576660156,0.169738769531,-0.118225097656,0.972839355469,-2514.0,1328.0,7575.0,-2.0,0.0,3.0,
1648715284627292871,0.103454589844,0.169677734375,-0.118041992188,0.972900390625,-2500.0,1307.0,7581.0,-2.0,0.0,3.0,
1648715284630729913,0.103393554688,0.169555664062,-0.117797851562,0.972961425781,-2494.0,1299.0,7588.0,-1.0,0.0,3.0,
1648715284634919404,0.103393554688,0.169494628906,-0.117614746094,0.972961425781,-2479.0,1294.0,7586.0,-1.0,0.0,3.0,
1648715284639432430,0.103393554688,0.169372558594,-0.117431640625,0.973022460938,-2458.0,1275.0,7589.0,-1.0,0.0,3.0,
1648715284644037485,0.103332519531,0.169250488281,-0.1171875,0.973083496094,-2448.0,1256.0,7596.0,-1.0,0.0,3.0,
1648715284648728132,0.103332519531,0.169128417969,-0.117004394531,0.97314453125,-2449.0,1245.0,7611.0,0.0,0.0,3.0,
1648715284653461456,0.103332519531,0.169006347656,-0.116821289062,0.97314453125,-2445.0,1249.0,7632.0,0.0,-1.0,3.0,
1648715284660140275,0.103393554688,0.168823242188,-0.116638183594,0.973205566406,-2458.0,1259.0,7664.0,0.0,-1.0,3.0,
1648715284664735317,0.103454589844,0.168640136719,-0.116516113281,0.973266601562,-2478.0,1270.0,7709.0,0.0,-1.0,3.0,
1648715284669819355,0.103454589844,0.168518066406,-0.116333007812,0.973327636719,-2502.0,1282.0,7758.0,0.0,-1.0,3.0,
1648715284673995733,0.103515625,0.168273925781,-0.116088867188,0.973327636719,-2521.0,1306.0,7769.0,0.0,-2.0,3.0,
1648715284678800106,0.103515625,0.168090820312,-0.115905761719,0.973388671875,-2527.0,1327.0,7757.0,0.0,-2.0,3.0,
1648715284685069799,0.103515625,0.167846679688,-0.115661621094,0.973449707031,-2527.0,1335.0,7740.0,-1.0,-3.0,3.0,
1648715284689856767,0.103454589844,0.167602539062,-0.115417480469,0.973571777344,-2507.0,1308.0,7697.0,-2.0,-3.0,3.0,
1648715284694712638,0.103332519531,0.167419433594,-0.115173339844,0.9736328125,-2485.0,1257.0,7649.0,-2.0,-2.0,3.0,
1648715284704324960,0.103149414062,0.167236328125,-0.114929199219,0.973693847656,-2460.0,1198.0,7605.0,-3.0,-2.0,4.0,
1648715284705686569,0.102966308594,0.1669921875,-0.114685058594,0.973815917969,-2440.0,1160.0,7578.0,-2.0,-2.0,4.0,
1648715284710773229,0.102844238281,0.166809082031,-0.114440917969,0.973876953125,-2424.0,1148.0,7554.0,-2.0,-2.0,4.0,
1648715284715317249,0.102783203125,0.166625976562,-0.114196777344,0.973937988281,-2422.0,1158.0,7550.0,-1.0,-2.0,4.0,
1648715284719982385,0.102783203125,0.166442871094,-0.113952636719,0.973999023438,-2427.0,1176.0,7555.0,-1.0,-2.0,3.0,
1648715284724519729,0.102722167969,0.166259765625,-0.113708496094,0.974060058594,-2442.0,1171.0,7571.0,-2.0,-2.0,3.0,
1648715284728862047,0.102600097656,0.166137695312,-0.113525390625,0.97412109375,-2470.0,1128.0,7583.0,-2.0,-1.0,3.0,
1648715284733573436,0.102355957031,0.166015625,-0.113342285156,0.974182128906,-2504.0,1078.0,7592.0,-2.0,-1.0,2.0,
1648715284740168809,0.102172851562,0.165954589844,-0.113220214844,0.974243164062,-2542.0,1046.0,7618.0,-2.0,-2.0,2.0,
1648715284746544837,0.101989746094,0.165832519531,-0.113037109375,0.974304199219,-2576.0,1048.0,7652.0,-2.0,-2.0,2.0,
1648715284749456405,0.101928710938,0.165649414062,-0.112915039062,0.974365234375,-2611.0,1084.0,7671.0,-1.0,-2.0,2.0,
1648715284755219221,0.101867675781,0.16552734375,-0.11279296875,0.974365234375,-2642.0,1116.0,7675.0,-1.0,-3.0,2.0,
1648715284758872747,0.101867675781,0.165344238281,-0.112670898438,0.974426269531,-2654.0,1139.0,7683.0,-1.0,-3.0,2.0,
1648715284765724658,0.101806640625,0.165161132812,-0.112548828125,0.974487304688,-2652.0,1141.0,7669.0,-1.0,-3.0,2.0,
1648715284770271062,0.101745605469,0.164978027344,-0.112487792969,0.974548339844,-2632.0,1137.0,7614.0,-1.0,-3.0,1.0,
1648715284774546384,0.101684570312,0.164794921875,-0.112365722656,0.974609375,-2608.0,1124.0,7535.0,-1.0,-3.0,1.0,
1648715284778986930,0.101623535156,0.164611816406,-0.1123046875,0.974609375,-2602.0,1099.0,7471.0,-1.0,-2.0,1.0,
1648715284783545970,0.1015625,0.16455078125,-0.112243652344,0.974670410156,-2610.0,1084.0,7423.0,0.0,-2.0,1.0,
1648715284790877580,0.1015625,0.164428710938,-0.112182617188,0.974670410156,-2617.0,1089.0,7381.0,1.0,-2.0,1.0,
1648715284794656991,0.101684570312,0.164367675781,-0.112121582031,0.974670410156,-2620.0,1107.0,7359.0,1.0,-2.0,1.0,
1648715284799309968,0.101745605469,0.164245605469,-0.112060546875,0.974670410156,-2623.0,1125.0,7353.0,1.0,-1.0,1.0,
1648715284803996562,0.101867675781,0.164245605469,-0.111938476562,0.974731445312,-2630.0,1125.0,7360.0,1.0,-1.0,1.0,
1648715284811690568,0.101867675781,0.164184570312,-0.111877441406,0.974731445312,-2637.0,1104.0,7382.0,0.0,0.0,1.0,
1648715284816468715,0.101806640625,0.164184570312,-0.11181640625,0.974731445312,-2660.0,1065.0,7411.0,0.0,0.0,1.0,
1648715284821202516,0.101745605469,0.164184570312,-0.11181640625,0.974731445312,-2693.0,1028.0,7455.0,0.0,0.0,0.0,
1648715284825312614,0.101684570312,0.164184570312,-0.11181640625,0.974731445312,-2715.0,1000.0,7498.0,1.0,-1.0,0.0,
1648715284829836606,0.101684570312,0.164184570312,-0.11181640625,0.974731445312,-2730.0,993.0,7526.0,1.0,-1.0,0.0,
1648715284834795475,0.101684570312,0.164123535156,-0.11181640625,0.974731445312,-2733.0,1007.0,7537.0,1.0,-1.0,0.0,
1648715284839385271,0.101745605469,0.164001464844,-0.111877441406,0.974731445312,-2729.0,1030.0,7528.0,2.0,-2.0,0.0,
1648715284843808174,0.101867675781,0.163940429688,-0.111877441406,0.974792480469,-2730.0,1059.0,7518.0,1.0,-2.0,0.0,
1648715284848498106,0.101928710938,0.163818359375,-0.111938476562,0.974792480469,-2723.0,1092.0,7501.0,1.0,-2.0,-1.0,
1648715284855422735,0.101989746094,0.163696289062,-0.111999511719,0.974792480469,-2705.0,1105.0,7474.0,1.0,-2.0,-1.0,
1648715284859960794,0.101989746094,0.163635253906,-0.112060546875,0.974792480469,-2687.0,1095.0,7436.0,0.0,-2.0,-1.0,
1648715284865911722,0.101989746094,0.16357421875,-0.112121582031,0.974792480469,-2668.0,1065.0,7397.0,1.0,-1.0,-1.0,
1648715284869463920,0.101989746094,0.163513183594,-0.112243652344,0.974792480469,-2663.0,1031.0,7369.0,1.0,-1.0,-2.0,
1648715284874055147,0.10205078125,0.163513183594,-0.1123046875,0.974792480469,-2655.0,1024.0,7340.0,2.0,-1.0,-2.0,
1648715284878401041,0.102172851562,0.163452148438,-0.112426757812,0.974731445312,-2655.0,1048.0,7328.0,3.0,-1.0,-2.0,
1648715284885126113,0.102355957031,0.163391113281,-0.112548828125,0.974731445312,-2652.0,1098.0,7319.0,3.0,-1.0,-2.0,
1648715284889802694,0.102600097656,0.163391113281,-0.112670898438,0.974670410156,-2663.0,1133.0,7330.0,3.0,-1.0,-2.0,
1648715284895385265,0.102722167969,0.163391113281,-0.112731933594,0.974670410156,-2674.0,1139.0,7346.0,2.0,0.0,-2.0,
1648715284898898363,0.102844238281,0.163391113281,-0.112854003906,0.974670410156,-2684.0,1127.0,7372.0,2.0,0.0,-2.0,
1648715284903555870,0.102844238281,0.163391113281,-0.112915039062,0.974609375,-2686.0,1114.0,7402.0,1.0,0.0,-2.0,
1648715284910162448,0.102905273438,0.163330078125,-0.113037109375,0.974609375,-2680.0,1109.0,7427.0,2.0,-1.0,-2.0,
1648715284914920330,0.102966308594,0.163330078125,-0.113159179688,0.974609375,-2674.0,1097.0,7454.0,2.0,-1.0,-2.0,
1648715284922320604,0.10302734375,0.163269042969,-0.11328125,0.974609375,-2670.0,1087.0,7473.0,2.0,-1.0,-2.0,
1648715284924577951,0.103088378906,0.163146972656,-0.113403320312,0.974609375,-2673.0,1094.0,7489.0,2.0,-1.0,-3.0,
1648715284929346561,0.103210449219,0.1630859375,-0.113586425781,0.974548339844,-2672.0,1114.0,7499.0,3.0,-2.0,-3.0,
1648715284933492422,0.103393554688,0.162963867188,-0.11376953125,0.974548339844,-2665.0,1144.0,7480.0,3.0,-2.0,-3.0,
1648715284941443443,0.103576660156,0.162841796875,-0.114013671875,0.974548339844,-2650.0,1152.0,7445.0,3.0,-2.0,-3.0,
1648715284945139884,0.103759765625,0.162719726562,-0.114196777344,0.974487304688,-2635.0,1151.0,7417.0,3.0,-2.0,-3.0,
1648715284949811935,0.103942871094,0.16259765625,-0.114440917969,0.974487304688,-2638.0,1163.0,7403.0,4.0,-2.0,-3.0,
1648715284954448223,0.104125976562,0.162475585938,-0.114624023438,0.974426269531,-2642.0,1190.0,7385.0,4.0,-2.0,-3.0,
1648715284958876371,0.104309082031,0.162353515625,-0.114868164062,0.974426269531,-2628.0,1211.0,7385.0,4.0,-2.0,-3.0,
1648715284963329792,0.104553222656,0.162170410156,-0.115051269531,0.974426269531,-2616.0,1224.0,7397.0,4.0,-2.0,-3.0,
1648715284970039844,0.104736328125,0.162048339844,-0.115295410156,0.974365234375,-2618.0,1230.0,7414.0,4.0,-2.0,-4.0,
1648715284975274801,0.104919433594,0.161926269531,-0.115539550781,0.974365234375,-2623.0,1238.0,7434.0,4.0,-2.0,-3.0,
1648715284979135751,0.105102539062,0.161804199219,-0.11572265625,0.974304199219,-2630.0,1263.0,7448.0,4.0,-2.0,-3.0,
1648715284983819723,0.105346679688,0.161682128906,-0.115966796875,0.974304199219,-2634.0,1305.0,7475.0,4.0,-2.0,-3.0,
1648715284988181352,0.105590820312,0.161560058594,-0.116149902344,0.974243164062,-2627.0,1333.0,7498.0,4.0,-2.0,-3.0,
1648715284995060920,0.105834960938,0.161437988281,-0.116333007812,0.974243164062,-2618.0,1349.0,7508.0,3.0,-2.0,-3.0,
1648715284999864816,0.106018066406,0.161254882812,-0.116516113281,0.974243164062,-2610.0,1342.0,7509.0,3.0,-2.0,-3.0,
1648715285005034208,0.106140136719,0.161193847656,-0.11669921875,0.974182128906,-2610.0,1333.0,7513.0,3.0,-2.0,-3.0,
1648715285009810209,0.106323242188,0.161071777344,-0.116882324219,0.974182128906,-2609.0,1350.0,7512.0,4.0,-2.0,-3.0,
1648715285024517774,0.106628417969,0.160888671875,-0.117004394531,0.974182128906,-2604.0,1389.0,7511.0,4.0,-2.0,-3.0,
1648715285024984598,0.10693359375,0.160766601562,-0.1171875,0.97412109375,-2595.0,1441.0,7515.0,4.0,-2.0,-2.0,
1648715285025209903,0.107238769531,0.16064453125,-0.117309570312,0.97412109375,-2589.0,1486.0,7518.0,4.0,-2.0,-2.0,
1648715285028956651,0.107482910156,0.160522460938,-0.117431640625,0.974060058594,-2591.0,1521.0,7522.0,3.0,-1.0,-2.0,
1648715285033601522,0.107788085938,0.160400390625,-0.117553710938,0.974060058594,-2588.0,1532.0,7537.0,3.0,-1.0,-2.0,
1648715285038550615,0.107971191406,0.160339355469,-0.117736816406,0.973999023438,-2588.0,1528.0,7549.0,3.0,-1.0,-2.0,
1648715285044827461,0.108154296875,0.160217285156,-0.117858886719,0.973999023438,-2591.0,1522.0,7558.0,3.0,-1.0,-2.0,
1648715285049796342,0.1083984375,0.160095214844,-0.117980957031,0.973999023438,-2593.0,1505.0,7560.0,3.0,-1.0,-2.0,
1648715285054221868,0.108581542969,0.159973144531,-0.1181640625,0.973937988281,-2591.0,1506.0,7552.0,4.0,-2.0,-2.0,
1648715285059988737,0.108825683594,0.159851074219,-0.118286132812,0.973937988281,-2586.0,1527.0,7526.0,4.0,-2.0,-2.0,
1648715285065019607,0.109130859375,0.159729003906,-0.118408203125,0.973876953125,-2572.0,1555.0,7504.0,4.0,-2.0,-2.0,
1648715285070070505,0.109375,0.159606933594,-0.118469238281,0.973876953125,-2559.0,1587.0,7510.0,3.0,-2.0,-2.0,
1648715285074751138,0.109619140625,0.159423828125,-0.118591308594,0.973876953125,-2552.0,1622.0,7537.0,3.0,-2.0,-2.0,
1648715285083943367,0.109802246094,0.159301757812,-0.11865234375,0.973876953125,-2565.0,1651.0,7561.0,2.0,-2.0,-2.0,
1648715285084442138,0.110046386719,0.1591796875,-0.118713378906,0.973876953125,-2577.0,1671.0,7581.0,2.0,-2.0,-2.0,
1648715285090496063,0.110229492188,0.159057617188,-0.118774414062,0.973876953125,-2594.0,1687.0,7588.0,2.0,-2.0,-1.0,
1648715285095001697,0.110412597656,0.158874511719,-0.118835449219,0.973876953125,-2594.0,1699.0,7579.0,2.0,-2.0,-1.0,
1648715285099604129,0.110595703125,0.15869140625,-0.118835449219,0.973876953125,-2585.0,1713.0,7571.0,2.0,-2.0,-1.0,
1648715285104148149,0.11083984375,0.158508300781,-0.118835449219,0.973876953125,-2579.0,1725.0,7558.0,2.0,-2.0,0.0,
1648715285109354496,0.111022949219,0.158386230469,-0.118835449219,0.973876953125,-2577.0,1729.0,7543.0,2.0,-2.0,0.0,
1648715285113637447,0.111267089844,0.158203125,-0.118835449219,0.973876953125,-2559.0,1732.0,7535.0,2.0,-2.0,0.0,
1648715285120612382,0.111511230469,0.157958984375,-0.118774414062,0.973876953125,-2543.0,1730.0,7536.0,2.0,-2.0,1.0,
1648715285124965429,0.111694335938,0.157775878906,-0.118713378906,0.973876953125,-2529.0,1719.0,7530.0,2.0,-2.0,1.0,
1648715285129113674,0.111938476562,0.157592773438,-0.11865234375,0.973876953125,-2517.0,1701.0,7516.0,3.0,-2.0,1.0,
1648715285135438680,0.112182617188,0.157409667969,-0.118591308594,0.973937988281,-2507.0,1699.0,7511.0,3.0,-2.0,1.0,
1648715285138706207,0.112426757812,0.157165527344,-0.118530273438,0.973937988281,-2499.0,1720.0,7509.0,3.0,-2.0,1.0,
1648715285145285367,0.112731933594,0.156982421875,-0.118408203125,0.973937988281,-2493.0,1733.0,7516.0,3.0,-2.0,2.0,
1648715285149895906,0.112976074219,0.15673828125,-0.118286132812,0.973937988281,-2491.0,1732.0,7551.0,2.0,-2.0,2.0,
1648715285154485940,0.113098144531,0.156555175781,-0.1181640625,0.973999023438,-2499.0,1713.0,7597.0,1.0,-2.0,2.0,
1648715285159178256,0.113220214844,0.156372070312,-0.118103027344,0.973999023438,-2506.0,1673.0,7646.0,1.0,-2.0,1.0,
1648715285164585113,0.113342285156,0.156127929688,-0.118041992188,0.974060058594,-2500.0,1637.0,7682.0,2.0,-3.0,1.0,
1648715285178364992,0.113403320312,0.155822753906,-0.117919921875,0.97412109375,-2497.0,1614.0,7685.0,2.0,-3.0,1.0,
1648715285178832054,0.113586425781,0.155578613281,-0.117858886719,0.97412109375,-2483.0,1610.0,7670.0,3.0,-4.0,2.0,
1648715285191076755,0.11376953125,0.155212402344,-0.117797851562,0.974182128906,-2460.0,1602.0,7643.0,3.0,-4.0,2.0,
1648715285191609859,0.113952636719,0.154907226562,-0.117736816406,0.974182128906,-2450.0,1593.0,7621.0,3.0,-4.0,1.0,
1648715285191922187,0.114135742188,0.154602050781,-0.11767578125,0.974243164062,-2446.0,1598.0,7600.0,3.0,-4.0,1.0,
1648715285194797277,0.114379882812,0.154296875,-0.117614746094,0.974243164062,-2445.0,1600.0,7568.0,3.0,-4.0,1.0,
1648715285199254274,0.114562988281,0.154052734375,-0.117553710938,0.974304199219,-2445.0,1618.0,7538.0,2.0,-4.0,1.0,
1648715285203828573,0.11474609375,0.153747558594,-0.117431640625,0.974365234375,-2431.0,1633.0,7518.0,2.0,-4.0,2.0,
1648715285208348512,0.114868164062,0.153503417969,-0.117370605469,0.974365234375,-2426.0,1644.0,7506.0,1.0,-4.0,2.0,
1648715285215778350,0.114990234375,0.153198242188,-0.117248535156,0.974426269531,-2432.0,1642.0,7521.0,1.0,-3.0,1.0,
1648715285222686052,0.115051269531,0.153015136719,-0.1171875,0.974426269531,-2434.0,1635.0,7548.0,0.0,-3.0,1.0,
1648715285229409694,0.115112304688,0.152709960938,-0.117065429688,0.974487304688,-2445.0,1623.0,7576.0,0.0,-3.0,1.0,
1648715285235313653,0.115112304688,0.152526855469,-0.117004394531,0.974548339844,-2446.0,1611.0,7601.0,0.0,-3.0,1.0,
1648715285236588716,0.115173339844,0.152282714844,-0.116943359375,0.974609375,-2455.0,1583.0,7622.0,0.0,-3.0,2.0,
1648715285240122795,0.115234375,0.152038574219,-0.116821289062,0.974609375,-2460.0,1559.0,7634.0,1.0,-3.0,2.0,
1648715285244493722,0.115295410156,0.151794433594,-0.116760253906,0.974670410156,-2464.0,1541.0,7635.0,1.0,-3.0,2.0,
1648715285249312400,0.115417480469,0.151550292969,-0.116638183594,0.974670410156,-2465.0,1544.0,7636.0,2.0,-4.0,2.0,
1648715285253778696,0.115539550781,0.151306152344,-0.116577148438,0.974731445312,-2462.0,1548.0,7635.0,2.0,-4.0,2.0,
1648715285258616924,0.11572265625,0.151000976562,-0.116516113281,0.974792480469,-2455.0,1541.0,7621.0,2.0,-4.0,2.0,
1648715285265631675,0.115844726562,0.150756835938,-0.116394042969,0.974792480469,-2446.0,1518.0,7599.0,2.0,-3.0,1.0,
1648715285270176410,0.115966796875,0.150573730469,-0.116333007812,0.974853515625,-2440.0,1484.0,7572.0,2.0,-3.0,1.0,
1648715285274891614,0.116027832031,0.150329589844,-0.116333007812,0.974853515625,-2430.0,1462.0,7549.0,2.0,-3.0,1.0,
1648715285279213666,0.116149902344,0.150146484375,-0.116271972656,0.974853515625,-2436.0,1478.0,7538.0,2.0,-3.0,1.0,
1648715285283565759,0.116333007812,0.14990234375,-0.1162109375,0.974914550781,-2448.0,1519.0,7507.0,2.0,-3.0,1.0,
1648715285288159132,0.116455078125,0.149719238281,-0.116149902344,0.974914550781,-2442.0,1536.0,7490.0,1.0,-3.0,1.0,
1648715285295289516,0.116516113281,0.149536132812,-0.116088867188,0.974975585938,-2435.0,1502.0,7505.0,0.0,-3.0,1.0,
1648715285299666166,0.116455078125,0.1494140625,-0.116027832031,0.974975585938,-2432.0,1456.0,7516.0,0.0,-2.0,1.0,
1648715285305181264,0.116394042969,0.149230957031,-0.116027832031,0.975036621094,-2444.0,1417.0,7526.0,0.0,-2.0,0.0,
1648715285309007883,0.116333007812,0.149108886719,-0.116027832031,0.975036621094,-2452.0,1395.0,7542.0,1.0,-3.0,0.0,
1648715285313823938,0.116394042969,0.14892578125,-0.116027832031,0.975036621094,-2452.0,1394.0,7554.0,1.0,-3.0,0.0,
1648715285320328950,0.116455078125,0.148681640625,-0.116027832031,0.97509765625,-2453.0,1419.0,7590.0,2.0,-3.0,0.0,
1648715285325056552,0.116577148438,0.1484375,-0.116088867188,0.97509765625,-2447.0,1468.0,7601.0,2.0,-4.0,0.0,
1648715285329447031,0.116821289062,0.148193359375,-0.116027832031,0.97509765625,-2413.0,1515.0,7611.0,3.0,-4.0,0.0,
1648715285334488868,0.117004394531,0.147888183594,-0.116027832031,0.975158691406,-2370.0,1533.0,7634.0,2.0,-4.0,0.0,
1648715285338606119,0.117065429688,0.147583007812,-0.116088867188,0.975158691406,-2336.0,1543.0,7656.0,2.0,-3.0,0.0,
1648715285343230485,0.1171875,0.147338867188,-0.116088867188,0.975219726562,-2326.0,1548.0,7672.0,2.0,-3.0,0.0,
1648715285350264787,0.117248535156,0.147094726562,-0.116088867188,0.975219726562,-2317.0,1580.0,7671.0,1.0,-3.0,0.0,
1648715285354732751,0.117370605469,0.146789550781,-0.116088867188,0.975280761719,-2300.0,1623.0,7662.0,1.0,-3.0,0.0,
1648715285359177112,0.117431640625,0.146545410156,-0.116027832031,0.975280761719,-2286.0,1646.0,7634.0,0.0,-3.0,0.0,
1648715285363701820,0.117431640625,0.146362304688,-0.116027832031,0.975341796875,-2279.0,1634.0,7610.0,-1.0,-3.0,0.0,
1648715285368437051,0.117370605469,0.146179199219,-0.115966796875,0.975341796875,-2277.0,1597.0,7622.0,-1.0,-3.0,0.0,
1648715285375711679,0.117309570312,0.145935058594,-0.115966796875,0.975402832031,-2285.0,1567.0,7624.0,-1.0,-3.0,0.0,
1648715285380708932,0.117248535156,0.145751953125,-0.115966796875,0.975463867188,-2301.0,1564.0,7621.0,0.0,-3.0,0.0,
1648715285384490966,0.117248535156,0.1455078125,-0.115966796875,0.975463867188,-2311.0,1579.0,7605.0,1.0,-3.0,0.0,
1648715285389084815,0.117370605469,0.145263671875,-0.115966796875,0.975524902344,-2309.0,1599.0,7600.0,1.0,-4.0,0.0,
1648715285393947124,0.117492675781,0.14501953125,-0.115966796875,0.975524902344,-2313.0,1610.0,7599.0,1.0,-4.0,0.0,
1648715285401833057,0.117614746094,0.144775390625,-0.115966796875,0.975524902344,-2317.0,1628.0,7595.0,1.0,-4.0,0.0,
1648715285406128168,0.117736816406,0.144470214844,-0.115966796875,0.9755859375,-2318.0,1653.0,7570.0,1.0,-4.0,0.0,
1648715285409655570,0.117858886719,0.144226074219,-0.115966796875,0.9755859375,-2311.0,1663.0,7542.0,2.0,-4.0,0.0,
1648715285415140151,0.117980957031,0.143981933594,-0.115966796875,0.9755859375,-2315.0,1652.0,7519.0,2.0,-3.0,0.0,
1648715285421597003,0.118103027344,0.143798828125,-0.115966796875,0.975646972656,-2316.0,1650.0,7508.0,2.0,-3.0,0.0,
1648715285425419330,0.118286132812,0.1435546875,-0.115966796875,0.975646972656,-2321.0,1664.0,7484.0,2.0,-3.0,0.0,
1648715285430096387,0.118469238281,0.143371582031,-0.115905761719,0.975646972656,-2335.0,1692.0,7481.0,2.0,-3.0,0.0,
1648715285434688329,0.11865234375,0.143127441406,-0.115905761719,0.975646972656,-2346.0,1708.0,7486.0,2.0,-3.0,0.0,
1648715285439431667,0.118774414062,0.142944335938,-0.115905761719,0.975708007812,-2355.0,1703.0,7504.0,1.0,-3.0,0.0,
1648715285443800687,0.118896484375,0.142761230469,-0.115844726562,0.975708007812,-2369.0,1706.0,7533.0,1.0,-3.0,0.0,
1648715285448420047,0.118957519531,0.142578125,-0.115844726562,0.975708007812,-2385.0,1720.0,7540.0,1.0,-3.0,0.0,
1648715285455490589,0.119018554688,0.142333984375,-0.115783691406,0.975769042969,-2394.0,1720.0,7540.0,0.0,-4.0,0.0,
1648715285460036754,0.119018554688,0.142150878906,-0.115783691406,0.975769042969,-2389.0,1702.0,7535.0,0.0,-3.0,0.0,
1648715285465592861,0.119018554688,0.141967773438,-0.11572265625,0.975830078125,-2379.0,1665.0,7534.0,-1.0,-3.0,0.0,
1648715285469466447,0.118957519531,0.141784667969,-0.11572265625,0.975891113281,-2367.0,1635.0,7542.0,-1.0,-3.0,0.0,
1648715285474727153,0.118896484375,0.141540527344,-0.115661621094,0.975891113281,-2370.0,1630.0,7551.0,0.0,-3.0,0.0,
1648715285479408979,0.118896484375,0.141357421875,-0.115661621094,0.975952148438,-2382.0,1641.0,7553.0,0.0,-3.0,0.0,
1648715285485990047,0.118957519531,0.141174316406,-0.115600585938,0.975952148438,-2381.0,1654.0,7551.0,0.0,-3.0,0.0,
1648715285490768432,0.119018554688,0.140991210938,-0.115539550781,0.975952148438,-2383.0,1659.0,7565.0,0.0,-3.0,1.0,
1648715285495153427,0.119079589844,0.140869140625,-0.115539550781,0.976013183594,-2390.0,1657.0,7581.0,0.0,-3.0,0.0,
1648715285499587774,0.119079589844,0.140686035156,-0.115478515625,0.976013183594,-2402.0,1656.0,7602.0,0.0,-3.0,0.0,
1648715285504069328,0.119079589844,0.140563964844,-0.115478515625,0.976013183594,-2417.0,1657.0,7617.0,0.0,-2.0,0.0,
1648715285508519649,0.119079589844,0.140441894531,-0.115478515625,0.97607421875,-2417.0,1633.0,7625.0,0.0,-2.0,0.0,
1648715285516205310,0.119140625,0.140258789062,-0.115478515625,0.97607421875,-2386.0,1603.0,7611.0,1.0,-3.0,0.0,
1648715285521112680,0.119201660156,0.14013671875,-0.115539550781,0.97607421875,-2359.0,1584.0,7608.0,1.0,-2.0,0.0,
1648715285528369188,0.119262695312,0.139953613281,-0.115539550781,0.97607421875,-2347.0,1576.0,7587.0,2.0,-2.0,0.0,
1648715285533463478,0.119445800781,0.139831542969,-0.115539550781,0.97607421875,-2334.0,1600.0,7583.0,3.0,-2.0,0.0,
1648715285537478923,0.11962890625,0.1396484375,-0.115600585938,0.97607421875,-2324.0,1645.0,7603.0,3.0,-2.0,0.0,
1648715285542047262,0.119873046875,0.139526367188,-0.115661621094,0.97607421875,-2307.0,1713.0,7612.0,3.0,-2.0,-1.0,
1648715285546761274,0.120056152344,0.139404296875,-0.115661621094,0.97607421875,-2301.0,1777.0,7623.0,1.0,-1.0,-1.0,
1648715285551694631,0.120178222656,0.139343261719,-0.115661621094,0.97607421875,-2293.0,1803.0,7620.0,0.0,-1.0,-1.0,
1648715285557298660,0.120239257812,0.139282226562,-0.115661621094,0.97607421875,-2301.0,1786.0,7628.0,-1.0,0.0,-1.0,
1648715285561793565,0.120178222656,0.139282226562,-0.11572265625,0.97607421875,-2301.0,1749.0,7634.0,-1.0,0.0,-1.0,
1648715285565269470,0.1201171875,0.139282226562,-0.11572265625,0.97607421875,-2306.0,1729.0,7630.0,-1.0,0.0,-1.0,
1648715285571336269,0.120056152344,0.139282226562,-0.115783691406,0.97607421875,-2293.0,1734.0,7617.0,-1.0,0.0,-1.0,
1648715285575775146,0.120056152344,0.139221191406,-0.115783691406,0.97607421875,-2267.0,1718.0,7608.0,-1.0,-1.0,-1.0,
1648715285579886198,0.119995117188,0.139221191406,-0.115844726562,0.97607421875,-2251.0,1682.0,7606.0,-1.0,0.0,-1.0,
1648715285584678888,0.119873046875,0.13916015625,-0.115905761719,0.97607421875,-2244.0,1641.0,7611.0,-1.0,0.0,-2.0,
1648715285591451883,0.119812011719,0.13916015625,-0.115966796875,0.97607421875,-2233.0,1618.0,7609.0,0.0,0.0,-2.0,
1648715285595058679,0.119812011719,0.13916015625,-0.116088867188,0.97607421875,-2213.0,1628.0,7617.0,0.0,0.0,-2.0,
1648715285600288152,0.119934082031,0.139038085938,-0.116149902344,0.97607421875,-2194.0,1655.0,7617.0,1.0,0.0,-2.0,
1648715285605994701,0.119995117188,0.138977050781,-0.1162109375,0.97607421875,-2174.0,1686.0,7624.0,1.0,0.0,-2.0,
1648715285610522985,0.120056152344,0.138916015625,-0.116271972656,0.97607421875,-2152.0,1710.0,7632.0,0.0,0.0,-2.0,
1648715285614469528,0.1201171875,0.138854980469,-0.116394042969,0.97607421875,-2131.0,1717.0,7633.0,0.0,0.0,-2.0,
1648715285619528532,0.120178222656,0.138793945312,-0.116455078125,0.97607421875,-2121.0,1723.0,7647.0,0.0,0.0,-2.0,
1648715285629450321,0.120239257812,0.138671875,-0.116516113281,0.97607421875,-2113.0,1731.0,7652.0,0.0,0.0,-2.0,
1648715285638215065,0.120300292969,0.138549804688,-0.116638183594,0.97607421875,-2099.0,1769.0,7674.0,0.0,0.0,-1.0,
1648715285655106067,0.120300292969,0.138427734375,-0.116638183594,0.97607421875,-2087.0,1771.0,7678.0,0.0,0.0,-1.0,
1648715285668442249,0.120300292969,0.138366699219,-0.11669921875,0.97607421875,-2074.0,1756.0,7679.0,-1.0,0.0,-1.0,
1648715285669786453,0.120300292969,0.138305664062,-0.11669921875,0.97607421875,-2070.0,1737.0,7687.0,-1.0,0.0,-1.0,
1648715285671182394,0.120239257812,0.138244628906,-0.11669921875,0.97607421875,-2087.0,1726.0,7708.0,-1.0,0.0,-1.0,
1648715285672027587,0.1201171875,0.13818359375,-0.11669921875,0.97607421875,-2120.0,1728.0,7729.0,-2.0,0.0,-1.0,
1648715285672843217,0.120056152344,0.13818359375,-0.11669921875,0.976135253906,-2156.0,1706.0,7730.0,-2.0,0.0,-1.0,
1648715285674348831,0.119934082031,0.138244628906,-0.116760253906,0.976135253906,-2202.0,1679.0,7731.0,-2.0,1.0,-1.0,
1648715285675702810,0.119750976562,0.138366699219,-0.116760253906,0.976135253906,-2231.0,1646.0,7716.0,-3.0,1.0,-2.0,
1648715285681936740,0.11962890625,0.138427734375,-0.116821289062,0.976135253906,-2245.0,1615.0,7701.0,-3.0,0.0,-2.0,
1648715285686160802,0.119445800781,0.138488769531,-0.116882324219,0.976135253906,-2254.0,1574.0,7686.0,-2.0,1.0,-2.0,
1648715285690067768,0.119262695312,0.138549804688,-0.116943359375,0.976135253906,-2272.0,1545.0,7666.0,-2.0,1.0,-2.0,
1648715285695502042,0.119140625,0.138671875,-0.117065429688,0.976135253906,-2265.0,1469.0,7659.0,-2.0,1.0,-2.0,
1648715285700222730,0.118896484375,0.138732910156,-0.117248535156,0.976135253906,-2262.0,1393.0,7647.0,-2.0,1.0,-3.0,
1648715285705297946,0.11865234375,0.138854980469,-0.117431640625,0.97607421875,-2311.0,1370.0,7642.0,-1.0,1.0,-4.0,
1648715285709470510,0.11865234375,0.138977050781,-0.117614746094,0.97607421875,-2359.0,1370.0,7626.0,0.0,1.0,-4.0,
1648715285717499971,0.11865234375,0.139099121094,-0.117858886719,0.976013183594,-2358.0,1403.0,7604.0,2.0,0.0,-4.0,
1648715285721566915,0.118774414062,0.139099121094,-0.118103027344,0.975952148438,-2331.0,1431.0,7583.0,2.0,0.0,-4.0,
1648715285728067159,0.118835449219,0.13916015625,-0.118347167969,0.975952148438,-2311.0,1407.0,7575.0,1.0,0.0,-4.0,
1648715285733680725,0.118774414062,0.13916015625,-0.118591308594,0.975891113281,-2307.0,1359.0,7584.0,1.0,0.0,-5.0,
1648715285737197875,0.118713378906,0.139221191406,-0.118896484375,0.975891113281,-2305.0,1364.0,7589.0,1.0,0.0,-5.0,
1648715285742012500,0.118774414062,0.139282226562,-0.119201660156,0.975830078125,-2300.0,1413.0,7566.0,2.0,0.0,-5.0,
1648715285746704339,0.119018554688,0.139221191406,-0.119445800781,0.975769042969,-2272.0,1496.0,7599.0,3.0,0.0,-4.0,
1648715285751224517,0.119262695312,0.139099121094,-0.119689941406,0.975708007812,-2239.0,1617.0,7603.0,3.0,-1.0,-4.0,
1648715285757185459,0.119506835938,0.139038085938,-0.119873046875,0.975708007812,-2244.0,1745.0,7613.0,2.0,0.0,-4.0,
1648715285759914636,0.119689941406,0.138977050781,-0.120056152344,0.975646972656,-2248.0,1812.0,7644.0,1.0,0.0,-4.0,
1648715285764916181,0.119750976562,0.138977050781,-0.120239257812,0.9755859375,-2230.0,1833.0,7637.0,-1.0,0.0,-4.0,
1648715285769721269,0.119750976562,0.138916015625,-0.120422363281,0.9755859375,-2232.0,1819.0,7629.0,-1.0,0.0,-4.0,
1648715285776676416,0.119689941406,0.138977050781,-0.12060546875,0.9755859375,-2236.0,1765.0,7629.0,-1.0,0.0,-4.0,
1648715285781617164,0.11962890625,0.138916015625,-0.120788574219,0.9755859375,-2228.0,1731.0,7615.0,-1.0,-1.0,-3.0,
1648715285785828828,0.11962890625,0.138916015625,-0.120971679688,0.975524902344,-2253.0,1720.0,7622.0,0.0,0.0,-3.0,
1648715285790196895,0.11962890625,0.138916015625,-0.12109375,0.975524902344,-2267.0,1718.0,7595.0,0.0,-1.0,-3.0,
1648715285794991254,0.119689941406,0.138854980469,-0.121276855469,0.975524902344,-2253.0,1679.0,7604.0,1.0,-1.0,-3.0,
1648715285802223920,0.119689941406,0.138854980469,-0.121459960938,0.975463867188,-2276.0,1652.0,7589.0,0.0,0.0,-4.0,
1648715285806946754,0.119689941406,0.138854980469,-0.121643066406,0.975463867188,-2312.0,1637.0,7559.0,0.0,0.0,-3.0,
1648715285811378955,0.119750976562,0.138916015625,-0.121765136719,0.975402832031,-2316.0,1611.0,7563.0,1.0,0.0,-3.0,
1648715285816187620,0.119750976562,0.138916015625,-0.121948242188,0.975402832031,-2309.0,1568.0,7599.0,1.0,0.0,-3.0,
1648715285820246458,0.119689941406,0.138916015625,-0.122131347656,0.975402832031,-2347.0,1565.0,7617.0,0.0,0.0,-4.0,
