1646734767592344760,0.670349121094,-0.009033203125,-0.524536132812,0.524780273438,-5150.0,6727.0,346.0,-30.0,13.0,-8.0,
1646734767594167470,0.669860839844,-0.00750732421875,-0.52392578125,0.526000976562,-5125.0,6835.0,317.0,-33.0,14.0,-8.0,
1646734767599221467,0.669311523438,-0.0057373046875,-0.523315429688,0.52734375,-5105.0,6899.0,307.0,-37.0,16.0,-9.0,
1646734767606275320,0.668762207031,-0.00384521484375,-0.522644042969,0.528747558594,-5071.0,6922.0,286.0,-39.0,17.0,-9.0,
1646734767615722417,0.667602539062,0.000244140625,-0.521179199219,0.531616210938,-5045.0,6908.0,183.0,-42.0,19.0,-10.0,
1646734767619665384,0.667114257812,0.00250244140625,-0.520385742188,0.533020019531,-5042.0,6876.0,142.0,-43.0,21.0,-10.0,
1646734767624109983,0.666625976562,0.00469970703125,-0.519470214844,0.534484863281,-5054.0,6818.0,142.0,-42.0,22.0,-10.0,
1646734767628864049,0.666259765625,0.00701904296875,-0.5185546875,0.535827636719,-5075.0,6750.0,148.0,-41.0,24.0,-9.0,
1646734767633315563,0.665954589844,0.00927734375,-0.517578125,0.537109375,-5116.0,6676.0,153.0,-39.0,26.0,-9.0,
1646734767638128280,0.665771484375,0.0115966796875,-0.516479492188,0.538330078125,-5197.0,6573.0,197.0,-37.0,28.0,-8.0,
1646734767644109249,0.665649414062,0.013916015625,-0.515319824219,0.53955078125,-5291.0,6433.0,290.0,-36.0,30.0,-6.0,
1646734767648710727,0.665588378906,0.01611328125,-0.514221191406,0.540649414062,-5393.0,6230.0,438.0,-33.0,30.0,-5.0,
1646734767655419826,0.66552734375,0.018310546875,-0.51318359375,0.541625976562,-5493.0,5995.0,637.0,-29.0,30.0,-5.0,
1646734767658976554,0.665649414062,0.0203247070312,-0.512145996094,0.542358398438,-5614.0,5788.0,849.0,-22.0,31.0,-3.0,
1646734767663886308,0.666015625,0.0220336914062,-0.511108398438,0.542846679688,-5731.0,5648.0,1041.0,-14.0,32.0,-1.0,
1646734767668299913,0.666687011719,0.0233764648438,-0.509948730469,0.543090820312,-5852.0,5646.0,1185.0,-5.0,33.0,1.0,
1646734767672843456,0.667602539062,0.0243530273438,-0.508605957031,0.543151855469,-5952.0,5735.0,1256.0,1.0,33.0,4.0,
1646734767677343606,0.668701171875,0.0250854492188,-0.507080078125,0.543151855469,-6056.0,5870.0,1282.0,5.0,34.0,6.0,
1646734767685644149,0.669860839844,0.0256958007812,-0.505493164062,0.543151855469,-6144.0,5940.0,1270.0,5.0,33.0,7.0,
1646734767689063072,0.671020507812,0.0263671875,-0.503967285156,0.543151855469,-6205.0,5926.0,1225.0,4.0,32.0,7.0,
1646734767693835973,0.672119140625,0.027099609375,-0.502502441406,0.543090820312,-6241.0,5829.0,1198.0,4.0,31.0,6.0,
1646734767698107957,0.673156738281,0.02783203125,-0.501159667969,0.543029785156,-6280.0,5659.0,1211.0,4.0,30.0,6.0,
1646734767702780246,0.674255371094,0.028564453125,-0.499938964844,0.542724609375,-6334.0,5450.0,1265.0,8.0,30.0,6.0,
1646734767709061861,0.675537109375,0.029052734375,-0.498779296875,0.542175292969,-6383.0,5255.0,1365.0,15.0,29.0,6.0,
1646734767713845252,0.677062988281,0.0292358398438,-0.497680664062,0.541259765625,-6448.0,5162.0,1443.0,25.0,29.0,7.0,
1646734767719732522,0.678955078125,0.029052734375,-0.49658203125,0.539978027344,-6508.0,5148.0,1510.0,35.0,29.0,8.0,
1646734767724701881,0.681091308594,0.028564453125,-0.495361328125,0.538452148438,-6578.0,5221.0,1574.0,43.0,29.0,9.0,
1646734767729314088,0.683410644531,0.0277709960938,-0.494140625,0.536682128906,-6671.0,5353.0,1626.0,49.0,30.0,9.0,
1646734767733908414,0.685852050781,0.02685546875,-0.492858886719,0.534729003906,-6774.0,5531.0,1675.0,54.0,30.0,10.0,
1646734767737514972,0.6884765625,0.0256958007812,-0.491516113281,0.532653808594,-6884.0,5744.0,1709.0,58.0,30.0,10.0,
1646734767745706081,0.691223144531,0.0244140625,-0.490112304688,0.530395507812,-7009.0,5980.0,1735.0,63.0,31.0,12.0,
1646734767748651981,0.694152832031,0.0228271484375,-0.488647460938,0.528015136719,-7132.0,6209.0,1738.0,68.0,31.0,13.0,
1646734767753345489,0.697265625,0.0210571289062,-0.487060546875,0.525451660156,-7260.0,6430.0,1727.0,73.0,32.0,15.0,
1646734767758254289,0.700500488281,0.0191040039062,-0.4853515625,0.522766113281,-7378.0,6672.0,1677.0,77.0,33.0,18.0,
1646734767762714385,0.703918457031,0.0169067382812,-0.483459472656,0.52001953125,-7481.0,6938.0,1563.0,81.0,33.0,20.0,
1646734767767446756,0.707458496094,0.0145263671875,-0.481384277344,0.517211914062,-7581.0,7219.0,1397.0,82.0,34.0,23.0,
1646734767775468587,0.710876464844,0.0121459960938,-0.479125976562,0.5146484375,-7662.0,7484.0,1180.0,78.0,35.0,25.0,
1646734767778671503,0.714172363281,0.00994873046875,-0.476806640625,0.512329101562,-7712.0,7710.0,976.0,71.0,34.0,26.0,
1646734767785045385,0.717041015625,0.0079345703125,-0.474487304688,0.510498046875,-7729.0,7873.0,830.0,62.0,33.0,27.0,
1646734767788632631,0.719604492188,0.0062255859375,-0.47216796875,0.509033203125,-7728.0,7983.0,702.0,51.0,33.0,27.0,
1646734767797129154,0.721740722656,0.0047607421875,-0.469970703125,0.508117675781,-7696.0,8012.0,566.0,41.0,31.0,27.0,
1646734767804565429,0.723510742188,0.00347900390625,-0.467834472656,0.507507324219,-7600.0,7975.0,439.0,32.0,29.0,27.0,
1646734767810175895,0.725158691406,0.00238037109375,-0.465759277344,0.507080078125,-7485.0,7846.0,359.0,27.0,27.0,27.0,
1646734767814554452,0.726623535156,0.00128173828125,-0.463806152344,0.506774902344,-7356.0,7608.0,321.0,25.0,27.0,28.0,
1646734767816420316,0.728149414062,0.0001220703125,-0.461853027344,0.506408691406,-7215.0,7307.0,330.0,27.0,26.0,29.0,
1646734767820626020,0.729675292969,-0.001220703125,-0.460021972656,0.505859375,-7072.0,7035.0,386.0,32.0,25.0,30.0,
1646734767824745178,0.7314453125,-0.00286865234375,-0.458190917969,0.505004882812,-6935.0,6841.0,465.0,40.0,24.0,31.0,
1646734767829182147,0.7333984375,-0.0048828125,-0.456359863281,0.503784179688,-6815.0,6715.0,545.0,49.0,24.0,33.0,
1646734767833937406,0.735595703125,-0.00732421875,-0.454406738281,0.502258300781,-6698.0,6667.0,621.0,59.0,24.0,35.0,
1646734767838714122,0.738037109375,-0.0100708007812,-0.452453613281,0.500427246094,-6579.0,6709.0,711.0,68.0,22.0,36.0,
1646734767843267440,0.740600585938,-0.0132446289062,-0.450500488281,0.498352050781,-6460.0,6823.0,794.0,75.0,21.0,38.0,
1646734767847628593,0.743225097656,-0.0167846679688,-0.448547363281,0.49609375,-6347.0,6947.0,880.0,81.0,19.0,39.0,
1646734767855527639,0.745849609375,-0.0206298828125,-0.446655273438,0.49365234375,-6238.0,7043.0,946.0,86.0,16.0,41.0,
1646734767858655691,0.74853515625,-0.0247192382812,-0.444763183594,0.491088867188,-6122.0,7097.0,1009.0,91.0,14.0,42.0,
1646734767863827466,0.751220703125,-0.0289916992188,-0.442993164062,0.488342285156,-5975.0,7094.0,1001.0,94.0,11.0,44.0,
1646734767868315696,0.754028320312,-0.0335083007812,-0.441223144531,0.485412597656,-5823.0,7038.0,962.0,98.0,9.0,44.0,
1646734767872758388,0.7568359375,-0.0381469726562,-0.439514160156,0.482238769531,-5659.0,6963.0,894.0,102.0,7.0,44.0,
1646734767877532482,0.759765625,-0.0430297851562,-0.437805175781,0.478759765625,-5480.0,6895.0,782.0,107.0,5.0,45.0,
1646734767885589599,0.762817382812,-0.0482177734375,-0.43603515625,0.474975585938,-5285.0,6828.0,631.0,114.0,3.0,46.0,
1646734767888720989,0.766052246094,-0.0536499023438,-0.434143066406,0.470886230469,-5077.0,6755.0,449.0,120.0,2.0,47.0,
1646734767893741607,0.769348144531,-0.059326171875,-0.432250976562,0.466552734375,-4878.0,6687.0,248.0,125.0,1.0,48.0,
1646734767898164510,0.772766113281,-0.0651245117188,-0.430236816406,0.4619140625,-4698.0,6643.0,41.0,129.0,1.0,48.0,
1646734767902192592,0.776245117188,-0.0709838867188,-0.428161621094,0.457153320312,-4536.0,6620.0,-142.0,132.0,1.0,48.0,
1646734767910819292,0.779724121094,-0.0768432617188,-0.426086425781,0.452270507812,-4394.0,6613.0,-331.0,133.0,2.0,48.0,
1646734767917532682,0.783142089844,-0.082763671875,-0.423889160156,0.447326660156,-4281.0,6620.0,-516.0,133.0,2.0,48.0,
1646734767922279834,0.786499023438,-0.0885620117188,-0.421630859375,0.442443847656,-4190.0,6640.0,-661.0,132.0,2.0,48.0,
1646734767926705837,0.789672851562,-0.0942993164062,-0.41943359375,0.437683105469,-4120.0,6690.0,-790.0,129.0,1.0,48.0,
1646734767931544065,0.792602539062,-0.0999755859375,-0.417297363281,0.43310546875,-4068.0,6766.0,-897.0,125.0,1.0,48.0,
1646734767936051368,0.795349121094,-0.105529785156,-0.415161132812,0.428771972656,-4026.0,6867.0,-998.0,120.0,0.0,48.0,
1646734767940555095,0.797790527344,-0.110961914062,-0.413146972656,0.4248046875,-3982.0,6996.0,-1076.0,112.0,-1.0,48.0,
1646734767943831920,0.799926757812,-0.1162109375,-0.411254882812,0.421203613281,-3952.0,7108.0,-1076.0,105.0,-3.0,47.0,
1646734767948817729,0.801696777344,-0.121276855469,-0.409606933594,0.41796875,-3900.0,7181.0,-1087.0,97.0,-6.0,47.0,
1646734767952857971,0.80322265625,-0.126220703125,-0.408081054688,0.415100097656,-3841.0,7180.0,-1094.0,90.0,-8.0,47.0,
1646734767957496404,0.804443359375,-0.130981445312,-0.406799316406,0.412536621094,-3771.0,7112.0,-1106.0,82.0,-11.0,46.0,
1646734767965628623,0.805480957031,-0.135620117188,-0.405639648438,0.41015625,-3689.0,6981.0,-1127.0,76.0,-13.0,46.0,
1646734767968856811,0.806274414062,-0.14013671875,-0.404663085938,0.407958984375,-3596.0,6784.0,-1141.0,71.0,-16.0,45.0,
1646734767973453998,0.807006835938,-0.144592285156,-0.40380859375,0.405822753906,-3499.0,6559.0,-1162.0,68.0,-17.0,45.0,
1646734767978102684,0.807739257812,-0.148986816406,-0.403015136719,0.403625488281,-3419.0,6346.0,-1180.0,67.0,-19.0,45.0,
1646734767982903718,0.808349609375,-0.153381347656,-0.402282714844,0.401428222656,-3338.0,6155.0,-1200.0,67.0,-20.0,44.0,
1646734767987387180,0.809020996094,-0.157775878906,-0.401611328125,0.399108886719,-3256.0,5990.0,-1257.0,68.0,-20.0,44.0,
1646734767995985507,0.809631347656,-0.162109375,-0.40087890625,0.396789550781,-3172.0,5871.0,-1352.0,68.0,-21.0,43.0,
1646734767998775720,0.810180664062,-0.16650390625,-0.400207519531,0.39453125,-3081.0,5784.0,-1449.0,66.0,-22.0,43.0,
1646734768003275871,0.810668945312,-0.170776367188,-0.399536132812,0.392395019531,-2989.0,5746.0,-1560.0,63.0,-22.0,42.0,
1646734768007967233,0.811096191406,-0.174987792969,-0.398864746094,0.390319824219,-2911.0,5748.0,-1674.0,60.0,-23.0,41.0,
1646734768013335704,0.811401367188,-0.179138183594,-0.398315429688,0.388427734375,-2841.0,5747.0,-1788.0,57.0,-24.0,41.0,
1646734768028935909,0.811584472656,-0.183227539062,-0.397827148438,0.386657714844,-2772.0,5709.0,-1896.0,54.0,-25.0,41.0,
1646734768029401302,0.811706542969,-0.187316894531,-0.397338867188,0.384887695312,-2726.0,5656.0,-2000.0,52.0,-25.0,42.0,
1646734768029822826,0.811828613281,-0.19140625,-0.396789550781,0.383117675781,-2696.0,5617.0,-2100.0,53.0,-25.0,42.0,
1646734768043303728,0.81201171875,-0.195617675781,-0.396240234375,0.381286621094,-2674.0,5619.0,-2175.0,55.0,-25.0,43.0,
1646734768044105291,0.812194824219,-0.199829101562,-0.395629882812,0.379272460938,-2647.0,5674.0,-2237.0,58.0,-25.0,43.0,
1646734768044790267,0.812438964844,-0.2041015625,-0.394897460938,0.377197265625,-2608.0,5805.0,-2310.0,60.0,-24.0,43.0,
1646734768053131818,0.812683105469,-0.208374023438,-0.394165039062,0.375122070312,-2571.0,5983.0,-2365.0,61.0,-24.0,42.0,
1646734768053518056,0.812805175781,-0.212524414062,-0.393493652344,0.373229980469,-2522.0,6149.0,-2402.0,58.0,-24.0,40.0,
1646734768059426784,0.812744140625,-0.216552734375,-0.393005371094,0.371459960938,-2468.0,6285.0,-2442.0,53.0,-26.0,38.0,
1646734768062183141,0.812561035156,-0.220336914062,-0.392822265625,0.370056152344,-2386.0,6376.0,-2493.0,46.0,-28.0,36.0,
1646734768072246313,0.812072753906,-0.223754882812,-0.392822265625,0.368957519531,-2298.0,6402.0,-2559.0,36.0,-30.0,33.0,
1646734768073396205,0.811462402344,-0.226867675781,-0.393005371094,0.368225097656,-2195.0,6418.0,-2687.0,26.0,-31.0,31.0,
1646734768077909946,0.810607910156,-0.229675292969,-0.393249511719,0.367980957031,-2103.0,6466.0,-2835.0,15.0,-31.0,30.0,
1646734768082637310,0.8095703125,-0.232238769531,-0.3935546875,0.368347167969,-2031.0,6569.0,-2956.0,4.0,-30.0,30.0,
1646734768089079141,0.808288574219,-0.234497070312,-0.39404296875,0.369384765625,-1968.0,6669.0,-3033.0,-8.0,-29.0,30.0,
1646734768094928979,0.806640625,-0.236389160156,-0.394714355469,0.370971679688,-1903.0,6748.0,-3119.0,-20.0,-29.0,29.0,
1646734768098235845,0.804809570312,-0.237976074219,-0.395568847656,0.372985839844,-1846.0,6779.0,-3199.0,-31.0,-29.0,27.0,
1646734768102708339,0.802856445312,-0.239135742188,-0.396545410156,0.375427246094,-1802.0,6774.0,-3280.0,-41.0,-29.0,25.0,
1646734768107425451,0.800659179688,-0.240051269531,-0.397705078125,0.378234863281,-1764.0,6725.0,-3367.0,-50.0,-29.0,24.0,
1646734768117366790,0.798400878906,-0.240661621094,-0.398986816406,0.381286621094,-1737.0,6647.0,-3434.0,-58.0,-29.0,21.0,
1646734768124211549,0.793518066406,-0.241027832031,-0.402038574219,0.388000488281,-1711.0,6389.0,-3490.0,-69.0,-28.0,17.0,
1646734768129011154,0.791015625,-0.240905761719,-0.403747558594,0.391418457031,-1697.0,6200.0,-3475.0,-72.0,-28.0,15.0,
1646734768133655786,0.78857421875,-0.240539550781,-0.405517578125,0.394714355469,-1675.0,5988.0,-3400.0,-72.0,-28.0,12.0,
1646734768138085603,0.7861328125,-0.240051269531,-0.407409667969,0.39794921875,-1663.0,5758.0,-3284.0,-72.0,-28.0,8.0,
1646734768142857789,0.783752441406,-0.239379882812,-0.409301757812,0.401000976562,-1669.0,5506.0,-3134.0,-69.0,-27.0,5.0,
1646734768147422313,0.781555175781,-0.238586425781,-0.411315917969,0.403747558594,-1684.0,5254.0,-2971.0,-66.0,-27.0,1.0,
1646734768153983116,0.779479980469,-0.237609863281,-0.413391113281,0.40625,-1707.0,4998.0,-2805.0,-62.0,-26.0,-2.0,
1646734768158696413,0.777526855469,-0.236572265625,-0.415466308594,0.408447265625,-1719.0,4771.0,-2653.0,-58.0,-26.0,-6.0,
1646734768163301944,0.775756835938,-0.235412597656,-0.417602539062,0.410339355469,-1747.0,4597.0,-2521.0,-54.0,-25.0,-10.0,
1646734768168688058,0.774108886719,-0.234069824219,-0.419677734375,0.411987304688,-1805.0,4472.0,-2406.0,-51.0,-24.0,-14.0,
1646734768172827720,0.772644042969,-0.232727050781,-0.421752929688,0.413452148438,-1894.0,4390.0,-2302.0,-47.0,-23.0,-16.0,
1646734768177639484,0.771362304688,-0.231384277344,-0.423767089844,0.41455078125,-1988.0,4342.0,-2256.0,-42.0,-22.0,-17.0,
1646734768184289932,0.770263671875,-0.230163574219,-0.425659179688,0.415344238281,-2096.0,4354.0,-2249.0,-35.0,-21.0,-19.0,
1646734768188902616,0.769348144531,-0.22900390625,-0.427429199219,0.415832519531,-2208.0,4422.0,-2295.0,-30.0,-20.0,-20.0,
1646734768193478822,0.768615722656,-0.227783203125,-0.429138183594,0.416015625,-2332.0,4528.0,-2345.0,-26.0,-20.0,-22.0,
1646734768197879791,0.768005371094,-0.226623535156,-0.430908203125,0.416076660156,-2462.0,4651.0,-2445.0,-23.0,-20.0,-24.0,
1646734768202496051,0.767456054688,-0.225402832031,-0.432556152344,0.415954589844,-2591.0,4768.0,-2577.0,-22.0,-20.0,-26.0,
1646734768210720539,0.767028808594,-0.224060058594,-0.434265136719,0.415771484375,-2712.0,4859.0,-2728.0,-21.0,-20.0,-27.0,
1646734768214130640,0.7666015625,-0.222717285156,-0.435974121094,0.415466308594,-2842.0,4921.0,-2868.0,-22.0,-19.0,-29.0,
1646734768220889568,0.766235351562,-0.221130371094,-0.437744140625,0.415100097656,-2974.0,4967.0,-2994.0,-22.0,-19.0,-31.0,
1646734768228967666,0.765625,-0.217651367188,-0.441345214844,0.414367675781,-3248.0,5113.0,-3226.0,-24.0,-18.0,-35.0,
1646734768233468770,0.765258789062,-0.215698242188,-0.443176269531,0.4140625,-3413.0,5229.0,-3272.0,-27.0,-17.0,-36.0,
1646734768238176345,0.764770507812,-0.213500976562,-0.445129394531,0.414001464844,-3577.0,5341.0,-3290.0,-31.0,-17.0,-38.0,
1646734768243007183,0.76416015625,-0.211059570312,-0.447265625,0.4140625,-3730.0,5429.0,-3287.0,-35.0,-17.0,-40.0,
1646734768247326374,0.763427734375,-0.208435058594,-0.449523925781,0.414306640625,-3889.0,5483.0,-3265.0,-41.0,-17.0,-42.0,
1646734768253873586,0.762573242188,-0.205505371094,-0.451904296875,0.414733886719,-4039.0,5502.0,-3243.0,-46.0,-18.0,-43.0,
1646734768258771181,0.761596679688,-0.202392578125,-0.454467773438,0.415283203125,-4186.0,5483.0,-3238.0,-50.0,-18.0,-45.0,
1646734768263312578,0.760559082031,-0.199157714844,-0.45703125,0.415893554688,-4321.0,5406.0,-3224.0,-53.0,-18.0,-46.0,
1646734768267991542,0.759521484375,-0.195739746094,-0.459655761719,0.41650390625,-4460.0,5287.0,-3232.0,-54.0,-17.0,-47.0,
1646734768272774457,0.758666992188,-0.192321777344,-0.462219238281,0.416870117188,-4599.0,5115.0,-3249.0,-52.0,-17.0,-48.0,
1646734768280659437,0.757934570312,-0.188842773438,-0.464721679688,0.416931152344,-4740.0,4895.0,-3276.0,-47.0,-16.0,-50.0,
1646734768284002542,0.757507324219,-0.185485839844,-0.467102050781,0.416564941406,-4874.0,4655.0,-3298.0,-39.0,-14.0,-51.0,
1646734768288604974,0.757507324219,-0.182312011719,-0.469299316406,0.415588378906,-5001.0,4413.0,-3307.0,-28.0,-12.0,-52.0,
1646734768293287992,0.757873535156,-0.179321289062,-0.471252441406,0.414001464844,-5126.0,4210.0,-3314.0,-15.0,-8.0,-54.0,
1646734768298240184,0.758728027344,-0.176513671875,-0.472839355469,0.411743164062,-5260.0,4081.0,-3306.0,-1.0,-5.0,-54.0,
1646734768302724838,0.759948730469,-0.174011230469,-0.474182128906,0.408996582031,-5397.0,4016.0,-3288.0,11.0,-1.0,-54.0,
1646734768308193445,0.761535644531,-0.171813964844,-0.475219726562,0.405822753906,-5531.0,4008.0,-3274.0,23.0,2.0,-54.0,
1646734768313971281,0.763366699219,-0.169799804688,-0.47607421875,0.402221679688,-5653.0,4062.0,-3293.0,32.0,5.0,-54.0,
1646734768320283889,0.765441894531,-0.16796875,-0.476623535156,0.398376464844,-5776.0,4190.0,-3332.0,39.0,7.0,-53.0,
1646734768325430870,0.767578125,-0.166320800781,-0.476989746094,0.394470214844,-5927.0,4387.0,-3330.0,42.0,9.0,-53.0,
1646734768330318927,0.769653320312,-0.164672851562,-0.477355957031,0.390686035156,-6104.0,4645.0,-3294.0,42.0,9.0,-51.0,
1646734768337869405,0.771545410156,-0.163024902344,-0.477783203125,0.387084960938,-6284.0,4942.0,-3245.0,39.0,9.0,-51.0,
1646734768340415000,0.773193359375,-0.161254882812,-0.478332519531,0.383850097656,-6450.0,5255.0,-3213.0,33.0,9.0,-51.0,
1646734768345910787,0.774597167969,-0.159240722656,-0.478942871094,0.381164550781,-6605.0,5553.0,-3199.0,23.0,8.0,-50.0,
1646734768349768877,0.775695800781,-0.156982421875,-0.479614257812,0.378967285156,-6733.0,5803.0,-3189.0,13.0,7.0,-50.0,
1646734768354046106,0.776489257812,-0.154418945312,-0.48046875,0.377258300781,-6800.0,5992.0,-3190.0,1.0,6.0,-49.0,
1646734768358704090,0.776977539062,-0.151672363281,-0.481506347656,0.376098632812,-6890.0,6128.0,-3186.0,-9.0,4.0,-49.0,
1646734768363634586,0.777282714844,-0.148620605469,-0.482666015625,0.375244140625,-6959.0,6222.0,-3200.0,-17.0,3.0,-49.0,
1646734768368561983,0.777404785156,-0.145446777344,-0.48388671875,0.374633789062,-6999.0,6271.0,-3225.0,-23.0,2.0,-50.0,
1646734768372646093,0.777404785156,-0.142028808594,-0.485168457031,0.374206542969,-7005.0,6245.0,-3275.0,-28.0,2.0,-51.0,
1646734768377349376,0.777526855469,-0.138488769531,-0.486328125,0.373840332031,-6991.0,6159.0,-3321.0,-30.0,4.0,-52.0,
1646734768383998632,0.777648925781,-0.134887695312,-0.487426757812,0.373474121094,-6947.0,6015.0,-3359.0,-30.0,6.0,-51.0,
1646734768388662338,0.777954101562,-0.131286621094,-0.48828125,0.372924804688,-6916.0,5827.0,-3389.0,-27.0,8.0,-51.0,
1646734768393517017,0.778442382812,-0.127746582031,-0.489135742188,0.3720703125,-6895.0,5630.0,-3398.0,-22.0,10.0,-53.0,
1646734768398153543,0.779113769531,-0.124206542969,-0.489868164062,0.370849609375,-6881.0,5446.0,-3393.0,-16.0,12.0,-54.0,
1646734768403532028,0.780029296875,-0.120849609375,-0.490478515625,0.369262695312,-6894.0,5283.0,-3375.0,-8.0,14.0,-55.0,
1646734768410324573,0.781188964844,-0.117614746094,-0.490905761719,0.367248535156,-6913.0,5151.0,-3338.0,1.0,17.0,-55.0,
1646734768414238691,0.782653808594,-0.11474609375,-0.491088867188,0.364807128906,-6954.0,5042.0,-3297.0,11.0,20.0,-54.0,
1646734768418846130,0.784362792969,-0.112121582031,-0.491088867188,0.361938476562,-7000.0,4954.0,-3251.0,21.0,22.0,-53.0,
1646734768425359964,0.786315917969,-0.109802246094,-0.490844726562,0.358703613281,-7041.0,4912.0,-3189.0,31.0,25.0,-52.0,
1646734768431060552,0.788513183594,-0.107727050781,-0.490417480469,0.355102539062,-7090.0,4928.0,-3121.0,40.0,28.0,-51.0,
1646734768435061454,0.790893554688,-0.105895996094,-0.48974609375,0.351257324219,-7143.0,5016.0,-3062.0,47.0,31.0,-50.0,
1646734768440219640,0.793334960938,-0.104309082031,-0.488891601562,0.347290039062,-7207.0,5176.0,-3008.0,52.0,33.0,-49.0,
1646734768446240663,0.7958984375,-0.102844238281,-0.487915039062,0.343322753906,-7287.0,5399.0,-2941.0,55.0,36.0,-47.0,
1646734768450161218,0.798400878906,-0.101501464844,-0.486755371094,0.339477539062,-7390.0,5676.0,-2868.0,56.0,37.0,-45.0,
1646734768454727172,0.800842285156,-0.100280761719,-0.485534667969,0.335876464844,-7510.0,6020.0,-2780.0,55.0,38.0,-43.0,
1646734768458951234,0.803100585938,-0.09912109375,-0.484252929688,0.332641601562,-7644.0,6419.0,-2691.0,51.0,38.0,-40.0,
1646734768463989019,0.80517578125,-0.0979614257812,-0.483032226562,0.329833984375,-7768.0,6808.0,-2599.0,45.0,38.0,-38.0,
1646734768467211246,0.806945800781,-0.0967407226562,-0.481811523438,0.327575683594,-7870.0,7156.0,-2551.0,37.0,37.0,-34.0,
1646734768474286079,0.808471679688,-0.095458984375,-0.480590820312,0.325927734375,-7951.0,7457.0,-2501.0,27.0,36.0,-31.0,
1646734768479011058,0.809753417969,-0.0940551757812,-0.479431152344,0.324951171875,-8017.0,7738.0,-2470.0,16.0,35.0,-28.0,
1646734768483792543,0.810729980469,-0.0924682617188,-0.478332519531,0.324523925781,-8108.0,7969.0,-2414.0,6.0,34.0,-25.0,
1646734768488570451,0.811462402344,-0.0908203125,-0.477294921875,0.32470703125,-8203.0,8127.0,-2319.0,-3.0,33.0,-22.0,
1646734768492945432,0.811950683594,-0.0891723632812,-0.476379394531,0.325317382812,-8297.0,8187.0,-2233.0,-10.0,31.0,-18.0,
1646734768497247695,0.812255859375,-0.0875854492188,-0.475524902344,0.326232910156,-8381.0,8168.0,-2171.0,-15.0,30.0,-13.0,
1646734768504248380,0.812561035156,-0.0861206054688,-0.474609375,0.327270507812,-8444.0,8064.0,-2139.0,-17.0,30.0,-8.0,
1646734768508592605,0.812866210938,-0.0848999023438,-0.473571777344,0.328308105469,-8482.0,7914.0,-2095.0,-16.0,30.0,-3.0,
1646734768513447761,0.813232421875,-0.083984375,-0.472412109375,0.329284667969,-8495.0,7768.0,-2075.0,-12.0,30.0,1.0,
1646734768518018722,0.813720703125,-0.0833740234375,-0.471069335938,0.330139160156,-8497.0,7693.0,-2049.0,-7.0,32.0,5.0,
1646734768522852420,0.814331054688,-0.0831298828125,-0.469482421875,0.330871582031,-8513.0,7678.0,-2000.0,-2.0,33.0,10.0,
1646734768529625654,0.815002441406,-0.0831909179688,-0.467834472656,0.33154296875,-8515.0,7710.0,-1972.0,4.0,34.0,13.0,
1646734768534333705,0.815795898438,-0.0835571289062,-0.466003417969,0.332092285156,-8502.0,7784.0,-1941.0,8.0,35.0,17.0,
1646734768539028167,0.816711425781,-0.084228515625,-0.463989257812,0.332580566406,-8480.0,7889.0,-1853.0,12.0,36.0,20.0,
1646734768544113874,0.817565917969,-0.085205078125,-0.4619140625,0.333129882812,-8447.0,8049.0,-1719.0,15.0,37.0,23.0,
1646734768548534631,0.818359375,-0.0863647460938,-0.459777832031,0.333740234375,-8421.0,8252.0,-1551.0,17.0,37.0,27.0,
1646734768552767992,0.819030761719,-0.0877685546875,-0.457702636719,0.334594726562,-8387.0,8488.0,-1318.0,17.0,36.0,30.0,
1646734768557433366,0.819519042969,-0.0892944335938,-0.455749511719,0.335693359375,-8308.0,8661.0,-1098.0,15.0,34.0,32.0,
1646734768564108610,0.819885253906,-0.0909423828125,-0.453857421875,0.3369140625,-8235.0,8826.0,-934.0,13.0,32.0,34.0,
1646734768569139957,0.820129394531,-0.0927124023438,-0.451965332031,0.33837890625,-8168.0,8952.0,-836.0,11.0,29.0,38.0,
1646734768573632001,0.820190429688,-0.0946655273438,-0.4501953125,0.340026855469,-8059.0,9016.0,-788.0,8.0,27.0,42.0,
1646734768578569650,0.820190429688,-0.0968627929688,-0.448364257812,0.341796875,-7904.0,8998.0,-785.0,6.0,23.0,46.0,
1646734768582757234,0.820068359375,-0.0992431640625,-0.446594238281,0.343688964844,-7729.0,8926.0,-833.0,5.0,20.0,51.0,
1646734768591400861,0.819885253906,-0.101989746094,-0.444885253906,0.345581054688,-7509.0,8824.0,-974.0,5.0,16.0,55.0,
1646734768594202995,0.819702148438,-0.104858398438,-0.443054199219,0.347412109375,-7220.0,8708.0,-1215.0,5.0,14.0,57.0,
1646734768599126100,0.819580078125,-0.10791015625,-0.441162109375,0.349304199219,-6887.0,8591.0,-1490.0,3.0,12.0,59.0,
1646734768603712081,0.8193359375,-0.110961914062,-0.439086914062,0.351379394531,-6550.0,8496.0,-1727.0,0.0,11.0,61.0,
1646734768608077287,0.819091796875,-0.1142578125,-0.437072753906,0.353576660156,-6203.0,8390.0,-1894.0,-1.0,9.0,64.0,
1646734768612850189,0.818664550781,-0.117858886719,-0.434997558594,0.355834960938,-5834.0,8250.0,-1994.0,0.0,7.0,68.0,
1646734768617436885,0.818237304688,-0.121704101562,-0.432983398438,0.357971191406,-5469.0,8085.0,-2015.0,4.0,5.0,72.0,
1646734768624566555,0.81787109375,-0.125854492188,-0.430908203125,0.359924316406,-5122.0,7943.0,-1958.0,9.0,4.0,74.0,
1646734768631101846,0.817504882812,-0.130187988281,-0.428894042969,0.361633300781,-4767.0,7871.0,-1843.0,15.0,3.0,74.0,
1646734768636065244,0.817138671875,-0.134704589844,-0.426879882812,0.363159179688,-4419.0,7870.0,-1666.0,20.0,2.0,73.0,
1646734768640708446,0.816711425781,-0.139343261719,-0.424987792969,0.364562988281,-4056.0,7875.0,-1475.0,24.0,0.0,72.0,
1646734768645192384,0.816223144531,-0.14404296875,-0.423156738281,0.365905761719,-3686.0,7823.0,-1273.0,26.0,-3.0,71.0,
1646734768649639844,0.815673828125,-0.148803710938,-0.421508789062,0.3671875,-3316.0,7721.0,-1067.0,27.0,-6.0,70.0,
1646734768653914451,0.815063476562,-0.153564453125,-0.419982910156,0.368286132812,-2968.0,7598.0,-901.0,28.0,-8.0,69.0,
1646734768658728361,0.814453125,-0.158386230469,-0.418579101562,0.369323730469,-2650.0,7486.0,-762.0,29.0,-11.0,68.0,
1646734768663343191,0.813720703125,-0.163146972656,-0.417236328125,0.370300292969,-2365.0,7389.0,-667.0,29.0,-13.0,68.0,
1646734768668543577,0.812866210938,-0.168029785156,-0.416076660156,0.371276855469,-2086.0,7301.0,-628.0,28.0,-16.0,68.0,
1646734768682868242,0.811950683594,-0.172973632812,-0.414916992188,0.372253417969,-1816.0,7219.0,-640.0,26.0,-19.0,68.0,
1646734768683478116,0.810974121094,-0.177917480469,-0.413818359375,0.373291015625,-1549.0,7160.0,-691.0,24.0,-21.0,69.0,
1646734768695695877,0.809875488281,-0.182922363281,-0.412780761719,0.37451171875,-1285.0,7118.0,-768.0,21.0,-23.0,69.0,
1646734768696777105,0.80859375,-0.187866210938,-0.411804199219,0.375854492188,-1026.0,7099.0,-880.0,17.0,-25.0,69.0,
1646734768697630643,0.807189941406,-0.192687988281,-0.410888671875,0.37744140625,-788.0,7090.0,-988.0,11.0,-26.0,69.0,
1646734768698304176,0.805603027344,-0.197326660156,-0.410095214844,0.379333496094,-582.0,7094.0,-1097.0,5.0,-27.0,68.0,
1646734768702567338,0.803833007812,-0.201843261719,-0.409362792969,0.381408691406,-406.0,7096.0,-1219.0,-1.0,-28.0,67.0,
1646734768707158565,0.801940917969,-0.206115722656,-0.408752441406,0.383728027344,-250.0,7084.0,-1333.0,-8.0,-29.0,66.0,
1646734768714817523,0.799865722656,-0.210205078125,-0.408325195312,0.386291503906,-115.0,7031.0,-1427.0,-14.0,-30.0,64.0,
1646734768718998670,0.797668457031,-0.213989257812,-0.408081054688,0.389099121094,-4.0,6943.0,-1509.0,-21.0,-31.0,63.0,
1646734768723837375,0.795349121094,-0.217590332031,-0.407897949219,0.392028808594,82.0,6813.0,-1571.0,-26.0,-31.0,60.0,
1646734768729961156,0.792907714844,-0.220886230469,-0.407958984375,0.39501953125,161.0,6648.0,-1623.0,-30.0,-32.0,58.0,
1646734768735410451,0.790466308594,-0.224060058594,-0.408020019531,0.398010253906,221.0,6446.0,-1662.0,-33.0,-32.0,56.0,
1646734768740284919,0.788024902344,-0.22705078125,-0.408203125,0.400939941406,274.0,6247.0,-1691.0,-33.0,-32.0,54.0,
1646734768744813680,0.78564453125,-0.229858398438,-0.408386230469,0.40380859375,300.0,6061.0,-1717.0,-34.0,-31.0,51.0,
1646734768749153852,0.783325195312,-0.232482910156,-0.408630371094,0.406616210938,301.0,5896.0,-1734.0,-34.0,-30.0,49.0,
1646734768753721237,0.781066894531,-0.234924316406,-0.408935546875,0.409301757812,279.0,5737.0,-1751.0,-35.0,-29.0,45.0,
1646734768758287668,0.778747558594,-0.237121582031,-0.409423828125,0.411926269531,245.0,5562.0,-1753.0,-36.0,-30.0,42.0,
1646734768763748645,0.776428222656,-0.239135742188,-0.410034179688,0.414489746094,194.0,5362.0,-1736.0,-38.0,-30.0,39.0,
1646734768768365621,0.774169921875,-0.240966796875,-0.410827636719,0.416931152344,141.0,5128.0,-1704.0,-39.0,-31.0,36.0,
1646734768773134231,0.771850585938,-0.242614746094,-0.411682128906,0.419311523438,80.0,4878.0,-1677.0,-39.0,-32.0,33.0,
1646734768777292728,0.769653320312,-0.244079589844,-0.412719726562,0.421508789062,10.0,4654.0,-1658.0,-38.0,-32.0,30.0,
1646734768784444332,0.767578125,-0.245483398438,-0.413757324219,0.423522949219,-65.0,4464.0,-1645.0,-36.0,-32.0,27.0,
1646734768789285659,0.765563964844,-0.246704101562,-0.414855957031,0.42529296875,-155.0,4311.0,-1664.0,-34.0,-31.0,24.0,
1646734768794198036,0.763732910156,-0.247863769531,-0.416015625,0.426879882812,-273.0,4187.0,-1693.0,-32.0,-31.0,20.0,
1646734768798398494,0.762023925781,-0.248840332031,-0.417175292969,0.42822265625,-416.0,4085.0,-1740.0,-30.0,-31.0,17.0,
1646734768802608489,0.760437011719,-0.249694824219,-0.41845703125,0.429321289062,-569.0,3985.0,-1806.0,-27.0,-31.0,13.0,
1646734768808009147,0.758972167969,-0.250366210938,-0.419860839844,0.430114746094,-741.0,3886.0,-1874.0,-26.0,-31.0,9.0,
1646734768814708709,0.757629394531,-0.250793457031,-0.421325683594,0.430725097656,-925.0,3781.0,-1929.0,-25.0,-31.0,4.0,
1646734768819135427,0.756408691406,-0.251037597656,-0.422973632812,0.43115234375,-1127.0,3678.0,-1972.0,-24.0,-31.0,0.0,
1646734768824405431,0.755249023438,-0.251098632812,-0.424743652344,0.431396484375,-1346.0,3596.0,-1999.0,-22.0,-31.0,-4.0,
1646734768828657865,0.754272460938,-0.250915527344,-0.426635742188,0.431396484375,-1588.0,3554.0,-2018.0,-21.0,-31.0,-8.0,
1646734768836411237,0.753295898438,-0.25048828125,-0.4287109375,0.431274414062,-1846.0,3559.0,-2027.0,-20.0,-31.0,-13.0,
1646734768841085910,0.75244140625,-0.249816894531,-0.430908203125,0.430969238281,-2127.0,3578.0,-2026.0,-21.0,-31.0,-18.0,
1646734768845585584,0.751525878906,-0.248779296875,-0.433410644531,0.430603027344,-2400.0,3579.0,-2030.0,-22.0,-32.0,-23.0,
1646734768849973201,0.750671386719,-0.24755859375,-0.436157226562,0.430053710938,-2670.0,3540.0,-2053.0,-23.0,-33.0,-29.0,
1646734768854429721,0.749938964844,-0.246032714844,-0.439025878906,0.429260253906,-2923.0,3438.0,-2096.0,-22.0,-34.0,-33.0,
1646734768859122514,0.749389648438,-0.244445800781,-0.441955566406,0.428161621094,-3165.0,3287.0,-2157.0,-19.0,-34.0,-37.0,
1646734768863950729,0.749145507812,-0.242858886719,-0.44482421875,0.426452636719,-3428.0,3113.0,-2229.0,-11.0,-33.0,-41.0,
1646734768868749856,0.749267578125,-0.241271972656,-0.447631835938,0.424194335938,-3711.0,2952.0,-2325.0,-1.0,-32.0,-45.0,
1646734768873013734,0.749877929688,-0.239807128906,-0.450256347656,0.421203613281,-4023.0,2807.0,-2430.0,12.0,-30.0,-48.0,
1646734768877718210,0.7509765625,-0.238525390625,-0.452697753906,0.417419433594,-4350.0,2686.0,-2552.0,26.0,-28.0,-50.0,
1646734768882351636,0.752563476562,-0.237426757812,-0.454833984375,0.412841796875,-4678.0,2612.0,-2675.0,42.0,-26.0,-52.0,
1646734768889027357,0.754577636719,-0.236572265625,-0.456726074219,0.407470703125,-4976.0,2587.0,-2811.0,57.0,-23.0,-55.0,
1646734768893955945,0.757019042969,-0.23583984375,-0.458312988281,0.401489257812,-5247.0,2645.0,-2997.0,70.0,-21.0,-57.0,
1646734768898418664,0.759826660156,-0.235290527344,-0.459594726562,0.394958496094,-5508.0,2839.0,-3195.0,79.0,-18.0,-60.0,
1646734768902691841,0.762817382812,-0.234680175781,-0.460693359375,0.388305664062,-5791.0,3203.0,-3367.0,84.0,-15.0,-62.0,
1646734768908204555,0.765747070312,-0.234069824219,-0.461669921875,0.381652832031,-6090.0,3714.0,-3519.0,84.0,-13.0,-64.0,
1646734768915171861,0.768493652344,-0.233276367188,-0.462707519531,0.375366210938,-6375.0,4276.0,-3668.0,80.0,-12.0,-64.0,
1646734768919629812,0.770935058594,-0.232238769531,-0.463806152344,0.369567871094,-6648.0,4812.0,-3826.0,70.0,-12.0,-64.0,
1646734768924762725,0.773071289062,-0.23095703125,-0.465087890625,0.364318847656,-6906.0,5299.0,-4004.0,58.0,-13.0,-64.0,
1646734768929000139,0.774780273438,-0.229248046875,-0.466491699219,0.359802246094,-7164.0,5697.0,-4179.0,43.0,-14.0,-63.0,
1646734768936845779,0.776123046875,-0.227172851562,-0.468200683594,0.356018066406,-7425.0,6004.0,-4366.0,27.0,-14.0,-62.0,
1646734768940667867,0.777099609375,-0.224548339844,-0.470153808594,0.35302734375,-7662.0,6197.0,-4535.0,10.0,-15.0,-62.0,
1646734768945623874,0.777770996094,-0.221557617188,-0.472229003906,0.3505859375,-7870.0,6292.0,-4671.0,-4.0,-15.0,-62.0,
1646734768950196266,0.778259277344,-0.218139648438,-0.474487304688,0.3486328125,-8022.0,6294.0,-4777.0,-15.0,-15.0,-62.0,
1646734768954407453,0.778625488281,-0.214538574219,-0.476745605469,0.346923828125,-8137.0,6200.0,-4845.0,-21.0,-13.0,-63.0,
1646734768959799766,0.778991699219,-0.210693359375,-0.478942871094,0.345397949219,-8221.0,6051.0,-4880.0,-25.0,-11.0,-62.0,
1646734768963292837,0.779418945312,-0.206848144531,-0.481018066406,0.343933105469,-8286.0,5871.0,-4896.0,-25.0,-8.0,-62.0,
1646734768969780445,0.779968261719,-0.203002929688,-0.48291015625,0.342407226562,-8331.0,5682.0,-4903.0,-23.0,-5.0,-61.0,
1646734768975231170,0.780700683594,-0.199157714844,-0.484497070312,0.340698242188,-8375.0,5496.0,-4877.0,-19.0,-2.0,-60.0,
1646734768978569030,0.781494140625,-0.195434570312,-0.485961914062,0.338928222656,-8402.0,5293.0,-4819.0,-15.0,1.0,-60.0,
1646734768984945774,0.782531738281,-0.191833496094,-0.487182617188,0.336853027344,-8408.0,5076.0,-4719.0,-9.0,4.0,-60.0,
1646734768990438938,0.78369140625,-0.188354492188,-0.48828125,0.33447265625,-8382.0,4839.0,-4602.0,-2.0,7.0,-59.0,
1646734768997104644,0.78515625,-0.18505859375,-0.489074707031,0.331787109375,-8324.0,4633.0,-4484.0,6.0,10.0,-59.0,
1646734769000681400,0.786804199219,-0.182006835938,-0.489624023438,0.328796386719,-8255.0,4516.0,-4383.0,15.0,13.0,-59.0,
1646734769004002094,0.788696289062,-0.17919921875,-0.48974609375,0.325439453125,-8191.0,4502.0,-4331.0,24.0,18.0,-58.0,
1646734769008507728,0.790832519531,-0.176696777344,-0.489562988281,0.321960449219,-8136.0,4579.0,-4354.0,31.0,21.0,-57.0,
1646734769013852357,0.793090820312,-0.17431640625,-0.489074707031,0.318420410156,-8074.0,4788.0,-4444.0,34.0,25.0,-55.0,
1646734769018511772,0.79541015625,-0.172058105469,-0.488220214844,0.315124511719,-8045.0,5138.0,-4518.0,33.0,28.0,-53.0,
1646734769025176525,0.797607421875,-0.169860839844,-0.487243652344,0.312316894531,-8028.0,5586.0,-4551.0,28.0,31.0,-51.0,
1646734769032136440,0.799560546875,-0.167541503906,-0.486206054688,0.310180664062,-7980.0,6020.0,-4548.0,21.0,32.0,-48.0,
1646734769034449100,0.801208496094,-0.165100097656,-0.485290527344,0.30859375,-7921.0,6379.0,-4529.0,11.0,32.0,-47.0,
1646734769043488979,0.802673339844,-0.162414550781,-0.484436035156,0.307678222656,-7863.0,6673.0,-4497.0,0.0,32.0,-46.0,
1646734769047594785,0.803894042969,-0.159484863281,-0.483581542969,0.307250976562,-7814.0,6911.0,-4448.0,-10.0,32.0,-45.0,
1646734769050729036,0.804931640625,-0.15625,-0.482849121094,0.307373046875,-7775.0,7093.0,-4391.0,-20.0,33.0,-43.0,
1646734769055388927,0.805847167969,-0.15283203125,-0.482116699219,0.307922363281,-7728.0,7221.0,-4320.0,-28.0,34.0,-42.0,
1646734769059302568,0.806579589844,-0.149291992188,-0.481384277344,0.308898925781,-7675.0,7301.0,-4230.0,-35.0,35.0,-40.0,
1646734769064257621,0.807189941406,-0.1455078125,-0.480651855469,0.310241699219,-7604.0,7323.0,-4113.0,-42.0,36.0,-39.0,
1646734769069261550,0.807678222656,-0.1416015625,-0.479919433594,0.311889648438,-7514.0,7284.0,-3976.0,-47.0,37.0,-38.0,
1646734769073144674,0.80810546875,-0.137634277344,-0.479125976562,0.313781738281,-7408.0,7174.0,-3816.0,-51.0,39.0,-37.0,
1646734769077588796,0.808471679688,-0.133605957031,-0.478332519531,0.315734863281,-7297.0,7013.0,-3665.0,-53.0,40.0,-36.0,
1646734769084128141,0.808959960938,-0.129577636719,-0.477416992188,0.317565917969,-7218.0,6836.0,-3520.0,-50.0,41.0,-35.0,
1646734769089497327,0.8095703125,-0.125793457031,-0.476379394531,0.319152832031,-7177.0,6696.0,-3381.0,-45.0,43.0,-33.0,
1646734769093941926,0.810302734375,-0.122253417969,-0.475158691406,0.320495605469,-7199.0,6608.0,-3245.0,-38.0,45.0,-31.0,
1646734769098348617,0.811157226562,-0.118957519531,-0.473815917969,0.321533203125,-7264.0,6579.0,-3121.0,-31.0,47.0,-29.0,
1646734769103303194,0.812133789062,-0.115905761719,-0.472290039062,0.322326660156,-7351.0,6607.0,-2979.0,-24.0,48.0,-27.0,
1646734769108748435,0.813171386719,-0.113159179688,-0.470764160156,0.322998046875,-7441.0,6672.0,-2827.0,-18.0,49.0,-25.0,
1646734769112100839,0.814270019531,-0.110778808594,-0.468994140625,0.323547363281,-7521.0,6781.0,-2690.0,-13.0,50.0,-21.0,
1646734769121455907,0.8154296875,-0.108764648438,-0.467163085938,0.323974609375,-7586.0,6909.0,-2631.0,-7.0,51.0,-16.0,
1646734769124191045,0.816711425781,-0.107177734375,-0.465026855469,0.324340820312,-7643.0,7037.0,-2642.0,-2.0,51.0,-11.0,
1646734769128839254,0.818054199219,-0.106018066406,-0.462707519531,0.324645996094,-7676.0,7218.0,-2694.0,2.0,52.0,-4.0,
1646734769133272647,0.819458007812,-0.105346679688,-0.460083007812,0.325134277344,-7734.0,7455.0,-2759.0,4.0,52.0,3.0,
1646734769139939785,0.820739746094,-0.105102539062,-0.457336425781,0.325866699219,-7803.0,7785.0,-2824.0,4.0,52.0,10.0,
1646734769145117282,0.821899414062,-0.105285644531,-0.454406738281,0.326904296875,-7898.0,8213.0,-2813.0,4.0,52.0,19.0,
1646734769150317907,0.822814941406,-0.106018066406,-0.451477050781,0.328491210938,-7965.0,8660.0,-2755.0,2.0,50.0,27.0,
1646734769154449939,0.823486328125,-0.107116699219,-0.448547363281,0.330444335938,-8005.0,9067.0,-2598.0,1.0,47.0,35.0,
1646734769158737421,0.823852539062,-0.108581542969,-0.44580078125,0.332763671875,-8001.0,9396.0,-2384.0,-2.0,43.0,42.0,
1646734769163487434,0.823974609375,-0.110229492188,-0.443176269531,0.335327148438,-7934.0,9633.0,-2139.0,-5.0,40.0,46.0,
1646734769168145179,0.823913574219,-0.111999511719,-0.440734863281,0.338134765625,-7810.0,9814.0,-1894.0,-7.0,36.0,49.0,
1646734769173384189,0.823669433594,-0.114013671875,-0.4384765625,0.341003417969,-7617.0,9921.0,-1627.0,-8.0,32.0,51.0,
1646734769177631378,0.823303222656,-0.1162109375,-0.436340332031,0.343933105469,-7387.0,9940.0,-1379.0,-7.0,28.0,53.0,
1646734769184146881,0.822814941406,-0.11865234375,-0.434265136719,0.346740722656,-7151.0,9939.0,-1116.0,-4.0,24.0,56.0,
1646734769189018726,0.822265625,-0.121398925781,-0.432373046875,0.349487304688,-6885.0,9893.0,-915.0,-2.0,20.0,59.0,
1646734769193778991,0.821655273438,-0.124389648438,-0.430541992188,0.35205078125,-6644.0,9802.0,-719.0,1.0,17.0,61.0,
1646734769198222398,0.821044921875,-0.127746582031,-0.428771972656,0.3544921875,-6391.0,9693.0,-540.0,5.0,13.0,65.0,
1646734769202685356,0.820373535156,-0.131408691406,-0.427062988281,0.356811523438,-6136.0,9583.0,-397.0,9.0,10.0,68.0,
1646734769206904649,0.819641113281,-0.135375976562,-0.425415039062,0.358947753906,-5863.0,9487.0,-283.0,12.0,6.0,71.0,
1646734769213898420,0.81884765625,-0.139709472656,-0.423828125,0.360961914062,-5566.0,9428.0,-225.0,16.0,2.0,74.0,
1646734769218520402,0.818054199219,-0.144348144531,-0.422180175781,0.362915039062,-5264.0,9396.0,-226.0,19.0,-1.0,76.0,
1646734769223472356,0.817199707031,-0.149230957031,-0.420532226562,0.36474609375,-4961.0,9372.0,-225.0,20.0,-4.0,79.0,
1646734769227958202,0.816223144531,-0.154296875,-0.4189453125,0.366638183594,-4655.0,9313.0,-258.0,21.0,-8.0,81.0,
1646734769232435226,0.815124511719,-0.159484863281,-0.41748046875,0.368591308594,-4352.0,9210.0,-340.0,19.0,-10.0,82.0,
1646734769239255666,0.813903808594,-0.164672851562,-0.416015625,0.37060546875,-4066.0,9088.0,-443.0,15.0,-13.0,83.0,
1646734769246016740,0.812622070312,-0.169799804688,-0.414611816406,0.372741699219,-3797.0,8926.0,-560.0,11.0,-15.0,84.0,
1646734769250502586,0.811157226562,-0.174926757812,-0.413269042969,0.374877929688,-3534.0,8729.0,-704.0,9.0,-17.0,84.0,
1646734769255114555,0.809692382812,-0.180114746094,-0.411987304688,0.377075195312,-3264.0,8477.0,-846.0,7.0,-19.0,85.0,
1646734769259875774,0.808227539062,-0.185302734375,-0.410705566406,0.379150390625,-2991.0,8185.0,-982.0,6.0,-20.0,85.0,
1646734769264366149,0.806640625,-0.1904296875,-0.409484863281,0.381225585938,-2712.0,7883.0,-1092.0,6.0,-22.0,85.0,
1646734769269133329,0.805114746094,-0.195556640625,-0.408264160156,0.383239746094,-2410.0,7575.0,-1161.0,6.0,-23.0,84.0,
1646734769273770570,0.803466796875,-0.200622558594,-0.407165527344,0.385131835938,-2088.0,7268.0,-1194.0,5.0,-24.0,82.0,
1646734769278191328,0.801879882812,-0.205627441406,-0.406066894531,0.387023925781,-1764.0,6964.0,-1187.0,6.0,-24.0,80.0,
1646734769283386230,0.80029296875,-0.210632324219,-0.404907226562,0.388732910156,-1455.0,6656.0,-1132.0,8.0,-25.0,79.0,
1646734769287691354,0.798767089844,-0.215637207031,-0.403869628906,0.390258789062,-1160.0,6364.0,-1071.0,11.0,-25.0,77.0,
1646734769292202234,0.79736328125,-0.220520019531,-0.402770996094,0.3916015625,-904.0,6100.0,-1004.0,14.0,-25.0,75.0,
1646734769299271583,0.795959472656,-0.225402832031,-0.401672363281,0.392761230469,-696.0,5898.0,-920.0,16.0,-24.0,72.0,
1646734769303970813,0.794616699219,-0.230102539062,-0.400695800781,0.393798828125,-529.0,5729.0,-812.0,18.0,-25.0,70.0,
1646734769321926355,0.793212890625,-0.234741210938,-0.399841308594,0.394714355469,-385.0,5570.0,-706.0,18.0,-26.0,67.0,
1646734769322572946,0.791809082031,-0.2392578125,-0.399108886719,0.395568847656,-249.0,5409.0,-627.0,19.0,-27.0,64.0,
1646734769334829807,0.790466308594,-0.243713378906,-0.3984375,0.396179199219,-138.0,5270.0,-582.0,20.0,-28.0,61.0,
1646734769335499048,0.789184570312,-0.248046875,-0.397827148438,0.396667480469,-43.0,5177.0,-584.0,21.0,-28.0,59.0,
1646734769335972070,0.787963867188,-0.252380371094,-0.397216796875,0.397033691406,33.0,5157.0,-632.0,22.0,-29.0,57.0,
1646734769336511135,0.786743164062,-0.256591796875,-0.396667480469,0.397338867188,88.0,5189.0,-710.0,22.0,-29.0,55.0,
1646734769338285684,0.785461425781,-0.260681152344,-0.396179199219,0.397644042969,128.0,5250.0,-837.0,20.0,-30.0,53.0,
1646734769345067501,0.784057617188,-0.264587402344,-0.395812988281,0.398132324219,151.0,5309.0,-994.0,14.0,-31.0,50.0,
1646734769349460840,0.782531738281,-0.268127441406,-0.395690917969,0.398864746094,162.0,5356.0,-1140.0,6.0,-33.0,48.0,
1646734769354289770,0.780822753906,-0.271423339844,-0.395874023438,0.39990234375,153.0,5367.0,-1265.0,-3.0,-34.0,45.0,
1646734769358745098,0.77880859375,-0.274230957031,-0.396423339844,0.401306152344,145.0,5339.0,-1374.0,-14.0,-36.0,41.0,
1646734769363356113,0.776611328125,-0.276672363281,-0.397277832031,0.403076171875,141.0,5324.0,-1538.0,-25.0,-37.0,38.0,
1646734769367850780,0.774169921875,-0.278625488281,-0.398376464844,0.4052734375,109.0,5317.0,-1631.0,-38.0,-37.0,34.0,
1646734769372605800,0.771484375,-0.280029296875,-0.399963378906,0.407958984375,38.0,5230.0,-1666.0,-50.0,-39.0,29.0,
1646734769379115819,0.768432617188,-0.280822753906,-0.402099609375,0.410949707031,-42.0,5013.0,-1655.0,-62.0,-42.0,23.0,
1646734769384550333,0.765258789062,-0.281127929688,-0.40478515625,0.4140625,-108.0,4790.0,-1675.0,-72.0,-44.0,16.0,
1646734769388661623,0.761962890625,-0.281005859375,-0.407653808594,0.417358398438,-207.0,4588.0,-1718.0,-79.0,-44.0,12.0,
1646734769393565893,0.758666992188,-0.280639648438,-0.41064453125,0.420776367188,-289.0,4313.0,-1771.0,-84.0,-44.0,9.0,
1646734769397889137,0.75537109375,-0.279907226562,-0.413757324219,0.424072265625,-333.0,3939.0,-1822.0,-88.0,-44.0,5.0,
1646734769402503728,0.752197265625,-0.278869628906,-0.417053222656,0.427124023438,-340.0,3494.0,-1871.0,-87.0,-44.0,-2.0,
1646734769407128334,0.749389648438,-0.277526855469,-0.420349121094,0.429748535156,-343.0,3063.0,-1955.0,-82.0,-43.0,-9.0,
1646734769413940429,0.746948242188,-0.276123046875,-0.423522949219,0.431701660156,-404.0,2693.0,-2068.0,-73.0,-40.0,-15.0,
1646734769418728113,0.745056152344,-0.274658203125,-0.426452636719,0.433044433594,-546.0,2410.0,-2177.0,-62.0,-36.0,-20.0,
1646734769424091100,0.74365234375,-0.273254394531,-0.429138183594,0.433715820312,-762.0,2209.0,-2263.0,-49.0,-33.0,-23.0,
1646734769428311347,0.742736816406,-0.271850585938,-0.431640625,0.433654785156,-1024.0,2081.0,-2330.0,-36.0,-30.0,-27.0,
1646734769432815551,0.742309570312,-0.270446777344,-0.434020996094,0.432922363281,-1306.0,2010.0,-2394.0,-22.0,-27.0,-31.0,
1646734769437594652,0.742431640625,-0.269104003906,-0.436096191406,0.431457519531,-1588.0,2000.0,-2487.0,-9.0,-24.0,-36.0,
1646734769442437648,0.743041992188,-0.267761230469,-0.43798828125,0.429321289062,-1895.0,2046.0,-2565.0,4.0,-21.0,-40.0,
1646734769448721170,0.744079589844,-0.266479492188,-0.439636230469,0.426635742188,-2237.0,2164.0,-2646.0,15.0,-18.0,-43.0,
1646734769453701972,0.745422363281,-0.265319824219,-0.441162109375,0.423400878906,-2620.0,2404.0,-2730.0,26.0,-16.0,-45.0,
1646734769458087444,0.747131347656,-0.264221191406,-0.442504882812,0.419677734375,-3032.0,2789.0,-2817.0,35.0,-15.0,-48.0,
1646734769462684392,0.748901367188,-0.26318359375,-0.44384765625,0.415710449219,-3482.0,3276.0,-2927.0,41.0,-14.0,-50.0,
1646734769467318534,0.750793457031,-0.262084960938,-0.445129394531,0.41162109375,-3947.0,3810.0,-3046.0,43.0,-13.0,-52.0,
1646734769472176313,0.752563476562,-0.260803222656,-0.446594238281,0.407592773438,-4403.0,4342.0,-3128.0,40.0,-14.0,-54.0,
1646734769478763103,0.754150390625,-0.259216308594,-0.448364257812,0.40380859375,-4827.0,4791.0,-3184.0,33.0,-16.0,-56.0,
1646734769483483791,0.75537109375,-0.257202148438,-0.450500488281,0.400329589844,-5205.0,5130.0,-3234.0,24.0,-18.0,-59.0,
1646734769488991022,0.756408691406,-0.254821777344,-0.452941894531,0.397155761719,-5523.0,5389.0,-3282.0,13.0,-20.0,-63.0,
1646734769492924451,0.757202148438,-0.252014160156,-0.455688476562,0.394348144531,-5790.0,5549.0,-3332.0,3.0,-21.0,-67.0,
1646734769497385978,0.757751464844,-0.248840332031,-0.458557128906,0.391845703125,-6023.0,5593.0,-3397.0,-6.0,-21.0,-69.0,
1646734769503693819,0.75830078125,-0.245361328125,-0.461547851562,0.389526367188,-6236.0,5557.0,-3503.0,-12.0,-21.0,-70.0,
1646734769508231163,0.758850097656,-0.24169921875,-0.464538574219,0.38720703125,-6420.0,5456.0,-3621.0,-15.0,-20.0,-72.0,
1646734769512749195,0.759460449219,-0.237976074219,-0.467468261719,0.384765625,-6574.0,5310.0,-3756.0,-15.0,-19.0,-73.0,
1646734769517478466,0.76025390625,-0.234313964844,-0.47021484375,0.382141113281,-6720.0,5134.0,-3895.0,-12.0,-17.0,-73.0,
1646734769522097349,0.76123046875,-0.230590820312,-0.472778320312,0.379211425781,-6873.0,4929.0,-4018.0,-7.0,-15.0,-74.0,
1646734769529717922,0.762451171875,-0.226928710938,-0.475158691406,0.3759765625,-7027.0,4721.0,-4103.0,0.0,-12.0,-75.0,
1646734769534382581,0.763854980469,-0.223388671875,-0.477355957031,0.372436523438,-7163.0,4551.0,-4140.0,7.0,-10.0,-75.0,
1646734769539282798,0.765502929688,-0.219909667969,-0.479370117188,0.368530273438,-7284.0,4489.0,-4152.0,14.0,-7.0,-76.0,
1646734769544008731,0.767272949219,-0.216613769531,-0.481018066406,0.364562988281,-7405.0,4570.0,-4127.0,20.0,-3.0,-76.0,
1646734769550739765,0.769104003906,-0.21337890625,-0.482543945312,0.360656738281,-7537.0,4807.0,-4075.0,22.0,0.0,-74.0,
1646734769555251598,0.770874023438,-0.210266113281,-0.483825683594,0.35693359375,-7690.0,5195.0,-4023.0,22.0,3.0,-73.0,
1646734769560214042,0.7724609375,-0.207092285156,-0.485107421875,0.353637695312,-7875.0,5674.0,-4000.0,18.0,4.0,-71.0,
1646734769564668893,0.773803710938,-0.203796386719,-0.486328125,0.350891113281,-8079.0,6134.0,-3996.0,10.0,4.0,-70.0,
1646734769569609880,0.774841308594,-0.200256347656,-0.487731933594,0.348754882812,-8276.0,6496.0,-4020.0,-3.0,4.0,-68.0,
1646734769574205160,0.775512695312,-0.196350097656,-0.4892578125,0.347290039062,-8447.0,6727.0,-4044.0,-17.0,3.0,-66.0,
1646734769578817129,0.77587890625,-0.192077636719,-0.490966796875,0.346496582031,-8568.0,6834.0,-4054.0,-31.0,3.0,-64.0,
1646734769583233833,0.776000976562,-0.187438964844,-0.492736816406,0.346313476562,-8622.0,6848.0,-4055.0,-44.0,3.0,-63.0,
1646734769589810848,0.77587890625,-0.182556152344,-0.494506835938,0.346557617188,-8628.0,6796.0,-4044.0,-53.0,4.0,-62.0,
1646734769595172643,0.775695800781,-0.177612304688,-0.496215820312,0.347106933594,-8599.0,6706.0,-4024.0,-58.0,6.0,-60.0,
1646734769599638938,0.775573730469,-0.172607421875,-0.497741699219,0.347778320312,-8547.0,6591.0,-4005.0,-59.0,8.0,-59.0,
1646734769604373216,0.775512695312,-0.167663574219,-0.499084472656,0.348388671875,-8481.0,6449.0,-3990.0,-57.0,11.0,-58.0,
1646734769608532428,0.775695800781,-0.162841796875,-0.500122070312,0.348754882812,-8414.0,6297.0,-3961.0,-52.0,14.0,-57.0,
1646734769613598346,0.776062011719,-0.158203125,-0.500915527344,0.348937988281,-8348.0,6126.0,-3901.0,-46.0,17.0,-55.0,
1646734769618241310,0.776611328125,-0.15380859375,-0.501525878906,0.348876953125,-8293.0,5933.0,-3831.0,-39.0,21.0,-54.0,
1646734769622961759,0.777404785156,-0.149536132812,-0.501831054688,0.348449707031,-8239.0,5748.0,-3747.0,-31.0,24.0,-53.0,
1646734769629784584,0.778442382812,-0.145629882812,-0.501831054688,0.347717285156,-8202.0,5602.0,-3650.0,-21.0,28.0,-51.0,
1646734769634596586,0.77978515625,-0.141967773438,-0.501586914062,0.346618652344,-8194.0,5519.0,-3535.0,-12.0,32.0,-49.0,
1646734769639265060,0.781372070312,-0.138671875,-0.501037597656,0.345275878906,-8196.0,5532.0,-3435.0,-2.0,35.0,-46.0,
1646734769646605491,0.783081054688,-0.135681152344,-0.500183105469,0.343688964844,-8195.0,5679.0,-3352.0,5.0,39.0,-44.0,
1646734769648831129,0.784912109375,-0.132934570312,-0.4990234375,0.342224121094,-8222.0,5959.0,-3257.0,8.0,42.0,-41.0,
1646734769655562400,0.786743164062,-0.130310058594,-0.497680664062,0.341003417969,-8276.0,6385.0,-3166.0,8.0,45.0,-39.0,
1646734769662454605,0.788452148438,-0.127868652344,-0.496154785156,0.340209960938,-8334.0,6896.0,-3085.0,5.0,47.0,-35.0,
1646734769665085077,0.789978027344,-0.125549316406,-0.494567871094,0.339904785156,-8409.0,7422.0,-2979.0,0.0,47.0,-31.0,
1646734769671409368,0.791259765625,-0.123229980469,-0.492980957031,0.340148925781,-8484.0,7915.0,-2902.0,-7.0,47.0,-27.0,
1646734769675161838,0.792236328125,-0.120971679688,-0.491394042969,0.341003417969,-8536.0,8318.0,-2808.0,-16.0,46.0,-22.0,
1646734769678743839,0.792907714844,-0.11865234375,-0.489807128906,0.342468261719,-8554.0,8644.0,-2699.0,-25.0,44.0,-17.0,
1646734769684391975,0.793334960938,-0.116333007812,-0.48828125,0.344482421875,-8538.0,8860.0,-2588.0,-34.0,44.0,-13.0,
1646734769718111515,0.793579101562,-0.113952636719,-0.486755371094,0.346923828125,-8503.0,8934.0,-2456.0,-41.0,43.0,-9.0,
1646734769729824066,0.793640136719,-0.111633300781,-0.485168457031,0.349609375,-8455.0,8900.0,-2347.0,-45.0,43.0,-4.0,
1646734769732716321,0.793701171875,-0.109497070312,-0.483520507812,0.352416992188,-8362.0,8776.0,-2260.0,-45.0,43.0,0.0,
1646734769738300085,0.793884277344,-0.107604980469,-0.481689453125,0.355102539062,-8252.0,8600.0,-2193.0,-42.0,44.0,5.0,
1646734769741611719,0.794189453125,-0.106079101562,-0.479736328125,0.357543945312,-8116.0,8429.0,-2128.0,-36.0,44.0,9.0,
1646734769742555379,0.794616699219,-0.104858398438,-0.477600097656,0.359802246094,-7936.0,8282.0,-2061.0,-29.0,45.0,13.0,
1646734769745700120,0.795227050781,-0.104064941406,-0.475219726562,0.36181640625,-7747.0,8154.0,-1960.0,-21.0,47.0,16.0,
1646734769747102975,0.796020507812,-0.103637695312,-0.472717285156,0.363464355469,-7568.0,8019.0,-1819.0,-12.0,48.0,19.0,
1646734769748054981,0.797058105469,-0.103698730469,-0.470092773438,0.364685058594,-7384.0,7881.0,-1690.0,0.0,48.0,21.0,
1646734769749072551,0.798278808594,-0.104187011719,-0.46728515625,0.365356445312,-7206.0,7771.0,-1585.0,12.0,49.0,24.0,
1646734769753710269,0.7998046875,-0.105041503906,-0.46435546875,0.365478515625,-7043.0,7726.0,-1481.0,24.0,49.0,25.0,
1646734769754230260,0.801513671875,-0.106323242188,-0.461303710938,0.365295410156,-6908.0,7784.0,-1367.0,34.0,49.0,27.0,
1646734769757199287,0.803283691406,-0.108032226562,-0.458129882812,0.364868164062,-6790.0,7953.0,-1246.0,41.0,49.0,30.0,
1646734769757610321,0.805053710938,-0.110168457031,-0.454833984375,0.364501953125,-6696.0,8215.0,-1120.0,46.0,49.0,34.0,
1646734769760595560,0.806701660156,-0.112609863281,-0.451538085938,0.364196777344,-6598.0,8551.0,-1005.0,49.0,47.0,39.0,
1646734769765953302,0.808166503906,-0.115417480469,-0.448181152344,0.364196777344,-6528.0,8941.0,-881.0,47.0,45.0,43.0,
1646734769770667791,0.809387207031,-0.118408203125,-0.444946289062,0.364501953125,-6471.0,9391.0,-738.0,44.0,41.0,48.0,
1646734769774712800,0.810241699219,-0.121643066406,-0.441772460938,0.365356445312,-6409.0,9796.0,-653.0,39.0,38.0,53.0,
1646734769779769420,0.810791015625,-0.125183105469,-0.438781738281,0.366577148438,-6351.0,10101.0,-539.0,34.0,33.0,59.0,
1646734769784088611,0.81103515625,-0.128845214844,-0.435974121094,0.368225097656,-6246.0,10276.0,-407.0,27.0,28.0,65.0,
1646734769788464069,0.810852050781,-0.132629394531,-0.433410644531,0.370178222656,-6092.0,10346.0,-270.0,21.0,22.0,68.0,
1646734769793015480,0.810485839844,-0.136535644531,-0.431091308594,0.372314453125,-5888.0,10303.0,-120.0,17.0,17.0,71.0,
1646734769797812700,0.809875488281,-0.140625,-0.428955078125,0.374572753906,-5626.0,10153.0,-9.0,16.0,12.0,74.0,
1646734769802054405,0.809204101562,-0.144958496094,-0.426879882812,0.376708984375,-5319.0,9919.0,70.0,16.0,8.0,77.0,
1646734769808658599,0.808532714844,-0.149475097656,-0.424865722656,0.378723144531,-4967.0,9645.0,108.0,18.0,5.0,79.0,
1646734769813396453,0.807800292969,-0.154174804688,-0.4228515625,0.380615234375,-4591.0,9354.0,125.0,20.0,2.0,79.0,
1646734769818309307,0.807067871094,-0.158874511719,-0.4208984375,0.38232421875,-4207.0,9057.0,93.0,21.0,-1.0,78.0,
1646734769822976827,0.806335449219,-0.163696289062,-0.419006347656,0.383972167969,-3828.0,8754.0,36.0,22.0,-3.0,79.0,
1646734769827603340,0.805603027344,-0.168640136719,-0.417114257812,0.385498046875,-3460.0,8431.0,-21.0,22.0,-6.0,79.0,
1646734769832171916,0.804748535156,-0.173645019531,-0.415344238281,0.386840820312,-3087.0,8096.0,-78.0,23.0,-9.0,79.0,
1646734769838738441,0.803955078125,-0.1787109375,-0.41357421875,0.388061523438,-2724.0,7784.0,-136.0,25.0,-11.0,78.0,
1646734769844326257,0.803161621094,-0.183837890625,-0.411865234375,0.38916015625,-2371.0,7508.0,-202.0,28.0,-13.0,78.0,
1646734769848145961,0.802429199219,-0.189147949219,-0.41015625,0.390014648438,-2050.0,7291.0,-257.0,31.0,-14.0,77.0,
1646734769852671861,0.801635742188,-0.194458007812,-0.408447265625,0.390747070312,-1775.0,7128.0,-312.0,33.0,-16.0,77.0,
1646734769862242221,0.800842285156,-0.199829101562,-0.406799316406,0.391418457031,-1544.0,6992.0,-348.0,34.0,-17.0,76.0,
1646734769864278078,0.799926757812,-0.205139160156,-0.4052734375,0.392028808594,-1362.0,6853.0,-377.0,33.0,-19.0,75.0,
1646734769868526220,0.799011230469,-0.210388183594,-0.403930664062,0.392639160156,-1207.0,6701.0,-397.0,32.0,-22.0,74.0,
1646734769873074531,0.797912597656,-0.215576171875,-0.402770996094,0.393127441406,-1047.0,6527.0,-420.0,31.0,-24.0,73.0,
1646734769877540111,0.796813964844,-0.220764160156,-0.401672363281,0.393615722656,-877.0,6348.0,-453.0,31.0,-26.0,71.0,
1646734769882113695,0.795715332031,-0.225891113281,-0.400634765625,0.393981933594,-711.0,6181.0,-509.0,31.0,-27.0,70.0,
1646734769888728380,0.794677734375,-0.23095703125,-0.399597167969,0.394287109375,-559.0,6042.0,-567.0,31.0,-28.0,69.0,
1646734769893903255,0.793579101562,-0.236083984375,-0.398620605469,0.394470214844,-425.0,5940.0,-617.0,32.0,-29.0,68.0,
1646734769898175477,0.792419433594,-0.241149902344,-0.397644042969,0.394592285156,-305.0,5847.0,-665.0,32.0,-29.0,66.0,
1646734769902633666,0.791320800781,-0.24609375,-0.396789550781,0.394714355469,-218.0,5754.0,-735.0,32.0,-30.0,64.0,
1646734769907081127,0.790222167969,-0.250854492188,-0.395935058594,0.394714355469,-147.0,5653.0,-831.0,31.0,-30.0,62.0,
1646734769913682460,0.789184570312,-0.255554199219,-0.395141601562,0.394653320312,-97.0,5547.0,-948.0,30.0,-30.0,59.0,
1646734769918512582,0.788146972656,-0.260009765625,-0.394409179688,0.39453125,-61.0,5451.0,-1098.0,29.0,-30.0,57.0,
1646734769922941446,0.787109375,-0.264404296875,-0.393737792969,0.394348144531,-46.0,5378.0,-1244.0,28.0,-30.0,55.0,
1646734769927734375,0.7861328125,-0.2685546875,-0.39306640625,0.394165039062,-47.0,5311.0,-1362.0,25.0,-30.0,52.0,
1646734769932236909,0.785095214844,-0.2724609375,-0.392578125,0.39404296875,-55.0,5230.0,-1478.0,23.0,-30.0,49.0,
1646734769938879489,0.783996582031,-0.276123046875,-0.392272949219,0.393920898438,-60.0,5088.0,-1606.0,19.0,-31.0,45.0,
1646734769943972349,0.782958984375,-0.279541015625,-0.392150878906,0.393737792969,-73.0,4892.0,-1715.0,16.0,-32.0,41.0,
1646734769948247671,0.781921386719,-0.282653808594,-0.392211914062,0.3935546875,-89.0,4689.0,-1838.0,13.0,-32.0,38.0,
1646734769952764272,0.780883789062,-0.285522460938,-0.392333984375,0.393371582031,-110.0,4523.0,-1927.0,11.0,-32.0,34.0,
1646734769958555936,0.779846191406,-0.288146972656,-0.392639160156,0.393188476562,-150.0,4414.0,-2011.0,8.0,-32.0,30.0,
1646734769975291728,0.77880859375,-0.290405273438,-0.393127441406,0.393127441406,-221.0,4344.0,-2096.0,3.0,-31.0,25.0,
1646734769975830078,0.777709960938,-0.292236328125,-0.393920898438,0.393188476562,-324.0,4281.0,-2182.0,-2.0,-32.0,20.0,
1646734769976493358,0.776550292969,-0.293701171875,-0.394958496094,0.393371582031,-443.0,4218.0,-2271.0,-8.0,-33.0,15.0,
1646734769988573789,0.775268554688,-0.294860839844,-0.396301269531,0.393615722656,-570.0,4131.0,-2364.0,-15.0,-34.0,11.0,
1646734769989286661,0.773986816406,-0.295654296875,-0.397827148438,0.393981933594,-693.0,4003.0,-2457.0,-20.0,-35.0,7.0,
1646734769990277290,0.772644042969,-0.296142578125,-0.399658203125,0.394409179688,-817.0,3824.0,-2551.0,-24.0,-35.0,2.0,
1646734769992896080,0.771423339844,-0.296325683594,-0.401550292969,0.394714355469,-945.0,3618.0,-2659.0,-26.0,-35.0,-2.0,
1646734769997646331,0.770385742188,-0.296264648438,-0.403564453125,0.394775390625,-1080.0,3401.0,-2796.0,-25.0,-35.0,-6.0,
1646734770002365350,0.76953125,-0.296081542969,-0.405517578125,0.394592285156,-1237.0,3207.0,-2916.0,-23.0,-34.0,-11.0,
1646734770008739471,0.768920898438,-0.295715332031,-0.407470703125,0.39404296875,-1429.0,3046.0,-3031.0,-18.0,-32.0,-15.0,
1646734770013354778,0.7685546875,-0.295227050781,-0.409362792969,0.393127441406,-1655.0,2899.0,-3112.0,-13.0,-31.0,-19.0,
1646734770017792940,0.768432617188,-0.294616699219,-0.411315917969,0.391784667969,-1900.0,2774.0,-3173.0,-7.0,-29.0,-23.0,
1646734770022700309,0.7685546875,-0.293884277344,-0.413208007812,0.390075683594,-2160.0,2699.0,-3207.0,-1.0,-28.0,-27.0,
1646734770027411222,0.768920898438,-0.293029785156,-0.415100097656,0.388061523438,-2417.0,2692.0,-3239.0,5.0,-27.0,-31.0,
1646734770033829212,0.769409179688,-0.292053222656,-0.4169921875,0.3857421875,-2686.0,2767.0,-3263.0,9.0,-26.0,-35.0,
1646734770038736104,0.77001953125,-0.290893554688,-0.4189453125,0.383239746094,-2980.0,2935.0,-3313.0,11.0,-25.0,-39.0,
1646734770043544054,0.770690917969,-0.28955078125,-0.4208984375,0.380737304688,-3301.0,3197.0,-3399.0,10.0,-24.0,-42.0,
1646734770048371553,0.771362304688,-0.287963867188,-0.422973632812,0.378356933594,-3661.0,3532.0,-3493.0,7.0,-24.0,-44.0,
1646734770052635669,0.771789550781,-0.2861328125,-0.425354003906,0.376159667969,-4043.0,3884.0,-3582.0,0.0,-24.0,-46.0,
1646734770057210922,0.772033691406,-0.283996582031,-0.427978515625,0.374328613281,-4413.0,4197.0,-3660.0,-8.0,-26.0,-49.0,
1646734770069438695,0.771728515625,-0.278503417969,-0.434265136719,0.371826171875,-5091.0,4757.0,-3787.0,-30.0,-29.0,-53.0,
1646734770074467182,0.771179199219,-0.275207519531,-0.437805175781,0.371215820312,-5387.0,4977.0,-3855.0,-40.0,-30.0,-55.0,
1646734770078708171,0.770446777344,-0.271606445312,-0.441589355469,0.370910644531,-5647.0,5107.0,-3905.0,-50.0,-31.0,-57.0,
1646734770083780765,0.769592285156,-0.267700195312,-0.445495605469,0.370849609375,-5875.0,5113.0,-3971.0,-56.0,-31.0,-59.0,
1646734770089072704,0.768798828125,-0.263549804688,-0.449401855469,0.370849609375,-6082.0,5003.0,-4031.0,-59.0,-30.0,-61.0,
1646734770092904090,0.768127441406,-0.25927734375,-0.453247070312,0.370544433594,-6275.0,4834.0,-4059.0,-58.0,-28.0,-63.0,
1646734770097349882,0.767639160156,-0.254943847656,-0.456970214844,0.370056152344,-6450.0,4651.0,-4084.0,-53.0,-26.0,-64.0,
1646734770103171825,0.767395019531,-0.250610351562,-0.46044921875,0.369140625,-6596.0,4493.0,-4107.0,-46.0,-24.0,-66.0,
1646734770109378576,0.767395019531,-0.246459960938,-0.463684082031,0.367858886719,-6713.0,4354.0,-4130.0,-38.0,-21.0,-67.0,
1646734770115024089,0.767700195312,-0.242370605469,-0.466674804688,0.366271972656,-6816.0,4233.0,-4144.0,-31.0,-18.0,-68.0,
1646734770119636297,0.768188476562,-0.238342285156,-0.469421386719,0.364318847656,-6900.0,4117.0,-4149.0,-24.0,-15.0,-69.0,
1646734770124339818,0.768859863281,-0.234375,-0.471984863281,0.362060546875,-6958.0,4013.0,-4160.0,-17.0,-13.0,-70.0,
1646734770128664493,0.769775390625,-0.230590820312,-0.474304199219,0.359497070312,-6980.0,3957.0,-4159.0,-10.0,-11.0,-71.0,
1646734770133370161,0.770874023438,-0.226867675781,-0.476379394531,0.356811523438,-7009.0,4016.0,-4142.0,-5.0,-7.0,-71.0,
1646734770138408184,0.772094726562,-0.223266601562,-0.478088378906,0.354125976562,-7075.0,4231.0,-4130.0,-1.0,-3.0,-70.0,
1646734770145879030,0.773315429688,-0.219787597656,-0.479553222656,0.351623535156,-7184.0,4580.0,-4135.0,0.0,1.0,-68.0,
1646734770149930238,0.774536132812,-0.21630859375,-0.480834960938,0.349365234375,-7310.0,5027.0,-4170.0,-2.0,4.0,-66.0,
1646734770154675245,0.775634765625,-0.212768554688,-0.481994628906,0.347534179688,-7430.0,5492.0,-4234.0,-8.0,6.0,-64.0,
1646734770158988952,0.776489257812,-0.208984375,-0.483154296875,0.346252441406,-7507.0,5902.0,-4301.0,-17.0,7.0,-63.0,
1646734770165641784,0.777099609375,-0.204956054688,-0.484375,0.345581054688,-7549.0,6204.0,-4343.0,-28.0,7.0,-62.0,
1646734770170070409,0.777526855469,-0.20068359375,-0.485656738281,0.345458984375,-7572.0,6396.0,-4363.0,-39.0,8.0,-61.0,
1646734770175510168,0.777770996094,-0.196166992188,-0.486877441406,0.345642089844,-7596.0,6512.0,-4362.0,-46.0,10.0,-60.0,
1646734770180113554,0.778015136719,-0.19140625,-0.488159179688,0.346069335938,-7621.0,6594.0,-4331.0,-51.0,12.0,-61.0,
1646734770184552669,0.778137207031,-0.186462402344,-0.489318847656,0.3466796875,-7646.0,6656.0,-4276.0,-54.0,14.0,-61.0,
1646734770189862966,0.7783203125,-0.181457519531,-0.490417480469,0.347412109375,-7690.0,6703.0,-4185.0,-56.0,17.0,-61.0,
1646734770193541526,0.778503417969,-0.17626953125,-0.491455078125,0.348266601562,-7726.0,6711.0,-4074.0,-58.0,19.0,-61.0,
1646734770198184967,0.778686523438,-0.171020507812,-0.492370605469,0.349243164062,-7755.0,6649.0,-3944.0,-59.0,22.0,-61.0,
1646734770202729225,0.778869628906,-0.165710449219,-0.4931640625,0.350158691406,-7757.0,6516.0,-3794.0,-58.0,24.0,-59.0,
1646734770211127281,0.779174804688,-0.160461425781,-0.493835449219,0.351013183594,-7747.0,6365.0,-3638.0,-56.0,26.0,-58.0,
1646734770214498758,0.779541015625,-0.155395507812,-0.494323730469,0.351806640625,-7725.0,6240.0,-3487.0,-52.0,29.0,-56.0,
1646734770219451904,0.780090332031,-0.150573730469,-0.494506835938,0.352416992188,-7695.0,6182.0,-3353.0,-47.0,31.0,-53.0,
1646734770223798513,0.780700683594,-0.145935058594,-0.494506835938,0.35302734375,-7642.0,6179.0,-3221.0,-43.0,34.0,-51.0,
1646734770228266954,0.781372070312,-0.141540527344,-0.494262695312,0.353637695312,-7579.0,6208.0,-3101.0,-40.0,36.0,-48.0,
1646734770235758543,0.782104492188,-0.137329101562,-0.493896484375,0.354248046875,-7493.0,6251.0,-2977.0,-37.0,37.0,-46.0,
1646734770240476846,0.782897949219,-0.133239746094,-0.493347167969,0.354797363281,-7401.0,6310.0,-2856.0,-35.0,38.0,-45.0,
1646734770245032548,0.78369140625,-0.129211425781,-0.492736816406,0.355407714844,-7317.0,6369.0,-2738.0,-34.0,39.0,-44.0,
1646734770249458789,0.784484863281,-0.125305175781,-0.492065429688,0.356018066406,-7254.0,6428.0,-2630.0,-33.0,40.0,-43.0,
1646734770254481554,0.785278320312,-0.121520996094,-0.491271972656,0.356628417969,-7203.0,6509.0,-2559.0,-31.0,41.0,-41.0,
1646734770258487701,0.7861328125,-0.117919921875,-0.490356445312,0.357238769531,-7180.0,6647.0,-2493.0,-29.0,42.0,-39.0,
1646734770263008356,0.786987304688,-0.114440917969,-0.489318847656,0.35791015625,-7214.0,6857.0,-2417.0,-28.0,43.0,-36.0,
1646734770270204067,0.787719726562,-0.111145019531,-0.488220214844,0.358764648438,-7292.0,7076.0,-2357.0,-29.0,43.0,-34.0,
1646734770274593353,0.788452148438,-0.10791015625,-0.487121582031,0.359741210938,-7384.0,7255.0,-2326.0,-29.0,43.0,-31.0,
1646734770281069517,0.789123535156,-0.104797363281,-0.485900878906,0.360778808594,-7483.0,7369.0,-2285.0,-30.0,43.0,-28.0,
1646734770284754753,0.789733886719,-0.101806640625,-0.484680175781,0.361938476562,-7581.0,7444.0,-2224.0,-31.0,43.0,-24.0,
1646734770291705131,0.790283203125,-0.0989379882812,-0.4833984375,0.363159179688,-7654.0,7511.0,-2165.0,-30.0,43.0,-21.0,
1646734770295610427,0.790893554688,-0.0963134765625,-0.482055664062,0.364501953125,-7708.0,7561.0,-2100.0,-29.0,43.0,-18.0,
1646734770301193952,0.791442871094,-0.0938720703125,-0.480590820312,0.365783691406,-7762.0,7600.0,-2046.0,-27.0,43.0,-14.0,
1646734770304952144,0.792053222656,-0.0916748046875,-0.47900390625,0.367065429688,-7805.0,7632.0,-2025.0,-25.0,43.0,-10.0,
1646734770310019254,0.792785644531,-0.08984375,-0.477233886719,0.368286132812,-7849.0,7663.0,-2020.0,-20.0,44.0,-6.0,
1646734770314495801,0.793640136719,-0.08837890625,-0.475280761719,0.369323730469,-7880.0,7683.0,-2026.0,-15.0,45.0,-1.0,
1646734770321774482,0.794616699219,-0.0872802734375,-0.47314453125,0.370178222656,-7896.0,7704.0,-2042.0,-8.0,46.0,4.0,
1646734770326401948,0.795776367188,-0.0867309570312,-0.470825195312,0.370849609375,-7905.0,7754.0,-2046.0,0.0,46.0,9.0,
1646734770329935312,0.797058105469,-0.086669921875,-0.468322753906,0.371276855469,-7900.0,7859.0,-2012.0,8.0,47.0,15.0,
1646734770335770368,0.798461914062,-0.0870361328125,-0.465576171875,0.37158203125,-7886.0,8025.0,-1929.0,16.0,47.0,20.0,
1646734770339325904,0.799865722656,-0.0879516601562,-0.462768554688,0.371826171875,-7858.0,8260.0,-1809.0,22.0,47.0,25.0,
1646734770343560934,0.80126953125,-0.0892333984375,-0.459899902344,0.3720703125,-7790.0,8569.0,-1669.0,26.0,47.0,29.0,
1646734770347657680,0.802612304688,-0.0908813476562,-0.456909179688,0.372497558594,-7690.0,8932.0,-1540.0,29.0,46.0,33.0,
1646734770351912736,0.803833007812,-0.0927734375,-0.453857421875,0.373107910156,-7557.0,9269.0,-1423.0,28.0,44.0,36.0,
1646734770358895063,0.804870605469,-0.0947265625,-0.450866699219,0.373962402344,-7370.0,9584.0,-1311.0,25.0,42.0,39.0,
1646734770363682985,0.8056640625,-0.0968017578125,-0.447937011719,0.375244140625,-7117.0,9751.0,-1225.0,19.0,39.0,41.0,
1646734770368343591,0.806274414062,-0.0988159179688,-0.445129394531,0.376770019531,-6887.0,9847.0,-1167.0,14.0,36.0,43.0,
1646734770375131368,0.806701660156,-0.100830078125,-0.4423828125,0.378540039062,-6659.0,9861.0,-1133.0,9.0,34.0,44.0,
1646734770379868507,0.807067871094,-0.102905273438,-0.439758300781,0.38037109375,-6430.0,9811.0,-1107.0,7.0,31.0,46.0,
1646734770384358644,0.807312011719,-0.105163574219,-0.437133789062,0.382202148438,-6203.0,9733.0,-1045.0,6.0,29.0,49.0,
1646734770389051914,0.807495117188,-0.107604980469,-0.4345703125,0.384094238281,-5971.0,9674.0,-958.0,8.0,27.0,52.0,
1646734770393766641,0.8076171875,-0.110290527344,-0.432006835938,0.385925292969,-5718.0,9628.0,-871.0,10.0,26.0,54.0,
1646734770398267984,0.807739257812,-0.113159179688,-0.429382324219,0.387756347656,-5479.0,9550.0,-776.0,11.0,24.0,56.0,
1646734770402558326,0.807739257812,-0.116088867188,-0.426879882812,0.3896484375,-5262.0,9409.0,-660.0,11.0,22.0,58.0,
1646734770407095193,0.807556152344,-0.119079589844,-0.424560546875,0.391540527344,-5042.0,9188.0,-557.0,10.0,19.0,59.0,
1646734770414009809,0.807373046875,-0.122253417969,-0.42236328125,0.393432617188,-4826.0,8915.0,-469.0,10.0,15.0,61.0,
1646734770418611526,0.807067871094,-0.125549316406,-0.420288085938,0.395202636719,-4598.0,8660.0,-437.0,11.0,13.0,63.0,
1646734770423250198,0.806823730469,-0.129089355469,-0.418151855469,0.396850585938,-4356.0,8452.0,-451.0,13.0,10.0,66.0,
1646734770427726268,0.806518554688,-0.1328125,-0.415954589844,0.398559570312,-4120.0,8283.0,-472.0,13.0,8.0,68.0,
1646734770432398796,0.806091308594,-0.13671875,-0.413818359375,0.400268554688,-3893.0,8137.0,-486.0,13.0,6.0,69.0,
1646734770437273263,0.805603027344,-0.140747070312,-0.411743164062,0.401977539062,-3670.0,7986.0,-476.0,14.0,3.0,71.0,
1646734770444457530,0.805114746094,-0.144897460938,-0.409729003906,0.403564453125,-3447.0,7810.0,-426.0,16.0,1.0,72.0,
1646734770449076652,0.804565429688,-0.149291992188,-0.407836914062,0.405029296875,-3219.0,7598.0,-347.0,19.0,-1.0,73.0,
1646734770453524589,0.804077148438,-0.153686523438,-0.405944824219,0.406188964844,-3005.0,7370.0,-255.0,24.0,-3.0,72.0,
1646734770457785844,0.8037109375,-0.158203125,-0.404174804688,0.407043457031,-2783.0,7170.0,-186.0,29.0,-4.0,70.0,
1646734770462250947,0.803405761719,-0.162841796875,-0.40234375,0.407592773438,-2573.0,7034.0,-131.0,34.0,-6.0,69.0,
1646734770471432209,0.803161621094,-0.167541503906,-0.400573730469,0.407897949219,-2373.0,6958.0,-90.0,39.0,-7.0,69.0,
1646734770475957393,0.802917480469,-0.172424316406,-0.398803710938,0.408081054688,-2179.0,6921.0,-72.0,41.0,-9.0,69.0,
1646734770480661153,0.802612304688,-0.177368164062,-0.397033691406,0.408203125,-2000.0,6912.0,-80.0,43.0,-10.0,68.0,
1646734770485165834,0.802307128906,-0.182312011719,-0.395385742188,0.408325195312,-1826.0,6913.0,-115.0,42.0,-12.0,67.0,
1646734770489728689,0.801879882812,-0.187255859375,-0.393798828125,0.408447265625,-1659.0,6882.0,-181.0,40.0,-14.0,67.0,
1646734770495252370,0.801391601562,-0.192077636719,-0.392272949219,0.408569335938,-1506.0,6810.0,-283.0,38.0,-16.0,66.0,
1646734770499107122,0.800842285156,-0.196838378906,-0.390869140625,0.40869140625,-1361.0,6716.0,-406.0,36.0,-17.0,64.0,
1646734770503340244,0.800354003906,-0.201538085938,-0.389465332031,0.408752441406,-1231.0,6628.0,-552.0,35.0,-18.0,63.0,
1646734770507666587,0.7998046875,-0.206115722656,-0.388122558594,0.408813476562,-1108.0,6532.0,-718.0,34.0,-19.0,62.0,
1646734770512385606,0.79931640625,-0.210693359375,-0.386779785156,0.408813476562,-986.0,6436.0,-895.0,33.0,-19.0,61.0,
1646734770516923189,0.798767089844,-0.215087890625,-0.385375976562,0.408813476562,-882.0,6348.0,-1087.0,32.0,-18.0,59.0,
1646734770524081468,0.798278808594,-0.219421386719,-0.383972167969,0.408813476562,-809.0,6276.0,-1297.0,29.0,-17.0,58.0,
1646734770528617382,0.797729492188,-0.223571777344,-0.382629394531,0.408935546875,-762.0,6226.0,-1468.0,27.0,-17.0,57.0,
1646734770533243179,0.797119140625,-0.227600097656,-0.381408691406,0.409057617188,-727.0,6162.0,-1574.0,24.0,-18.0,55.0,
1646734770537854671,0.79638671875,-0.231506347656,-0.380310058594,0.409240722656,-676.0,6054.0,-1658.0,22.0,-19.0,54.0,
1646734770542976617,0.795654296875,-0.235290527344,-0.379333496094,0.409362792969,-620.0,5898.0,-1712.0,21.0,-20.0,52.0,
1646734770549404859,0.794982910156,-0.238952636719,-0.37841796875,0.409484863281,-563.0,5736.0,-1730.0,21.0,-20.0,50.0,
1646734770553559780,0.794311523438,-0.242553710938,-0.377563476562,0.409484863281,-518.0,5595.0,-1737.0,22.0,-20.0,48.0,
1646734770558329820,0.793640136719,-0.246032714844,-0.376708984375,0.409423828125,-511.0,5497.0,-1725.0,23.0,-19.0,46.0,
1646734770562768220,0.793090820312,-0.249389648438,-0.375915527344,0.409240722656,-536.0,5424.0,-1739.0,24.0,-19.0,44.0,
1646734770567313671,0.792541503906,-0.252685546875,-0.375122070312,0.408996582031,-594.0,5370.0,-1757.0,24.0,-18.0,42.0,
1646734770573156595,0.792053222656,-0.255859375,-0.374389648438,0.40869140625,-618.0,5376.0,-1968.0,24.0,-18.0,41.0,
1646734770577438354,0.791625976562,-0.258911132812,-0.37353515625,0.408325195312,-754.0,5443.0,-1883.0,21.0,-17.0,39.0,
1646734770584225654,0.790893554688,-0.261657714844,-0.373229980469,0.408203125,-852.0,5524.0,-1859.0,19.0,-20.0,36.0,
1646734770588697433,0.790100097656,-0.264099121094,-0.373107910156,0.408264160156,-980.0,5591.0,-1890.0,12.0,-21.0,31.0,
1646734770593658208,0.789184570312,-0.26611328125,-0.373291015625,0.408630371094,-1221.0,5588.0,-1865.0,2.0,-21.0,27.0,
1646734770597897768,0.788024902344,-0.267761230469,-0.373901367188,0.409301757812,-1513.0,5454.0,-1924.0,-6.0,-22.0,26.0,
1646734770614069461,0.786743164062,-0.269287109375,-0.374755859375,0.409973144531,-1770.0,5277.0,-1981.0,-13.0,-25.0,26.0,
1646734770615016937,0.785461425781,-0.270690917969,-0.375671386719,0.41064453125,-1945.0,5199.0,-2036.0,-14.0,-26.0,26.0,
1646734770627310514,0.784057617188,-0.272094726562,-0.376708984375,0.411437988281,-1975.0,5152.0,-2124.0,-16.0,-27.0,24.0,
1646734770628275632,0.78271484375,-0.273254394531,-0.377746582031,0.412292480469,-1905.0,5159.0,-2259.0,-20.0,-28.0,19.0,
1646734770629029750,0.78125,-0.274230957031,-0.37890625,0.413330078125,-1826.0,5222.0,-2430.0,-26.0,-28.0,14.0,
1646734770629659891,0.779663085938,-0.274841308594,-0.380249023438,0.414611816406,-1834.0,5257.0,-2588.0,-33.0,-28.0,10.0,
1646734770633973836,0.778015136719,-0.275024414062,-0.381896972656,0.416076660156,-1939.0,5226.0,-2695.0,-40.0,-29.0,6.0,
1646734770638496875,0.776306152344,-0.274841308594,-0.383911132812,0.417602539062,-2091.0,5124.0,-2758.0,-46.0,-30.0,3.0,
1646734770643504858,0.774536132812,-0.2744140625,-0.386169433594,0.419128417969,-2250.0,5000.0,-2781.0,-49.0,-31.0,-1.0,
1646734770647836923,0.772766113281,-0.273742675781,-0.388549804688,0.420593261719,-2370.0,4887.0,-2812.0,-50.0,-31.0,-4.0,
1646734770652020692,0.771057128906,-0.272888183594,-0.390991210938,0.421997070312,-2440.0,4824.0,-2845.0,-51.0,-30.0,-8.0,
1646734770658917427,0.769409179688,-0.271850585938,-0.393432617188,0.423400878906,-2470.0,4789.0,-2881.0,-51.0,-29.0,-10.0,
1646734770663716554,0.767761230469,-0.270690917969,-0.395874023438,0.424865722656,-2501.0,4731.0,-2897.0,-53.0,-29.0,-14.0,
1646734770668212413,0.76611328125,-0.269287109375,-0.398559570312,0.426208496094,-2551.0,4639.0,-2885.0,-55.0,-30.0,-18.0,
1646734770672875404,0.764526367188,-0.267578125,-0.401428222656,0.427490234375,-2629.0,4554.0,-2852.0,-56.0,-30.0,-23.0,
1646734770679597854,0.762878417969,-0.265625,-0.404479980469,0.4287109375,-2751.0,4494.0,-2799.0,-57.0,-31.0,-27.0,
1646734770684299468,0.761291503906,-0.263427734375,-0.40771484375,0.429870605469,-2915.0,4446.0,-2742.0,-58.0,-31.0,-30.0,
1646734770689605951,0.759704589844,-0.261108398438,-0.411010742188,0.430908203125,-3092.0,4409.0,-2693.0,-57.0,-31.0,-32.0,
1646734770693931341,0.758239746094,-0.2587890625,-0.414306640625,0.431701660156,-3256.0,4374.0,-2659.0,-54.0,-31.0,-34.0,
1646734770698572874,0.756958007812,-0.256469726562,-0.417602539062,0.432250976562,-3409.0,4347.0,-2636.0,-50.0,-30.0,-36.0,
1646734770703574419,0.755859375,-0.254150390625,-0.420715332031,0.432434082031,-3554.0,4345.0,-2633.0,-43.0,-29.0,-38.0,
1646734770709936141,0.755065917969,-0.251892089844,-0.423767089844,0.432250976562,-3707.0,4367.0,-2632.0,-37.0,-28.0,-40.0,
1646734770715000867,0.754455566406,-0.249633789062,-0.426696777344,0.431701660156,-3878.0,4409.0,-2659.0,-30.0,-27.0,-42.0,
1646734770719614505,0.754150390625,-0.247436523438,-0.429504394531,0.430786132812,-4063.0,4477.0,-2734.0,-23.0,-25.0,-44.0,
1646734770723973989,0.754028320312,-0.245239257812,-0.432189941406,0.429504394531,-4263.0,4585.0,-2836.0,-17.0,-24.0,-46.0,
1646734770730051279,0.754150390625,-0.243103027344,-0.434753417969,0.427917480469,-4470.0,4730.0,-2954.0,-12.0,-23.0,-47.0,
1646734770733629703,0.754455566406,-0.240966796875,-0.437133789062,0.426147460938,-4680.0,4910.0,-3090.0,-8.0,-21.0,-48.0,
1646734770739535093,0.7548828125,-0.238891601562,-0.439392089844,0.424255371094,-4887.0,5135.0,-3241.0,-4.0,-20.0,-49.0,
1646734770743215084,0.75537109375,-0.236877441406,-0.441589355469,0.422241210938,-5100.0,5418.0,-3392.0,-3.0,-18.0,-49.0,
1646734770747577428,0.755859375,-0.234741210938,-0.443664550781,0.42041015625,-5318.0,5752.0,-3537.0,-5.0,-17.0,-49.0,
1646734770755181312,0.756225585938,-0.232482910156,-0.445678710938,0.418823242188,-5544.0,6135.0,-3659.0,-10.0,-15.0,-48.0,
1646734770760207176,0.75634765625,-0.22998046875,-0.447814941406,0.417663574219,-5735.0,6493.0,-3740.0,-18.0,-15.0,-48.0,
1646734770763754129,0.756164550781,-0.227294921875,-0.450073242188,0.417053222656,-5886.0,6804.0,-3813.0,-27.0,-15.0,-47.0,
1646734770769243240,0.755737304688,-0.224365234375,-0.452453613281,0.416931152344,-6007.0,7061.0,-3859.0,-38.0,-15.0,-46.0,
1646734770773154973,0.754943847656,-0.22119140625,-0.454895019531,0.417358398438,-6113.0,7272.0,-3860.0,-49.0,-15.0,-45.0,
1646734770778343439,0.753845214844,-0.217712402344,-0.457458496094,0.418395996094,-6191.0,7425.0,-3819.0,-61.0,-15.0,-45.0,
1646734770785609483,0.75244140625,-0.213928222656,-0.460144042969,0.419921875,-6259.0,7488.0,-3750.0,-71.0,-14.0,-44.0,
1646734770789211273,0.750793457031,-0.2099609375,-0.462890625,0.421813964844,-6307.0,7473.0,-3654.0,-79.0,-14.0,-43.0,
1646734770795128107,0.748962402344,-0.205749511719,-0.465698242188,0.424072265625,-6323.0,7396.0,-3539.0,-86.0,-13.0,-42.0,
1646734770798479557,0.747009277344,-0.201354980469,-0.468566894531,0.426452636719,-6323.0,7270.0,-3421.0,-90.0,-12.0,-42.0,
1646734770804189920,0.744995117188,-0.196899414062,-0.471374511719,0.428955078125,-6297.0,7092.0,-3288.0,-92.0,-11.0,-43.0,
1646734770807408571,0.743041992188,-0.192321777344,-0.47412109375,0.431396484375,-6241.0,6865.0,-3161.0,-92.0,-10.0,-43.0,
1646734770814186573,0.741149902344,-0.187683105469,-0.476745605469,0.433776855469,-6169.0,6603.0,-3041.0,-91.0,-8.0,-44.0,
1646734770819913387,0.739440917969,-0.18310546875,-0.479248046875,0.435913085938,-6100.0,6346.0,-2920.0,-87.0,-6.0,-44.0,
1646734770824668407,0.737915039062,-0.178588867188,-0.481567382812,0.437866210938,-6040.0,6120.0,-2819.0,-81.0,-4.0,-44.0,
1646734770829490900,0.736572265625,-0.174194335938,-0.483642578125,0.439514160156,-5986.0,5913.0,-2714.0,-75.0,-2.0,-44.0,
1646734770833805322,0.735473632812,-0.169982910156,-0.485534667969,0.440856933594,-5939.0,5729.0,-2615.0,-68.0,1.0,-44.0,
1646734770838808774,0.734619140625,-0.165893554688,-0.4873046875,0.441955566406,-5901.0,5596.0,-2520.0,-61.0,3.0,-44.0,
1646734770845939636,0.734069824219,-0.161987304688,-0.48876953125,0.442687988281,-5878.0,5504.0,-2423.0,-53.0,5.0,-44.0,
1646734770849990606,0.733703613281,-0.158264160156,-0.490112304688,0.443115234375,-5852.0,5480.0,-2352.0,-45.0,7.0,-44.0,
1646734770854679346,0.733581542969,-0.154724121094,-0.491271972656,0.443298339844,-5829.0,5538.0,-2294.0,-39.0,9.0,-43.0,
1646734770859344482,0.733581542969,-0.1513671875,-0.4921875,0.443420410156,-5804.0,5682.0,-2285.0,-35.0,11.0,-43.0,
1646734770864140510,0.733703613281,-0.148010253906,-0.492980957031,0.443542480469,-5799.0,5890.0,-2245.0,-34.0,13.0,-43.0,
1646734770868439912,0.733703613281,-0.144592285156,-0.493713378906,0.44384765625,-5807.0,6127.0,-2193.0,-36.0,14.0,-42.0,
1646734770875968456,0.733581542969,-0.141174316406,-0.494445800781,0.4443359375,-5812.0,6360.0,-2123.0,-39.0,14.0,-42.0,
1646734770882983207,0.733276367188,-0.137634277344,-0.495239257812,0.445007324219,-5802.0,6571.0,-2045.0,-43.0,14.0,-42.0,
1646734770887454986,0.732849121094,-0.133972167969,-0.496032714844,0.445983886719,-5794.0,6745.0,-1960.0,-49.0,14.0,-42.0,
1646734770891902923,0.732238769531,-0.130126953125,-0.496826171875,0.447265625,-5797.0,6864.0,-1855.0,-55.0,14.0,-41.0,
1646734770897032022,0.731384277344,-0.126159667969,-0.497741699219,0.448791503906,-5794.0,6911.0,-1725.0,-60.0,14.0,-40.0,
1646734770900802850,0.730346679688,-0.1220703125,-0.498657226562,0.450561523438,-5771.0,6906.0,-1604.0,-65.0,13.0,-40.0,
1646734770905919313,0.729248046875,-0.117858886719,-0.499633789062,0.452392578125,-5733.0,6869.0,-1490.0,-68.0,14.0,-40.0,
1646734770910385847,0.728088378906,-0.113586425781,-0.500549316406,0.454345703125,-5675.0,6813.0,-1380.0,-69.0,14.0,-40.0,
1646734770914155244,0.726989746094,-0.109375,-0.501342773438,0.456237792969,-5621.0,6749.0,-1277.0,-68.0,16.0,-38.0,
1646734770918587684,0.725952148438,-0.105285644531,-0.501953125,0.458129882812,-5568.0,6683.0,-1157.0,-65.0,17.0,-37.0,
1646734770923148632,0.72509765625,-0.101379394531,-0.502502441406,0.459838867188,-5542.0,6618.0,-1053.0,-61.0,19.0,-35.0,
1646734770927794218,0.724365234375,-0.09765625,-0.502868652344,0.461303710938,-5524.0,6565.0,-937.0,-54.0,20.0,-34.0,
1646734770934553623,0.723876953125,-0.0941162109375,-0.503173828125,0.462524414062,-5514.0,6506.0,-827.0,-48.0,21.0,-33.0,
1646734770939183950,0.723571777344,-0.0907592773438,-0.503356933594,0.463500976562,-5515.0,6444.0,-731.0,-41.0,22.0,-32.0,
1646734770944262742,0.723449707031,-0.087646484375,-0.50341796875,0.464172363281,-5522.0,6377.0,-659.0,-34.0,23.0,-31.0,
1646734770948399305,0.723571777344,-0.084716796875,-0.50341796875,0.464599609375,-5528.0,6331.0,-608.0,-29.0,24.0,-30.0,
1646734770953016281,0.723754882812,-0.0819702148438,-0.503234863281,0.464904785156,-5550.0,6353.0,-550.0,-25.0,26.0,-28.0,
1646734770959746122,0.72412109375,-0.0794067382812,-0.502868652344,0.465270996094,-5576.0,6447.0,-499.0,-22.0,27.0,-26.0,
1646734770964570045,0.724426269531,-0.0769653320312,-0.50244140625,0.465576171875,-5618.0,6589.0,-435.0,-20.0,28.0,-24.0,
1646734770968796730,0.724792480469,-0.0746459960938,-0.501892089844,0.466064453125,-5666.0,6763.0,-372.0,-20.0,28.0,-22.0,
1646734770974039077,0.724975585938,-0.0724487304688,-0.501342773438,0.466613769531,-5691.0,6974.0,-316.0,-21.0,27.0,-21.0,
1646734770978415966,0.725158691406,-0.0702514648438,-0.500793457031,0.467346191406,-5743.0,7201.0,-279.0,-24.0,26.0,-20.0,
1646734770983478069,0.72509765625,-0.0680541992188,-0.500305175781,0.46826171875,-5785.0,7400.0,-236.0,-27.0,25.0,-19.0,
1646734770989658594,0.724914550781,-0.0658569335938,-0.499816894531,0.469360351562,-5809.0,7526.0,-181.0,-31.0,23.0,-18.0,
1646734770994958877,0.724548339844,-0.0635375976562,-0.499389648438,0.470703125,-5812.0,7567.0,-124.0,-35.0,22.0,-17.0,
1646734770999268054,0.724060058594,-0.0611572265625,-0.499084472656,0.472106933594,-5811.0,7509.0,-75.0,-38.0,21.0,-18.0,
1646734771005344629,0.723510742188,-0.0586547851562,-0.498840332031,0.473510742188,-5795.0,7355.0,-24.0,-40.0,20.0,-18.0,
1646734771009488582,0.722961425781,-0.05615234375,-0.498596191406,0.474914550781,-5778.0,7180.0,47.0,-39.0,20.0,-17.0,
1646734771015655517,0.722412109375,-0.0537719726562,-0.498413085938,0.476196289062,-5778.0,7011.0,136.0,-37.0,20.0,-16.0,
1646734771018448114,0.721923828125,-0.051513671875,-0.498229980469,0.477355957031,-5774.0,6842.0,212.0,-33.0,20.0,-16.0,
1646734771026836156,0.721618652344,-0.04931640625,-0.498046875,0.478271484375,-5761.0,6680.0,296.0,-29.0,19.0,-16.0,
1646734771030652999,0.721313476562,-0.0473022460938,-0.497924804688,0.479064941406,-5735.0,6505.0,402.0,-25.0,19.0,-16.0,
1646734771034536600,0.72119140625,-0.0454711914062,-0.497802734375,0.479553222656,-5677.0,6283.0,494.0,-18.0,18.0,-15.0,
1646734771039705514,0.721374511719,-0.0439453125,-0.49755859375,0.479675292969,-5619.0,6078.0,570.0,-10.0,19.0,-14.0,
1646734771043685197,0.721801757812,-0.0426635742188,-0.497314453125,0.479431152344,-5568.0,5972.0,615.0,0.0,20.0,-13.0,
1646734771048679351,0.722595214844,-0.0418090820312,-0.496826171875,0.478820800781,-5532.0,5992.0,628.0,10.0,21.0,-12.0,
1646734771053527832,0.7236328125,-0.0413208007812,-0.496215820312,0.477905273438,-5498.0,6137.0,572.0,18.0,22.0,-10.0,
1646734771057542800,0.724914550781,-0.0410766601562,-0.495361328125,0.476867675781,-5472.0,6421.0,480.0,23.0,22.0,-9.0,
1646734771063099861,0.726135253906,-0.0409545898438,-0.494445800781,0.475952148438,-5461.0,6775.0,396.0,22.0,22.0,-9.0,
1646734771069555521,0.727233886719,-0.0408325195312,-0.493469238281,0.475280761719,-5447.0,7113.0,345.0,17.0,21.0,-9.0,
1646734771075059890,0.72802734375,-0.04052734375,-0.492614746094,0.474975585938,-5447.0,7397.0,338.0,10.0,20.0,-8.0,
1646734771078926324,0.728576660156,-0.0401611328125,-0.491821289062,0.474975585938,-5459.0,7633.0,346.0,4.0,18.0,-7.0,
1646734771087500095,0.728881835938,-0.0396728515625,-0.491149902344,0.475280761719,-5485.0,7856.0,351.0,-1.0,17.0,-6.0,
1646734771090983152,0.72900390625,-0.0391845703125,-0.490417480469,0.475891113281,-5526.0,8056.0,348.0,-7.0,15.0,-4.0,
1646734771096120834,0.728881835938,-0.03857421875,-0.489807128906,0.476806640625,-5569.0,8239.0,350.0,-14.0,14.0,-3.0,
1646734771099115371,0.728454589844,-0.0379638671875,-0.489135742188,0.478088378906,-5606.0,8404.0,364.0,-20.0,12.0,0.0,
1646734771104648590,0.727844238281,-0.0372924804688,-0.488525390625,0.479736328125,-5637.0,8527.0,378.0,-26.0,11.0,1.0,
1646734771108594179,0.72705078125,-0.0364990234375,-0.487976074219,0.481567382812,-5657.0,8579.0,402.0,-31.0,9.0,3.0,
1646734771113752365,0.72607421875,-0.0357666015625,-0.487426757812,0.483642578125,-5676.0,8556.0,420.0,-35.0,8.0,5.0,
1646734771118059873,0.724975585938,-0.034912109375,-0.486999511719,0.485778808594,-5679.0,8470.0,424.0,-37.0,7.0,6.0,
1646734771125569343,0.723876953125,-0.0341186523438,-0.486511230469,0.487915039062,-5674.0,8332.0,415.0,-38.0,6.0,6.0,
1646734771130877733,0.722839355469,-0.0333251953125,-0.486022949219,0.489990234375,-5657.0,8167.0,393.0,-37.0,7.0,7.0,
1646734771137797832,0.721862792969,-0.0325317382812,-0.485534667969,0.492004394531,-5623.0,7989.0,346.0,-36.0,7.0,8.0,
1646734771139808177,0.721069335938,-0.0319213867188,-0.48486328125,0.493896484375,-5566.0,7831.0,272.0,-33.0,8.0,10.0,
1646734771144938707,0.720397949219,-0.0313720703125,-0.484069824219,0.495666503906,-5485.0,7705.0,153.0,-30.0,9.0,11.0,
1646734771151710033,0.719848632812,-0.0309448242188,-0.483154296875,0.497375488281,-5404.0,7601.0,16.0,-29.0,10.0,12.0,
1646734771155471324,0.719360351562,-0.030517578125,-0.482116699219,0.499084472656,-5317.0,7497.0,-126.0,-29.0,11.0,13.0,
1646734771161486625,0.718933105469,-0.030029296875,-0.481018066406,0.500793457031,-5237.0,7366.0,-254.0,-29.0,12.0,13.0,
1646734771167685747,0.718505859375,-0.0294189453125,-0.479919433594,0.502563476562,-5162.0,7198.0,-349.0,-30.0,13.0,13.0,
1646734771171978712,0.718017578125,-0.0287475585938,-0.478820800781,0.504272460938,-5104.0,7024.0,-397.0,-31.0,13.0,12.0,
1646734771176234722,0.717529296875,-0.0280151367188,-0.477783203125,0.505981445312,-5059.0,6859.0,-370.0,-31.0,14.0,11.0,
1646734771181067466,0.716979980469,-0.0271606445312,-0.476806640625,0.507690429688,-5028.0,6702.0,-287.0,-31.0,14.0,10.0,
1646734771188411474,0.716430664062,-0.0263061523438,-0.475952148438,0.509399414062,-5009.0,6574.0,-158.0,-31.0,14.0,9.0,
1646734771193085908,0.715698242188,-0.0253295898438,-0.475158691406,0.511169433594,-5013.0,6471.0,-8.0,-32.0,14.0,8.0,
1646734771197729825,0.714965820312,-0.0242919921875,-0.474426269531,0.512939453125,-5035.0,6378.0,166.0,-33.0,14.0,7.0,
1646734771202405214,0.714111328125,-0.0231323242188,-0.473815917969,0.514770507812,-5065.0,6254.0,333.0,-34.0,14.0,7.0,
1646734771206575632,0.713195800781,-0.02197265625,-0.473266601562,0.516540527344,-5102.0,6102.0,492.0,-34.0,13.0,6.0,
1646734771211953639,0.712280273438,-0.020751953125,-0.472839355469,0.518310546875,-5139.0,5921.0,664.0,-34.0,12.0,5.0,
1646734771216737508,0.711303710938,-0.01953125,-0.472534179688,0.519897460938,-5160.0,5731.0,824.0,-32.0,11.0,4.0,
1646734771220746517,0.710388183594,-0.0184326171875,-0.472351074219,0.521362304688,-5157.0,5541.0,951.0,-28.0,9.0,3.0,
1646734771224647760,0.709594726562,-0.0174560546875,-0.472229003906,0.522644042969,-5133.0,5384.0,1043.0,-24.0,8.0,3.0,
1646734771232653379,0.708923339844,-0.0166015625,-0.472106933594,0.523681640625,-5083.0,5289.0,1116.0,-20.0,7.0,2.0,
1646734771235434055,0.708312988281,-0.015869140625,-0.471984863281,0.524597167969,-5018.0,5234.0,1169.0,-17.0,6.0,2.0,
1646734771240486145,0.707824707031,-0.0153198242188,-0.471923828125,0.525390625,-4925.0,5182.0,1189.0,-14.0,5.0,2.0,
1646734771245155811,0.707397460938,-0.014892578125,-0.471801757812,0.526062011719,-4834.0,5132.0,1183.0,-11.0,5.0,2.0,
1646734771249526262,0.707092285156,-0.0145874023438,-0.4716796875,0.526611328125,-4737.0,5087.0,1151.0,-8.0,4.0,1.0,
1646734771254782438,0.706909179688,-0.0142822265625,-0.471618652344,0.526916503906,-4649.0,5053.0,1102.0,-5.0,4.0,0.0,
1646734771269120931,0.706787109375,-0.0140991210938,-0.471557617188,0.527099609375,-4561.0,5010.0,1025.0,-2.0,4.0,-1.0,
1646734771281009435,0.706848144531,-0.013916015625,-0.471496582031,0.527038574219,-4477.0,4970.0,918.0,0.0,4.0,-2.0,
1646734771281908512,0.707092285156,-0.0137329101562,-0.471374511719,0.52685546875,-4475.0,4959.0,937.0,3.0,5.0,-3.0,
1646734771282632350,0.707214355469,-0.0136108398438,-0.471435546875,0.526611328125,-4467.0,4958.0,856.0,6.0,3.0,-3.0,
1646734771283409357,0.707336425781,-0.0133666992188,-0.471496582031,0.526489257812,-4433.0,5054.0,574.0,2.0,3.0,-5.0,
1646734771284607648,0.707397460938,-0.0127563476562,-0.471252441406,0.526611328125,-4546.0,5415.0,405.0,-9.0,6.0,-6.0,
1646734771291972160,0.707153320312,-0.0120239257812,-0.470886230469,0.527221679688,-4686.0,5900.0,325.0,-17.0,7.0,-5.0,
1646734771297023773,0.706604003906,-0.0111694335938,-0.470581054688,0.5283203125,-4747.0,6177.0,317.0,-25.0,6.0,-4.0,
1646734771301788091,0.705627441406,-0.0100708007812,-0.470458984375,0.52978515625,-4808.0,6163.0,432.0,-34.0,4.0,-6.0,
1646734771306035995,0.704284667969,-0.00848388671875,-0.470764160156,0.53125,-4869.0,6033.0,657.0,-38.0,3.0,-9.0,
1646734771310486793,0.702941894531,-0.0068359375,-0.471313476562,0.532653808594,-4916.0,5835.0,896.0,-36.0,2.0,-12.0,
1646734771319607257,0.701599121094,-0.00518798828125,-0.471923828125,0.533874511719,-4968.0,5660.0,1096.0,-32.0,2.0,-12.0,
1646734771320151805,0.700378417969,-0.00372314453125,-0.472473144531,0.534912109375,-5041.0,5602.0,1263.0,-28.0,2.0,-11.0,
1646734771324056625,0.699279785156,-0.00244140625,-0.473022460938,0.535888671875,-5113.0,5660.0,1370.0,-25.0,1.0,-10.0,
1646734771328563928,0.6982421875,-0.0013427734375,-0.473510742188,0.536865234375,-5174.0,5757.0,1423.0,-25.0,0.0,-8.0,
1646734771333165407,0.697082519531,-0.0003662109375,-0.473876953125,0.537963867188,-5216.0,5874.0,1426.0,-26.0,-1.0,-7.0,
1646734771337820529,0.695861816406,0.00067138671875,-0.474304199219,0.539245605469,-5226.0,5997.0,1395.0,-30.0,-3.0,-7.0,
1646734771344887971,0.694458007812,0.00177001953125,-0.474670410156,0.540649414062,-5227.0,6118.0,1356.0,-35.0,-4.0,-7.0,
1646734771349437236,0.69287109375,0.00299072265625,-0.47509765625,0.542297363281,-5223.0,6244.0,1308.0,-41.0,-5.0,-8.0,
1646734771353808879,0.691101074219,0.00439453125,-0.475524902344,0.544250488281,-5209.0,6387.0,1235.0,-47.0,-5.0,-8.0,
1646734771359353780,0.689025878906,0.00604248046875,-0.475952148438,0.546447753906,-5197.0,6501.0,1171.0,-56.0,-6.0,-9.0,
1646734771362770795,0.686645507812,0.00787353515625,-0.476440429688,0.549072265625,-5180.0,6593.0,1121.0,-65.0,-7.0,-9.0,
1646734771373880386,0.683898925781,0.010009765625,-0.476867675781,0.552001953125,-5169.0,6662.0,1089.0,-74.0,-7.0,-9.0,
1646734771376800775,0.680786132812,0.0123901367188,-0.477355957031,0.555358886719,-5170.0,6722.0,1077.0,-84.0,-8.0,-10.0,
1646734771378672599,0.677307128906,0.0150756835938,-0.477844238281,0.559143066406,-5185.0,6770.0,1106.0,-94.0,-9.0,-10.0,
1646734771386333942,0.673461914062,0.0180053710938,-0.478454589844,0.563171386719,-5221.0,6789.0,1163.0,-102.0,-10.0,-10.0,
1646734771393167972,0.669250488281,0.0211181640625,-0.479125976562,0.567504882812,-5261.0,6756.0,1219.0,-109.0,-12.0,-10.0,
1646734771398376941,0.664733886719,0.0243530273438,-0.479858398438,0.572021484375,-5285.0,6687.0,1300.0,-115.0,-13.0,-11.0,
1646734771402364969,0.660034179688,0.0277709960938,-0.480651855469,0.57666015625,-5290.0,6543.0,1366.0,-119.0,-15.0,-11.0,
1646734771410072088,0.655090332031,0.03125,-0.481567382812,0.581298828125,-5280.0,6347.0,1450.0,-122.0,-16.0,-12.0,
1646734771415428638,0.650146484375,0.0347900390625,-0.482482910156,0.585876464844,-5280.0,6135.0,1535.0,-122.0,-17.0,-12.0,
1646734771418529987,0.645202636719,0.0382690429688,-0.483459472656,0.590393066406,-5302.0,5951.0,1604.0,-120.0,-17.0,-12.0,
1646734771426282405,0.640380859375,0.0416259765625,-0.484313964844,0.594604492188,-5357.0,5850.0,1609.0,-115.0,-16.0,-11.0,
1646734771523158311,0.635864257812,0.0447998046875,-0.485046386719,0.5986328125,-5446.0,5892.0,1613.0,-110.0,-16.0,-10.0,
1646734771531064987,0.631530761719,0.0477905273438,-0.485656738281,0.602478027344,-5544.0,6029.0,1604.0,-107.0,-15.0,-9.0,
1646734771539976119,0.627258300781,0.0505981445312,-0.486145019531,0.606323242188,-5635.0,6173.0,1548.0,-105.0,-15.0,-8.0,
1646734771544291019,0.623168945312,0.053466796875,-0.486511230469,0.609985351562,-5712.0,6273.0,1487.0,-104.0,-14.0,-9.0,
1646734771550178289,0.619018554688,0.0563354492188,-0.486938476562,0.613586425781,-5757.0,6293.0,1440.0,-103.0,-14.0,-10.0,
1646734771552704334,0.614929199219,0.0592041015625,-0.487365722656,0.617065429688,-5779.0,6239.0,1400.0,-102.0,-14.0,-10.0,
1646734771563891649,0.61083984375,0.0620727539062,-0.48779296875,0.620544433594,-5778.0,6139.0,1351.0,-101.0,-14.0,-10.0,
1646734771573825836,0.606750488281,0.06494140625,-0.488159179688,0.623962402344,-5784.0,6080.0,1304.0,-101.0,-14.0,-9.0,
1646734771578888893,0.602722167969,0.0677490234375,-0.488342285156,0.627380371094,-5811.0,6099.0,1225.0,-101.0,-13.0,-7.0,
1646734771595123767,0.598815917969,0.0703735351562,-0.488464355469,0.630737304688,-5842.0,6165.0,1124.0,-100.0,-13.0,-5.0,
1646734771620759248,0.594909667969,0.0729370117188,-0.488464355469,0.634094238281,-5871.0,6191.0,1054.0,-99.0,-14.0,-4.0,
1646734771684534788,0.591064453125,0.075439453125,-0.488464355469,0.637390136719,-5863.0,6100.0,997.0,-98.0,-15.0,-4.0,
1646734771688955545,0.587219238281,0.077880859375,-0.488586425781,0.640563964844,-5843.0,5914.0,973.0,-95.0,-15.0,-5.0,
1646734771693862438,0.58349609375,0.080322265625,-0.488891601562,0.643493652344,-5811.0,5663.0,998.0,-91.0,-16.0,-6.0,
1646734771700206756,0.579956054688,0.0825805664062,-0.489196777344,0.646118164062,-5763.0,5374.0,1072.0,-83.0,-16.0,-5.0,
1646734771730607271,0.57666015625,0.0845336914062,-0.489624023438,0.6484375,-5699.0,5132.0,1176.0,-73.0,-16.0,-5.0,
1646734771737035751,0.57373046875,0.086181640625,-0.490173339844,0.650451660156,-5650.0,5005.0,1407.0,-63.0,-16.0,-6.0,
1646734771741535663,0.571044921875,0.08740234375,-0.49072265625,0.652221679688,-5623.0,5008.0,1620.0,-54.0,-17.0,-5.0,
1646734771747565746,0.568603515625,0.08837890625,-0.4912109375,0.653869628906,-5565.0,5158.0,1701.0,-48.0,-17.0,-4.0,
1646734771753975868,0.56640625,0.0891723632812,-0.491394042969,0.655578613281,-5537.0,5570.0,1625.0,-48.0,-15.0,-2.0,
1646734771756831169,0.564331054688,0.0899658203125,-0.491088867188,0.657409667969,-5541.0,6157.0,1451.0,-54.0,-13.0,0.0,
1646734771757099866,0.562194824219,0.0908813476562,-0.490478515625,0.659606933594,-5492.0,6637.0,1222.0,-64.0,-11.0,2.0,
1646734771761931419,0.559631347656,0.0922241210938,-0.489624023438,0.662170410156,-5431.0,6824.0,1000.0,-77.0,-10.0,2.0,
1646734771762253046,0.556579589844,0.0941162109375,-0.488952636719,0.664978027344,-5324.0,6781.0,813.0,-87.0,-10.0,0.0,
1646734771762597799,0.55322265625,0.096435546875,-0.488403320312,0.667846679688,-5219.0,6561.0,718.0,-92.0,-9.0,-3.0,
1646734771763175487,0.5498046875,0.0989990234375,-0.487976074219,0.670654296875,-5164.0,6192.0,720.0,-92.0,-6.0,-5.0,
1646734771765337228,0.546508789062,0.101684570312,-0.487670898438,0.673156738281,-5124.0,5786.0,800.0,-86.0,-4.0,-5.0,
1646734771765647411,0.543518066406,0.104187011719,-0.487426757812,0.675354003906,-5078.0,5449.0,914.0,-76.0,-2.0,-5.0,
1646734771766057729,0.541076660156,0.1064453125,-0.487121582031,0.677185058594,-5078.0,5166.0,1033.0,-64.0,1.0,-5.0,
1646734771766676425,0.5390625,0.108520507812,-0.486877441406,0.678588867188,-5095.0,4917.0,1185.0,-54.0,3.0,-5.0,
1646734771767238616,0.537414550781,0.110473632812,-0.486694335938,0.679809570312,-5121.0,4695.0,1358.0,-46.0,5.0,-5.0,
1646734771767930984,0.535949707031,0.1123046875,-0.486450195312,0.680786132812,-5152.0,4553.0,1547.0,-40.0,6.0,-5.0,
1646734771768518924,0.53466796875,0.114013671875,-0.486206054688,0.681640625,-5197.0,4466.0,1686.0,-37.0,7.0,-6.0,
1646734771769078016,0.533447265625,0.115844726562,-0.485961914062,0.682495117188,-5237.0,4396.0,1745.0,-37.0,9.0,-6.0,
1646734771769374132,0.532165527344,0.117919921875,-0.485656738281,0.683349609375,-5236.0,4341.0,1716.0,-40.0,10.0,-8.0,
1646734771769774198,0.530883789062,0.1201171875,-0.485290527344,0.684204101562,-5202.0,4290.0,1654.0,-43.0,12.0,-10.0,
1646734771770053625,0.5244140625,0.132385253906,-0.484191894531,0.687683105469,-5297.0,3691.0,2040.0,-34.0,15.0,-15.0,
1646734771770334482,0.53173828125,0.138732910156,-0.488708496094,0.677551269531,-5667.0,3965.0,4693.0,70.0,10.0,-7.0,
1646734771771133422,0.538513183594,0.134521484375,-0.490173339844,0.671997070312,-5461.0,4091.0,4859.0,91.0,10.0,-5.0,
1646734771771477222,0.542602539062,0.1318359375,-0.490905761719,0.668701171875,-5407.0,4160.0,4838.0,102.0,11.0,-3.0,
1646734771771835327,0.552062988281,0.125610351562,-0.4921875,0.6611328125,-5393.0,4292.0,4601.0,120.0,11.0,0.0,
1646734771774809837,0.583801269531,0.105285644531,-0.496459960938,0.633728027344,-5580.0,4327.0,3389.0,125.0,8.0,-5.0,
1646734771775303363,0.588562011719,0.102355957031,-0.497131347656,0.629272460938,-5609.0,4530.0,3097.0,115.0,8.0,-7.0,
1646734771775628328,0.592895507812,0.0997314453125,-0.497619628906,0.625183105469,-5634.0,4858.0,2823.0,103.0,7.0,-8.0,
1646734771776178121,0.599731445312,0.0955200195312,-0.498168945312,0.618835449219,-5653.0,5675.0,2439.0,70.0,5.0,-8.0,
1646734771776523351,0.601989746094,0.0940551757812,-0.498291015625,0.616760253906,-5696.0,6020.0,2327.0,51.0,4.0,-9.0,
1646734771777074575,0.603515625,0.09326171875,-0.498413085938,0.615295410156,-5718.0,6257.0,2253.0,32.0,3.0,-10.0,
1646734771778802871,0.604309082031,0.0929565429688,-0.498596191406,0.614440917969,-5745.0,6426.0,2203.0,17.0,3.0,-11.0,
1646734771779148578,0.604675292969,0.093017578125,-0.498718261719,0.613952636719,-5741.0,6510.0,2156.0,5.0,2.0,-11.0,
1646734771779461860,0.604736328125,0.0933227539062,-0.498779296875,0.61376953125,-5718.0,6504.0,2141.0,-3.0,2.0,-11.0,
1646734771783595085,0.604614257812,0.0938110351562,-0.498840332031,0.61376953125,-5658.0,6411.0,2171.0,-6.0,3.0,-10.0,
1646734771788163900,0.604370117188,0.0942993164062,-0.498962402344,0.613830566406,-5605.0,6257.0,2208.0,-8.0,3.0,-10.0,
1646734771798187255,0.604187011719,0.0949096679688,-0.499084472656,0.613830566406,-5577.0,6080.0,2262.0,-7.0,4.0,-10.0,
1646734771801910877,0.604064941406,0.095458984375,-0.499267578125,0.61376953125,-5560.0,5902.0,2331.0,-4.0,5.0,-9.0,
1646734771808730125,0.604064941406,0.0960083007812,-0.499389648438,0.613586425781,-5555.0,5723.0,2407.0,-1.0,6.0,-9.0,
1646734771815739154,0.604431152344,0.0968017578125,-0.499755859375,0.61279296875,-5549.0,5372.0,2506.0,7.0,7.0,-9.0,
1646734771820669174,0.604736328125,0.0972290039062,-0.5,0.612182617188,-5560.0,5197.0,2518.0,8.0,7.0,-11.0,
1646734771825198888,0.605041503906,0.097900390625,-0.500366210938,0.611511230469,-5576.0,5025.0,2488.0,7.0,7.0,-14.0,
1646734771829992532,0.605163574219,0.0988159179688,-0.500854492188,0.610778808594,-5569.0,4833.0,2448.0,3.0,7.0,-17.0,
1646734771834551811,0.605102539062,0.0999755859375,-0.50146484375,0.610168457031,-5544.0,4617.0,2401.0,-2.0,7.0,-20.0,
1646734771838157653,0.604919433594,0.101318359375,-0.502136230469,0.609619140625,-5517.0,4406.0,2337.0,-5.0,7.0,-22.0,
1646734771846613168,0.604614257812,0.102844238281,-0.502868652344,0.609130859375,-5497.0,4249.0,2260.0,-8.0,6.0,-23.0,
1646734771850735187,0.604187011719,0.104431152344,-0.503540039062,0.608642578125,-5505.0,4191.0,2147.0,-10.0,6.0,-24.0,
1646734771855343580,0.603698730469,0.106140136719,-0.504272460938,0.608215332031,-5537.0,4197.0,2052.0,-14.0,5.0,-26.0,
1646734771859936714,0.60302734375,0.108032226562,-0.505004882812,0.607971191406,-5570.0,4204.0,1979.0,-20.0,5.0,-28.0,
1646734771864484310,0.602111816406,0.110107421875,-0.505737304688,0.60791015625,-5646.0,4175.0,1980.0,-25.0,4.0,-29.0,
1646734771869225263,0.600891113281,0.112426757812,-0.506652832031,0.60791015625,-5765.0,4076.0,2033.0,-29.0,4.0,-31.0,
