1649413078921477317,0.048583984375,-0.142761230469,0.488220214844,0.859558105469,-24.0,-1468.0,6358.0,-127.0,38.0,-27.0,
1649413078923924684,0.0405883789062,-0.14404296875,0.485900878906,0.861022949219,-99.0,-1631.0,6418.0,-122.0,38.0,-29.0,
1649413078928163290,0.0328369140625,-0.145202636719,0.483520507812,0.862548828125,-168.0,-1763.0,6445.0,-118.0,37.0,-30.0,
1649413078961537837,0.0253295898438,-0.146240234375,0.481079101562,0.863952636719,-252.0,-1874.0,6452.0,-114.0,38.0,-31.0,
1649413078963845968,0.0181884765625,-0.14697265625,0.478698730469,0.865356445312,-336.0,-1970.0,6454.0,-108.0,38.0,-31.0,
1649413078966214418,0.0113525390625,-0.1474609375,0.476257324219,0.86669921875,-432.0,-2075.0,6447.0,-101.0,39.0,-32.0,
1649413078969609498,0.0048828125,-0.147705078125,0.473876953125,0.868041992188,-546.0,-2184.0,6413.0,-94.0,39.0,-32.0,
1649413078970862150,-0.00128173828125,-0.147705078125,0.471496582031,0.869384765625,-665.0,-2263.0,6363.0,-87.0,40.0,-34.0,
1649413078972894191,-0.007080078125,-0.1474609375,0.469055175781,0.870727539062,-792.0,-2297.0,6311.0,-80.0,40.0,-34.0,
1649413078975661993,-0.0126342773438,-0.14697265625,0.466613769531,0.872009277344,-926.0,-2278.0,6274.0,-76.0,40.0,-35.0,
1649413078976591587,-0.0178833007812,-0.146362304688,0.464172363281,0.873352050781,-1055.0,-2238.0,6239.0,-73.0,40.0,-36.0,
1649413078977891445,-0.0231323242188,-0.145690917969,0.461669921875,0.874694824219,-1189.0,-2174.0,6239.0,-72.0,41.0,-37.0,
1649413078979947328,-0.0283203125,-0.144897460938,0.459106445312,0.8759765625,-1326.0,-2112.0,6272.0,-72.0,42.0,-38.0,
1649413078983694791,-0.0335083007812,-0.143981933594,0.456481933594,0.877319335938,-1473.0,-2073.0,6348.0,-72.0,43.0,-38.0,
1649413078987230300,-0.0387573242188,-0.143005371094,0.453857421875,0.878662109375,-1625.0,-2065.0,6452.0,-72.0,43.0,-38.0,
1649413078992660999,-0.0440673828125,-0.141906738281,0.451232910156,0.8798828125,-1777.0,-2102.0,6568.0,-72.0,44.0,-38.0,
1649413079002271413,-0.04931640625,-0.140808105469,0.448608398438,0.881164550781,-1913.0,-2144.0,6661.0,-70.0,44.0,-38.0,
1649413079006779432,-0.054443359375,-0.139587402344,0.446044921875,0.88232421875,-2015.0,-2159.0,6731.0,-68.0,44.0,-37.0,
1649413079011469602,-0.0594482421875,-0.138244628906,0.443542480469,0.883483886719,-2067.0,-2171.0,6784.0,-66.0,44.0,-36.0,
1649413079016421079,-0.0642700195312,-0.136901855469,0.441101074219,0.884582519531,-2093.0,-2186.0,6825.0,-63.0,45.0,-35.0,
1649413079020868301,-0.0690307617188,-0.135498046875,0.438781738281,0.885620117188,-2096.0,-2209.0,6880.0,-61.0,45.0,-34.0,
1649413079023679494,-0.0736083984375,-0.134094238281,0.436462402344,0.886596679688,-2080.0,-2240.0,6955.0,-59.0,46.0,-32.0,
1649413079028420209,-0.078125,-0.132568359375,0.434326171875,0.887512207031,-2062.0,-2281.0,7066.0,-57.0,46.0,-30.0,
1649413079033213615,-0.08251953125,-0.130920410156,0.432189941406,0.888366699219,-2062.0,-2338.0,7203.0,-54.0,47.0,-29.0,
1649413079037822961,-0.0867309570312,-0.129150390625,0.43017578125,0.889221191406,-2097.0,-2421.0,7373.0,-51.0,47.0,-28.0,
1649413079042245626,-0.0908203125,-0.127258300781,0.42822265625,0.890014648438,-2160.0,-2513.0,7557.0,-47.0,47.0,-27.0,
1649413079050657272,-0.0946655273438,-0.125183105469,0.426391601562,0.890808105469,-2264.0,-2580.0,7732.0,-42.0,47.0,-26.0,
1649413079053711414,-0.09814453125,-0.122924804688,0.424682617188,0.891540527344,-2389.0,-2594.0,7864.0,-36.0,46.0,-24.0,
1649413079058535337,-0.101257324219,-0.120483398438,0.423156738281,0.892211914062,-2507.0,-2553.0,7944.0,-31.0,44.0,-22.0,
1649413079063221454,-0.10400390625,-0.118041992188,0.421813964844,0.892883300781,-2589.0,-2451.0,7987.0,-26.0,42.0,-20.0,
1649413079070121049,-0.106506347656,-0.115600585938,0.420593261719,0.893493652344,-2617.0,-2304.0,8008.0,-23.0,40.0,-18.0,
1649413079072585105,-0.108764648438,-0.11328125,0.419494628906,0.89404296875,-2597.0,-2167.0,8037.0,-22.0,38.0,-15.0,
1649413079080264329,-0.110961914062,-0.111022949219,0.418518066406,0.894470214844,-2566.0,-2064.0,8099.0,-22.0,37.0,-14.0,
1649413079083699703,-0.113220214844,-0.10888671875,0.417602539062,0.894897460938,-2534.0,-2004.0,8200.0,-24.0,36.0,-12.0,
1649413079088463544,-0.115478515625,-0.10693359375,0.416748046875,0.895263671875,-2499.0,-1977.0,8317.0,-26.0,34.0,-11.0,
1649413079093112230,-0.117919921875,-0.105163574219,0.415954589844,0.8955078125,-2460.0,-1953.0,8453.0,-28.0,32.0,-9.0,
1649413079097691535,-0.120483398438,-0.103515625,0.415283203125,0.895690917969,-2398.0,-1940.0,8572.0,-32.0,31.0,-8.0,
1649413079104769945,-0.123229980469,-0.102172851562,0.414611816406,0.895812988281,-2307.0,-1945.0,8666.0,-36.0,29.0,-7.0,
1649413079109627246,-0.126098632812,-0.10107421875,0.413940429688,0.895812988281,-2172.0,-2007.0,8722.0,-40.0,27.0,-6.0,
1649413079114086389,-0.129211425781,-0.100219726562,0.413269042969,0.895751953125,-1998.0,-2146.0,8733.0,-44.0,26.0,-5.0,
1649413079121407032,-0.132568359375,-0.0996704101562,0.412536621094,0.895690917969,-1779.0,-2381.0,8735.0,-47.0,25.0,-6.0,
1649413079123248815,-0.135986328125,-0.099365234375,0.411743164062,0.895568847656,-1527.0,-2686.0,8706.0,-48.0,24.0,-7.0,
1649413079127668619,-0.139404296875,-0.0992431640625,0.410888671875,0.895446777344,-1249.0,-3023.0,8658.0,-46.0,23.0,-8.0,
1649413079135664463,-0.142700195312,-0.0992431640625,0.409851074219,0.895385742188,-962.0,-3327.0,8595.0,-43.0,23.0,-10.0,
1649413079140352964,-0.145690917969,-0.0992431640625,0.408752441406,0.895385742188,-688.0,-3584.0,8535.0,-39.0,22.0,-12.0,
1649413079145646095,-0.1484375,-0.0992431640625,0.407592773438,0.8955078125,-447.0,-3807.0,8484.0,-35.0,22.0,-14.0,
1649413079149196147,-0.150939941406,-0.0991821289062,0.406311035156,0.895690917969,-255.0,-4004.0,8439.0,-32.0,22.0,-16.0,
1649413079153199672,-0.1533203125,-0.0990600585938,0.404846191406,0.895935058594,-113.0,-4177.0,8402.0,-29.0,22.0,-19.0,
1649413079158354282,-0.155578613281,-0.0988159179688,0.403381347656,0.896240234375,3.0,-4306.0,8397.0,-26.0,23.0,-21.0,
1649413079162527322,-0.157653808594,-0.0985107421875,0.401733398438,0.896667480469,112.0,-4381.0,8406.0,-24.0,23.0,-23.0,
1649413079170606613,-0.159545898438,-0.09814453125,0.400085449219,0.897094726562,176.0,-4424.0,8409.0,-22.0,24.0,-24.0,
1649413079173663377,-0.161315917969,-0.0975341796875,0.398315429688,0.897644042969,184.0,-4464.0,8397.0,-19.0,25.0,-25.0,
1649413079179335355,-0.162963867188,-0.0968627929688,0.396606445312,0.898193359375,158.0,-4477.0,8392.0,-16.0,25.0,-26.0,
1649413079184103727,-0.164428710938,-0.0960083007812,0.394836425781,0.898803710938,106.0,-4458.0,8395.0,-14.0,25.0,-26.0,
1649413079188328027,-0.165710449219,-0.0950927734375,0.393005371094,0.8994140625,34.0,-4408.0,8350.0,-11.0,25.0,-27.0,
1649413079192770719,-0.166931152344,-0.0941772460938,0.391174316406,0.900085449219,-49.0,-4344.0,8263.0,-10.0,25.0,-29.0,
1649413079198750734,-0.168029785156,-0.0932006835938,0.389343261719,0.900817871094,-138.0,-4276.0,8292.0,-9.0,24.0,-29.0,
1649413079206196546,-0.169067382812,-0.0922241210938,0.387512207031,0.901489257812,-244.0,-4194.0,8374.0,-9.0,23.0,-30.0,
1649413079217661380,-0.170837402344,-0.0905151367188,0.3837890625,0.902954101562,-510.0,-3846.0,8664.0,-10.0,19.0,-31.0,
1649413079220086574,-0.171691894531,-0.0896606445312,0.381958007812,0.903625488281,-635.0,-3658.0,8800.0,-12.0,17.0,-31.0,
1649413079224886417,-0.172485351562,-0.0889282226562,0.380126953125,0.904296875,-715.0,-3530.0,8922.0,-14.0,16.0,-31.0,
1649413079229099750,-0.17333984375,-0.0883178710938,0.378356933594,0.904968261719,-748.0,-3479.0,9012.0,-14.0,15.0,-30.0,
1649413079232782363,-0.174072265625,-0.0878295898438,0.376586914062,0.905578613281,-740.0,-3460.0,9044.0,-12.0,13.0,-30.0,
1649413079237303733,-0.174682617188,-0.08740234375,0.374877929688,0.90625,-700.0,-3433.0,9047.0,-9.0,12.0,-29.0,
1649413079242069721,-0.175048828125,-0.0870361328125,0.373291015625,0.906860351562,-642.0,-3381.0,9051.0,-6.0,10.0,-28.0,
1649413079249032735,-0.175231933594,-0.0867309570312,0.371765136719,0.907470703125,-578.0,-3277.0,9049.0,-4.0,8.0,-27.0,
1649413079254848718,-0.175231933594,-0.08642578125,0.370300292969,0.908081054688,-522.0,-3130.0,9011.0,-3.0,7.0,-25.0,
1649413079259221792,-0.175231933594,-0.0861206054688,0.368957519531,0.90869140625,-464.0,-2960.0,8963.0,-3.0,6.0,-24.0,
1649413079263550758,-0.175231933594,-0.0859375,0.36767578125,0.9091796875,-406.0,-2782.0,8921.0,-5.0,6.0,-23.0,
1649413079269532680,-0.17529296875,-0.0857543945312,0.366455078125,0.909729003906,-342.0,-2626.0,8899.0,-7.0,5.0,-21.0,
1649413079273169994,-0.175354003906,-0.0856323242188,0.365295410156,0.91015625,-307.0,-2518.0,8898.0,-8.0,5.0,-20.0,
1649413079276854515,-0.175537109375,-0.0855102539062,0.364196777344,0.910583496094,-287.0,-2473.0,8890.0,-9.0,5.0,-19.0,
1649413079283793687,-0.175720214844,-0.0853881835938,0.363159179688,0.911010742188,-267.0,-2492.0,8863.0,-8.0,4.0,-18.0,
1649413079288982152,-0.175903320312,-0.0853271484375,0.362121582031,0.911376953125,-248.0,-2575.0,8806.0,-7.0,4.0,-18.0,
1649413079293026924,-0.176147460938,-0.0852661132812,0.361083984375,0.911743164062,-217.0,-2685.0,8741.0,-6.0,3.0,-18.0,
1649413079298222780,-0.17626953125,-0.0852661132812,0.360107421875,0.912109375,-163.0,-2751.0,8602.0,-4.0,2.0,-18.0,
1649413079302693605,-0.17626953125,-0.0853271484375,0.359130859375,0.912475585938,-99.0,-2744.0,8424.0,-2.0,2.0,-18.0,
1649413079308955430,-0.176208496094,-0.0853881835938,0.358154296875,0.912841796875,-34.0,-2675.0,8235.0,-1.0,1.0,-17.0,
1649413079313687086,-0.176147460938,-0.08544921875,0.357238769531,0.913208007812,46.0,-2574.0,8056.0,-3.0,1.0,-16.0,
1649413079319383859,-0.176147460938,-0.0855712890625,0.356323242188,0.91357421875,117.0,-2479.0,7909.0,-4.0,2.0,-16.0,
1649413079323370695,-0.17626953125,-0.0856323242188,0.35546875,0.913879394531,153.0,-2420.0,7816.0,-7.0,3.0,-15.0,
1649413079330653429,-0.176635742188,-0.085693359375,0.354675292969,0.914123535156,160.0,-2402.0,7780.0,-10.0,4.0,-13.0,
1649413079332534074,-0.177124023438,-0.0857543945312,0.353942871094,0.914306640625,148.0,-2412.0,7781.0,-12.0,4.0,-12.0,
1649413079338840723,-0.177795410156,-0.0858154296875,0.353210449219,0.914428710938,129.0,-2423.0,7801.0,-15.0,4.0,-12.0,
1649413079345025539,-0.178649902344,-0.0858764648438,0.352478027344,0.91455078125,94.0,-2441.0,7793.0,-17.0,4.0,-11.0,
1649413079348520994,-0.179565429688,-0.0859375,0.351867675781,0.914611816406,92.0,-2491.0,7752.0,-18.0,5.0,-10.0,
1649413079353944063,-0.1806640625,-0.0861206054688,0.351196289062,0.914611816406,132.0,-2564.0,7681.0,-20.0,5.0,-9.0,
1649413079367393016,-0.181823730469,-0.0863037109375,0.3505859375,0.914611816406,189.0,-2657.0,7632.0,-21.0,6.0,-9.0,
1649413079368191719,-0.183044433594,-0.0864868164062,0.349975585938,0.914611816406,244.0,-2797.0,7624.0,-21.0,6.0,-8.0,
1649413079368984937,-0.184326171875,-0.0867309570312,0.349365234375,0.91455078125,290.0,-2975.0,7611.0,-21.0,7.0,-7.0,
1649413079381179332,-0.185607910156,-0.0868530273438,0.348754882812,0.914489746094,325.0,-3165.0,7596.0,-20.0,7.0,-7.0,
1649413079381561517,-0.186950683594,-0.0870361328125,0.34814453125,0.914428710938,347.0,-3337.0,7575.0,-19.0,7.0,-8.0,
1649413079384624958,-0.188232421875,-0.0872192382812,0.347534179688,0.914428710938,361.0,-3464.0,7562.0,-18.0,7.0,-8.0,
1649413079396570920,-0.189453125,-0.0873413085938,0.346923828125,0.914367675781,375.0,-3499.0,7568.0,-18.0,7.0,-8.0,
1649413079396957874,-0.190551757812,-0.08740234375,0.346313476562,0.914367675781,360.0,-3438.0,7588.0,-18.0,7.0,-8.0,
1649413079397331714,-0.191650390625,-0.0874633789062,0.345764160156,0.914306640625,329.0,-3350.0,7607.0,-19.0,7.0,-7.0,
1649413079401960372,-0.192810058594,-0.0875244140625,0.34521484375,0.914306640625,296.0,-3299.0,7634.0,-21.0,7.0,-7.0,
1649413079414199590,-0.194091796875,-0.0875854492188,0.344665527344,0.914245605469,274.0,-3318.0,7689.0,-23.0,7.0,-7.0,
1649413079424389839,-0.196899414062,-0.0878295898438,0.343505859375,0.914001464844,252.0,-3398.0,7738.0,-24.0,7.0,-7.0,
1649413079424721479,-0.198303222656,-0.0880126953125,0.342956542969,0.913940429688,271.0,-3430.0,7680.0,-24.0,7.0,-7.0,
1649413079427987098,-0.19970703125,-0.0881958007812,0.342346191406,0.913818359375,259.0,-3510.0,7599.0,-23.0,7.0,-7.0,
1649413079434463262,-0.201171875,-0.0883178710938,0.341796875,0.913696289062,244.0,-3627.0,7538.0,-23.0,7.0,-7.0,
1649413079437345981,-0.202697753906,-0.0885620117188,0.341186523438,0.91357421875,237.0,-3707.0,7483.0,-23.0,7.0,-7.0,
1649413079443832635,-0.204162597656,-0.0887451171875,0.340637207031,0.913452148438,222.0,-3704.0,7444.0,-23.0,6.0,-7.0,
1649413079450376510,-0.20556640625,-0.0889892578125,0.340026855469,0.913330078125,181.0,-3635.0,7454.0,-23.0,6.0,-7.0,
1649413079453871250,-0.206909179688,-0.089111328125,0.339416503906,0.913208007812,119.0,-3581.0,7515.0,-24.0,6.0,-8.0,
1649413079458090305,-0.208251953125,-0.0891723632812,0.338928222656,0.9130859375,63.0,-3585.0,7567.0,-25.0,6.0,-7.0,
1649413079465943574,-0.209655761719,-0.0892944335938,0.33837890625,0.912963867188,9.0,-3616.0,7612.0,-24.0,6.0,-7.0,
1649413079467406749,-0.2109375,-0.08935546875,0.337890625,0.912841796875,-40.0,-3649.0,7625.0,-22.0,5.0,-6.0,
1649413079474001169,-0.212097167969,-0.0894165039062,0.33740234375,0.912719726562,-75.0,-3647.0,7528.0,-19.0,5.0,-6.0,
1649413079478819370,-0.213134765625,-0.0895385742188,0.337036132812,0.912658691406,-99.0,-3460.0,7405.0,-17.0,4.0,-6.0,
1649413079490832805,-0.2138671875,-0.0895385742188,0.336669921875,0.91259765625,-131.0,-3168.0,7225.0,-15.0,3.0,-5.0,
1649413079493582010,-0.214477539062,-0.0895385742188,0.336364746094,0.91259765625,-202.0,-2936.0,7109.0,-15.0,3.0,-4.0,
1649413079494197607,-0.215209960938,-0.0894165039062,0.336181640625,0.912475585938,-296.0,-2892.0,7073.0,-17.0,3.0,-3.0,
1649413079497702121,-0.216125488281,-0.0892944335938,0.335998535156,0.912353515625,-359.0,-2946.0,7045.0,-17.0,4.0,-2.0,
1649413079501748561,-0.217041015625,-0.0891723632812,0.335876464844,0.912170410156,-383.0,-3007.0,7029.0,-16.0,3.0,-2.0,
1649413079510872602,-0.217834472656,-0.089111328125,0.335754394531,0.912048339844,-384.0,-3026.0,7025.0,-14.0,3.0,-1.0,
1649413079520423173,-0.218505859375,-0.089111328125,0.335693359375,0.911926269531,-360.0,-3052.0,7020.0,-12.0,2.0,0.0,
1649413079525893688,-0.219665527344,-0.0891723632812,0.335632324219,0.91162109375,-351.0,-3211.0,7023.0,-11.0,1.0,0.0,
1649413079529212236,-0.220336914062,-0.0892944335938,0.335632324219,0.911499023438,-341.0,-3337.0,7069.0,-11.0,0.0,-1.0,
1649413079533560276,-0.221008300781,-0.0894165039062,0.335571289062,0.911315917969,-282.0,-3454.0,7099.0,-11.0,-1.0,-1.0,
1649413079539475440,-0.221557617188,-0.0896606445312,0.335510253906,0.911193847656,-215.0,-3567.0,7165.0,-10.0,-2.0,-1.0,
1649413079543430328,-0.222045898438,-0.0900268554688,0.335388183594,0.911071777344,-155.0,-3699.0,7229.0,-9.0,-2.0,-2.0,
1649413079546997785,-0.222473144531,-0.09033203125,0.335266113281,0.911010742188,-144.0,-3851.0,7293.0,-8.0,-3.0,-3.0,
1649413079553903102,-0.222778320312,-0.0906982421875,0.335083007812,0.910949707031,-160.0,-3994.0,7374.0,-6.0,-4.0,-4.0,
1649413079558479785,-0.223022460938,-0.0910034179688,0.3349609375,0.910888671875,-134.0,-4031.0,7450.0,-3.0,-5.0,-4.0,
1649413079563115835,-0.222900390625,-0.0913696289062,0.334899902344,0.910888671875,-85.0,-3887.0,7503.0,0.0,-7.0,-3.0,
1649413079568043708,-0.222412109375,-0.0916748046875,0.3349609375,0.910949707031,-56.0,-3601.0,7552.0,1.0,-8.0,-2.0,
1649413079572762966,-0.221801757812,-0.0919799804688,0.335021972656,0.911071777344,-60.0,-3306.0,7605.0,0.0,-9.0,-2.0,
1649413079578819036,-0.221313476562,-0.0923461914062,0.335144042969,0.911071777344,-93.0,-3146.0,7657.0,-3.0,-9.0,-1.0,
1649413079584522247,-0.221130371094,-0.0927124023438,0.335327148438,0.911071777344,-120.0,-3151.0,7727.0,-6.0,-9.0,0.0,
1649413079587840080,-0.221130371094,-0.0932006835938,0.33544921875,0.910949707031,-108.0,-3256.0,7786.0,-8.0,-10.0,-1.0,
1649413079592638015,-0.22119140625,-0.0938110351562,0.335510253906,0.910827636719,-76.0,-3382.0,7816.0,-7.0,-11.0,-1.0,
1649413079597223520,-0.22119140625,-0.094482421875,0.335632324219,0.910705566406,-34.0,-3501.0,7826.0,-4.0,-12.0,-1.0,
1649413079601865530,-0.220947265625,-0.09521484375,0.335815429688,0.91064453125,-1.0,-3599.0,7826.0,-1.0,-13.0,-1.0,
1649413079609393358,-0.220520019531,-0.0958862304688,0.335998535156,0.91064453125,33.0,-3666.0,7805.0,3.0,-14.0,-1.0,
1649413079613919734,-0.219909667969,-0.0964965820312,0.336181640625,0.91064453125,66.0,-3689.0,7755.0,5.0,-14.0,-1.0,
1649413079620373725,-0.21923828125,-0.09716796875,0.336364746094,0.91064453125,127.0,-3679.0,7676.0,6.0,-15.0,-1.0,
1649413079624633789,-0.218444824219,-0.097900390625,0.336486816406,0.910705566406,249.0,-3651.0,7542.0,7.0,-15.0,-2.0,
1649413079628746986,-0.217712402344,-0.0986938476562,0.336547851562,0.910766601562,381.0,-3631.0,7392.0,7.0,-14.0,-3.0,
1649413079633364439,-0.217041015625,-0.0994873046875,0.336608886719,0.910827636719,489.0,-3630.0,7284.0,6.0,-13.0,-3.0,
1649413079637970924,-0.216491699219,-0.100280761719,0.336608886719,0.910888671875,577.0,-3606.0,7192.0,4.0,-13.0,-3.0,
1649413079642614603,-0.216003417969,-0.101135253906,0.336608886719,0.910888671875,644.0,-3585.0,7082.0,2.0,-13.0,-2.0,
1649413079646921873,-0.215698242188,-0.101928710938,0.336669921875,0.910888671875,663.0,-3556.0,7026.0,0.0,-12.0,-2.0,
1649413079653701543,-0.215515136719,-0.102661132812,0.336730957031,0.910827636719,681.0,-3512.0,7018.0,-2.0,-11.0,-2.0,
1649413079658767700,-0.215393066406,-0.103393554688,0.336730957031,0.910766601562,711.0,-3478.0,6957.0,-4.0,-10.0,-1.0,
1649413079663423299,-0.215454101562,-0.104064941406,0.336730957031,0.91064453125,720.0,-3441.0,6925.0,-7.0,-9.0,-1.0,
1649413079667973995,-0.215698242188,-0.104797363281,0.336791992188,0.910522460938,690.0,-3399.0,6915.0,-9.0,-9.0,-1.0,
1649413079674414396,-0.216064453125,-0.10546875,0.336853027344,0.910339355469,639.0,-3345.0,6939.0,-11.0,-8.0,0.0,
1649413079677434444,-0.216430664062,-0.106018066406,0.3369140625,0.910095214844,553.0,-3288.0,6968.0,-12.0,-8.0,1.0,
1649413079683635711,-0.216857910156,-0.106567382812,0.337097167969,0.909912109375,454.0,-3256.0,7029.0,-13.0,-8.0,2.0,
1649413079688314914,-0.217346191406,-0.106994628906,0.337341308594,0.90966796875,376.0,-3263.0,7083.0,-13.0,-7.0,3.0,
1649413079693124771,-0.217712402344,-0.107421875,0.337585449219,0.909423828125,348.0,-3273.0,7110.0,-11.0,-7.0,3.0,
1649413079697806119,-0.217956542969,-0.107788085938,0.337829589844,0.909240722656,360.0,-3261.0,7072.0,-8.0,-7.0,3.0,
1649413079702391862,-0.218139648438,-0.108215332031,0.338134765625,0.909057617188,382.0,-3273.0,6964.0,-7.0,-7.0,4.0,
1649413079708853721,-0.218383789062,-0.108581542969,0.33837890625,0.908813476562,405.0,-3361.0,6862.0,-7.0,-6.0,4.0,
1649413079716280221,-0.218688964844,-0.108947753906,0.338745117188,0.908569335938,466.0,-3447.0,6746.0,-6.0,-5.0,5.0,
1649413079722635269,-0.218933105469,-0.109313964844,0.338989257812,0.908386230469,531.0,-3494.0,6647.0,-5.0,-5.0,5.0,
1649413079729003429,-0.219421386719,-0.109985351562,0.339599609375,0.907958984375,602.0,-3547.0,6531.0,-6.0,-4.0,5.0,
1649413079733826637,-0.219848632812,-0.110290527344,0.339904785156,0.90771484375,597.0,-3583.0,6532.0,-7.0,-3.0,6.0,
1649413079739792585,-0.220336914062,-0.110534667969,0.340209960938,0.907409667969,563.0,-3603.0,6589.0,-9.0,-3.0,6.0,
1649413079759009838,-0.220825195312,-0.110778808594,0.340515136719,0.907165527344,536.0,-3624.0,6657.0,-10.0,-3.0,6.0,
1649413079759638309,-0.221374511719,-0.111022949219,0.3408203125,0.906860351562,512.0,-3627.0,6713.0,-10.0,-3.0,6.0,
1649413079760083675,-0.221862792969,-0.111206054688,0.341125488281,0.906616210938,491.0,-3614.0,6754.0,-11.0,-3.0,5.0,
1649413079760623931,-0.222473144531,-0.111511230469,0.341430664062,0.906372070312,438.0,-3662.0,6806.0,-12.0,-3.0,5.0,
1649413079762898445,-0.223022460938,-0.111694335938,0.341735839844,0.906066894531,403.0,-3743.0,6846.0,-11.0,-3.0,5.0,
1649413079767434597,-0.223571777344,-0.111938476562,0.341979980469,0.905822753906,371.0,-3839.0,6854.0,-9.0,-3.0,5.0,
1649413079772473812,-0.223999023438,-0.112182617188,0.342224121094,0.905578613281,329.0,-3932.0,6857.0,-7.0,-3.0,4.0,
1649413079776983499,-0.224304199219,-0.112365722656,0.342529296875,0.905395507812,297.0,-3967.0,6858.0,-4.0,-4.0,4.0,
1649413079783612728,-0.224365234375,-0.112548828125,0.342834472656,0.905212402344,254.0,-3979.0,6875.0,-2.0,-5.0,4.0,
1649413079788357019,-0.224365234375,-0.112670898438,0.343139648438,0.905090332031,182.0,-3969.0,6882.0,0.0,-5.0,4.0,
1649413079792857170,-0.224365234375,-0.11279296875,0.343444824219,0.904968261719,133.0,-4000.0,6915.0,0.0,-6.0,3.0,
1649413079798623800,-0.224243164062,-0.112915039062,0.34375,0.904846191406,126.0,-3999.0,6941.0,1.0,-7.0,3.0,
1649413079802030801,-0.223999023438,-0.113159179688,0.344055175781,0.90478515625,124.0,-3883.0,6975.0,3.0,-8.0,3.0,
1649413079813535928,-0.2236328125,-0.113403320312,0.344421386719,0.904724121094,39.0,-3838.0,7118.0,2.0,-9.0,3.0,
1649413079814021110,-0.223266601562,-0.113586425781,0.3447265625,0.904602050781,-55.0,-3920.0,7267.0,1.0,-10.0,2.0,
1649413079818717241,-0.223022460938,-0.113830566406,0.345031738281,0.904541015625,-97.0,-4007.0,7322.0,2.0,-10.0,2.0,
1649413079824490070,-0.22265625,-0.114135742188,0.345397949219,0.904479980469,-75.0,-4028.0,7292.0,5.0,-11.0,1.0,
1649413079829255342,-0.222045898438,-0.114562988281,0.345703125,0.904418945312,-10.0,-3939.0,7241.0,7.0,-12.0,1.0,
1649413079834256887,-0.221252441406,-0.114990234375,0.346008300781,0.904479980469,45.0,-3844.0,7197.0,8.0,-13.0,1.0,
1649413079838890314,-0.220458984375,-0.115417480469,0.346374511719,0.904479980469,78.0,-3821.0,7199.0,8.0,-13.0,2.0,
1649413079842356204,-0.219604492188,-0.115844726562,0.346801757812,0.904479980469,81.0,-3811.0,7206.0,9.0,-14.0,2.0,
1649413079847031831,-0.218688964844,-0.1162109375,0.347229003906,0.904479980469,96.0,-3773.0,7259.0,11.0,-14.0,2.0,
1649413079853677511,-0.217651367188,-0.116638183594,0.347717285156,0.904479980469,103.0,-3735.0,7312.0,12.0,-15.0,2.0,
1649413079858476400,-0.216613769531,-0.117065429688,0.348205566406,0.904479980469,105.0,-3719.0,7369.0,12.0,-16.0,2.0,
1649413079870496511,-0.215454101562,-0.117492675781,0.3486328125,0.904541015625,112.0,-3743.0,7421.0,13.0,-17.0,2.0,
1649413079871474266,-0.214294433594,-0.117980957031,0.34912109375,0.904541015625,131.0,-3779.0,7457.0,14.0,-17.0,2.0,
1649413079873714685,-0.213073730469,-0.118469238281,0.349609375,0.904602050781,183.0,-3794.0,7425.0,16.0,-18.0,2.0,
1649413079878483057,-0.211730957031,-0.119018554688,0.35009765625,0.904663085938,262.0,-3762.0,7373.0,17.0,-18.0,2.0,
1649413079883788585,-0.210327148438,-0.11962890625,0.350524902344,0.904724121094,309.0,-3704.0,7320.0,17.0,-18.0,1.0,
1649413079888095140,-0.208984375,-0.120239257812,0.351013183594,0.90478515625,349.0,-3673.0,7256.0,17.0,-19.0,1.0,
1649413079891731977,-0.207641601562,-0.120849609375,0.351440429688,0.904846191406,390.0,-3666.0,7274.0,16.0,-19.0,1.0,
1649413079899096488,-0.206298828125,-0.121459960938,0.351928710938,0.904846191406,395.0,-3705.0,7270.0,16.0,-18.0,1.0,
1649413079903404712,-0.205017089844,-0.122009277344,0.352355957031,0.904907226562,413.0,-3776.0,7250.0,17.0,-19.0,1.0,
1649413079907945394,-0.203735351562,-0.122619628906,0.352783203125,0.904968261719,422.0,-3870.0,7262.0,18.0,-19.0,1.0,
1649413079912412643,-0.202392578125,-0.123229980469,0.353271484375,0.904968261719,380.0,-3892.0,7248.0,19.0,-19.0,1.0,
1649413079917165279,-0.200988769531,-0.123779296875,0.353759765625,0.905029296875,326.0,-3926.0,7256.0,20.0,-20.0,1.0,
1649413079927000284,-0.199523925781,-0.124328613281,0.354248046875,0.905090332031,273.0,-3966.0,7252.0,21.0,-21.0,1.0,
1649413079931564807,-0.197998046875,-0.124816894531,0.354736328125,0.905151367188,224.0,-3957.0,7257.0,22.0,-21.0,0.0,
1649413079936411619,-0.196411132812,-0.125366210938,0.355285644531,0.905212402344,187.0,-3909.0,7287.0,22.0,-22.0,1.0,
1649413079939362525,-0.194702148438,-0.1259765625,0.355834960938,0.9052734375,134.0,-3756.0,7377.0,22.0,-23.0,1.0,
1649413079944090366,-0.192932128906,-0.126586914062,0.3564453125,0.905334472656,115.0,-3630.0,7422.0,21.0,-24.0,1.0,
1649413079948745489,-0.191162109375,-0.127197265625,0.356994628906,0.905395507812,107.0,-3639.0,7512.0,21.0,-25.0,1.0,
1649413079953634023,-0.189392089844,-0.127868652344,0.357543945312,0.905456542969,110.0,-3619.0,7546.0,23.0,-25.0,1.0,
1649413079957993984,-0.1875,-0.128540039062,0.358215332031,0.905517578125,102.0,-3533.0,7617.0,24.0,-26.0,1.0,
1649413079962642908,-0.185485839844,-0.129211425781,0.358947753906,0.905517578125,105.0,-3529.0,7724.0,25.0,-27.0,3.0,
1649413079967255592,-0.183471679688,-0.1298828125,0.359741210938,0.905517578125,74.0,-3623.0,7843.0,25.0,-28.0,4.0,
1649413079973842382,-0.181518554688,-0.130615234375,0.360534667969,0.905517578125,8.0,-3666.0,7979.0,26.0,-29.0,3.0,
1649413079978535890,-0.179443359375,-0.13134765625,0.361450195312,0.905456542969,-65.0,-3565.0,8046.0,27.0,-31.0,4.0,
1649413079983939170,-0.177307128906,-0.132080078125,0.362426757812,0.905395507812,-90.0,-3347.0,8074.0,25.0,-32.0,5.0,
1649413079987509012,-0.175231933594,-0.132934570312,0.363342285156,0.9052734375,-23.0,-3329.0,8092.0,21.0,-33.0,5.0,
1649413079991979598,-0.173461914062,-0.134155273438,0.364074707031,0.905151367188,59.0,-3448.0,8144.0,17.0,-33.0,3.0,
1649413080001631259,-0.171936035156,-0.135437011719,0.364685058594,0.905029296875,110.0,-3551.0,8156.0,16.0,-33.0,2.0,
1649413080003998041,-0.17041015625,-0.136779785156,0.365356445312,0.904846191406,153.0,-3638.0,8281.0,16.0,-34.0,1.0,
1649413080009041070,-0.168762207031,-0.13818359375,0.365966796875,0.904663085938,241.0,-3683.0,8292.0,17.0,-36.0,1.0,
1649413080026482343,-0.1669921875,-0.1396484375,0.366516113281,0.904541015625,270.0,-3580.0,8235.0,18.0,-36.0,0.0,
1649413080033097267,-0.165100097656,-0.140991210938,0.367126464844,0.904418945312,300.0,-3483.0,8204.0,18.0,-37.0,0.0,
1649413080034800052,-0.163208007812,-0.142395019531,0.36767578125,0.904357910156,330.0,-3583.0,8208.0,18.0,-37.0,-1.0,
1649413080034996032,-0.161437988281,-0.143798828125,0.368041992188,0.904296875,401.0,-3799.0,8093.0,20.0,-36.0,-4.0,
1649413080046737194,-0.157775878906,-0.146606445312,0.368774414062,0.904174804688,557.0,-4243.0,7736.0,28.0,-34.0,-4.0,
1649413080047499418,-0.155639648438,-0.147827148438,0.369262695312,0.904174804688,508.0,-4252.0,7601.0,33.0,-34.0,-4.0,
1649413080048747301,-0.153198242188,-0.148742675781,0.369873046875,0.904174804688,383.0,-4333.0,7569.0,36.0,-34.0,-2.0,
1649413080053128957,-0.150695800781,-0.149536132812,0.370666503906,0.904113769531,239.0,-4197.0,7599.0,39.0,-35.0,0.0,
1649413080057881355,-0.14794921875,-0.150146484375,0.37158203125,0.904113769531,148.0,-4016.0,7619.0,40.0,-35.0,2.0,
1649413080071606636,-0.14501953125,-0.150756835938,0.37255859375,0.904113769531,81.0,-3704.0,7599.0,40.0,-36.0,2.0,
1649413080073052883,-0.14208984375,-0.151428222656,0.373474121094,0.904052734375,34.0,-3248.0,7562.0,37.0,-37.0,3.0,
1649413080074136495,-0.139282226562,-0.152221679688,0.374450683594,0.903930664062,22.0,-2885.0,7554.0,31.0,-37.0,5.0,
1649413080077972650,-0.136901855469,-0.153076171875,0.375427246094,0.90380859375,59.0,-2707.0,7561.0,24.0,-36.0,6.0,
1649413080082431554,-0.134887695312,-0.154113769531,0.376281738281,0.903564453125,133.0,-2697.0,7590.0,20.0,-35.0,6.0,
1649413080086838722,-0.133239746094,-0.155334472656,0.377136230469,0.903259277344,221.0,-2656.0,7561.0,17.0,-35.0,6.0,
1649413080093742370,-0.131591796875,-0.156555175781,0.378051757812,0.902893066406,317.0,-2576.0,7501.0,16.0,-34.0,7.0,
1649413080098332881,-0.130004882812,-0.157775878906,0.378967285156,0.902526855469,424.0,-2517.0,7439.0,15.0,-33.0,8.0,
1649413080103003501,-0.128540039062,-0.158935546875,0.379821777344,0.902160644531,542.0,-2564.0,7380.0,14.0,-32.0,8.0,
1649413080107515096,-0.127075195312,-0.16015625,0.380737304688,0.901794433594,625.0,-2704.0,7330.0,15.0,-31.0,8.0,
1649413080112177610,-0.125549316406,-0.161193847656,0.381652832031,0.901428222656,720.0,-2867.0,7250.0,19.0,-30.0,8.0,
1649413080117067098,-0.123840332031,-0.162109375,0.382568359375,0.901062011719,830.0,-3010.0,7176.0,25.0,-29.0,8.0,
1649413080125137567,-0.121765136719,-0.162841796875,0.383605957031,0.900817871094,946.0,-3134.0,7126.0,32.0,-28.0,8.0,
1649413080130385398,-0.119323730469,-0.163452148438,0.384704589844,0.900573730469,1027.0,-3245.0,7125.0,39.0,-27.0,8.0,
1649413080135106325,-0.116577148438,-0.163757324219,0.385803222656,0.900390625,1068.0,-3344.0,7137.0,45.0,-26.0,8.0,
1649413080139744758,-0.113586425781,-0.163940429688,0.386962890625,0.900207519531,1048.0,-3417.0,7192.0,50.0,-26.0,7.0,
1649413080144605636,-0.110412597656,-0.164001464844,0.388122558594,0.900146484375,974.0,-3371.0,7288.0,53.0,-27.0,7.0,
1649413080149141788,-0.106994628906,-0.163940429688,0.389343261719,0.900024414062,877.0,-3231.0,7410.0,54.0,-28.0,7.0,
1649413080154112100,-0.103637695312,-0.163940429688,0.390502929688,0.89990234375,773.0,-3076.0,7543.0,51.0,-30.0,7.0,
1649413080158990859,-0.100463867188,-0.164123535156,0.391540527344,0.899780273438,675.0,-2948.0,7667.0,46.0,-31.0,5.0,
1649413080163800716,-0.0975952148438,-0.164489746094,0.392456054688,0.899658203125,586.0,-2869.0,7795.0,39.0,-33.0,4.0,
1649413080168208360,-0.0950927734375,-0.165100097656,0.393249511719,0.899475097656,528.0,-2809.0,7885.0,33.0,-34.0,2.0,
1649413080173222303,-0.0927734375,-0.165893554688,0.393920898438,0.899230957031,488.0,-2762.0,7954.0,29.0,-35.0,2.0,
1649413080177281618,-0.0906372070312,-0.166870117188,0.39453125,0.898986816406,488.0,-2726.0,7961.0,26.0,-37.0,1.0,
1649413080184421777,-0.0885009765625,-0.16796875,0.395141601562,0.898742675781,503.0,-2753.0,7954.0,25.0,-38.0,0.0,
1649413080191142559,-0.0863647460938,-0.169189453125,0.395629882812,0.898498535156,528.0,-2822.0,7934.0,26.0,-38.0,-1.0,
1649413080192884683,-0.0840454101562,-0.170349121094,0.396179199219,0.898254394531,560.0,-2887.0,7897.0,30.0,-39.0,-1.0,
1649413080198879480,-0.08154296875,-0.17138671875,0.396728515625,0.898071289062,596.0,-2931.0,7828.0,34.0,-39.0,-1.0,
1649413080201904296,-0.0786743164062,-0.17236328125,0.3974609375,0.897827148438,630.0,-2952.0,7756.0,40.0,-39.0,0.0,
1649413080208608150,-0.075439453125,-0.173217773438,0.398193359375,0.897583007812,686.0,-2977.0,7695.0,46.0,-40.0,0.0,
1649413080214267253,-0.0718994140625,-0.173950195312,0.399047851562,0.897399902344,723.0,-2993.0,7639.0,52.0,-39.0,0.0,
1649413080217920064,-0.0680541992188,-0.174438476562,0.399841308594,0.897216796875,763.0,-3012.0,7610.0,59.0,-39.0,-1.0,
1649413080261565446,-0.0639038085938,-0.174865722656,0.400634765625,0.897094726562,804.0,-3038.0,7583.0,64.0,-39.0,-2.0,
1649413080262467145,-0.0595703125,-0.175170898438,0.401428222656,0.89697265625,866.0,-3069.0,7574.0,67.0,-38.0,-3.0,
1649413080263053417,-0.05517578125,-0.175415039062,0.402221679688,0.896850585938,953.0,-3093.0,7583.0,70.0,-38.0,-4.0,
1649413080263637781,-0.0505981445312,-0.175659179688,0.402893066406,0.896728515625,1050.0,-3094.0,7601.0,71.0,-38.0,-5.0,
1649413080264443874,-0.0460815429688,-0.175964355469,0.403503417969,0.896667480469,1135.0,-3060.0,7622.0,71.0,-38.0,-6.0,
1649413080264968633,-0.04150390625,-0.176208496094,0.404113769531,0.896606445312,1231.0,-3006.0,7642.0,70.0,-37.0,-7.0,
1649413080265513181,-0.0370483398438,-0.176452636719,0.404541015625,0.896545410156,1337.0,-2963.0,7660.0,68.0,-37.0,-8.0,
1649413080266588926,-0.0326538085938,-0.176818847656,0.404907226562,0.896484375,1442.0,-2930.0,7671.0,66.0,-36.0,-10.0,
1649413080267144441,-0.0283813476562,-0.177185058594,0.405090332031,0.896484375,1525.0,-2888.0,7668.0,64.0,-36.0,-12.0,
1649413080268615484,-0.0242309570312,-0.177551269531,0.405090332031,0.896484375,1602.0,-2881.0,7667.0,62.0,-35.0,-14.0,
1649413080273181438,-0.0202026367188,-0.177978515625,0.405029296875,0.896545410156,1663.0,-2906.0,7650.0,61.0,-34.0,-16.0,
1649413080277230739,-0.0162963867188,-0.178344726562,0.404846191406,0.896606445312,1691.0,-2926.0,7627.0,60.0,-34.0,-17.0,
1649413080296391487,-0.0123901367188,-0.178649902344,0.404602050781,0.896728515625,1711.0,-2903.0,7588.0,60.0,-33.0,-19.0,
1649413080298007011,-0.00836181640625,-0.178894042969,0.404296875,0.896850585938,1738.0,-2844.0,7538.0,61.0,-33.0,-20.0,
1649413080300132513,-0.00433349609375,-0.179077148438,0.403930664062,0.897033691406,1769.0,-2760.0,7483.0,61.0,-32.0,-21.0,
1649413080301594734,-0.000244140625,-0.179260253906,0.403503417969,0.897216796875,1779.0,-2682.0,7428.0,61.0,-31.0,-23.0,
1649413080302441835,0.00384521484375,-0.179321289062,0.40283203125,0.8974609375,1793.0,-2632.0,7374.0,62.0,-30.0,-25.0,
1649413080307330608,0.0079345703125,-0.179382324219,0.402099609375,0.897766113281,1818.0,-2595.0,7339.0,62.0,-29.0,-27.0,
1649413080313724756,0.0120239257812,-0.179321289062,0.401306152344,0.898071289062,1864.0,-2568.0,7324.0,63.0,-28.0,-29.0,
1649413080319974422,0.0162353515625,-0.179260253906,0.400390625,0.8984375,1945.0,-2541.0,7316.0,65.0,-27.0,-31.0,
1649413080323098659,0.0206298828125,-0.179016113281,0.3994140625,0.898864746094,2027.0,-2496.0,7301.0,68.0,-26.0,-33.0,
1649413080332604169,0.0252075195312,-0.178649902344,0.398376464844,0.899291992188,2113.0,-2432.0,7285.0,71.0,-25.0,-34.0,
1649413080334188461,0.0299682617188,-0.178161621094,0.397216796875,0.899719238281,2190.0,-2360.0,7260.0,75.0,-23.0,-36.0,
1649413080338672161,0.034912109375,-0.177490234375,0.39599609375,0.900207519531,2243.0,-2282.0,7248.0,77.0,-22.0,-38.0,
1649413080345248699,0.0399780273438,-0.176696777344,0.394714355469,0.900756835938,2275.0,-2172.0,7232.0,80.0,-21.0,-40.0,
1649413080348885536,0.045166015625,-0.17578125,0.393249511719,0.901306152344,2272.0,-2050.0,7216.0,81.0,-20.0,-42.0,
1649413080352805376,0.05029296875,-0.174743652344,0.391723632812,0.901916503906,2235.0,-1909.0,7195.0,81.0,-19.0,-44.0,
1649413080359061002,0.055419921875,-0.173645019531,0.390075683594,0.902526855469,2181.0,-1735.0,7186.0,79.0,-19.0,-46.0,
1649413080362061262,0.0603637695312,-0.172485351562,0.388305664062,0.903198242188,2141.0,-1547.0,7173.0,76.0,-18.0,-47.0,
1649413080368706703,0.065185546875,-0.171447753906,0.386352539062,0.903869628906,2126.0,-1350.0,7165.0,73.0,-18.0,-49.0,
1649413080373983383,0.0697631835938,-0.17041015625,0.38427734375,0.904663085938,2140.0,-1151.0,7169.0,68.0,-17.0,-51.0,
1649413080382660150,0.0740966796875,-0.16943359375,0.382019042969,0.905456542969,2157.0,-963.0,7176.0,63.0,-16.0,-52.0,
1649413080383086442,0.078125,-0.168579101562,0.379577636719,0.90625,2194.0,-785.0,7171.0,58.0,-15.0,-54.0,
1649413080387265443,0.0819702148438,-0.167785644531,0.377014160156,0.907165527344,2246.0,-623.0,7159.0,53.0,-15.0,-55.0,
1649413080392691612,0.0856323242188,-0.167053222656,0.374328613281,0.908081054688,2313.0,-483.0,7146.0,49.0,-14.0,-57.0,
1649413080398644447,0.0889892578125,-0.166381835938,0.371520996094,0.908996582031,2385.0,-354.0,7109.0,45.0,-13.0,-58.0,
1649413080403208971,0.0921630859375,-0.165771484375,0.368591308594,0.909973144531,2457.0,-237.0,7051.0,41.0,-13.0,-60.0,
1649413080416189193,0.09521484375,-0.165222167969,0.365478515625,0.911010742188,2540.0,-131.0,6961.0,38.0,-12.0,-62.0,
1649413080421364068,0.0980834960938,-0.164733886719,0.362243652344,0.912109375,2625.0,-46.0,6852.0,35.0,-10.0,-64.0,
1649413080426746606,0.100769042969,-0.164184570312,0.358825683594,0.913269042969,2699.0,9.0,6731.0,33.0,-9.0,-66.0,
1649413080427513122,0.103332519531,-0.163635253906,0.355285644531,0.914489746094,2743.0,40.0,6613.0,30.0,-8.0,-69.0,
1649413080427775859,0.105651855469,-0.1630859375,0.351501464844,0.915771484375,2754.0,63.0,6509.0,26.0,-7.0,-72.0,
1649413080432604312,0.107849121094,-0.162536621094,0.347595214844,0.917114257812,2720.0,84.0,6434.0,23.0,-6.0,-74.0,
1649413080438972711,0.109802246094,-0.161987304688,0.343566894531,0.91845703125,2670.0,97.0,6376.0,20.0,-6.0,-76.0,
1649413080444052457,0.111633300781,-0.161376953125,0.33935546875,0.919921875,2606.0,104.0,6339.0,18.0,-6.0,-78.0,
1649413080448140382,0.113342285156,-0.160766601562,0.335021972656,0.921447753906,2540.0,106.0,6312.0,16.0,-5.0,-81.0,
1649413080453697443,0.114868164062,-0.160095214844,0.330505371094,0.922973632812,2459.0,105.0,6288.0,14.0,-5.0,-83.0,
1649413080457605600,0.116394042969,-0.159423828125,0.325866699219,0.924560546875,2383.0,112.0,6268.0,13.0,-4.0,-85.0,
1649413080466463565,0.117858886719,-0.15869140625,0.321044921875,0.926147460938,2306.0,131.0,6226.0,12.0,-4.0,-87.0,
1649413080469241857,0.119323730469,-0.157897949219,0.316223144531,0.927795410156,2250.0,158.0,6188.0,13.0,-4.0,-89.0,
1649413080475982189,0.120971679688,-0.157104492188,0.311279296875,0.929382324219,2218.0,194.0,6130.0,14.0,-4.0,-90.0,
1649413080481947422,0.122680664062,-0.15625,0.306274414062,0.930969238281,2203.0,225.0,6068.0,16.0,-3.0,-91.0,
1649413080483355998,0.124633789062,-0.155334472656,0.30126953125,0.932495117188,2195.0,264.0,6001.0,19.0,-3.0,-92.0,
1649413080491189002,0.126708984375,-0.154357910156,0.296142578125,0.934020996094,2184.0,318.0,5899.0,21.0,-3.0,-94.0,
1649413080507456302,0.128967285156,-0.1533203125,0.291015625,0.935485839844,2158.0,399.0,5801.0,24.0,-2.0,-95.0,
1649413080508010149,0.13134765625,-0.152160644531,0.285766601562,0.936950683594,2120.0,507.0,5693.0,26.0,-2.0,-96.0,
1649413080508464574,0.133972167969,-0.150939941406,0.280456542969,0.938354492188,2068.0,633.0,5586.0,28.0,-2.0,-97.0,
1649413080509067296,0.136657714844,-0.149597167969,0.275085449219,0.939758300781,2010.0,747.0,5480.0,29.0,-2.0,-99.0,
1649413080512684106,0.139465332031,-0.148193359375,0.269592285156,0.941162109375,1975.0,819.0,5353.0,31.0,-1.0,-101.0,
1649413080518523216,0.142517089844,-0.146667480469,0.263977050781,0.942565917969,1976.0,824.0,5198.0,35.0,0.0,-103.0,
1649413080523368358,0.145690917969,-0.14501953125,0.25830078125,0.943908691406,1999.0,779.0,5019.0,39.0,2.0,-106.0,
1649413080534958362,0.149047851562,-0.143249511719,0.252563476562,0.945190429688,2048.0,706.0,4821.0,44.0,4.0,-108.0,
1649413080536836862,0.152648925781,-0.141357421875,0.246826171875,0.946411132812,2103.0,630.0,4626.0,48.0,6.0,-110.0,
1649413080543735265,0.160522460938,-0.13720703125,0.235229492188,0.948669433594,2200.0,484.0,4286.0,58.0,9.0,-111.0,
1649413080550008296,0.164733886719,-0.134887695312,0.229431152344,0.94970703125,2218.0,462.0,4113.0,61.0,10.0,-112.0,
1649413080554735898,0.169189453125,-0.132446289062,0.223571777344,0.95068359375,2204.0,492.0,3958.0,64.0,12.0,-113.0,
1649413080559120893,0.173706054688,-0.129760742188,0.217712402344,0.951599121094,2155.0,588.0,3828.0,65.0,13.0,-114.0,
1649413080563965082,0.178344726562,-0.127014160156,0.211730957031,0.952453613281,2082.0,748.0,3723.0,66.0,13.0,-115.0,
1649413080583978652,0.18310546875,-0.124206542969,0.205749511719,0.953247070312,1992.0,952.0,3655.0,66.0,13.0,-115.0,
1649413080584698200,0.187866210938,-0.121337890625,0.199584960938,0.953979492188,1895.0,1169.0,3602.0,65.0,13.0,-116.0,
1649413080585760593,0.192565917969,-0.118469238281,0.193298339844,0.954711914062,1804.0,1379.0,3577.0,63.0,12.0,-118.0,
1649413080586580753,0.197143554688,-0.115600585938,0.186889648438,0.955383300781,1725.0,1598.0,3565.0,61.0,12.0,-120.0,
1649413080587890148,0.20166015625,-0.112731933594,0.180358886719,0.9560546875,1658.0,1816.0,3559.0,59.0,11.0,-121.0,
1649413080593954563,0.205932617188,-0.109924316406,0.173645019531,0.956726074219,1607.0,2035.0,3555.0,55.0,11.0,-123.0,
1649413080600907802,0.210083007812,-0.107116699219,0.166870117188,0.957336425781,1577.0,2246.0,3543.0,52.0,10.0,-124.0,
1649413080603060245,0.214050292969,-0.104370117188,0.160034179688,0.957946777344,1569.0,2428.0,3531.0,48.0,11.0,-125.0,
1649413080607594490,0.217834472656,-0.101623535156,0.153015136719,0.95849609375,1575.0,2584.0,3523.0,45.0,11.0,-126.0,
1649413080612180233,0.221374511719,-0.0988159179688,0.14599609375,0.959106445312,1594.0,2703.0,3514.0,43.0,12.0,-128.0,
1649413080616849422,0.224914550781,-0.095947265625,0.138916015625,0.959594726562,1623.0,2776.0,3501.0,42.0,14.0,-129.0,
1649413080623600244,0.228454589844,-0.0928955078125,0.131774902344,0.960083007812,1683.0,2769.0,3449.0,44.0,16.0,-130.0,
1649413080628123760,0.232299804688,-0.0897827148438,0.124633789062,0.960388183594,1783.0,2708.0,3324.0,50.0,19.0,-131.0,
1649413080633042335,0.236389160156,-0.08642578125,0.117614746094,0.960571289062,1881.0,2590.0,3169.0,56.0,23.0,-132.0,
1649413080639617443,0.240783691406,-0.0828247070312,0.110656738281,0.960632324219,1954.0,2449.0,3012.0,63.0,27.0,-133.0,
1649413080645479917,0.245544433594,-0.0790405273438,0.103759765625,0.960510253906,1977.0,2320.0,2893.0,71.0,30.0,-133.0,
1649413080659878969,0.250854492188,-0.0750122070312,0.0969848632812,0.960205078125,1960.0,2236.0,2785.0,80.0,32.0,-132.0,
1649413080660576343,0.256591796875,-0.07080078125,0.09033203125,0.959655761719,1894.0,2212.0,2700.0,89.0,34.0,-131.0,
1649413080661139488,0.262878417969,-0.0662841796875,0.0836791992188,0.958862304688,1786.0,2277.0,2649.0,98.0,35.0,-131.0,
1649413080673877477,0.269592285156,-0.0616455078125,0.0770263671875,0.957885742188,1648.0,2432.0,2638.0,105.0,36.0,-131.0,
1649413080675029993,0.276672363281,-0.056884765625,0.0703735351562,0.956665039062,1497.0,2649.0,2664.0,110.0,36.0,-132.0,
1649413080694607257,0.283996582031,-0.052001953125,0.0635986328125,0.955261230469,1331.0,2924.0,2714.0,113.0,36.0,-133.0,
1649413080696160793,0.29150390625,-0.0470581054688,0.0567626953125,0.953674316406,1185.0,3241.0,2791.0,115.0,36.0,-134.0,
1649413080696573495,0.298950195312,-0.0421142578125,0.0498657226562,0.951965332031,1050.0,3575.0,2897.0,115.0,35.0,-135.0,
1649413080697247743,0.306335449219,-0.0371704101562,0.0428466796875,0.9501953125,936.0,3891.0,2994.0,114.0,35.0,-136.0,
1649413080698180675,0.313659667969,-0.0322265625,0.0357055664062,0.948303222656,837.0,4157.0,3109.0,112.0,34.0,-138.0,
1649413080700674772,0.32080078125,-0.0272827148438,0.0285034179688,0.9462890625,768.0,4356.0,3224.0,111.0,34.0,-140.0,
1649413080703981637,0.327941894531,-0.0223999023438,0.0211791992188,0.944152832031,724.0,4475.0,3321.0,113.0,33.0,-141.0,
1649413080707414388,0.335083007812,-0.0174560546875,0.0138549804688,0.94189453125,677.0,4532.0,3401.0,115.0,34.0,-142.0,
1649413080712172746,0.342407226562,-0.012451171875,0.00653076171875,0.939392089844,623.0,4555.0,3476.0,120.0,34.0,-142.0,
1649413080718776941,0.350036621094,-0.00750732421875,-0.00067138671875,0.936645507812,557.0,4590.0,3523.0,127.0,35.0,-142.0,
1649413080723502874,0.358093261719,-0.0025634765625,-0.00787353515625,0.93359375,484.0,4652.0,3538.0,135.0,34.0,-141.0,
1649413080727853775,0.366455078125,0.00238037109375,-0.0150146484375,0.930236816406,394.0,4749.0,3542.0,142.0,34.0,-140.0,
1649413080732170343,0.375,0.00738525390625,-0.022216796875,0.926696777344,280.0,4884.0,3488.0,145.0,34.0,-140.0,
1649413080737016201,0.383666992188,0.0123901367188,-0.0294189453125,0.9228515625,137.0,5067.0,3404.0,146.0,34.0,-141.0,
1649413080743694067,0.392395019531,0.0173950195312,-0.0366821289062,0.918884277344,-1.0,5309.0,3272.0,147.0,34.0,-141.0,
1649413080748465299,0.401062011719,0.0223999023438,-0.0440063476562,0.914672851562,-134.0,5599.0,3095.0,146.0,33.0,-142.0,
1649413080754163980,0.409545898438,0.02734375,-0.05126953125,0.910400390625,-269.0,5948.0,2925.0,141.0,32.0,-142.0,
1649413080757728815,0.417541503906,0.0322265625,-0.05859375,0.906127929688,-427.0,6363.0,2784.0,133.0,30.0,-142.0,
1649413080762516498,0.425048828125,0.0370483398438,-0.06591796875,0.901977539062,-622.0,6839.0,2699.0,122.0,28.0,-142.0,
1649413080769954919,0.431823730469,0.0418090820312,-0.0732421875,0.89794921875,-855.0,7357.0,2683.0,110.0,26.0,-142.0,
1649413080784349679,0.437744140625,0.0465698242188,-0.0806274414062,0.894226074219,-1116.0,7869.0,2736.0,96.0,23.0,-142.0,
1649413080784965276,0.44287109375,0.05126953125,-0.0879516601562,0.890747070312,-1392.0,8330.0,2874.0,83.0,21.0,-141.0,
1649413080785309791,0.447265625,0.0558471679688,-0.09521484375,0.887512207031,-1676.0,8701.0,3066.0,72.0,19.0,-140.0,
1649413080789380311,0.451049804688,0.0604248046875,-0.102478027344,0.884521484375,-1951.0,8962.0,3296.0,64.0,17.0,-139.0,
1649413080796209573,0.454406738281,0.0648803710938,-0.109680175781,0.881591796875,-2181.0,9100.0,3562.0,60.0,15.0,-136.0,
1649413080799014568,0.457641601562,0.069091796875,-0.116760253906,0.878662109375,-2358.0,9127.0,3834.0,61.0,13.0,-134.0,
1649413080803468704,0.460876464844,0.0731811523438,-0.123718261719,0.875732421875,-2491.0,9038.0,4088.0,63.0,12.0,-131.0,
1649413080807904005,0.464233398438,0.0770263671875,-0.130554199219,0.872619628906,-2570.0,8841.0,4299.0,70.0,12.0,-129.0,
1649413080812427282,0.468017578125,0.080810546875,-0.137329101562,0.869201660156,-2589.0,8556.0,4387.0,80.0,13.0,-127.0,
1649413080818372249,0.472473144531,0.0844116210938,-0.14404296875,0.865356445312,-2568.0,8201.0,4349.0,93.0,14.0,-126.0,
1649413080828233957,0.477661132812,0.0880126953125,-0.150634765625,0.861022949219,-2546.0,7839.0,4227.0,106.0,17.0,-124.0,
1649413080828521013,0.483459472656,0.0914916992188,-0.157165527344,0.856262207031,-2532.0,7553.0,4013.0,118.0,18.0,-122.0,
1649413080832486867,0.489868164062,0.0949096679688,-0.163513183594,0.851013183594,-2562.0,7403.0,3736.0,129.0,20.0,-121.0,
1649413080836929798,0.496887207031,0.0982666015625,-0.169799804688,0.845336914062,-2641.0,7432.0,3443.0,138.0,21.0,-119.0,
1649413080841920614,0.504211425781,0.101440429688,-0.176025390625,0.839294433594,-2750.0,7656.0,3166.0,143.0,20.0,-118.0,
1649413080848351240,0.511657714844,0.104553222656,-0.18212890625,0.833068847656,-2883.0,8060.0,2923.0,143.0,20.0,-117.0,
1649413080853108406,0.518859863281,0.107604980469,-0.188110351562,0.826904296875,-3030.0,8574.0,2755.0,138.0,18.0,-117.0,
1649413080857801437,0.525451660156,0.110534667969,-0.193969726562,0.820983886719,-3208.0,9129.0,2677.0,127.0,17.0,-116.0,
1649413080862507104,0.53125,0.113525390625,-0.199768066406,0.8154296875,-3390.0,9659.0,2673.0,114.0,15.0,-116.0,
1649413080866894006,0.5361328125,0.116516113281,-0.205505371094,0.810363769531,-3578.0,10122.0,2719.0,98.0,12.0,-116.0,
1649413080873904943,0.5400390625,0.119567871094,-0.211181640625,0.805847167969,-3772.0,10505.0,2810.0,81.0,10.0,-115.0,
1649413080878255844,0.54296875,0.122680664062,-0.216735839844,0.801940917969,-3952.0,10809.0,2928.0,65.0,7.0,-114.0,
1649413080882874250,0.545104980469,0.125793457031,-0.22216796875,0.798522949219,-4124.0,11031.0,3059.0,51.0,5.0,-113.0,
1649413080890421152,0.546569824219,0.128845214844,-0.227478027344,0.795532226562,-4271.0,11180.0,3179.0,39.0,2.0,-110.0,
1649413080892136096,0.547485351562,0.131774902344,-0.232727050781,0.792907714844,-4392.0,11262.0,3293.0,30.0,0.0,-108.0,
1649413080896897554,0.548034667969,0.134582519531,-0.237731933594,0.79052734375,-4492.0,11266.0,3407.0,24.0,-2.0,-104.0,
1649413080903733968,0.54833984375,0.137268066406,-0.24267578125,0.788391113281,-4571.0,11177.0,3510.0,20.0,-4.0,-101.0,
1649413080908917188,0.548583984375,0.139770507812,-0.247436523438,0.786315917969,-4619.0,10987.0,3589.0,19.0,-4.0,-97.0,
1649413080913212299,0.548767089844,0.142211914062,-0.252014160156,0.784240722656,-4636.0,10712.0,3645.0,20.0,-4.0,-94.0,
1649413080917962551,0.549133300781,0.144592285156,-0.256530761719,0.782043457031,-4651.0,10395.0,3659.0,23.0,-3.0,-91.0,
1649413080924292325,0.549743652344,0.146911621094,-0.260925292969,0.779724121094,-4659.0,10051.0,3631.0,28.0,-2.0,-89.0,
1649413080926890611,0.55078125,0.149169921875,-0.265258789062,0.777160644531,-4653.0,9713.0,3541.0,36.0,1.0,-87.0,
1649413080934175252,0.55224609375,0.1513671875,-0.269409179688,0.774230957031,-4666.0,9401.0,3416.0,44.0,4.0,-85.0,
1649413080938872337,0.554138183594,0.153564453125,-0.273498535156,0.771057128906,-4721.0,9169.0,3291.0,50.0,6.0,-83.0,
1649413080944329261,0.556213378906,0.155700683594,-0.277404785156,0.767700195312,-4818.0,9062.0,3175.0,55.0,8.0,-81.0,
1649413080949624300,0.558532714844,0.157775878906,-0.281127929688,0.764221191406,-4949.0,9101.0,3081.0,57.0,9.0,-78.0,
1649413080954477548,0.560974121094,0.159729003906,-0.28466796875,0.7607421875,-5091.0,9267.0,3026.0,58.0,10.0,-76.0,
1649413080961694240,0.563293457031,0.161499023438,-0.287963867188,0.757385253906,-5232.0,9512.0,3005.0,55.0,10.0,-73.0,
1649413080964444875,0.565368652344,0.163208007812,-0.291137695312,0.754272460938,-5368.0,9786.0,3009.0,49.0,9.0,-71.0,
1649413080968123912,0.567077636719,0.164916992188,-0.294067382812,0.75146484375,-5482.0,10028.0,3049.0,42.0,8.0,-68.0,
1649413080972731351,0.568359375,0.166564941406,-0.296813964844,0.7490234375,-5570.0,10194.0,3073.0,34.0,7.0,-66.0,
1649413080977121591,0.569274902344,0.168212890625,-0.299377441406,0.746948242188,-5623.0,10267.0,3075.0,26.0,6.0,-63.0,
1649413080985874652,0.569885253906,0.169860839844,-0.3017578125,0.7451171875,-5640.0,10257.0,3066.0,18.0,6.0,-60.0,
1649413080988242149,0.570190429688,0.171569824219,-0.304016113281,0.74365234375,-5627.0,10183.0,3018.0,12.0,6.0,-57.0,
1649413080992701292,0.570251464844,0.173278808594,-0.306030273438,0.742309570312,-5585.0,10059.0,2945.0,7.0,6.0,-54.0,
1649413080997524261,0.570251464844,0.175048828125,-0.307800292969,0.7412109375,-5557.0,9907.0,2875.0,3.0,7.0,-51.0,
1649413081002228498,0.570068359375,0.176818847656,-0.309448242188,0.740234375,-5542.0,9744.0,2831.0,-1.0,8.0,-49.0,
1649413081009365797,0.569702148438,0.178588867188,-0.310913085938,0.739440917969,-5545.0,9598.0,2809.0,-4.0,8.0,-46.0,
1649413081013497591,0.569274902344,0.180419921875,-0.312255859375,0.73876953125,-5552.0,9467.0,2793.0,-7.0,9.0,-43.0,
1649413081018134832,0.56884765625,0.18212890625,-0.313354492188,0.738220214844,-5572.0,9335.0,2786.0,-9.0,10.0,-40.0,
1649413081027468442,0.568237304688,0.183959960938,-0.314331054688,0.73779296875,-5605.0,9193.0,2782.0,-11.0,11.0,-38.0,
1649413081027788639,0.567626953125,0.185729980469,-0.315124511719,0.737487792969,-5643.0,9025.0,2792.0,-13.0,12.0,-35.0,
1649413081033757209,0.566955566406,0.187561035156,-0.315856933594,0.737243652344,-5698.0,8846.0,2795.0,-15.0,13.0,-33.0,
1649413081038070678,0.566223144531,0.189392089844,-0.31640625,0.737121582031,-5761.0,8690.0,2808.0,-17.0,13.0,-30.0,
1649413081042971134,0.5654296875,0.191162109375,-0.31689453125,0.737060546875,-5828.0,8583.0,2791.0,-19.0,13.0,-28.0,
1649413081050281763,0.564575195312,0.192993164062,-0.317138671875,0.737182617188,-5886.0,8535.0,2759.0,-22.0,13.0,-25.0,
1649413081054518938,0.563598632812,0.194641113281,-0.317199707031,0.737365722656,-5934.0,8532.0,2717.0,-25.0,13.0,-22.0,
1649413081058987855,0.562561035156,0.196350097656,-0.317077636719,0.73779296875,-5965.0,8567.0,2689.0,-29.0,13.0,-20.0,
1649413081064491510,0.561218261719,0.198059082031,-0.316772460938,0.738525390625,-5987.0,8615.0,2684.0,-36.0,13.0,-18.0,
1649413081069002866,0.5595703125,0.199829101562,-0.316284179688,0.739501953125,-5998.0,8619.0,2682.0,-43.0,13.0,-17.0,
1649413081075721263,0.557678222656,0.20166015625,-0.315673828125,0.74072265625,-6008.0,8552.0,2708.0,-49.0,14.0,-15.0,
1649413081081149339,0.555480957031,0.203552246094,-0.31494140625,0.742126464844,-5995.0,8404.0,2745.0,-53.0,14.0,-14.0,
1649413081083950519,0.553100585938,0.20556640625,-0.314208984375,0.74365234375,-5974.0,8190.0,2786.0,-58.0,13.0,-13.0,
1649413081088686227,0.550415039062,0.207580566406,-0.313415527344,0.745422363281,-5969.0,7928.0,2837.0,-62.0,13.0,-11.0,
1649413081093116521,0.547668457031,0.209716796875,-0.312561035156,0.747192382812,-5994.0,7639.0,2891.0,-63.0,13.0,-10.0,
1649413081099148035,0.544921875,0.211791992188,-0.311828613281,0.748962402344,-6045.0,7353.0,2976.0,-62.0,12.0,-10.0,
1649413081107550859,0.542236328125,0.213684082031,-0.311157226562,0.750610351562,-6057.0,7102.0,3084.0,-58.0,11.0,-8.0,
1649413081108394861,0.539733886719,0.215454101562,-0.310485839844,0.752197265625,-6017.0,6905.0,3192.0,-53.0,10.0,-7.0,
1649413081113662481,0.537475585938,0.217102050781,-0.309814453125,0.753601074219,-5996.0,6799.0,3297.0,-50.0,11.0,-7.0,
1649413081118284463,0.535339355469,0.218627929688,-0.30908203125,0.755004882812,-5982.0,6751.0,3375.0,-47.0,12.0,-6.0,
1649413081122901439,0.533325195312,0.220153808594,-0.308166503906,0.75634765625,-5954.0,6730.0,3409.0,-46.0,12.0,-4.0,
1649413081127547502,0.53125,0.221618652344,-0.307189941406,0.757751464844,-5917.0,6700.0,3407.0,-48.0,13.0,-3.0,
1649413081132061719,0.529113769531,0.22314453125,-0.306091308594,0.75927734375,-5874.0,6633.0,3394.0,-52.0,13.0,-2.0,
1649413081136782407,0.526672363281,0.224853515625,-0.304870605469,0.760986328125,-5810.0,6521.0,3318.0,-58.0,14.0,-2.0,
1649413081145942687,0.523986816406,0.226684570312,-0.303466796875,0.762817382812,-5770.0,6431.0,3217.0,-64.0,15.0,-2.0,
1649413081153252124,0.521057128906,0.228698730469,-0.302001953125,0.764770507812,-5801.0,6446.0,3227.0,-71.0,15.0,-2.0,
1649413081156113862,0.517578125,0.230712890625,-0.300476074219,0.767150878906,-5852.0,6594.0,3260.0,-81.0,12.0,-1.0,
1649413081160349369,0.513488769531,0.232788085938,-0.298706054688,0.769958496094,-5902.0,6781.0,3242.0,-94.0,10.0,-1.0,
1649413081165137767,0.5087890625,0.235046386719,-0.296691894531,0.773193359375,-5974.0,6898.0,3278.0,-109.0,9.0,0.0,
1649413081170074939,0.503356933594,0.237487792969,-0.294494628906,0.776794433594,-5996.0,6886.0,3295.0,-122.0,8.0,0.0,
1649413081174426078,0.497314453125,0.240234375,-0.292236328125,0.780700683594,-5949.0,6768.0,3280.0,-133.0,8.0,-1.0,
1649413081180133581,0.490783691406,0.243225097656,-0.289855957031,0.784790039062,-5877.0,6609.0,3250.0,-142.0,9.0,-2.0,
1649413081183110952,0.483825683594,0.246337890625,-0.287353515625,0.789001464844,-5807.0,6482.0,3267.0,-150.0,9.0,-3.0,
1649413081187465906,0.476684570312,0.249389648438,-0.284851074219,0.793334960938,-5733.0,6405.0,3341.0,-153.0,8.0,-3.0,
1649413081192169189,0.469299316406,0.252319335938,-0.2822265625,0.797729492188,-5644.0,6350.0,3363.0,-156.0,7.0,-2.0,
1649413081201867818,0.461669921875,0.25537109375,-0.279479980469,0.802185058594,-5559.0,6333.0,3331.0,-162.0,7.0,-2.0,
1649413081203682661,0.453552246094,0.258544921875,-0.276428222656,0.806823730469,-5505.0,6337.0,3300.0,-173.0,7.0,-2.0,
1649413081208395719,0.444946289062,0.261840820312,-0.273254394531,0.811645507812,-5475.0,6270.0,3334.0,-183.0,6.0,-2.0,
1649413081212810277,0.435791015625,0.26513671875,-0.270141601562,0.816528320312,-5448.0,6061.0,3435.0,-190.0,4.0,-3.0,
1649413081217635393,0.426147460938,0.268615722656,-0.26708984375,0.821533203125,-5447.0,5744.0,3605.0,-194.0,4.0,-5.0,
1649413081221982955,0.416198730469,0.272033691406,-0.26416015625,0.826416015625,-5478.0,5363.0,3851.0,-194.0,3.0,-6.0,
