1645023205725727081,0.22412109375,-0.458679199219,-0.667419433594,0.542175292969,1877.0,7321.0,4271.0,-57.0,-6.0,13.0,
1645023205730263233,0.2216796875,-0.456787109375,-0.668518066406,0.543395996094,1879.0,7272.0,4345.0,-53.0,-5.0,13.0,
1645023205734865188,0.219360351562,-0.454956054688,-0.669616699219,0.544555664062,1967.0,7287.0,4204.0,-52.0,-5.0,12.0,
1645023205739531040,0.216918945312,-0.453186035156,-0.670715332031,0.545654296875,2065.0,7423.0,4048.0,-56.0,-5.0,12.0,
1645023205744358301,0.214477539062,-0.451477050781,-0.671630859375,0.546936035156,2051.0,7415.0,3973.0,-58.0,-4.0,15.0,
1645023205754527807,0.212219238281,-0.449523925781,-0.672668457031,0.548095703125,2023.0,7235.0,3962.0,-57.0,-2.0,13.0,
1645023205762755870,0.207946777344,-0.445617675781,-0.674926757812,0.550170898438,1950.0,6875.0,4157.0,-49.0,-3.0,8.0,
1645023205767531871,0.205871582031,-0.443908691406,-0.675964355469,0.551086425781,1931.0,6915.0,4204.0,-47.0,-5.0,10.0,
1645023205772021293,0.203796386719,-0.442260742188,-0.676879882812,0.551940917969,1950.0,6982.0,4237.0,-47.0,-6.0,10.0,
1645023205776518583,0.20166015625,-0.440612792969,-0.677978515625,0.552795410156,1954.0,7004.0,4287.0,-50.0,-6.0,9.0,
1645023205781017541,0.199401855469,-0.438659667969,-0.679138183594,0.5537109375,1953.0,6978.0,4332.0,-54.0,-5.0,8.0,
1645023205785594224,0.197082519531,-0.4365234375,-0.680480957031,0.554626464844,1928.0,6863.0,4395.0,-58.0,-5.0,7.0,
1645023205789919853,0.194641113281,-0.434143066406,-0.681884765625,0.555603027344,1879.0,6667.0,4475.0,-60.0,-4.0,7.0,
1645023205794402122,0.192138671875,-0.431701660156,-0.683288574219,0.556640625,1821.0,6472.0,4540.0,-61.0,-4.0,7.0,
1645023205801270008,0.189758300781,-0.429321289062,-0.684692382812,0.5576171875,1760.0,6321.0,4555.0,-59.0,-4.0,7.0,
1645023205806026697,0.187438964844,-0.427062988281,-0.68603515625,0.558471679688,1710.0,6211.0,4543.0,-56.0,-5.0,7.0,
1645023205810481309,0.185302734375,-0.424987792969,-0.687255859375,0.559265136719,1670.0,6100.0,4511.0,-53.0,-4.0,6.0,
1645023205815175056,0.183410644531,-0.423095703125,-0.688354492188,0.559936523438,1622.0,5973.0,4476.0,-48.0,-4.0,5.0,
1645023205819978713,0.181701660156,-0.421447753906,-0.689331054688,0.560607910156,1571.0,5848.0,4443.0,-42.0,-3.0,4.0,
1645023205826070785,0.180297851562,-0.419921875,-0.690124511719,0.561096191406,1529.0,5720.0,4403.0,-36.0,-2.0,4.0,
1645023205830734252,0.179138183594,-0.418701171875,-0.690856933594,0.561584472656,1492.0,5644.0,4348.0,-30.0,-2.0,3.0,
1645023205835332393,0.17822265625,-0.417663574219,-0.69140625,0.561950683594,1439.0,5663.0,4303.0,-25.0,-1.0,2.0,
1645023205839926242,0.177612304688,-0.416748046875,-0.69189453125,0.562194824219,1376.0,5785.0,4251.0,-22.0,0.0,1.0,
1645023205844660282,0.177124023438,-0.415954589844,-0.6923828125,0.562377929688,1310.0,5930.0,4201.0,-21.0,0.0,0.0,
1645023205849286794,0.1767578125,-0.415100097656,-0.69287109375,0.5625,1253.0,6023.0,4162.0,-21.0,2.0,-1.0,
1645023205861440420,0.17626953125,-0.413269042969,-0.69384765625,0.562805175781,1140.0,6143.0,4171.0,-19.0,4.0,-1.0,
1645023205866095066,0.176147460938,-0.412353515625,-0.694274902344,0.56298828125,1099.0,6173.0,4186.0,-17.0,5.0,-1.0,
1645023205870732784,0.176086425781,-0.411560058594,-0.694580078125,0.563232421875,1066.0,6187.0,4211.0,-15.0,5.0,0.0,
1645023205875319957,0.176208496094,-0.410888671875,-0.694763183594,0.563415527344,1032.0,6206.0,4233.0,-11.0,6.0,1.0,
1645023205879902362,0.176452636719,-0.410461425781,-0.694763183594,0.563659667969,1003.0,6228.0,4244.0,-6.0,6.0,2.0,
1645023205884111881,0.176818847656,-0.410217285156,-0.694641113281,0.563842773438,984.0,6236.0,4285.0,-1.0,6.0,2.0,
1645023205891043663,0.177307128906,-0.41015625,-0.694396972656,0.564025878906,981.0,6247.0,4346.0,3.0,6.0,3.0,
1645023205895875215,0.177917480469,-0.410217285156,-0.694091796875,0.564208984375,993.0,6272.0,4416.0,7.0,6.0,3.0,
1645023205900587797,0.178649902344,-0.410522460938,-0.693664550781,0.564331054688,1011.0,6352.0,4481.0,12.0,6.0,3.0,
1645023205905045509,0.179565429688,-0.410949707031,-0.693054199219,0.564453125,1048.0,6420.0,4530.0,16.0,6.0,4.0,
1645023205909703493,0.180603027344,-0.41162109375,-0.692321777344,0.564514160156,1106.0,6455.0,4551.0,19.0,7.0,4.0,
1645023205914366722,0.181701660156,-0.412353515625,-0.691467285156,0.564636230469,1175.0,6483.0,4549.0,23.0,7.0,4.0,
1645023205920027971,0.182983398438,-0.413269042969,-0.690612792969,0.564636230469,1265.0,6515.0,4513.0,26.0,8.0,3.0,
1645023205928159236,0.184326171875,-0.414367675781,-0.689636230469,0.564575195312,1371.0,6541.0,4444.0,29.0,8.0,2.0,
1645023205931164264,0.185791015625,-0.41552734375,-0.688598632812,0.564514160156,1476.0,6575.0,4389.0,30.0,9.0,2.0,
1645023205935667991,0.187316894531,-0.416687011719,-0.6875,0.564453125,1571.0,6610.0,4330.0,31.0,9.0,1.0,
1645023205940545797,0.188842773438,-0.417846679688,-0.6865234375,0.564331054688,1652.0,6634.0,4299.0,31.0,10.0,0.0,
1645023205945144891,0.1904296875,-0.4189453125,-0.685546875,0.564147949219,1716.0,6652.0,4314.0,31.0,10.0,-2.0,
1645023205949850559,0.191955566406,-0.419982910156,-0.684631347656,0.56396484375,1762.0,6701.0,4345.0,30.0,10.0,-3.0,
1645023205955046653,0.193420410156,-0.420959472656,-0.683837890625,0.563720703125,1807.0,6796.0,4384.0,29.0,9.0,-3.0,
1645023205960987806,0.194885253906,-0.421875,-0.683044433594,0.5634765625,1852.0,6926.0,4430.0,27.0,9.0,-4.0,
1645023205966167926,0.1962890625,-0.422668457031,-0.682373046875,0.563232421875,1899.0,7051.0,4489.0,25.0,9.0,-4.0,
1645023205971224308,0.197509765625,-0.42333984375,-0.681762695312,0.56298828125,1939.0,7193.0,4552.0,21.0,8.0,-4.0,
1645023205975755214,0.198608398438,-0.423767089844,-0.681335449219,0.562805175781,1993.0,7348.0,4578.0,16.0,8.0,-5.0,
1645023205980013847,0.199523925781,-0.424133300781,-0.680969238281,0.562683105469,2070.0,7474.0,4653.0,12.0,8.0,-5.0,
1645023205984864711,0.200317382812,-0.424255371094,-0.680725097656,0.562622070312,2195.0,7467.0,4619.0,8.0,9.0,-5.0,
1645023205989270210,0.200866699219,-0.424194335938,-0.680480957031,0.562744140625,2203.0,7546.0,4494.0,3.0,11.0,-5.0,
1645023205996366024,0.201599121094,-0.424072265625,-0.680297851562,0.562866210938,2163.0,7456.0,4384.0,0.0,12.0,-3.0,
1645023206001101493,0.202453613281,-0.423889160156,-0.680053710938,0.562927246094,2133.0,7151.0,4350.0,4.0,13.0,-4.0,
1645023206005814075,0.203552246094,-0.423950195312,-0.6796875,0.562927246094,2101.0,6919.0,4358.0,13.0,13.0,-7.0,
1645023206010666608,0.204956054688,-0.424438476562,-0.679138183594,0.562683105469,2080.0,6863.0,4408.0,24.0,11.0,-8.0,
1645023206015383481,0.206665039062,-0.425415039062,-0.678344726562,0.562255859375,2132.0,6798.0,4362.0,33.0,10.0,-8.0,
1645023206020385980,0.208618164062,-0.4267578125,-0.677307128906,0.561767578125,2156.0,6787.0,4322.0,40.0,11.0,-8.0,
1645023206024888277,0.210876464844,-0.428405761719,-0.676025390625,0.561279296875,2177.0,6731.0,4236.0,47.0,12.0,-7.0,
1645023206029243707,0.21337890625,-0.430358886719,-0.674499511719,0.560607910156,2169.0,6757.0,4182.0,56.0,13.0,-7.0,
1645023206036058425,0.216247558594,-0.432556152344,-0.6728515625,0.559875488281,2178.0,6942.0,4101.0,63.0,13.0,-8.0,
1645023206040920257,0.219360351562,-0.434997558594,-0.671020507812,0.558959960938,2278.0,7023.0,3874.0,66.0,13.0,-8.0,
1645023206045693397,0.222473144531,-0.4375,-0.669067382812,0.55810546875,2330.0,7072.0,3764.0,66.0,15.0,-9.0,
1645023206050446510,0.225646972656,-0.439880371094,-0.667114257812,0.557250976562,2343.0,7038.0,3747.0,67.0,17.0,-9.0,
1645023206055253505,0.229064941406,-0.442321777344,-0.665161132812,0.556335449219,2408.0,6733.0,3562.0,73.0,18.0,-11.0,
1645023206061618089,0.232604980469,-0.44482421875,-0.6630859375,0.555297851562,2343.0,6629.0,3546.0,77.0,19.0,-14.0,
1645023206066741943,0.236450195312,-0.447448730469,-0.660949707031,0.554138183594,2270.0,6672.0,3497.0,83.0,18.0,-14.0,
1645023206071250915,0.24072265625,-0.45068359375,-0.658325195312,0.552795410156,2285.0,6750.0,3492.0,95.0,18.0,-11.0,
1645023206075658321,0.244934082031,-0.454162597656,-0.655517578125,0.551452636719,2363.0,7009.0,3255.0,99.0,17.0,-10.0,
1645023206080472230,0.248718261719,-0.457275390625,-0.652954101562,0.550231933594,2356.0,7654.0,2974.0,83.0,17.0,-9.0,
1645023206084972143,0.252258300781,-0.460021972656,-0.650451660156,0.549255371094,2346.0,8074.0,2695.0,68.0,19.0,-4.0,
1645023206089911699,0.255737304688,-0.462280273438,-0.648010253906,0.548583984375,2308.0,7939.0,2601.0,62.0,24.0,-3.0,
1645023206094378948,0.259094238281,-0.463745117188,-0.646118164062,0.548034667969,2126.0,7758.0,2694.0,57.0,28.0,-11.0,
1645023206099148035,0.262573242188,-0.464721679688,-0.644714355469,0.547241210938,1945.0,7643.0,2799.0,54.0,27.0,-17.0,
1645023206106161355,0.266052246094,-0.465881347656,-0.643188476562,0.546325683594,1758.0,7611.0,3310.0,59.0,25.0,-17.0,
1645023206111058235,0.269348144531,-0.466918945312,-0.641723632812,0.545593261719,1763.0,7419.0,3145.0,63.0,23.0,-14.0,
1645023206115596771,0.272583007812,-0.46826171875,-0.639953613281,0.544860839844,1598.0,7571.0,3206.0,57.0,26.0,-13.0,
1645023206120871067,0.27587890625,-0.469665527344,-0.638061523438,0.544250488281,1549.0,7472.0,3246.0,60.0,24.0,-7.0,
1645023206124913454,0.279296875,-0.471496582031,-0.6357421875,0.543579101562,1486.0,7314.0,3751.0,72.0,24.0,-5.0,
1645023206130048751,0.282897949219,-0.473327636719,-0.633422851562,0.542846679688,1586.0,7081.0,3437.0,84.0,23.0,-7.0,
1645023206134220600,0.286865234375,-0.475891113281,-0.630615234375,0.541870117188,1482.0,7242.0,3466.0,85.0,26.0,-8.0,
1645023206141062974,0.291015625,-0.478576660156,-0.627563476562,0.540832519531,1500.0,7019.0,3451.0,94.0,24.0,-3.0,
1645023206146086454,0.29541015625,-0.481811523438,-0.623901367188,0.539733886719,1467.0,6627.0,3511.0,109.0,25.0,-1.0,
1645023206150799036,0.300415039062,-0.485534667969,-0.619873046875,0.538269042969,1345.0,6595.0,3696.0,128.0,25.0,-3.0,
1645023206156406164,0.305725097656,-0.489624023438,-0.615600585938,0.536499023438,1284.0,6901.0,3562.0,139.0,22.0,-2.0,
1645023206163310289,0.311218261719,-0.494506835938,-0.610778808594,0.534423828125,1384.0,7386.0,3163.0,145.0,20.0,3.0,
1645023206168596744,0.316589355469,-0.499694824219,-0.60546875,0.532409667969,1442.0,7907.0,3063.0,143.0,20.0,7.0,
1645023206173897266,0.321716308594,-0.504516601562,-0.600341796875,0.530639648438,1642.0,8337.0,2549.0,140.0,21.0,9.0,
1645023206177827119,0.326599121094,-0.509216308594,-0.59521484375,0.528991699219,1718.0,8801.0,2274.0,126.0,23.0,9.0,
1645023206182256221,0.330993652344,-0.513000488281,-0.590637207031,0.527648925781,1742.0,9014.0,2023.0,111.0,24.0,8.0,
1645023206186934471,0.335144042969,-0.516357421875,-0.58642578125,0.526489257812,1713.0,8813.0,2071.0,103.0,25.0,7.0,
1645023206191659212,0.339172363281,-0.519287109375,-0.582580566406,0.525268554688,1610.0,8475.0,2244.0,103.0,25.0,2.0,
1645023206196299791,0.343200683594,-0.521911621094,-0.5791015625,0.52392578125,1462.0,8399.0,2524.0,102.0,22.0,-3.0,
1645023206201017856,0.346923828125,-0.524353027344,-0.575988769531,0.5224609375,1359.0,8584.0,2774.0,98.0,17.0,-4.0,
1645023206205728769,0.350219726562,-0.526611328125,-0.573181152344,0.521118164062,1292.0,8867.0,2943.0,88.0,14.0,-2.0,
1645023206210449934,0.35302734375,-0.528442382812,-0.570739746094,0.519958496094,1263.0,9084.0,3029.0,74.0,12.0,-2.0,
1645023206215384244,0.355346679688,-0.529907226562,-0.568786621094,0.51904296875,1295.0,9187.0,2991.0,61.0,11.0,-3.0,
1645023206220027923,0.357421875,-0.531127929688,-0.567077636719,0.518249511719,1367.0,9334.0,3005.0,51.0,11.0,-4.0,
1645023206225035429,0.359069824219,-0.532043457031,-0.565734863281,0.517639160156,1523.0,9349.0,2724.0,42.0,9.0,-4.0,
1645023206229173660,0.3603515625,-0.532653808594,-0.564636230469,0.517333984375,1490.0,9338.0,2491.0,25.0,11.0,-6.0,
1645023206247280359,0.361572265625,-0.532836914062,-0.563842773438,0.517150878906,1414.0,9170.0,2379.0,18.0,13.0,-5.0,
1645023206248130083,0.36279296875,-0.533020019531,-0.563049316406,0.516967773438,1350.0,8742.0,2253.0,20.0,12.0,-5.0,
1645023206248465776,0.364196777344,-0.533264160156,-0.562133789062,0.516662597656,1246.0,8429.0,2171.0,25.0,12.0,-6.0,
1645023206262662172,0.36572265625,-0.533752441406,-0.561157226562,0.516235351562,1213.0,8346.0,2057.0,31.0,11.0,-6.0,
1645023206263524770,0.367309570312,-0.534423828125,-0.559997558594,0.515686035156,1257.0,8396.0,1909.0,33.0,10.0,-5.0,
1645023206263963460,0.368713378906,-0.535095214844,-0.558837890625,0.515197753906,1323.0,8495.0,1723.0,29.0,10.0,-5.0,
1645023206272279977,0.37109375,-0.53564453125,-0.557189941406,0.514709472656,1503.0,8727.0,1373.0,13.0,12.0,-7.0,
1645023206276886224,0.371887207031,-0.535461425781,-0.556823730469,0.514770507812,1585.0,8692.0,1190.0,4.0,13.0,-8.0,
1645023206281766891,0.37255859375,-0.534790039062,-0.556640625,0.51513671875,1583.0,8556.0,1053.0,-5.0,16.0,-8.0,
1645023206286190986,0.373107910156,-0.533935546875,-0.556579589844,0.515686035156,1517.0,8384.0,995.0,-10.0,18.0,-7.0,
1645023206291152954,0.373596191406,-0.532897949219,-0.556640625,0.516357421875,1431.0,8193.0,998.0,-12.0,18.0,-6.0,
1645023206295822858,0.3740234375,-0.531799316406,-0.556762695312,0.517028808594,1333.0,8057.0,1071.0,-13.0,18.0,-5.0,
1645023206300393581,0.374389648438,-0.530700683594,-0.556945800781,0.517700195312,1249.0,8033.0,1198.0,-12.0,17.0,-5.0,
1645023206305064678,0.374633789062,-0.529541015625,-0.557250976562,0.518432617188,1193.0,8121.0,1363.0,-13.0,15.0,-5.0,
1645023206309944152,0.374694824219,-0.528259277344,-0.5576171875,0.519226074219,1142.0,8255.0,1507.0,-17.0,15.0,-4.0,
1645023206315007925,0.374572753906,-0.526794433594,-0.558227539062,0.520141601562,1076.0,8414.0,1627.0,-22.0,15.0,-3.0,
1645023206320234060,0.374267578125,-0.525146484375,-0.558959960938,0.521240234375,1000.0,8551.0,1766.0,-29.0,15.0,-2.0,
1645023206326739549,0.373657226562,-0.523254394531,-0.559936523438,0.522521972656,933.0,8579.0,1884.0,-35.0,14.0,-1.0,
1645023206331210851,0.372863769531,-0.521179199219,-0.561096191406,0.52392578125,848.0,8541.0,2007.0,-42.0,14.0,-2.0,
1645023206335895299,0.371887207031,-0.518920898438,-0.5625,0.525390625,752.0,8447.0,2151.0,-46.0,13.0,-2.0,
1645023206340642452,0.370788574219,-0.516662597656,-0.56396484375,0.526794433594,685.0,8355.0,2181.0,-46.0,11.0,-2.0,
1645023206345992803,0.36962890625,-0.514465332031,-0.5654296875,0.528198242188,609.0,8261.0,2218.0,-49.0,10.0,-1.0,
1645023206350155115,0.3681640625,-0.512145996094,-0.567077636719,0.529724121094,548.0,8381.0,2211.0,-54.0,8.0,0.0,
1645023206354883670,0.366638183594,-0.509887695312,-0.568786621094,0.531127929688,496.0,8467.0,2241.0,-57.0,6.0,1.0,
1645023206359433412,0.364929199219,-0.507446289062,-0.570617675781,0.532653808594,472.0,8416.0,2292.0,-61.0,5.0,0.0,
1645023206365448951,0.363098144531,-0.504821777344,-0.57275390625,0.534118652344,439.0,8321.0,2387.0,-65.0,4.0,-3.0,
1645023206372036457,0.361083984375,-0.502075195312,-0.575073242188,0.535583496094,421.0,8221.0,2470.0,-68.0,2.0,-5.0,
1645023206377009868,0.358947753906,-0.499206542969,-0.577514648438,0.537048339844,389.0,8177.0,2523.0,-71.0,1.0,-5.0,
1645023206381566762,0.356567382812,-0.496215820312,-0.580200195312,0.538513183594,363.0,8196.0,2547.0,-78.0,-2.0,-5.0,
1645023206386044263,0.353698730469,-0.492919921875,-0.583251953125,0.540100097656,360.0,8239.0,2553.0,-88.0,-5.0,-5.0,
1645023206390700817,0.350463867188,-0.489318847656,-0.586730957031,0.541809082031,395.0,8233.0,2580.0,-101.0,-7.0,-7.0,
1645023206395256519,0.346801757812,-0.485290527344,-0.590515136719,0.543579101562,451.0,8093.0,2630.0,-111.0,-9.0,-9.0,
1645023206400030374,0.342834472656,-0.481018066406,-0.594604492188,0.545471191406,484.0,7767.0,2761.0,-117.0,-9.0,-11.0,
1645023206404507637,0.338806152344,-0.4765625,-0.598815917969,0.547302246094,470.0,7303.0,2980.0,-119.0,-10.0,-13.0,
1645023206409157037,0.334716796875,-0.472045898438,-0.603088378906,0.549072265625,442.0,6849.0,3220.0,-115.0,-12.0,-14.0,
1645023206416041374,0.330749511719,-0.467834472656,-0.607116699219,0.550537109375,398.0,6499.0,3468.0,-106.0,-14.0,-14.0,
1645023206421229600,0.327209472656,-0.464050292969,-0.61083984375,0.5517578125,353.0,6289.0,3719.0,-94.0,-15.0,-14.0,
1645023206426096916,0.324096679688,-0.4609375,-0.614135742188,0.552612304688,318.0,6202.0,3924.0,-78.0,-17.0,-13.0,
1645023206430443763,0.321411132812,-0.45849609375,-0.616882324219,0.553100585938,288.0,6203.0,4080.0,-63.0,-18.0,-11.0,
1645023206435087919,0.319091796875,-0.456665039062,-0.619262695312,0.553344726562,286.0,6224.0,4208.0,-50.0,-19.0,-10.0,
1645023206439931154,0.317138671875,-0.455383300781,-0.621215820312,0.553283691406,298.0,6207.0,4318.0,-38.0,-21.0,-9.0,
1645023206444461107,0.315551757812,-0.454528808594,-0.622863769531,0.553039550781,329.0,6159.0,4420.0,-26.0,-22.0,-9.0,
1645023206449037551,0.314208984375,-0.454162597656,-0.624206542969,0.552612304688,362.0,6139.0,4516.0,-15.0,-22.0,-8.0,
1645023206455776214,0.313110351562,-0.454162597656,-0.625305175781,0.552001953125,384.0,6196.0,4565.0,-7.0,-23.0,-8.0,
1645023206460781097,0.312133789062,-0.454406738281,-0.626281738281,0.55126953125,411.0,6417.0,4551.0,-2.0,-24.0,-8.0,
1645023206467971324,0.311340332031,-0.454833984375,-0.627136230469,0.550415039062,441.0,6801.0,4455.0,-1.0,-25.0,-7.0,
1645023206475363731,0.310485839844,-0.455383300781,-0.6279296875,0.549499511719,495.0,7290.0,4304.0,-3.0,-25.0,-6.0,
1645023206482004165,0.308410644531,-0.4560546875,-0.629699707031,0.548095703125,686.0,8272.0,3891.0,-18.0,-24.0,-5.0,
1645023206486536741,0.306884765625,-0.455871582031,-0.630920410156,0.547729492188,867.0,8622.0,3637.0,-31.0,-23.0,-5.0,
1645023206491258859,0.304992675781,-0.455261230469,-0.63232421875,0.547668457031,1065.0,8867.0,3393.0,-42.0,-20.0,-5.0,
1645023206495972871,0.302856445312,-0.4541015625,-0.633972167969,0.5478515625,1257.0,9005.0,3158.0,-53.0,-17.0,-6.0,
1645023206500705957,0.300598144531,-0.452575683594,-0.635803222656,0.548278808594,1434.0,9059.0,2945.0,-61.0,-13.0,-6.0,
1645023206505768537,0.298156738281,-0.450622558594,-0.6376953125,0.548950195312,1586.0,9066.0,2766.0,-69.0,-10.0,-6.0,
1645023206509917974,0.295654296875,-0.448425292969,-0.639709472656,0.549865722656,1722.0,9067.0,2607.0,-74.0,-7.0,-6.0,
1645023206514692783,0.293151855469,-0.445983886719,-0.641723632812,0.550842285156,1876.0,9023.0,2457.0,-77.0,-4.0,-6.0,
1645023206519840955,0.290649414062,-0.443481445312,-0.643615722656,0.551940917969,2053.0,8905.0,2318.0,-78.0,-1.0,-5.0,
1645023206526278972,0.288269042969,-0.440856933594,-0.645385742188,0.55322265625,2230.0,8709.0,2228.0,-76.0,3.0,-5.0,
1645023206530902624,0.286071777344,-0.438293457031,-0.64697265625,0.554504394531,2364.0,8503.0,2195.0,-73.0,7.0,-5.0,
1645023206535614252,0.2841796875,-0.435791015625,-0.648315429688,0.555908203125,2445.0,8349.0,2146.0,-67.0,10.0,-4.0,
1645023206539894580,0.282470703125,-0.433410644531,-0.649536132812,0.557189941406,2417.0,8383.0,2192.0,-63.0,11.0,-3.0,
1645023206545238494,0.28076171875,-0.430969238281,-0.65087890625,0.558410644531,2424.0,8518.0,2185.0,-64.0,10.0,-2.0,
1645023206549656629,0.279235839844,-0.428833007812,-0.651916503906,0.5595703125,2529.0,8374.0,2265.0,-60.0,9.0,-1.0,
1645023206554421424,0.27783203125,-0.426818847656,-0.65283203125,0.560791015625,2655.0,7882.0,2556.0,-51.0,12.0,-2.0,
1645023206560997009,0.276550292969,-0.424865722656,-0.653747558594,0.561828613281,2707.0,7409.0,2980.0,-40.0,12.0,-6.0,
1645023206565787315,0.275512695312,-0.423095703125,-0.654663085938,0.562622070312,2661.0,7284.0,3434.0,-30.0,9.0,-10.0,
1645023206572398662,0.274658203125,-0.421569824219,-0.655517578125,0.563110351562,2574.0,7493.0,3823.0,-26.0,6.0,-9.0,
1645023206577031612,0.273742675781,-0.420166015625,-0.656433105469,0.563598632812,2510.0,7884.0,4096.0,-29.0,3.0,-7.0,
1645023206581660509,0.272521972656,-0.418579101562,-0.657409667969,0.564270019531,2487.0,8305.0,4270.0,-39.0,3.0,-4.0,
1645023206586432218,0.270874023438,-0.416564941406,-0.658569335938,0.565185546875,2524.0,8581.0,4391.0,-53.0,4.0,-2.0,
1645023206591266632,0.268798828125,-0.4140625,-0.659973144531,0.566345214844,2561.0,8659.0,4468.0,-65.0,5.0,-3.0,
1645023206595752477,0.266540527344,-0.411071777344,-0.661743164062,0.567565917969,2517.0,8677.0,4496.0,-73.0,7.0,-6.0,
1645023206600654363,0.264221191406,-0.407836914062,-0.663513183594,0.568908691406,2415.0,8512.0,4546.0,-77.0,8.0,-5.0,
1645023206605129241,0.261779785156,-0.404418945312,-0.665283203125,0.5703125,2313.0,8141.0,4623.0,-78.0,8.0,-3.0,
1645023206609753608,0.25927734375,-0.401062011719,-0.667053222656,0.57177734375,2202.0,7771.0,4716.0,-75.0,8.0,-2.0,
1645023206615172863,0.256896972656,-0.397827148438,-0.668762207031,0.573181152344,2138.0,7498.0,4800.0,-70.0,6.0,-2.0,
1645023206621167659,0.254577636719,-0.39501953125,-0.670227050781,0.574401855469,2124.0,7325.0,5040.0,-63.0,4.0,-1.0,
1645023206625903129,0.252380371094,-0.392395019531,-0.671508789062,0.57568359375,2190.0,7368.0,4900.0,-58.0,5.0,1.0,
1645023206630568504,0.250366210938,-0.390197753906,-0.672424316406,0.577026367188,2225.0,7665.0,4773.0,-59.0,7.0,5.0,
1645023206635000944,0.248413085938,-0.388061523438,-0.673095703125,0.578491210938,2307.0,7916.0,4356.0,-60.0,8.0,9.0,
1645023206639832258,0.246520996094,-0.385803222656,-0.673706054688,0.580078125,2273.0,8117.0,4152.0,-68.0,14.0,10.0,
1645023206644479274,0.244750976562,-0.383117675781,-0.674438476562,0.581787109375,2272.0,7815.0,4031.0,-69.0,16.0,9.0,
1645023206651384592,0.243103027344,-0.380310058594,-0.675170898438,0.583435058594,2198.0,7488.0,4019.0,-63.0,20.0,5.0,
1645023206656393766,0.241760253906,-0.377563476562,-0.67578125,0.585083007812,2126.0,7378.0,3834.0,-55.0,21.0,6.0,
1645023206660890817,0.240661621094,-0.375366210938,-0.675964355469,0.586730957031,1919.0,7503.0,3826.0,-50.0,21.0,12.0,
1645023206665878534,0.239807128906,-0.373291015625,-0.676025390625,0.58837890625,1682.0,7359.0,4462.0,-46.0,20.0,16.0,
1645023206672325372,0.238891601562,-0.37109375,-0.676208496094,0.589904785156,1696.0,7056.0,4330.0,-32.0,17.0,13.0,
1645023206676890373,0.238464355469,-0.369506835938,-0.675964355469,0.59130859375,1630.0,7308.0,4012.0,-28.0,22.0,11.0,
1645023206681493282,0.238098144531,-0.368286132812,-0.675415039062,0.592895507812,1398.0,7564.0,4426.0,-34.0,21.0,20.0,
1645023206686212062,0.237426757812,-0.366638183594,-0.675109863281,0.594543457031,1343.0,7149.0,4881.0,-31.0,17.0,22.0,
1645023206690786600,0.236694335938,-0.364685058594,-0.675109863281,0.596008300781,1433.0,6915.0,4423.0,-24.0,19.0,12.0,
1645023206695318460,0.236450195312,-0.363464355469,-0.674621582031,0.597351074219,1243.0,7224.0,5038.0,-27.0,22.0,12.0,
1645023206699890136,0.23583984375,-0.361938476562,-0.674194335938,0.599060058594,1262.0,7179.0,4807.0,-24.0,16.0,24.0,
1645023206704659223,0.235290527344,-0.360900878906,-0.673461914062,0.600708007812,1127.0,7069.0,5136.0,-25.0,18.0,22.0,
1645023206709184169,0.234741210938,-0.359252929688,-0.673278808594,0.60205078125,1028.0,6876.0,5214.0,-23.0,16.0,15.0,
1645023206716115713,0.234436035156,-0.357788085938,-0.673217773438,0.603210449219,910.0,6582.0,5453.0,-22.0,16.0,10.0,
1645023206721246480,0.234069824219,-0.356262207031,-0.673156738281,0.604309082031,779.0,6289.0,5802.0,-17.0,15.0,10.0,
1645023206725538492,0.233703613281,-0.354919433594,-0.673034667969,0.605346679688,667.0,6036.0,6135.0,-11.0,12.0,11.0,
1645023206730147123,0.233459472656,-0.353942871094,-0.6728515625,0.606201171875,609.0,5927.0,6298.0,-3.0,9.0,11.0,
1645023206734469413,0.233520507812,-0.353454589844,-0.672485351562,0.606872558594,585.0,5940.0,6423.0,2.0,7.0,10.0,
1645023206739114046,0.233642578125,-0.353271484375,-0.671997070312,0.607482910156,614.0,6011.0,6472.0,5.0,7.0,10.0,
1645023206746086835,0.23388671875,-0.353271484375,-0.67138671875,0.608032226562,723.0,6004.0,6433.0,7.0,7.0,11.0,
1645023206750979661,0.234191894531,-0.353393554688,-0.670715332031,0.608581542969,827.0,5928.0,6359.0,10.0,8.0,10.0,
1645023206755550622,0.234619140625,-0.353576660156,-0.670043945312,0.609130859375,877.0,5779.0,6278.0,12.0,9.0,8.0,
1645023206760078430,0.235229492188,-0.353698730469,-0.669372558594,0.609497070312,862.0,5598.0,6259.0,14.0,9.0,6.0,
1645023206764770746,0.235961914062,-0.353881835938,-0.668762207031,0.609802246094,790.0,5464.0,6241.0,18.0,9.0,5.0,
1645023206769514322,0.236999511719,-0.354309082031,-0.668029785156,0.609985351562,706.0,5419.0,6160.0,24.0,8.0,6.0,
1645023206777476310,0.238220214844,-0.355102539062,-0.667114257812,0.610046386719,645.0,5448.0,6038.0,29.0,7.0,7.0,
1645023206782698392,0.239562988281,-0.356140136719,-0.666015625,0.610046386719,580.0,5548.0,5933.0,33.0,7.0,8.0,
1645023206787432909,0.241088867188,-0.357360839844,-0.664855957031,0.610046386719,525.0,5680.0,5843.0,36.0,6.0,9.0,
1645023206791870832,0.242614746094,-0.358642578125,-0.663696289062,0.609924316406,495.0,5770.0,5770.0,37.0,6.0,8.0,
1645023206796591758,0.244140625,-0.35986328125,-0.66259765625,0.609802246094,467.0,5847.0,5741.0,36.0,5.0,7.0,
1645023206801146030,0.245544433594,-0.361022949219,-0.661560058594,0.609680175781,417.0,5893.0,5754.0,34.0,5.0,7.0,
1645023206805967569,0.246887207031,-0.362060546875,-0.660583496094,0.609619140625,358.0,5901.0,5766.0,33.0,5.0,7.0,
1645023206810773849,0.248168945312,-0.363098144531,-0.659606933594,0.609436035156,326.0,5884.0,5735.0,33.0,4.0,6.0,
1645023206815082788,0.249450683594,-0.364135742188,-0.658752441406,0.609313964844,300.0,5871.0,5649.0,32.0,3.0,5.0,
1645023206820188522,0.250671386719,-0.365112304688,-0.657897949219,0.609130859375,272.0,5844.0,5545.0,30.0,3.0,5.0,
1645023206824349641,0.251708984375,-0.365966796875,-0.6572265625,0.60888671875,243.0,5801.0,5426.0,26.0,3.0,4.0,
1645023206829087972,0.252624511719,-0.36669921875,-0.656616210938,0.608764648438,214.0,5764.0,5275.0,22.0,2.0,3.0,
1645023206836663246,0.25341796875,-0.367248535156,-0.656188964844,0.608581542969,192.0,5733.0,5090.0,17.0,1.0,2.0,
1645023206840853214,0.253967285156,-0.367614746094,-0.655822753906,0.608459472656,171.0,5681.0,4876.0,11.0,1.0,2.0,
1645023206845786094,0.254455566406,-0.367797851562,-0.655639648438,0.6083984375,152.0,5600.0,4690.0,6.0,1.0,1.0,
1645023206850207328,0.254760742188,-0.367736816406,-0.655578613281,0.608337402344,127.0,5506.0,4526.0,3.0,2.0,0.0,
1645023206854815959,0.255004882812,-0.367614746094,-0.655639648438,0.608276367188,118.0,5426.0,4354.0,0.0,2.0,-1.0,
1645023206859649181,0.255249023438,-0.367431640625,-0.655700683594,0.608215332031,106.0,5381.0,4216.0,-2.0,2.0,-2.0,
1645023206864463567,0.255493164062,-0.3671875,-0.65576171875,0.608154296875,80.0,5396.0,4131.0,-2.0,2.0,-2.0,
1645023206872483491,0.255737304688,-0.366882324219,-0.655944824219,0.608093261719,49.0,5437.0,4099.0,-3.0,2.0,-3.0,
1645023206886080741,0.255859375,-0.366577148438,-0.656188964844,0.607971191406,33.0,5465.0,4120.0,-5.0,1.0,-4.0,
1645023206900172710,0.255920410156,-0.365539550781,-0.656982421875,0.607666015625,74.0,5460.0,4149.0,-8.0,0.0,-7.0,
1645023206901032924,0.255920410156,-0.364990234375,-0.657470703125,0.607482910156,113.0,5433.0,4160.0,-9.0,1.0,-8.0,
1645023206901362180,0.255920410156,-0.364318847656,-0.657958984375,0.607360839844,125.0,5453.0,4176.0,-9.0,2.0,-9.0,
1645023206901932477,0.255981445312,-0.363647460938,-0.658508300781,0.607116699219,123.0,5504.0,4228.0,-9.0,1.0,-10.0,
1645023206906633377,0.256042480469,-0.363037109375,-0.659118652344,0.606811523438,115.0,5520.0,4341.0,-9.0,1.0,-11.0,
1645023206911834716,0.256103515625,-0.3623046875,-0.659851074219,0.6064453125,87.0,5510.0,4506.0,-9.0,0.0,-13.0,
1645023206916167497,0.256103515625,-0.361450195312,-0.660705566406,0.606018066406,73.0,5491.0,4712.0,-9.0,-1.0,-15.0,
1645023206921053647,0.256042480469,-0.360656738281,-0.66162109375,0.605529785156,93.0,5451.0,4947.0,-8.0,-2.0,-16.0,
1645023206925569534,0.255920410156,-0.359802246094,-0.662536621094,0.605041503906,113.0,5423.0,5168.0,-8.0,-3.0,-16.0,
1645023206930043935,0.255737304688,-0.359069824219,-0.663513183594,0.604553222656,125.0,5419.0,5360.0,-7.0,-3.0,-16.0,
1645023206934786081,0.255615234375,-0.358337402344,-0.664428710938,0.60400390625,120.0,5449.0,5524.0,-6.0,-4.0,-16.0,
1645023206939205884,0.255554199219,-0.357727050781,-0.665344238281,0.603393554688,134.0,5495.0,5651.0,-5.0,-5.0,-16.0,
1645023206943990707,0.255493164062,-0.357299804688,-0.666198730469,0.602722167969,175.0,5571.0,5721.0,-3.0,-6.0,-16.0,
1645023206950821399,0.255554199219,-0.356994628906,-0.666931152344,0.60205078125,219.0,5696.0,5748.0,0.0,-5.0,-16.0,
1645023206955554485,0.255737304688,-0.356872558594,-0.667541503906,0.601379394531,248.0,5882.0,5698.0,3.0,-5.0,-15.0,
1645023206960311651,0.256103515625,-0.356994628906,-0.66796875,0.600708007812,291.0,6089.0,5563.0,4.0,-5.0,-13.0,
1645023206967486143,0.256469726562,-0.357238769531,-0.668273925781,0.600036621094,354.0,6310.0,5395.0,5.0,-4.0,-11.0,
1645023206969826459,0.256896972656,-0.357543945312,-0.668518066406,0.599365234375,416.0,6550.0,5205.0,4.0,-3.0,-10.0,
1645023206974392652,0.25732421875,-0.357788085938,-0.668701171875,0.598815917969,476.0,6763.0,5021.0,2.0,-3.0,-10.0,
1645023206979145050,0.257690429688,-0.357971191406,-0.6689453125,0.598327636719,538.0,6935.0,4875.0,0.0,-2.0,-9.0,
1645023206985699415,0.258056640625,-0.358154296875,-0.669067382812,0.597900390625,585.0,7084.0,4745.0,0.0,0.0,-9.0,
1645023206990615367,0.258544921875,-0.358276367188,-0.669250488281,0.597473144531,628.0,7217.0,4644.0,0.0,1.0,-9.0,
1645023206995054483,0.259033203125,-0.3583984375,-0.669311523438,0.597045898438,677.0,7318.0,4567.0,1.0,2.0,-8.0,
1645023206999711990,0.259643554688,-0.358642578125,-0.669311523438,0.5966796875,746.0,7363.0,4505.0,4.0,3.0,-8.0,
1645023207004478693,0.260375976562,-0.358947753906,-0.669189453125,0.596252441406,836.0,7356.0,4465.0,7.0,4.0,-8.0,
1645023207009087085,0.261169433594,-0.359313964844,-0.669067382812,0.595886230469,937.0,7306.0,4465.0,10.0,5.0,-8.0,
1645023207016457319,0.262023925781,-0.359741210938,-0.668823242188,0.595520019531,1027.0,7241.0,4508.0,13.0,5.0,-8.0,
1645023207021142482,0.263000488281,-0.360290527344,-0.668579101562,0.595031738281,1106.0,7172.0,4558.0,17.0,6.0,-9.0,
1645023207025537967,0.264099121094,-0.360900878906,-0.668212890625,0.594543457031,1189.0,7115.0,4589.0,20.0,6.0,-9.0,
1645023207030285120,0.265319824219,-0.361633300781,-0.667846679688,0.593994140625,1279.0,7101.0,4596.0,23.0,6.0,-10.0,
1645023207034833192,0.2666015625,-0.362426757812,-0.667419433594,0.593383789062,1362.0,7128.0,4603.0,24.0,7.0,-11.0,
1645023207039441108,0.267883300781,-0.363159179688,-0.6669921875,0.592834472656,1419.0,7186.0,4658.0,23.0,7.0,-11.0,
1645023207043898820,0.26904296875,-0.363830566406,-0.666687011719,0.59228515625,1448.0,7318.0,4738.0,21.0,7.0,-11.0,
1645023207050930261,0.270080566406,-0.364379882812,-0.666442871094,0.591735839844,1505.0,7500.0,4753.0,17.0,5.0,-11.0,
1645023207055652141,0.270874023438,-0.364807128906,-0.666320800781,0.591247558594,1615.0,7636.0,4780.0,11.0,5.0,-10.0,
1645023207060006380,0.271362304688,-0.365051269531,-0.666320800781,0.590881347656,1758.0,7715.0,4807.0,5.0,5.0,-11.0,
1645023207064810037,0.271728515625,-0.364990234375,-0.666381835938,0.590698242188,1893.0,7751.0,4827.0,0.0,6.0,-12.0,
1645023207069368124,0.271911621094,-0.364685058594,-0.666564941406,0.590576171875,1990.0,7719.0,4851.0,-5.0,8.0,-12.0,
1645023207074290513,0.272094726562,-0.3642578125,-0.666809082031,0.590515136719,2043.0,7618.0,4802.0,-7.0,9.0,-12.0,
1645023207082830190,0.272216796875,-0.363708496094,-0.667053222656,0.590454101562,2042.0,7498.0,4785.0,-8.0,9.0,-12.0,
1645023207088194847,0.272216796875,-0.363220214844,-0.667358398438,0.590454101562,2043.0,7385.0,4779.0,-9.0,7.0,-11.0,
1645023207092714548,0.272155761719,-0.36279296875,-0.667663574219,0.590393066406,2068.0,7265.0,4833.0,-8.0,4.0,-10.0,
1645023207097504615,0.272033691406,-0.362609863281,-0.667846679688,0.59033203125,2064.0,7177.0,4958.0,-4.0,3.0,-9.0,
1645023207102260589,0.272033691406,-0.362670898438,-0.66796875,0.590209960938,2018.0,7189.0,5151.0,3.0,1.0,-7.0,
1645023207106989383,0.272216796875,-0.363098144531,-0.667846679688,0.589965820312,1969.0,7360.0,5279.0,10.0,-1.0,-5.0,
1645023207111534595,0.272583007812,-0.363891601562,-0.667541503906,0.589660644531,1942.0,7608.0,5351.0,14.0,-2.0,-3.0,
1645023207116346597,0.272827148438,-0.364685058594,-0.667236328125,0.589416503906,1934.0,7828.0,5368.0,12.0,-2.0,-1.0,
1645023207121265411,0.27294921875,-0.365234375,-0.666931152344,0.589294433594,1931.0,7962.0,5403.0,6.0,-1.0,-1.0,
1645023207125589132,0.272766113281,-0.365417480469,-0.666870117188,0.58935546875,1876.0,8035.0,5482.0,-2.0,0.0,-1.0,
1645023207129956007,0.272216796875,-0.365051269531,-0.667053222656,0.589660644531,1800.0,8078.0,5432.0,-12.0,0.0,-1.0,
1645023207134603738,0.271423339844,-0.3642578125,-0.66748046875,0.590026855469,1693.0,8085.0,5333.0,-24.0,0.0,-1.0,
1645023207138816595,0.270202636719,-0.362976074219,-0.668273925781,0.590515136719,1580.0,7940.0,5304.0,-37.0,0.0,-3.0,
1645023207146156549,0.268615722656,-0.361083984375,-0.669311523438,0.591186523438,1478.0,7661.0,5366.0,-46.0,0.0,-4.0,
1645023207150802850,0.266723632812,-0.35888671875,-0.670654296875,0.591857910156,1369.0,7322.0,5504.0,-50.0,-1.0,-5.0,
1645023207155515432,0.264709472656,-0.356567382812,-0.672119140625,0.592529296875,1235.0,6986.0,5611.0,-50.0,-2.0,-7.0,
1645023207160334825,0.2626953125,-0.354248046875,-0.673583984375,0.593078613281,1054.0,6756.0,5684.0,-50.0,-3.0,-7.0,
1645023207165230751,0.260803222656,-0.35205078125,-0.675048828125,0.593627929688,875.0,6636.0,5713.0,-49.0,-5.0,-7.0,
1645023207169949769,0.258850097656,-0.349914550781,-0.676513671875,0.594055175781,764.0,6558.0,5724.0,-50.0,-7.0,-6.0,
1645023207175503730,0.2568359375,-0.347900390625,-0.677917480469,0.594482421875,725.0,6469.0,5680.0,-49.0,-7.0,-6.0,
1645023207181410789,0.2548828125,-0.345947265625,-0.679321289062,0.594909667969,719.0,6368.0,5620.0,-49.0,-7.0,-6.0,
1645023207189179420,0.2529296875,-0.344055175781,-0.6806640625,0.59521484375,699.0,6280.0,5570.0,-48.0,-7.0,-8.0,
1645023207197297573,0.249145507812,-0.340270996094,-0.683410644531,0.595886230469,627.0,6213.0,5495.0,-48.0,-7.0,-7.0,
1645023207201904058,0.247253417969,-0.33837890625,-0.684753417969,0.59619140625,621.0,6243.0,5472.0,-49.0,-8.0,-6.0,
1645023207206697940,0.245239257812,-0.336547851562,-0.68603515625,0.596618652344,640.0,6303.0,5471.0,-49.0,-8.0,-5.0,
1645023207211179018,0.243286132812,-0.334716796875,-0.687255859375,0.597045898438,677.0,6355.0,5472.0,-50.0,-7.0,-4.0,
1645023207215991258,0.241271972656,-0.332885742188,-0.688415527344,0.597534179688,723.0,6366.0,5494.0,-50.0,-6.0,-4.0,
1645023207220640659,0.239318847656,-0.3310546875,-0.689514160156,0.598083496094,736.0,6323.0,5542.0,-49.0,-5.0,-4.0,
1645023207225269794,0.237487792969,-0.329162597656,-0.690612792969,0.5986328125,738.0,6218.0,5598.0,-47.0,-4.0,-3.0,
1645023207229592323,0.235778808594,-0.327392578125,-0.691589355469,0.59912109375,783.0,6065.0,5584.0,-42.0,-3.0,-2.0,
1645023207234148263,0.234191894531,-0.325927734375,-0.6923828125,0.599609375,842.0,5917.0,5533.0,-37.0,-3.0,-2.0,
1645023207241411209,0.232849121094,-0.324645996094,-0.693115234375,0.599975585938,888.0,5845.0,5448.0,-32.0,-2.0,-2.0,
1645023207246170043,0.231750488281,-0.323608398438,-0.693603515625,0.600341796875,911.0,5766.0,5345.0,-28.0,-1.0,-2.0,
1645023207250905513,0.230895996094,-0.322692871094,-0.694091796875,0.600708007812,917.0,5648.0,5321.0,-24.0,0.0,-2.0,
1645023207255400419,0.230163574219,-0.321838378906,-0.694519042969,0.600952148438,919.0,5493.0,5355.0,-20.0,1.0,-3.0,
1645023207260049343,0.229614257812,-0.321105957031,-0.694885253906,0.601135253906,917.0,5351.0,5424.0,-13.0,1.0,-3.0,
1645023207264738321,0.229370117188,-0.320617675781,-0.695068359375,0.601196289062,885.0,5300.0,5492.0,-6.0,2.0,-3.0,
1645023207269923686,0.229370117188,-0.320434570312,-0.695190429688,0.601196289062,863.0,5355.0,5563.0,0.0,1.0,-3.0,
1645023207276654481,0.2294921875,-0.320495605469,-0.695129394531,0.601135253906,854.0,5470.0,5635.0,4.0,1.0,-2.0,
1645023207281274795,0.229736328125,-0.32080078125,-0.695007324219,0.60107421875,872.0,5631.0,5693.0,6.0,0.0,-1.0,
1645023207286327123,0.22998046875,-0.321105957031,-0.694885253906,0.600952148438,909.0,5828.0,5732.0,6.0,0.0,-1.0,
1645023207293035745,0.230224609375,-0.321472167969,-0.694702148438,0.600891113281,936.0,5992.0,5774.0,5.0,1.0,-1.0,
1645023207297766923,0.23046875,-0.321716308594,-0.694519042969,0.600891113281,960.0,6101.0,5807.0,4.0,1.0,-1.0,
1645023207302525281,0.230590820312,-0.321838378906,-0.694458007812,0.600830078125,967.0,6167.0,5862.0,2.0,2.0,-1.0,
1645023207307060241,0.230712890625,-0.321838378906,-0.694396972656,0.600891113281,955.0,6211.0,5913.0,1.0,2.0,-1.0,
1645023207311742305,0.230773925781,-0.32177734375,-0.6943359375,0.600891113281,923.0,6242.0,5972.0,0.0,2.0,-1.0,
1645023207316312313,0.230773925781,-0.321716308594,-0.6943359375,0.600952148438,900.0,6275.0,5987.0,-1.0,2.0,-1.0,
1645023207321141719,0.230834960938,-0.321655273438,-0.6943359375,0.601013183594,915.0,6290.0,5978.0,-1.0,1.0,-1.0,
1645023207325470924,0.230895996094,-0.321594238281,-0.694274902344,0.60107421875,927.0,6296.0,5940.0,-1.0,2.0,-1.0,
1645023207329785346,0.23095703125,-0.321655273438,-0.694152832031,0.601135253906,942.0,6298.0,5900.0,0.0,2.0,-1.0,
1645023207334340572,0.231079101562,-0.321716308594,-0.694030761719,0.601135253906,964.0,6298.0,5852.0,1.0,2.0,-1.0,
1645023207339265108,0.231323242188,-0.321838378906,-0.693908691406,0.601196289062,981.0,6290.0,5819.0,3.0,3.0,-1.0,
1645023207346277952,0.231689453125,-0.322082519531,-0.693664550781,0.601196289062,995.0,6273.0,5803.0,6.0,4.0,-1.0,
1645023207351136922,0.232177734375,-0.322387695312,-0.693420410156,0.601135253906,1007.0,6266.0,5784.0,9.0,5.0,-1.0,
1645023207355637311,0.232849121094,-0.322814941406,-0.693054199219,0.60107421875,1028.0,6241.0,5767.0,13.0,5.0,-1.0,
1645023207360122203,0.233703613281,-0.323425292969,-0.692565917969,0.601013183594,1027.0,6204.0,5753.0,17.0,6.0,-1.0,
1645023207364845514,0.234741210938,-0.324035644531,-0.691955566406,0.600891113281,1001.0,6169.0,5760.0,21.0,8.0,-1.0,
1645023207369951248,0.236022949219,-0.324829101562,-0.691345214844,0.600708007812,965.0,6137.0,5776.0,25.0,8.0,0.0,
1645023207374575614,0.237426757812,-0.325744628906,-0.690612792969,0.600524902344,940.0,6118.0,5766.0,30.0,9.0,0.0,
1645023207381491661,0.239074707031,-0.326904296875,-0.689697265625,0.600280761719,933.0,6054.0,5726.0,35.0,10.0,0.0,
1645023207386196851,0.240966796875,-0.328186035156,-0.688659667969,0.599975585938,913.0,5942.0,5707.0,41.0,11.0,0.0,
1645023207395661592,0.243103027344,-0.329711914062,-0.6875,0.599670410156,885.0,5813.0,5673.0,48.0,12.0,1.0,
1645023207404062986,0.248352050781,-0.333557128906,-0.6845703125,0.598693847656,738.0,5641.0,5631.0,64.0,14.0,2.0,
1645023207408417224,0.25146484375,-0.3359375,-0.682800292969,0.598083496094,633.0,5683.0,5599.0,71.0,14.0,3.0,
1645023207413312435,0.2548828125,-0.338684082031,-0.680847167969,0.597290039062,550.0,5745.0,5552.0,78.0,14.0,4.0,
1645023207417930126,0.258483886719,-0.341674804688,-0.678771972656,0.596435546875,497.0,5802.0,5553.0,85.0,14.0,4.0,
1645023207423162698,0.262329101562,-0.344909667969,-0.676513671875,0.595458984375,476.0,5854.0,5553.0,91.0,13.0,4.0,
1645023207427207946,0.266357421875,-0.348449707031,-0.674133300781,0.594299316406,471.0,5897.0,5556.0,98.0,13.0,3.0,
1645023207432086467,0.270568847656,-0.352172851562,-0.671569824219,0.593078613281,465.0,5925.0,5582.0,104.0,14.0,3.0,
1645023207436717033,0.274963378906,-0.356018066406,-0.6689453125,0.591735839844,441.0,5990.0,5569.0,109.0,14.0,2.0,
1645023207441439628,0.279541015625,-0.359985351562,-0.666259765625,0.590209960938,389.0,6137.0,5559.0,112.0,14.0,0.0,
1645023207445954084,0.284118652344,-0.364074707031,-0.66357421875,0.588562011719,340.0,6331.0,5519.0,114.0,12.0,1.0,
1645023207450727701,0.288696289062,-0.368225097656,-0.660766601562,0.586853027344,328.0,6537.0,5438.0,113.0,11.0,1.0,
1645023207455455780,0.293090820312,-0.372375488281,-0.658020019531,0.585144042969,349.0,6734.0,5325.0,111.0,10.0,1.0,
1645023207462161302,0.29736328125,-0.37646484375,-0.6552734375,0.58349609375,391.0,6948.0,5215.0,108.0,9.0,1.0,
1645023207465387344,0.301452636719,-0.380432128906,-0.652648925781,0.581787109375,456.0,7162.0,5095.0,104.0,8.0,1.0,
1645023207470018148,0.305297851562,-0.384216308594,-0.650024414062,0.580200195312,531.0,7357.0,4969.0,99.0,8.0,1.0,
1645023207474704980,0.309020996094,-0.387817382812,-0.647521972656,0.57861328125,611.0,7514.0,4834.0,94.0,9.0,0.0,
1645023207481336355,0.3125,-0.39111328125,-0.645141601562,0.577209472656,695.0,7620.0,4691.0,88.0,9.0,0.0,
1645023207485901594,0.315856933594,-0.394165039062,-0.642883300781,0.575866699219,748.0,7698.0,4556.0,82.0,10.0,-1.0,
1645023207491172313,0.318969726562,-0.396911621094,-0.640686035156,0.574584960938,768.0,7763.0,4448.0,76.0,11.0,-1.0,
1645023207497888565,0.321960449219,-0.399475097656,-0.638671875,0.573486328125,782.0,7779.0,4338.0,71.0,11.0,-1.0,
1645023207502590894,0.324951171875,-0.40185546875,-0.63671875,0.572326660156,796.0,7706.0,4237.0,69.0,12.0,-1.0,
1645023207507400989,0.327941894531,-0.404174804688,-0.634643554688,0.571228027344,794.0,7619.0,4152.0,71.0,14.0,-2.0,
1645023207512019157,0.331115722656,-0.406616210938,-0.632507324219,0.570068359375,791.0,7563.0,4060.0,75.0,14.0,-2.0,
1645023207516774892,0.334411621094,-0.4091796875,-0.630187988281,0.56884765625,791.0,7537.0,3983.0,79.0,14.0,-2.0,
1645023207521645545,0.337890625,-0.411987304688,-0.627807617188,0.567443847656,830.0,7506.0,3831.0,84.0,14.0,-2.0,
1645023207527029514,0.341491699219,-0.414916992188,-0.625244140625,0.565979003906,837.0,7484.0,3770.0,87.0,15.0,-3.0,
1645023207540291547,0.34521484375,-0.417846679688,-0.622619628906,0.564392089844,856.0,7432.0,3628.0,90.0,15.0,-3.0,
1645023207540942668,0.34912109375,-0.4208984375,-0.619873046875,0.562744140625,849.0,7362.0,3530.0,94.0,16.0,-4.0,
1645023207541113853,0.353210449219,-0.424011230469,-0.617004394531,0.56103515625,850.0,7287.0,3340.0,98.0,17.0,-4.0,
1645023207553121328,0.357421875,-0.427307128906,-0.614013671875,0.559143066406,805.0,7308.0,3182.0,101.0,18.0,-4.0,
1645023207553858280,0.361755371094,-0.4306640625,-0.610900878906,0.557189941406,765.0,7433.0,3022.0,103.0,17.0,-3.0,
1645023207556699037,0.365966796875,-0.43408203125,-0.607727050781,0.555236816406,755.0,7610.0,2832.0,103.0,16.0,-2.0,
1645023207561228275,0.3701171875,-0.437438964844,-0.604614257812,0.553283691406,760.0,7837.0,2681.0,99.0,16.0,-2.0,
1645023207566152095,0.374084472656,-0.440612792969,-0.601623535156,0.551391601562,765.0,8081.0,2558.0,94.0,15.0,-3.0,
1645023207571982860,0.377746582031,-0.443420410156,-0.598815917969,0.549621582031,757.0,8302.0,2491.0,87.0,16.0,-4.0,
1645023207575510740,0.381164550781,-0.445861816406,-0.596313476562,0.548034667969,761.0,8466.0,2399.0,78.0,16.0,-5.0,
1645023207580286979,0.38427734375,-0.447814941406,-0.594116210938,0.546691894531,748.0,8542.0,2367.0,67.0,16.0,-5.0,
1645023207585045576,0.386962890625,-0.449401855469,-0.592163085938,0.545532226562,713.0,8527.0,2319.0,58.0,17.0,-6.0,
1645023207589898347,0.389526367188,-0.450622558594,-0.590515136719,0.544616699219,652.0,8449.0,2282.0,50.0,17.0,-6.0,
1645023207596346139,0.391784667969,-0.451477050781,-0.589050292969,0.543823242188,547.0,8383.0,2270.0,43.0,18.0,-7.0,
1645023207601536989,0.393920898438,-0.452087402344,-0.587768554688,0.543090820312,425.0,8357.0,2294.0,38.0,17.0,-6.0,
1645023207606670141,0.395812988281,-0.45263671875,-0.586608886719,0.542541503906,322.0,8361.0,2342.0,33.0,16.0,-5.0,
1645023207611209154,0.3974609375,-0.453002929688,-0.585632324219,0.542053222656,248.0,8385.0,2376.0,29.0,14.0,-5.0,
1645023207616001129,0.39892578125,-0.453186035156,-0.584838867188,0.541687011719,201.0,8425.0,2392.0,23.0,14.0,-5.0,
1645023207620592355,0.400146484375,-0.453186035156,-0.584289550781,0.541442871094,173.0,8448.0,2397.0,17.0,13.0,-6.0,
1645023207625430822,0.401184082031,-0.452880859375,-0.583862304688,0.541320800781,144.0,8414.0,2403.0,9.0,13.0,-7.0,
1645023207629808187,0.401977539062,-0.452331542969,-0.583740234375,0.541381835938,109.0,8322.0,2422.0,3.0,14.0,-7.0,
1645023207634585380,0.402648925781,-0.451477050781,-0.583740234375,0.541564941406,60.0,8201.0,2449.0,-3.0,14.0,-8.0,
1645023207641368627,0.403198242188,-0.450561523438,-0.583862304688,0.541809082031,0.0,8089.0,2480.0,-5.0,13.0,-8.0,
1645023207646026611,0.403686523438,-0.449645996094,-0.584045410156,0.542053222656,-54.0,8028.0,2515.0,-6.0,13.0,-8.0,
1645023207650756597,0.404113769531,-0.448669433594,-0.584228515625,0.542297363281,-91.0,8028.0,2534.0,-7.0,12.0,-8.0,
1645023207655449867,0.404418945312,-0.44775390625,-0.58447265625,0.542541503906,-105.0,8060.0,2540.0,-8.0,11.0,-7.0,
1645023207660109519,0.404663085938,-0.446838378906,-0.584777832031,0.542785644531,-97.0,8109.0,2553.0,-10.0,10.0,-7.0,
1645023207664898872,0.40478515625,-0.44580078125,-0.585144042969,0.543151855469,-60.0,8144.0,2564.0,-13.0,9.0,-8.0,
1645023207669911146,0.40478515625,-0.444702148438,-0.585632324219,0.543579101562,-21.0,8157.0,2567.0,-17.0,9.0,-8.0,
1645023207675539493,0.404663085938,-0.443481445312,-0.586181640625,0.544006347656,13.0,8148.0,2574.0,-20.0,9.0,-9.0,
1645023207681603431,0.404479980469,-0.442138671875,-0.586791992188,0.544555664062,29.0,8136.0,2581.0,-22.0,9.0,-9.0,
1645023207686259508,0.404235839844,-0.440795898438,-0.587463378906,0.545166015625,37.0,8139.0,2607.0,-24.0,9.0,-8.0,
1645023207690798759,0.40380859375,-0.439331054688,-0.588256835938,0.545776367188,32.0,8159.0,2634.0,-26.0,8.0,-8.0,
1645023207696066856,0.4033203125,-0.437866210938,-0.589050292969,0.546447753906,24.0,8196.0,2666.0,-29.0,8.0,-7.0,
1645023207703248023,0.402709960938,-0.436279296875,-0.589965820312,0.547241210938,20.0,8238.0,2693.0,-32.0,7.0,-7.0,
1645023207707921981,0.401977539062,-0.4345703125,-0.590942382812,0.548034667969,13.0,8262.0,2713.0,-35.0,7.0,-7.0,
1645023207712733745,0.401062011719,-0.432739257812,-0.592041015625,0.548950195312,-4.0,8287.0,2745.0,-39.0,6.0,-7.0,
1645023207717264413,0.400024414062,-0.430786132812,-0.59326171875,0.549926757812,-22.0,8313.0,2770.0,-43.0,6.0,-7.0,
1645023207721967697,0.398803710938,-0.4287109375,-0.594604492188,0.551025390625,-42.0,8335.0,2810.0,-47.0,5.0,-6.0,
1645023207726920366,0.397338867188,-0.426513671875,-0.596008300781,0.55224609375,-47.0,8366.0,2837.0,-52.0,4.0,-6.0,
1645023207731197357,0.395690917969,-0.424194335938,-0.597595214844,0.553527832031,-52.0,8397.0,2871.0,-57.0,3.0,-5.0,
1645023207735722064,0.393798828125,-0.421752929688,-0.599304199219,0.554870605469,-41.0,8407.0,2895.0,-62.0,2.0,-5.0,
1645023207740590810,0.391723632812,-0.419128417969,-0.601135253906,0.556396484375,-26.0,8395.0,2922.0,-67.0,1.0,-5.0,
1645023207745272159,0.389404296875,-0.416320800781,-0.603149414062,0.557922363281,-15.0,8353.0,2957.0,-72.0,1.0,-6.0,
1645023207749905109,0.386962890625,-0.413391113281,-0.605224609375,0.5595703125,-2.0,8285.0,3006.0,-76.0,0.0,-6.0,
1645023207754719257,0.384338378906,-0.410339355469,-0.607421875,0.561218261719,16.0,8197.0,3043.0,-79.0,-1.0,-6.0,
1645023207761579036,0.381652832031,-0.4072265625,-0.609619140625,0.562927246094,27.0,8105.0,3071.0,-81.0,-1.0,-6.0,
1645023207766448497,0.378845214844,-0.403991699219,-0.611877441406,0.564697265625,31.0,7994.0,3106.0,-84.0,-1.0,-6.0,
1645023207771401166,0.375854492188,-0.400695800781,-0.614196777344,0.566467285156,33.0,7850.0,3127.0,-87.0,-2.0,-5.0,
1645023207775952339,0.372802734375,-0.397338867188,-0.616638183594,0.568237304688,47.0,7667.0,3131.0,-89.0,-3.0,-6.0,
1645023207780366182,0.369689941406,-0.393920898438,-0.619018554688,0.570007324219,52.0,7468.0,3176.0,-90.0,-3.0,-6.0,
1645023207785310029,0.36669921875,-0.390502929688,-0.621398925781,0.571716308594,49.0,7260.0,3236.0,-87.0,-2.0,-7.0,
1645023207789593935,0.363891601562,-0.387268066406,-0.623657226562,0.5732421875,40.0,7071.0,3317.0,-81.0,-2.0,-8.0,
1645023207799167156,0.361328125,-0.38427734375,-0.625671386719,0.57470703125,38.0,6926.0,3396.0,-74.0,-2.0,-7.0,
1645023207806557655,0.356872558594,-0.379211425781,-0.629150390625,0.577087402344,-5.0,6738.0,3551.0,-60.0,-3.0,-5.0,
1645023207812943696,0.354797363281,-0.377014160156,-0.630737304688,0.578063964844,-19.0,6651.0,3643.0,-56.0,-4.0,-5.0,
1645023207817762136,0.352783203125,-0.375,-0.632263183594,0.578979492188,-12.0,6574.0,3730.0,-52.0,-5.0,-5.0,
1645023207822494029,0.350830078125,-0.373107910156,-0.633728027344,0.579711914062,-7.0,6559.0,3810.0,-49.0,-6.0,-6.0,
1645023207827078819,0.348937988281,-0.371276855469,-0.63525390625,0.580383300781,12.0,6611.0,3872.0,-48.0,-7.0,-7.0,
1645023207831828117,0.347045898438,-0.369567871094,-0.63671875,0.5810546875,24.0,6708.0,3946.0,-47.0,-8.0,-7.0,
1645023207836543083,0.345153808594,-0.367858886719,-0.638122558594,0.581665039062,33.0,6842.0,4035.0,-48.0,-8.0,-6.0,
1645023207841367244,0.343139648438,-0.366088867188,-0.639587402344,0.582336425781,52.0,6940.0,4132.0,-50.0,-9.0,-6.0,
1645023207845931291,0.341003417969,-0.3642578125,-0.64111328125,0.583068847656,102.0,6978.0,4231.0,-52.0,-9.0,-6.0,
1645023207850664615,0.338806152344,-0.3623046875,-0.642700195312,0.583862304688,170.0,6961.0,4322.0,-54.0,-8.0,-7.0,
1645023207855412721,0.336547851562,-0.360290527344,-0.644287109375,0.584655761719,218.0,6914.0,4396.0,-55.0,-7.0,-8.0,
1645023207859839439,0.334350585938,-0.358154296875,-0.645874023438,0.58544921875,237.0,6865.0,4466.0,-55.0,-6.0,-8.0,
1645023207867107391,0.332214355469,-0.356079101562,-0.647399902344,0.586242675781,231.0,6823.0,4508.0,-54.0,-6.0,-7.0,
1645023207872351408,0.330139160156,-0.35400390625,-0.64892578125,0.587036132812,232.0,6787.0,4523.0,-53.0,-6.0,-7.0,
1645023207876733303,0.328063964844,-0.35205078125,-0.650329589844,0.587768554688,237.0,6768.0,4517.0,-52.0,-6.0,-7.0,
1645023207881074428,0.326110839844,-0.350158691406,-0.651733398438,0.588439941406,243.0,6772.0,4491.0,-51.0,-6.0,-6.0,
1645023207886024713,0.324096679688,-0.348266601562,-0.653137207031,0.589172363281,273.0,6750.0,4446.0,-51.0,-6.0,-6.0,
1645023207891293287,0.322143554688,-0.346435546875,-0.654418945312,0.589904785156,326.0,6659.0,4402.0,-51.0,-5.0,-6.0,
1645023207895651817,0.3203125,-0.344665527344,-0.655639648438,0.590576171875,368.0,6521.0,4380.0,-47.0,-4.0,-6.0,
1645023207900788307,0.318786621094,-0.343017578125,-0.656677246094,0.591186523438,384.0,6406.0,4397.0,-41.0,-2.0,-6.0,
1645023207907506942,0.317443847656,-0.341613769531,-0.657531738281,0.591735839844,397.0,6305.0,4379.0,-34.0,-1.0,-5.0,
1645023207911940336,0.316467285156,-0.340515136719,-0.658203125,0.592224121094,389.0,6167.0,4414.0,-28.0,0.0,-4.0,
1645023207916727066,0.315734863281,-0.339660644531,-0.65869140625,0.592529296875,379.0,6037.0,4474.0,-18.0,0.0,-3.0,
1645023207921572208,0.315368652344,-0.339294433594,-0.658935546875,0.592712402344,363.0,5956.0,4536.0,-7.0,0.0,-3.0,
1645023207927870512,0.315490722656,-0.339294433594,-0.658874511719,0.592651367188,359.0,5927.0,4547.0,5.0,1.0,-2.0,
1645023207930955171,0.315979003906,-0.33984375,-0.658630371094,0.592407226562,349.0,5991.0,4538.0,14.0,1.0,-2.0,
1645023207935517072,0.316711425781,-0.340637207031,-0.658142089844,0.592041015625,327.0,6169.0,4493.0,20.0,1.0,-1.0,
1645023207940411090,0.317626953125,-0.341735839844,-0.657592773438,0.591552734375,326.0,6407.0,4415.0,23.0,0.0,0.0,
1645023207945304393,0.318542480469,-0.342895507812,-0.656921386719,0.591125488281,359.0,6635.0,4306.0,23.0,0.0,0.0,
1645023207949794292,0.319458007812,-0.343933105469,-0.656311035156,0.590698242188,402.0,6821.0,4222.0,20.0,1.0,0.0,
1645023207956994295,0.320190429688,-0.344787597656,-0.655822753906,0.59033203125,444.0,6980.0,4137.0,16.0,2.0,-2.0,
1645023207961573123,0.32080078125,-0.345397949219,-0.655395507812,0.590087890625,462.0,7154.0,4080.0,10.0,3.0,-2.0,
1645023207966370105,0.321228027344,-0.345642089844,-0.655212402344,0.589965820312,472.0,7350.0,4066.0,3.0,3.0,-3.0,
1645023207971427440,0.321350097656,-0.345520019531,-0.655212402344,0.589965820312,482.0,7573.0,4074.0,-6.0,3.0,-4.0,
1645023207976079463,0.321166992188,-0.345031738281,-0.655395507812,0.590148925781,503.0,7756.0,4100.0,-15.0,4.0,-4.0,
1645023207980801820,0.320617675781,-0.344055175781,-0.655822753906,0.590515136719,542.0,7803.0,4141.0,-25.0,5.0,-5.0,
1645023207985203742,0.31982421875,-0.342712402344,-0.656433105469,0.591064453125,579.0,7714.0,4231.0,-32.0,6.0,-6.0,
1645023207989974975,0.318786621094,-0.341064453125,-0.657165527344,0.591735839844,606.0,7531.0,4346.0,-37.0,6.0,-7.0,
1645023207994701385,0.317687988281,-0.339233398438,-0.658020019531,0.592407226562,593.0,7285.0,4471.0,-37.0,7.0,-8.0,
1645023207999629735,0.316711425781,-0.337463378906,-0.658874511719,0.593017578125,556.0,7012.0,4609.0,-33.0,6.0,-8.0,
1645023208009292602,0.315979003906,-0.3359375,-0.65966796875,0.593444824219,509.0,6738.0,4753.0,-26.0,6.0,-9.0,
1645023208013685464,0.315551757812,-0.334777832031,-0.660278320312,0.593627929688,461.0,6512.0,4884.0,-16.0,5.0,-9.0,
1645023208018399000,0.3154296875,-0.334106445312,-0.66064453125,0.593627929688,410.0,6387.0,4968.0,-5.0,4.0,-9.0,
1645023208023286819,0.315734863281,-0.333862304688,-0.660827636719,0.593383789062,377.0,6342.0,4975.0,5.0,3.0,-8.0,
1645023208027729988,0.316345214844,-0.334106445312,-0.660766601562,0.593017578125,371.0,6323.0,4940.0,13.0,3.0,-8.0,
1645023208032362222,0.317260742188,-0.334716796875,-0.660522460938,0.592468261719,372.0,6313.0,4917.0,20.0,3.0,-7.0,
1645023208037289142,0.318298339844,-0.33544921875,-0.660217285156,0.591857910156,346.0,6350.0,4913.0,24.0,3.0,-8.0,
1645023208041781187,0.319396972656,-0.336303710938,-0.659912109375,0.591125488281,301.0,6470.0,4924.0,26.0,2.0,-8.0,
1645023208046390295,0.320434570312,-0.337158203125,-0.659606933594,0.590393066406,258.0,6708.0,4914.0,24.0,1.0,-8.0,
1645023208051140069,0.3212890625,-0.337829589844,-0.659423828125,0.589721679688,224.0,6978.0,4911.0,18.0,0.0,-8.0,
1645023208055773496,0.321960449219,-0.33837890625,-0.659301757812,0.589233398438,161.0,7269.0,4969.0,12.0,0.0,-7.0,
1645023208060556888,0.322387695312,-0.338562011719,-0.659301757812,0.5888671875,95.0,7529.0,5024.0,5.0,0.0,-6.0,
1645023208065238237,0.322631835938,-0.338500976562,-0.659484863281,0.588562011719,54.0,7709.0,5086.0,-1.0,0.0,-6.0,
1645023208069896697,0.322570800781,-0.338195800781,-0.659790039062,0.588439941406,40.0,7801.0,5161.0,-7.0,0.0,-7.0,
1645023208076887845,0.322265625,-0.337585449219,-0.660278320312,0.58837890625,45.0,7811.0,5235.0,-12.0,-1.0,-8.0,
1645023208081634283,0.32177734375,-0.3369140625,-0.660888671875,0.58837890625,64.0,7758.0,5267.0,-15.0,-1.0,-8.0,
1645023208086315870,0.321166992188,-0.336181640625,-0.661437988281,0.588500976562,91.0,7680.0,5262.0,-17.0,-2.0,-7.0,
1645023208091094255,0.320495605469,-0.335510253906,-0.661987304688,0.588684082031,108.0,7622.0,5213.0,-17.0,-1.0,-6.0,
1645023208095806837,0.319946289062,-0.334838867188,-0.662414550781,0.5888671875,111.0,7584.0,5151.0,-17.0,-1.0,-4.0,
1645023208100902080,0.319396972656,-0.334289550781,-0.662780761719,0.589050292969,117.0,7543.0,5079.0,-17.0,-1.0,-4.0,
1645023208108293294,0.31884765625,-0.333618164062,-0.663208007812,0.589233398438,127.0,7485.0,5014.0,-17.0,-1.0,-4.0,
1645023208114032030,0.318237304688,-0.332946777344,-0.663635253906,0.589477539062,137.0,7381.0,4963.0,-18.0,0.0,-4.0,
1645023208118623971,0.317687988281,-0.332092285156,-0.6640625,0.589782714844,128.0,7262.0,4917.0,-19.0,1.0,-4.0,
1645023208123611450,0.317077636719,-0.331237792969,-0.664489746094,0.590087890625,128.0,7167.0,4874.0,-20.0,1.0,-4.0,
1645023208128316402,0.31640625,-0.330383300781,-0.664916992188,0.590454101562,129.0,7128.0,4859.0,-20.0,2.0,-3.0,
1645023208132915258,0.315795898438,-0.329528808594,-0.665283203125,0.5908203125,121.0,7132.0,4859.0,-21.0,2.0,-2.0,
1645023208137497663,0.315124511719,-0.32861328125,-0.665710449219,0.591247558594,94.0,7143.0,4878.0,-22.0,2.0,-2.0,
1645023208141932725,0.314453125,-0.327575683594,-0.666137695312,0.591674804688,79.0,7145.0,4895.0,-23.0,2.0,-2.0,
1645023208146761417,0.313720703125,-0.326538085938,-0.666564941406,0.592163085938,77.0,7098.0,4943.0,-24.0,3.0,-2.0,
1645023208151358366,0.312927246094,-0.325500488281,-0.6669921875,0.592651367188,91.0,7030.0,5009.0,-24.0,3.0,-1.0,
1645023208155938386,0.312133789062,-0.324523925781,-0.667358398438,0.59326171875,106.0,6984.0,5104.0,-23.0,2.0,0.0,
1645023208160859346,0.311279296875,-0.323608398438,-0.667663574219,0.593811035156,123.0,6984.0,5201.0,-21.0,2.0,1.0,
1645023208166098594,0.310485839844,-0.322814941406,-0.667907714844,0.594360351562,138.0,6999.0,5287.0,-19.0,1.0,2.0,
1645023208178958892,0.309753417969,-0.322143554688,-0.668090820312,0.594909667969,161.0,6970.0,5359.0,-18.0,1.0,3.0,
1645023208179556131,0.30908203125,-0.321533203125,-0.668212890625,0.595458984375,175.0,6898.0,5430.0,-15.0,1.0,3.0,
1645023208191677331,0.308410644531,-0.321044921875,-0.668334960938,0.595947265625,197.0,6794.0,5490.0,-13.0,1.0,3.0,
1645023208192380428,0.307800292969,-0.320678710938,-0.668334960938,0.596435546875,227.0,6676.0,5507.0,-10.0,0.0,4.0,
1645023208192582130,0.307250976562,-0.320434570312,-0.668334960938,0.596862792969,242.0,6617.0,5497.0,-7.0,0.0,4.0,
1645023208195597887,0.306823730469,-0.320373535156,-0.668212890625,0.597229003906,242.0,6636.0,5474.0,-5.0,-1.0,5.0,
1645023208200304746,0.306396484375,-0.320434570312,-0.668090820312,0.597534179688,259.0,6685.0,5427.0,-4.0,-2.0,5.0,
1645023208205406188,0.306030273438,-0.320617675781,-0.66796875,0.597778320312,289.0,6707.0,5388.0,-3.0,-3.0,5.0,
1645023208211856126,0.3056640625,-0.320861816406,-0.667785644531,0.598083496094,339.0,6669.0,5364.0,-3.0,-3.0,5.0,
1645023208216950178,0.305358886719,-0.321044921875,-0.667663574219,0.598266601562,384.0,6581.0,5363.0,-1.0,-3.0,4.0,
1645023208221636056,0.305053710938,-0.321350097656,-0.66748046875,0.598510742188,375.0,6567.0,5349.0,2.0,-2.0,4.0,
1645023208226684570,0.304931640625,-0.321716308594,-0.667236328125,0.5986328125,345.0,6619.0,5303.0,4.0,-3.0,5.0,
1645023208230992078,0.304931640625,-0.322326660156,-0.666809082031,0.598754882812,318.0,6680.0,5232.0,7.0,-3.0,6.0,
1645023208235618114,0.305053710938,-0.322937011719,-0.666381835938,0.598815917969,290.0,6726.0,5153.0,8.0,-2.0,6.0,
1645023208240170478,0.305297851562,-0.323669433594,-0.665893554688,0.598876953125,248.0,6750.0,5096.0,10.0,-1.0,6.0,
1645023208245033025,0.3056640625,-0.324340820312,-0.665344238281,0.598937988281,191.0,6769.0,5088.0,12.0,0.0,6.0,
1645023208249662160,0.306091308594,-0.325134277344,-0.664794921875,0.598876953125,143.0,6831.0,5058.0,15.0,-1.0,6.0,
1645023208257002830,0.306640625,-0.326049804688,-0.664184570312,0.598815917969,125.0,6878.0,5016.0,17.0,0.0,6.0,
1645023208261816740,0.307373046875,-0.327026367188,-0.663452148438,0.5986328125,129.0,6847.0,4952.0,20.0,0.0,6.0,
1645023208266520500,0.308166503906,-0.328125,-0.662719726562,0.598510742188,126.0,6744.0,4921.0,22.0,1.0,5.0,
1645023208271609783,0.309020996094,-0.329223632812,-0.661926269531,0.598266601562,102.0,6605.0,4904.0,26.0,2.0,5.0,
1645023208275948286,0.310119628906,-0.330444335938,-0.661071777344,0.598022460938,67.0,6504.0,4866.0,31.0,2.0,5.0,
1645023208280698776,0.311401367188,-0.331909179688,-0.660095214844,0.597595214844,56.0,6453.0,4796.0,37.0,2.0,5.0,
1645023208285347223,0.31298828125,-0.333679199219,-0.658935546875,0.597106933594,61.0,6390.0,4708.0,42.0,2.0,6.0,
1645023208290158987,0.314758300781,-0.335632324219,-0.657592773438,0.596496582031,51.0,6319.0,4628.0,48.0,3.0,6.0,
1645023208295106410,0.316833496094,-0.337829589844,-0.656127929688,0.595764160156,26.0,6282.0,4536.0,55.0,5.0,6.0,
1645023208301954269,0.319274902344,-0.34033203125,-0.654479980469,0.594909667969,-10.0,6309.0,4441.0,63.0,5.0,6.0,
1645023208306895732,0.322021484375,-0.343017578125,-0.652648925781,0.593872070312,-45.0,6377.0,4359.0,69.0,6.0,6.0,
1645023208314145088,0.325012207031,-0.345947265625,-0.650634765625,0.592712402344,-63.0,6474.0,4295.0,75.0,7.0,5.0,
1645023208320860624,0.33154296875,-0.352111816406,-0.646362304688,0.590209960938,-102.0,6731.0,4255.0,83.0,9.0,5.0,
1645023208327119350,0.335021972656,-0.355285644531,-0.64404296875,0.5888671875,-145.0,6946.0,4271.0,86.0,10.0,5.0,
1645023208331537246,0.338623046875,-0.358520507812,-0.641662597656,0.58740234375,-174.0,7214.0,4244.0,88.0,10.0,4.0,
1645023208336100101,0.342346191406,-0.361755371094,-0.639221191406,0.585876464844,-201.0,7484.0,4270.0,89.0,11.0,4.0,
1645023208340598583,0.346008300781,-0.364990234375,-0.636779785156,0.584411621094,-213.0,7692.0,4343.0,88.0,11.0,5.0,
1645023208345547437,0.349548339844,-0.368103027344,-0.634338378906,0.5830078125,-204.0,7830.0,4416.0,88.0,12.0,5.0,
1645023208350445270,0.353088378906,-0.371215820312,-0.631896972656,0.581604003906,-202.0,7954.0,4464.0,89.0,12.0,5.0,
1645023208354951143,0.356628417969,-0.374328613281,-0.62939453125,0.580139160156,-192.0,8058.0,4483.0,89.0,12.0,5.0,
1645023208363125801,0.360107421875,-0.377502441406,-0.626831054688,0.578674316406,-173.0,8131.0,4478.0,89.0,11.0,6.0,
1645023208366580009,0.363464355469,-0.380615234375,-0.624328613281,0.577270507812,-145.0,8171.0,4477.0,87.0,10.0,6.0,
1645023208373347759,0.366577148438,-0.383605957031,-0.621948242188,0.575927734375,-121.0,8227.0,4426.0,84.0,9.0,7.0,
1645023208376383066,0.369506835938,-0.386474609375,-0.61962890625,0.574645996094,-102.0,8310.0,4342.0,79.0,8.0,7.0,
1645023208380822420,0.372131347656,-0.389221191406,-0.617431640625,0.573425292969,-71.0,8413.0,4227.0,72.0,7.0,7.0,
1645023208385657310,0.37451171875,-0.391723632812,-0.615356445312,0.572387695312,-2.0,8520.0,4109.0,64.0,6.0,8.0,
1645023208390532493,0.37646484375,-0.393981933594,-0.613525390625,0.571533203125,53.0,8594.0,4002.0,56.0,5.0,7.0,
1645023208395264863,0.378295898438,-0.395935058594,-0.61181640625,0.57080078125,63.0,8490.0,3932.0,49.0,6.0,7.0,
1645023208399738550,0.380004882812,-0.397644042969,-0.610229492188,0.570190429688,23.0,8280.0,3918.0,47.0,7.0,6.0,
1645023208407624959,0.381713867188,-0.399230957031,-0.608764648438,0.569458007812,-56.0,8127.0,3905.0,48.0,6.0,5.0,
1645023208413151979,0.383483886719,-0.400817871094,-0.607299804688,0.568725585938,-130.0,8036.0,3882.0,49.0,5.0,6.0,
1645023208423930883,0.387023925781,-0.404541015625,-0.604064941406,0.567138671875,-199.0,7931.0,3748.0,53.0,4.0,9.0,
1645023208432995796,0.390625,-0.408630371094,-0.600524902344,0.565490722656,-136.0,7851.0,3545.0,55.0,4.0,9.0,
1645023208437773942,0.392456054688,-0.410766601562,-0.598754882812,0.564636230469,-59.0,7792.0,3436.0,54.0,4.0,9.0,
1645023208442478656,0.394165039062,-0.412841796875,-0.596923828125,0.563781738281,20.0,7738.0,3313.0,53.0,4.0,8.0,
1645023208447050809,0.395874023438,-0.414855957031,-0.595153808594,0.56298828125,94.0,7677.0,3176.0,51.0,4.0,8.0,
1645023208451544284,0.397521972656,-0.416809082031,-0.593444824219,0.562255859375,162.0,7628.0,3032.0,49.0,5.0,8.0,
1645023208456324577,0.399108886719,-0.418579101562,-0.591735839844,0.5615234375,223.0,7584.0,2901.0,47.0,5.0,7.0,
1645023208460880041,0.400634765625,-0.420349121094,-0.590026855469,0.560913085938,276.0,7524.0,2768.0,45.0,6.0,7.0,
1645023208469830036,0.402221679688,-0.421997070312,-0.58837890625,0.560302734375,332.0,7455.0,2664.0,44.0,6.0,7.0,
1645023208470731258,0.403747558594,-0.423645019531,-0.586791992188,0.559631347656,415.0,7383.0,2567.0,44.0,7.0,6.0,
1645023208473501920,0.405395507812,-0.425354003906,-0.585083007812,0.559020996094,518.0,7353.0,2456.0,46.0,7.0,6.0,
1645023208481901884,0.407043457031,-0.427124023438,-0.583251953125,0.558288574219,622.0,7383.0,2355.0,47.0,8.0,6.0,
1645023208486697673,0.408752441406,-0.428894042969,-0.581420898438,0.5576171875,717.0,7453.0,2277.0,48.0,8.0,5.0,
1645023208492604494,0.410461425781,-0.4306640625,-0.57958984375,0.556884765625,777.0,7501.0,2263.0,47.0,9.0,4.0,
1645023208495949745,0.412170410156,-0.432250976562,-0.577880859375,0.556213378906,804.0,7498.0,2297.0,46.0,9.0,3.0,
1645023208500404119,0.413757324219,-0.433654785156,-0.576293945312,0.555541992188,789.0,7485.0,2342.0,44.0,9.0,2.0,
1645023208505218029,0.415283203125,-0.434814453125,-0.574829101562,0.554992675781,728.0,7488.0,2394.0,40.0,10.0,2.0,
1645023208509926795,0.416687011719,-0.435852050781,-0.573486328125,0.554504394531,627.0,7508.0,2432.0,36.0,10.0,2.0,
1645023208515600681,0.418029785156,-0.436645507812,-0.572326660156,0.554138183594,523.0,7538.0,2423.0,32.0,10.0,3.0,
1645023208521429300,0.419250488281,-0.437255859375,-0.571228027344,0.553833007812,418.0,7544.0,2381.0,27.0,10.0,2.0,
1645023208528113126,0.420288085938,-0.437622070312,-0.570373535156,0.553649902344,326.0,7519.0,2297.0,21.0,10.0,2.0,
1645023208532353878,0.421142578125,-0.437805175781,-0.569641113281,0.553649902344,237.0,7448.0,2195.0,14.0,10.0,1.0,
1645023208537019968,0.421752929688,-0.437683105469,-0.569152832031,0.5537109375,142.0,7307.0,2121.0,6.0,10.0,1.0,
1645023208541697263,0.422180175781,-0.437377929688,-0.56884765625,0.553955078125,34.0,7125.0,2082.0,1.0,10.0,1.0,
1645023208546107053,0.422485351562,-0.436889648438,-0.568664550781,0.554321289062,-86.0,7012.0,2080.0,-3.0,9.0,0.0,
1645023208551031589,0.422607421875,-0.436218261719,-0.568725585938,0.5546875,-197.0,6979.0,2099.0,-7.0,8.0,0.0,
1645023208555377483,0.422546386719,-0.435424804688,-0.568908691406,0.55517578125,-292.0,7004.0,2136.0,-12.0,7.0,0.0,
1645023208560184478,0.422241210938,-0.434387207031,-0.569396972656,0.555725097656,-379.0,7073.0,2208.0,-19.0,6.0,-1.0,
1645023208567023038,0.421691894531,-0.433044433594,-0.570129394531,0.556457519531,-447.0,7148.0,2293.0,-26.0,5.0,-2.0,
1645023208572108745,0.420776367188,-0.431518554688,-0.571105957031,0.557250976562,-509.0,7221.0,2401.0,-33.0,4.0,-3.0,
1645023208576699733,0.419677734375,-0.429809570312,-0.572326660156,0.558166503906,-558.0,7303.0,2500.0,-38.0,2.0,-4.0,
1645023208581521511,0.41845703125,-0.428039550781,-0.573669433594,0.55908203125,-594.0,7397.0,2576.0,-41.0,1.0,-5.0,
1645023208586047649,0.417114257812,-0.426208496094,-0.575073242188,0.559997558594,-604.0,7516.0,2655.0,-43.0,0.0,-5.0,
1645023208590688228,0.415771484375,-0.424499511719,-0.576477050781,0.560913085938,-597.0,7680.0,2713.0,-43.0,-1.0,-5.0,
1645023208595448970,0.414428710938,-0.422790527344,-0.577880859375,0.561706542969,-582.0,7852.0,2747.0,-43.0,-3.0,-5.0,
1645023208600263357,0.412963867188,-0.421203613281,-0.579345703125,0.562561035156,-544.0,7977.0,2764.0,-44.0,-4.0,-6.0,
1645023208607113361,0.411437988281,-0.419494628906,-0.580810546875,0.563354492188,-490.0,8001.0,2791.0,-46.0,-5.0,-6.0,
1645023208611645460,0.409790039062,-0.417663574219,-0.582458496094,0.564208984375,-435.0,7920.0,2838.0,-49.0,-5.0,-8.0,
1645023208618253231,0.408020019531,-0.415710449219,-0.584289550781,0.565063476562,-384.0,7745.0,2898.0,-51.0,-5.0,-10.0,
1645023208623709917,0.406188964844,-0.413635253906,-0.586242675781,0.56591796875,-348.0,7567.0,2949.0,-53.0,-6.0,-11.0,
1645023208628513336,0.404357910156,-0.411499023438,-0.588195800781,0.566711425781,-342.0,7441.0,2992.0,-53.0,-6.0,-13.0,
1645023208633024454,0.402526855469,-0.409362792969,-0.590209960938,0.567504882812,-330.0,7419.0,2978.0,-54.0,-7.0,-13.0,
1645023208637469291,0.400756835938,-0.4072265625,-0.592163085938,0.568237304688,-332.0,7494.0,2943.0,-55.0,-7.0,-13.0,
1645023208642280340,0.39892578125,-0.405090332031,-0.594177246094,0.568969726562,-349.0,7596.0,2916.0,-57.0,-6.0,-13.0,
1645023208646926164,0.397033691406,-0.40283203125,-0.59619140625,0.569702148438,-360.0,7632.0,2903.0,-60.0,-7.0,-13.0,
1645023208651500463,0.395080566406,-0.400512695312,-0.598327636719,0.570556640625,-351.0,7586.0,2879.0,-62.0,-7.0,-14.0,
1645023208656010389,0.393127441406,-0.398071289062,-0.600463867188,0.571350097656,-354.0,7525.0,2889.0,-62.0,-5.0,-15.0,
1645023208660852670,0.391174316406,-0.3955078125,-0.602661132812,0.572143554688,-379.0,7504.0,2951.0,-63.0,-5.0,-16.0,
1645023208665517091,0.38916015625,-0.392883300781,-0.604858398438,0.573059082031,-398.0,7481.0,3010.0,-65.0,-5.0,-15.0,
1645023208670478105,0.387023925781,-0.390258789062,-0.607055664062,0.573913574219,-417.0,7435.0,3078.0,-66.0,-6.0,-14.0,
1645023208674992561,0.384826660156,-0.387634277344,-0.609252929688,0.574890136719,-429.0,7307.0,3217.0,-66.0,-6.0,-13.0,
1645023208682114124,0.382507324219,-0.384948730469,-0.611511230469,0.575805664062,-417.0,7146.0,3367.0,-65.0,-6.0,-14.0,
1645023208686813116,0.38037109375,-0.38232421875,-0.613647460938,0.57666015625,-412.0,7031.0,3525.0,-61.0,-6.0,-14.0,
1645023208691558122,0.378479003906,-0.380004882812,-0.615600585938,0.577392578125,-412.0,6982.0,3656.0,-54.0,-5.0,-14.0,
1645023208696440935,0.376892089844,-0.377990722656,-0.617309570312,0.578002929688,-409.0,7020.0,3746.0,-46.0,-5.0,-12.0,
1645023208701021671,0.37548828125,-0.376281738281,-0.618713378906,0.578491210938,-386.0,7110.0,3786.0,-40.0,-5.0,-10.0,
1645023208705593824,0.374267578125,-0.374816894531,-0.619934082031,0.578918457031,-342.0,7227.0,3782.0,-36.0,-4.0,-9.0,
1645023208710450172,0.373107910156,-0.37353515625,-0.621032714844,0.579284667969,-297.0,7378.0,3767.0,-34.0,-4.0,-9.0,
1645023208713924407,0.371948242188,-0.372192382812,-0.622192382812,0.579650878906,-239.0,7530.0,3722.0,-36.0,-4.0,-9.0,
1645023208720386505,0.370666503906,-0.370727539062,-0.623413085938,0.580078125,-170.0,7658.0,3672.0,-40.0,-4.0,-10.0,
1645023208726866245,0.369201660156,-0.369018554688,-0.624816894531,0.580627441406,-94.0,7771.0,3642.0,-47.0,-4.0,-11.0,
1645023208732968807,0.367553710938,-0.367065429688,-0.626342773438,0.581298828125,-35.0,7923.0,3634.0,-52.0,-3.0,-13.0,
1645023208737049579,0.36572265625,-0.364807128906,-0.628051757812,0.581970214844,5.0,8121.0,3622.0,-59.0,-3.0,-14.0,
1645023208741711616,0.363647460938,-0.3623046875,-0.629943847656,0.582885742188,39.0,8333.0,3622.0,-67.0,-3.0,-14.0,
1645023208746513605,0.361206054688,-0.359436035156,-0.631958007812,0.583923339844,98.0,8490.0,3638.0,-76.0,-3.0,-14.0,
1645023208751255035,0.358520507812,-0.356201171875,-0.634216308594,0.585144042969,181.0,8557.0,3698.0,-85.0,-2.0,-15.0,
1645023208755990982,0.35546875,-0.352600097656,-0.636596679688,0.586608886719,275.0,8547.0,3795.0,-93.0,-1.0,-15.0,
1645023208760667562,0.352111816406,-0.3486328125,-0.639099121094,0.588195800781,370.0,8488.0,3881.0,-100.0,0.0,-16.0,
1645023208765496015,0.348571777344,-0.344421386719,-0.641723632812,0.589904785156,485.0,8398.0,3933.0,-105.0,1.0,-16.0,
1645023208768800020,0.344970703125,-0.340026855469,-0.644348144531,0.591735839844,571.0,8296.0,4006.0,-109.0,2.0,-17.0,
1645023208777389526,0.341247558594,-0.33544921875,-0.647033691406,0.593627929688,634.0,8209.0,4085.0,-112.0,3.0,-16.0,
1645023208781847476,0.337463378906,-0.330749511719,-0.649658203125,0.595581054688,673.0,8164.0,4140.0,-114.0,4.0,-15.0,
1645023208786203145,0.333618164062,-0.326049804688,-0.652221679688,0.597534179688,728.0,8145.0,4154.0,-116.0,3.0,-14.0,
1645023208790884494,0.329711914062,-0.321350097656,-0.654724121094,0.599487304688,817.0,8112.0,4143.0,-117.0,3.0,-13.0,
1645023208795708179,0.325744628906,-0.316650390625,-0.657104492188,0.601501464844,907.0,8055.0,4171.0,-118.0,5.0,-12.0,
1645023208800439596,0.321716308594,-0.311889648438,-0.659423828125,0.603637695312,981.0,8018.0,4216.0,-119.0,6.0,-11.0,
1645023208833133935,0.317687988281,-0.307067871094,-0.661682128906,0.605773925781,1039.0,7982.0,4243.0,-119.0,7.0,-10.0,
1645023208845577716,0.313842773438,-0.302429199219,-0.663757324219,0.607849121094,1077.0,7887.0,4306.0,-116.0,8.0,-9.0,
1645023208846226930,0.310180664062,-0.297912597656,-0.665710449219,0.60986328125,1090.0,7716.0,4411.0,-110.0,9.0,-8.0,
1645023208846693515,0.306640625,-0.293640136719,-0.66748046875,0.611755371094,1114.0,7496.0,4548.0,-102.0,8.0,-7.0,
1645023208847110748,0.303344726562,-0.28955078125,-0.669189453125,0.613464355469,1155.0,7289.0,4708.0,-95.0,8.0,-7.0,
1645023208847496271,0.300170898438,-0.285827636719,-0.670715332031,0.615051269531,1154.0,7159.0,4935.0,-88.0,7.0,-8.0,
1645023208847924947,0.297241210938,-0.282348632812,-0.672180175781,0.616516113281,1104.0,7118.0,5191.0,-81.0,6.0,-7.0,
1645023208848326921,0.294372558594,-0.279113769531,-0.673583984375,0.617858886719,1039.0,7137.0,5436.0,-77.0,3.0,-6.0,
1645023208848583936,0.29150390625,-0.276000976562,-0.674926757812,0.619140625,973.0,7190.0,5655.0,-76.0,2.0,-5.0,
1645023208852943420,0.288391113281,-0.272766113281,-0.676330566406,0.620483398438,892.0,7266.0,5854.0,-81.0,1.0,-4.0,
1645023208857422590,0.284912109375,-0.269287109375,-0.677795410156,0.622009277344,835.0,7364.0,5974.0,-89.0,-1.0,-3.0,
1645023208862009763,0.281005859375,-0.265502929688,-0.679382324219,0.623657226562,806.0,7449.0,6050.0,-100.0,-3.0,-2.0,
1645023208866800308,0.276611328125,-0.261291503906,-0.681091308594,0.625549316406,801.0,7435.0,6074.0,-113.0,-3.0,-1.0,
1645023208871358871,0.271789550781,-0.256591796875,-0.682983398438,0.627563476562,800.0,7262.0,6104.0,-123.0,-2.0,-1.0,
1645023208876068353,0.266723632812,-0.25146484375,-0.684936523438,0.629699707031,749.0,6948.0,6123.0,-129.0,-1.0,-2.0,
1645023208880633831,0.261535644531,-0.245971679688,-0.686889648438,0.631896972656,641.0,6530.0,6122.0,-132.0,1.0,-2.0,
1645023208885063886,0.25634765625,-0.240356445312,-0.688903808594,0.633972167969,521.0,6025.0,6135.0,-130.0,0.0,-2.0,
1645023208890789270,0.251281738281,-0.23486328125,-0.690795898438,0.635986328125,386.0,5470.0,6172.0,-125.0,0.0,-1.0,
1645023208896869897,0.246520996094,-0.229614257812,-0.692626953125,0.637817382812,235.0,4940.0,6247.0,-116.0,0.0,-1.0,
1645023208901564121,0.242065429688,-0.224792480469,-0.694274902344,0.639404296875,105.0,4451.0,6307.0,-104.0,-1.0,-1.0,
1645023208906259536,0.238159179688,-0.220581054688,-0.695678710938,0.640808105469,1.0,4012.0,6373.0,-89.0,-2.0,-1.0,
1645023208910952091,0.23486328125,-0.217041015625,-0.696899414062,0.641906738281,-92.0,3680.0,6462.0,-74.0,-2.0,-1.0,
1645023208915612459,0.232116699219,-0.214172363281,-0.697875976562,0.642822265625,-186.0,3532.0,6553.0,-59.0,-3.0,-1.0,
1645023208920462608,0.229858398438,-0.212036132812,-0.698669433594,0.643493652344,-240.0,3562.0,6579.0,-46.0,-5.0,0.0,
1645023208927626132,0.228088378906,-0.210510253906,-0.69921875,0.643981933594,-249.0,3708.0,6559.0,-37.0,-5.0,0.0,
1645023208932780027,0.226623535156,-0.209350585938,-0.69970703125,0.644409179688,-235.0,3912.0,6535.0,-32.0,-5.0,0.0,
1645023208937242031,0.225341796875,-0.208312988281,-0.700073242188,0.644775390625,-211.0,4070.0,6545.0,-29.0,-4.0,0.0,
1645023208941748142,0.224182128906,-0.207336425781,-0.700378417969,0.645141601562,-203.0,4115.0,6648.0,-27.0,-2.0,0.0,
1645023208946385383,0.223083496094,-0.206298828125,-0.70068359375,0.645568847656,-229.0,4060.0,6772.0,-24.0,-1.0,0.0,
1645023208951328039,0.222106933594,-0.205261230469,-0.700988769531,0.645874023438,-257.0,3935.0,6908.0,-20.0,-1.0,0.0,
1645023208955771923,0.221374511719,-0.204467773438,-0.701171875,0.646179199219,-297.0,3767.0,7039.0,-12.0,0.0,0.0,
1645023208960529565,0.220886230469,-0.203979492188,-0.701293945312,0.646362304688,-326.0,3620.0,7092.0,-4.0,-1.0,1.0,
1645023208963607549,0.220764160156,-0.203918457031,-0.701293945312,0.646423339844,-328.0,3571.0,7073.0,5.0,-1.0,1.0,
1645023208972896814,0.221130371094,-0.204406738281,-0.701049804688,0.646423339844,-303.0,3594.0,6982.0,14.0,-1.0,2.0,
1645023208976598501,0.221862792969,-0.205322265625,-0.70068359375,0.646240234375,-252.0,3611.0,6870.0,23.0,0.0,3.0,
1645023208981479406,0.222961425781,-0.206604003906,-0.7001953125,0.646057128906,-197.0,3620.0,6788.0,30.0,1.0,3.0,
1645023208986066341,0.224304199219,-0.208129882812,-0.699584960938,0.645751953125,-140.0,3636.0,6733.0,37.0,2.0,3.0,
1645023208990660190,0.225891113281,-0.209899902344,-0.698913574219,0.645324707031,-101.0,3745.0,6711.0,43.0,2.0,2.0,
1645023208995084524,0.227783203125,-0.2119140625,-0.698120117188,0.644897460938,-76.0,3959.0,6694.0,48.0,2.0,2.0,
1645023208998723745,0.229858398438,-0.214050292969,-0.697265625,0.644348144531,-34.0,4193.0,6657.0,51.0,3.0,3.0,
1645023209006777286,0.232055664062,-0.216430664062,-0.6962890625,0.643798828125,16.0,4389.0,6631.0,53.0,4.0,3.0,
1645023209011329889,0.234375,-0.218811035156,-0.695251464844,0.643249511719,69.0,4529.0,6627.0,55.0,5.0,3.0,
1645023209016026735,0.23681640625,-0.221313476562,-0.694152832031,0.642700195312,93.0,4713.0,6667.0,59.0,5.0,3.0,
1645023209020673990,0.239379882812,-0.223937988281,-0.692993164062,0.64208984375,85.0,4954.0,6681.0,62.0,5.0,4.0,
1645023209027234554,0.2421875,-0.226745605469,-0.691711425781,0.641418457031,55.0,5222.0,6700.0,65.0,6.0,5.0,
1645023209030543327,0.2451171875,-0.229614257812,-0.690368652344,0.640808105469,35.0,5441.0,6699.0,67.0,7.0,6.0,
1645023209037032365,0.248229980469,-0.232543945312,-0.688842773438,0.64013671875,12.0,5573.0,6695.0,70.0,8.0,7.0,
1645023209041750669,0.251403808594,-0.235473632812,-0.687316894531,0.639526367188,-7.0,5626.0,6672.0,73.0,10.0,8.0,
1645023209046504497,0.254760742188,-0.238525390625,-0.685607910156,0.638854980469,-42.0,5677.0,6640.0,77.0,11.0,9.0,
1645023209051177978,0.25830078125,-0.241638183594,-0.683776855469,0.638244628906,-81.0,5761.0,6548.0,80.0,11.0,10.0,
1645023209055959701,0.261962890625,-0.244934082031,-0.681823730469,0.637573242188,-108.0,5806.0,6455.0,82.0,12.0,12.0,
1645023209060613155,0.265625,-0.248229980469,-0.679809570312,0.636901855469,-113.0,5816.0,6345.0,84.0,13.0,12.0,
1645023209063853740,0.269409179688,-0.251403808594,-0.677795410156,0.63623046875,-104.0,5836.0,6219.0,84.0,14.0,11.0,
1645023209068876266,0.273132324219,-0.254638671875,-0.675720214844,0.635559082031,-79.0,5855.0,6106.0,83.0,15.0,12.0,
1645023209077349901,0.276916503906,-0.2578125,-0.673583984375,0.634887695312,-65.0,5839.0,6054.0,84.0,16.0,12.0,
1645023209109913349,0.280700683594,-0.260986328125,-0.671447753906,0.634216308594,-77.0,5800.0,6073.0,86.0,17.0,11.0,
1645023209110421180,0.28466796875,-0.26416015625,-0.669250488281,0.633422851562,-115.0,5768.0,6102.0,90.0,17.0,11.0,
1645023209110854387,0.288879394531,-0.267456054688,-0.6669921875,0.632568359375,-165.0,5773.0,6114.0,95.0,18.0,10.0,
1645023209111369371,0.293334960938,-0.271057128906,-0.664611816406,0.631530761719,-204.0,5822.0,6121.0,102.0,18.0,11.0,
1645023209111679315,0.298095703125,-0.27490234375,-0.661987304688,0.63037109375,-221.0,5931.0,6111.0,109.0,19.0,11.0,
1645023209112504243,0.303100585938,-0.279113769531,-0.6591796875,0.629028320312,-213.0,6114.0,6022.0,117.0,19.0,12.0,
1645023209113142967,0.308471679688,-0.283569335938,-0.656127929688,0.627624511719,-216.0,6306.0,5916.0,122.0,20.0,13.0,
1645023209117544174,0.314025878906,-0.288208007812,-0.652954101562,0.626098632812,-272.0,6482.0,5844.0,126.0,21.0,13.0,
1645023209122153282,0.319763183594,-0.292846679688,-0.649658203125,0.624450683594,-333.0,6641.0,5751.0,130.0,23.0,12.0,
1645023209126919031,0.325744628906,-0.297546386719,-0.646240234375,0.622619628906,-388.0,6770.0,5670.0,135.0,24.0,11.0,
1645023209133975505,0.331909179688,-0.302307128906,-0.642761230469,0.620666503906,-448.0,6822.0,5606.0,139.0,25.0,11.0,
1645023209140430688,0.344909667969,-0.312194824219,-0.635375976562,0.616333007812,-514.0,6844.0,5368.0,152.0,27.0,10.0,
1645023209145109653,0.351745605469,-0.317504882812,-0.63134765625,0.613952636719,-515.0,6982.0,5119.0,157.0,27.0,10.0,
1645023209149637222,0.358703613281,-0.322998046875,-0.627075195312,0.611389160156,-533.0,7182.0,4879.0,159.0,28.0,11.0,
1645023209154222965,0.36572265625,-0.328430175781,-0.622741699219,0.608703613281,-546.0,7387.0,4681.0,159.0,28.0,11.0,
1645023209159024238,0.37255859375,-0.333679199219,-0.618469238281,0.606018066406,-550.0,7522.0,4508.0,155.0,28.0,10.0,
1645023209163837194,0.379150390625,-0.338623046875,-0.614318847656,0.603454589844,-548.0,7500.0,4379.0,149.0,28.0,9.0,
1645023209171940803,0.385437011719,-0.343200683594,-0.610290527344,0.601013183594,-565.0,7415.0,4251.0,144.0,28.0,8.0,
1645023209176745414,0.391540527344,-0.347534179688,-0.606323242188,0.598571777344,-621.0,7398.0,4093.0,141.0,29.0,8.0,
1645023209181003093,0.397583007812,-0.351745605469,-0.602416992188,0.596069335938,-698.0,7466.0,3901.0,137.0,28.0,8.0,
1645023209185541629,0.403564453125,-0.355895996094,-0.598449707031,0.593566894531,-788.0,7539.0,3733.0,135.0,28.0,8.0,
1645023209188788890,0.409484863281,-0.359985351562,-0.594482421875,0.591003417969,-861.0,7564.0,3580.0,134.0,28.0,8.0,
1645023209195086479,0.415466308594,-0.364013671875,-0.590515136719,0.58837890625,-907.0,7511.0,3470.0,135.0,28.0,7.0,
1645023209206384181,0.421447753906,-0.368103027344,-0.58642578125,0.585632324219,-929.0,7444.0,3356.0,139.0,28.0,7.0,
1645023209206908702,0.427490234375,-0.372375488281,-0.582214355469,0.582763671875,-925.0,7400.0,3219.0,143.0,28.0,7.0,
1645023209210901975,0.433654785156,-0.376770019531,-0.577819824219,0.579711914062,-899.0,7396.0,3066.0,148.0,28.0,7.0,
1645023209215617895,0.440063476562,-0.381408691406,-0.573181152344,0.576538085938,-860.0,7450.0,2900.0,154.0,29.0,8.0,
1645023209218861103,0.446533203125,-0.38623046875,-0.568298339844,0.573120117188,-818.0,7593.0,2716.0,159.0,29.0,8.0,
1645023209223838090,0.453125,-0.39111328125,-0.563232421875,0.569641113281,-774.0,7788.0,2533.0,161.0,29.0,8.0,
1645023209231929302,0.459655761719,-0.39599609375,-0.55810546875,0.566040039062,-739.0,7960.0,2391.0,161.0,29.0,8.0,
1645023209238620758,0.466064453125,-0.400695800781,-0.553100585938,0.562438964844,-711.0,8100.0,2272.0,159.0,29.0,7.0,
1645023209243229866,0.472290039062,-0.4052734375,-0.548095703125,0.558837890625,-689.0,8229.0,2180.0,156.0,28.0,6.0,
1645023209247983217,0.478332519531,-0.409729003906,-0.543151855469,0.555236816406,-670.0,8408.0,2080.0,154.0,28.0,7.0,
1645023209252595901,0.484191894531,-0.4140625,-0.538269042969,0.551696777344,-659.0,8639.0,1996.0,150.0,27.0,8.0,
1645023209259157180,0.489685058594,-0.418273925781,-0.533508300781,0.54833984375,-631.0,8908.0,1923.0,144.0,25.0,8.0,
1645023209261674642,0.494812011719,-0.422241210938,-0.528869628906,0.545104980469,-574.0,9166.0,1868.0,137.0,23.0,9.0,
1645023209266712903,0.499572753906,-0.425964355469,-0.524536132812,0.542053222656,-513.0,9346.0,1813.0,129.0,22.0,8.0,
1645023209271596193,0.504028320312,-0.429504394531,-0.520324707031,0.539245605469,-462.0,9438.0,1789.0,121.0,21.0,8.0,
1645023209276777267,0.508117675781,-0.432739257812,-0.516357421875,0.536560058594,-410.0,9458.0,1778.0,115.0,20.0,9.0,
1645023209281022548,0.511840820312,-0.435852050781,-0.512573242188,0.534118652344,-353.0,9438.0,1750.0,109.0,18.0,9.0,
1645023209285674571,0.515319824219,-0.438781738281,-0.509033203125,0.531799316406,-308.0,9404.0,1750.0,102.0,17.0,9.0,
1645023209290569305,0.518432617188,-0.441528320312,-0.505676269531,0.529663085938,-263.0,9368.0,1759.0,95.0,15.0,9.0,
1645023209293675661,0.521362304688,-0.444091796875,-0.502563476562,0.527648925781,-219.0,9310.0,1786.0,90.0,13.0,9.0,
1645023209301804780,0.52392578125,-0.446533203125,-0.499633789062,0.525817871094,-174.0,9230.0,1791.0,84.0,11.0,9.0,
1645023209306536912,0.526184082031,-0.448852539062,-0.497009277344,0.524108886719,-133.0,9157.0,1764.0,77.0,9.0,10.0,
1645023209311374664,0.528137207031,-0.450988769531,-0.494567871094,0.522521972656,-68.0,9066.0,1693.0,70.0,7.0,10.0,
1645023209315906047,0.52978515625,-0.453063964844,-0.492370605469,0.521179199219,8.0,8930.0,1565.0,62.0,5.0,10.0,
1645023209320518970,0.53125,-0.454956054688,-0.490356445312,0.519958496094,75.0,8734.0,1409.0,56.0,4.0,9.0,
1645023209323724985,0.532592773438,-0.456665039062,-0.488464355469,0.518859863281,129.0,8525.0,1254.0,50.0,3.0,9.0,
1645023209328630924,0.53369140625,-0.458312988281,-0.486755371094,0.517822265625,172.0,8314.0,1132.0,45.0,2.0,9.0,
1645023209334240198,0.53466796875,-0.459777832031,-0.485229492188,0.516906738281,212.0,8119.0,1010.0,41.0,1.0,8.0,
1645023209340204238,0.535583496094,-0.461181640625,-0.483825683594,0.51611328125,220.0,7946.0,895.0,37.0,1.0,7.0,
1645023209345093011,0.536437988281,-0.462463378906,-0.482482910156,0.515319824219,212.0,7761.0,806.0,35.0,1.0,7.0,
1645023209349787235,0.537231445312,-0.463623046875,-0.481201171875,0.514587402344,175.0,7577.0,720.0,33.0,2.0,7.0,
1645023209354538917,0.5380859375,-0.464782714844,-0.47998046875,0.513854980469,112.0,7443.0,655.0,33.0,2.0,7.0,
1645023209359042882,0.538940429688,-0.465881347656,-0.478759765625,0.513122558594,46.0,7333.0,589.0,32.0,2.0,7.0,
1645023209363963127,0.539733886719,-0.466918945312,-0.477722167969,0.512329101562,-22.0,7259.0,511.0,31.0,1.0,5.0,
1645023209371954202,0.540588378906,-0.467834472656,-0.476684570312,0.511474609375,-85.0,7217.0,421.0,30.0,1.0,4.0,
1645023209376793146,0.541442871094,-0.468688964844,-0.475769042969,0.510681152344,-156.0,7223.0,310.0,28.0,1.0,2.0,
1645023209381534814,0.542297363281,-0.469421386719,-0.474975585938,0.509826660156,-235.0,7273.0,187.0,26.0,0.0,1.0,
1645023209387579441,0.543090820312,-0.470092773438,-0.474243164062,0.509033203125,-315.0,7384.0,63.0,23.0,0.0,1.0,
1645023209390617609,0.543701171875,-0.470642089844,-0.473754882812,0.508361816406,-389.0,7522.0,-52.0,18.0,-1.0,0.0,
1645023209393963336,0.544250488281,-0.471008300781,-0.473388671875,0.5078125,-446.0,7686.0,-141.0,13.0,-1.0,-1.0,
1645023209402211666,0.544616699219,-0.47119140625,-0.473205566406,0.507385253906,-493.0,7859.0,-206.0,8.0,-1.0,-2.0,
1645023209406879663,0.544799804688,-0.471252441406,-0.473205566406,0.507080078125,-519.0,8044.0,-281.0,4.0,-1.0,-2.0,
1645023209411679983,0.544921875,-0.471252441406,-0.473266601562,0.506896972656,-539.0,8249.0,-323.0,0.0,-1.0,-2.0,
1645023209416463136,0.544921875,-0.47119140625,-0.473449707031,0.5068359375,-542.0,8491.0,-356.0,-3.0,-2.0,-2.0,
1645023209420949220,0.544677734375,-0.471008300781,-0.473754882812,0.506958007812,-536.0,8761.0,-377.0,-8.0,-3.0,-1.0,
1645023209424144744,0.544189453125,-0.470703125,-0.474243164062,0.507263183594,-526.0,9044.0,-352.0,-14.0,-4.0,-1.0,
1645023209429636240,0.54345703125,-0.47021484375,-0.475036621094,0.5078125,-495.0,9285.0,-359.0,-21.0,-5.0,-1.0,
1645023209434204578,0.542419433594,-0.469604492188,-0.475952148438,0.508605957031,-445.0,9406.0,-376.0,-28.0,-6.0,0.0,
1645023209443201780,0.541198730469,-0.468933105469,-0.476989746094,0.509582519531,-384.0,9410.0,-399.0,-33.0,-6.0,1.0,
1645023209451392650,0.538330078125,-0.467224121094,-0.479370117188,0.511962890625,-240.0,9220.0,-469.0,-42.0,-6.0,1.0,
1645023209459112882,0.536743164062,-0.466247558594,-0.480651855469,0.513305664062,-161.0,9062.0,-513.0,-45.0,-6.0,1.0,
1645023209471337795,0.535095214844,-0.465270996094,-0.48193359375,0.514709472656,-96.0,8889.0,-538.0,-47.0,-6.0,1.0,
1645023209472032308,0.533447265625,-0.464233398438,-0.483215332031,0.516174316406,-45.0,8728.0,-576.0,-47.0,-5.0,1.0,
1645023209472484350,0.531860351562,-0.463134765625,-0.484497070312,0.517578125,-9.0,8566.0,-569.0,-48.0,-4.0,1.0,
1645023209484913110,0.5302734375,-0.462036132812,-0.485778808594,0.518981933594,30.0,8384.0,-558.0,-47.0,-4.0,0.0,
1645023209485676527,0.528747558594,-0.460876464844,-0.487060546875,0.520385742188,55.0,8197.0,-530.0,-46.0,-3.0,-1.0,
1645023209485800027,0.52734375,-0.459716796875,-0.48828125,0.521728515625,64.0,8043.0,-479.0,-45.0,-2.0,-1.0,
1645023209492624044,0.526000976562,-0.45849609375,-0.489440917969,0.523010253906,64.0,7935.0,-419.0,-43.0,-2.0,-2.0,
1645023209496510267,0.524719238281,-0.457336425781,-0.490600585938,0.524230957031,44.0,7889.0,-337.0,-42.0,-1.0,-2.0,
1645023209501055240,0.5234375,-0.456176757812,-0.49169921875,0.525451660156,22.0,7903.0,-256.0,-40.0,-1.0,-2.0,
1645023209506252527,0.522277832031,-0.454956054688,-0.492858886719,0.526672363281,-8.0,7948.0,-153.0,-39.0,-1.0,-3.0,
1645023209509269237,0.521057128906,-0.453674316406,-0.494018554688,0.52783203125,-30.0,8011.0,-46.0,-40.0,-1.0,-3.0,
1645023209513884305,0.519775390625,-0.452392578125,-0.495239257812,0.529052734375,-53.0,8076.0,74.0,-41.0,-1.0,-4.0,
1645023209522209644,0.518432617188,-0.450988769531,-0.49658203125,0.530334472656,-66.0,8130.0,186.0,-43.0,-1.0,-4.0,
1645023209526705503,0.517028808594,-0.449523925781,-0.497985839844,0.531616210938,-83.0,8212.0,293.0,-45.0,-1.0,-4.0,
1645023209530664920,0.515502929688,-0.447998046875,-0.499389648438,0.533020019531,-110.0,8338.0,387.0,-47.0,-2.0,-4.0,
1645023209535610914,0.513854980469,-0.446411132812,-0.5009765625,0.534484863281,-136.0,8487.0,496.0,-51.0,-3.0,-4.0,
1645023209542393922,0.511962890625,-0.444641113281,-0.502807617188,0.5361328125,-148.0,8635.0,593.0,-57.0,-4.0,-4.0,
1645023209547375202,0.509826660156,-0.442687988281,-0.504760742188,0.537902832031,-159.0,8751.0,670.0,-63.0,-5.0,-5.0,
1645023209552045822,0.507507324219,-0.440490722656,-0.506958007812,0.539794921875,-160.0,8809.0,744.0,-69.0,-5.0,-6.0,
1645023209556856870,0.505004882812,-0.438171386719,-0.50927734375,0.541809082031,-147.0,8788.0,827.0,-75.0,-5.0,-6.0,
1645023209561408042,0.502319335938,-0.435668945312,-0.511779785156,0.5439453125,-127.0,8702.0,897.0,-79.0,-6.0,-7.0,
1645023209566106796,0.499572753906,-0.43310546875,-0.514343261719,0.546142578125,-117.0,8564.0,966.0,-82.0,-6.0,-7.0,
1645023209571221828,0.496765136719,-0.430480957031,-0.516906738281,0.54833984375,-127.0,8399.0,1032.0,-83.0,-6.0,-7.0,
1645023209576155185,0.493957519531,-0.427856445312,-0.519409179688,0.550537109375,-142.0,8254.0,1086.0,-82.0,-6.0,-7.0,
1645023209578966617,0.4912109375,-0.425354003906,-0.521850585938,0.552612304688,-159.0,8133.0,1141.0,-80.0,-6.0,-6.0,
1645023209583875417,0.488586425781,-0.422973632812,-0.524230957031,0.554626464844,-163.0,8039.0,1195.0,-76.0,-6.0,-6.0,
1645023209588475942,0.486022949219,-0.420715332031,-0.526428222656,0.556457519531,-158.0,7973.0,1254.0,-73.0,-7.0,-5.0,
1645023209597128152,0.483520507812,-0.418579101562,-0.528503417969,0.558227539062,-144.0,7937.0,1308.0,-69.0,-7.0,-5.0,
1645023209601498603,0.481201171875,-0.416625976562,-0.530456542969,0.559936523438,-121.0,7918.0,1359.0,-66.0,-7.0,-5.0,
1645023209609949111,0.478881835938,-0.414672851562,-0.532348632812,0.5615234375,-97.0,7916.0,1415.0,-63.0,-6.0,-4.0,
1645023209611219882,0.476684570312,-0.412902832031,-0.534057617188,0.563049316406,-80.0,7922.0,1464.0,-60.0,-6.0,-4.0,
1645023209614200115,0.474548339844,-0.4111328125,-0.535766601562,0.564575195312,-96.0,7930.0,1522.0,-58.0,-6.0,-4.0,
1645023209619483232,0.472473144531,-0.409362792969,-0.537414550781,0.565979003906,-115.0,7944.0,1573.0,-57.0,-6.0,-3.0,
1645023209644560337,0.470397949219,-0.407653808594,-0.5390625,0.5673828125,-129.0,7956.0,1634.0,-57.0,-6.0,-3.0,
1645023209646275281,0.468322753906,-0.405944824219,-0.540710449219,0.568786621094,-143.0,8005.0,1670.0,-56.0,-6.0,-3.0,
1645023209646607160,0.466247558594,-0.404235839844,-0.542297363281,0.570190429688,-144.0,8105.0,1679.0,-57.0,-6.0,-3.0,
1645023209647156000,0.464050292969,-0.402526855469,-0.5439453125,0.571655273438,-133.0,8258.0,1683.0,-59.0,-7.0,-2.0,
1645023209647365093,0.461730957031,-0.400817871094,-0.545593261719,0.573120117188,-114.0,8434.0,1693.0,-63.0,-8.0,-2.0,
1645023209651985168,0.459228515625,-0.398986816406,-0.54736328125,0.574768066406,-100.0,8610.0,1706.0,-67.0,-8.0,-2.0,
1645023209660871744,0.453674316406,-0.394775390625,-0.551208496094,0.578369140625,-56.0,8821.0,1781.0,-77.0,-8.0,-2.0,
1645023209667877435,0.45068359375,-0.392456054688,-0.553283691406,0.580322265625,-37.0,8813.0,1860.0,-80.0,-7.0,-2.0,
1645023209672822475,0.447692871094,-0.390014648438,-0.555297851562,0.582336425781,-25.0,8741.0,1954.0,-81.0,-7.0,-2.0,
1645023209677806615,0.444580078125,-0.387512207031,-0.557373046875,0.584350585938,-38.0,8646.0,2054.0,-81.0,-6.0,-2.0,
1645023209681778192,0.441528320312,-0.385009765625,-0.559448242188,0.586364746094,-43.0,8548.0,2167.0,-80.0,-6.0,-1.0,
1645023209686710357,0.4384765625,-0.382629394531,-0.561401367188,0.58837890625,-50.0,8445.0,2277.0,-78.0,-7.0,-1.0,
1645023209692836046,0.435546875,-0.380310058594,-0.563293457031,0.590209960938,-67.0,8341.0,2396.0,-74.0,-7.0,-1.0,
1645023209695045471,0.432800292969,-0.378112792969,-0.565063476562,0.591979980469,-79.0,8245.0,2530.0,-70.0,-7.0,0.0,
1645023209699045896,0.430114746094,-0.376098632812,-0.566711425781,0.593627929688,-92.0,8145.0,2651.0,-66.0,-7.0,0.0,
1645023209704281568,0.427612304688,-0.374206542969,-0.568237304688,0.595153808594,-101.0,8049.0,2760.0,-61.0,-6.0,0.0,
1645023209711697101,0.425231933594,-0.372497558594,-0.569641113281,0.596618652344,-109.0,7964.0,2862.0,-56.0,-6.0,1.0,
1645023209717034339,0.423095703125,-0.370910644531,-0.570861816406,0.597900390625,-115.0,7890.0,2961.0,-51.0,-6.0,2.0,
1645023209720741033,0.421081542969,-0.369567871094,-0.571960449219,0.59912109375,-131.0,7831.0,3024.0,-46.0,-6.0,2.0,
1645023209723991870,0.419250488281,-0.368408203125,-0.572937011719,0.600219726562,-150.0,7771.0,3076.0,-41.0,-6.0,3.0,
1645023209728587150,0.417602539062,-0.367370605469,-0.57373046875,0.601196289062,-171.0,7742.0,3111.0,-37.0,-6.0,3.0,
1645023209736645460,0.416076660156,-0.366516113281,-0.574462890625,0.602111816406,-187.0,7770.0,3135.0,-33.0,-6.0,4.0,
1645023209741503715,0.414672851562,-0.365844726562,-0.575073242188,0.602905273438,-192.0,7842.0,3156.0,-30.0,-7.0,5.0,
1645023209750782012,0.411743164062,-0.364685058594,-0.576293945312,0.604431152344,-206.0,8103.0,3196.0,-31.0,-8.0,5.0,
1645023209755355358,0.410095214844,-0.364013671875,-0.577026367188,0.605285644531,-214.0,8258.0,3207.0,-35.0,-9.0,5.0,
1645023209760235309,0.408142089844,-0.363098144531,-0.577941894531,0.606262207031,-207.0,8408.0,3223.0,-43.0,-10.0,5.0,
1645023209764971733,0.405883789062,-0.361938476562,-0.5791015625,0.607360839844,-189.0,8527.0,3233.0,-52.0,-11.0,4.0,
1645023209771914482,0.403259277344,-0.360473632812,-0.580444335938,0.608764648438,-159.0,8597.0,3254.0,-60.0,-11.0,4.0,
1645023209774552345,0.400329589844,-0.358703613281,-0.581909179688,0.610290527344,-133.0,8605.0,3293.0,-68.0,-11.0,4.0,
1645023209779180049,0.397216796875,-0.356689453125,-0.583435058594,0.611999511719,-122.0,8542.0,3350.0,-74.0,-10.0,4.0,
1645023209783666372,0.393920898438,-0.3544921875,-0.585083007812,0.613891601562,-115.0,8429.0,3433.0,-77.0,-9.0,5.0,
1645023209788249015,0.390563964844,-0.352172851562,-0.586730957031,0.615783691406,-118.0,8288.0,3523.0,-78.0,-9.0,5.0,
1645023209796419143,0.387145996094,-0.349853515625,-0.58837890625,0.617614746094,-126.0,8141.0,3639.0,-77.0,-9.0,6.0,
1645023209801306962,0.383850097656,-0.34765625,-0.589965820312,0.619506835938,-134.0,7995.0,3775.0,-75.0,-9.0,6.0,
1645023209805823802,0.380615234375,-0.345520019531,-0.591430664062,0.621276855469,-140.0,7863.0,3906.0,-71.0,-10.0,7.0,
1645023209809288024,0.377502441406,-0.343627929688,-0.592712402344,0.622924804688,-138.0,7740.0,4033.0,-66.0,-10.0,8.0,
1645023209814247846,0.37451171875,-0.341979980469,-0.593872070312,0.62451171875,-136.0,7626.0,4160.0,-60.0,-11.0,9.0,
1645023209818696498,0.371765136719,-0.340637207031,-0.594909667969,0.6259765625,-135.0,7535.0,4279.0,-53.0,-11.0,10.0,
