1646145008606191873,-0.668579101562,0.733337402344,-0.0714111328125,-0.100708007812,2576.0,1597.0,-13632.0,128.0,-8.0,-1.0,
1646145008608524084,-0.669860839844,0.732116699219,-0.0792236328125,-0.0946655273438,2849.0,593.0,-13672.0,146.0,24.0,-13.0,
1646145008613563299,-0.671203613281,0.730529785156,-0.0884399414062,-0.089599609375,3378.0,-116.0,-13445.0,151.0,38.0,-18.0,
1646145008621118783,-0.672546386719,0.728698730469,-0.0971069335938,-0.0850830078125,3775.0,-501.0,-13149.0,143.0,29.0,-21.0,
1646145008625837326,-0.67431640625,0.726806640625,-0.103271484375,-0.0800170898438,3712.0,-623.0,-12654.0,126.0,-4.0,-28.0,
1646145008630727052,-0.676574707031,0.724792480469,-0.107055664062,-0.0741577148438,3193.0,-617.0,-11882.0,113.0,-32.0,-35.0,
1646145008635081768,-0.678955078125,0.722717285156,-0.109619140625,-0.0686645507812,2482.0,-614.0,-11139.0,97.0,-33.0,-40.0,
1646145008638945817,-0.681213378906,0.720520019531,-0.1123046875,-0.064697265625,1851.0,-796.0,-10647.0,81.0,-7.0,-43.0,
1646145008643768310,-0.683166503906,0.71826171875,-0.116149902344,-0.0621948242188,1486.0,-1167.0,-10104.0,75.0,26.0,-41.0,
1646145008651685476,-0.684814453125,0.716003417969,-0.120971679688,-0.060791015625,1410.0,-1578.0,-9467.0,68.0,45.0,-41.0,
1646145008656132459,-0.686462402344,0.713684082031,-0.125610351562,-0.0603637695312,1503.0,-1862.0,-8860.0,53.0,47.0,-43.0,
1646145008661616563,-0.687927246094,0.711608886719,-0.129089355469,-0.0606079101562,1763.0,-1957.0,-8358.0,33.0,39.0,-41.0,
1646145008670319557,-0.689025878906,0.710021972656,-0.131591796875,-0.0617065429688,2113.0,-1835.0,-8104.0,14.0,34.0,-32.0,
1646145008671975374,-0.689636230469,0.708923339844,-0.133544921875,-0.0635375976562,2372.0,-1605.0,-8050.0,2.0,35.0,-21.0,
1646145008677345991,-0.68994140625,0.708190917969,-0.134887695312,-0.0653686523438,2553.0,-1433.0,-8027.0,-1.0,31.0,-14.0,
1646145008681468963,-0.690063476562,0.707702636719,-0.136047363281,-0.066650390625,2773.0,-1349.0,-8035.0,1.0,23.0,-9.0,
1646145008686189413,-0.690063476562,0.707458496094,-0.137023925781,-0.0672607421875,2984.0,-1304.0,-8054.0,4.0,12.0,-3.0,
1646145008690694808,-0.68994140625,0.70751953125,-0.137451171875,-0.0670166015625,3032.0,-1251.0,-8066.0,6.0,-5.0,3.0,
1646145008695425271,-0.689758300781,0.707885742188,-0.13720703125,-0.06591796875,2849.0,-1157.0,-8000.0,8.0,-19.0,8.0,
1646145008700247049,-0.689453125,0.708374023438,-0.13671875,-0.0642700195312,2516.0,-1057.0,-7895.0,12.0,-23.0,11.0,
1646145008703550100,-0.689147949219,0.708862304688,-0.136535644531,-0.062744140625,2169.0,-959.0,-7868.0,14.0,-15.0,12.0,
1646145008708999395,-0.688903808594,0.709228515625,-0.13671875,-0.0614013671875,1867.0,-864.0,-7867.0,17.0,-7.0,9.0,
1646145008717124700,-0.688720703125,0.709350585938,-0.137329101562,-0.060302734375,1665.0,-797.0,-7898.0,21.0,1.0,6.0,
1646145008731585264,-0.688659667969,0.709289550781,-0.138427734375,-0.0594482421875,1553.0,-788.0,-7965.0,24.0,8.0,2.0,
1646145008731970548,-0.688598632812,0.709045410156,-0.140014648438,-0.0587768554688,1497.0,-834.0,-8066.0,27.0,16.0,0.0,
1646145008732305526,-0.6884765625,0.708801269531,-0.142028808594,-0.0581665039062,1498.0,-916.0,-8185.0,30.0,21.0,0.0,
1646145008743933200,-0.688354492188,0.708557128906,-0.14404296875,-0.0574951171875,1553.0,-1001.0,-8255.0,30.0,19.0,1.0,
1646145008744713783,-0.688232421875,0.708374023438,-0.145935058594,-0.0567626953125,1658.0,-1088.0,-8317.0,29.0,14.0,2.0,
1646145008746498823,-0.688171386719,0.708190917969,-0.147583007812,-0.0558471679688,1769.0,-1158.0,-8303.0,28.0,9.0,2.0,
1646145008751690864,-0.688049316406,0.708068847656,-0.149047851562,-0.054931640625,1856.0,-1212.0,-8258.0,25.0,6.0,2.0,
1646145008755362749,-0.687927246094,0.707946777344,-0.150512695312,-0.05419921875,1919.0,-1250.0,-8200.0,24.0,8.0,2.0,
1646145008763761520,-0.687805175781,0.707763671875,-0.152099609375,-0.0537109375,2016.0,-1280.0,-8135.0,23.0,13.0,2.0,
1646145008764323949,-0.687683105469,0.70751953125,-0.153930664062,-0.0535278320312,2160.0,-1308.0,-8093.0,22.0,18.0,0.0,
1646145008771063566,-0.687622070312,0.707153320312,-0.155822753906,-0.053466796875,2317.0,-1332.0,-8058.0,22.0,18.0,-3.0,
1646145008775740861,-0.687744140625,0.706665039062,-0.157531738281,-0.0534057617188,2449.0,-1353.0,-8032.0,21.0,15.0,-5.0,
1646145008780400037,-0.68798828125,0.706115722656,-0.159057617188,-0.0532836914062,2507.0,-1364.0,-8010.0,19.0,12.0,-8.0,
1646145008784902811,-0.688293457031,0.705505371094,-0.160461425781,-0.0531005859375,2484.0,-1372.0,-7936.0,19.0,12.0,-9.0,
1646145008790304660,-0.688659667969,0.704772949219,-0.161926269531,-0.0530395507812,2452.0,-1383.0,-7830.0,19.0,15.0,-11.0,
1646145008799991846,-0.689025878906,0.704040527344,-0.163452148438,-0.05322265625,2461.0,-1398.0,-7736.0,17.0,18.0,-13.0,
1646145008802219867,-0.689453125,0.703247070312,-0.164916992188,-0.0536499023438,2484.0,-1399.0,-7660.0,13.0,20.0,-14.0,
1646145008806814193,-0.689880371094,0.702453613281,-0.166198730469,-0.05419921875,2492.0,-1398.0,-7594.0,10.0,19.0,-15.0,
1646145008811321020,-0.690368652344,0.701721191406,-0.167297363281,-0.0548706054688,2468.0,-1393.0,-7572.0,6.0,18.0,-15.0,
1646145008815824270,-0.690795898438,0.701049804688,-0.168090820312,-0.0554809570312,2406.0,-1389.0,-7584.0,4.0,16.0,-14.0,
1646145008820612907,-0.691162109375,0.700500488281,-0.168762207031,-0.0560913085938,2345.0,-1383.0,-7623.0,2.0,15.0,-13.0,
1646145008825306177,-0.691467285156,0.700012207031,-0.169250488281,-0.0567626953125,2305.0,-1367.0,-7711.0,0.0,14.0,-12.0,
1646145008829818010,-0.691833496094,0.699523925781,-0.169738769531,-0.057373046875,2271.0,-1343.0,-7796.0,0.0,14.0,-11.0,
1646145008832811355,-0.692077636719,0.699096679688,-0.170166015625,-0.0579223632812,2267.0,-1323.0,-7851.0,0.0,13.0,-10.0,
1646145008851906538,-0.692260742188,0.69873046875,-0.170654296875,-0.0584716796875,2288.0,-1307.0,-7867.0,1.0,13.0,-8.0,
1646145008852482318,-0.6923828125,0.698425292969,-0.171264648438,-0.0590209960938,2304.0,-1305.0,-7883.0,1.0,14.0,-7.0,
1646145008853018522,-0.692504882812,0.698120117188,-0.171936035156,-0.0595703125,2308.0,-1308.0,-7890.0,2.0,14.0,-6.0,
1646145008855333566,-0.692626953125,0.697814941406,-0.172546386719,-0.06005859375,2312.0,-1319.0,-7869.0,2.0,14.0,-6.0,
1646145008859825611,-0.692749023438,0.697448730469,-0.173217773438,-0.0604858398438,2344.0,-1319.0,-7858.0,3.0,13.0,-6.0,
1646145008864674806,-0.69287109375,0.697082519531,-0.174072265625,-0.060791015625,2440.0,-1296.0,-7780.0,6.0,14.0,-7.0,
1646145008871894598,-0.692993164062,0.696655273438,-0.175109863281,-0.0611572265625,2577.0,-1259.0,-7689.0,9.0,14.0,-6.0,
1646145008875307083,-0.693115234375,0.696228027344,-0.176208496094,-0.0614013671875,2686.0,-1215.0,-7604.0,11.0,12.0,-6.0,
1646145008882011890,-0.693359375,0.69580078125,-0.177124023438,-0.0614013671875,2756.0,-1197.0,-7534.0,12.0,6.0,-6.0,
1646145008888493537,-0.693603515625,0.695434570312,-0.177673339844,-0.0611572265625,2785.0,-1204.0,-7483.0,11.0,0.0,-6.0,
1646145008891612529,-0.693908691406,0.695129394531,-0.177917480469,-0.0606079101562,2773.0,-1230.0,-7457.0,10.0,-5.0,-6.0,
1646145008895815372,-0.694274902344,0.69482421875,-0.177978515625,-0.0598754882812,2706.0,-1257.0,-7447.0,9.0,-9.0,-6.0,
1646145008900402545,-0.694580078125,0.694580078125,-0.177856445312,-0.0590209960938,2575.0,-1269.0,-7438.0,9.0,-11.0,-5.0,
1646145008903866291,-0.69482421875,0.694458007812,-0.177673339844,-0.0581665039062,2401.0,-1269.0,-7425.0,8.0,-11.0,-3.0,
1646145008908711194,-0.695068359375,0.694396972656,-0.177429199219,-0.057373046875,2234.0,-1268.0,-7408.0,7.0,-9.0,-3.0,
1646145008912839889,-0.6953125,0.694213867188,-0.17724609375,-0.0567016601562,2088.0,-1277.0,-7443.0,6.0,-7.0,-4.0,
1646145008920708179,-0.695556640625,0.694091796875,-0.177062988281,-0.0560913085938,1982.0,-1293.0,-7464.0,5.0,-4.0,-5.0,
1646145008925272226,-0.69580078125,0.69384765625,-0.176940917969,-0.0556640625,1921.0,-1291.0,-7489.0,4.0,-2.0,-6.0,
1646145008959016084,-0.696044921875,0.693664550781,-0.176940917969,-0.0554809570312,1903.0,-1258.0,-7488.0,3.0,-1.0,-6.0,
1646145008959866762,-0.6962890625,0.693481445312,-0.176879882812,-0.0554809570312,1914.0,-1207.0,-7484.0,1.0,1.0,-5.0,
1646145008960535764,-0.696411132812,0.693298339844,-0.1767578125,-0.0556030273438,1963.0,-1154.0,-7464.0,-1.0,2.0,-4.0,
1646145008960720062,-0.696594238281,0.693176269531,-0.176574707031,-0.0558471679688,2042.0,-1123.0,-7463.0,-3.0,1.0,-4.0,
1646145008961381912,-0.696716308594,0.693115234375,-0.176330566406,-0.05615234375,2110.0,-1106.0,-7459.0,-5.0,1.0,-4.0,
1646145008961987733,-0.69677734375,0.693054199219,-0.176025390625,-0.0565185546875,2151.0,-1114.0,-7473.0,-6.0,0.0,-3.0,
1646145008962243318,-0.696838378906,0.693054199219,-0.175720214844,-0.0568237304688,2189.0,-1116.0,-7479.0,-7.0,0.0,-3.0,
1646145008963172197,-0.696960449219,0.692993164062,-0.175476074219,-0.05712890625,2256.0,-1110.0,-7465.0,-6.0,2.0,-3.0,
1646145008970498085,-0.697082519531,0.69287109375,-0.175415039062,-0.0575561523438,2362.0,-1108.0,-7448.0,-5.0,3.0,-4.0,
1646145008977077960,-0.697265625,0.692626953125,-0.17529296875,-0.0579833984375,2474.0,-1126.0,-7460.0,-5.0,1.0,-6.0,
1646145008981717824,-0.697570800781,0.6923828125,-0.175048828125,-0.058349609375,2562.0,-1158.0,-7491.0,-6.0,-1.0,-7.0,
1646145008986296415,-0.697875976562,0.692077636719,-0.1748046875,-0.05859375,2621.0,-1201.0,-7530.0,-5.0,-3.0,-8.0,
1646145008991118669,-0.698181152344,0.691833496094,-0.174499511719,-0.0587158203125,2650.0,-1240.0,-7560.0,-5.0,-4.0,-8.0,
1646145008995590448,-0.698486328125,0.691589355469,-0.174255371094,-0.0587768554688,2647.0,-1281.0,-7587.0,-4.0,-4.0,-7.0,
1646145009000715255,-0.698791503906,0.69140625,-0.173950195312,-0.0587768554688,2619.0,-1337.0,-7613.0,-3.0,-5.0,-6.0,
1646145009007505655,-0.699035644531,0.691223144531,-0.173583984375,-0.0586547851562,2561.0,-1400.0,-7626.0,-4.0,-5.0,-6.0,
1646145009008560419,-0.69921875,0.691162109375,-0.173217773438,-0.0585327148438,2495.0,-1462.0,-7621.0,-5.0,-6.0,-5.0,
1646145009013024568,-0.699401855469,0.691101074219,-0.172790527344,-0.0584716796875,2429.0,-1492.0,-7613.0,-6.0,-5.0,-4.0,
1646145009020935773,-0.699584960938,0.690979003906,-0.172302246094,-0.0585327148438,2358.0,-1509.0,-7583.0,-7.0,-4.0,-5.0,
1646145009025648355,-0.69970703125,0.69091796875,-0.171875,-0.0586547851562,2298.0,-1511.0,-7557.0,-8.0,-2.0,-5.0,
1646145009030832290,-0.699890136719,0.690856933594,-0.17138671875,-0.0589599609375,2250.0,-1507.0,-7534.0,-10.0,0.0,-5.0,
1646145009034879684,-0.700012207031,0.690795898438,-0.170959472656,-0.0593872070312,2222.0,-1507.0,-7508.0,-11.0,0.0,-5.0,
1646145009038856506,-0.7001953125,0.690734863281,-0.170471191406,-0.0598754882812,2218.0,-1505.0,-7495.0,-12.0,1.0,-6.0,
1646145009048449516,-0.700317382812,0.690612792969,-0.170104980469,-0.0604248046875,2240.0,-1493.0,-7504.0,-12.0,2.0,-5.0,
1646145009052612066,-0.700439453125,0.690551757812,-0.169738769531,-0.0609130859375,2262.0,-1480.0,-7514.0,-11.0,2.0,-5.0,
1646145009055338859,-0.700622558594,0.6904296875,-0.169494628906,-0.0614013671875,2270.0,-1472.0,-7512.0,-10.0,2.0,-5.0,
1646145009059835433,-0.700744628906,0.690307617188,-0.169250488281,-0.0618286132812,2273.0,-1471.0,-7493.0,-9.0,2.0,-6.0,
1646145009097990512,-0.700866699219,0.690185546875,-0.169067382812,-0.062255859375,2291.0,-1501.0,-7524.0,-8.0,3.0,-6.0,
1646145009099664211,-0.700988769531,0.690063476562,-0.1689453125,-0.0626220703125,2363.0,-1551.0,-7519.0,-7.0,4.0,-5.0,
1646145009103618144,-0.701110839844,0.689880371094,-0.169128417969,-0.06298828125,2382.0,-1614.0,-7329.0,-4.0,5.0,-5.0,
1646145009107117891,-0.701232910156,0.689575195312,-0.169372558594,-0.0633544921875,2327.0,-1680.0,-7245.0,-4.0,5.0,-7.0,
1646145009110394001,-0.701599121094,0.689270019531,-0.169311523438,-0.063720703125,2365.0,-1651.0,-7408.0,-8.0,4.0,-11.0,
1646145009112225770,-0.701782226562,0.689025878906,-0.169189453125,-0.064208984375,2490.0,-1468.0,-7500.0,-6.0,5.0,-7.0,
1646145009113204717,-0.701904296875,0.688842773438,-0.169311523438,-0.0645141601562,2582.0,-1293.0,-7467.0,1.0,2.0,-4.0,
1646145009113850593,-0.702087402344,0.688598632812,-0.169372558594,-0.0645141601562,2611.0,-1261.0,-7421.0,4.0,-2.0,-4.0,
1646145009115183115,-0.702331542969,0.688415527344,-0.169372558594,-0.0643310546875,2613.0,-1319.0,-7458.0,3.0,-4.0,-4.0,
1646145009116612195,-0.702453613281,0.688293457031,-0.169372558594,-0.06396484375,2634.0,-1370.0,-7509.0,2.0,-5.0,-3.0,
1646145009119380474,-0.702575683594,0.688232421875,-0.16943359375,-0.0635986328125,2658.0,-1395.0,-7506.0,3.0,-4.0,-2.0,
1646145009121482610,-0.702697753906,0.688110351562,-0.16943359375,-0.063232421875,2679.0,-1414.0,-7513.0,3.0,-5.0,-3.0,
1646145009127194166,-0.702880859375,0.68798828125,-0.169311523438,-0.0628662109375,2687.0,-1437.0,-7520.0,2.0,-7.0,-3.0,
1646145009131609201,-0.703063964844,0.687927246094,-0.169189453125,-0.0624389648438,2650.0,-1457.0,-7513.0,1.0,-8.0,-3.0,
1646145009136433124,-0.703186035156,0.687805175781,-0.1689453125,-0.06201171875,2602.0,-1457.0,-7522.0,1.0,-8.0,-3.0,
1646145009140995025,-0.703369140625,0.687744140625,-0.168701171875,-0.0615234375,2555.0,-1434.0,-7532.0,1.0,-8.0,-3.0,
1646145009145195007,-0.703552246094,0.687683105469,-0.16845703125,-0.0610961914062,2501.0,-1416.0,-7513.0,2.0,-7.0,-3.0,
1646145009151911973,-0.703735351562,0.687622070312,-0.168273925781,-0.0606689453125,2452.0,-1416.0,-7489.0,2.0,-7.0,-3.0,
1646145009185508251,-0.703857421875,0.6875,-0.168151855469,-0.060302734375,2415.0,-1430.0,-7449.0,2.0,-6.0,-3.0,
1646145009186050415,-0.703979492188,0.687438964844,-0.168090820312,-0.0599975585938,2378.0,-1443.0,-7399.0,1.0,-4.0,-3.0,
1646145009186304569,-0.7041015625,0.687316894531,-0.16796875,-0.0597534179688,2328.0,-1452.0,-7395.0,0.0,-3.0,-3.0,
1646145009187352180,-0.704223632812,0.687255859375,-0.167846679688,-0.0595703125,2288.0,-1442.0,-7383.0,-1.0,-3.0,-3.0,
1646145009187589883,-0.704345703125,0.687194824219,-0.167785644531,-0.0594482421875,2237.0,-1437.0,-7334.0,-1.0,-1.0,-3.0,
1646145009188411951,-0.704467773438,0.687072753906,-0.167724609375,-0.0594482421875,2192.0,-1449.0,-7332.0,-2.0,0.0,-3.0,
1646145009190436363,-0.704711914062,0.686828613281,-0.167602539062,-0.0596313476562,2150.0,-1433.0,-7404.0,-3.0,2.0,-5.0,
1646145009196505784,-0.704833984375,0.686645507812,-0.167602539062,-0.0597534179688,2127.0,-1421.0,-7424.0,-2.0,3.0,-5.0,
1646145009201928138,-0.705017089844,0.686462402344,-0.167602539062,-0.0599365234375,2155.0,-1428.0,-7497.0,-2.0,3.0,-5.0,
1646145009206101655,-0.705139160156,0.686340332031,-0.167663574219,-0.06005859375,2202.0,-1421.0,-7568.0,-2.0,3.0,-5.0,
1646145009211124658,-0.705261230469,0.686218261719,-0.167785644531,-0.0601196289062,2225.0,-1418.0,-7603.0,0.0,2.0,-3.0,
1646145009214907884,-0.705322265625,0.686157226562,-0.167846679688,-0.0601196289062,2243.0,-1435.0,-7637.0,1.0,1.0,-2.0,
1646145009219630002,-0.705322265625,0.686096191406,-0.167907714844,-0.0599365234375,2262.0,-1453.0,-7666.0,1.0,0.0,-1.0,
1646145009224227190,-0.705261230469,0.686157226562,-0.168029785156,-0.0597534179688,2269.0,-1456.0,-7659.0,1.0,0.0,1.0,
1646145009227708816,-0.705200195312,0.686218261719,-0.168029785156,-0.0595703125,2258.0,-1459.0,-7658.0,1.0,-1.0,1.0,
1646145009232438564,-0.705200195312,0.686279296875,-0.168090820312,-0.059326171875,2248.0,-1443.0,-7676.0,1.0,-2.0,1.0,
1646145009245516061,-0.705139160156,0.686340332031,-0.168029785156,-0.05908203125,2242.0,-1423.0,-7673.0,1.0,-2.0,1.0,
1646145009246044874,-0.705139160156,0.686401367188,-0.16796875,-0.058837890625,2237.0,-1400.0,-7663.0,1.0,-2.0,1.0,
1646145009247629642,-0.705078125,0.686462402344,-0.167907714844,-0.0586547851562,2252.0,-1385.0,-7665.0,1.0,-2.0,1.0,
1646145009269036769,-0.705017089844,0.6865234375,-0.167907714844,-0.0584716796875,2277.0,-1375.0,-7656.0,1.0,-2.0,1.0,
1646145009273468255,-0.704956054688,0.686645507812,-0.167907714844,-0.0582885742188,2290.0,-1366.0,-7623.0,1.0,-2.0,2.0,
1646145009275726318,-0.704833984375,0.686767578125,-0.16796875,-0.0580444335938,2302.0,-1371.0,-7578.0,1.0,-2.0,2.0,
1646145009277850627,-0.704711914062,0.686889648438,-0.16796875,-0.0579223632812,2312.0,-1371.0,-7534.0,0.0,-2.0,2.0,
1646145009278190612,-0.704650878906,0.686950683594,-0.16796875,-0.0578002929688,2317.0,-1369.0,-7495.0,0.0,-1.0,1.0,
1646145009282182455,-0.70458984375,0.68701171875,-0.16796875,-0.0577392578125,2325.0,-1365.0,-7443.0,-1.0,-1.0,1.0,
1646145009287539482,-0.70458984375,0.687072753906,-0.16796875,-0.0576782226562,2329.0,-1353.0,-7397.0,-2.0,-1.0,0.0,
1646145009292142391,-0.70458984375,0.687072753906,-0.167846679688,-0.0577392578125,2326.0,-1347.0,-7366.0,-2.0,0.0,-1.0,
1646145009296653747,-0.70458984375,0.687072753906,-0.167785644531,-0.0578002929688,2330.0,-1340.0,-7363.0,-3.0,-1.0,-2.0,
1646145009301219701,-0.704650878906,0.687072753906,-0.167663574219,-0.057861328125,2325.0,-1336.0,-7352.0,-3.0,-1.0,-2.0,
1646145009305710315,-0.704650878906,0.68701171875,-0.167602539062,-0.0579223632812,2318.0,-1340.0,-7357.0,-2.0,0.0,-1.0,
1646145009310020208,-0.704650878906,0.68701171875,-0.167602539062,-0.0579223632812,2314.0,-1338.0,-7400.0,-1.0,0.0,-1.0,
1646145009314663410,-0.704650878906,0.687072753906,-0.167602539062,-0.057861328125,2316.0,-1323.0,-7440.0,0.0,0.0,0.0,
1646145009319874763,-0.70458984375,0.687072753906,-0.167724609375,-0.0577392578125,2323.0,-1313.0,-7425.0,1.0,0.0,1.0,
1646145009322825670,-0.704528808594,0.687194824219,-0.167785644531,-0.0576171875,2333.0,-1341.0,-7471.0,2.0,0.0,2.0,
1646145009327627658,-0.704406738281,0.687316894531,-0.167846679688,-0.0573120117188,2333.0,-1349.0,-7506.0,1.0,-2.0,3.0,
1646145009335489511,-0.704284667969,0.6875,-0.167785644531,-0.0570068359375,2245.0,-1333.0,-7419.0,1.0,-4.0,3.0,
1646145009340251684,-0.704223632812,0.687622070312,-0.167602539062,-0.0567016601562,2181.0,-1354.0,-7496.0,0.0,-3.0,2.0,
1646145009344808101,-0.704162597656,0.687744140625,-0.167419433594,-0.0565185546875,2200.0,-1358.0,-7632.0,-2.0,-2.0,1.0,
1646145009349575519,-0.703979492188,0.687866210938,-0.16748046875,-0.056396484375,2248.0,-1355.0,-7687.0,1.0,1.0,3.0,
1646145009353348255,-0.703796386719,0.688049316406,-0.167724609375,-0.0562133789062,2289.0,-1401.0,-7699.0,3.0,1.0,4.0,
1646145009360657453,-0.70361328125,0.688171386719,-0.167846679688,-0.0559692382812,2303.0,-1472.0,-7749.0,2.0,-1.0,4.0,
1646145009365187168,-0.703430175781,0.688415527344,-0.167846679688,-0.0556640625,2317.0,-1514.0,-7812.0,0.0,-2.0,4.0,
1646145009369680643,-0.703247070312,0.688659667969,-0.167846679688,-0.055419921875,2319.0,-1525.0,-7819.0,0.0,-2.0,4.0,
1646145009378262996,-0.703063964844,0.688842773438,-0.167785644531,-0.05517578125,2303.0,-1535.0,-7794.0,0.0,-2.0,4.0,
1646145009379784822,-0.702941894531,0.689025878906,-0.167663574219,-0.0549926757812,2288.0,-1553.0,-7758.0,-2.0,-2.0,2.0,
1646145009382731676,-0.702880859375,0.689147949219,-0.167541503906,-0.054931640625,2248.0,-1549.0,-7695.0,-3.0,-2.0,1.0,
1646145009387509346,-0.702819824219,0.689208984375,-0.167419433594,-0.054931640625,2221.0,-1526.0,-7628.0,-4.0,0.0,0.0,
1646145009395858526,-0.702758789062,0.689270019531,-0.167297363281,-0.0551147460938,2227.0,-1491.0,-7584.0,-5.0,1.0,-1.0,
1646145009400250196,-0.702758789062,0.689331054688,-0.167175292969,-0.055419921875,2253.0,-1457.0,-7538.0,-5.0,2.0,-1.0,
1646145009404880285,-0.702758789062,0.689331054688,-0.167114257812,-0.0557250976562,2276.0,-1434.0,-7477.0,-5.0,2.0,-1.0,
1646145009409764528,-0.702697753906,0.689331054688,-0.167114257812,-0.0560302734375,2281.0,-1414.0,-7408.0,-5.0,2.0,-1.0,
1646145009413025617,-0.702758789062,0.689270019531,-0.1669921875,-0.0562744140625,2256.0,-1385.0,-7354.0,-5.0,1.0,-2.0,
1646145009417241334,-0.702758789062,0.689270019531,-0.166809082031,-0.0565185546875,2237.0,-1352.0,-7332.0,-5.0,1.0,-3.0,
1646145009436454772,-0.702819824219,0.689208984375,-0.166687011719,-0.0567626953125,2252.0,-1325.0,-7346.0,-5.0,1.0,-3.0,
1646145009437001705,-0.702819824219,0.689208984375,-0.166625976562,-0.056884765625,2268.0,-1301.0,-7328.0,-3.0,2.0,-1.0,
1646145009437346696,-0.702819824219,0.689208984375,-0.166687011719,-0.0570068359375,2256.0,-1309.0,-7315.0,-1.0,1.0,0.0,
1646145009449522972,-0.702758789062,0.689270019531,-0.166687011719,-0.0570068359375,2239.0,-1327.0,-7350.0,-1.0,1.0,1.0,
1646145009487116336,-0.70263671875,0.689392089844,-0.166687011719,-0.0569458007812,2232.0,-1327.0,-7419.0,-1.0,0.0,2.0,
1646145009488018751,-0.702453613281,0.689575195312,-0.166748046875,-0.0568237304688,2221.0,-1318.0,-7456.0,0.0,0.0,3.0,
1646145009490135908,-0.702331542969,0.689758300781,-0.166748046875,-0.0567016601562,2219.0,-1342.0,-7518.0,1.0,0.0,3.0,
1646145009490919351,-0.7021484375,0.689880371094,-0.166870117188,-0.0565185546875,2258.0,-1386.0,-7604.0,1.0,0.0,3.0,
1646145009491521835,-0.701965332031,0.690063476562,-0.1669921875,-0.0563354492188,2299.0,-1417.0,-7675.0,1.0,0.0,4.0,
1646145009491981267,-0.701721191406,0.690246582031,-0.167114257812,-0.0560913085938,2323.0,-1448.0,-7718.0,2.0,0.0,4.0,
1646145009494754314,-0.701538085938,0.6904296875,-0.167297363281,-0.0558471679688,2345.0,-1482.0,-7757.0,2.0,-1.0,4.0,
1646145009495240211,-0.701354980469,0.690612792969,-0.167419433594,-0.0555419921875,2358.0,-1507.0,-7772.0,2.0,-1.0,4.0,
1646145009496210575,-0.701232910156,0.690795898438,-0.167541503906,-0.0552978515625,2369.0,-1518.0,-7766.0,2.0,-1.0,3.0,
1646145009499574422,-0.701049804688,0.690979003906,-0.167724609375,-0.054931640625,2364.0,-1527.0,-7705.0,0.0,-1.0,1.0,
1646145009503186464,-0.700988769531,0.691040039062,-0.167724609375,-0.0548095703125,2360.0,-1513.0,-7638.0,0.0,-1.0,1.0,
1646145009508095026,-0.700927734375,0.691040039062,-0.167663574219,-0.0547485351562,2366.0,-1503.0,-7588.0,-2.0,-1.0,0.0,
1646145009511134624,-0.700988769531,0.691040039062,-0.167541503906,-0.0548095703125,2372.0,-1492.0,-7552.0,-3.0,-1.0,-1.0,
1646145009516120433,-0.700988769531,0.691040039062,-0.167419433594,-0.0548095703125,2358.0,-1472.0,-7515.0,-3.0,-2.0,-2.0,
1646145009521049499,-0.701110839844,0.691040039062,-0.167175292969,-0.0548706054688,2320.0,-1455.0,-7478.0,-4.0,-2.0,-2.0,
1646145009525356054,-0.701171875,0.690979003906,-0.1669921875,-0.054931640625,2275.0,-1434.0,-7473.0,-4.0,-2.0,-3.0,
1646145009530308723,-0.701232910156,0.69091796875,-0.166809082031,-0.0549926757812,2237.0,-1418.0,-7450.0,-4.0,0.0,-3.0,
1646145009566205501,-0.701293945312,0.69091796875,-0.166748046875,-0.05517578125,2228.0,-1402.0,-7444.0,-3.0,2.0,-2.0,
1646145009567211866,-0.701293945312,0.690856933594,-0.166748046875,-0.0553588867188,2228.0,-1388.0,-7437.0,-3.0,3.0,-2.0,
1646145009569031476,-0.701293945312,0.690856933594,-0.166809082031,-0.0554809570312,2219.0,-1377.0,-7420.0,-2.0,3.0,-1.0,
1646145009569319725,-0.701232910156,0.690856933594,-0.166870117188,-0.0555419921875,2203.0,-1367.0,-7418.0,-1.0,2.0,0.0,
1646145009569989681,-0.701171875,0.69091796875,-0.1669921875,-0.0556030273438,2192.0,-1365.0,-7422.0,0.0,3.0,0.0,
1646145009570678710,-0.701110839844,0.69091796875,-0.167175292969,-0.0556640625,2197.0,-1361.0,-7432.0,0.0,3.0,0.0,
1646145009572003841,-0.701049804688,0.690979003906,-0.167358398438,-0.0556030273438,2219.0,-1359.0,-7444.0,2.0,3.0,1.0,
1646145009572969198,-0.700927734375,0.690979003906,-0.167602539062,-0.0555419921875,2261.0,-1363.0,-7483.0,2.0,3.0,1.0,
1646145009575679540,-0.700805664062,0.691101074219,-0.167907714844,-0.055419921875,2301.0,-1372.0,-7508.0,3.0,2.0,2.0,
1646145009580477237,-0.70068359375,0.691162109375,-0.168090820312,-0.0552368164062,2335.0,-1388.0,-7530.0,4.0,0.0,3.0,
1646145009586725234,-0.700561523438,0.691284179688,-0.168273925781,-0.0548706054688,2359.0,-1408.0,-7563.0,4.0,-2.0,3.0,
1646145009591224908,-0.700439453125,0.69140625,-0.168334960938,-0.054443359375,2370.0,-1429.0,-7585.0,4.0,-4.0,3.0,
1646145009596200466,-0.700317382812,0.691589355469,-0.168334960938,-0.053955078125,2365.0,-1448.0,-7599.0,4.0,-5.0,4.0,
1646145009600756883,-0.7001953125,0.691772460938,-0.168334960938,-0.053466796875,2334.0,-1463.0,-7610.0,3.0,-5.0,4.0,
1646145009605424404,-0.700134277344,0.69189453125,-0.168212890625,-0.0530395507812,2306.0,-1472.0,-7621.0,2.0,-5.0,3.0,
1646145009609971761,-0.700012207031,0.692077636719,-0.168151855469,-0.0526733398438,2277.0,-1475.0,-7618.0,2.0,-4.0,3.0,
1646145009614276647,-0.699890136719,0.692199707031,-0.168151855469,-0.0524291992188,2262.0,-1495.0,-7608.0,1.0,-2.0,3.0,
1646145009619040489,-0.699768066406,0.692321777344,-0.168212890625,-0.05224609375,2252.0,-1516.0,-7608.0,1.0,0.0,2.0,
1646145009632032155,-0.699645996094,0.692443847656,-0.168273925781,-0.0521240234375,2244.0,-1524.0,-7605.0,0.0,1.0,2.0,
1646145009634087085,-0.699584960938,0.692504882812,-0.168334960938,-0.0521240234375,2229.0,-1534.0,-7589.0,-1.0,1.0,1.0,
1646145009634653329,-0.699462890625,0.692565917969,-0.16845703125,-0.0521240234375,2225.0,-1548.0,-7571.0,-1.0,2.0,1.0,
1646145009638948440,-0.699401855469,0.692626953125,-0.168518066406,-0.0521850585938,2233.0,-1554.0,-7549.0,-2.0,2.0,0.0,
1646145009642239809,-0.699340820312,0.692687988281,-0.168579101562,-0.0523071289062,2246.0,-1563.0,-7523.0,-2.0,2.0,0.0,
1646145009650603532,-0.699279785156,0.692687988281,-0.168640136719,-0.0523681640625,2261.0,-1573.0,-7500.0,-2.0,1.0,-1.0,
1646145009656088352,-0.699279785156,0.692687988281,-0.168701171875,-0.0524291992188,2285.0,-1576.0,-7471.0,-2.0,1.0,-1.0,
1646145009661935329,-0.69921875,0.692687988281,-0.168701171875,-0.052490234375,2303.0,-1568.0,-7449.0,-2.0,0.0,-1.0,
1646145009663997888,-0.69921875,0.692749023438,-0.168640136719,-0.0525512695312,2326.0,-1553.0,-7429.0,-2.0,-1.0,-1.0,
1646145009668385267,-0.699279785156,0.692749023438,-0.168579101562,-0.0525512695312,2339.0,-1527.0,-7427.0,-2.0,-2.0,-1.0,
1646145009675285339,-0.699279785156,0.692749023438,-0.168395996094,-0.052490234375,2334.0,-1503.0,-7425.0,-2.0,-3.0,-1.0,
1646145009679792881,-0.699340820312,0.692749023438,-0.168212890625,-0.0523071289062,2322.0,-1483.0,-7458.0,-1.0,-4.0,-1.0,
1646145009685152769,-0.699340820312,0.692810058594,-0.168090820312,-0.0521240234375,2308.0,-1476.0,-7490.0,-1.0,-4.0,0.0,
1646145009691327095,-0.699340820312,0.692810058594,-0.16796875,-0.0518798828125,2292.0,-1476.0,-7522.0,0.0,-3.0,0.0,
1646145009696158885,-0.699340820312,0.692932128906,-0.167846679688,-0.0516357421875,2276.0,-1479.0,-7556.0,1.0,-3.0,1.0,
1646145009701557397,-0.699279785156,0.692993164062,-0.167846679688,-0.0513916015625,2258.0,-1497.0,-7596.0,1.0,-2.0,1.0,
1646145009705702066,-0.69921875,0.693054199219,-0.167846679688,-0.0512084960938,2249.0,-1524.0,-7617.0,1.0,-2.0,1.0,
1646145009709943771,-0.699096679688,0.693176269531,-0.167846679688,-0.051025390625,2250.0,-1547.0,-7630.0,0.0,-1.0,1.0,
1646145009714550733,-0.699035644531,0.693237304688,-0.167907714844,-0.0509033203125,2261.0,-1568.0,-7637.0,0.0,0.0,1.0,
1646145009718979835,-0.698913574219,0.693359375,-0.167907714844,-0.0508422851562,2272.0,-1583.0,-7637.0,-2.0,0.0,1.0,
1646145009724086761,-0.698852539062,0.693420410156,-0.167846679688,-0.0508422851562,2264.0,-1591.0,-7633.0,-3.0,0.0,1.0,
1646145009727085590,-0.698791503906,0.693542480469,-0.167724609375,-0.0509033203125,2246.0,-1596.0,-7630.0,-4.0,0.0,0.0,
1646145009735302925,-0.69873046875,0.693603515625,-0.167602539062,-0.051025390625,2229.0,-1602.0,-7623.0,-5.0,0.0,0.0,
1646145009739931821,-0.69873046875,0.693603515625,-0.16748046875,-0.0512084960938,2216.0,-1607.0,-7612.0,-5.0,1.0,-1.0,
1646145009744543075,-0.69873046875,0.693664550781,-0.167358398438,-0.0514526367188,2207.0,-1608.0,-7610.0,-6.0,2.0,-1.0,
1646145009749233961,-0.69873046875,0.693664550781,-0.167236328125,-0.0516967773438,2207.0,-1600.0,-7608.0,-6.0,2.0,-2.0,
1646145009753977060,-0.69873046875,0.693664550781,-0.167114257812,-0.052001953125,2201.0,-1571.0,-7588.0,-6.0,2.0,-2.0,
1646145009756801366,-0.69873046875,0.693664550781,-0.166931152344,-0.0523071289062,2198.0,-1546.0,-7572.0,-6.0,2.0,-2.0,
1646145009765850782,-0.69873046875,0.693664550781,-0.166870117188,-0.0526123046875,2225.0,-1531.0,-7546.0,-6.0,3.0,-2.0,
1646145009769729614,-0.698791503906,0.693664550781,-0.166748046875,-0.0529174804688,2257.0,-1534.0,-7540.0,-6.0,2.0,-2.0,
1646145009774271965,-0.698791503906,0.693603515625,-0.166625976562,-0.0531616210938,2267.0,-1523.0,-7521.0,-6.0,1.0,-3.0,
1646145009778774499,-0.698852539062,0.693542480469,-0.166442871094,-0.0533447265625,2268.0,-1507.0,-7495.0,-5.0,0.0,-3.0,
1646145009783868312,-0.698974609375,0.693542480469,-0.166259765625,-0.0535278320312,2267.0,-1481.0,-7479.0,-5.0,0.0,-3.0,
1646145009791414737,-0.699035644531,0.693481445312,-0.166076660156,-0.0537109375,2275.0,-1462.0,-7470.0,-5.0,0.0,-3.0,
1646145009796270132,-0.699096679688,0.693420410156,-0.165893554688,-0.0538330078125,2278.0,-1443.0,-7477.0,-4.0,-1.0,-2.0,
1646145009800876140,-0.699157714844,0.693420410156,-0.165771484375,-0.053955078125,2287.0,-1438.0,-7486.0,-4.0,-1.0,-2.0,
1646145009805427789,-0.69921875,0.693420410156,-0.165588378906,-0.053955078125,2308.0,-1455.0,-7504.0,-4.0,-1.0,-2.0,
1646145009809651374,-0.69921875,0.693420410156,-0.165405273438,-0.0540161132812,2326.0,-1478.0,-7533.0,-4.0,-2.0,-1.0,
1646145009814271211,-0.699279785156,0.693420410156,-0.165222167969,-0.0540771484375,2337.0,-1487.0,-7558.0,-4.0,-2.0,-1.0,
1646145009823430061,-0.699279785156,0.693420410156,-0.1650390625,-0.0540771484375,2349.0,-1501.0,-7563.0,-4.0,-2.0,-2.0,
1646145009824090003,-0.699340820312,0.693420410156,-0.164794921875,-0.0541381835938,2353.0,-1521.0,-7565.0,-5.0,-2.0,-2.0,
1646145009826738357,-0.699401855469,0.693420410156,-0.164611816406,-0.0542602539062,2350.0,-1543.0,-7567.0,-5.0,-2.0,-2.0,
1646145009835067749,-0.699462890625,0.693359375,-0.164428710938,-0.0543823242188,2341.0,-1554.0,-7572.0,-5.0,-1.0,-3.0,
1646145009840427637,-0.699523925781,0.693359375,-0.164306640625,-0.0545654296875,2330.0,-1552.0,-7578.0,-5.0,0.0,-3.0,
1646145009844179391,-0.699584960938,0.693298339844,-0.164184570312,-0.0547485351562,2315.0,-1538.0,-7586.0,-5.0,1.0,-3.0,
1646145009848759889,-0.699645996094,0.693237304688,-0.164123535156,-0.0549926757812,2288.0,-1511.0,-7595.0,-5.0,2.0,-3.0,
1646145009854735851,-0.69970703125,0.693176269531,-0.164001464844,-0.05517578125,2241.0,-1477.0,-7617.0,-4.0,2.0,-3.0,
1646145009860032558,-0.699768066406,0.693115234375,-0.163879394531,-0.0553588867188,2180.0,-1451.0,-7623.0,-4.0,2.0,-2.0,
1646145009865896940,-0.699768066406,0.693115234375,-0.163757324219,-0.0554809570312,2137.0,-1439.0,-7607.0,-3.0,2.0,-2.0,
1646145009869052886,-0.699829101562,0.693115234375,-0.163757324219,-0.0556640625,2136.0,-1446.0,-7580.0,-3.0,3.0,-2.0,
1646145009873726606,-0.699768066406,0.693115234375,-0.163696289062,-0.0558471679688,2149.0,-1454.0,-7556.0,-4.0,3.0,-1.0,
1646145009878236770,-0.699829101562,0.693115234375,-0.163635253906,-0.0560302734375,2160.0,-1455.0,-7538.0,-5.0,1.0,-2.0,
1646145009887550115,-0.699829101562,0.693054199219,-0.163513183594,-0.05615234375,2163.0,-1443.0,-7525.0,-5.0,0.0,-2.0,
1646145009890775203,-0.699890136719,0.693054199219,-0.163269042969,-0.0562744140625,2170.0,-1415.0,-7504.0,-5.0,0.0,-2.0,
1646145009895058631,-0.699951171875,0.693054199219,-0.1630859375,-0.0564575195312,2173.0,-1379.0,-7489.0,-5.0,-1.0,-2.0,
1646145009899508237,-0.700012207031,0.692993164062,-0.162902832031,-0.0565795898438,2181.0,-1340.0,-7497.0,-4.0,-1.0,-2.0,
1646145009904218673,-0.700073242188,0.692932128906,-0.162719726562,-0.0567016601562,2186.0,-1318.0,-7504.0,-4.0,-1.0,-2.0,
1646145009908563137,-0.7001953125,0.692932128906,-0.162536621094,-0.0567626953125,2186.0,-1301.0,-7531.0,-3.0,-1.0,-2.0,
1646145009913240432,-0.700256347656,0.69287109375,-0.162414550781,-0.0567626953125,2193.0,-1293.0,-7546.0,-2.0,-1.0,-2.0,
1646145009916692733,-0.700317382812,0.692810058594,-0.162292480469,-0.0568237304688,2209.0,-1298.0,-7578.0,-2.0,0.0,-2.0,
1646145009924628496,-0.700378417969,0.692810058594,-0.162231445312,-0.056884765625,2240.0,-1303.0,-7625.0,-2.0,0.0,-2.0,
1646145009929361820,-0.700439453125,0.692749023438,-0.162170410156,-0.0569458007812,2282.0,-1308.0,-7659.0,-2.0,0.0,-2.0,
1646145009933961629,-0.700500488281,0.692626953125,-0.162109375,-0.0569458007812,2341.0,-1315.0,-7681.0,-1.0,-1.0,-3.0,
1646145009938964366,-0.700622558594,0.692504882812,-0.162109375,-0.056884765625,2392.0,-1310.0,-7717.0,0.0,-1.0,-3.0,
1646145009943213224,-0.700805664062,0.6923828125,-0.162109375,-0.0567626953125,2427.0,-1291.0,-7731.0,1.0,-2.0,-4.0,
1646145009949535131,-0.700988769531,0.692199707031,-0.162109375,-0.0565185546875,2441.0,-1274.0,-7699.0,3.0,-4.0,-4.0,
1646145009956387758,-0.701171875,0.692077636719,-0.162170410156,-0.0562133789062,2448.0,-1272.0,-7648.0,4.0,-5.0,-3.0,
1646145009961034774,-0.701293945312,0.692016601562,-0.162048339844,-0.0557861328125,2435.0,-1273.0,-7585.0,3.0,-6.0,-2.0,
1646145009963825225,-0.701354980469,0.691955566406,-0.161865234375,-0.0553588867188,2385.0,-1276.0,-7544.0,2.0,-8.0,-1.0,
1646145009970629215,-0.701477050781,0.692016601562,-0.161560058594,-0.054931640625,2305.0,-1265.0,-7517.0,1.0,-9.0,-1.0,
1646145009972819566,-0.701538085938,0.692077636719,-0.1611328125,-0.054443359375,2222.0,-1253.0,-7498.0,0.0,-9.0,0.0,
1646145009981635570,-0.701599121094,0.692138671875,-0.16064453125,-0.0540161132812,2137.0,-1241.0,-7459.0,-1.0,-9.0,0.0,
1646145009988524198,-0.70166015625,0.692199707031,-0.160217285156,-0.0536499023438,2057.0,-1228.0,-7434.0,-1.0,-8.0,0.0,
1646145009995162010,-0.701721191406,0.692260742188,-0.159912109375,-0.0533447265625,1998.0,-1212.0,-7408.0,-2.0,-5.0,0.0,
1646145010004255771,-0.70166015625,0.692321777344,-0.159606933594,-0.05322265625,1971.0,-1197.0,-7416.0,-2.0,-2.0,0.0,
1646145010009776115,-0.70166015625,0.692443847656,-0.159484863281,-0.05322265625,1955.0,-1176.0,-7438.0,-3.0,0.0,0.0,
1646145010024305343,-0.701599121094,0.692443847656,-0.159301757812,-0.0532836914062,1951.0,-1163.0,-7458.0,-2.0,1.0,0.0,
1646145010037930965,-0.701599121094,0.692504882812,-0.159240722656,-0.0534057617188,1977.0,-1162.0,-7467.0,-2.0,1.0,0.0,
1646145010046200752,-0.701599121094,0.692504882812,-0.159362792969,-0.0535278320312,2060.0,-1175.0,-7474.0,-1.0,3.0,-1.0,
1646145010051056623,-0.701538085938,0.692443847656,-0.159606933594,-0.0537719726562,2168.0,-1182.0,-7491.0,-1.0,4.0,-1.0,
1646145010055634021,-0.701538085938,0.6923828125,-0.159790039062,-0.053955078125,2260.0,-1192.0,-7520.0,-1.0,3.0,-1.0,
1646145010058248281,-0.701599121094,0.692321777344,-0.159851074219,-0.0540771484375,2316.0,-1200.0,-7549.0,-1.0,1.0,-2.0,
1646145010065254926,-0.70166015625,0.692260742188,-0.159851074219,-0.0541381835938,2367.0,-1209.0,-7579.0,-1.0,-1.0,-2.0,
1646145010069850683,-0.701721191406,0.692199707031,-0.159790039062,-0.05419921875,2400.0,-1228.0,-7598.0,-2.0,-2.0,-2.0,
1646145010076861858,-0.701843261719,0.692138671875,-0.15966796875,-0.05419921875,2424.0,-1268.0,-7618.0,-2.0,-2.0,-3.0,
1646145010106554269,-0.701965332031,0.692016601562,-0.159545898438,-0.0542602539062,2431.0,-1317.0,-7642.0,-3.0,-2.0,-4.0,
1646145010109068393,-0.7021484375,0.691833496094,-0.159423828125,-0.0543212890625,2447.0,-1373.0,-7671.0,-4.0,-2.0,-5.0,
1646145010119963407,-0.702392578125,0.691650390625,-0.159240722656,-0.0545043945312,2471.0,-1427.0,-7700.0,-5.0,-1.0,-7.0,
1646145010128159046,-0.70263671875,0.69140625,-0.159057617188,-0.0547485351562,2490.0,-1458.0,-7734.0,-7.0,-1.0,-8.0,
1646145010137531042,-0.702941894531,0.691101074219,-0.15869140625,-0.0549926757812,2482.0,-1465.0,-7756.0,-8.0,-2.0,-9.0,
1646145010149774312,-0.703308105469,0.690795898438,-0.158325195312,-0.0552978515625,2447.0,-1468.0,-7758.0,-9.0,-2.0,-9.0,
1646145010168203353,-0.703674316406,0.690490722656,-0.157897949219,-0.0557250976562,2408.0,-1480.0,-7748.0,-10.0,-1.0,-10.0,
1646145010176202058,-0.704040527344,0.690185546875,-0.157470703125,-0.05615234375,2370.0,-1493.0,-7727.0,-11.0,0.0,-10.0,
1646145010180845499,-0.704406738281,0.689880371094,-0.157043457031,-0.056640625,2333.0,-1486.0,-7691.0,-12.0,1.0,-11.0,
1646145010190087795,-0.704772949219,0.689575195312,-0.156555175781,-0.0572509765625,2282.0,-1454.0,-7667.0,-13.0,0.0,-11.0,
1646145010199620246,-0.705200195312,0.689208984375,-0.155822753906,-0.0578002929688,2204.0,-1416.0,-7655.0,-14.0,-1.0,-12.0,
1646145010206505775,-0.705688476562,0.688903808594,-0.155090332031,-0.0584106445312,2098.0,-1367.0,-7636.0,-15.0,-1.0,-13.0,
1646145010208172559,-0.706176757812,0.6884765625,-0.154296875,-0.0590209960938,1999.0,-1332.0,-7633.0,-15.0,0.0,-14.0,
1646145010210815429,-0.706665039062,0.688049316406,-0.153747558594,-0.059814453125,1931.0,-1302.0,-7622.0,-15.0,4.0,-14.0,
1646145010212619304,-0.707153320312,0.687561035156,-0.1533203125,-0.0606689453125,1903.0,-1266.0,-7659.0,-14.0,7.0,-15.0,
1646145010215610027,-0.707641601562,0.68701171875,-0.153076171875,-0.0617065429688,1918.0,-1236.0,-7715.0,-13.0,10.0,-15.0,
1646145010216663122,-0.708129882812,0.686462402344,-0.153015136719,-0.0626831054688,1962.0,-1209.0,-7769.0,-11.0,12.0,-15.0,
1646145010217520952,-0.70849609375,0.685974121094,-0.153076171875,-0.0636596679688,2019.0,-1190.0,-7826.0,-9.0,12.0,-13.0,
1646145010219820737,-0.708801269531,0.685546875,-0.153198242188,-0.0645751953125,2104.0,-1194.0,-7882.0,-8.0,12.0,-12.0,
1646145010221534729,-0.709106445312,0.685119628906,-0.1533203125,-0.0654296875,2216.0,-1216.0,-7953.0,-9.0,11.0,-10.0,
1646145010224081754,-0.709350585938,0.684814453125,-0.1533203125,-0.0663452148438,2363.0,-1265.0,-8038.0,-10.0,9.0,-10.0,
1646145010225435972,-0.709594726562,0.684448242188,-0.1533203125,-0.0671997070312,2532.0,-1302.0,-8137.0,-11.0,8.0,-10.0,
1646145010226899147,-0.709899902344,0.68408203125,-0.153259277344,-0.0680541992188,2713.0,-1305.0,-8238.0,-12.0,5.0,-11.0,
1646145010229260444,-0.710266113281,0.683715820312,-0.15283203125,-0.0687255859375,2888.0,-1262.0,-8337.0,-13.0,-1.0,-10.0,
1646145010230683088,-0.710632324219,0.683471679688,-0.15185546875,-0.069091796875,3036.0,-1153.0,-8469.0,-15.0,-12.0,-9.0,
1646145010231856822,-0.711120605469,0.683288574219,-0.150329589844,-0.0691528320312,3148.0,-959.0,-8577.0,-15.0,-22.0,-9.0,
1646145010233364105,-0.711791992188,0.683044433594,-0.148559570312,-0.0691528320312,3299.0,-843.0,-8758.0,-15.0,-25.0,-11.0,
1646145010235178709,-0.71240234375,0.682739257812,-0.14697265625,-0.0693969726562,3591.0,-931.0,-8997.0,-17.0,-21.0,-12.0,
1646145010235809803,-0.712707519531,0.682556152344,-0.145751953125,-0.0699462890625,4028.0,-1164.0,-9184.0,-21.0,-17.0,-8.0,
1646145010237157583,-0.712951660156,0.6826171875,-0.144287109375,-0.0704345703125,4391.0,-1317.0,-9321.0,-28.0,-24.0,-6.0,
1646145010237557649,-0.71337890625,0.682678222656,-0.141357421875,-0.0706787109375,4474.0,-1309.0,-9560.0,-39.0,-44.0,-8.0,
1646145010237982273,-0.714111328125,0.682922363281,-0.136901855469,-0.070556640625,4255.0,-1126.0,-9864.0,-49.0,-61.0,-10.0,
1646145010238421916,-0.71484375,0.68310546875,-0.1318359375,-0.070556640625,4098.0,-901.0,-10149.0,-53.0,-60.0,-11.0,
1646145010238861560,-0.715576171875,0.683166503906,-0.127075195312,-0.0712890625,4141.0,-720.0,-10611.0,-57.0,-49.0,-14.0,
1646145010239312410,-0.716247558594,0.683227539062,-0.122436523438,-0.0723876953125,4244.0,-382.0,-11075.0,-60.0,-46.0,-14.0,
1646145010239737033,-0.716735839844,0.683349609375,-0.117858886719,-0.0735473632812,4258.0,205.0,-11856.0,-57.0,-46.0,-9.0,
1646145010240149497,-0.71728515625,0.683654785156,-0.112548828125,-0.0741577148438,4661.0,772.0,-12515.0,-50.0,-56.0,-6.0,
1646145010240431308,-0.717163085938,0.684265136719,-0.109069824219,-0.0748291015625,5178.0,1069.0,-13071.0,-31.0,-43.0,7.0,
1646145010240736722,-0.715942382812,0.685852050781,-0.106994628906,-0.0748291015625,5336.0,1224.0,-13539.0,-15.0,-39.0,33.0,
1646145010243736505,-0.713745117188,0.6884765625,-0.105346679688,-0.07373046875,4968.0,1437.0,-13934.0,-4.0,-39.0,58.0,
1646145010248492479,-0.710815429688,0.69189453125,-0.1044921875,-0.0718383789062,4397.0,1749.0,-14266.0,15.0,-26.0,78.0,
1646145010253582477,-0.707275390625,0.695434570312,-0.106079101562,-0.06982421875,4065.0,2024.0,-14547.0,46.0,7.0,90.0,
1646145010257887840,-0.703186035156,0.698974609375,-0.110900878906,-0.0679931640625,4132.0,2154.0,-14783.0,81.0,45.0,99.0,
1646145010264607667,-0.698669433594,0.702453613281,-0.118530273438,-0.066162109375,4502.0,2132.0,-14982.0,111.0,70.0,107.0,
1646145010269431352,-0.69384765625,0.705871582031,-0.127868652344,-0.0637817382812,4911.0,2007.0,-15150.0,134.0,77.0,113.0,
1646145010273777246,-0.68896484375,0.709045410156,-0.137817382812,-0.0603637695312,5228.0,1799.0,-15292.0,153.0,70.0,114.0,
1646145010278713703,-0.684387207031,0.711853027344,-0.147827148438,-0.055419921875,5373.0,1590.0,-15411.0,170.0,55.0,109.0,
1646145010283003091,-0.680358886719,0.714050292969,-0.157653808594,-0.049072265625,5310.0,1395.0,-15344.0,187.0,38.0,99.0,
1646145010286478757,-0.676879882812,0.715637207031,-0.167175292969,-0.0415649414062,5023.0,1185.0,-15061.0,198.0,24.0,89.0,
1646145010294721841,-0.673767089844,0.716796875,-0.176574707031,-0.0333251953125,4520.0,973.0,-14636.0,206.0,16.0,80.0,
1646145010299992084,-0.6708984375,0.717468261719,-0.185974121094,-0.024658203125,3859.0,693.0,-14122.0,211.0,16.0,72.0,
1646145010306427717,-0.668151855469,0.717712402344,-0.195556640625,-0.0159912109375,3167.0,303.0,-13585.0,213.0,23.0,64.0,
1646145010310939073,-0.665466308594,0.717529296875,-0.205505371094,-0.0076904296875,2553.0,-163.0,-13065.0,212.0,33.0,55.0,
1646145010315451622,-0.662902832031,0.716979980469,-0.215759277344,6.103515625e-05,2065.0,-635.0,-12622.0,209.0,43.0,47.0,
1646145010320085763,-0.660217285156,0.716125488281,-0.226257324219,0.00732421875,1625.0,-1014.0,-12185.0,206.0,50.0,43.0,
1646145010325350284,-0.657348632812,0.715270996094,-0.236877441406,0.0144653320312,1099.0,-1278.0,-11707.0,207.0,55.0,45.0,
1646145010329385757,-0.654174804688,0.714477539062,-0.247314453125,0.021728515625,529.0,-1487.0,-11157.0,208.0,56.0,49.0,
1646145010333979368,-0.650634765625,0.713745117188,-0.257690429688,0.0291137695312,29.0,-1700.0,-10621.0,207.0,56.0,52.0,
1646145010338819026,-0.646789550781,0.713134765625,-0.267883300781,0.0364990234375,-338.0,-1969.0,-10120.0,205.0,55.0,57.0,
1646145010343291759,-0.642639160156,0.712707519531,-0.277709960938,0.0443115234375,-632.0,-2274.0,-9653.0,202.0,47.0,64.0,
1646145010347912549,-0.638244628906,0.712524414062,-0.286743164062,0.0527954101562,-962.0,-2542.0,-9219.0,199.0,31.0,73.0,
1646145010355120182,-0.633544921875,0.712646484375,-0.294738769531,0.0623168945312,-1376.0,-2734.0,-8838.0,196.0,11.0,84.0,
1646145010360186338,-0.628601074219,0.713073730469,-0.3017578125,0.07275390625,-1821.0,-2859.0,-8497.0,193.0,-7.0,94.0,
1646145010365121603,-0.62353515625,0.713623046875,-0.307983398438,0.083984375,-2241.0,-2936.0,-8168.0,194.0,-21.0,100.0,
1646145010368835210,-0.618408203125,0.714111328125,-0.313720703125,0.0960083007812,-2573.0,-2947.0,-7787.0,197.0,-36.0,104.0,
1646145010373780012,-0.61328125,0.71435546875,-0.318969726562,0.10888671875,-2793.0,-2920.0,-7410.0,202.0,-52.0,107.0,
1646145010380428314,-0.608337402344,0.714233398438,-0.32373046875,0.122497558594,-2933.0,-2906.0,-7059.0,206.0,-70.0,108.0,
1646145010395689010,-0.603637695312,0.713684082031,-0.327819824219,0.137084960938,-3090.0,-2928.0,-6693.0,210.0,-91.0,106.0,
1646145010404056549,-0.599426269531,0.712463378906,-0.331237792969,0.15283203125,-3384.0,-2967.0,-6291.0,213.0,-116.0,102.0,
1646145010404805421,-0.595642089844,0.710632324219,-0.333801269531,0.169799804688,-3867.0,-3005.0,-5830.0,218.0,-140.0,96.0,
1646145010408937215,-0.592102050781,0.708068847656,-0.335876464844,0.187744140625,-4451.0,-3050.0,-5336.0,222.0,-157.0,89.0,
1646145010409685611,-0.588623046875,0.704833984375,-0.338073730469,0.205993652344,-5045.0,-3103.0,-4851.0,228.0,-159.0,80.0,
1646145010414244890,-0.58056640625,0.697143554688,-0.344604492188,0.241088867188,-5992.0,-3298.0,-3865.0,241.0,-131.0,67.0,
1646145010419999599,-0.575988769531,0.69287109375,-0.348999023438,0.257690429688,-6289.0,-3410.0,-3404.0,244.0,-118.0,62.0,
1646145010424431085,-0.571228027344,0.688232421875,-0.353637695312,0.273864746094,-6495.0,-3514.0,-2905.0,245.0,-114.0,58.0,
1646145010429388284,-0.566528320312,0.68310546875,-0.358276367188,0.289916992188,-6645.0,-3599.0,-2378.0,243.0,-116.0,52.0,
1646145010434818029,-0.562194824219,0.677368164062,-0.362670898438,0.305786132812,-6770.0,-3681.0,-1821.0,240.0,-122.0,44.0,
1646145010438293457,-0.558227539062,0.671081542969,-0.367004394531,0.321533203125,-6883.0,-3769.0,-1229.0,237.0,-127.0,34.0,
1646145010443086624,-0.554504394531,0.664184570312,-0.371276855469,0.3369140625,-6991.0,-3889.0,-590.0,233.0,-129.0,22.0,
1646145010446283578,-0.551208496094,0.65673828125,-0.375671386719,0.351806640625,-7079.0,-4022.0,103.0,228.0,-129.0,9.0,
1646145010460973501,-0.54833984375,0.648620605469,-0.380310058594,0.366088867188,-7156.0,-4180.0,810.0,223.0,-127.0,-7.0,
1646145010503240585,-0.546142578125,0.639770507812,-0.385131835938,0.379577636719,-7193.0,-4358.0,1510.0,215.0,-125.0,-26.0,
1646145010508365154,-0.544677734375,0.63037109375,-0.39013671875,0.392150878906,-7201.0,-4527.0,2186.0,206.0,-124.0,-46.0,
1646145010509932756,-0.5439453125,0.620361328125,-0.395263671875,0.40380859375,-7240.0,-4624.0,2809.0,195.0,-122.0,-65.0,
1646145010510611295,-0.5439453125,0.609985351562,-0.400390625,0.414367675781,-7333.0,-4601.0,3402.0,184.0,-119.0,-84.0,
1646145010511442422,-0.544677734375,0.599243164062,-0.405700683594,0.423889160156,-7453.0,-4461.0,4030.0,172.0,-114.0,-105.0,
1646145010512012004,-0.545959472656,0.588073730469,-0.41162109375,0.432067871094,-7571.0,-4244.0,4710.0,164.0,-102.0,-128.0,
1646145010512224674,-0.547668457031,0.576538085938,-0.418518066406,0.438781738281,-7593.0,-3988.0,5415.0,158.0,-85.0,-154.0,
1646145010513982772,-0.549865722656,0.564453125,-0.426696777344,0.443786621094,-7465.0,-3745.0,6130.0,151.0,-67.0,-183.0,
1646145010514145135,-0.552795410156,0.551696777344,-0.436157226562,0.447021484375,-7219.0,-3518.0,6832.0,143.0,-50.0,-214.0,
1646145010516022682,-0.556518554688,0.538208007812,-0.446716308594,0.448425292969,-6956.0,-3278.0,7514.0,135.0,-38.0,-246.0,
1646145010516319513,-0.561157226562,0.523803710938,-0.458068847656,0.448181152344,-6798.0,-2985.0,8120.0,124.0,-31.0,-280.0,
1646145010517007589,-0.56689453125,0.508544921875,-0.470092773438,0.446105957031,-6711.0,-2623.0,8764.0,112.0,-26.0,-317.0,
1646145010520734548,-0.573425292969,0.492248535156,-0.483154296875,0.442077636719,-6632.0,-2197.0,9431.0,101.0,-15.0,-357.0,
1646145010525398254,-0.580444335938,0.475219726562,-0.49755859375,0.435607910156,-6540.0,-1732.0,10071.0,90.0,6.0,-396.0,
1646145010529888868,-0.587768554688,0.457702636719,-0.513000488281,0.426513671875,-6395.0,-1269.0,10647.0,73.0,27.0,-432.0,
1646145010534404516,-0.595397949219,0.43994140625,-0.529174804688,0.414672851562,-6186.0,-849.0,11110.0,51.0,47.0,-461.0,
1646145010539134502,-0.603088378906,0.422302246094,-0.545715332031,0.400207519531,-5884.0,-500.0,11416.0,27.0,67.0,-484.0,
1646145010543792486,-0.610656738281,0.405090332031,-0.562438964844,0.382995605469,-5500.0,-241.0,11565.0,2.0,88.0,-501.0,
1646145010548305511,-0.617980957031,0.388366699219,-0.578918457031,0.363525390625,-5114.0,-49.0,11593.0,-22.0,105.0,-511.0,
1646145010552941083,-0.625122070312,0.372192382812,-0.5947265625,0.342102050781,-4831.0,73.0,11592.0,-47.0,113.0,-516.0,
1646145010559571743,-0.631958007812,0.356811523438,-0.609558105469,0.319030761719,-4661.0,124.0,11547.0,-74.0,118.0,-518.0,
1646145010563957691,-0.638427734375,0.342529296875,-0.623291015625,0.29443359375,-4534.0,147.0,11385.0,-103.0,123.0,-516.0,
1646145010568681240,-0.64453125,0.329406738281,-0.635681152344,0.268310546875,-4320.0,181.0,11133.0,-133.0,126.0,-510.0,
1646145010573344469,-0.650390625,0.317626953125,-0.646545410156,0.241088867188,-3944.0,244.0,10809.0,-161.0,124.0,-497.0,
1646145010577832221,-0.656005859375,0.30712890625,-0.655700683594,0.213256835938,-3388.0,356.0,10329.0,-186.0,117.0,-477.0,
1646145010588511466,-0.661865234375,0.297973632812,-0.662536621094,0.185119628906,-2695.0,511.0,9685.0,-211.0,98.0,-453.0,
1646145010592149019,-0.66845703125,0.290283203125,-0.666564941406,0.156921386719,-1989.0,695.0,8815.0,-238.0,67.0,-428.0,
1646145010593491792,-0.676208496094,0.2841796875,-0.667419433594,0.128784179688,-1361.0,905.0,7698.0,-267.0,30.0,-404.0,
1646145010598215579,-0.684936523438,0.279663085938,-0.665283203125,0.100402832031,-739.0,1188.0,6315.0,-297.0,-3.0,-386.0,
1646145010602995395,-0.694091796875,0.276245117188,-0.660949707031,0.0717163085938,165.0,1730.0,5054.0,-317.0,-21.0,-373.0,
1646145010610309839,-0.702941894531,0.272521972656,-0.655578613281,0.0431518554688,1526.0,2675.0,4056.0,-315.0,-29.0,-361.0,
1646145010615015745,-0.711853027344,0.268310546875,-0.648986816406,0.014892578125,3293.0,4071.0,3157.0,-310.0,-49.0,-347.0,
1646145010619945287,-0.722045898438,0.263854980469,-0.639465332031,-0.0127563476562,5287.0,5675.0,2325.0,-311.0,-101.0,-329.0,
1646145010624434232,-0.733947753906,0.259887695312,-0.626342773438,-0.0391235351562,6985.0,7178.0,1642.0,-312.0,-170.0,-307.0,
1646145010628942251,-0.746276855469,0.256164550781,-0.611206054688,-0.0631103515625,8339.0,8243.0,854.0,-293.0,-210.0,-281.0,
1646145010640764951,-0.7578125,0.2529296875,-0.595703125,-0.0834350585938,9241.0,8853.0,-53.0,-253.0,-219.0,-244.0,
1646145010645967245,-0.768310546875,0.249877929688,-0.580932617188,-0.0989379882812,9834.0,9185.0,-761.0,-194.0,-215.0,-199.0,
1646145010646780729,-0.7783203125,0.247009277344,-0.56689453125,-0.109375,10374.0,9399.0,-952.0,-130.0,-224.0,-153.0,
1646145010649358510,-0.787719726562,0.244689941406,-0.553466796875,-0.115478515625,10981.0,9544.0,-826.0,-79.0,-240.0,-104.0,
1646145010654718160,-0.796264648438,0.243591308594,-0.541137695312,-0.117919921875,11671.0,9708.0,-662.0,-41.0,-245.0,-52.0,
1646145010658518791,-0.803588867188,0.244506835938,-0.529968261719,-0.117126464844,12366.0,9926.0,-615.0,-12.0,-240.0,10.0,
1646145010663026094,-0.809875488281,0.247924804688,-0.519470214844,-0.113342285156,12952.0,10129.0,-750.0,7.0,-240.0,77.0,
1646145010667388439,-0.815673828125,0.254577636719,-0.508422851562,-0.106811523438,13445.0,10227.0,-929.0,15.0,-257.0,143.0,
1646145010671090364,-0.821166992188,0.2646484375,-0.496154785156,-0.097900390625,13862.0,10128.0,-876.0,14.0,-287.0,206.0,
1646145010679053783,-0.825805664062,0.278198242188,-0.482727050781,-0.0877685546875,14212.0,9807.0,-933.0,-7.0,-313.0,261.0,
1646145010683693647,-0.829528808594,0.295288085938,-0.467712402344,-0.0776977539062,14508.0,9320.0,-1286.0,-46.0,-333.0,307.0,
1646145010688441276,-0.832214355469,0.315490722656,-0.450866699219,-0.0682983398438,14561.0,8797.0,-1899.0,-90.0,-345.0,342.0,
1646145010693125963,-0.833679199219,0.337524414062,-0.432983398438,-0.0598754882812,14423.0,8352.0,-2665.0,-122.0,-341.0,364.0,
1646145010697660684,-0.834167480469,0.360229492188,-0.414367675781,-0.0524291992188,14213.0,8019.0,-3339.0,-143.0,-335.0,369.0,
1646145010702534675,-0.833923339844,0.382141113281,-0.3955078125,-0.046630859375,13849.0,7667.0,-3865.0,-160.0,-323.0,353.0,
1646145010709398984,-0.833129882812,0.402404785156,-0.377136230469,-0.0426635742188,13291.0,7196.0,-4369.0,-172.0,-300.0,320.0,
1646145010729195594,-0.830139160156,0.437194824219,-0.34375,-0.039794921875,11819.0,5773.0,-5340.0,-183.0,-230.0,245.0,
1646145010744211673,-0.827575683594,0.451904296875,-0.33056640625,-0.0404663085938,11161.0,4986.0,-5623.0,-177.0,-174.0,217.0,
1646145010753084659,-0.823852539062,0.465087890625,-0.3212890625,-0.042236328125,10774.0,4373.0,-5582.0,-158.0,-109.0,199.0,
1646145010758552789,-0.819091796875,0.476989746094,-0.315551757812,-0.0452270507812,10592.0,4066.0,-5365.0,-142.0,-53.0,187.0,
1646145010761869430,-0.813842773438,0.48779296875,-0.31201171875,-0.0496215820312,10349.0,4117.0,-5143.0,-135.0,-16.0,174.0,
1646145010854817628,-0.808715820312,0.497436523438,-0.30908203125,-0.0548706054688,9864.0,4403.0,-5084.0,-131.0,2.0,158.0,
1646145010859658241,-0.804016113281,0.506164550781,-0.306274414062,-0.0604248046875,9291.0,4745.0,-5240.0,-122.0,10.0,141.0,
1646145010860647916,-0.799377441406,0.513977050781,-0.30419921875,-0.0657958984375,8871.0,4959.0,-5546.0,-106.0,26.0,131.0,
1646145010862090349,-0.79443359375,0.521240234375,-0.3037109375,-0.0707397460938,8732.0,4962.0,-5993.0,-86.0,46.0,130.0,
1646145010869153976,-0.789428710938,0.528442382812,-0.303466796875,-0.074462890625,8840.0,4749.0,-6675.0,-70.0,38.0,135.0,
1646145010872913599,-0.784973144531,0.536071777344,-0.301147460938,-0.0757446289062,8993.0,4335.0,-7468.0,-61.0,-14.0,143.0,
1646145010876605033,-0.781555175781,0.544555664062,-0.29541015625,-0.0738525390625,8880.0,3777.0,-8201.0,-57.0,-90.0,153.0,
1646145010880004882,-0.778991699219,0.553894042969,-0.285888671875,-0.0687866210938,8293.0,3188.0,-8822.0,-56.0,-167.0,163.0,
1646145010887053966,-0.777038574219,0.563903808594,-0.273132324219,-0.0609130859375,7274.0,2670.0,-9368.0,-55.0,-229.0,172.0,
1646145010888295412,-0.775268554688,0.574096679688,-0.258361816406,-0.05126953125,5973.0,2255.0,-9781.0,-52.0,-262.0,175.0,
1646145010893854379,-0.7734375,0.583923339844,-0.243225097656,-0.0408935546875,4613.0,1917.0,-10042.0,-44.0,-266.0,172.0,
1646145010897025108,-0.771362304688,0.592956542969,-0.229064941406,-0.0307006835938,3347.0,1614.0,-10226.0,-34.0,-247.0,163.0,
1646145010903761863,-0.768920898438,0.601135253906,-0.216613769531,-0.0211791992188,2278.0,1343.0,-10312.0,-23.0,-216.0,153.0,
1646145010905495405,-0.766235351562,0.608459472656,-0.206176757812,-0.0125122070312,1404.0,1085.0,-10290.0,-11.0,-183.0,142.0,
1646145010910700321,-0.760681152344,0.620422363281,-0.190979003906,0.002197265625,196.0,659.0,-9844.0,7.0,-125.0,116.0,
1646145010911432743,-0.758178710938,0.625244140625,-0.184997558594,0.00860595703125,-212.0,503.0,-9507.0,9.0,-114.0,102.0,
1646145010918308019,-0.756164550781,0.629333496094,-0.178955078125,0.0146484375,-592.0,371.0,-9249.0,7.0,-115.0,88.0,
1646145010954527854,-0.754760742188,0.632568359375,-0.172607421875,0.0203857421875,-1011.0,263.0,-9027.0,2.0,-116.0,70.0,
1646145011108620882,-0.75390625,0.635070800781,-0.166320800781,0.0253295898438,-1401.0,165.0,-8790.0,-4.0,-107.0,51.0,
1646145011170253515,-0.753479003906,0.636840820312,-0.160766601562,0.0292358398438,-1659.0,50.0,-8549.0,-9.0,-88.0,35.0,
1646145011183569431,-0.753356933594,0.638061523438,-0.156005859375,0.0317993164062,-1744.0,-76.0,-8345.0,-17.0,-68.0,22.0,
1646145011191983222,-0.75341796875,0.638977050781,-0.151672363281,0.033203125,-1703.0,-196.0,-8156.0,-27.0,-55.0,13.0,
1646145011198726654,-0.753662109375,0.6396484375,-0.147216796875,0.0338134765625,-1586.0,-287.0,-7965.0,-38.0,-51.0,8.0,
1646145011201340198,-0.754089355469,0.640319824219,-0.142272949219,0.0338134765625,-1446.0,-346.0,-7776.0,-50.0,-54.0,5.0,
1646145011205393552,-0.754577636719,0.640930175781,-0.136779785156,0.0333251953125,-1300.0,-378.0,-7590.0,-62.0,-56.0,3.0,
1646145011208750486,-0.755126953125,0.641540527344,-0.130981445312,0.0321655273438,-1128.0,-396.0,-7429.0,-74.0,-55.0,1.0,
1646145011212466478,-0.755676269531,0.642211914062,-0.125061035156,0.0303344726562,-922.0,-422.0,-7356.0,-83.0,-50.0,1.0,
1646145011215282440,-0.756103515625,0.642883300781,-0.119201660156,0.0277709960938,-673.0,-438.0,-7382.0,-92.0,-44.0,1.0,
1646145011216892242,-0.756469726562,0.643615722656,-0.113525390625,0.024658203125,-396.0,-413.0,-7354.0,-97.0,-37.0,1.0,
1646145011217702627,-0.756713867188,0.644470214844,-0.107849121094,0.0210571289062,-101.0,-345.0,-7280.0,-102.0,-33.0,4.0,
1646145011223302841,-0.756713867188,0.6455078125,-0.102355957031,0.01708984375,196.0,-222.0,-7211.0,-105.0,-29.0,8.0,
1646145011227792978,-0.756408691406,0.646728515625,-0.096923828125,0.0128173828125,503.0,-53.0,-7239.0,-106.0,-25.0,14.0,
1646145011230899572,-0.755859375,0.648193359375,-0.091796875,0.00848388671875,832.0,144.0,-7398.0,-104.0,-21.0,19.0,
1646145011233847856,-0.755065917969,0.649780273438,-0.0870361328125,0.004150390625,1091.0,327.0,-7597.0,-98.0,-18.0,24.0,
1646145011237768173,-0.753967285156,0.651733398438,-0.0822143554688,0.00030517578125,1463.0,503.0,-7895.0,-93.0,-22.0,32.0,
1646145011239264011,-0.752502441406,0.653930664062,-0.0780029296875,-0.0032958984375,1736.0,867.0,-8352.0,-83.0,-21.0,39.0,
1646145011241775035,-0.751098632812,0.655944824219,-0.0748291015625,-0.00634765625,1768.0,1262.0,-9222.0,-60.0,-12.0,38.0,
1646145011244618177,-0.749816894531,0.657592773438,-0.0725708007812,-0.00811767578125,1726.0,1302.0,-9848.0,-32.0,-9.0,33.0,
1646145011247218132,-0.74853515625,0.6591796875,-0.0715942382812,-0.00823974609375,1716.0,883.0,-10055.0,-4.0,-9.0,33.0,
1646145011250847339,-0.747131347656,0.660827636719,-0.0713500976562,-0.0072021484375,1636.0,369.0,-10108.0,6.0,-14.0,37.0,
1646145011253802299,-0.745788574219,0.662414550781,-0.0707397460938,-0.00567626953125,1355.0,91.0,-10088.0,4.0,-24.0,34.0,
1646145011257528543,-0.744689941406,0.663757324219,-0.06982421875,-0.00439453125,1050.0,-12.0,-10070.0,1.0,-19.0,29.0,
1646145011264526844,-0.743591308594,0.6650390625,-0.0694580078125,-0.00384521484375,928.0,-37.0,-10127.0,2.0,-4.0,27.0,
1646145011267863750,-0.742492675781,0.666259765625,-0.0694580078125,-0.00372314453125,986.0,-105.0,-10186.0,2.0,3.0,27.0,
1646145011270863533,-0.729675292969,0.679809570312,-0.073486328125,-0.00372314453125,2361.0,339.0,-8773.0,43.0,-24.0,59.0,
1646145011274484634,-0.684204101562,0.727294921875,-0.0308227539062,0.0442504882812,-396.0,-835.0,-7555.0,-27.0,-47.0,26.0,
1646145011278013944,-0.678894042969,0.730834960938,-0.0372924804688,0.0601196289062,-1321.0,-679.0,-8490.0,49.0,8.0,-9.0,
1646145011281822443,-0.679260253906,0.730224609375,-0.039794921875,0.0618286132812,-1207.0,-820.0,-8392.0,47.0,8.0,-14.0,
1646145011284233570,-0.680114746094,0.728820800781,-0.044189453125,0.065185546875,-978.0,-1092.0,-8136.0,40.0,1.0,-14.0,
1646145011287016391,-0.680603027344,0.728149414062,-0.0457153320312,0.0669555664062,-882.0,-1188.0,-8032.0,35.0,-5.0,-13.0,
1646145011289157390,-0.681030273438,0.7275390625,-0.0466918945312,0.0687866210938,-823.0,-1262.0,-7935.0,29.0,-11.0,-12.0,
1646145011292346715,-0.681335449219,0.726989746094,-0.0472412109375,0.0704956054688,-810.0,-1307.0,-7873.0,24.0,-15.0,-10.0,
1646145011295318126,-0.681640625,0.7265625,-0.047607421875,0.0718994140625,-806.0,-1346.0,-7861.0,19.0,-13.0,-8.0,
1646145011298878192,-0.681823730469,0.726257324219,-0.0479125976562,0.072998046875,-793.0,-1372.0,-7906.0,15.0,-9.0,-6.0,
1646145011300263881,-0.681945800781,0.72607421875,-0.0482788085938,0.0738525390625,-789.0,-1378.0,-7990.0,13.0,-5.0,-4.0,
1646145011303231239,-0.681945800781,0.726013183594,-0.0487670898438,0.074462890625,-822.0,-1358.0,-8084.0,12.0,-1.0,-1.0,
1646145011316217899,-0.681701660156,0.72607421875,-0.04931640625,0.0748901367188,-868.0,-1323.0,-8163.0,12.0,3.0,2.0,
1646145011316907167,-0.681335449219,0.726318359375,-0.05029296875,0.0751342773438,-895.0,-1275.0,-8242.0,15.0,11.0,5.0,
1646145011317516326,-0.680908203125,0.726684570312,-0.0517578125,0.0751342773438,-860.0,-1239.0,-8321.0,20.0,19.0,7.0,
1646145011331290960,-0.680419921875,0.726989746094,-0.0537109375,0.0751342773438,-767.0,-1239.0,-8373.0,25.0,24.0,6.0,
1646145011332442522,-0.679992675781,0.727172851562,-0.0560302734375,0.0753173828125,-651.0,-1261.0,-8385.0,30.0,24.0,4.0,
1646145011332844018,-0.6796875,0.727233886719,-0.0584106445312,0.0758056640625,-552.0,-1286.0,-8355.0,35.0,20.0,2.0,
1646145011335479021,-0.679504394531,0.727172851562,-0.0607299804688,0.07666015625,-494.0,-1290.0,-8288.0,37.0,14.0,0.0,
1646145011336357355,-0.679321289062,0.726989746094,-0.0628662109375,0.0777587890625,-488.0,-1283.0,-8199.0,39.0,10.0,-3.0,
1646145011337275981,-0.679321289062,0.726623535156,-0.06494140625,0.0790405273438,-513.0,-1293.0,-8090.0,39.0,8.0,-6.0,
1646145011337612390,-0.679504394531,0.726196289062,-0.0670166015625,0.0802612304688,-545.0,-1324.0,-7996.0,39.0,9.0,-9.0,
1646145011340620756,-0.679748535156,0.7255859375,-0.0692138671875,0.0814208984375,-581.0,-1390.0,-7907.0,39.0,12.0,-12.0,
1646145011341154813,-0.680053710938,0.724975585938,-0.071533203125,0.0823974609375,-588.0,-1492.0,-7822.0,38.0,14.0,-13.0,
1646145011342042684,-0.680358886719,0.724365234375,-0.0737915039062,0.083251953125,-579.0,-1603.0,-7689.0,35.0,15.0,-14.0,
1646145011342713594,-0.6806640625,0.723754882812,-0.0758056640625,0.0841064453125,-565.0,-1703.0,-7562.0,31.0,12.0,-13.0,
1646145011343060970,-0.680969238281,0.723205566406,-0.0773315429688,0.0848999023438,-557.0,-1786.0,-7450.0,24.0,7.0,-11.0,
1646145011345695018,-0.681274414062,0.722778320312,-0.0781860351562,0.0857543945312,-573.0,-1843.0,-7347.0,17.0,-1.0,-9.0,
1646145011347770452,-0.681457519531,0.722473144531,-0.0784301757812,0.086669921875,-617.0,-1879.0,-7247.0,10.0,-7.0,-6.0,
1646145011348860263,-0.681518554688,0.722290039062,-0.0783081054688,0.08740234375,-687.0,-1904.0,-7200.0,5.0,-9.0,-4.0,
1646145011350641965,-0.681579589844,0.722229003906,-0.078125,0.0880737304688,-746.0,-1926.0,-7191.0,3.0,-6.0,-2.0,
1646145011351805925,-0.68115234375,0.722412109375,-0.07861328125,0.089111328125,-685.0,-2062.0,-7294.0,5.0,2.0,3.0,
1646145011353533267,-0.680114746094,0.723083496094,-0.0795288085938,0.0906982421875,-619.0,-2113.0,-7337.0,8.0,-4.0,7.0,
1646145011355074644,-0.679748535156,0.723388671875,-0.07958984375,0.0914306640625,-643.0,-2155.0,-7327.0,8.0,-5.0,8.0,
1646145011360724925,-0.679321289062,0.723693847656,-0.0797119140625,0.0921630859375,-689.0,-2212.0,-7355.0,7.0,-5.0,8.0,
1646145011365072965,-0.678833007812,0.723999023438,-0.0797729492188,0.0927734375,-745.0,-2267.0,-7401.0,6.0,-3.0,9.0,
1646145011368649959,-0.678344726562,0.724365234375,-0.0800170898438,0.09326171875,-780.0,-2312.0,-7437.0,5.0,0.0,9.0,
1646145011373839378,-0.677917480469,0.724731445312,-0.0803833007812,0.0935668945312,-762.0,-2351.0,-7441.0,5.0,4.0,8.0,
1646145011378607273,-0.677429199219,0.725158691406,-0.0808715820312,0.093505859375,-718.0,-2387.0,-7486.0,3.0,9.0,8.0,
1646145011384024143,-0.676940917969,0.7255859375,-0.081298828125,0.09326171875,-673.0,-2420.0,-7550.0,0.0,10.0,9.0,
1646145011388070344,-0.676452636719,0.726013183594,-0.0816650390625,0.0928955078125,-656.0,-2440.0,-7636.0,-3.0,9.0,10.0,
1646145011391592264,-0.675903320312,0.7265625,-0.0819091796875,0.092529296875,-641.0,-2457.0,-7730.0,-3.0,10.0,10.0,
1646145011398896455,-0.675354003906,0.72705078125,-0.082275390625,0.0922241210938,-580.0,-2460.0,-7778.0,-2.0,10.0,10.0,
1646145011403608798,-0.6748046875,0.7275390625,-0.0827026367188,0.0918579101562,-466.0,-2447.0,-7788.0,0.0,10.0,11.0,
1646145011408253192,-0.674255371094,0.72802734375,-0.0831909179688,0.091552734375,-316.0,-2402.0,-7780.0,1.0,9.0,11.0,
1646145011412340402,-0.673706054688,0.728515625,-0.0836791992188,0.09130859375,-175.0,-2352.0,-7809.0,2.0,7.0,11.0,
1646145011416907548,-0.673156738281,0.72900390625,-0.0841064453125,0.0912475585938,-59.0,-2307.0,-7826.0,4.0,3.0,12.0,
1646145011422070741,-0.672485351562,0.729553222656,-0.0843505859375,0.0914916992188,36.0,-2285.0,-7801.0,5.0,-2.0,14.0,
1646145011433100700,-0.670959472656,0.730773925781,-0.0845336914062,0.0926513671875,164.0,-2274.0,-7705.0,6.0,-9.0,18.0,
1646145011439506769,-0.670166015625,0.7314453125,-0.084228515625,0.0934448242188,206.0,-2274.0,-7672.0,4.0,-13.0,19.0,
1646145011443989753,-0.669311523438,0.732177734375,-0.0838012695312,0.0941772460938,222.0,-2278.0,-7646.0,1.0,-15.0,20.0,
1646145011448501825,-0.668518066406,0.73291015625,-0.0830688476562,0.094970703125,194.0,-2284.0,-7634.0,-1.0,-17.0,19.0,
1646145011453324556,-0.667785644531,0.733581542969,-0.0822143554688,0.0958251953125,117.0,-2284.0,-7619.0,-3.0,-19.0,19.0,
1646145011457829713,-0.667053222656,0.734252929688,-0.0812377929688,0.0964965820312,11.0,-2290.0,-7601.0,-5.0,-17.0,18.0,
1646145011462170839,-0.666381835938,0.73486328125,-0.0803833007812,0.0970458984375,-96.0,-2303.0,-7601.0,-7.0,-14.0,17.0,
1646145011466776371,-0.665710449219,0.735534667969,-0.07958984375,0.097412109375,-185.0,-2323.0,-7571.0,-8.0,-10.0,16.0,
1646145011471449851,-0.665161132812,0.736083984375,-0.0789184570312,0.0974731445312,-247.0,-2359.0,-7535.0,-9.0,-6.0,14.0,
1646145011478464603,-0.664611816406,0.736633300781,-0.078369140625,0.0972900390625,-289.0,-2385.0,-7493.0,-12.0,-2.0,12.0,
1646145011483609914,-0.664245605469,0.737121582031,-0.0778198242188,0.0968627929688,-298.0,-2409.0,-7459.0,-15.0,1.0,10.0,
1646145011487527847,-0.663879394531,0.737609863281,-0.0772705078125,0.0961303710938,-276.0,-2413.0,-7426.0,-18.0,3.0,9.0,
1646145011492038249,-0.663513183594,0.738098144531,-0.07666015625,0.0952758789062,-232.0,-2405.0,-7457.0,-20.0,5.0,9.0,
1646145011496683359,-0.663208007812,0.738586425781,-0.0759887695312,0.0942993164062,-208.0,-2367.0,-7505.0,-21.0,4.0,9.0,
1646145011503697872,-0.662841796875,0.739074707031,-0.0751953125,0.0934448242188,-235.0,-2295.0,-7536.0,-21.0,2.0,9.0,
1646145011508187055,-0.662475585938,0.739624023438,-0.0743408203125,0.0925903320312,-304.0,-2201.0,-7583.0,-20.0,2.0,10.0,
1646145011512430667,-0.662048339844,0.740173339844,-0.0736083984375,0.0918579101562,-377.0,-2120.0,-7651.0,-17.0,3.0,10.0,
1646145011516985654,-0.66162109375,0.740661621094,-0.0731811523438,0.0911254882812,-438.0,-2071.0,-7694.0,-13.0,7.0,10.0,
1646145011521762609,-0.661193847656,0.741149902344,-0.072998046875,0.0904541015625,-486.0,-2086.0,-7750.0,-10.0,9.0,9.0,
1646145011529509544,-0.660766601562,0.741577148438,-0.0730590820312,0.0897827148438,-514.0,-2125.0,-7824.0,-8.0,11.0,7.0,
1646145011538131475,-0.660400390625,0.742065429688,-0.0733642578125,0.0888061523438,-579.0,-2176.0,-7804.0,-5.0,8.0,2.0,
1646145011544527053,-0.660400390625,0.742065429688,-0.073486328125,0.0884399414062,-600.0,-2218.0,-7747.0,-5.0,8.0,-2.0,
1646145011549128293,-0.660583496094,0.741943359375,-0.0735473632812,0.0880126953125,-558.0,-2266.0,-7678.0,-7.0,7.0,-4.0,
1646145011553778409,-0.660766601562,0.741821289062,-0.0736083984375,0.0874633789062,-442.0,-2307.0,-7607.0,-10.0,6.0,-5.0,
1646145011558132648,-0.661010742188,0.74169921875,-0.073486328125,0.0867919921875,-290.0,-2324.0,-7549.0,-13.0,4.0,-5.0,
1646145011562679529,-0.661193847656,0.741638183594,-0.0730590820312,0.086181640625,-144.0,-2338.0,-7486.0,-15.0,-1.0,-3.0,
1646145011567167282,-0.661315917969,0.741638183594,-0.072265625,0.0857543945312,-43.0,-2374.0,-7437.0,-18.0,-8.0,-1.0,
1646145011572075366,-0.661376953125,0.741760253906,-0.0709838867188,0.0856323242188,-10.0,-2431.0,-7410.0,-21.0,-15.0,2.0,
1646145011576347112,-0.661376953125,0.741882324219,-0.0693969726562,0.0857543945312,-24.0,-2492.0,-7396.0,-23.0,-20.0,5.0,
1646145011583533525,-0.661254882812,0.742126464844,-0.0676879882812,0.0859375,-61.0,-2532.0,-7419.0,-24.0,-22.0,7.0,
1646145011587817907,-0.661010742188,0.742492675781,-0.0659790039062,0.086181640625,-118.0,-2550.0,-7465.0,-23.0,-22.0,9.0,
1646145011592362403,-0.66064453125,0.742919921875,-0.0642700195312,0.0865478515625,-195.0,-2536.0,-7522.0,-21.0,-21.0,12.0,
1646145011596799135,-0.66015625,0.743408203125,-0.0626220703125,0.0869750976562,-294.0,-2502.0,-7582.0,-19.0,-21.0,14.0,
1646145011601720094,-0.659606933594,0.743957519531,-0.0610961914062,0.0874633789062,-412.0,-2464.0,-7622.0,-16.0,-20.0,14.0,
1646145011609059572,-0.659057617188,0.744506835938,-0.0597534179688,0.0880737304688,-527.0,-2445.0,-7665.0,-13.0,-18.0,14.0,
1646145011614949703,-0.658508300781,0.745056152344,-0.05859375,0.088623046875,-638.0,-2429.0,-7686.0,-11.0,-16.0,14.0,
1646145011617291927,-0.658020019531,0.745483398438,-0.0576171875,0.0892333984375,-738.0,-2422.0,-7743.0,-9.0,-14.0,12.0,
1646145011622198343,-0.657592773438,0.745849609375,-0.0567016601562,0.0897827148438,-825.0,-2431.0,-7727.0,-8.0,-13.0,9.0,
1646145011626801967,-0.657348632812,0.74609375,-0.0557861328125,0.0903930664062,-888.0,-2457.0,-7682.0,-9.0,-14.0,7.0,
1646145011634034872,-0.657104492188,0.746276855469,-0.0547485351562,0.0909423828125,-907.0,-2475.0,-7659.0,-11.0,-15.0,6.0,
1646145011639164447,-0.656860351562,0.746520996094,-0.0535278320312,0.0913696289062,-892.0,-2465.0,-7638.0,-14.0,-17.0,6.0,
1646145011644443035,-0.65673828125,0.746704101562,-0.052001953125,0.0918579101562,-860.0,-2426.0,-7615.0,-18.0,-21.0,6.0,
1646145011648428440,-0.656616210938,0.746887207031,-0.0501098632812,0.09228515625,-844.0,-2369.0,-7628.0,-21.0,-25.0,6.0,
1646145011652906179,-0.656555175781,0.747009277344,-0.0478515625,0.0927734375,-830.0,-2315.0,-7636.0,-25.0,-29.0,6.0,
1646145011657287836,-0.656494140625,0.747131347656,-0.0453491210938,0.0932006835938,-821.0,-2273.0,-7666.0,-28.0,-32.0,5.0,
1646145011661814451,-0.656494140625,0.747253417969,-0.042724609375,0.0934448242188,-802.0,-2247.0,-7747.0,-32.0,-31.0,5.0,
1646145011666815042,-0.656494140625,0.747436523438,-0.0401000976562,0.0935668945312,-762.0,-2215.0,-7868.0,-34.0,-30.0,5.0,
1646145011671176433,-0.656494140625,0.74755859375,-0.0374755859375,0.093505859375,-730.0,-2155.0,-8032.0,-35.0,-29.0,6.0,
1646145011678588867,-0.656372070312,0.747802734375,-0.034912109375,0.0935668945312,-722.0,-2061.0,-8185.0,-33.0,-29.0,7.0,
1646145011683098316,-0.656188964844,0.748046875,-0.032470703125,0.0936889648438,-748.0,-1958.0,-8308.0,-29.0,-29.0,8.0,
1646145011687544107,-0.655944824219,0.748291015625,-0.0302124023438,0.0939331054688,-812.0,-1865.0,-8421.0,-25.0,-27.0,9.0,
1646145011692097902,-0.655639648438,0.748596191406,-0.0281372070312,0.0942993164062,-905.0,-1781.0,-8497.0,-21.0,-26.0,10.0,
1646145011696552515,-0.6552734375,0.748962402344,-0.0263061523438,0.0947265625,-1021.0,-1708.0,-8534.0,-17.0,-23.0,11.0,
1646145011701500415,-0.65478515625,0.749389648438,-0.0248413085938,0.0951538085938,-1103.0,-1636.0,-8547.0,-13.0,-18.0,11.0,
1646145011708392381,-0.654357910156,0.749755859375,-0.023681640625,0.095458984375,-1130.0,-1551.0,-8575.0,-10.0,-14.0,11.0,
1646145011712887763,-0.653930664062,0.750122070312,-0.0228271484375,0.0958862304688,-1110.0,-1469.0,-8588.0,-5.0,-13.0,9.0,
1646145011717109918,-0.653686523438,0.750244140625,-0.02197265625,0.0964965820312,-1076.0,-1418.0,-8557.0,-2.0,-17.0,6.0,
1646145011721969127,-0.653625488281,0.750183105469,-0.0211791992188,0.0975341796875,-1037.0,-1394.0,-8466.0,1.0,-23.0,1.0,
1646145011726528167,-0.653686523438,0.749938964844,-0.0200805664062,0.0989990234375,-991.0,-1384.0,-8356.0,2.0,-31.0,-2.0,
1646145011733522653,-0.653930664062,0.749572753906,-0.0186767578125,0.100708007812,-924.0,-1367.0,-8140.0,0.0,-38.0,-4.0,
1646145011742588520,-0.654479980469,0.748901367188,-0.0155639648438,0.10302734375,-804.0,-1262.0,-7800.0,-11.0,-29.0,-5.0,
1646145011748672485,-0.65478515625,0.748596191406,-0.0140380859375,0.103088378906,-786.0,-1287.0,-7894.0,-19.0,-20.0,-5.0,
1646145011753585577,-0.655151367188,0.748291015625,-0.0126953125,0.10302734375,-799.0,-1366.0,-7965.0,-19.0,-17.0,-5.0,
1646145011758122682,-0.655456542969,0.748046875,-0.0114135742188,0.103149414062,-893.0,-1418.0,-7999.0,-17.0,-18.0,-4.0,
1646145011762545824,-0.655700683594,0.747863769531,-0.0098876953125,0.103454589844,-1013.0,-1418.0,-8058.0,-18.0,-20.0,-3.0,
1646145011767126321,-0.655883789062,0.747680664062,-0.0084228515625,0.103576660156,-1142.0,-1378.0,-8115.0,-18.0,-17.0,-3.0,
1646145011771609783,-0.656066894531,0.747497558594,-0.0072021484375,0.103698730469,-1265.0,-1315.0,-8151.0,-15.0,-12.0,-2.0,
1646145011776506185,-0.656127929688,0.747436523438,-0.0062255859375,0.103637695312,-1391.0,-1266.0,-8160.0,-12.0,-8.0,-2.0,
1646145011780961990,-0.65625,0.747375488281,-0.0054931640625,0.103637695312,-1507.0,-1233.0,-8152.0,-9.0,-5.0,-2.0,
1646145011788030147,-0.656311035156,0.747314453125,-0.0050048828125,0.103515625,-1617.0,-1201.0,-8138.0,-7.0,-1.0,-2.0,
1646145011792718887,-0.656372070312,0.747314453125,-0.0047607421875,0.103454589844,-1715.0,-1167.0,-8093.0,-4.0,1.0,-2.0,
1646145011797410726,-0.656433105469,0.747253417969,-0.00469970703125,0.103393554688,-1798.0,-1132.0,-8063.0,-1.0,4.0,-2.0,
1646145011802299022,-0.656433105469,0.747314453125,-0.00506591796875,0.103149414062,-1851.0,-1105.0,-8021.0,2.0,11.0,-2.0,
1646145011806944370,-0.656372070312,0.747375488281,-0.00579833984375,0.102783203125,-1870.0,-1113.0,-7990.0,5.0,15.0,-1.0,
1646145011811345100,-0.656311035156,0.747436523438,-0.00677490234375,0.102294921875,-1842.0,-1154.0,-7969.0,7.0,19.0,-1.0,
1646145011815713644,-0.65625,0.74755859375,-0.008056640625,0.101806640625,-1775.0,-1229.0,-7960.0,9.0,21.0,-1.0,
1646145011822705268,-0.656188964844,0.747680664062,-0.00927734375,0.101440429688,-1715.0,-1306.0,-7963.0,9.0,20.0,0.0,
1646145011827373027,-0.656127929688,0.747802734375,-0.0104370117188,0.101135253906,-1681.0,-1361.0,-7975.0,9.0,16.0,0.0,
1646145011832078218,-0.656005859375,0.747863769531,-0.0115356445312,0.100952148438,-1647.0,-1397.0,-7988.0,9.0,15.0,0.0,
1646145011838474988,-0.655822753906,0.748046875,-0.0126953125,0.100769042969,-1611.0,-1407.0,-7962.0,11.0,16.0,2.0,
1646145011843405246,-0.655517578125,0.748291015625,-0.0138549804688,0.100646972656,-1543.0,-1422.0,-7924.0,12.0,15.0,3.0,
1646145011848231315,-0.655212402344,0.748596191406,-0.014892578125,0.1005859375,-1464.0,-1483.0,-7869.0,11.0,13.0,5.0,
1646145011852734804,-0.65478515625,0.748901367188,-0.0156860351562,0.100769042969,-1382.0,-1583.0,-7630.0,10.0,7.0,7.0,
1646145011857300281,-0.654357910156,0.749206542969,-0.01611328125,0.101196289062,-1313.0,-1682.0,-7337.0,5.0,0.0,8.0,
1646145011861662626,-0.653930664062,0.749572753906,-0.0161743164062,0.101379394531,-1254.0,-1730.0,-7219.0,-3.0,0.0,10.0,
1646145011866134881,-0.653442382812,0.75,-0.01611328125,0.100952148438,-1212.0,-1722.0,-7242.0,-8.0,4.0,11.0,
1646145011870710849,-0.65283203125,0.750610351562,-0.0159912109375,0.100402832031,-1188.0,-1720.0,-7289.0,-9.0,6.0,14.0,
1646145011877810716,-0.652160644531,0.751281738281,-0.0159301757812,0.0999145507812,-1198.0,-1757.0,-7348.0,-8.0,6.0,15.0,
1646145011882383823,-0.651672363281,0.751770019531,-0.0159301757812,0.0994873046875,-1244.0,-1816.0,-7408.0,-7.0,7.0,12.0,
1646145011887004852,-0.651245117188,0.752197265625,-0.0160522460938,0.09912109375,-1272.0,-1848.0,-7472.0,-6.0,8.0,9.0,
1646145011891515970,-0.650817871094,0.752624511719,-0.0162963867188,0.0986938476562,-1217.0,-1830.0,-7618.0,-4.0,9.0,9.0,
1646145011896060705,-0.650329589844,0.753051757812,-0.0167236328125,0.0982666015625,-1126.0,-1754.0,-7778.0,-1.0,9.0,10.0,
1646145011903192996,-0.649841308594,0.753540039062,-0.01708984375,0.09814453125,-1074.0,-1666.0,-7892.0,3.0,4.0,11.0,
1646145011907966375,-0.649169921875,0.754028320312,-0.0172729492188,0.0984497070312,-1082.0,-1668.0,-7976.0,6.0,-2.0,12.0,
1646145011912211418,-0.6484375,0.754577636719,-0.0174560546875,0.0990600585938,-1141.0,-1761.0,-8016.0,8.0,-5.0,15.0,
1646145011916878700,-0.647644042969,0.755126953125,-0.0176391601562,0.0999145507812,-1203.0,-1881.0,-8028.0,8.0,-6.0,16.0,
1646145011921910047,-0.646789550781,0.755737304688,-0.0178833007812,0.100708007812,-1229.0,-1971.0,-8002.0,7.0,-5.0,16.0,
1646145011926226377,-0.645935058594,0.756408691406,-0.0181274414062,0.101318359375,-1220.0,-2008.0,-7951.0,6.0,-3.0,17.0,
1646145011931649684,-0.645141601562,0.757080078125,-0.018310546875,0.101684570312,-1189.0,-1999.0,-7907.0,3.0,-1.0,17.0,
1646145011940058708,-0.644287109375,0.757751464844,-0.0184326171875,0.101867675781,-1161.0,-1976.0,-7885.0,1.0,0.0,17.0,
1646145011946698427,-0.6435546875,0.758361816406,-0.0185546875,0.101867675781,-1148.0,-1937.0,-7882.0,0.0,2.0,15.0,
1646145011949858903,-0.642944335938,0.758850097656,-0.0186767578125,0.101806640625,-1159.0,-1902.0,-7862.0,0.0,2.0,12.0,
1646145011954723358,-0.642456054688,0.75927734375,-0.0188598632812,0.101806640625,-1200.0,-1871.0,-7825.0,0.0,3.0,10.0,
1646145011959190130,-0.642028808594,0.759643554688,-0.01904296875,0.101684570312,-1220.0,-1846.0,-7790.0,0.0,5.0,9.0,
1646145011964313745,-0.641662597656,0.760009765625,-0.0194091796875,0.101440429688,-1219.0,-1830.0,-7764.0,-1.0,8.0,7.0,
1646145011968300104,-0.641296386719,0.760314941406,-0.0196533203125,0.10107421875,-1201.0,-1811.0,-7720.0,-2.0,9.0,7.0,
1646145011973061561,-0.640991210938,0.760681152344,-0.019775390625,0.100646972656,-1165.0,-1775.0,-7713.0,-5.0,8.0,6.0,
1646145011978197097,-0.640686035156,0.760986328125,-0.0198974609375,0.10009765625,-1142.0,-1696.0,-7729.0,-6.0,8.0,7.0,
1646145011984468460,-0.640258789062,0.761413574219,-0.0200805664062,0.0995483398438,-1127.0,-1561.0,-7716.0,-4.0,9.0,8.0,
1646145011987183094,-0.639770507812,0.761901855469,-0.0203857421875,0.0989379882812,-1082.0,-1411.0,-7716.0,-1.0,12.0,10.0,
1646145011994950771,-0.639221191406,0.762451171875,-0.0209350585938,0.0982055664062,-1022.0,-1295.0,-7720.0,2.0,14.0,11.0,
1646145011997929573,-0.638549804688,0.763061523438,-0.0215454101562,0.0975952148438,-961.0,-1226.0,-7714.0,4.0,14.0,13.0,
1646145012001492977,-0.637817382812,0.763732910156,-0.0222778320312,0.0971069335938,-928.0,-1197.0,-7713.0,5.0,13.0,14.0,
1646145012036890029,-0.637084960938,0.764343261719,-0.02294921875,0.0966796875,-938.0,-1199.0,-7717.0,6.0,12.0,14.0,
1646145012038370609,-0.636474609375,0.764892578125,-0.023681640625,0.0963745117188,-981.0,-1216.0,-7714.0,6.0,12.0,12.0,
1646145012040501594,-0.635925292969,0.765319824219,-0.0244750976562,0.0960693359375,-1031.0,-1243.0,-7726.0,7.0,14.0,9.0,
1646145012042986154,-0.635620117188,0.765625,-0.0255126953125,0.0956420898438,-1072.0,-1259.0,-7725.0,8.0,18.0,5.0,
1646145012043261289,-0.635498046875,0.765747070312,-0.0267333984375,0.0950317382812,-1097.0,-1250.0,-7740.0,9.0,22.0,0.0,
1646145012044033765,-0.635620117188,0.765686035156,-0.0281982421875,0.0941772460938,-1121.0,-1231.0,-7742.0,10.0,26.0,-5.0,
1646145012046060800,-0.635864257812,0.765563964844,-0.0299072265625,0.0932006835938,-1129.0,-1225.0,-7726.0,11.0,30.0,-8.0,
1646145012046382665,-0.63623046875,0.765319824219,-0.0318603515625,0.092041015625,-1116.0,-1248.0,-7697.0,12.0,36.0,-11.0,
1646145012047073602,-0.636657714844,0.765014648438,-0.0340576171875,0.0906982421875,-1103.0,-1290.0,-7680.0,12.0,39.0,-13.0,
1646145012056032180,-0.637145996094,0.764709472656,-0.0363159179688,0.0892333984375,-1083.0,-1331.0,-7696.0,11.0,42.0,-15.0,
1646145012058029174,-0.637756347656,0.764282226562,-0.03857421875,0.0875854492188,-1041.0,-1364.0,-7721.0,10.0,44.0,-17.0,
1646145012062898874,-0.638366699219,0.763793945312,-0.0409545898438,0.0859375,-968.0,-1390.0,-7737.0,10.0,45.0,-18.0,
1646145012067070722,-0.639038085938,0.763305664062,-0.0433349609375,0.0841674804688,-840.0,-1441.0,-7773.0,10.0,45.0,-19.0,
1646145012071734428,-0.639770507812,0.762756347656,-0.0455932617188,0.0823974609375,-696.0,-1519.0,-7823.0,8.0,42.0,-19.0,
1646145012077193498,-0.640563964844,0.762145996094,-0.047607421875,0.080810546875,-584.0,-1614.0,-7861.0,5.0,37.0,-20.0,
1646145012080945253,-0.641296386719,0.761535644531,-0.0492553710938,0.0794067382812,-530.0,-1704.0,-7887.0,2.0,30.0,-19.0,
1646145012085899353,-0.64208984375,0.760986328125,-0.0504150390625,0.0783081054688,-511.0,-1758.0,-7941.0,-1.0,24.0,-18.0,
1646145012095425844,-0.642761230469,0.760437011719,-0.0513305664062,0.0772705078125,-493.0,-1795.0,-7983.0,-3.0,20.0,-17.0,
1646145012097361326,-0.643432617188,0.759887695312,-0.052001953125,0.0763549804688,-459.0,-1834.0,-8013.0,-4.0,17.0,-16.0,
1646145012102059125,-0.644104003906,0.759399414062,-0.052490234375,0.075439453125,-431.0,-1876.0,-8046.0,-6.0,14.0,-15.0,
1646145012106476783,-0.644714355469,0.758911132812,-0.0527954101562,0.07470703125,-434.0,-1918.0,-8080.0,-7.0,11.0,-13.0,
1646145012111111402,-0.645263671875,0.758544921875,-0.0529174804688,0.0740966796875,-469.0,-1962.0,-8114.0,-8.0,7.0,-12.0,
1646145012117700099,-0.645751953125,0.758178710938,-0.0528564453125,0.0736694335938,-500.0,-2007.0,-8139.0,-9.0,5.0,-11.0,
1646145012122279644,-0.646118164062,0.757873535156,-0.0528564453125,0.0733032226562,-513.0,-2040.0,-8135.0,-8.0,4.0,-9.0,
1646145012126995086,-0.646484375,0.757568359375,-0.0527954101562,0.072998046875,-539.0,-2054.0,-8119.0,-8.0,3.0,-8.0,
1646145012134753227,-0.646728515625,0.757385253906,-0.0526123046875,0.07275390625,-586.0,-2054.0,-8107.0,-7.0,2.0,-6.0,
1646145012136711120,-0.64697265625,0.757202148438,-0.052490234375,0.0726318359375,-641.0,-2057.0,-8060.0,-7.0,1.0,-5.0,
1646145012146451473,-0.647155761719,0.757080078125,-0.0523681640625,0.072509765625,-685.0,-2059.0,-7986.0,-6.0,2.0,-4.0,
1646145012148488283,-0.647277832031,0.756958007812,-0.05224609375,0.0723876953125,-735.0,-2047.0,-7929.0,-6.0,2.0,-4.0,
1646145012153187751,-0.6474609375,0.756896972656,-0.0521240234375,0.0721435546875,-783.0,-2019.0,-7890.0,-7.0,3.0,-4.0,
1646145012157770633,-0.647583007812,0.7568359375,-0.052001953125,0.0718994140625,-821.0,-1978.0,-7841.0,-7.0,4.0,-3.0,
1646145012162085771,-0.647705078125,0.756713867188,-0.052001953125,0.071533203125,-829.0,-1935.0,-7799.0,-6.0,7.0,-4.0,
1646145012166524887,-0.647888183594,0.756652832031,-0.0521240234375,0.071044921875,-811.0,-1916.0,-7781.0,-6.0,9.0,-4.0,
1646145012171275615,-0.648071289062,0.756530761719,-0.0523071289062,0.0704345703125,-758.0,-1921.0,-7743.0,-6.0,10.0,-5.0,
1646145012176912784,-0.648254394531,0.756408691406,-0.052490234375,0.06982421875,-686.0,-1943.0,-7711.0,-7.0,10.0,-5.0,
1646145012184016704,-0.6484375,0.756286621094,-0.0526733398438,0.069091796875,-613.0,-1969.0,-7665.0,-9.0,10.0,-4.0,
1646145012187473773,-0.648620605469,0.756225585938,-0.0526733398438,0.068359375,-553.0,-1999.0,-7663.0,-12.0,9.0,-4.0,
1646145012192404747,-0.648742675781,0.756164550781,-0.0525512695312,0.0675659179688,-516.0,-2014.0,-7702.0,-14.0,8.0,-3.0,
1646145012197525978,-0.64892578125,0.756103515625,-0.0523071289062,0.0667724609375,-505.0,-2012.0,-7719.0,-15.0,7.0,-4.0,
1646145012206132650,-0.649169921875,0.756042480469,-0.0519409179688,0.06591796875,-495.0,-2004.0,-7733.0,-17.0,6.0,-4.0,
1646145012207061052,-0.6494140625,0.755920410156,-0.0514526367188,0.0650024414062,-488.0,-1998.0,-7757.0,-19.0,7.0,-5.0,
1646145012211464405,-0.649719238281,0.755737304688,-0.051025390625,0.0639038085938,-480.0,-1977.0,-7800.0,-21.0,8.0,-7.0,
1646145012216155290,-0.650146484375,0.755554199219,-0.050537109375,0.0626831054688,-467.0,-1964.0,-7838.0,-22.0,9.0,-8.0,
1646145012224177598,-0.650573730469,0.755249023438,-0.0499877929688,0.0614013671875,-452.0,-1953.0,-7869.0,-23.0,10.0,-10.0,
1646145012227250337,-0.651123046875,0.754943847656,-0.0494384765625,0.0599365234375,-435.0,-1947.0,-7920.0,-25.0,11.0,-11.0,
1646145012234221458,-0.651733398438,0.754638671875,-0.048828125,0.0584106445312,-401.0,-1928.0,-7973.0,-27.0,11.0,-12.0,
1646145012236297130,-0.652282714844,0.754272460938,-0.0482177734375,0.056884765625,-351.0,-1874.0,-7991.0,-28.0,11.0,-12.0,
1646145012241938352,-0.652893066406,0.75390625,-0.0475463867188,0.0552978515625,-297.0,-1792.0,-8016.0,-27.0,11.0,-12.0,
1646145012248421669,-0.653503417969,0.753540039062,-0.046875,0.0536499023438,-221.0,-1723.0,-8012.0,-27.0,11.0,-12.0,
1646145012253367662,-0.654113769531,0.753173828125,-0.0462036132812,0.0521240234375,-145.0,-1673.0,-8012.0,-27.0,9.0,-12.0,
1646145012257555246,-0.65478515625,0.752746582031,-0.0453491210938,0.05078125,-87.0,-1619.0,-8007.0,-27.0,5.0,-13.0,
1646145012261987209,-0.655456542969,0.752319335938,-0.0443115234375,0.049560546875,-48.0,-1569.0,-7984.0,-27.0,1.0,-13.0,
1646145012267331361,-0.656188964844,0.751831054688,-0.0431518554688,0.0484619140625,-57.0,-1503.0,-7973.0,-28.0,-2.0,-14.0,
1646145012271100759,-0.656982421875,0.751281738281,-0.0419311523438,0.0475463867188,-87.0,-1430.0,-7945.0,-26.0,-3.0,-16.0,
1646145012278226137,-0.657836914062,0.750610351562,-0.0408325195312,0.046630859375,-118.0,-1374.0,-7924.0,-25.0,-2.0,-18.0,
1646145012284710168,-0.658752441406,0.749938964844,-0.0399780273438,0.0455932617188,-140.0,-1349.0,-7904.0,-22.0,2.0,-19.0,
1646145012287451744,-0.659729003906,0.749145507812,-0.0394897460938,0.0445556640625,-147.0,-1360.0,-7892.0,-20.0,6.0,-21.0,
1646145012292435884,-0.660705566406,0.748352050781,-0.0391235351562,0.0435180664062,-151.0,-1374.0,-7875.0,-18.0,8.0,-22.0,
1646145012297133922,-0.661804199219,0.747436523438,-0.0387573242188,0.0424194335938,-153.0,-1383.0,-7848.0,-18.0,8.0,-24.0,
1646145012301829338,-0.662902832031,0.74658203125,-0.0384521484375,0.0413818359375,-146.0,-1398.0,-7837.0,-18.0,8.0,-24.0,
