1649774623518892288,0.518737792969,-0.359924316406,0.655883789062,0.413635253906,7252.0,-339.0,2149.0,51.0,-36.0,70.0,
1649774623522100210,0.519409179688,-0.360900878906,0.657958984375,0.408569335938,7344.0,-418.0,2176.0,48.0,-30.0,71.0,
1649774623531143665,0.52001953125,-0.361999511719,0.659912109375,0.403686523438,7404.0,-528.0,2202.0,45.0,-29.0,69.0,
1649774623533690929,0.5205078125,-0.363220214844,0.661682128906,0.399047851562,7433.0,-668.0,2236.0,40.0,-30.0,66.0,
1649774623541839122,0.520812988281,-0.364624023438,0.663269042969,0.394775390625,7476.0,-816.0,2264.0,33.0,-28.0,63.0,
1649774623543441295,0.520751953125,-0.366149902344,0.664733886719,0.390808105469,7552.0,-931.0,2285.0,26.0,-25.0,61.0,
1649774623552381753,0.520629882812,-0.367858886719,0.666015625,0.38720703125,7641.0,-1001.0,2312.0,19.0,-24.0,59.0,
1649774623553709506,0.5205078125,-0.369812011719,0.6669921875,0.383911132812,7695.0,-1033.0,2330.0,12.0,-27.0,56.0,
1649774623559022665,0.520446777344,-0.371887207031,0.667663574219,0.380798339844,7713.0,-1040.0,2339.0,7.0,-29.0,54.0,
1649774623563062191,0.520324707031,-0.374084472656,0.668212890625,0.377868652344,7727.0,-1031.0,2311.0,3.0,-30.0,53.0,
1649774623568424224,0.520202636719,-0.376342773438,0.668579101562,0.375,7760.0,-1018.0,2293.0,1.0,-30.0,53.0,
1649774623575850963,0.520141601562,-0.378601074219,0.6689453125,0.372131347656,7813.0,-1009.0,2264.0,0.0,-31.0,53.0,
1649774623578176021,0.520263671875,-0.380981445312,0.669189453125,0.369201660156,7865.0,-1001.0,2206.0,1.0,-36.0,53.0,
1649774623584908723,0.520629882812,-0.383422851562,0.669250488281,0.366027832031,7877.0,-1003.0,2146.0,1.0,-40.0,53.0,
1649774623590221166,0.521179199219,-0.385925292969,0.669128417969,0.36279296875,7826.0,-1010.0,2083.0,2.0,-44.0,53.0,
1649774623596368789,0.521850585938,-0.388549804688,0.668823242188,0.359558105469,7708.0,-1022.0,2034.0,1.0,-48.0,51.0,
1649774623599209785,0.522644042969,-0.391235351562,0.668334960938,0.356384277344,7561.0,-1039.0,2002.0,-2.0,-52.0,49.0,
1649774623626285314,0.5234375,-0.39404296875,0.667663574219,0.353332519531,7449.0,-1087.0,1928.0,-5.0,-54.0,48.0,
1649774623627623319,0.524108886719,-0.396911621094,0.667053222656,0.350280761719,7424.0,-1153.0,1804.0,-6.0,-51.0,48.0,
1649774623628257513,0.524658203125,-0.399780273438,0.66650390625,0.347351074219,7387.0,-1214.0,1691.0,-7.0,-48.0,48.0,
1649774623629490613,0.525146484375,-0.402648925781,0.665832519531,0.344604492188,7281.0,-1264.0,1621.0,-10.0,-46.0,47.0,
1649774623630398511,0.525329589844,-0.405517578125,0.665222167969,0.342102050781,7175.0,-1286.0,1570.0,-13.0,-42.0,45.0,
1649774623632449626,0.525085449219,-0.408203125,0.664916992188,0.339904785156,7183.0,-1288.0,1519.0,-15.0,-32.0,46.0,
1649774623634699583,0.524475097656,-0.410827636719,0.664794921875,0.337890625,7268.0,-1297.0,1465.0,-16.0,-25.0,47.0,
1649774623639386415,0.523864746094,-0.413391113281,0.664611816406,0.3359375,7335.0,-1327.0,1410.0,-17.0,-24.0,46.0,
1649774623643193483,0.5234375,-0.416015625,0.664306640625,0.334045410156,7330.0,-1361.0,1348.0,-18.0,-27.0,44.0,
1649774623649530649,0.523132324219,-0.418701171875,0.663818359375,0.332153320312,7297.0,-1383.0,1265.0,-18.0,-30.0,42.0,
1649774623654206514,0.52294921875,-0.421325683594,0.663208007812,0.330261230469,7280.0,-1406.0,1182.0,-18.0,-30.0,41.0,
1649774623660370111,0.522644042969,-0.423889160156,0.662719726562,0.328491210938,7294.0,-1426.0,1112.0,-18.0,-29.0,41.0,
1649774623664101839,0.522399902344,-0.426452636719,0.662170410156,0.326721191406,7313.0,-1457.0,1040.0,-18.0,-28.0,40.0,
1649774623681597232,0.522216796875,-0.429016113281,0.661499023438,0.324951171875,7310.0,-1500.0,985.0,-18.0,-30.0,38.0,
1649774623695545434,0.522155761719,-0.431518554688,0.660766601562,0.323181152344,7292.0,-1534.0,924.0,-18.0,-33.0,36.0,
1649774623696459531,0.522277832031,-0.434020996094,0.659912109375,0.321411132812,7271.0,-1539.0,857.0,-18.0,-35.0,35.0,
1649774623698587656,0.5224609375,-0.436462402344,0.659057617188,0.319641113281,7243.0,-1517.0,776.0,-17.0,-34.0,34.0,
1649774623699745655,0.522583007812,-0.438781738281,0.658203125,0.317932128906,7204.0,-1502.0,699.0,-16.0,-32.0,34.0,
1649774623700321674,0.522644042969,-0.440979003906,0.657531738281,0.316223144531,7178.0,-1498.0,642.0,-14.0,-30.0,34.0,
1649774623700910329,0.522583007812,-0.443054199219,0.656982421875,0.314575195312,7183.0,-1500.0,595.0,-13.0,-27.0,34.0,
1649774623702204465,0.522583007812,-0.445007324219,0.656433105469,0.312866210938,7207.0,-1510.0,542.0,-11.0,-27.0,34.0,
1649774623706622123,0.522521972656,-0.446899414062,0.656005859375,0.311218261719,7230.0,-1534.0,486.0,-10.0,-25.0,32.0,
1649774623749928474,0.522521972656,-0.448608398438,0.655578613281,0.309692382812,7247.0,-1591.0,437.0,-9.0,-23.0,31.0,
1649774623751495838,0.5224609375,-0.450256347656,0.655212402344,0.308166503906,7263.0,-1658.0,380.0,-8.0,-22.0,28.0,
1649774623752076864,0.5224609375,-0.451843261719,0.65478515625,0.306762695312,7271.0,-1713.0,328.0,-8.0,-21.0,26.0,
1649774623754444599,0.522399902344,-0.453308105469,0.654357910156,0.305419921875,7274.0,-1750.0,297.0,-8.0,-20.0,25.0,
1649774623755176782,0.522338867188,-0.454772949219,0.654113769531,0.304077148438,7296.0,-1767.0,280.0,-7.0,-18.0,25.0,
1649774623760479688,0.522155761719,-0.4560546875,0.653869628906,0.302795410156,7339.0,-1793.0,259.0,-6.0,-16.0,26.0,
1649774623762805461,0.522033691406,-0.457397460938,0.653686523438,0.301452636719,7394.0,-1839.0,242.0,-5.0,-16.0,26.0,
1649774623764594078,0.521911621094,-0.458679199219,0.653503417969,0.300109863281,7421.0,-1885.0,216.0,-5.0,-18.0,26.0,
1649774623765849351,0.52197265625,-0.460021972656,0.653198242188,0.298706054688,7410.0,-1933.0,198.0,-5.0,-19.0,24.0,
1649774623766649961,0.52197265625,-0.461303710938,0.65283203125,0.297424316406,7381.0,-1976.0,186.0,-5.0,-19.0,23.0,
1649774623768745660,0.521850585938,-0.462585449219,0.652587890625,0.296203613281,7363.0,-2012.0,183.0,-6.0,-17.0,23.0,
1649774623769443988,0.521667480469,-0.4638671875,0.65234375,0.295104980469,7376.0,-2041.0,168.0,-7.0,-15.0,23.0,
1649774623776818037,0.521484375,-0.465087890625,0.652099609375,0.294006347656,7376.0,-2068.0,150.0,-7.0,-14.0,22.0,
1649774623779412269,0.521423339844,-0.466247558594,0.651794433594,0.293029785156,7337.0,-2109.0,114.0,-7.0,-15.0,20.0,
1649774623783217191,0.521423339844,-0.467346191406,0.651428222656,0.2919921875,7275.0,-2142.0,71.0,-7.0,-15.0,18.0,
1649774623787890911,0.521301269531,-0.468383789062,0.651184082031,0.291137695312,7235.0,-2166.0,21.0,-6.0,-12.0,16.0,
1649774623795513153,0.521179199219,-0.46923828125,0.651000976562,0.290405273438,7233.0,-2195.0,-27.0,-5.0,-9.0,15.0,
1649774623800128221,0.520935058594,-0.470031738281,0.65087890625,0.289794921875,7246.0,-2222.0,-75.0,-5.0,-6.0,14.0,
1649774623804062604,0.520690917969,-0.470642089844,0.65087890625,0.289245605469,7250.0,-2247.0,-129.0,-3.0,-4.0,12.0,
1649774623808659553,0.520568847656,-0.47119140625,0.650817871094,0.288696289062,7259.0,-2264.0,-179.0,-2.0,-4.0,11.0,
1649774623815276384,0.5205078125,-0.471618652344,0.65087890625,0.2880859375,7263.0,-2278.0,-230.0,0.0,-4.0,10.0,
1649774623818176507,0.5205078125,-0.471923828125,0.650939941406,0.287475585938,7264.0,-2299.0,-270.0,3.0,-4.0,9.0,
1649774623822520256,0.520446777344,-0.47216796875,0.651062011719,0.286804199219,7285.0,-2338.0,-299.0,4.0,-4.0,9.0,
1649774623827037334,0.520446777344,-0.472412109375,0.651245117188,0.286071777344,7318.0,-2375.0,-313.0,5.0,-3.0,10.0,
1649774623831655740,0.520446777344,-0.472595214844,0.651428222656,0.285278320312,7349.0,-2421.0,-336.0,6.0,-4.0,10.0,
1649774623838269472,0.520568847656,-0.472778320312,0.651550292969,0.284423828125,7372.0,-2472.0,-354.0,7.0,-6.0,10.0,
1649774623843130588,0.520751953125,-0.473022460938,0.651611328125,0.283508300781,7400.0,-2508.0,-366.0,7.0,-8.0,10.0,
1649774623848122358,0.520935058594,-0.473388671875,0.651672363281,0.282531738281,7434.0,-2541.0,-366.0,6.0,-9.0,11.0,
1649774623853097438,0.521118164062,-0.473754882812,0.651672363281,0.281555175781,7472.0,-2571.0,-366.0,6.0,-10.0,12.0,
1649774623857045650,0.521240234375,-0.474182128906,0.651672363281,0.280517578125,7519.0,-2585.0,-360.0,5.0,-11.0,13.0,
1649774623863703727,0.521484375,-0.474670410156,0.651611328125,0.279418945312,7557.0,-2591.0,-346.0,5.0,-13.0,13.0,
1649774623868459701,0.521789550781,-0.475219726562,0.651428222656,0.278198242188,7573.0,-2598.0,-318.0,4.0,-16.0,14.0,
1649774623873162269,0.522277832031,-0.475830078125,0.651184082031,0.276916503906,7550.0,-2614.0,-289.0,4.0,-20.0,14.0,
1649774623877675771,0.522827148438,-0.476501464844,0.650817871094,0.275512695312,7495.0,-2631.0,-264.0,4.0,-23.0,13.0,
1649774623882341623,0.5234375,-0.477172851562,0.650451660156,0.274169921875,7428.0,-2651.0,-240.0,4.0,-24.0,13.0,
1649774623888053178,0.52392578125,-0.477844238281,0.650146484375,0.272888183594,7378.0,-2656.0,-225.0,3.0,-21.0,13.0,
1649774623895723104,0.524291992188,-0.478454589844,0.649841308594,0.271728515625,7349.0,-2634.0,-207.0,3.0,-18.0,13.0,
1649774623900446176,0.524536132812,-0.47900390625,0.649658203125,0.270690917969,7319.0,-2607.0,-163.0,2.0,-15.0,12.0,
1649774623905179023,0.524780273438,-0.4794921875,0.649536132812,0.269775390625,7264.0,-2579.0,-149.0,2.0,-13.0,11.0,
1649774623914056539,0.52490234375,-0.479797363281,0.649475097656,0.268981933594,7202.0,-2557.0,-136.0,3.0,-11.0,10.0,
1649774623916231155,0.524963378906,-0.480041503906,0.649597167969,0.268249511719,7152.0,-2553.0,-120.0,4.0,-6.0,9.0,
1649774623920519590,0.524841308594,-0.480102539062,0.64990234375,0.267761230469,7118.0,-2554.0,-109.0,5.0,-1.0,8.0,
1649774623933820247,0.524597167969,-0.47998046875,0.650268554688,0.267395019531,7083.0,-2577.0,-104.0,6.0,2.0,6.0,
1649774623940790891,0.524353027344,-0.479736328125,0.650756835938,0.267150878906,7069.0,-2613.0,-114.0,6.0,6.0,4.0,
1649774623944321393,0.52392578125,-0.479431152344,0.651306152344,0.26708984375,7077.0,-2645.0,-112.0,6.0,10.0,2.0,
1649774623949470996,0.5234375,-0.479064941406,0.651977539062,0.267150878906,7116.0,-2673.0,-103.0,6.0,12.0,1.0,
1649774623950975418,0.52294921875,-0.478637695312,0.652648925781,0.267272949219,7166.0,-2697.0,-85.0,6.0,13.0,1.0,
1649774623951582908,0.522521972656,-0.478210449219,0.653259277344,0.267395019531,7242.0,-2721.0,-82.0,6.0,12.0,0.0,
1649774623952661037,0.522094726562,-0.477783203125,0.653869628906,0.267517089844,7311.0,-2762.0,-56.0,6.0,13.0,1.0,
1649774623957293033,0.521667480469,-0.477478027344,0.654357910156,0.267578125,7418.0,-2812.0,-51.0,4.0,9.0,1.0,
1649774623961855888,0.521484375,-0.477355957031,0.654663085938,0.267517089844,7495.0,-2877.0,-51.0,3.0,4.0,1.0,
1649774623990567207,0.521484375,-0.477416992188,0.654663085938,0.267395019531,7549.0,-2924.0,-41.0,0.0,-2.0,1.0,
1649774623991644144,0.521606445312,-0.477722167969,0.654479980469,0.26708984375,7599.0,-2938.0,-24.0,-2.0,-6.0,2.0,
1649774623999963998,0.521789550781,-0.478149414062,0.654174804688,0.266784667969,7657.0,-2936.0,-20.0,-4.0,-10.0,3.0,
1649774624003297090,0.522155761719,-0.478637695312,0.653686523438,0.266296386719,7703.0,-2926.0,-36.0,-5.0,-14.0,4.0,
1649774624005226135,0.522644042969,-0.479309082031,0.653015136719,0.265747070312,7724.0,-2920.0,-50.0,-6.0,-19.0,5.0,
1649774624008091688,0.523315429688,-0.480163574219,0.652160644531,0.265014648438,7704.0,-2919.0,-76.0,-7.0,-23.0,6.0,
1649774624008883953,0.52392578125,-0.481079101562,0.651306152344,0.264221191406,7679.0,-2905.0,-103.0,-7.0,-25.0,7.0,
1649774624010057926,0.524536132812,-0.482055664062,0.650451660156,0.263366699219,7656.0,-2863.0,-128.0,-7.0,-24.0,9.0,
1649774624010868310,0.524963378906,-0.483032226562,0.649719238281,0.262451171875,7657.0,-2818.0,-171.0,-7.0,-22.0,11.0,
1649774624013941526,0.525268554688,-0.48388671875,0.649169921875,0.261596679688,7652.0,-2779.0,-204.0,-5.0,-18.0,13.0,
1649774624018482208,0.525451660156,-0.484680175781,0.648742675781,0.260803222656,7629.0,-2757.0,-240.0,-4.0,-15.0,12.0,
1649774624024631261,0.525634765625,-0.4853515625,0.648376464844,0.260131835938,7590.0,-2745.0,-270.0,-3.0,-13.0,11.0,
1649774624027537345,0.525695800781,-0.485900878906,0.648193359375,0.259521484375,7557.0,-2739.0,-315.0,-2.0,-9.0,9.0,
1649774624032104969,0.525634765625,-0.486267089844,0.648132324219,0.259033203125,7492.0,-2713.0,-424.0,-1.0,-5.0,8.0,
1649774624061571598,0.52587890625,-0.486572265625,0.647888183594,0.258605957031,7272.0,-2615.0,-384.0,1.0,-7.0,5.0,
1649774624063013315,0.526306152344,-0.486938476562,0.647277832031,0.258544921875,7079.0,-2562.0,-368.0,-7.0,-12.0,-1.0,
1649774624064489841,0.5263671875,-0.487243652344,0.647094726562,0.258422851562,7117.0,-2539.0,-459.0,-4.0,-5.0,2.0,
1649774624066374063,0.526184082031,-0.487365722656,0.647216796875,0.258361816406,7217.0,-2562.0,-465.0,0.0,4.0,5.0,
1649774624067628860,0.526306152344,-0.487670898438,0.646850585938,0.258239746094,7227.0,-2585.0,-453.0,-5.0,-6.0,2.0,
1649774624068222045,0.526916503906,-0.488220214844,0.646118164062,0.257934570312,7134.0,-2584.0,-442.0,-6.0,-17.0,0.0,
1649774624074792385,0.527526855469,-0.488708496094,0.645324707031,0.257629394531,7071.0,-2595.0,-444.0,-6.0,-18.0,-1.0,
1649774624077570915,0.528015136719,-0.489196777344,0.644653320312,0.257446289062,7100.0,-2607.0,-420.0,-8.0,-15.0,-1.0,
1649774624080787897,0.5283203125,-0.489624023438,0.644104003906,0.25732421875,7152.0,-2602.0,-413.0,-7.0,-11.0,0.0,
1649774624083746910,0.528564453125,-0.490051269531,0.643615722656,0.257202148438,7201.0,-2601.0,-429.0,-7.0,-9.0,1.0,
1649774624087264060,0.528869628906,-0.490478515625,0.643127441406,0.257141113281,7224.0,-2575.0,-434.0,-7.0,-10.0,1.0,
1649774624091742038,0.529174804688,-0.490844726562,0.642578125,0.257019042969,7232.0,-2547.0,-436.0,-6.0,-10.0,1.0,
1649774624103455543,0.529418945312,-0.491271972656,0.64208984375,0.256958007812,7269.0,-2536.0,-421.0,-7.0,-9.0,1.0,
1649774624107267618,0.529296875,-0.491516113281,0.641967773438,0.256958007812,7353.0,-2554.0,-449.0,-5.0,-1.0,4.0,
1649774624110250949,0.528930664062,-0.49169921875,0.642150878906,0.257019042969,7480.0,-2618.0,-457.0,-2.0,5.0,5.0,
1649774624114929437,0.528564453125,-0.491760253906,0.642395019531,0.257019042969,7596.0,-2693.0,-438.0,-1.0,6.0,5.0,
1649774624121727705,0.528381347656,-0.491882324219,0.642517089844,0.256896972656,7681.0,-2772.0,-445.0,-1.0,1.0,4.0,
1649774624123775959,0.528442382812,-0.492065429688,0.642395019531,0.256713867188,7726.0,-2841.0,-438.0,-1.0,-4.0,2.0,
1649774624129499673,0.528503417969,-0.492248535156,0.642272949219,0.256530761719,7737.0,-2891.0,-442.0,-2.0,-4.0,2.0,
1649774624149268150,0.528442382812,-0.492431640625,0.642150878906,0.256408691406,7743.0,-2917.0,-429.0,-2.0,-2.0,2.0,
1649774624150835275,0.5283203125,-0.492553710938,0.642211914062,0.256408691406,7777.0,-2944.0,-420.0,-2.0,0.0,2.0,
1649774624154808044,0.528259277344,-0.49267578125,0.642211914062,0.256286621094,7824.0,-2979.0,-417.0,-1.0,0.0,2.0,
1649774624156307697,0.5283203125,-0.492797851562,0.642150878906,0.256164550781,7855.0,-3022.0,-412.0,-1.0,-4.0,1.0,
1649774624157268524,0.528503417969,-0.492980957031,0.641967773438,0.255920410156,7862.0,-3047.0,-422.0,-1.0,-6.0,1.0,
1649774624161078214,0.528686523438,-0.493103027344,0.641784667969,0.255676269531,7821.0,-3043.0,-427.0,0.0,-6.0,1.0,
1649774624163191556,0.529052734375,-0.493225097656,0.641479492188,0.255432128906,7757.0,-3048.0,-402.0,0.0,-9.0,-2.0,
1649774624168066978,0.529541015625,-0.493286132812,0.641174316406,0.255187988281,7746.0,-3107.0,-412.0,0.0,-11.0,-3.0,
1649774624173230886,0.529968261719,-0.493347167969,0.640930175781,0.254821777344,7800.0,-3177.0,-407.0,2.0,-10.0,-2.0,
1649774624178225517,0.5302734375,-0.493530273438,0.640686035156,0.254455566406,7884.0,-3225.0,-399.0,0.0,-10.0,0.0,
1649774624181539535,0.530578613281,-0.493713378906,0.640441894531,0.25390625,7891.0,-3174.0,-498.0,1.0,-11.0,2.0,
1649774624186538934,0.531494140625,-0.494018554688,0.639770507812,0.253112792969,7612.0,-2920.0,-503.0,3.0,-22.0,1.0,
1649774624193240642,0.533203125,-0.494506835938,0.638244628906,0.252563476562,7267.0,-2699.0,-517.0,-6.0,-37.0,-7.0,
1649774624198321342,0.534484863281,-0.494812011719,0.637145996094,0.251892089844,7162.0,-2629.0,-641.0,-1.0,-30.0,-4.0,
1649774624202976226,0.53515625,-0.494812011719,0.636901855469,0.251159667969,7221.0,-2734.0,-714.0,8.0,-13.0,2.0,
1649774624207495212,0.535766601562,-0.494995117188,0.636535644531,0.25048828125,7295.0,-2843.0,-769.0,4.0,-13.0,0.0,
1649774624213047504,0.536682128906,-0.495239257812,0.635864257812,0.249633789062,7268.0,-2802.0,-814.0,3.0,-22.0,-1.0,
1649774624216978073,0.537963867188,-0.495422363281,0.634887695312,0.248901367188,7192.0,-2669.0,-836.0,3.0,-27.0,-5.0,
1649774624228866577,0.539428710938,-0.495544433594,0.6337890625,0.248352050781,7157.0,-2613.0,-787.0,1.0,-29.0,-8.0,
1649774624232199907,0.540405273438,-0.495361328125,0.633239746094,0.247985839844,7278.0,-2665.0,-757.0,4.0,-17.0,-7.0,
1649774624235243797,0.540344238281,-0.495056152344,0.633544921875,0.248046875,7639.0,-2828.0,-665.0,5.0,5.0,-2.0,
1649774624237655878,0.539428710938,-0.494689941406,0.634521484375,0.248229980469,8076.0,-2888.0,-769.0,6.0,18.0,6.0,
1649774624242141962,0.539855957031,-0.494262695312,0.634704589844,0.247741699219,7994.0,-2631.0,-804.0,12.0,-4.0,1.0,
1649774624248632907,0.542602539062,-0.494018554688,0.632690429688,0.247375488281,7390.0,-2364.0,-662.0,1.0,-47.0,-23.0,
1649774624255565404,0.545349121094,-0.493835449219,0.630615234375,0.247009277344,7019.0,-2194.0,-744.0,-2.0,-51.0,-26.0,
1649774624257510185,0.546203613281,-0.49365234375,0.630249023438,0.246337890625,7194.0,-2047.0,-869.0,9.0,-15.0,-2.0,
1649774624261858463,0.546203613281,-0.493347167969,0.630676269531,0.245910644531,7464.0,-2003.0,-903.0,12.0,4.0,10.0,
1649774624266636371,0.546875,-0.4931640625,0.630493164062,0.245239257812,7365.0,-2068.0,-912.0,9.0,-13.0,4.0,
1649774624276753425,0.548278808594,-0.493225097656,0.629638671875,0.244079589844,7081.0,-2107.0,-934.0,8.0,-31.0,-3.0,
1649774624278338670,0.549682617188,-0.493408203125,0.628662109375,0.2431640625,6956.0,-2029.0,-860.0,4.0,-30.0,-5.0,
1649774624289539337,0.550537109375,-0.493286132812,0.628112792969,0.242858886719,7052.0,-1930.0,-763.0,3.0,-17.0,-4.0,
1649774624290280103,0.550720214844,-0.492797851562,0.628295898438,0.242919921875,7311.0,-1981.0,-745.0,6.0,-1.0,-1.0,
1649774624291697978,0.550598144531,-0.492370605469,0.628784179688,0.242919921875,7600.0,-2108.0,-717.0,7.0,6.0,2.0,
1649774624297710657,0.550842285156,-0.492126464844,0.628845214844,0.242614746094,7784.0,-2161.0,-724.0,6.0,-5.0,1.0,
1649774624306004762,0.552185058594,-0.492248535156,0.627868652344,0.241943359375,7789.0,-2132.0,-734.0,2.0,-29.0,-4.0,
1649774624311170816,0.553955078125,-0.492370605469,0.626525878906,0.241027832031,7653.0,-2092.0,-770.0,3.0,-39.0,-7.0,
1649774624319254875,0.556518554688,-0.491821289062,0.625244140625,0.239685058594,7444.0,-2086.0,-893.0,11.0,-15.0,-7.0,
1649774624323912382,0.557495117188,-0.4912109375,0.625,0.239196777344,7364.0,-2004.0,-980.0,13.0,-14.0,-7.0,
1649774624332049608,0.55908203125,-0.49072265625,0.624206542969,0.238647460938,7205.0,-1973.0,-1079.0,11.0,-24.0,-12.0,
1649774624333020925,0.560913085938,-0.490234375,0.623168945312,0.237976074219,6983.0,-1980.0,-1135.0,11.0,-29.0,-15.0,
1649774624338622808,0.562316894531,-0.48974609375,0.622497558594,0.237426757812,6841.0,-1986.0,-1227.0,10.0,-20.0,-13.0,
1649774624343014001,0.563171386719,-0.489196777344,0.622253417969,0.237060546875,6797.0,-1959.0,-1273.0,11.0,-9.0,-9.0,
1649774624346921920,0.56396484375,-0.488708496094,0.6220703125,0.236877441406,6838.0,-1872.0,-1346.0,9.0,-7.0,-8.0,
1649774624353465080,0.565002441406,-0.488464355469,0.621459960938,0.236450195312,6837.0,-1712.0,-1449.0,6.0,-16.0,-5.0,
1649774624360267877,0.566528320312,-0.488525390625,0.620239257812,0.235961914062,6680.0,-1531.0,-1453.0,3.0,-27.0,-6.0,
1649774624362936735,0.568054199219,-0.488464355469,0.619018554688,0.235595703125,6542.0,-1429.0,-1501.0,1.0,-27.0,-9.0,
1649774624367519140,0.569091796875,-0.48828125,0.618286132812,0.235290527344,6492.0,-1369.0,-1571.0,4.0,-16.0,-6.0,
1649774624372073888,0.570129394531,-0.488037109375,0.61767578125,0.234985351562,6510.0,-1273.0,-1659.0,6.0,-14.0,-6.0,
1649774624376506328,0.571594238281,-0.48779296875,0.616638183594,0.234619140625,6519.0,-1204.0,-1702.0,5.0,-22.0,-9.0,
1649774624381128787,0.573364257812,-0.487609863281,0.615356445312,0.234069824219,6502.0,-1169.0,-1720.0,5.0,-30.0,-10.0,
1649774624388585805,0.575012207031,-0.487365722656,0.614196777344,0.233459472656,6527.0,-1174.0,-1734.0,6.0,-29.0,-10.0,
1649774624394086360,0.576354980469,-0.487060546875,0.613342285156,0.233093261719,6605.0,-1211.0,-1788.0,7.0,-21.0,-9.0,
1649774624397148847,0.577331542969,-0.486572265625,0.612915039062,0.232849121094,6715.0,-1249.0,-1862.0,9.0,-11.0,-8.0,
1649774624402478933,0.578308105469,-0.485961914062,0.612487792969,0.232849121094,6859.0,-1265.0,-1963.0,8.0,-8.0,-12.0,
1649774624415226936,0.579528808594,-0.485168457031,0.611877441406,0.232971191406,6916.0,-1256.0,-1999.0,8.0,-10.0,-17.0,
1649774624418851137,0.582458496094,-0.482971191406,0.610412597656,0.234069824219,6916.0,-1282.0,-2078.0,8.0,-7.0,-30.0,
1649774624435899496,0.583862304688,-0.481384277344,0.610046386719,0.234985351562,6962.0,-1244.0,-2145.0,12.0,0.0,-33.0,
1649774624437051057,0.58544921875,-0.4794921875,0.609558105469,0.235961914062,6952.0,-1193.0,-2094.0,13.0,-1.0,-38.0,
1649774624437837839,0.587341308594,-0.477416992188,0.608947753906,0.237182617188,6995.0,-1230.0,-2033.0,13.0,-5.0,-44.0,
1649774624438529253,0.589050292969,-0.475219726562,0.608520507812,0.238342285156,7145.0,-1317.0,-1999.0,15.0,-2.0,-46.0,
1649774624442499160,0.590881347656,-0.473022460938,0.608093261719,0.239440917969,7245.0,-1326.0,-1946.0,16.0,-4.0,-46.0,
1649774624447592258,0.593017578125,-0.470764160156,0.607238769531,0.240478515625,7209.0,-1254.0,-2165.0,15.0,-11.0,-49.0,
1649774624456168413,0.595886230469,-0.468200683594,0.606140136719,0.2412109375,6833.0,-1132.0,-2310.0,24.0,-16.0,-54.0,
1649774624456948757,0.599609375,-0.464782714844,0.604736328125,0.242126464844,6108.0,-1113.0,-2370.0,31.0,-22.0,-74.0,
1649774624463300466,0.603759765625,-0.460571289062,0.603332519531,0.243591308594,5500.0,-1195.0,-2128.0,35.0,-19.0,-95.0,
1649774624467649221,0.606628417969,-0.455810546875,0.603088378906,0.245727539062,5566.0,-1213.0,-1964.0,35.0,5.0,-95.0,
1649774624473238229,0.608276367188,-0.451110839844,0.604125976562,0.247985839844,6142.0,-1016.0,-1923.0,37.0,30.0,-77.0,
1649774624477914333,0.609741210938,-0.447143554688,0.604675292969,0.250061035156,6586.0,-674.0,-1899.0,30.0,23.0,-60.0,
1649774624481159210,0.61181640625,-0.444213867188,0.604187011719,0.251525878906,6802.0,-444.0,-1841.0,21.0,-1.0,-49.0,
1649774624490104436,0.613830566406,-0.44189453125,0.603515625,0.252197265625,6963.0,-322.0,-1917.0,21.0,-12.0,-37.0,
1649774624499792814,0.616394042969,-0.439880371094,0.602478027344,0.252075195312,6980.0,-271.0,-1966.0,26.0,-25.0,-34.0,
1649774624500651836,0.619323730469,-0.437744140625,0.60107421875,0.251770019531,6896.0,-232.0,-2003.0,27.0,-33.0,-40.0,
1649774624501793384,0.622314453125,-0.435241699219,0.599975585938,0.251586914062,6878.0,-249.0,-1993.0,33.0,-27.0,-45.0,
1649774624515763282,0.625122070312,-0.432250976562,0.599182128906,0.251586914062,7009.0,-317.0,-1962.0,35.0,-21.0,-50.0,
1649774624516688585,0.627868652344,-0.429321289062,0.598327636719,0.251770019531,7243.0,-398.0,-1925.0,33.0,-21.0,-52.0,
1649774624519597053,0.630676269531,-0.426452636719,0.597351074219,0.252014160156,7434.0,-420.0,-1876.0,31.0,-24.0,-53.0,
1649774624523222684,0.633422851562,-0.423645019531,0.596252441406,0.252319335938,7588.0,-392.0,-1836.0,28.0,-24.0,-52.0,
1649774624528032779,0.636047363281,-0.4208984375,0.595336914062,0.252624511719,7711.0,-329.0,-1827.0,29.0,-21.0,-50.0,
1649774624532541036,0.638610839844,-0.41796875,0.594482421875,0.252990722656,7854.0,-311.0,-1843.0,30.0,-18.0,-49.0,
1649774624537394523,0.641174316406,-0.4150390625,0.593627929688,0.253295898438,7989.0,-328.0,-1864.0,31.0,-19.0,-51.0,
1649774624542376995,0.643920898438,-0.412048339844,0.592651367188,0.253662109375,8054.0,-329.0,-1894.0,31.0,-21.0,-53.0,
1649774624546214103,0.646667480469,-0.408874511719,0.591674804688,0.254028320312,8069.0,-316.0,-1957.0,32.0,-20.0,-56.0,
1649774624554896593,0.649291992188,-0.405517578125,0.5908203125,0.254516601562,8092.0,-271.0,-2021.0,34.0,-14.0,-58.0,
1649774624557842016,0.65185546875,-0.401916503906,0.590270996094,0.255126953125,8162.0,-224.0,-2116.0,37.0,-8.0,-59.0,
1649774624562176465,0.654418945312,-0.398132324219,0.589721679688,0.255737304688,8242.0,-174.0,-2185.0,37.0,-7.0,-61.0,
1649774624566743612,0.657043457031,-0.394348144531,0.589050292969,0.256408691406,8278.0,-114.0,-2238.0,38.0,-9.0,-63.0,
1649774624571415901,0.659606933594,-0.390441894531,0.588500976562,0.257080078125,8290.0,-50.0,-2261.0,38.0,-7.0,-64.0,
1649774624580319643,0.661987304688,-0.386291503906,0.588256835938,0.2578125,8352.0,2.0,-2250.0,41.0,0.0,-63.0,
1649774624582653760,0.664001464844,-0.382019042969,0.588439941406,0.258605957031,8484.0,22.0,-2232.0,44.0,8.0,-61.0,
1649774624588179826,0.665832519531,-0.377502441406,0.588928222656,0.25927734375,8648.0,-2.0,-2175.0,47.0,12.0,-61.0,
1649774624597330570,0.667602539062,-0.372924804688,0.589538574219,0.259948730469,8787.0,-62.0,-2075.0,48.0,13.0,-62.0,
1649774624598144054,0.669311523438,-0.368225097656,0.590270996094,0.260620117188,8906.0,-149.0,-1907.0,50.0,15.0,-64.0,
1649774624605588912,0.670715332031,-0.363342285156,0.591430664062,0.261291503906,9087.0,-276.0,-1695.0,52.0,21.0,-63.0,
1649774624649492979,0.671691894531,-0.358459472656,0.592956542969,0.261962890625,9384.0,-457.0,-1454.0,53.0,28.0,-61.0,
1649774624656321525,0.672424316406,-0.353698730469,0.5947265625,0.262573242188,9737.0,-682.0,-1228.0,52.0,30.0,-58.0,
1649774624668863296,0.67333984375,-0.349243164062,0.59619140625,0.262878417969,9996.0,-890.0,-1016.0,50.0,21.0,-56.0,
1649774624670514583,0.674682617188,-0.34521484375,0.597045898438,0.262878417969,10080.0,-1020.0,-833.0,48.0,5.0,-54.0,
1649774624675159454,0.676574707031,-0.341369628906,0.597229003906,0.262634277344,9992.0,-1096.0,-692.0,48.0,-9.0,-54.0,
1649774624677073955,0.678771972656,-0.337646484375,0.597106933594,0.262023925781,9799.0,-1175.0,-595.0,50.0,-16.0,-53.0,
1649774624690036773,0.681091308594,-0.333801269531,0.596923828125,0.261291503906,9556.0,-1282.0,-542.0,53.0,-18.0,-54.0,
1649774624690870285,0.683532714844,-0.329956054688,0.5966796875,0.260375976562,9264.0,-1404.0,-531.0,56.0,-19.0,-55.0,
1649774624695528745,0.686096191406,-0.325927734375,0.596435546875,0.259338378906,8877.0,-1550.0,-775.0,59.0,-20.0,-57.0,
1649774624696369886,0.688720703125,-0.32177734375,0.596252441406,0.258056640625,8327.0,-1516.0,-776.0,64.0,-14.0,-57.0,
1649774624697185516,0.690185546875,-0.317687988281,0.596984863281,0.257446289062,7978.0,-1386.0,-614.0,55.0,8.0,-49.0,
1649774624697769403,0.689697265625,-0.3134765625,0.599853515625,0.257202148438,8100.0,-1394.0,-639.0,56.0,48.0,-34.0,
1649774624698848247,0.688110351562,-0.30908203125,0.604064941406,0.256958007812,8411.0,-1607.0,-801.0,60.0,78.0,-26.0,
1649774624699629783,0.686584472656,-0.304931640625,0.60791015625,0.2568359375,8525.0,-1893.0,-892.0,54.0,76.0,-32.0,
1649774624700452566,0.685852050781,-0.300903320312,0.610656738281,0.257019042969,8379.0,-2041.0,-924.0,47.0,56.0,-45.0,
1649774624701170921,0.685791015625,-0.296630859375,0.612670898438,0.25732421875,8256.0,-1978.0,-973.0,47.0,42.0,-53.0,
1649774624703901767,0.685974121094,-0.292175292969,0.614501953125,0.257629394531,8283.0,-1804.0,-958.0,50.0,40.0,-54.0,
1649774624705656528,0.686157226562,-0.287414550781,0.616455078125,0.257873535156,8380.0,-1621.0,-952.0,55.0,41.0,-51.0,
1649774624707472085,0.686584472656,-0.282653808594,0.618286132812,0.257690429688,8434.0,-1504.0,-959.0,59.0,35.0,-49.0,
1649774624708194971,0.687438964844,-0.278076171875,0.61962890625,0.257019042969,8445.0,-1398.0,-898.0,63.0,23.0,-47.0,
1649774624708692789,0.688781738281,-0.273742675781,0.620544433594,0.255920410156,8456.0,-1305.0,-813.0,65.0,9.0,-44.0,
1649774624711394309,0.6904296875,-0.269653320312,0.621032714844,0.254577636719,8451.0,-1261.0,-677.0,65.0,-3.0,-41.0,
1649774624719429492,0.692077636719,-0.265930175781,0.621520996094,0.2529296875,8405.0,-1260.0,-558.0,65.0,-8.0,-37.0,
1649774624722527027,0.693664550781,-0.262451171875,0.621948242188,0.251159667969,8325.0,-1283.0,-426.0,63.0,-8.0,-32.0,
1649774624728242635,0.695007324219,-0.25927734375,0.622497558594,0.249267578125,8261.0,-1293.0,-312.0,61.0,-8.0,-28.0,
1649774624734107017,0.696472167969,-0.25634765625,0.622924804688,0.247314453125,8233.0,-1298.0,-224.0,58.0,-11.0,-24.0,
1649774624747212171,0.697998046875,-0.253723144531,0.623046875,0.245300292969,8232.0,-1311.0,-187.0,56.0,-17.0,-21.0,
1649774624748942375,0.699523925781,-0.251281738281,0.623168945312,0.2431640625,8174.0,-1342.0,-102.0,55.0,-17.0,-19.0,
1649774624750110387,0.700805664062,-0.248962402344,0.623413085938,0.241027832031,8146.0,-1304.0,58.0,53.0,-14.0,-16.0,
1649774624751444339,0.701782226562,-0.246765136719,0.6240234375,0.239074707031,8261.0,-1207.0,155.0,51.0,-9.0,-12.0,
1649774624755838632,0.702575683594,-0.24462890625,0.624755859375,0.236938476562,8496.0,-1153.0,224.0,52.0,-7.0,-7.0,
1649774624762729167,0.703430175781,-0.242797851562,0.625366210938,0.234619140625,8684.0,-1148.0,278.0,50.0,-11.0,-4.0,
1649774624768420457,0.704406738281,-0.241088867188,0.625793457031,0.232299804688,8746.0,-1168.0,330.0,48.0,-14.0,-3.0,
1649774624773050785,0.705200195312,-0.239501953125,0.626342773438,0.230041503906,8750.0,-1189.0,388.0,47.0,-12.0,-3.0,
1649774624776880979,0.705627441406,-0.237854003906,0.627258300781,0.227905273438,8825.0,-1204.0,450.0,46.0,-3.0,-2.0,
1649774624781468152,0.705749511719,-0.236267089844,0.628479003906,0.225891113281,8966.0,-1223.0,500.0,44.0,4.0,0.0,
1649774624789640426,0.705810546875,-0.234680175781,0.629699707031,0.223999023438,9094.0,-1250.0,549.0,42.0,5.0,0.0,
1649774624792495727,0.705810546875,-0.233276367188,0.630859375,0.22216796875,9155.0,-1254.0,596.0,39.0,4.0,-1.0,
1649774624797482013,0.705688476562,-0.231994628906,0.632019042969,0.220520019531,9188.0,-1229.0,618.0,36.0,5.0,0.0,
1649774624801918506,0.705444335938,-0.230712890625,0.63330078125,0.218933105469,9245.0,-1159.0,647.0,35.0,8.0,3.0,
1649774624806892633,0.705078125,-0.229614257812,0.634704589844,0.21728515625,9336.0,-1070.0,666.0,34.0,10.0,6.0,
1649774624813124895,0.704772949219,-0.228576660156,0.635986328125,0.215576171875,9415.0,-988.0,673.0,33.0,9.0,8.0,
1649774624821120977,0.704467773438,-0.227661132812,0.637268066406,0.213806152344,9442.0,-928.0,688.0,33.0,6.0,11.0,
1649774624828209638,0.703918457031,-0.226318359375,0.639709472656,0.209716796875,9456.0,-845.0,669.0,34.0,5.0,17.0,
1649774624832844972,0.70361328125,-0.225830078125,0.640930175781,0.207458496094,9472.0,-856.0,647.0,34.0,4.0,19.0,
1649774624852081060,0.703430175781,-0.225463867188,0.642028808594,0.205139160156,9477.0,-891.0,624.0,33.0,2.0,21.0,
1649774624854389429,0.703125,-0.225341796875,0.643127441406,0.202758789062,9463.0,-926.0,594.0,31.0,1.0,23.0,
1649774624855446100,0.702819824219,-0.225402832031,0.644226074219,0.200439453125,9434.0,-928.0,574.0,29.0,1.0,25.0,
1649774624859420061,0.702514648438,-0.225524902344,0.645202636719,0.198120117188,9397.0,-925.0,549.0,26.0,1.0,27.0,
1649774624861124753,0.7021484375,-0.225830078125,0.646179199219,0.195861816406,9364.0,-910.0,517.0,25.0,0.0,29.0,
1649774624866816043,0.701782226562,-0.226257324219,0.647094726562,0.193542480469,9322.0,-906.0,490.0,23.0,-1.0,30.0,
1649774624867344856,0.701538085938,-0.226806640625,0.647888183594,0.191223144531,9244.0,-904.0,446.0,22.0,-3.0,31.0,
1649774624873462677,0.701293945312,-0.227416992188,0.648620605469,0.18896484375,9117.0,-903.0,410.0,21.0,-4.0,32.0,
1649774624880069017,0.700927734375,-0.22802734375,0.6494140625,0.186767578125,8981.0,-896.0,405.0,19.0,-2.0,31.0,
1649774624881782770,0.700439453125,-0.228759765625,0.650268554688,0.184631347656,8878.0,-862.0,385.0,18.0,1.0,32.0,
1649774624886402845,0.699768066406,-0.229370117188,0.651306152344,0.1826171875,8807.0,-829.0,391.0,17.0,5.0,33.0,
1649774624892304420,0.699035644531,-0.230041503906,0.652465820312,0.180725097656,8744.0,-800.0,411.0,16.0,7.0,32.0,
1649774624900038480,0.6982421875,-0.230773925781,0.653564453125,0.178955078125,8653.0,-781.0,412.0,15.0,7.0,32.0,
1649774624903105258,0.697387695312,-0.2314453125,0.654663085938,0.177185058594,8543.0,-757.0,420.0,13.0,8.0,32.0,
1649774624907093524,0.696472167969,-0.232238769531,0.655822753906,0.175537109375,8453.0,-737.0,410.0,12.0,10.0,32.0,
1649774624912401199,0.695495605469,-0.232971191406,0.657043457031,0.173950195312,8365.0,-726.0,404.0,11.0,11.0,32.0,
1649774624917123079,0.694458007812,-0.233764648438,0.658264160156,0.17236328125,8272.0,-733.0,396.0,10.0,13.0,32.0,
1649774624922732114,0.693359375,-0.234558105469,0.659484863281,0.170959472656,8163.0,-743.0,395.0,8.0,14.0,31.0,
1649774624927551269,0.692138671875,-0.2353515625,0.660827636719,0.169677734375,8072.0,-735.0,376.0,7.0,17.0,30.0,
1649774624932034254,0.690795898438,-0.236145019531,0.662231445312,0.16845703125,8001.0,-718.0,375.0,6.0,19.0,30.0,
1649774624936664342,0.689453125,-0.236999511719,0.663635253906,0.167297363281,7948.0,-706.0,358.0,5.0,20.0,31.0,
1649774624941281795,0.688110351562,-0.237915039062,0.664978027344,0.166076660156,7895.0,-698.0,341.0,4.0,20.0,32.0,
1649774624949770212,0.686767578125,-0.238952636719,0.666320800781,0.164978027344,7835.0,-703.0,324.0,3.0,20.0,32.0,
1649774624955811500,0.685363769531,-0.239990234375,0.667663574219,0.163818359375,7758.0,-707.0,283.0,2.0,20.0,32.0,
1649774624957341194,0.683959960938,-0.241027832031,0.6689453125,0.162780761719,7682.0,-718.0,253.0,1.0,20.0,32.0,
1649774624962016820,0.682495117188,-0.242126464844,0.670349121094,0.161804199219,7602.0,-738.0,217.0,0.0,23.0,32.0,
1649774624966733932,0.680786132812,-0.243225097656,0.671875,0.160949707031,7511.0,-774.0,194.0,-1.0,27.0,31.0,
1649774624971599578,0.678955078125,-0.244262695312,0.673461914062,0.160278320312,7405.0,-816.0,194.0,-3.0,31.0,30.0,
1649774624975952863,0.676940917969,-0.245300292969,0.675231933594,0.159790039062,7289.0,-842.0,198.0,-5.0,35.0,27.0,
1649774624983490467,0.6748046875,-0.246154785156,0.677124023438,0.15966796875,7171.0,-859.0,184.0,-7.0,39.0,23.0,
1649774624987543582,0.672424316406,-0.246887207031,0.679138183594,0.159973144531,7058.0,-869.0,180.0,-9.0,47.0,19.0,
1649774624992495298,0.669738769531,-0.247314453125,0.681518554688,0.160583496094,6957.0,-876.0,186.0,-10.0,55.0,13.0,
1649774624996545314,0.666809082031,-0.247436523438,0.68408203125,0.161682128906,6868.0,-878.0,188.0,-11.0,63.0,7.0,
1649774625001273632,0.66357421875,-0.247253417969,0.686889648438,0.163146972656,6799.0,-886.0,213.0,-12.0,71.0,1.0,
1649774625030757904,0.66015625,-0.246765136719,0.68994140625,0.164978027344,6757.0,-913.0,246.0,-12.0,79.0,-4.0,
1649774625032678604,0.656433105469,-0.246032714844,0.693176269531,0.167175292969,6674.0,-917.0,286.0,-13.0,86.0,-11.0,
1649774625033575534,0.652526855469,-0.244995117188,0.696655273438,0.169738769531,6560.0,-917.0,342.0,-13.0,93.0,-16.0,
1649774625039721012,0.648315429688,-0.24365234375,0.700317382812,0.172668457031,6439.0,-918.0,432.0,-13.0,101.0,-22.0,
1649774625042548894,0.643676757812,-0.241943359375,0.704345703125,0.175964355469,6371.0,-934.0,477.0,-14.0,110.0,-28.0,
1649774625043528079,0.638793945312,-0.239990234375,0.708557128906,0.179626464844,6333.0,-971.0,500.0,-13.0,120.0,-33.0,
1649774625055856943,0.633483886719,-0.237670898438,0.713012695312,0.183654785156,6288.0,-1023.0,489.0,-14.0,129.0,-40.0,
1649774625057774543,0.627868652344,-0.235046386719,0.717651367188,0.188232421875,6248.0,-1062.0,504.0,-16.0,139.0,-47.0,
1649774625058474302,0.621765136719,-0.232116699219,0.722595214844,0.193237304688,6221.0,-1086.0,561.0,-17.0,151.0,-54.0,
1649774625065782546,0.615051269531,-0.228698730469,0.727844238281,0.198791503906,6175.0,-1096.0,631.0,-18.0,164.0,-61.0,
1649774625066956758,0.60791015625,-0.224914550781,0.733337402344,0.204895019531,6079.0,-1132.0,708.0,-19.0,175.0,-69.0,
1649774625067454576,0.60009765625,-0.220642089844,0.739135742188,0.211608886719,5917.0,-1180.0,786.0,-21.0,189.0,-79.0,
1649774625070834636,0.591430664062,-0.215881347656,0.745300292969,0.219116210938,5781.0,-1232.0,874.0,-24.0,208.0,-89.0,
1649774625074051380,0.581604003906,-0.210632324219,0.752075195312,0.227416992188,5810.0,-1258.0,973.0,-27.0,233.0,-98.0,
1649774625077734708,0.570495605469,-0.204772949219,0.759399414062,0.236267089844,5962.0,-1254.0,1060.0,-28.0,258.0,-103.0,
1649774625081732749,0.558776855469,-0.198669433594,0.766784667969,0.245422363281,6141.0,-1243.0,1184.0,-30.0,270.0,-108.0,
1649774625086209297,0.546630859375,-0.1923828125,0.774047851562,0.254943847656,6361.0,-1194.0,1294.0,-32.0,276.0,-112.0,
1649774625092356681,0.534057617188,-0.185852050781,0.781188964844,0.264404296875,6590.0,-1099.0,1436.0,-32.0,283.0,-113.0,
1649774625095632791,0.521301269531,-0.179138183594,0.7880859375,0.273742675781,6747.0,-991.0,1594.0,-29.0,284.0,-111.0,
1649774625102578878,0.508728027344,-0.172424316406,0.794677734375,0.282653808594,6805.0,-906.0,1727.0,-26.0,277.0,-108.0,
1649774625107379436,0.496215820312,-0.165588378906,0.800903320312,0.291137695312,6902.0,-827.0,1880.0,-22.0,273.0,-106.0,
1649774625113621950,0.483703613281,-0.15869140625,0.807006835938,0.299194335938,7086.0,-715.0,2037.0,-18.0,272.0,-102.0,
1649774625116573810,0.471435546875,-0.151794433594,0.812744140625,0.306762695312,7311.0,-605.0,2182.0,-14.0,266.0,-96.0,
1649774625121399402,0.459533691406,-0.145141601562,0.818115234375,0.313720703125,7448.0,-509.0,2365.0,-11.0,257.0,-90.0,
1649774625130137205,0.447814941406,-0.138732910156,0.823181152344,0.320190429688,7460.0,-412.0,2573.0,-11.0,249.0,-84.0,
1649774625133091688,0.435974121094,-0.132446289062,0.828125,0.326232910156,7415.0,-314.0,2840.0,-11.0,247.0,-76.0,
1649774625137773036,0.423645019531,-0.126281738281,0.833312988281,0.331787109375,7377.0,-220.0,3056.0,-10.0,252.0,-66.0,
1649774625144626140,0.411376953125,-0.1201171875,0.838439941406,0.336547851562,7362.0,-139.0,3254.0,-5.0,250.0,-56.0,
1649774625148663997,0.399536132812,-0.1142578125,0.843383789062,0.340454101562,7366.0,4.0,3364.0,-1.0,241.0,-45.0,
1649774625151515960,0.387939453125,-0.108581542969,0.848266601562,0.343566894531,7429.0,117.0,3585.0,1.0,236.0,-32.0,
1649774625156642198,0.376953125,-0.103332519531,0.853088378906,0.345520019531,7548.0,155.0,3856.0,7.0,223.0,-15.0,
1649774625160709381,0.3671875,-0.0983276367188,0.857421875,0.346801757812,7586.0,254.0,4026.0,14.0,201.0,-10.0,
1649774625169625997,0.3583984375,-0.0935668945312,0.861145019531,0.348022460938,7544.0,430.0,4256.0,15.0,182.0,-11.0,
1649774625172164678,0.350219726562,-0.0892944335938,0.864685058594,0.348754882812,7602.0,596.0,4325.0,12.0,168.0,-2.0,
1649774625177792310,0.342956542969,-0.0852661132812,0.868041992188,0.3486328125,7671.0,669.0,4443.0,18.0,155.0,9.0,
1649774625181462287,0.336791992188,-0.0816650390625,0.870971679688,0.34814453125,7647.0,686.0,4598.0,22.0,134.0,12.0,
1649774625186341285,0.332153320312,-0.0785522460938,0.873474121094,0.347045898438,7424.0,795.0,4628.0,26.0,104.0,17.0,
1649774625191110610,0.328735351562,-0.0757446289062,0.875610351562,0.345520019531,7206.0,927.0,4798.0,30.0,81.0,24.0,
1649774625195681571,0.325927734375,-0.0729370117188,0.877624511719,0.34375,7069.0,1030.0,4893.0,33.0,69.0,26.0,
1649774625204712152,0.32421875,-0.0701904296875,0.879333496094,0.341552734375,6905.0,1065.0,5040.0,40.0,51.0,30.0,
1649774625206559419,0.323364257812,-0.0675659179688,0.880798339844,0.339172363281,6658.0,1043.0,5198.0,45.0,36.0,30.0,
1649774625212957143,0.322998046875,-0.0650634765625,0.882019042969,0.336730957031,6366.0,1034.0,5309.0,48.0,24.0,28.0,
1649774625215884685,0.322814941406,-0.0623779296875,0.883178710938,0.334289550781,6010.0,1027.0,5397.0,51.0,21.0,28.0,
1649774625221341133,0.322448730469,-0.0594482421875,0.884460449219,0.331787109375,5560.0,1012.0,5473.0,54.0,24.0,28.0,
1649774625235984563,0.321594238281,-0.05615234375,0.885925292969,0.329284667969,5137.0,1040.0,5586.0,57.0,30.0,28.0,
1649774625237452983,0.31982421875,-0.052490234375,0.8876953125,0.326843261719,4829.0,1077.0,5739.0,57.0,46.0,29.0,
1649774625238914728,0.317138671875,-0.048583984375,0.889831542969,0.324401855469,4733.0,1073.0,5900.0,56.0,64.0,30.0,
1649774625243470191,0.313903808594,-0.0447387695312,0.892028808594,0.321960449219,4789.0,1052.0,6054.0,53.0,74.0,30.0,
1649774625248231649,0.310791015625,-0.0411987304688,0.894104003906,0.319641113281,4847.0,1057.0,6157.0,49.0,73.0,28.0,
1649774625254796028,0.308227539062,-0.0379028320312,0.89599609375,0.317321777344,4880.0,1115.0,6266.0,47.0,63.0,28.0,
1649774625270303249,0.305969238281,-0.0347900390625,0.897644042969,0.315124511719,4883.0,1216.0,6405.0,45.0,57.0,27.0,
1649774625282634735,0.304016113281,-0.0317993164062,0.899169921875,0.312927246094,4883.0,1325.0,6579.0,43.0,49.0,27.0,
1649774625284246444,0.302368164062,-0.029052734375,0.900573730469,0.310729980469,4911.0,1442.0,6724.0,42.0,42.0,28.0,
1649774625284888982,0.301208496094,-0.0264892578125,0.90185546875,0.308410644531,4971.0,1587.0,6849.0,41.0,35.0,30.0,
1649774625286358594,0.300598144531,-0.0241088867188,0.902954101562,0.305969238281,5003.0,1700.0,6991.0,41.0,25.0,32.0,
1649774625287892818,0.300659179688,-0.02197265625,0.903869628906,0.303466796875,4993.0,1764.0,7104.0,41.0,12.0,32.0,
1649774625288570880,0.30126953125,-0.02001953125,0.904541015625,0.300964355469,4919.0,1811.0,7219.0,42.0,1.0,32.0,
1649774625291759014,0.30224609375,-0.0182495117188,0.905029296875,0.298522949219,4756.0,1849.0,7307.0,41.0,-7.0,32.0,
1649774625295576572,0.303344726562,-0.0164794921875,0.905517578125,0.296081542969,4558.0,1883.0,7365.0,41.0,-11.0,31.0,
1649774625302149534,0.304016113281,-0.0147094726562,0.906066894531,0.293762207031,4364.0,1890.0,7465.0,39.0,-5.0,31.0,
1649774625307039737,0.304016113281,-0.0128173828125,0.906799316406,0.29150390625,4229.0,1869.0,7529.0,37.0,4.0,29.0,
1649774625312644958,0.3037109375,-0.0110473632812,0.907653808594,0.289428710938,4148.0,1832.0,7614.0,34.0,10.0,27.0,
1649774625316398382,0.302978515625,-0.00933837890625,0.908508300781,0.287536621094,4118.0,1811.0,7729.0,30.0,17.0,24.0,
1649774625320813417,0.302185058594,-0.0078125,0.909301757812,0.285949707031,4131.0,1884.0,7737.0,27.0,17.0,21.0,
1649774625327141523,0.301879882812,-0.0062255859375,0.909851074219,0.284545898438,4125.0,1997.0,7717.0,26.0,10.0,18.0,
1649774625333185434,0.301818847656,-0.00457763671875,0.910278320312,0.283264160156,4134.0,2066.0,7715.0,27.0,6.0,15.0,
1649774625338724136,0.3017578125,-0.00286865234375,0.91064453125,0.282043457031,4098.0,2072.0,7764.0,28.0,7.0,13.0,
1649774625342816591,0.301574707031,-0.001220703125,0.911071777344,0.280944824219,3982.0,2053.0,7861.0,27.0,7.0,12.0,
1649774625347373723,0.300964355469,0.00030517578125,0.911560058594,0.279968261719,3923.0,2078.0,7955.0,24.0,11.0,11.0,
1649774625360564947,0.299987792969,0.00177001953125,0.912170410156,0.279052734375,4017.0,2178.0,8028.0,20.0,17.0,11.0,
1649774625362280130,0.299072265625,0.003173828125,0.912780761719,0.278015136719,4149.0,2289.0,8127.0,18.0,19.0,13.0,
1649774625365416765,0.298645019531,0.00439453125,0.913269042969,0.276916503906,4203.0,2393.0,8156.0,18.0,11.0,15.0,
1649774625368012189,0.298706054688,0.0054931640625,0.91357421875,0.275817871094,4207.0,2486.0,8160.0,18.0,2.0,15.0,
1649774625372080326,0.298767089844,0.006591796875,0.913818359375,0.274841308594,4244.0,2537.0,8187.0,17.0,1.0,14.0,
1649774625380162477,0.298950195312,0.00762939453125,0.9140625,0.273864746094,4263.0,2599.0,8194.0,17.0,-1.0,13.0,
1649774625380967617,0.29931640625,0.0086669921875,0.914184570312,0.273010253906,4164.0,2635.0,8203.0,17.0,-5.0,11.0,
1649774625394409656,0.299621582031,0.00970458984375,0.914245605469,0.272399902344,3924.0,2717.0,8198.0,16.0,-6.0,8.0,
1649774625399367570,0.299255371094,0.0111083984375,0.914428710938,0.272094726562,3668.0,2814.0,8209.0,16.0,3.0,2.0,
1649774625400293111,0.297973632812,0.0127563476562,0.914794921875,0.272155761719,3653.0,2855.0,8286.0,13.0,19.0,-3.0,
1649774625401236295,0.2958984375,0.0144653320312,0.915466308594,0.272216796875,3882.0,2883.0,8302.0,12.0,34.0,-3.0,
1649774625407352685,0.294067382812,0.0159301757812,0.916015625,0.272277832031,4050.0,2910.0,8298.0,9.0,35.0,-4.0,
1649774625412332534,0.292663574219,0.01708984375,0.916320800781,0.272521972656,4077.0,2949.0,8261.0,6.0,26.0,-6.0,
1649774625417406558,0.291320800781,0.0182495117188,0.916625976562,0.272888183594,4106.0,2976.0,8213.0,5.0,23.0,-7.0,
1649774625421610832,0.289672851562,0.0194091796875,0.917053222656,0.273193359375,4259.0,2986.0,8166.0,5.0,29.0,-6.0,
1649774625426459550,0.288208007812,0.0205078125,0.917419433594,0.2734375,4395.0,2962.0,8133.0,4.0,29.0,-5.0,
1649774625431659460,0.287048339844,0.0213012695312,0.917724609375,0.273681640625,4452.0,2917.0,8059.0,2.0,22.0,-5.0,
1649774625437119245,0.286010742188,0.0218505859375,0.917907714844,0.27392578125,4497.0,2879.0,8011.0,-1.0,19.0,-5.0,
1649774625445332527,0.284973144531,0.022216796875,0.918151855469,0.274169921875,4541.0,2866.0,7944.0,-4.0,17.0,-4.0,
1649774625446471452,0.284240722656,0.0223388671875,0.918334960938,0.2744140625,4584.0,2851.0,7844.0,-6.0,13.0,-2.0,
1649774625450747251,0.283752441406,0.0221557617188,0.918395996094,0.274658203125,4587.0,2850.0,7752.0,-9.0,7.0,-1.0,
1649774625456182718,0.283630371094,0.0218505859375,0.91845703125,0.274780273438,4575.0,2867.0,7649.0,-11.0,1.0,2.0,
1649774625462358236,0.28369140625,0.0214233398438,0.918395996094,0.274780273438,4534.0,2870.0,7551.0,-11.0,-4.0,4.0,
1649774625467243432,0.284118652344,0.0208740234375,0.918273925781,0.274719238281,4428.0,2850.0,7464.0,-10.0,-9.0,5.0,
1649774625473867177,0.284484863281,0.0203857421875,0.918212890625,0.274719238281,4308.0,2804.0,7372.0,-11.0,-11.0,4.0,
1649774625476837873,0.284729003906,0.0198364257812,0.918090820312,0.274780273438,4235.0,2779.0,7291.0,-11.0,-8.0,3.0,
1649774625480751752,0.284851074219,0.0194702148438,0.918029785156,0.27490234375,4192.0,2759.0,7188.0,-10.0,-5.0,2.0,
1649774625485321760,0.285034179688,0.0192260742188,0.91796875,0.275085449219,4172.0,2737.0,7078.0,-8.0,-5.0,0.0,
1649774625496027708,0.285339355469,0.0191040039062,0.917785644531,0.275207519531,4164.0,2730.0,6983.0,-5.0,-6.0,-1.0,
1649774625497842788,0.285705566406,0.0191040039062,0.917602539062,0.275451660156,4133.0,2724.0,6904.0,-3.0,-7.0,-2.0,
1649774625501432895,0.2861328125,0.019287109375,0.917419433594,0.275756835938,4058.0,2715.0,6841.0,-1.0,-7.0,-5.0,
1649774625510018587,0.286376953125,0.0197143554688,0.917175292969,0.276245117188,3984.0,2702.0,6826.0,0.0,-5.0,-7.0,
1649774625510882616,0.286254882812,0.0203247070312,0.917053222656,0.276733398438,3924.0,2706.0,6803.0,3.0,2.0,-9.0,
1649774625517363548,0.285827636719,0.021240234375,0.9169921875,0.277282714844,3830.0,2708.0,6760.0,5.0,8.0,-11.0,
1649774625522963762,0.284973144531,0.0223999023438,0.917053222656,0.277893066406,3765.0,2688.0,6727.0,6.0,15.0,-12.0,
1649774625530159473,0.283508300781,0.0238037109375,0.917236328125,0.278625488281,3826.0,2625.0,6710.0,7.0,27.0,-15.0,
1649774625531390190,0.281616210938,0.0253295898438,0.917541503906,0.279479980469,4008.0,2546.0,6717.0,7.0,37.0,-18.0,
1649774625539556026,0.279663085938,0.0267333984375,0.917846679688,0.280334472656,4154.0,2473.0,6710.0,6.0,40.0,-19.0,
1649774625543701648,0.277893066406,0.0279541015625,0.918029785156,0.281372070312,4210.0,2460.0,6714.0,4.0,35.0,-21.0,
1649774625554367542,0.276123046875,0.0292358398438,0.918151855469,0.282470703125,4290.0,2462.0,6742.0,3.0,33.0,-22.0,
1649774625555702209,0.274353027344,0.030517578125,0.918334960938,0.283508300781,4466.0,2433.0,6774.0,3.0,35.0,-21.0,
1649774625556899785,0.272827148438,0.0316162109375,0.91845703125,0.284423828125,4594.0,2383.0,6810.0,3.0,33.0,-19.0,
1649774625561629533,0.271545410156,0.032470703125,0.918579101562,0.285217285156,4623.0,2366.0,6818.0,1.0,26.0,-18.0,
1649774625566267490,0.270385742188,0.033203125,0.918640136719,0.286071777344,4637.0,2372.0,6834.0,-1.0,24.0,-16.0,
1649774625572099208,0.269104003906,0.0338745117188,0.918762207031,0.286804199219,4677.0,2368.0,6849.0,-1.0,25.0,-14.0,
1649774625575411081,0.267944335938,0.0345458984375,0.918884277344,0.287414550781,4669.0,2343.0,6869.0,-1.0,24.0,-13.0,
1649774625581714630,0.266906738281,0.0349731445312,0.9189453125,0.288024902344,4603.0,2308.0,6882.0,-2.0,20.0,-12.0,
1649774625589024066,0.265747070312,0.035400390625,0.919067382812,0.28857421875,4574.0,2308.0,6871.0,-3.0,20.0,-11.0,
1649774625593071937,0.264587402344,0.035888671875,0.919250488281,0.289123535156,4537.0,2312.0,6868.0,-3.0,22.0,-10.0,
1649774625596044063,0.263427734375,0.036376953125,0.919372558594,0.289672851562,4457.0,2288.0,6851.0,-3.0,21.0,-10.0,
1649774625601292610,0.262329101562,0.0369262695312,0.919494628906,0.290222167969,4364.0,2251.0,6809.0,-1.0,20.0,-11.0,
1649774625609686613,0.261108398438,0.0376586914062,0.919677734375,0.290832519531,4281.0,2204.0,6778.0,0.0,23.0,-12.0,
1649774625611907482,0.259704589844,0.0383911132812,0.919799804688,0.291381835938,4213.0,2168.0,6740.0,1.0,26.0,-13.0,
1649774625617872476,0.258239746094,0.039306640625,0.919982910156,0.2919921875,4148.0,2159.0,6710.0,2.0,27.0,-13.0,
1649774625621929407,0.256713867188,0.0403442382812,0.920166015625,0.292663574219,4120.0,2168.0,6687.0,3.0,30.0,-14.0,
1649774625625972509,0.255126953125,0.04150390625,0.92041015625,0.293212890625,4081.0,2145.0,6673.0,5.0,31.0,-14.0,
1649774625632874250,0.253540039062,0.0426635742188,0.920593261719,0.293884277344,4010.0,2085.0,6662.0,6.0,31.0,-15.0,
1649774625638280391,0.251770019531,0.0438842773438,0.920776367188,0.294555664062,3986.0,2037.0,6671.0,6.0,33.0,-16.0,
1649774625642018556,0.249816894531,0.045166015625,0.921081542969,0.295166015625,4009.0,2030.0,6686.0,6.0,37.0,-16.0,
1649774625647110700,0.247863769531,0.0464477539062,0.921325683594,0.295776367188,4047.0,2062.0,6715.0,6.0,38.0,-15.0,
1649774625651119709,0.24609375,0.0477294921875,0.921569824219,0.296325683594,4076.0,2105.0,6737.0,7.0,36.0,-14.0,
1649774625656077861,0.244506835938,0.0491333007812,0.921752929688,0.296752929688,4073.0,2133.0,6757.0,9.0,34.0,-13.0,
1649774625661633014,0.2431640625,0.050537109375,0.921936035156,0.297180175781,4057.0,2118.0,6756.0,11.0,30.0,-12.0,
1649774625670012712,0.241943359375,0.0518188476562,0.922058105469,0.297485351562,4084.0,2104.0,6788.0,12.0,27.0,-11.0,
1649774625672364950,0.24072265625,0.0531616210938,0.922180175781,0.297790527344,4113.0,2094.0,6805.0,11.0,27.0,-11.0,
1649774625676651954,0.23974609375,0.0543212890625,0.922241210938,0.298156738281,4121.0,2080.0,6826.0,11.0,24.0,-12.0,
1649774625683771610,0.238830566406,0.0554809570312,0.922302246094,0.298583984375,4125.0,2080.0,6852.0,10.0,22.0,-12.0,
1649774625685751914,0.238098144531,0.0565185546875,0.922302246094,0.298950195312,4113.0,2074.0,6884.0,10.0,19.0,-12.0,
1649774625690577745,0.237365722656,0.0574951171875,0.922302246094,0.299377441406,4089.0,2055.0,6908.0,9.0,17.0,-12.0,
1649774625695730447,0.236755371094,0.0582275390625,0.922241210938,0.299865722656,4081.0,2028.0,6945.0,6.0,15.0,-12.0,
1649774625701716184,0.236145019531,0.058837890625,0.922241210938,0.30029296875,4115.0,2006.0,6961.0,4.0,14.0,-11.0,
1649774625707508325,0.235717773438,0.0591430664062,0.922180175781,0.30078125,4140.0,1977.0,6965.0,1.0,10.0,-11.0,
1649774625711679935,0.235595703125,0.0592651367188,0.921997070312,0.30126953125,4114.0,1957.0,6975.0,-1.0,5.0,-11.0,
1649774625716794729,0.235534667969,0.0591430664062,0.921813964844,0.301879882812,4030.0,1949.0,6979.0,-4.0,1.0,-11.0,
1649774625722728490,0.235412597656,0.058837890625,0.921630859375,0.302612304688,3945.0,1956.0,6987.0,-7.0,0.0,-12.0,
1649774625725562095,0.235168457031,0.0584716796875,0.921508789062,0.303405761719,3885.0,1979.0,7018.0,-11.0,2.0,-12.0,
1649774625732446908,0.234802246094,0.0579833984375,0.921325683594,0.304260253906,3859.0,2021.0,7023.0,-13.0,2.0,-14.0,
1649774625736557006,0.234436035156,0.0574340820312,0.921142578125,0.305236816406,3841.0,2105.0,7036.0,-15.0,2.0,-14.0,
1649774625743543624,0.234191894531,0.056884765625,0.9208984375,0.306213378906,3830.0,2229.0,7056.0,-16.0,1.0,-14.0,
1649774625748211383,0.234008789062,0.056396484375,0.920654296875,0.30712890625,3807.0,2346.0,7065.0,-15.0,0.0,-13.0,
1649774625754574298,0.234008789062,0.055908203125,0.92041015625,0.307983398438,3775.0,2435.0,7069.0,-13.0,-3.0,-11.0,
1649774625764706611,0.234069824219,0.0555419921875,0.920227050781,0.30859375,3755.0,2495.0,7083.0,-11.0,-4.0,-9.0,
1649774625771695852,0.234252929688,0.0552368164062,0.920043945312,0.30908203125,3742.0,2541.0,7108.0,-10.0,-4.0,-6.0,
1649774625772805690,0.234436035156,0.0548706054688,0.919860839844,0.309387207031,3706.0,2564.0,7107.0,-8.0,-5.0,-4.0,
1649774625793960094,0.234741210938,0.0545654296875,0.919738769531,0.309631347656,3707.0,2573.0,7095.0,-7.0,-6.0,-2.0,
1649774625867813825,0.234924316406,0.0543823242188,0.919677734375,0.309753417969,3802.0,2559.0,7093.0,-6.0,-3.0,-2.0,
1649774625887567520,0.2353515625,0.0541381835938,0.919555664062,0.309875488281,3880.0,2501.0,7081.0,-4.0,-5.0,-1.0,
1649774625894311666,0.236145019531,0.0537109375,0.919372558594,0.309875488281,3869.0,2430.0,7072.0,-3.0,-12.0,-1.0,
1649774625896810054,0.237060546875,0.05322265625,0.919128417969,0.309997558594,3787.0,2380.0,7096.0,-4.0,-15.0,-1.0,
1649774625898025512,0.23779296875,0.0527954101562,0.918884277344,0.310119628906,3689.0,2351.0,7112.0,-4.0,-15.0,-1.0,
1649774625940816640,0.238342285156,0.0523681640625,0.918762207031,0.310241699219,3617.0,2332.0,7138.0,-5.0,-12.0,0.0,
1649774625950350522,0.238647460938,0.0519409179688,0.918640136719,0.310302734375,3604.0,2316.0,7155.0,-6.0,-8.0,0.0,
1649774626049413442,0.238830566406,0.0515747070312,0.918579101562,0.310485839844,3622.0,2285.0,7157.0,-6.0,-5.0,-1.0,
1649774626150459766,0.239074707031,0.0512084960938,0.91845703125,0.310668945312,3603.0,2298.0,7080.0,-6.0,-6.0,-3.0,
1649774626153662204,0.239379882812,0.051025390625,0.918334960938,0.310913085938,3628.0,2282.0,6877.0,-4.0,-6.0,-4.0,
1649774626388560056,0.239135742188,0.051513671875,0.918334960938,0.311096191406,3807.0,2117.0,6765.0,3.0,9.0,-5.0,
1649774626453670501,0.238403320312,0.0520629882812,0.91845703125,0.311157226562,3997.0,1981.0,6762.0,5.0,21.0,-6.0,
1649774626476570129,0.237915039062,0.052490234375,0.91845703125,0.311340332031,4003.0,1930.0,6762.0,4.0,15.0,-9.0,
1649774626497258663,0.237548828125,0.0528564453125,0.918395996094,0.311828613281,3998.0,1940.0,6794.0,2.0,10.0,-11.0,
1649774626568513393,0.236389160156,0.0537109375,0.918395996094,0.312561035156,4274.0,2067.0,6812.0,1.0,12.0,-8.0,
1649774626569993019,0.236694335938,0.0538940429688,0.918273925781,0.312622070312,4325.0,2156.0,6799.0,1.0,3.0,-3.0,
1649774626651201248,0.2373046875,0.0540161132812,0.918212890625,0.312438964844,4313.0,2215.0,6792.0,3.0,-5.0,1.0,
1649774626652839422,0.238159179688,0.0541381835938,0.918090820312,0.311950683594,4281.0,2228.0,6804.0,5.0,-8.0,6.0,
1649774626655468463,0.238891601562,0.0541381835938,0.918151855469,0.311279296875,4263.0,2217.0,6804.0,5.0,-8.0,10.0,
1649774626667365789,0.239685058594,0.0540771484375,0.918212890625,0.310485839844,4284.0,2195.0,6814.0,4.0,-8.0,13.0,
1649774626670257091,0.240539550781,0.0537719726562,0.918334960938,0.309631347656,4277.0,2181.0,6825.0,2.0,-9.0,14.0,
1649774626687095642,0.241577148438,0.0533447265625,0.918395996094,0.308715820312,4203.0,2178.0,6826.0,1.0,-14.0,15.0,
1649774626707984447,0.242614746094,0.0529174804688,0.918395996094,0.307922363281,4123.0,2196.0,6836.0,1.0,-15.0,14.0,
1649774626713974714,0.243347167969,0.0526123046875,0.91845703125,0.30712890625,4071.0,2218.0,6852.0,0.0,-11.0,13.0,
1649774626718047857,0.243835449219,0.0524291992188,0.918579101562,0.306518554688,4008.0,2226.0,6839.0,1.0,-7.0,11.0,
1649774626763947248,0.244201660156,0.0523681640625,0.918640136719,0.305969238281,3919.0,2236.0,6862.0,1.0,-4.0,8.0,
1649774626766670227,0.244262695312,0.0525512695312,0.918701171875,0.3056640625,3871.0,2248.0,6862.0,2.0,1.0,5.0,
1649774626775926351,0.244201660156,0.0529174804688,0.918762207031,0.305480957031,3829.0,2201.0,6844.0,4.0,4.0,1.0,
1649774626822206020,0.242309570312,0.0537109375,0.918640136719,0.307189941406,3918.0,2009.0,6851.0,-6.0,0.0,-9.0,
1649774626854217767,0.2421875,0.053466796875,0.918518066406,0.307739257812,4030.0,2027.0,6791.0,-8.0,2.0,-9.0,
1649774626874726772,0.250732421875,0.0572509765625,0.915588378906,0.308959960938,4078.0,2433.0,6994.0,5.0,-5.0,-5.0,
1649774626917357921,0.258361816406,0.0592041015625,0.914184570312,0.306396484375,4096.0,2360.0,7027.0,9.0,-16.0,9.0,
1649774626955234527,0.267333984375,0.0635375976562,0.913391113281,0.300231933594,2961.0,2961.0,7047.0,7.0,5.0,-11.0,
1649774626966339588,0.266540527344,0.0654296875,0.913452148438,0.300354003906,3786.0,2871.0,7082.0,13.0,19.0,-5.0,
1649774626969691038,0.297485351562,0.0953369140625,0.910583496094,0.2705078125,4165.0,3175.0,7358.0,-13.0,2.0,-18.0,
1649774626980776548,0.301940917969,0.080078125,0.908325195312,0.278015136719,5100.0,3162.0,7331.0,-21.0,-13.0,13.0,
1649774626982953071,0.308471679688,0.067138671875,0.908203125,0.274719238281,4897.0,2728.0,7102.0,-38.0,-41.0,23.0,
1649774626988186597,0.310913085938,0.0572509765625,0.907958984375,0.274841308594,3984.0,2960.0,6999.0,-41.0,-15.0,4.0,
1649774626990352630,0.309509277344,0.0548706054688,0.908264160156,0.276000976562,3867.0,3338.0,6946.0,-26.0,0.0,2.0,
1649774626996134757,0.306091308594,0.0517578125,0.908081054688,0.280883789062,3947.0,1740.0,5813.0,-2.0,7.0,-6.0,
1649774627000338792,0.304992675781,0.05126953125,0.908264160156,0.281677246094,3937.0,1664.0,5848.0,-8.0,9.0,-8.0,
1649774627004337549,0.295654296875,0.0535888671875,0.907531738281,0.293334960938,3459.0,2936.0,6221.0,-7.0,16.0,-32.0,
1649774627010650634,0.289367675781,0.0611572265625,0.906127929688,0.302307128906,4117.0,2953.0,5965.0,4.0,21.0,-24.0,
1649774627014533042,0.288635253906,0.06201171875,0.905944824219,0.30322265625,4311.0,2795.0,5969.0,4.0,19.0,-22.0,
1649774627016988992,0.288024902344,0.0626831054688,0.905822753906,0.304077148438,4422.0,2725.0,5893.0,2.0,16.0,-20.0,
1649774627022884130,0.28759765625,0.0634155273438,0.905700683594,0.304809570312,4567.0,2690.0,5854.0,4.0,14.0,-18.0,
1649774627032847404,0.286682128906,0.0651245117188,0.905334472656,0.306274414062,4980.0,2472.0,5765.0,2.0,10.0,-7.0,
1649774627035186529,0.28662109375,0.065673828125,0.905334472656,0.306335449219,5051.0,2467.0,5783.0,5.0,9.0,-5.0,
1649774627037139892,0.287780761719,0.0667114257812,0.905151367188,0.305480957031,5042.0,2267.0,5969.0,7.0,-2.0,2.0,
1649774627042579412,0.288879394531,0.0665283203125,0.905029296875,0.304870605469,4965.0,2213.0,6119.0,2.0,-7.0,3.0,
1649774627049297571,0.294738769531,0.0595703125,0.903930664062,0.304016113281,4601.0,2070.0,6696.0,-16.0,-19.0,7.0,
1649774627053497076,0.295532226562,0.0579223632812,0.903869628906,0.303771972656,4640.0,2054.0,6766.0,-19.0,-19.0,10.0,
1649774627055830717,0.296325683594,0.055908203125,0.90380859375,0.303466796875,4714.0,2030.0,6865.0,-23.0,-21.0,13.0,
1649774627057801961,0.298217773438,0.05078125,0.90380859375,0.302490234375,4884.0,1952.0,7093.0,-32.0,-27.0,19.0,
1649774627060637474,0.299377441406,0.0474853515625,0.90380859375,0.301940917969,4940.0,1906.0,7225.0,-38.0,-32.0,22.0,
1649774627064356088,0.311828613281,-0.00091552734375,0.901306152344,0.300537109375,4257.0,2061.0,8879.0,-117.0,-85.0,34.0,
1649774627066610336,0.328063964844,-0.0540771484375,0.891967773438,0.306274414062,2994.0,2684.0,9056.0,-126.0,-114.0,18.0,
1649774627068883419,0.337890625,-0.0927734375,0.88134765625,0.316833496094,2614.0,2144.0,8095.0,-115.0,-78.0,-7.0,
1649774627074980974,0.3564453125,-0.145141601562,0.859985351562,0.335083007812,4483.0,1420.0,6348.0,-91.0,-125.0,1.0,
1649774627077361345,0.412353515625,-0.20556640625,0.822082519531,0.33447265625,5103.0,1520.0,5066.0,-80.0,-232.0,13.0,
1649774627095950365,0.449645996094,-0.232421875,0.798034667969,0.326843261719,5613.0,1115.0,4636.0,-59.0,-303.0,15.0,
1649774627098400115,0.476135253906,-0.251159667969,0.779174804688,0.320983886719,5504.0,468.0,4214.0,-74.0,-309.0,-1.0,
1649774627100809097,0.487182617188,-0.260314941406,0.769775390625,0.31982421875,5290.0,244.0,3976.0,-88.0,-269.0,-12.0,
1649774627105167865,0.495544433594,-0.2685546875,0.761413574219,0.320190429688,5071.0,28.0,3777.0,-98.0,-218.0,-21.0,
1649774627155323982,0.502319335938,-0.276000976562,0.753662109375,0.321533203125,4927.0,-81.0,3338.0,-103.0,-185.0,-29.0,
1649774627168597459,0.507934570312,-0.282836914062,0.746337890625,0.323791503906,4816.0,-142.0,2914.0,-106.0,-154.0,-37.0,
1649774627239953041,0.511779785156,-0.2890625,0.739868164062,0.327270507812,4815.0,-180.0,2540.0,-115.0,-115.0,-44.0,
1649774627242184877,0.514526367188,-0.294738769531,0.733703613281,0.331604003906,4979.0,-246.0,2146.0,-120.0,-91.0,-51.0,
1649774627250493764,0.51708984375,-0.299926757812,0.727600097656,0.33642578125,5186.0,-335.0,1681.0,-118.0,-81.0,-60.0,
1649774627252484083,0.520080566406,-0.304748535156,0.721130371094,0.341430664062,5450.0,-447.0,1183.0,-115.0,-83.0,-71.0,
1649774627256124019,0.523620605469,-0.309387207031,0.714050292969,0.346618652344,5684.0,-487.0,763.0,-114.0,-91.0,-81.0,
1649774627260592222,0.527954101562,-0.313720703125,0.706359863281,0.351867675781,5825.0,-483.0,350.0,-109.0,-102.0,-91.0,
1649774627263164520,0.533264160156,-0.317749023438,0.697998046875,0.356872558594,5835.0,-508.0,-12.0,-102.0,-118.0,-99.0,
1649774627291947603,0.5390625,-0.321411132812,0.689392089844,0.361572265625,5760.0,-497.0,-361.0,-94.0,-127.0,-104.0,
1649774627307072162,0.544982910156,-0.32470703125,0.680786132812,0.366088867188,5664.0,-416.0,-661.0,-87.0,-125.0,-105.0,
1649774627336499691,0.550720214844,-0.327392578125,0.67236328125,0.370544433594,5580.0,-312.0,-956.0,-80.0,-120.0,-106.0,
1649774627347986698,0.556396484375,-0.32958984375,0.664184570312,0.374938964844,5480.0,-263.0,-1245.0,-73.0,-114.0,-108.0,
1649774627350425243,0.562072753906,-0.331298828125,0.656066894531,0.379211425781,5347.0,-205.0,-1485.0,-67.0,-109.0,-111.0,
1649774627354965925,0.567749023438,-0.33251953125,0.648132324219,0.38330078125,5191.0,-112.0,-1763.0,-59.0,-107.0,-113.0,
1649774627357504367,0.573547363281,-0.333068847656,0.640319824219,0.387268066406,5080.0,17.0,-2062.0,-50.0,-102.0,-117.0,
1649774627385984182,0.57958984375,-0.3330078125,0.632690429688,0.390930175781,4972.0,142.0,-2254.0,-38.0,-99.0,-119.0,
1649774627388107299,0.586181640625,-0.332275390625,0.625244140625,0.393615722656,4900.0,295.0,-2526.0,-18.0,-105.0,-116.0,
1649774627402759313,0.59326171875,-0.330932617188,0.6181640625,0.395385742188,4801.0,403.0,-2809.0,3.0,-106.0,-112.0,
1649774627406577110,0.6005859375,-0.328735351562,0.611572265625,0.396301269531,4727.0,453.0,-3052.0,22.0,-102.0,-111.0,
1649774627413537502,0.608154296875,-0.325744628906,0.605529785156,0.396667480469,4710.0,470.0,-3215.0,41.0,-96.0,-112.0,
1649774627418091297,0.615600585938,-0.321838378906,0.600158691406,0.396362304688,4791.0,521.0,-3383.0,60.0,-87.0,-110.0,
1649774627420497417,0.623107910156,-0.317077636719,0.595642089844,0.395446777344,4947.0,632.0,-3551.0,78.0,-77.0,-107.0,
1649774627427906990,0.630615234375,-0.311462402344,0.591735839844,0.393737792969,5121.0,791.0,-3652.0,98.0,-68.0,-104.0,
1649774627433812618,0.638549804688,-0.305053710938,0.588256835938,0.391296386719,5273.0,921.0,-3684.0,118.0,-68.0,-103.0,
1649774627453812122,0.646911621094,-0.2978515625,0.584899902344,0.388122558594,5406.0,1014.0,-3692.0,137.0,-71.0,-105.0,
1649774627463236570,0.728393554688,-0.225769042969,0.544250488281,0.349548339844,5815.0,1520.0,-2207.0,170.0,-142.0,-161.0,
1649774627491345882,0.738464355469,-0.215942382812,0.536804199219,0.34619140625,5913.0,1673.0,-2002.0,158.0,-134.0,-165.0,
1649774627503414154,0.747802734375,-0.206726074219,0.529052734375,0.343566894531,6270.0,1828.0,-1845.0,139.0,-135.0,-163.0,
