1647599748886647701,0.588439941406,0.278930664062,0.237365722656,0.720764160156,-7.0,5579.0,-2839.0,-67.0,-76.0,-50.0,
1647599748891061067,0.586608886719,0.277038574219,0.233642578125,0.724182128906,-194.0,6133.0,-3018.0,-66.0,-69.0,-47.0,
1647599748895670890,0.584716796875,0.275329589844,0.230407714844,0.727355957031,-369.0,6679.0,-3176.0,-67.0,-62.0,-44.0,
1647599748900309324,0.582702636719,0.27392578125,0.2275390625,0.73046875,-543.0,7137.0,-3261.0,-68.0,-54.0,-42.0,
1647599748904672861,0.580383300781,0.272888183594,0.224975585938,0.733459472656,-734.0,7437.0,-3286.0,-69.0,-45.0,-42.0,
1647599748909051656,0.577819824219,0.272338867188,0.222534179688,0.736389160156,-936.0,7575.0,-3232.0,-70.0,-38.0,-45.0,
1647599748916134595,0.575134277344,0.272216796875,0.220092773438,0.739318847656,-1144.0,7586.0,-3133.0,-68.0,-31.0,-48.0,
1647599748921041250,0.572387695312,0.272583007812,0.217651367188,0.742004394531,-1353.0,7548.0,-3022.0,-62.0,-25.0,-51.0,
1647599748925328016,0.569885253906,0.273315429688,0.215087890625,0.744384765625,-1547.0,7507.0,-2889.0,-54.0,-21.0,-53.0,
1647599748929859161,0.567687988281,0.274230957031,0.212585449219,0.746459960938,-1710.0,7493.0,-2781.0,-46.0,-17.0,-52.0,
1647599748935098171,0.565856933594,0.275329589844,0.210144042969,0.748168945312,-1833.0,7527.0,-2694.0,-38.0,-14.0,-50.0,
1647599748941424131,0.564270019531,0.276550292969,0.207885742188,0.74951171875,-1933.0,7611.0,-2569.0,-33.0,-11.0,-47.0,
1647599748946941852,0.562805175781,0.277770996094,0.205810546875,0.750732421875,-2022.0,7751.0,-2362.0,-30.0,-8.0,-45.0,
1647599748950578689,0.561340332031,0.279052734375,0.203979492188,0.751892089844,-2116.0,7925.0,-2096.0,-28.0,-6.0,-42.0,
1647599748954534769,0.559814453125,0.2802734375,0.202331542969,0.752990722656,-2213.0,8113.0,-1808.0,-28.0,-3.0,-40.0,
1647599748958356380,0.558166503906,0.281494140625,0.200866699219,0.754150390625,-2330.0,8289.0,-1498.0,-29.0,-1.0,-38.0,
1647599748968887090,0.556335449219,0.28271484375,0.199523925781,0.755432128906,-2442.0,8442.0,-1161.0,-32.0,0.0,-37.0,
1647599748975470542,0.552062988281,0.284973144531,0.197265625,0.75830078125,-2553.0,8607.0,-670.0,-39.0,2.0,-35.0,
1647599748981779336,0.549499511719,0.286010742188,0.196411132812,0.759948730469,-2563.0,8597.0,-468.0,-45.0,3.0,-35.0,
1647599748986215591,0.546691894531,0.287048339844,0.195678710938,0.761779785156,-2575.0,8552.0,-275.0,-52.0,5.0,-36.0,
1647599748991655111,0.543518066406,0.288024902344,0.195129394531,0.763793945312,-2628.0,8524.0,-36.0,-57.0,6.0,-35.0,
1647599749003762960,0.540161132812,0.288940429688,0.194702148438,0.765991210938,-2738.0,8531.0,234.0,-60.0,5.0,-34.0,
1647599749004174947,0.536743164062,0.289672851562,0.194274902344,0.768249511719,-2891.0,8571.0,504.0,-62.0,4.0,-31.0,
1647599749016832351,0.533264160156,0.290283203125,0.193969726562,0.7705078125,-3073.0,8637.0,774.0,-62.0,3.0,-28.0,
1647599749017385482,0.529846191406,0.290771484375,0.193725585938,0.772705078125,-3270.0,8705.0,1010.0,-62.0,2.0,-25.0,
1647599749018211126,0.526550292969,0.291259765625,0.193603515625,0.774841308594,-3464.0,8723.0,1272.0,-60.0,2.0,-21.0,
1647599749020909786,0.523315429688,0.291625976562,0.193481445312,0.776916503906,-3649.0,8687.0,1544.0,-57.0,2.0,-19.0,
1647599749025731086,0.520202636719,0.2919921875,0.193359375,0.778869628906,-3809.0,8611.0,1786.0,-54.0,1.0,-18.0,
1647599749030199050,0.517272949219,0.292297363281,0.193237304688,0.780700683594,-3940.0,8539.0,2000.0,-49.0,1.0,-16.0,
1647599749035902976,0.514709472656,0.292602539062,0.193054199219,0.782348632812,-4031.0,8476.0,2163.0,-44.0,0.0,-15.0,
1647599749041440725,0.512390136719,0.292846679688,0.192932128906,0.783813476562,-4067.0,8431.0,2280.0,-39.0,0.0,-12.0,
1647599749046015739,0.510437011719,0.293029785156,0.192932128906,0.785034179688,-4064.0,8384.0,2354.0,-35.0,0.0,-9.0,
1647599749050748586,0.508666992188,0.293212890625,0.192993164062,0.786071777344,-4022.0,8323.0,2398.0,-32.0,1.0,-6.0,
1647599749055357217,0.507080078125,0.293273925781,0.193176269531,0.787048339844,-3948.0,8250.0,2424.0,-30.0,1.0,-4.0,
1647599749059901952,0.505554199219,0.293395996094,0.193481445312,0.787902832031,-3842.0,8159.0,2441.0,-29.0,2.0,-3.0,
1647599749064661026,0.504028320312,0.29345703125,0.193786621094,0.788757324219,-3709.0,8051.0,2439.0,-28.0,3.0,-3.0,
1647599749073294639,0.502685546875,0.293640136719,0.194152832031,0.789489746094,-3563.0,7910.0,2434.0,-27.0,4.0,-3.0,
1647599749078793287,0.501342773438,0.293884277344,0.194580078125,0.790161132812,-3421.0,7744.0,2448.0,-24.0,6.0,-4.0,
1647599749083152294,0.500122070312,0.294250488281,0.194946289062,0.790710449219,-3300.0,7581.0,2466.0,-22.0,7.0,-4.0,
1647599749087343692,0.498962402344,0.294677734375,0.195190429688,0.791198730469,-3205.0,7439.0,2506.0,-18.0,8.0,-5.0,
1647599749091780424,0.497985839844,0.295227050781,0.195373535156,0.791564941406,-3142.0,7335.0,2567.0,-15.0,9.0,-6.0,
1647599749096233367,0.4970703125,0.295837402344,0.195495605469,0.791870117188,-3096.0,7286.0,2640.0,-12.0,9.0,-7.0,
1647599749100920677,0.496276855469,0.296447753906,0.195495605469,0.792175292969,-3057.0,7289.0,2708.0,-10.0,8.0,-7.0,
1647599749105771780,0.495483398438,0.296997070312,0.195556640625,0.792419433594,-3017.0,7343.0,2743.0,-10.0,8.0,-7.0,
1647599749110173702,0.494689941406,0.297607421875,0.195617675781,0.792663574219,-2991.0,7438.0,2762.0,-11.0,8.0,-8.0,
1647599749114508628,0.493774414062,0.298156738281,0.195678710938,0.793029785156,-2980.0,7551.0,2775.0,-14.0,8.0,-8.0,
1647599749121344804,0.49267578125,0.298583984375,0.195861816406,0.793518066406,-2948.0,7675.0,2795.0,-19.0,7.0,-8.0,
1647599749128516435,0.491271972656,0.298889160156,0.196166992188,0.794189453125,-2906.0,7788.0,2811.0,-25.0,7.0,-8.0,
1647599749131475925,0.489624023438,0.299133300781,0.196533203125,0.795043945312,-2866.0,7860.0,2842.0,-31.0,7.0,-8.0,
1647599749135993003,0.487731933594,0.299377441406,0.197021484375,0.795959472656,-2839.0,7870.0,2904.0,-35.0,7.0,-8.0,
1647599749139554500,0.485595703125,0.299560546875,0.197509765625,0.797058105469,-2835.0,7814.0,2955.0,-38.0,7.0,-9.0,
1647599749146515607,0.4833984375,0.299743652344,0.197937011719,0.798278808594,-2849.0,7740.0,3003.0,-40.0,7.0,-9.0,
1647599749150910615,0.481140136719,0.299865722656,0.198364257812,0.799438476562,-2865.0,7690.0,3023.0,-40.0,6.0,-9.0,
1647599749155721902,0.47900390625,0.299987792969,0.198791503906,0.800598144531,-2881.0,7676.0,3003.0,-39.0,5.0,-8.0,
1647599749160214424,0.476989746094,0.300048828125,0.19921875,0.801635742188,-2886.0,7687.0,2938.0,-37.0,5.0,-7.0,
1647599749164737462,0.475219726562,0.300170898438,0.199768066406,0.802551269531,-2892.0,7691.0,2859.0,-35.0,5.0,-5.0,
1647599749173456192,0.473571777344,0.30029296875,0.200317382812,0.803344726562,-2897.0,7689.0,2786.0,-34.0,6.0,-3.0,
1647599749178422451,0.471923828125,0.300415039062,0.200927734375,0.804077148438,-2902.0,7673.0,2753.0,-33.0,6.0,-3.0,
1647599749182986021,0.470336914062,0.300598144531,0.201599121094,0.804809570312,-2888.0,7664.0,2748.0,-32.0,7.0,-2.0,
1647599749187611579,0.468811035156,0.300720214844,0.202209472656,0.805480957031,-2857.0,7656.0,2755.0,-31.0,7.0,-2.0,
1647599749192058563,0.46728515625,0.300903320312,0.202880859375,0.806091308594,-2804.0,7624.0,2759.0,-29.0,8.0,-2.0,
1647599749196456670,0.465881347656,0.301147460938,0.20361328125,0.806640625,-2747.0,7553.0,2753.0,-28.0,9.0,-2.0,
1647599749200998544,0.464599609375,0.301391601562,0.204284667969,0.80712890625,-2657.0,7451.0,2706.0,-26.0,10.0,-2.0,
1647599749205368518,0.463439941406,0.3017578125,0.204956054688,0.807495117188,-2602.0,7383.0,2683.0,-23.0,11.0,-2.0,
1647599749210213184,0.46240234375,0.302185058594,0.20556640625,0.807739257812,-2577.0,7359.0,2768.0,-19.0,11.0,-2.0,
1647599749214581251,0.461547851562,0.302551269531,0.206176757812,0.807983398438,-2562.0,7347.0,2923.0,-16.0,10.0,0.0,
1647599749219294786,0.460632324219,0.302734375,0.206787109375,0.808288574219,-2528.0,7345.0,3047.0,-15.0,9.0,0.0,
1647599749226926088,0.459655761719,0.302917480469,0.207275390625,0.808654785156,-2456.0,7365.0,3040.0,-17.0,8.0,-1.0,
1647599749231567621,0.458557128906,0.303039550781,0.207885742188,0.809020996094,-2438.0,7424.0,3244.0,-21.0,7.0,-2.0,
1647599749236046791,0.457214355469,0.302856445312,0.208374023438,0.809753417969,-2438.0,7557.0,3489.0,-25.0,4.0,-2.0,
1647599749241208314,0.455749511719,0.302368164062,0.208984375,0.810607910156,-2416.0,7719.0,3650.0,-27.0,0.0,-1.0,
1647599749244869947,0.454223632812,0.301696777344,0.209655761719,0.8115234375,-2381.0,7828.0,3681.0,-31.0,-2.0,1.0,
1647599749249296903,0.452453613281,0.300964355469,0.21044921875,0.812561035156,-2336.0,7821.0,3684.0,-39.0,-2.0,0.0,
1647599749256322383,0.450256347656,0.30029296875,0.211242675781,0.813842773438,-2248.0,7736.0,3493.0,-45.0,-1.0,-2.0,
1647599749260998964,0.448059082031,0.299865722656,0.212036132812,0.815002441406,-2184.0,7643.0,3337.0,-47.0,1.0,-4.0,
1647599749265279293,0.445983886719,0.299499511719,0.212829589844,0.816101074219,-2087.0,7522.0,3067.0,-45.0,2.0,-4.0,
1647599749270820617,0.444274902344,0.299255371094,0.213623046875,0.81689453125,-2163.0,7474.0,3213.0,-40.0,3.0,-2.0,
1647599749277296543,0.442565917969,0.298889160156,0.214294433594,0.817749023438,-2320.0,7558.0,3354.0,-33.0,2.0,0.0,
1647599749282216310,0.441467285156,0.298522949219,0.214904785156,0.818359375,-2485.0,7686.0,3424.0,-24.0,0.0,4.0,
1647599749287405014,0.440856933594,0.298156738281,0.215515136719,0.818664550781,-2591.0,7785.0,3462.0,-16.0,-2.0,8.0,
1647599749291085481,0.4404296875,0.297729492188,0.216125488281,0.81884765625,-2587.0,7784.0,3430.0,-14.0,-3.0,9.0,
1647599749295389652,0.440002441406,0.297302246094,0.216735839844,0.819091796875,-2498.0,7684.0,3397.0,-15.0,-2.0,8.0,
1647599749300755500,0.439331054688,0.296875,0.217407226562,0.819458007812,-2369.0,7533.0,3326.0,-18.0,-1.0,5.0,
1647599749305645942,0.438537597656,0.296569824219,0.218017578125,0.81982421875,-2231.0,7355.0,3280.0,-21.0,1.0,3.0,
1647599749312537431,0.437561035156,0.296264648438,0.218688964844,0.820251464844,-2107.0,7190.0,3274.0,-21.0,3.0,2.0,
1647599749317394495,0.436645507812,0.296020507812,0.219360351562,0.820678710938,-2004.0,7065.0,3311.0,-20.0,3.0,2.0,
1647599749320711135,0.435729980469,0.295715332031,0.220092773438,0.821044921875,-1927.0,7012.0,3363.0,-19.0,3.0,3.0,
1647599749325460672,0.434936523438,0.295349121094,0.220886230469,0.821411132812,-1864.0,7046.0,3429.0,-19.0,3.0,5.0,
1647599749330582380,0.434143066406,0.294982910156,0.221740722656,0.821716308594,-1827.0,7159.0,3516.0,-19.0,4.0,6.0,
1647599749335334062,0.433349609375,0.294616699219,0.222717285156,0.822021484375,-1813.0,7310.0,3578.0,-20.0,4.0,6.0,
1647599749338227987,0.432434082031,0.294311523438,0.223693847656,0.822326660156,-1808.0,7473.0,3607.0,-22.0,5.0,7.0,
1647599749346084833,0.431396484375,0.294006347656,0.224792480469,0.822692871094,-1807.0,7620.0,3597.0,-26.0,6.0,6.0,
1647599749351670503,0.43017578125,0.293762207031,0.225952148438,0.823120117188,-1802.0,7748.0,3566.0,-31.0,7.0,5.0,
1647599749355343580,0.428588867188,0.293518066406,0.227172851562,0.823669433594,-1797.0,7845.0,3531.0,-36.0,9.0,4.0,
1647599749360028505,0.426696777344,0.293334960938,0.228515625,0.824340820312,-1801.0,7881.0,3512.0,-42.0,11.0,4.0,
1647599749364674568,0.424499511719,0.293212890625,0.22998046875,0.825134277344,-1836.0,7835.0,3611.0,-46.0,13.0,3.0,
1647599749371454238,0.421936035156,0.293090820312,0.2314453125,0.826049804688,-1877.0,7719.0,3726.0,-49.0,14.0,3.0,
1647599749378242969,0.419250488281,0.292907714844,0.23291015625,0.827087402344,-1884.0,7579.0,3700.0,-51.0,14.0,2.0,
1647599749382861852,0.416564941406,0.292907714844,0.234375,0.828063964844,-1915.0,7406.0,3790.0,-52.0,15.0,1.0,
1647599749387762546,0.413757324219,0.292785644531,0.235717773438,0.8291015625,-2100.0,7233.0,4334.0,-51.0,15.0,1.0,
1647599749391909599,0.41064453125,0.292358398438,0.236938476562,0.830444335938,-2295.0,7102.0,4648.0,-48.0,9.0,1.0,
1647599749396241188,0.407897949219,0.291931152344,0.237915039062,0.831665039062,-2503.0,7020.0,4740.0,-44.0,6.0,2.0,
1647599749400950431,0.405517578125,0.291564941406,0.238830566406,0.832702636719,-2730.0,6906.0,4820.0,-42.0,5.0,3.0,
1647599749405619621,0.403076171875,0.291320800781,0.239685058594,0.833740234375,-2920.0,6735.0,4905.0,-41.0,4.0,2.0,
1647599749411066293,0.400634765625,0.291076660156,0.240417480469,0.834777832031,-3013.0,6509.0,4974.0,-40.0,4.0,1.0,
1647599749415924549,0.398254394531,0.290771484375,0.241027832031,0.835876464844,-2993.0,6236.0,4997.0,-37.0,3.0,-1.0,
1647599749421940326,0.39599609375,0.29052734375,0.241516113281,0.836853027344,-2899.0,5942.0,5018.0,-35.0,3.0,-3.0,
1647599749426585674,0.393798828125,0.290283203125,0.241882324219,0.837890625,-2794.0,5631.0,5050.0,-32.0,4.0,-6.0,
1647599749433996200,0.391662597656,0.290100097656,0.242126464844,0.8388671875,-2697.0,5350.0,5056.0,-29.0,4.0,-8.0,
1647599749436000108,0.389770507812,0.2900390625,0.2421875,0.839721679688,-2628.0,5137.0,5013.0,-25.0,4.0,-9.0,
1647599749441383361,0.38818359375,0.2900390625,0.2421875,0.840515136719,-2604.0,5021.0,4943.0,-20.0,3.0,-9.0,
1647599749445910215,0.386962890625,0.290161132812,0.242004394531,0.841064453125,-2604.0,4998.0,4826.0,-15.0,3.0,-9.0,
1647599749454369544,0.386047363281,0.290405273438,0.241760253906,0.841430664062,-2615.0,5045.0,4689.0,-10.0,3.0,-9.0,
1647599749455878973,0.385437011719,0.290771484375,0.241455078125,0.841735839844,-2638.0,5155.0,4570.0,-7.0,2.0,-10.0,
1647599749460874319,0.384887695312,0.291137695312,0.241027832031,0.841979980469,-2671.0,5316.0,4468.0,-6.0,2.0,-11.0,
1647599749467301130,0.38427734375,0.29150390625,0.240539550781,0.842224121094,-2714.0,5514.0,4382.0,-7.0,1.0,-12.0,
1647599749471130132,0.383666992188,0.291870117188,0.240051269531,0.842590332031,-2754.0,5712.0,4289.0,-10.0,1.0,-13.0,
1647599749477850198,0.3828125,0.292175292969,0.239562988281,0.842956542969,-2777.0,5875.0,4205.0,-14.0,1.0,-14.0,
1647599749485517263,0.380310058594,0.292846679688,0.23876953125,0.844055175781,-2806.0,5994.0,4081.0,-22.0,3.0,-16.0,
1647599749492889881,0.378784179688,0.293273925781,0.238464355469,0.8447265625,-2811.0,6017.0,3976.0,-24.0,4.0,-17.0,
1647599749497110366,0.37744140625,0.293762207031,0.238098144531,0.84521484375,-2771.0,6184.0,3661.0,-21.0,6.0,-16.0,
1647599749501673936,0.376831054688,0.294372558594,0.23779296875,0.845397949219,-2676.0,6609.0,3086.0,-16.0,5.0,-12.0,
1647599749505686759,0.376892089844,0.294921875,0.237915039062,0.845092773438,-2212.0,6880.0,2379.0,-15.0,5.0,-6.0,
1647599749511085510,0.376708984375,0.295654296875,0.238708496094,0.8447265625,-1739.0,6904.0,2455.0,-24.0,16.0,-5.0,
1647599749515025138,0.375122070312,0.296081542969,0.23974609375,0.845031738281,-1475.0,6709.0,2710.0,-34.0,22.0,-9.0,
1647599749522314310,0.372985839844,0.296752929688,0.240539550781,0.845458984375,-1537.0,6478.0,2892.0,-34.0,24.0,-13.0,
1647599749527349948,0.371215820312,0.297912597656,0.240844726562,0.845764160156,-1905.0,6389.0,3164.0,-23.0,24.0,-14.0,
1647599749531214237,0.370056152344,0.299255371094,0.240661621094,0.845825195312,-2524.0,6559.0,3966.0,-9.0,19.0,-13.0,
1647599749536578655,0.369262695312,0.300048828125,0.240356445312,0.846008300781,-2645.0,6605.0,3895.0,1.0,9.0,-6.0,
1647599749541284322,0.369262695312,0.300842285156,0.240356445312,0.845764160156,-2614.0,6493.0,4065.0,0.0,9.0,-3.0,
1647599749545193195,0.368286132812,0.30126953125,0.240539550781,0.845947265625,-2590.0,6234.0,4222.0,-12.0,11.0,-7.0,
1647599749548837184,0.366760253906,0.301696777344,0.240539550781,0.846435546875,-2618.0,5949.0,4360.0,-18.0,10.0,-11.0,
1647599749556978464,0.365661621094,0.302185058594,0.240356445312,0.846862792969,-2735.0,5772.0,4679.0,-10.0,8.0,-11.0,
1647599749560975074,0.365112304688,0.302368164062,0.239929199219,0.847106933594,-2737.0,5669.0,4867.0,2.0,1.0,-8.0,
1647599749565932273,0.365356445312,0.302368164062,0.239379882812,0.84716796875,-2653.0,5564.0,4909.0,12.0,-3.0,-5.0,
1647599749569986820,0.365905761719,0.302307128906,0.238830566406,0.847106933594,-2561.0,5489.0,4847.0,14.0,-4.0,-5.0,
1647599749574779033,0.366577148438,0.302368164062,0.238159179688,0.846984863281,-2472.0,5515.0,4797.0,16.0,-5.0,-7.0,
1647599749581751346,0.367553710938,0.302368164062,0.237365722656,0.846801757812,-2352.0,5639.0,4817.0,19.0,-7.0,-7.0,
1647599749587103605,0.368774414062,0.302185058594,0.236633300781,0.846557617188,-2232.0,5858.0,4736.0,22.0,-8.0,-6.0,
1647599749593491792,0.370178222656,0.302001953125,0.235900878906,0.84619140625,-2173.0,6148.0,4575.0,22.0,-9.0,-5.0,
1647599749598783254,0.371643066406,0.301940917969,0.235290527344,0.845764160156,-2219.0,6439.0,4439.0,19.0,-8.0,-4.0,
1647599749602521181,0.372802734375,0.301879882812,0.234802246094,0.845397949219,-2340.0,6658.0,4349.0,14.0,-7.0,-3.0,
1647599749606286525,0.373474121094,0.301940917969,0.234375,0.845153808594,-2479.0,6748.0,4301.0,8.0,-5.0,-3.0,
1647599749611884593,0.373657226562,0.302124023438,0.234008789062,0.845092773438,-2614.0,6703.0,4308.0,2.0,-3.0,-5.0,
1647599749614448308,0.373474121094,0.302307128906,0.233642578125,0.84521484375,-2732.0,6550.0,4349.0,-2.0,-1.0,-7.0,
1647599749623970746,0.373046875,0.302551269531,0.233154296875,0.845458984375,-2815.0,6341.0,4420.0,-3.0,0.0,-9.0,
1647599749627624988,0.37255859375,0.302795410156,0.232604980469,0.845764160156,-2865.0,6125.0,4496.0,-2.0,-1.0,-10.0,
1647599749632067680,0.372192382812,0.303039550781,0.232055664062,0.846008300781,-2895.0,5937.0,4566.0,1.0,-1.0,-10.0,
1647599749636891126,0.372009277344,0.30322265625,0.231384277344,0.846130371094,-2908.0,5792.0,4629.0,5.0,-1.0,-9.0,
1647599749640689849,0.372131347656,0.303466796875,0.230712890625,0.84619140625,-2905.0,5696.0,4703.0,9.0,-2.0,-8.0,
1647599749645411252,0.372497558594,0.303649902344,0.230041503906,0.84619140625,-2886.0,5657.0,4766.0,13.0,-3.0,-8.0,
1647599749657519102,0.373046875,0.303833007812,0.229309082031,0.846069335938,-2863.0,5675.0,4803.0,17.0,-3.0,-8.0,
1647599749658315658,0.373840332031,0.304016113281,0.228515625,0.845886230469,-2839.0,5758.0,4801.0,19.0,-4.0,-8.0,
1647599749670809030,0.374755859375,0.30419921875,0.227661132812,0.845581054688,-2815.0,5911.0,4774.0,20.0,-4.0,-8.0,
1647599749671485900,0.375732421875,0.304382324219,0.226867675781,0.845336914062,-2750.0,6090.0,4701.0,19.0,-5.0,-7.0,
1647599749671738862,0.376708984375,0.304504394531,0.226196289062,0.845031738281,-2666.0,6233.0,4649.0,17.0,-4.0,-7.0,
1647599749676642894,0.37744140625,0.3046875,0.225646972656,0.844787597656,-2590.0,6330.0,4663.0,13.0,-2.0,-8.0,
1647599749682426452,0.377990722656,0.304748535156,0.225158691406,0.844665527344,-2588.0,6547.0,4793.0,10.0,-2.0,-7.0,
1647599749687798500,0.378479003906,0.304626464844,0.224731445312,0.844604492188,-2407.0,6718.0,4612.0,9.0,-4.0,-5.0,
1647599749692507743,0.37890625,0.304565429688,0.224609375,0.844482421875,-2160.0,6801.0,4497.0,2.0,-1.0,-5.0,
1647599749697017192,0.378845214844,0.304504394531,0.224609375,0.844482421875,-1888.0,6786.0,4146.0,-5.0,2.0,-7.0,
1647599749701476573,0.378784179688,0.3046875,0.224731445312,0.844421386719,-1787.0,6682.0,4028.0,-8.0,6.0,-8.0,
1647599749706577777,0.378295898438,0.304992675781,0.224731445312,0.844543457031,-1875.0,6506.0,4309.0,-10.0,8.0,-10.0,
1647599749711123466,0.377319335938,0.305236816406,0.224548339844,0.844970703125,-2040.0,6343.0,4708.0,-8.0,5.0,-11.0,
1647599749715470314,0.376525878906,0.305297851562,0.224060058594,0.845397949219,-2263.0,6304.0,5014.0,-2.0,2.0,-12.0,
1647599749720458745,0.376342773438,0.305358886719,0.223449707031,0.845642089844,-2504.0,6327.0,5138.0,7.0,-2.0,-9.0,
1647599749724994897,0.376770019531,0.305480957031,0.22265625,0.845581054688,-2707.0,6334.0,5176.0,14.0,-5.0,-7.0,
1647599749729873895,0.377563476562,0.305603027344,0.221862792969,0.845397949219,-2824.0,6353.0,5103.0,19.0,-7.0,-5.0,
1647599749733100891,0.378479003906,0.305725097656,0.221008300781,0.845153808594,-2839.0,6398.0,4950.0,20.0,-7.0,-5.0,
1647599749741415500,0.379516601562,0.305786132812,0.220275878906,0.844909667969,-2794.0,6461.0,4803.0,18.0,-6.0,-6.0,
1647599749747010231,0.38037109375,0.305847167969,0.219665527344,0.844665527344,-2713.0,6515.0,4666.0,14.0,-5.0,-6.0,
1647599749750836372,0.381042480469,0.305847167969,0.21923828125,0.844421386719,-2627.0,6551.0,4610.0,11.0,-4.0,-5.0,
1647599749755711793,0.381530761719,0.305786132812,0.218872070312,0.844360351562,-2569.0,6565.0,4607.0,8.0,-3.0,-5.0,
1647599749758581876,0.381896972656,0.305725097656,0.218505859375,0.844299316406,-2539.0,6586.0,4623.0,6.0,-3.0,-5.0,
1647599749763370990,0.382141113281,0.305603027344,0.218200683594,0.844299316406,-2537.0,6621.0,4632.0,5.0,-3.0,-5.0,
1647599749772098064,0.382385253906,0.305541992188,0.217834472656,0.844299316406,-2556.0,6669.0,4670.0,4.0,-4.0,-5.0,
1647599749776178121,0.382446289062,0.305358886719,0.217468261719,0.844421386719,-2572.0,6727.0,4695.0,2.0,-5.0,-6.0,
1647599749797637939,0.382507324219,0.305114746094,0.217102050781,0.844604492188,-2586.0,6789.0,4714.0,0.0,-6.0,-6.0,
1647599749798318862,0.382385253906,0.304931640625,0.216735839844,0.844848632812,-2558.0,6768.0,4614.0,-2.0,-6.0,-7.0,
1647599749799190282,0.382202148438,0.304809570312,0.216369628906,0.845031738281,-2551.0,6656.0,4608.0,-5.0,-4.0,-8.0,
1647599749800332546,0.381652832031,0.3046875,0.215942382812,0.845397949219,-2576.0,6498.0,4673.0,-6.0,-4.0,-10.0,
1647599749801413774,0.381164550781,0.304565429688,0.215454101562,0.845825195312,-2634.0,6379.0,4714.0,-5.0,-4.0,-11.0,
1647599749805855035,0.380920410156,0.304443359375,0.214782714844,0.846130371094,-2742.0,6396.0,4721.0,0.0,-6.0,-10.0,
1647599749810670137,0.381042480469,0.304382324219,0.214172363281,0.846252441406,-2751.0,6459.0,4402.0,5.0,-8.0,-7.0,
1647599749815052986,0.381591796875,0.304321289062,0.213684082031,0.84619140625,-2637.0,6425.0,4224.0,4.0,-8.0,-5.0,
1647599749819978237,0.381713867188,0.30419921875,0.213317871094,0.846252441406,-2518.0,6345.0,4144.0,-1.0,-4.0,-7.0,
1647599749825900316,0.381530761719,0.304260253906,0.213012695312,0.846435546875,-2420.0,6178.0,4012.0,-3.0,-1.0,-9.0,
1647599749838517189,0.381225585938,0.304443359375,0.212524414062,0.846557617188,-2429.0,6037.0,3997.0,-3.0,0.0,-12.0,
1647599749839365005,0.380920410156,0.304748535156,0.2119140625,0.846801757812,-2475.0,5980.0,4041.0,-1.0,0.0,-13.0,
1647599749839764595,0.380737304688,0.304931640625,0.211181640625,0.846984863281,-2472.0,5966.0,3985.0,1.0,-2.0,-13.0,
1647599749846346139,0.380676269531,0.30517578125,0.210571289062,0.847045898438,-2476.0,5981.0,3961.0,1.0,-1.0,-13.0,
1647599749850816011,0.380493164062,0.305419921875,0.2099609375,0.847229003906,-2498.0,6007.0,3977.0,-1.0,-1.0,-13.0,
1647599749855454444,0.380126953125,0.305725097656,0.209350585938,0.847412109375,-2498.0,6004.0,3956.0,-3.0,0.0,-14.0,
1647599749861173152,0.379638671875,0.306030273438,0.208740234375,0.84765625,-2505.0,5973.0,3948.0,-5.0,1.0,-15.0,
1647599749863220214,0.379089355469,0.306396484375,0.208068847656,0.847961425781,-2539.0,5909.0,3992.0,-5.0,1.0,-17.0,
1647599749868449687,0.378540039062,0.306884765625,0.207275390625,0.848205566406,-2619.0,5849.0,4063.0,-3.0,2.0,-18.0,
1647599749876096725,0.378112792969,0.307373046875,0.206359863281,0.848449707031,-2735.0,5823.0,4143.0,1.0,1.0,-18.0,
1647599749881314277,0.377990722656,0.307922363281,0.205322265625,0.848571777344,-2869.0,5843.0,4210.0,6.0,0.0,-17.0,
1647599749887588977,0.378234863281,0.308410644531,0.204284667969,0.848510742188,-3000.0,5912.0,4291.0,12.0,-1.0,-15.0,
1647599749892199277,0.378784179688,0.308898925781,0.203186035156,0.848388671875,-3120.0,6025.0,4360.0,17.0,-2.0,-13.0,
1647599749896995306,0.379577636719,0.309326171875,0.202087402344,0.848083496094,-3205.0,6179.0,4412.0,20.0,-4.0,-11.0,
1647599749901393651,0.380615234375,0.309631347656,0.201049804688,0.847778320312,-3250.0,6351.0,4438.0,22.0,-5.0,-10.0,
1647599749905867815,0.381652832031,0.309875488281,0.200134277344,0.847412109375,-3244.0,6530.0,4457.0,21.0,-5.0,-8.0,
1647599749910923719,0.382751464844,0.309997558594,0.199340820312,0.847106933594,-3164.0,6686.0,4431.0,20.0,-5.0,-7.0,
1647599749915240526,0.383728027344,0.31005859375,0.19873046875,0.846740722656,-3048.0,6795.0,4412.0,16.0,-5.0,-6.0,
1647599749918290138,0.384460449219,0.31005859375,0.198181152344,0.846557617188,-2942.0,6856.0,4454.0,12.0,-3.0,-6.0,
1647599749926612377,0.384948730469,0.309997558594,0.197814941406,0.846435546875,-2866.0,6883.0,4501.0,8.0,-3.0,-6.0,
1647599749931008100,0.38525390625,0.309875488281,0.197387695312,0.846435546875,-2822.0,6910.0,4571.0,5.0,-3.0,-6.0,
1647599749936508655,0.385314941406,0.309753417969,0.197082519531,0.846557617188,-2793.0,6925.0,4633.0,2.0,-4.0,-7.0,
1647599749940328121,0.385192871094,0.309509277344,0.19677734375,0.846740722656,-2799.0,6928.0,4726.0,-1.0,-4.0,-7.0,
1647599749945103645,0.384948730469,0.309326171875,0.196472167969,0.847045898438,-2795.0,6884.0,4767.0,-3.0,-4.0,-7.0,
1647599749949757099,0.384521484375,0.309143066406,0.196105957031,0.847351074219,-2785.0,6800.0,4779.0,-5.0,-3.0,-8.0,
1647599749956488132,0.384094238281,0.30908203125,0.195739746094,0.84765625,-2785.0,6701.0,4787.0,-5.0,-3.0,-9.0,
1647599749961274623,0.383605957031,0.308959960938,0.1953125,0.848022460938,-2756.0,6657.0,4639.0,-5.0,-4.0,-10.0,
1647599749965784311,0.38330078125,0.308898925781,0.19482421875,0.848266601562,-2693.0,6604.0,4602.0,-6.0,-4.0,-11.0,
1647599749970630407,0.382690429688,0.308776855469,0.194396972656,0.848693847656,-2584.0,6531.0,4524.0,-9.0,-3.0,-12.0,
1647599749975226640,0.381958007812,0.308776855469,0.193969726562,0.84912109375,-2499.0,6409.0,4353.0,-11.0,-1.0,-14.0,
1647599749978248357,0.381103515625,0.308959960938,0.193542480469,0.849548339844,-2432.0,6222.0,4198.0,-14.0,1.0,-16.0,
1647599749983774900,0.380004882812,0.309326171875,0.192993164062,0.850036621094,-2421.0,6047.0,4171.0,-16.0,3.0,-19.0,
1647599749993182897,0.378662109375,0.309692382812,0.1923828125,0.850646972656,-2451.0,5897.0,4150.0,-16.0,3.0,-21.0,
1647599749998014211,0.37744140625,0.310241699219,0.191650390625,0.851135253906,-2534.0,5768.0,4076.0,-14.0,4.0,-21.0,
1647599750002916574,0.376403808594,0.310852050781,0.190795898438,0.8515625,-2635.0,5632.0,4029.0,-11.0,4.0,-21.0,
1647599750008412361,0.375366210938,0.311584472656,0.189880371094,0.851989746094,-2744.0,5517.0,4076.0,-9.0,4.0,-22.0,
1647599750013019323,0.374450683594,0.312255859375,0.188842773438,0.852355957031,-2837.0,5447.0,4141.0,-5.0,4.0,-23.0,
1647599750016372680,0.373840332031,0.313049316406,0.187744140625,0.852600097656,-2948.0,5435.0,4200.0,0.0,4.0,-23.0,
1647599750020961761,0.37353515625,0.313781738281,0.1865234375,0.852722167969,-3055.0,5472.0,4201.0,5.0,3.0,-22.0,
1647599750025688409,0.373596191406,0.314575195312,0.185302734375,0.852661132812,-3133.0,5538.0,4187.0,10.0,2.0,-21.0,
1647599750031155347,0.373840332031,0.315307617188,0.184020996094,0.8525390625,-3171.0,5637.0,4201.0,13.0,1.0,-20.0,
1647599750033786058,0.374145507812,0.31591796875,0.182739257812,0.852478027344,-3154.0,5739.0,4213.0,13.0,0.0,-19.0,
1647599750038227796,0.374389648438,0.31640625,0.181579589844,0.852416992188,-3104.0,5799.0,4216.0,11.0,0.0,-20.0,
1647599750046833515,0.374450683594,0.316955566406,0.180419921875,0.852416992188,-3066.0,5817.0,4258.0,8.0,0.0,-21.0,
1647599750051200151,0.374389648438,0.3173828125,0.179260253906,0.8525390625,-3040.0,5819.0,4297.0,6.0,0.0,-22.0,
1647599750055712699,0.374206542969,0.317810058594,0.177978515625,0.852722167969,-3039.0,5806.0,4306.0,5.0,-1.0,-23.0,
1647599750060490608,0.3740234375,0.318237304688,0.176696777344,0.852966308594,-3063.0,5765.0,4279.0,4.0,-2.0,-24.0,
1647599750065032720,0.373657226562,0.318664550781,0.17529296875,0.853210449219,-3100.0,5683.0,4239.0,2.0,-3.0,-25.0,
1647599750069367647,0.373107910156,0.319213867188,0.173767089844,0.853576660156,-3157.0,5547.0,4190.0,0.0,-3.0,-27.0,
1647599750076573848,0.372436523438,0.31982421875,0.172119140625,0.85400390625,-3248.0,5372.0,4164.0,0.0,-3.0,-30.0,
1647599750081130027,0.371765136719,0.320556640625,0.170288085938,0.854370117188,-3401.0,5183.0,4191.0,2.0,-3.0,-32.0,
1647599750085799694,0.371337890625,0.321350097656,0.168212890625,0.854675292969,-3607.0,5004.0,4249.0,9.0,-4.0,-32.0,
1647599750092681407,0.371398925781,0.322143554688,0.165893554688,0.854797363281,-3864.0,4854.0,4351.0,20.0,-6.0,-31.0,
1647599750097564458,0.372192382812,0.322937011719,0.163330078125,0.854675292969,-4149.0,4763.0,4489.0,32.0,-9.0,-28.0,
1647599750102468013,0.373596191406,0.323547363281,0.160583496094,0.854309082031,-4449.0,4746.0,4637.0,45.0,-13.0,-25.0,
1647599750106927156,0.375732421875,0.324035644531,0.157653808594,0.853759765625,-4722.0,4818.0,4767.0,56.0,-17.0,-22.0,
1647599750111574172,0.378479003906,0.324340820312,0.154663085938,0.852966308594,-4950.0,4965.0,4885.0,65.0,-21.0,-19.0,
1647599750116108179,0.381652832031,0.324279785156,0.151611328125,0.852111816406,-5134.0,5177.0,4990.0,70.0,-25.0,-15.0,
1647599750120554447,0.385070800781,0.324035644531,0.148681640625,0.851196289062,-5272.0,5453.0,5035.0,72.0,-29.0,-12.0,
1647599750124839305,0.388671875,0.323425292969,0.145812988281,0.850280761719,-5373.0,5753.0,5019.0,72.0,-33.0,-9.0,
1647599750128248214,0.392395019531,0.322631835938,0.143127441406,0.849304199219,-5445.0,6025.0,4949.0,70.0,-35.0,-6.0,
1647599750136389493,0.396057128906,0.321716308594,0.140625,0.848388671875,-5510.0,6230.0,4846.0,67.0,-37.0,-3.0,
1647599750141413211,0.399658203125,0.320617675781,0.138244628906,0.847473144531,-5571.0,6355.0,4729.0,64.0,-38.0,0.0,
1647599750145890712,0.403198242188,0.319458007812,0.136047363281,0.846618652344,-5649.0,6390.0,4608.0,63.0,-39.0,2.0,
1647599750150925874,0.406677246094,0.318298339844,0.1337890625,0.845764160156,-5756.0,6364.0,4475.0,63.0,-39.0,4.0,
1647599750156981468,0.410278320312,0.317077636719,0.131591796875,0.844787597656,-5884.0,6303.0,4335.0,64.0,-40.0,6.0,
1647599750159151554,0.4140625,0.315856933594,0.129455566406,0.84375,-6035.0,6234.0,4174.0,67.0,-40.0,10.0,
1647599750163832664,0.418151855469,0.314636230469,0.127380371094,0.842529296875,-6192.0,6193.0,3978.0,72.0,-40.0,14.0,
1647599750169977426,0.422668457031,0.313415527344,0.125427246094,0.841003417969,-6348.0,6192.0,3742.0,78.0,-40.0,19.0,
1647599750177934646,0.427612304688,0.312133789062,0.123657226562,0.839233398438,-6474.0,6241.0,3471.0,84.0,-40.0,25.0,
1647599750183417797,0.432983398438,0.310791015625,0.1220703125,0.837219238281,-6569.0,6345.0,3174.0,88.0,-39.0,31.0,
1647599750195610523,0.438659667969,0.309387207031,0.120788574219,0.8349609375,-6625.0,6504.0,2858.0,90.0,-38.0,36.0,
1647599750198854923,0.444458007812,0.307983398438,0.119873046875,0.83251953125,-6654.0,6718.0,2528.0,90.0,-35.0,41.0,
1647599750199543714,0.450317382812,0.306518554688,0.119323730469,0.830017089844,-6657.0,6976.0,2190.0,88.0,-33.0,46.0,
1647599750202051877,0.456176757812,0.305053710938,0.119140625,0.827331542969,-6619.0,7256.0,1819.0,84.0,-30.0,51.0,
1647599750207504272,0.461975097656,0.303649902344,0.119445800781,0.824645996094,-6528.0,7518.0,1409.0,80.0,-25.0,56.0,
1647599750212451696,0.467590332031,0.302307128906,0.120239257812,0.821838378906,-6395.0,7731.0,1013.0,74.0,-20.0,59.0,
1647599750217130661,0.472900390625,0.301208496094,0.121459960938,0.819030761719,-6231.0,7877.0,654.0,67.0,-13.0,62.0,
1647599750220498800,0.477844238281,0.300231933594,0.123107910156,0.816223144531,-6035.0,7943.0,351.0,61.0,-6.0,63.0,
1647599750225956678,0.482543945312,0.299560546875,0.125,0.8134765625,-5816.0,7953.0,69.0,57.0,0.0,64.0,
1647599750230040311,0.487121582031,0.299072265625,0.127197265625,0.810546875,-5574.0,7920.0,-212.0,56.0,7.0,65.0,
1647599750237593173,0.491760253906,0.298889160156,0.129577636719,0.807434082031,-5302.0,7867.0,-524.0,58.0,14.0,65.0,
1647599750241059303,0.496520996094,0.299072265625,0.132263183594,0.804016113281,-4991.0,7810.0,-855.0,60.0,21.0,66.0,
1647599750245865583,0.501342773438,0.299621582031,0.135131835938,0.800354003906,-4654.0,7783.0,-1210.0,61.0,30.0,66.0,
1647599750250447511,0.506225585938,0.300476074219,0.138305664062,0.79638671875,-4306.0,7783.0,-1491.0,62.0,39.0,66.0,
1647599750255024433,0.510925292969,0.301696777344,0.141845703125,0.792297363281,-3933.0,7777.0,-1698.0,60.0,47.0,66.0,
1647599750258424282,0.515319824219,0.303283691406,0.145629882812,0.788146972656,-3554.0,7742.0,-1856.0,58.0,56.0,64.0,
1647599750264066219,0.519592285156,0.305419921875,0.149597167969,0.783752441406,-3200.0,7695.0,-1987.0,59.0,67.0,60.0,
1647599750271013736,0.523803710938,0.30810546875,0.153625488281,0.779113769531,-2892.0,7646.0,-2085.0,62.0,77.0,56.0,
1647599750275593042,0.528015136719,0.311340332031,0.157653808594,0.774108886719,-2608.0,7637.0,-2209.0,68.0,86.0,52.0,
1647599750280657768,0.532531738281,0.315185546875,0.161682128906,0.768615722656,-2347.0,7706.0,-2376.0,76.0,95.0,49.0,
1647599750284500837,0.537353515625,0.319519042969,0.165771484375,0.762634277344,-2093.0,7828.0,-2595.0,84.0,103.0,47.0,
