1649770981563685417,0.603149414062,0.2060546875,0.770263671875,-0.0189208984375,3763.0,5086.0,-1813.0,170.0,28.0,-3.0,
1649770981564361333,0.600402832031,0.225769042969,0.766479492188,-0.03076171875,3475.0,4921.0,-730.0,194.0,8.0,-17.0,
1649770981565232992,0.723388671875,0.437194824219,0.533081054688,0.0365600585938,11564.0,4806.0,2025.0,12.0,-235.0,52.0,
1649770981565612316,0.732360839844,0.433410644531,0.523498535156,0.0399780273438,11502.0,4651.0,1582.0,7.0,-237.0,61.0,
1649770981565901279,0.741516113281,0.429016113281,0.513916015625,0.0433349609375,11410.0,4496.0,1158.0,1.0,-238.0,71.0,
1649770981583554506,0.750793457031,0.423950195312,0.504272460938,0.0465698242188,11304.0,4357.0,766.0,-4.0,-238.0,82.0,
1649770981730728387,0.769714355469,0.41162109375,0.485046386719,0.052490234375,10940.0,4160.0,-3.0,-11.0,-239.0,105.0,
1649770981920996904,0.779418945312,0.404418945312,0.475158691406,0.05517578125,10653.0,4072.0,-355.0,-13.0,-240.0,117.0,
1649770981930580377,0.789245605469,0.396606445312,0.465209960938,0.0577392578125,10280.0,4015.0,-700.0,-15.0,-242.0,129.0,
1649770981941902160,0.827880859375,0.359436035156,0.425109863281,0.067626953125,8349.0,3759.0,-2148.0,-35.0,-231.0,162.0,
1649770981943964719,0.846069335938,0.337890625,0.405578613281,0.0730590820312,7535.0,3704.0,-2972.0,-46.0,-227.0,171.0,
1649770981962691783,0.854919433594,0.32666015625,0.395568847656,0.0761108398438,7115.0,3672.0,-3397.0,-50.0,-230.0,173.0,
1649770981983958005,0.888793945312,0.2802734375,0.351135253906,0.0900268554688,5245.0,3710.0,-4727.0,-55.0,-248.0,173.0,
1649770981987553119,0.896667480469,0.2685546875,0.338989257812,0.093994140625,4671.0,3794.0,-4991.0,-55.0,-251.0,171.0,
1649770981993151664,0.904174804688,0.256958007812,0.326599121094,0.09814453125,4057.0,3874.0,-5261.0,-56.0,-251.0,169.0,
1649770982086894512,0.970886230469,0.144653320312,0.140258789062,0.12939453125,-1197.0,4656.0,-9915.0,10.0,23.0,-20.0,
1649770982092715024,0.970520019531,0.145690917969,0.142272949219,0.12841796875,-259.0,4782.0,-10590.0,20.0,36.0,-9.0,
1649770982244489908,0.970397949219,0.147155761719,0.143798828125,0.126281738281,299.0,4536.0,-10683.0,37.0,28.0,-16.0,
1649770982270930528,0.970947265625,0.149047851562,0.143127441406,0.120483398438,1258.0,4466.0,-10510.0,50.0,-4.0,-1.0,
1649770982296619176,0.971374511719,0.149047851562,0.142272949219,0.117736816406,1819.0,4449.0,-10354.0,53.0,-16.0,5.0,
1649770982298814296,0.760864257812,-0.0255737304688,0.629028320312,-0.157043457031,810.0,-2551.0,-119.0,-73.0,-6.0,79.0,
1649770982302355289,0.831665039062,-0.104553222656,0.533264160156,-0.114135742188,7572.0,-1271.0,-5150.0,1.0,0.0,-1.0,
1649770982321364641,0.853332519531,-0.150207519531,0.48828125,-0.103637695312,6469.0,-1881.0,-2777.0,-55.0,-51.0,-20.0,
1649770982327627420,0.852661132812,-0.111083984375,0.510314941406,-0.0109252929688,5876.0,-714.0,-3057.0,-30.0,-3.0,3.0,
1649770982331469535,0.827880859375,-0.0728759765625,0.555908203125,-0.0142211914062,6321.0,-1281.0,-1701.0,-10.0,75.0,-58.0,
1649770982336943626,0.7978515625,-0.0578002929688,0.587463378906,0.1220703125,7414.0,1425.0,-1772.0,1.0,-10.0,7.0,
1649770982404506206,0.797912597656,-0.0581665039062,0.587341308594,0.121948242188,7458.0,1369.0,-1819.0,-2.0,-5.0,5.0,
1649770982415284156,0.798095703125,-0.0588989257812,0.587036132812,0.122253417969,7540.0,1300.0,-1930.0,-5.0,-4.0,1.0,
1649770982423576593,0.798461914062,-0.0597534179688,0.586364746094,0.122436523438,7636.0,1360.0,-2060.0,-6.0,-9.0,5.0,
1649770982436545133,0.798889160156,-0.0599975585938,0.585754394531,0.12255859375,7525.0,1373.0,-2101.0,-4.0,-13.0,3.0,
1649770982442930698,0.799377441406,-0.0602416992188,0.585021972656,0.12255859375,7454.0,1298.0,-2120.0,-2.0,-14.0,2.0,
1649770982454349517,0.7998046875,-0.0604858398438,0.584411621094,0.122497558594,7484.0,1229.0,-2145.0,-1.0,-13.0,2.0,
1649770982487375259,0.801086425781,-0.0613403320312,0.582641601562,0.122009277344,7474.0,1144.0,-2181.0,-1.0,-14.0,4.0,
1649770982519740343,0.803833007812,-0.0684814453125,0.578369140625,0.120788574219,7706.0,1116.0,-2296.0,-4.0,-3.0,7.0,
1649770982529179334,0.812683105469,-0.0687255859375,0.567687988281,0.111572265625,7273.0,874.0,-2617.0,1.0,-1.0,0.0,
1649770982538322448,0.812805175781,-0.0689697265625,0.567565917969,0.111267089844,7318.0,877.0,-2640.0,1.0,-3.0,1.0,
1649770982775284290,0.81298828125,-0.0687866210938,0.5673828125,0.110900878906,7343.0,855.0,-2695.0,4.0,-1.0,1.0,
1649770982783068656,0.813049316406,-0.0687255859375,0.5673828125,0.110534667969,7448.0,809.0,-2710.0,5.0,-1.0,2.0,
1649770982785749435,0.813537597656,-0.0687866210938,0.566955566406,0.109252929688,7440.0,798.0,-2777.0,5.0,-6.0,2.0,
1649770982812413215,0.814270019531,-0.0693359375,0.566101074219,0.107971191406,7374.0,818.0,-2777.0,1.0,-6.0,3.0,
1649770982838502407,0.814453125,-0.0694580078125,0.565795898438,0.107849121094,7316.0,829.0,-2780.0,1.0,-5.0,2.0,
1649770982854634284,0.814575195312,-0.0695190429688,0.565612792969,0.107666015625,7283.0,831.0,-2791.0,1.0,-4.0,2.0,
1649770982859301805,0.814697265625,-0.069580078125,0.565490722656,0.107543945312,7269.0,826.0,-2790.0,0.0,-2.0,1.0,
1649770982876662015,0.814758300781,-0.0696411132812,0.5654296875,0.107482910156,7280.0,815.0,-2792.0,0.0,-1.0,1.0,
1649770982897598981,0.815246582031,-0.0709228515625,0.564819335938,0.10595703125,7422.0,840.0,-2823.0,2.0,-2.0,3.0,
1649770982907452583,0.815307617188,-0.0709838867188,0.564758300781,0.105712890625,7438.0,816.0,-2799.0,2.0,-2.0,3.0,
1649770983115149497,0.815612792969,-0.0742797851562,0.564270019531,0.103942871094,7260.0,767.0,-2823.0,0.0,2.0,4.0,
1649770983433346748,0.815551757812,-0.074462890625,0.564331054688,0.103759765625,7273.0,768.0,-2813.0,0.0,1.0,4.0,
1649770983451718807,0.815612792969,-0.0752563476562,0.564392089844,0.102355957031,7435.0,719.0,-2876.0,3.0,-1.0,5.0,
1649770983472676515,0.815734863281,-0.075439453125,0.564270019531,0.101928710938,7470.0,739.0,-2872.0,3.0,-3.0,6.0,
1649770983504942178,0.816345214844,-0.0762329101562,0.5634765625,0.1005859375,7469.0,744.0,-2925.0,2.0,-4.0,4.0,
1649770983538707971,0.816467285156,-0.0762939453125,0.563354492188,0.100341796875,7464.0,726.0,-2938.0,2.0,-3.0,3.0,
1649770983548973560,0.816589355469,-0.0763549804688,0.563293457031,0.10009765625,7478.0,694.0,-2953.0,2.0,-2.0,2.0,
1649770983563418149,0.816650390625,-0.0764770507812,0.563232421875,0.099853515625,7509.0,666.0,-2961.0,1.0,-1.0,2.0,
1649770983594824790,0.816589355469,-0.0792236328125,0.562438964844,0.102111816406,7371.0,595.0,-2915.0,-6.0,1.0,1.0,
1649770983598618507,0.816589355469,-0.0794677734375,0.562438964844,0.102294921875,7364.0,596.0,-2911.0,-6.0,0.0,1.0,
1649770983600910663,0.816467285156,-0.0805053710938,0.562316894531,0.102783203125,7418.0,558.0,-2968.0,-6.0,0.0,3.0,
1649770983609514713,0.816467285156,-0.0808715820312,0.562255859375,0.102905273438,7444.0,559.0,-2992.0,-6.0,-1.0,3.0,
1649770983618809461,0.816589355469,-0.0817260742188,0.561950683594,0.103088378906,7462.0,556.0,-3017.0,-6.0,-3.0,4.0,
1649770983653722286,0.817199707031,-0.0845947265625,0.560424804688,0.104553222656,7475.0,675.0,-2916.0,-8.0,-6.0,2.0,
1649770983657551527,0.817565917969,-0.0861206054688,0.559265136719,0.106384277344,7274.0,800.0,-2891.0,-3.0,-9.0,1.0,
1649770983684978723,0.818054199219,-0.0872192382812,0.558349609375,0.106506347656,7160.0,832.0,-2782.0,-6.0,-6.0,5.0,
1649770983704792499,0.818176269531,-0.0917358398438,0.555969238281,0.114013671875,7082.0,597.0,-2897.0,-2.0,0.0,0.0,
1649770983706885576,0.818115234375,-0.0919799804688,0.556030273438,0.114013671875,7111.0,594.0,-2936.0,-3.0,2.0,2.0,
1649770983727606534,0.818054199219,-0.0921020507812,0.556091308594,0.114074707031,7055.0,661.0,-2966.0,-3.0,1.0,1.0,
1649770983735182523,0.818054199219,-0.0921630859375,0.556091308594,0.114135742188,7056.0,662.0,-2939.0,-1.0,2.0,1.0,
1649770983746527433,0.817626953125,-0.093017578125,0.556640625,0.113708496094,7250.0,617.0,-2984.0,-1.0,0.0,4.0,
1649770983755573749,0.817749023438,-0.0948486328125,0.556335449219,0.112731933594,7245.0,667.0,-2940.0,-1.0,-2.0,5.0,
1649770983759347915,0.817749023438,-0.0958862304688,0.556274414062,0.112121582031,7208.0,749.0,-2985.0,0.0,-1.0,6.0,
1649770983766620159,0.817749023438,-0.0960083007812,0.556274414062,0.111938476562,7192.0,737.0,-2988.0,1.0,0.0,5.0,
1649770983772158384,0.817504882812,-0.0966186523438,0.556701660156,0.111145019531,7324.0,704.0,-3010.0,1.0,2.0,4.0,
1649770983779340267,0.817504882812,-0.09765625,0.556701660156,0.110412597656,7473.0,723.0,-3009.0,-1.0,-3.0,5.0,
1649770983783069133,0.817687988281,-0.097900390625,0.556335449219,0.110168457031,7408.0,725.0,-2995.0,1.0,-2.0,3.0,
1649770983786994218,0.817321777344,-0.100830078125,0.555725097656,0.113525390625,7254.0,623.0,-2947.0,-2.0,3.0,-3.0,
1649770983790973901,0.817138671875,-0.100708007812,0.555969238281,0.113891601562,7300.0,637.0,-2960.0,-2.0,2.0,-3.0,
1649770983823433160,0.815979003906,-0.101684570312,0.556823730469,0.117004394531,7392.0,611.0,-3036.0,1.0,-1.0,0.0,
1649770983832563638,0.816284179688,-0.101745605469,0.556457519531,0.116943359375,7284.0,624.0,-3027.0,-1.0,-2.0,0.0,
1649770984098384857,0.816467285156,-0.101745605469,0.556030273438,0.117126464844,7166.0,697.0,-3097.0,-1.0,-1.0,-2.0,
1649770984104153156,0.816772460938,-0.101806640625,0.555603027344,0.117553710938,7175.0,763.0,-3003.0,-3.0,-2.0,0.0,
1649770984113729715,0.816101074219,-0.101379394531,0.556518554688,0.117980957031,7492.0,634.0,-2947.0,-2.0,-2.0,1.0,
1649770984117237329,0.816162109375,-0.101379394531,0.556396484375,0.1181640625,7387.0,596.0,-2896.0,-1.0,0.0,-2.0,
1649770984126160860,0.815734863281,-0.101684570312,0.556823730469,0.118713378906,7451.0,667.0,-2882.0,-3.0,-3.0,1.0,
1649770984134260416,0.816223144531,-0.101440429688,0.55615234375,0.118835449219,7125.0,624.0,-2913.0,0.0,0.0,-2.0,
1649770984146666049,0.816223144531,-0.101318359375,0.55615234375,0.118896484375,7086.0,605.0,-2898.0,-1.0,1.0,-3.0,
1649770984150461673,0.816101074219,-0.101196289062,0.556274414062,0.119140625,7177.0,552.0,-2868.0,-2.0,2.0,-2.0,
1649770984157380342,0.81591796875,-0.101501464844,0.556457519531,0.119201660156,7318.0,648.0,-2996.0,-5.0,3.0,3.0,
1649770984176890373,0.816162109375,-0.101745605469,0.556030273438,0.119384765625,7464.0,567.0,-3101.0,-1.0,2.0,0.0,
1649770984213757276,0.816162109375,-0.101867675781,0.556030273438,0.119323730469,7518.0,587.0,-3109.0,-2.0,0.0,0.0,
1649770984221099853,0.816650390625,-0.102355957031,0.55517578125,0.119506835938,7317.0,641.0,-3130.0,-2.0,-1.0,0.0,
1649770984231337308,0.816650390625,-0.102661132812,0.555053710938,0.119812011719,7263.0,633.0,-3031.0,-3.0,-1.0,0.0,
1649770984242146492,0.816711425781,-0.102783203125,0.554931640625,0.119873046875,7224.0,654.0,-3006.0,-3.0,-1.0,0.0,
1649770984255885124,0.816711425781,-0.102966308594,0.554809570312,0.120178222656,7161.0,705.0,-2937.0,-2.0,0.0,0.0,
1649770984261361837,0.816650390625,-0.102966308594,0.554870605469,0.120361328125,7196.0,690.0,-2887.0,-2.0,1.0,-1.0,
1649770984272216320,0.816528320312,-0.103088378906,0.554992675781,0.12060546875,7245.0,697.0,-2883.0,-2.0,1.0,0.0,
1649770984283297300,0.81640625,-0.103149414062,0.555114746094,0.120727539062,7314.0,704.0,-2885.0,-1.0,1.0,0.0,
1649770984292854309,0.81640625,-0.103149414062,0.55517578125,0.120788574219,7353.0,681.0,-2881.0,-1.0,1.0,0.0,
1649770984307990074,0.816345214844,-0.103271484375,0.555236816406,0.120727539062,7349.0,706.0,-2931.0,-1.0,0.0,0.0,
1649770984314095973,0.816345214844,-0.103271484375,0.555236816406,0.120666503906,7382.0,614.0,-2970.0,0.0,1.0,0.0,
1649770984335066318,0.816345214844,-0.103332519531,0.555236816406,0.120544433594,7417.0,620.0,-2986.0,0.0,1.0,1.0,
1649770984693034410,0.816345214844,-0.103393554688,0.555236816406,0.120544433594,7418.0,606.0,-2983.0,0.0,-1.0,1.0,
1649770984697012662,0.816345214844,-0.103515625,0.55517578125,0.120483398438,7435.0,573.0,-2986.0,-1.0,-1.0,1.0,
1649770984702897071,0.816711425781,-0.10400390625,0.5546875,0.120178222656,7258.0,561.0,-3016.0,-1.0,1.0,-1.0,
1649770984728674411,0.8154296875,-0.110412597656,0.554626464844,0.123229980469,7301.0,585.0,-3008.0,-5.0,-1.0,0.0,
1649770984738271474,0.8154296875,-0.110656738281,0.554504394531,0.123413085938,7306.0,583.0,-3018.0,-5.0,-1.0,0.0,
1649770984746790647,0.815490722656,-0.111022949219,0.554321289062,0.123718261719,7331.0,549.0,-3021.0,-5.0,-1.0,0.0,
1649770984754375934,0.8154296875,-0.111145019531,0.554321289062,0.123901367188,7375.0,549.0,-3026.0,-4.0,0.0,0.0,
1649770984882414579,0.815368652344,-0.111328125,0.554321289062,0.1240234375,7425.0,568.0,-3034.0,-4.0,0.0,0.0,
1649770984885868310,0.815368652344,-0.111511230469,0.554260253906,0.124145507812,7445.0,589.0,-3022.0,-4.0,-1.0,0.0,
1649770984901504516,0.8154296875,-0.111633300781,0.55419921875,0.124328613281,7420.0,598.0,-3004.0,-4.0,-2.0,0.0,
1649770984907179832,0.8154296875,-0.111755371094,0.554077148438,0.12451171875,7396.0,591.0,-2998.0,-4.0,-2.0,-1.0,
1649770984925230741,0.8154296875,-0.111877441406,0.553955078125,0.124694824219,7392.0,606.0,-3004.0,-5.0,-1.0,-1.0,
1649770984928963661,0.8154296875,-0.111999511719,0.553894042969,0.124938964844,7380.0,621.0,-3007.0,-5.0,0.0,-1.0,
1649770984965563535,0.8154296875,-0.112121582031,0.553833007812,0.125122070312,7364.0,632.0,-3003.0,-5.0,0.0,-1.0,
1649770984970868110,0.8154296875,-0.112487792969,0.553588867188,0.125793457031,7332.0,672.0,-3028.0,-5.0,-1.0,0.0,
1649770984976480484,0.815490722656,-0.112609863281,0.553466796875,0.1259765625,7286.0,680.0,-3032.0,-4.0,-1.0,-1.0,
1649770984980301856,0.8154296875,-0.113464355469,0.553100585938,0.127258300781,7176.0,650.0,-3004.0,-5.0,-1.0,0.0,
1649770984986087083,0.815490722656,-0.113525390625,0.552978515625,0.127502441406,7170.0,616.0,-2985.0,-4.0,-1.0,-1.0,
1649770984990720510,0.8154296875,-0.113708496094,0.552978515625,0.127624511719,7212.0,608.0,-2999.0,-4.0,1.0,0.0,
1649770984996884107,0.8154296875,-0.114013671875,0.552856445312,0.1279296875,7248.0,660.0,-2972.0,-3.0,-1.0,0.0,
1649770985006143808,0.815368652344,-0.114685058594,0.552734375,0.128234863281,7349.0,648.0,-2998.0,-3.0,0.0,1.0,
1649770985016396045,0.815368652344,-0.114807128906,0.552673339844,0.128295898438,7351.0,655.0,-2997.0,-3.0,0.0,1.0,
1649770985020655870,0.8154296875,-0.115173339844,0.552490234375,0.12841796875,7315.0,656.0,-2982.0,-2.0,-1.0,1.0,
1649770985030091762,0.8154296875,-0.115478515625,0.552429199219,0.12841796875,7297.0,674.0,-2983.0,-2.0,-1.0,2.0,
1649770985039026737,0.8154296875,-0.11572265625,0.552368164062,0.12841796875,7284.0,673.0,-2993.0,-1.0,0.0,1.0,
1649770985113933324,0.815368652344,-0.115905761719,0.552368164062,0.128479003906,7287.0,652.0,-2973.0,-2.0,0.0,1.0,
1649770985123556375,0.815307617188,-0.116088867188,0.552429199219,0.128540039062,7303.0,645.0,-2975.0,-3.0,1.0,1.0,
1649770985143739938,0.815246582031,-0.1162109375,0.552429199219,0.128601074219,7326.0,654.0,-2988.0,-3.0,1.0,1.0,
1649770985145735025,0.815246582031,-0.116638183594,0.552307128906,0.128967285156,7286.0,652.0,-3018.0,-4.0,0.0,0.0,
1649770985152130842,0.815246582031,-0.116760253906,0.552307128906,0.129089355469,7278.0,650.0,-3026.0,-4.0,0.0,0.0,
1649770985154361963,0.814270019531,-0.128723144531,0.548645019531,0.138916015625,7200.0,698.0,-2981.0,-3.0,0.0,1.0,
1649770985158125400,0.814208984375,-0.128845214844,0.548645019531,0.138977050781,7191.0,706.0,-2997.0,-2.0,0.0,1.0,
1649770985207640647,0.814147949219,-0.12939453125,0.548706054688,0.138793945312,7237.0,638.0,-3039.0,-1.0,0.0,2.0,
1649770985217553138,0.814086914062,-0.129577636719,0.548767089844,0.138671875,7258.0,633.0,-3052.0,-1.0,0.0,2.0,
1649770985271206378,0.814086914062,-0.129943847656,0.548767089844,0.138549804688,7313.0,669.0,-3059.0,-1.0,0.0,3.0,
1649770985280123710,0.814086914062,-0.13037109375,0.548706054688,0.138427734375,7324.0,663.0,-3076.0,-1.0,-1.0,3.0,
1649770985301755428,0.814086914062,-0.130554199219,0.548645019531,0.138305664062,7331.0,651.0,-3101.0,-1.0,-1.0,2.0,
1649770985326695919,0.813903808594,-0.135986328125,0.546875,0.140991210938,7304.0,648.0,-3021.0,-3.0,-1.0,1.0,
1649770985332203626,0.814025878906,-0.13671875,0.546508789062,0.141174316406,7269.0,627.0,-3036.0,-3.0,-1.0,1.0,
1649770985352970123,0.814025878906,-0.136901855469,0.546447753906,0.141235351562,7280.0,617.0,-3042.0,-3.0,-1.0,1.0,
1649770985358276844,0.81396484375,-0.137329101562,0.546325683594,0.141540527344,7261.0,623.0,-3074.0,-4.0,0.0,0.0,
1649770985363841056,0.81396484375,-0.137512207031,0.546264648438,0.141662597656,7252.0,663.0,-3083.0,-4.0,0.0,0.0,
1649770985369246244,0.813781738281,-0.13818359375,0.546142578125,0.142578125,7273.0,655.0,-3046.0,-2.0,2.0,-1.0,
1649770985385772228,0.813720703125,-0.138244628906,0.546203613281,0.142700195312,7303.0,641.0,-3053.0,-2.0,1.0,0.0,
1649770985439226865,0.813720703125,-0.138366699219,0.546142578125,0.142700195312,7311.0,642.0,-3052.0,-2.0,0.0,0.0,
1649770985448657512,0.813720703125,-0.138488769531,0.546142578125,0.142761230469,7302.0,643.0,-3057.0,-2.0,-1.0,0.0,
1649770985454191446,0.813720703125,-0.138610839844,0.546020507812,0.142822265625,7287.0,648.0,-3061.0,-2.0,-1.0,1.0,
1649770985463476419,0.813720703125,-0.138793945312,0.545959472656,0.142822265625,7279.0,626.0,-3060.0,-2.0,0.0,1.0,
1649770985468669891,0.813720703125,-0.138916015625,0.545959472656,0.142822265625,7282.0,609.0,-3064.0,-2.0,0.0,1.0,
1649770985490452051,0.813720703125,-0.139038085938,0.545959472656,0.142822265625,7270.0,607.0,-3065.0,-2.0,0.0,1.0,
1649770985523184299,0.813720703125,-0.13916015625,0.5458984375,0.142883300781,7268.0,608.0,-3056.0,-2.0,0.0,1.0,
1649770985528682470,0.813659667969,-0.139526367188,0.545837402344,0.143005371094,7261.0,643.0,-3089.0,-3.0,-1.0,2.0,
1649770985531965494,0.813720703125,-0.1396484375,0.545715332031,0.143005371094,7230.0,650.0,-3087.0,-2.0,-1.0,1.0,
1649770985537360429,0.813781738281,-0.139770507812,0.545654296875,0.14306640625,7222.0,615.0,-3084.0,-2.0,-1.0,1.0,
1649770985541143178,0.813659667969,-0.14013671875,0.545654296875,0.14306640625,7268.0,616.0,-3097.0,-3.0,0.0,2.0,
1649770985544856071,0.814208984375,-0.143188476562,0.544006347656,0.143127441406,7280.0,634.0,-3154.0,-3.0,-4.0,1.0,
1649770985638649702,0.814270019531,-0.143737792969,0.543762207031,0.143188476562,7330.0,587.0,-3149.0,-4.0,-2.0,3.0,
1649770985649042844,0.814453125,-0.144897460938,0.543090820312,0.143737792969,7221.0,580.0,-3147.0,-5.0,-1.0,1.0,
1649770985656616926,0.814453125,-0.145141601562,0.54296875,0.143859863281,7219.0,564.0,-3167.0,-5.0,-1.0,1.0,
1649770985658359050,0.814453125,-0.145385742188,0.542846679688,0.143981933594,7202.0,586.0,-3158.0,-5.0,-1.0,1.0,
1649770985680824995,0.814453125,-0.145690917969,0.542724609375,0.144165039062,7200.0,624.0,-3160.0,-5.0,-1.0,2.0,
1649770985690704822,0.814514160156,-0.145935058594,0.542602539062,0.144287109375,7188.0,637.0,-3158.0,-5.0,-2.0,2.0,
1649770985710661172,0.814208984375,-0.147888183594,0.542114257812,0.1455078125,7323.0,669.0,-3109.0,-4.0,-2.0,2.0,
1649770985723059892,0.814208984375,-0.148315429688,0.541931152344,0.145751953125,7308.0,630.0,-3121.0,-4.0,0.0,1.0,
1649770985731590747,0.813659667969,-0.150390625,0.541625976562,0.147827148438,7267.0,631.0,-3101.0,-4.0,0.0,0.0,
1649770985751658678,0.813537597656,-0.151611328125,0.541320800781,0.148681640625,7221.0,613.0,-3087.0,-5.0,0.0,1.0,
1649770985757236480,0.8134765625,-0.15234375,0.541076660156,0.148986816406,7245.0,603.0,-3130.0,-3.0,-1.0,2.0,
1649770985764733791,0.8134765625,-0.152526855469,0.541015625,0.149047851562,7247.0,610.0,-3138.0,-3.0,-1.0,2.0,
1649770985768202781,0.8134765625,-0.152709960938,0.540893554688,0.149047851562,7246.0,606.0,-3140.0,-3.0,-1.0,2.0,
1649770985773442506,0.813537597656,-0.153625488281,0.540588378906,0.149047851562,7242.0,595.0,-3186.0,-3.0,-1.0,2.0,
1649770985777670383,0.813537597656,-0.15380859375,0.54052734375,0.149047851562,7254.0,589.0,-3197.0,-3.0,-1.0,2.0,
1649770985783214092,0.813537597656,-0.154052734375,0.540466308594,0.149047851562,7278.0,590.0,-3189.0,-3.0,-1.0,3.0,
1649770985789328813,0.813598632812,-0.154296875,0.540344238281,0.149047851562,7275.0,609.0,-3189.0,-3.0,-2.0,3.0,
1649770985910938739,0.813659667969,-0.155212402344,0.539916992188,0.149169921875,7221.0,604.0,-3169.0,-4.0,-1.0,2.0,
1649770985914600372,0.813354492188,-0.1572265625,0.539428710938,0.150695800781,7268.0,654.0,-3101.0,-3.0,0.0,1.0,
1649770985921205282,0.813293457031,-0.157531738281,0.539367675781,0.150817871094,7278.0,697.0,-3093.0,-2.0,-1.0,1.0,
1649770985925116300,0.813354492188,-0.157653808594,0.539306640625,0.150817871094,7255.0,683.0,-3083.0,-2.0,-1.0,1.0,
1649770985942986488,0.813232421875,-0.157836914062,0.539306640625,0.150817871094,7280.0,626.0,-3110.0,-2.0,1.0,1.0,
1649770985952176332,0.813232421875,-0.157897949219,0.539367675781,0.15087890625,7284.0,614.0,-3131.0,-1.0,1.0,0.0,
1649770986118328571,0.813232421875,-0.159423828125,0.538635253906,0.151794433594,7300.0,555.0,-3207.0,-5.0,2.0,0.0,
1649770986122017860,0.813171386719,-0.159606933594,0.538635253906,0.151977539062,7295.0,557.0,-3198.0,-5.0,0.0,0.0,
1649770986131286859,0.813171386719,-0.159790039062,0.53857421875,0.152099609375,7301.0,557.0,-3189.0,-5.0,-1.0,0.0,
1649770986138866662,0.813110351562,-0.159973144531,0.538513183594,0.152282714844,7340.0,557.0,-3183.0,-4.0,0.0,0.0,
1649770986153373241,0.813110351562,-0.16015625,0.538452148438,0.152465820312,7366.0,559.0,-3179.0,-5.0,-1.0,1.0,
1649770986163292169,0.812744140625,-0.164245605469,0.536926269531,0.1552734375,7112.0,640.0,-3132.0,-4.0,1.0,1.0,
1649770986166466236,0.812622070312,-0.164489746094,0.536987304688,0.155456542969,7089.0,596.0,-3158.0,-3.0,2.0,1.0,
1649770986171480417,0.812377929688,-0.164672851562,0.537231445312,0.155578613281,7124.0,555.0,-3172.0,-2.0,4.0,1.0,
1649770986173386812,0.812255859375,-0.164794921875,0.537353515625,0.155639648438,7166.0,539.0,-3178.0,-2.0,3.0,1.0,
1649770986181901931,0.811950683594,-0.165893554688,0.537475585938,0.155883789062,7238.0,502.0,-3186.0,-6.0,-1.0,3.0,
1649770986204963922,0.811889648438,-0.166259765625,0.537353515625,0.156066894531,7211.0,526.0,-3204.0,-7.0,-1.0,2.0,
1649770986216510534,0.8115234375,-0.167907714844,0.537170410156,0.156921386719,7392.0,621.0,-3198.0,-5.0,-3.0,3.0,
1649770986225755691,0.8115234375,-0.16845703125,0.536865234375,0.157287597656,7353.0,655.0,-3165.0,-5.0,-2.0,2.0,
1649770986246295690,0.811462402344,-0.168884277344,0.536743164062,0.15771484375,7345.0,693.0,-3135.0,-5.0,-1.0,1.0,
1649770986258421182,0.811401367188,-0.169189453125,0.536499023438,0.158142089844,7294.0,704.0,-3115.0,-5.0,-1.0,0.0,
1649770986268970012,0.811401367188,-0.169555664062,0.536315917969,0.158569335938,7235.0,701.0,-3108.0,-5.0,-1.0,0.0,
1649770986278580904,0.811401367188,-0.169677734375,0.536193847656,0.158752441406,7213.0,691.0,-3105.0,-5.0,0.0,0.0,
1649770986303315639,0.811340332031,-0.169860839844,0.536193847656,0.158935546875,7197.0,683.0,-3120.0,-4.0,0.0,0.0,
1649770986311757802,0.811340332031,-0.169982910156,0.5361328125,0.159118652344,7189.0,668.0,-3135.0,-4.0,0.0,0.0,
1649770986319378137,0.811279296875,-0.170104980469,0.5361328125,0.159240722656,7184.0,646.0,-3151.0,-4.0,0.0,0.0,
1649770986549696922,0.811279296875,-0.170288085938,0.536071777344,0.159423828125,7189.0,610.0,-3168.0,-4.0,0.0,0.0,
1649770986551844120,0.811218261719,-0.170471191406,0.536010742188,0.159545898438,7194.0,584.0,-3191.0,-5.0,1.0,0.0,
1649770986576154708,0.811157226562,-0.170654296875,0.536010742188,0.159729003906,7205.0,566.0,-3196.0,-5.0,1.0,0.0,
1649770986593144655,0.809509277344,-0.176818847656,0.534912109375,0.164916992188,7394.0,599.0,-3133.0,-6.0,1.0,-1.0,
1649770986620592832,0.809448242188,-0.177185058594,0.534729003906,0.165466308594,7422.0,589.0,-3114.0,-6.0,-1.0,-1.0,
1649770986720389127,0.809631347656,-0.177734375,0.534057617188,0.166259765625,7372.0,630.0,-3085.0,-4.0,-4.0,-1.0,
1649770986734764337,0.809814453125,-0.177917480469,0.53369140625,0.166442871094,7312.0,669.0,-3088.0,-2.0,-3.0,-1.0,
1649770986771795988,0.809997558594,-0.177917480469,0.533325195312,0.166442871094,7273.0,690.0,-3109.0,0.0,-3.0,-1.0,
1649770986775117635,0.814392089844,-0.18017578125,0.526611328125,0.163879394531,7171.0,531.0,-3267.0,-2.0,-5.0,-1.0,
1649770986791822195,0.814575195312,-0.180236816406,0.5263671875,0.163879394531,7166.0,543.0,-3312.0,-2.0,-5.0,0.0,
1649770986819231271,0.81494140625,-0.180419921875,0.525756835938,0.163879394531,7095.0,566.0,-3273.0,-2.0,-6.0,-1.0,
1649770986834113359,0.815063476562,-0.180480957031,0.525451660156,0.163940429688,7066.0,580.0,-3266.0,-2.0,-4.0,-1.0,
1649770986844082117,0.815246582031,-0.1806640625,0.525146484375,0.1640625,7078.0,585.0,-3251.0,-2.0,-2.0,0.0,
1649770986867998838,0.815246582031,-0.180725097656,0.525024414062,0.164123535156,7079.0,594.0,-3239.0,-2.0,-1.0,0.0,
1649770986871750593,0.815307617188,-0.180969238281,0.524841308594,0.164245605469,7064.0,625.0,-3217.0,-3.0,-2.0,1.0,
1649770986877216339,0.815307617188,-0.181091308594,0.524780273438,0.164306640625,7063.0,639.0,-3215.0,-3.0,-2.0,1.0,
1649770986886764764,0.815368652344,-0.181274414062,0.524658203125,0.164367675781,7048.0,645.0,-3219.0,-3.0,-2.0,1.0,
1649770986939446210,0.815368652344,-0.181396484375,0.524536132812,0.164428710938,7032.0,656.0,-3234.0,-2.0,-2.0,1.0,
1649770986980650663,0.8154296875,-0.181579589844,0.5244140625,0.164428710938,7033.0,664.0,-3250.0,-2.0,-1.0,2.0,
1649770987032756805,0.815307617188,-0.182006835938,0.5244140625,0.164367675781,7081.0,635.0,-3267.0,-2.0,1.0,1.0,
1649770987034809112,0.815185546875,-0.182312011719,0.524597167969,0.164306640625,7154.0,648.0,-3301.0,-1.0,0.0,1.0,
1649770987042559385,0.815185546875,-0.182312011719,0.524597167969,0.164306640625,7163.0,652.0,-3322.0,0.0,1.0,0.0,
1649770987066169738,0.815063476562,-0.182067871094,0.524719238281,0.164489746094,7228.0,588.0,-3389.0,-1.0,0.0,-2.0,
1649770987074440479,0.815124511719,-0.18212890625,0.524597167969,0.164672851562,7208.0,576.0,-3402.0,-3.0,-1.0,-2.0,
1649770987078516244,0.815185546875,-0.182250976562,0.524353027344,0.164916992188,7147.0,548.0,-3385.0,-4.0,-2.0,-1.0,
1649770987080519437,0.815185546875,-0.183227539062,0.523803710938,0.165466308594,7169.0,562.0,-3335.0,-5.0,-2.0,1.0,
1649770987088919639,0.815246582031,-0.183715820312,0.523498535156,0.165832519531,7177.0,605.0,-3325.0,-5.0,-2.0,1.0,
1649770987095342159,0.822814941406,-0.192321777344,0.51416015625,0.146789550781,7060.0,121.0,-3601.0,4.0,-3.0,7.0,
1649770987099390745,0.822937011719,-0.193786621094,0.513671875,0.14599609375,7142.0,292.0,-3727.0,-3.0,0.0,3.0,
1649770987101369619,0.822875976562,-0.194091796875,0.513671875,0.146057128906,7181.0,298.0,-3737.0,-4.0,0.0,2.0,
1649770987120006799,0.82275390625,-0.194580078125,0.513549804688,0.146240234375,7223.0,302.0,-3778.0,-4.0,0.0,2.0,
1649770987123574972,0.82275390625,-0.196044921875,0.512939453125,0.146545410156,6944.0,294.0,-3659.0,-3.0,0.0,0.0,
1649770987129136562,0.823120117188,-0.197326660156,0.512023925781,0.146057128906,6741.0,546.0,-3525.0,-1.0,-6.0,6.0,
1649770987132982254,0.82421875,-0.201171875,0.509826660156,0.142028808594,7074.0,22.0,-4025.0,-3.0,-3.0,7.0,
1649770987139709472,0.824035644531,-0.203186035156,0.509399414062,0.141906738281,7154.0,-59.0,-3826.0,-9.0,-3.0,6.0,
1649770987141859292,0.823486328125,-0.206237792969,0.508422851562,0.143981933594,6910.0,174.0,-3511.0,-8.0,0.0,3.0,
1649770987150314807,0.823364257812,-0.206726074219,0.508361816406,0.144287109375,6925.0,176.0,-3507.0,-8.0,-1.0,4.0,
1649770987152087211,0.823181152344,-0.208190917969,0.507751464844,0.145324707031,6915.0,181.0,-3540.0,-11.0,-2.0,3.0,
1649770987154467821,0.822631835938,-0.211364746094,0.50634765625,0.148681640625,7067.0,-17.0,-3822.0,-21.0,-2.0,-1.0,
1649770987162191867,0.821899414062,-0.213562011719,0.505432128906,0.15283203125,7331.0,97.0,-3943.0,-30.0,3.0,-4.0,
1649770987163778305,0.821350097656,-0.214782714844,0.504638671875,0.156494140625,7273.0,216.0,-3915.0,-32.0,2.0,-8.0,
1649770987192463159,0.819152832031,-0.215698242188,0.503967285156,0.168518066406,7229.0,486.0,-3660.0,-38.0,13.0,-19.0,
1649770987202136754,0.818176269531,-0.215515136719,0.503784179688,0.174011230469,7127.0,554.0,-3572.0,-38.0,10.0,-23.0,
1649770987223613262,0.8173828125,-0.21484375,0.503356933594,0.179809570312,6877.0,612.0,-3576.0,-38.0,14.0,-29.0,
1649770987273942470,0.785278320312,-0.233520507812,0.474548339844,0.321716308594,5443.0,375.0,-6364.0,-282.0,21.0,-98.0,
1649770987279273986,0.719543457031,-0.272155761719,0.381103515625,0.5126953125,3478.0,5728.0,-6000.0,-301.0,6.0,-94.0,
1649770987297016143,0.713317871094,-0.273803710938,0.373413085938,0.526000976562,3455.0,5886.0,-5986.0,-262.0,11.0,-87.0,
1649770987328598499,0.707946777344,-0.274536132812,0.366882324219,0.537353515625,3389.0,6002.0,-5909.0,-222.0,18.0,-79.0,
1649770987336086034,0.69775390625,-0.270385742188,0.355041503906,0.560241699219,3208.0,5923.0,-5387.0,-94.0,46.0,-63.0,
1649770987338417768,0.696044921875,-0.262451171875,0.354187011719,0.566650390625,3375.0,5538.0,-4839.0,-11.0,66.0,-54.0,
1649770987341045618,0.6982421875,-0.250915527344,0.358215332031,0.566711425781,3847.0,5030.0,-4136.0,65.0,80.0,-49.0,
1649770987364474534,0.700805664062,-0.243957519531,0.361511230469,0.564453125,4266.0,4765.0,-3762.0,99.0,82.0,-49.0,
1649770987373555898,0.704345703125,-0.236450195312,0.365173339844,0.560852050781,4709.0,4485.0,-3357.0,130.0,78.0,-51.0,
1649770987377783775,0.708923339844,-0.228393554688,0.368896484375,0.555969238281,5115.0,4205.0,-2945.0,159.0,71.0,-55.0,
1649770987387624263,0.714416503906,-0.219970703125,0.372436523438,0.549926757812,5441.0,3910.0,-2515.0,184.0,61.0,-59.0,
1649770987391563892,0.720764160156,-0.211181640625,0.375732421875,0.542846679688,5677.0,3593.0,-2092.0,205.0,50.0,-64.0,
1649770987413019180,0.727783203125,-0.201965332031,0.378540039062,0.534912109375,5836.0,3267.0,-1678.0,224.0,40.0,-71.0,
1649770987423466205,0.752075195312,-0.172485351562,0.384155273438,0.506958007812,6009.0,2342.0,-608.0,263.0,12.0,-87.0,
1649770987427836894,0.760864257812,-0.162292480469,0.385009765625,0.496398925781,6009.0,2064.0,-319.0,272.0,1.0,-91.0,
1649770987431400299,0.769897460938,-0.152099609375,0.38525390625,0.485412597656,5950.0,1817.0,-36.0,279.0,-9.0,-93.0,
1649770987438957929,0.7880859375,-0.131652832031,0.384033203125,0.462646484375,5659.0,1410.0,456.0,283.0,-26.0,-99.0,
1649770987444492816,0.797058105469,-0.121276855469,0.382629394531,0.451110839844,5448.0,1273.0,659.0,283.0,-31.0,-102.0,
1649770987453005790,0.805725097656,-0.110717773438,0.380920410156,0.439697265625,5235.0,1196.0,816.0,280.0,-32.0,-106.0,
