1648738519090918302,0.133239746094,-0.710632324219,-0.0731811523438,-0.68701171875,-8435.0,-764.0,-961.0,6.0,-3.0,0.0,
1648738519096043109,0.1328125,-0.710876464844,-0.0728149414062,-0.686889648438,-8340.0,-807.0,-1105.0,9.0,0.0,2.0,
1648738519099955081,0.132141113281,-0.711242675781,-0.0723266601562,-0.686645507812,-8183.0,-865.0,-1214.0,13.0,1.0,5.0,
1648738519134705066,0.131286621094,-0.711547851562,-0.0718383789062,-0.686584472656,-8054.0,-895.0,-1355.0,15.0,-2.0,7.0,
1648738519138020753,0.130493164062,-0.711608886719,-0.0714111328125,-0.686706542969,-7981.0,-894.0,-1534.0,14.0,-8.0,6.0,
1648738519138697624,0.129577636719,-0.711547851562,-0.0709838867188,-0.686950683594,-7890.0,-900.0,-1647.0,16.0,-13.0,6.0,
1648738519139268159,0.12841796875,-0.71142578125,-0.070556640625,-0.687377929688,-7813.0,-942.0,-1618.0,18.0,-15.0,8.0,
1648738519139754295,0.12744140625,-0.7109375,-0.0702514648438,-0.688110351562,-7931.0,-961.0,-1535.0,16.0,-19.0,8.0,
1648738519140204906,0.126770019531,-0.710205078125,-0.06982421875,-0.689025878906,-8240.0,-980.0,-1383.0,13.0,-22.0,2.0,
1648738519141111135,0.126403808594,-0.709655761719,-0.0692138671875,-0.689697265625,-8512.0,-1035.0,-1218.0,11.0,-14.0,-4.0,
1648738519141636133,0.126281738281,-0.709533691406,-0.0684814453125,-0.68994140625,-8642.0,-1076.0,-1071.0,10.0,-4.0,-5.0,
1648738519145898342,0.126281738281,-0.709594726562,-0.06787109375,-0.689880371094,-8567.0,-1048.0,-911.0,7.0,3.0,-5.0,
1648738519150244712,0.126159667969,-0.709838867188,-0.0673828125,-0.689758300781,-8368.0,-986.0,-726.0,6.0,5.0,-3.0,
1648738519154862403,0.1259765625,-0.7099609375,-0.067138671875,-0.689697265625,-8220.0,-925.0,-546.0,5.0,4.0,0.0,
1648738519159780979,0.125732421875,-0.709838867188,-0.0670776367188,-0.689880371094,-8187.0,-875.0,-416.0,3.0,-1.0,1.0,
1648738519164199352,0.125427246094,-0.709655761719,-0.0670776367188,-0.690063476562,-8184.0,-821.0,-377.0,3.0,-3.0,2.0,
1648738519168797969,0.125,-0.709594726562,-0.0670776367188,-0.690185546875,-8130.0,-754.0,-382.0,4.0,-3.0,3.0,
1648738519174477577,0.124450683594,-0.709594726562,-0.0670166015625,-0.690368652344,-8055.0,-683.0,-451.0,6.0,-4.0,5.0,
1648738519180315732,0.123840332031,-0.709533691406,-0.06689453125,-0.690551757812,-8064.0,-634.0,-475.0,8.0,-6.0,4.0,
1648738519185730457,0.123291015625,-0.709350585938,-0.066650390625,-0.690795898438,-8161.0,-658.0,-457.0,10.0,-7.0,2.0,
1648738519189496278,0.122863769531,-0.709228515625,-0.0662231445312,-0.691101074219,-8299.0,-745.0,-412.0,10.0,-5.0,0.0,
1648738519193918704,0.12255859375,-0.709045410156,-0.0657958984375,-0.691345214844,-8404.0,-808.0,-378.0,8.0,-4.0,-1.0,
1648738519224638462,0.122375488281,-0.708984375,-0.0654296875,-0.691467285156,-8466.0,-795.0,-337.0,6.0,-2.0,-1.0,
1648738519226251602,0.122131347656,-0.708984375,-0.065185546875,-0.691589355469,-8487.0,-763.0,-303.0,6.0,-1.0,-1.0,
1648738519227395057,0.121826171875,-0.708984375,-0.06494140625,-0.691589355469,-8496.0,-731.0,-269.0,6.0,0.0,0.0,
1648738519228053092,0.121459960938,-0.709045410156,-0.0647583007812,-0.691650390625,-8473.0,-723.0,-236.0,6.0,1.0,1.0,
1648738519228527069,0.121154785156,-0.709106445312,-0.0645751953125,-0.691650390625,-8418.0,-720.0,-223.0,5.0,0.0,2.0,
1648738519228925228,0.120788574219,-0.709106445312,-0.0645141601562,-0.691711425781,-8346.0,-720.0,-238.0,5.0,-1.0,3.0,
1648738519231466293,0.120483398438,-0.709106445312,-0.0643920898438,-0.691772460938,-8265.0,-733.0,-245.0,4.0,-2.0,2.0,
1648738519236994981,0.120239257812,-0.709045410156,-0.0643310546875,-0.691955566406,-8217.0,-748.0,-260.0,3.0,-3.0,2.0,
1648738519240346431,0.1201171875,-0.708862304688,-0.0642700195312,-0.692077636719,-8243.0,-754.0,-313.0,2.0,-4.0,1.0,
1648738519245620489,0.120056152344,-0.708801269531,-0.064208984375,-0.692260742188,-8296.0,-747.0,-346.0,1.0,-4.0,0.0,
1648738519249312400,0.120056152344,-0.708740234375,-0.0641479492188,-0.692260742188,-8297.0,-730.0,-369.0,1.0,-2.0,-1.0,
1648738519254032373,0.119995117188,-0.708740234375,-0.0640258789062,-0.692260742188,-8278.0,-705.0,-398.0,1.0,-1.0,-1.0,
1648738519257095575,0.119995117188,-0.708801269531,-0.0638427734375,-0.692260742188,-8287.0,-689.0,-415.0,2.0,-1.0,-2.0,
1648738519265269994,0.119934082031,-0.708862304688,-0.0636596679688,-0.692199707031,-8288.0,-701.0,-411.0,3.0,0.0,-2.0,
1648738519269997119,0.119750976562,-0.708984375,-0.0634155273438,-0.692138671875,-8237.0,-718.0,-406.0,4.0,2.0,-1.0,
1648738519274458885,0.119567871094,-0.709106445312,-0.063232421875,-0.692077636719,-8173.0,-717.0,-420.0,4.0,2.0,1.0,
1648738519281320333,0.119262695312,-0.709228515625,-0.0630493164062,-0.692016601562,-8125.0,-708.0,-435.0,4.0,0.0,2.0,
1648738519315240144,0.118957519531,-0.709289550781,-0.0629272460938,-0.692016601562,-8104.0,-700.0,-433.0,5.0,-1.0,2.0,
1648738519316283941,0.118713378906,-0.709228515625,-0.062744140625,-0.692138671875,-8122.0,-714.0,-441.0,5.0,-2.0,1.0,
1648738519317058324,0.118408203125,-0.709228515625,-0.0625,-0.692199707031,-8176.0,-737.0,-444.0,6.0,-3.0,0.0,
1648738519317807435,0.118225097656,-0.709167480469,-0.0621337890625,-0.692321777344,-8212.0,-756.0,-422.0,6.0,-2.0,-1.0,
1648738519318506479,0.117980957031,-0.709167480469,-0.0618286132812,-0.692443847656,-8227.0,-747.0,-430.0,6.0,-1.0,-1.0,
1648738519319971084,0.117736816406,-0.709167480469,-0.0615234375,-0.692504882812,-8250.0,-734.0,-425.0,6.0,-2.0,-1.0,
1648738519320767164,0.117553710938,-0.709106445312,-0.0611572265625,-0.692565917969,-8271.0,-722.0,-410.0,6.0,-2.0,-2.0,
1648738519321557283,0.117248535156,-0.709106445312,-0.0607299804688,-0.692687988281,-8256.0,-733.0,-391.0,7.0,-1.0,-2.0,
1648738519324566125,0.117004394531,-0.709106445312,-0.060302734375,-0.692749023438,-8228.0,-745.0,-390.0,8.0,-2.0,-2.0,
1648738519328773021,0.116760253906,-0.709045410156,-0.0599365234375,-0.692932128906,-8219.0,-764.0,-389.0,7.0,-3.0,-2.0,
1648738519332424163,0.116516113281,-0.708984375,-0.0595092773438,-0.693054199219,-8220.0,-778.0,-396.0,7.0,-3.0,-2.0,
1648738519340449571,0.116271972656,-0.708923339844,-0.0591430664062,-0.693176269531,-8223.0,-795.0,-404.0,6.0,-3.0,-2.0,
1648738519345019578,0.116088867188,-0.708862304688,-0.0587768554688,-0.693298339844,-8239.0,-802.0,-420.0,6.0,-3.0,-2.0,
1648738519351973295,0.115966796875,-0.708801269531,-0.0584106445312,-0.693420410156,-8266.0,-800.0,-443.0,6.0,-3.0,-3.0,
1648738519354130744,0.115844726562,-0.708740234375,-0.0579833984375,-0.693542480469,-8318.0,-801.0,-458.0,6.0,-3.0,-3.0,
1648738519357212305,0.11572265625,-0.708740234375,-0.0574951171875,-0.693603515625,-8369.0,-804.0,-466.0,6.0,-2.0,-4.0,
1648738519364902734,0.115539550781,-0.708740234375,-0.0570068359375,-0.693664550781,-8400.0,-807.0,-458.0,7.0,-1.0,-4.0,
1648738519369304895,0.115417480469,-0.708801269531,-0.0564575195312,-0.693725585938,-8404.0,-813.0,-445.0,8.0,0.0,-4.0,
1648738519410643815,0.115173339844,-0.708862304688,-0.055908203125,-0.693664550781,-8372.0,-823.0,-447.0,9.0,1.0,-3.0,
1648738519411943674,0.114868164062,-0.708984375,-0.0553588867188,-0.693664550781,-8294.0,-832.0,-438.0,10.0,2.0,-2.0,
1648738519412550210,0.114501953125,-0.709106445312,-0.0548095703125,-0.693664550781,-8207.0,-842.0,-435.0,10.0,1.0,-1.0,
1648738519413532495,0.114135742188,-0.709106445312,-0.0543212890625,-0.693725585938,-8154.0,-859.0,-445.0,10.0,-2.0,-1.0,
1648738519414056539,0.11376953125,-0.709045410156,-0.0538330078125,-0.693908691406,-8135.0,-880.0,-454.0,9.0,-3.0,-1.0,
1648738519414506673,0.113464355469,-0.708984375,-0.053466796875,-0.694091796875,-8148.0,-899.0,-455.0,8.0,-4.0,-1.0,
1648738519415086030,0.113220214844,-0.708862304688,-0.0531005859375,-0.694274902344,-8179.0,-903.0,-462.0,7.0,-4.0,-1.0,
1648738519415961503,0.112976074219,-0.708740234375,-0.052734375,-0.694396972656,-8224.0,-902.0,-470.0,7.0,-4.0,-1.0,
1648738519417934179,0.112731933594,-0.708679199219,-0.0524291992188,-0.694519042969,-8262.0,-907.0,-476.0,7.0,-3.0,-1.0,
1648738519422717094,0.112487792969,-0.708679199219,-0.0520629882812,-0.694641113281,-8312.0,-907.0,-479.0,6.0,-2.0,-1.0,
1648738519427198171,0.112243652344,-0.708679199219,-0.0516967773438,-0.694702148438,-8377.0,-906.0,-491.0,6.0,-2.0,-1.0,
1648738519431800127,0.112060546875,-0.708679199219,-0.0513916015625,-0.694702148438,-8399.0,-894.0,-485.0,6.0,-1.0,-1.0,
1648738519436536788,0.111755371094,-0.708801269531,-0.0510864257812,-0.694702148438,-8396.0,-881.0,-471.0,7.0,0.0,0.0,
1648738519441666364,0.111450195312,-0.708923339844,-0.0507202148438,-0.694641113281,-8383.0,-876.0,-473.0,7.0,1.0,0.0,
1648738519445640563,0.111145019531,-0.708984375,-0.0503540039062,-0.694641113281,-8363.0,-879.0,-463.0,7.0,1.0,0.0,
1648738519451050281,0.11083984375,-0.709106445312,-0.050048828125,-0.694580078125,-8339.0,-882.0,-462.0,7.0,1.0,0.0,
1648738519454928636,0.110473632812,-0.709228515625,-0.0496826171875,-0.694580078125,-8311.0,-879.0,-474.0,7.0,0.0,0.0,
1648738519459025382,0.110168457031,-0.709289550781,-0.04931640625,-0.694580078125,-8295.0,-888.0,-476.0,7.0,0.0,0.0,
1648738519463771104,0.109985351562,-0.709289550781,-0.0489501953125,-0.694580078125,-8301.0,-898.0,-475.0,7.0,-1.0,-1.0,
1648738519498817443,0.109741210938,-0.709289550781,-0.048583984375,-0.694641113281,-8311.0,-904.0,-471.0,6.0,-1.0,-2.0,
1648738519499233245,0.109619140625,-0.709289550781,-0.0482788085938,-0.694702148438,-8317.0,-910.0,-474.0,5.0,-2.0,-2.0,
1648738519499610662,0.109497070312,-0.709289550781,-0.0479125976562,-0.694763183594,-8294.0,-913.0,-466.0,5.0,-1.0,-2.0,
1648738519499964237,0.109375,-0.709350585938,-0.047607421875,-0.694763183594,-8273.0,-933.0,-417.0,5.0,-1.0,-2.0,
1648738519500335216,0.109313964844,-0.709350585938,-0.0473022460938,-0.694763183594,-8283.0,-967.0,-331.0,3.0,0.0,-2.0,
1648738519500658035,0.109497070312,-0.709289550781,-0.047119140625,-0.69482421875,-8311.0,-969.0,-279.0,0.0,1.0,-3.0,
1648738519502563238,0.109741210938,-0.709289550781,-0.0469970703125,-0.69482421875,-8318.0,-903.0,-287.0,-2.0,1.0,-4.0,
1648738519507371664,0.109924316406,-0.709411621094,-0.0469970703125,-0.694641113281,-8258.0,-811.0,-298.0,-2.0,2.0,-3.0,
1648738519511956691,0.109924316406,-0.709533691406,-0.0469970703125,-0.694519042969,-8145.0,-753.0,-322.0,0.0,3.0,-2.0,
1648738519516479253,0.109802246094,-0.709716796875,-0.0469360351562,-0.694396972656,-8085.0,-751.0,-383.0,1.0,1.0,0.0,
1648738519520843029,0.109741210938,-0.709716796875,-0.0468139648438,-0.6943359375,-8098.0,-770.0,-459.0,2.0,-1.0,-1.0,
1648738519526183128,0.109619140625,-0.709716796875,-0.046630859375,-0.694396972656,-8132.0,-793.0,-561.0,3.0,-3.0,-1.0,
1648738519542032957,0.109497070312,-0.709777832031,-0.0464477539062,-0.6943359375,-8150.0,-794.0,-643.0,4.0,-3.0,0.0,
1648738519542837858,0.109252929688,-0.709838867188,-0.0462646484375,-0.694396972656,-8174.0,-794.0,-714.0,5.0,-3.0,0.0,
1648738519543727874,0.108947753906,-0.709838867188,-0.0459594726562,-0.694396972656,-8217.0,-806.0,-752.0,6.0,-3.0,0.0,
1648738519546729326,0.108703613281,-0.709899902344,-0.045654296875,-0.694396972656,-8272.0,-841.0,-747.0,6.0,-2.0,-1.0,
1648738519549298286,0.108520507812,-0.7099609375,-0.0453491210938,-0.694396972656,-8322.0,-881.0,-727.0,6.0,-1.0,-1.0,
1648738519562554836,0.1083984375,-0.710083007812,-0.0450439453125,-0.6943359375,-8345.0,-896.0,-678.0,5.0,0.0,-1.0,
1648738519563013792,0.108276367188,-0.710144042969,-0.0447387695312,-0.694274902344,-8339.0,-894.0,-621.0,4.0,1.0,-1.0,
1648738519579392671,0.108215332031,-0.710205078125,-0.0445556640625,-0.694213867188,-8332.0,-879.0,-583.0,3.0,1.0,-1.0,
1648738519580019235,0.108154296875,-0.710205078125,-0.04443359375,-0.694274902344,-8343.0,-870.0,-564.0,2.0,-1.0,-1.0,
1648738519580548524,0.108154296875,-0.710144042969,-0.0443115234375,-0.6943359375,-8341.0,-870.0,-565.0,1.0,-2.0,-1.0,
1648738519581210851,0.108093261719,-0.710083007812,-0.044189453125,-0.694396972656,-8335.0,-889.0,-613.0,2.0,-3.0,-1.0,
1648738519594423294,0.108032226562,-0.710021972656,-0.0440063476562,-0.694519042969,-8316.0,-904.0,-676.0,2.0,-5.0,-1.0,
1648738519595033884,0.107849121094,-0.709899902344,-0.0438232421875,-0.694641113281,-8288.0,-927.0,-668.0,4.0,-6.0,0.0,
1648738519601717233,0.107604980469,-0.709594726562,-0.04345703125,-0.695068359375,-8311.0,-1048.0,-539.0,3.0,-5.0,0.0,
1648738519606156110,0.107666015625,-0.709411621094,-0.0433349609375,-0.695190429688,-8336.0,-1084.0,-490.0,0.0,-4.0,-1.0,
1648738519611996173,0.107849121094,-0.709350585938,-0.0433349609375,-0.695251464844,-8300.0,-1058.0,-440.0,-3.0,-2.0,-1.0,
1648738519615100860,0.107971191406,-0.709350585938,-0.04345703125,-0.695251464844,-8214.0,-995.0,-382.0,-3.0,0.0,0.0,
1648738519619652271,0.108032226562,-0.709350585938,-0.0435180664062,-0.695251464844,-8161.0,-957.0,-275.0,-2.0,0.0,0.0,
1648738519624034881,0.108093261719,-0.709228515625,-0.0436401367188,-0.6953125,-8189.0,-969.0,-205.0,-2.0,0.0,0.0,
1648738519628779172,0.108215332031,-0.709167480469,-0.043701171875,-0.695373535156,-8264.0,-1001.0,-155.0,-4.0,-1.0,-1.0,
1648738519632749557,0.108459472656,-0.709167480469,-0.0437622070312,-0.6953125,-8329.0,-1035.0,-47.0,-4.0,1.0,-1.0,
1648738519640439510,0.108764648438,-0.709228515625,-0.0438842773438,-0.695190429688,-8374.0,-1088.0,62.0,-5.0,5.0,-1.0,
1648738519674577951,0.109191894531,-0.709350585938,-0.0440063476562,-0.695007324219,-8432.0,-1094.0,61.0,-8.0,6.0,-2.0,
1648738519675659179,0.109741210938,-0.70947265625,-0.044189453125,-0.694763183594,-8419.0,-980.0,-65.0,-9.0,5.0,-3.0,
1648738519676259279,0.109985351562,-0.709716796875,-0.0443725585938,-0.694519042969,-8239.0,-777.0,-412.0,-5.0,4.0,-2.0,
1648738519677136421,0.109619140625,-0.710083007812,-0.0443725585938,-0.694213867188,-7977.0,-628.0,-677.0,4.0,-1.0,1.0,
1648738519677747964,0.108642578125,-0.710266113281,-0.0440673828125,-0.694152832031,-7848.0,-681.0,-787.0,15.0,-5.0,4.0,
1648738519678463459,0.107788085938,-0.710205078125,-0.04345703125,-0.694396972656,-7986.0,-914.0,-853.0,17.0,-9.0,4.0,
1648738519679093599,0.107421875,-0.709838867188,-0.042724609375,-0.69482421875,-8291.0,-1147.0,-847.0,13.0,-12.0,0.0,
1648738519681173324,0.107482910156,-0.709655761719,-0.0419921875,-0.695129394531,-8456.0,-1262.0,-821.0,7.0,-7.0,-4.0,
1648738519686518669,0.107727050781,-0.709655761719,-0.0415649414062,-0.695068359375,-8426.0,-1220.0,-760.0,2.0,0.0,-4.0,
1648738519692648887,0.10791015625,-0.709838867188,-0.0413818359375,-0.694885253906,-8348.0,-1116.0,-668.0,-1.0,2.0,-4.0,
1648738519697290658,0.108093261719,-0.709838867188,-0.0413208007812,-0.69482421875,-8384.0,-1052.0,-545.0,-2.0,1.0,-4.0,
1648738519702075958,0.108276367188,-0.709838867188,-0.041259765625,-0.69482421875,-8502.0,-1050.0,-440.0,-2.0,1.0,-4.0,
1648738519706574678,0.108581542969,-0.709838867188,-0.0411376953125,-0.694763183594,-8564.0,-1064.0,-344.0,-3.0,2.0,-4.0,
1648738519713131189,0.108764648438,-0.7099609375,-0.0410766601562,-0.694641113281,-8520.0,-1021.0,-284.0,-3.0,4.0,-3.0,
1648738519717007637,0.10888671875,-0.710083007812,-0.0410766601562,-0.694519042969,-8421.0,-925.0,-253.0,-2.0,4.0,-1.0,
1648738519720480918,0.10888671875,-0.710205078125,-0.0411376953125,-0.694396972656,-8331.0,-835.0,-244.0,-1.0,3.0,0.0,
1648738519726339578,0.108703613281,-0.710327148438,-0.041259765625,-0.694274902344,-8262.0,-788.0,-255.0,0.0,2.0,1.0,
1648738519729643821,0.108459472656,-0.71044921875,-0.041259765625,-0.694152832031,-8206.0,-790.0,-274.0,2.0,2.0,2.0,
1648738519736149072,0.108154296875,-0.710571289062,-0.0411376953125,-0.694091796875,-8145.0,-797.0,-306.0,4.0,2.0,3.0,
1648738519739521503,0.107788085938,-0.710693359375,-0.0410766601562,-0.694030761719,-8109.0,-789.0,-342.0,5.0,1.0,3.0,
1648738519742398262,0.107421875,-0.710754394531,-0.0409545898438,-0.694030761719,-8105.0,-774.0,-352.0,5.0,0.0,3.0,
1648738519750194549,0.107116699219,-0.710815429688,-0.0408325195312,-0.694030761719,-8129.0,-753.0,-378.0,5.0,-1.0,2.0,
1648738519755583524,0.106811523438,-0.710876464844,-0.0407104492188,-0.694030761719,-8152.0,-743.0,-401.0,5.0,-1.0,1.0,
1648738519783372879,0.106506347656,-0.7109375,-0.04052734375,-0.694030761719,-8162.0,-754.0,-421.0,5.0,-1.0,1.0,
1648738519784240484,0.106201171875,-0.7109375,-0.0403442382812,-0.694030761719,-8162.0,-778.0,-439.0,5.0,-1.0,1.0,
1648738519784924983,0.10595703125,-0.710998535156,-0.0401000976562,-0.694091796875,-8172.0,-807.0,-449.0,5.0,-2.0,0.0,
1648738519785550594,0.105773925781,-0.7109375,-0.0399169921875,-0.694152832031,-8196.0,-824.0,-449.0,4.0,-2.0,0.0,
1648738519786588668,0.105712890625,-0.710876464844,-0.039794921875,-0.694213867188,-8223.0,-834.0,-432.0,2.0,-2.0,0.0,
1648738519790795803,0.105712890625,-0.710876464844,-0.0397338867188,-0.694274902344,-8239.0,-827.0,-403.0,1.0,-2.0,-1.0,
1648738519793458938,0.105773925781,-0.710815429688,-0.0396728515625,-0.6943359375,-8249.0,-818.0,-357.0,-1.0,-2.0,-2.0,
1648738519894147634,0.105895996094,-0.710693359375,-0.0396728515625,-0.694396972656,-8255.0,-810.0,-298.0,-1.0,-1.0,-2.0,
1648738519896308183,0.106018066406,-0.710632324219,-0.0396118164062,-0.694458007812,-8264.0,-794.0,-237.0,-1.0,-1.0,-3.0,
1648738519897018909,0.106140136719,-0.710510253906,-0.03955078125,-0.694519042969,-8305.0,-781.0,-186.0,-1.0,-1.0,-3.0,
1648738519898694515,0.106262207031,-0.71044921875,-0.0394897460938,-0.694641113281,-8356.0,-763.0,-141.0,-1.0,-1.0,-3.0,
1648738519898944616,0.106384277344,-0.710388183594,-0.0393676757812,-0.694641113281,-8389.0,-739.0,-102.0,-1.0,0.0,-4.0,
1648738519899817466,0.1064453125,-0.710388183594,-0.0392456054688,-0.694702148438,-8396.0,-728.0,-71.0,0.0,1.0,-3.0,
1648738519955781698,0.1064453125,-0.710388183594,-0.0390625,-0.694702148438,-8362.0,-732.0,-40.0,1.0,1.0,-3.0,
1648738520032608032,0.1064453125,-0.710327148438,-0.0388793945312,-0.694763183594,-8300.0,-754.0,-23.0,2.0,0.0,-3.0,
1648738520033414125,0.106384277344,-0.710266113281,-0.0386962890625,-0.69482421875,-8244.0,-776.0,-15.0,2.0,0.0,-2.0,
1648738520034091711,0.106323242188,-0.710205078125,-0.0385131835938,-0.694946289062,-8205.0,-794.0,-15.0,2.0,-1.0,-1.0,
1648738520036019086,0.106262207031,-0.710083007812,-0.0383911132812,-0.695068359375,-8188.0,-801.0,-29.0,2.0,-2.0,-1.0,
1648738520036676645,0.106201171875,-0.7099609375,-0.038330078125,-0.695190429688,-8176.0,-814.0,-59.0,2.0,-2.0,-1.0,
1648738520039898633,0.106140136719,-0.709899902344,-0.0382080078125,-0.695251464844,-8159.0,-829.0,-76.0,1.0,-2.0,-1.0,
1648738520040667057,0.106140136719,-0.709777832031,-0.0380859375,-0.695373535156,-8157.0,-845.0,-97.0,1.0,-3.0,-1.0,
1648738520042119026,0.106140136719,-0.709655761719,-0.0379638671875,-0.695495605469,-8173.0,-855.0,-130.0,1.0,-3.0,-2.0,
1648738520042502403,0.106140136719,-0.709594726562,-0.037841796875,-0.695617675781,-8198.0,-861.0,-154.0,1.0,-3.0,-2.0,
1648738520043932914,0.106140136719,-0.70947265625,-0.0377197265625,-0.695678710938,-8235.0,-863.0,-187.0,1.0,-2.0,-2.0,
1648738520044416427,0.106079101562,-0.70947265625,-0.0375366210938,-0.695739746094,-8281.0,-859.0,-224.0,2.0,-2.0,-2.0,
1648738520044761896,0.106079101562,-0.70947265625,-0.037353515625,-0.69580078125,-8316.0,-856.0,-262.0,2.0,-1.0,-2.0,
1648738520047008991,0.10595703125,-0.70947265625,-0.0371704101562,-0.69580078125,-8338.0,-856.0,-292.0,3.0,-1.0,-2.0,
1648738520047676324,0.105895996094,-0.70947265625,-0.0369262695312,-0.695861816406,-8339.0,-862.0,-324.0,3.0,-1.0,-2.0,
1648738520048264503,0.105712890625,-0.70947265625,-0.0366821289062,-0.695861816406,-8323.0,-866.0,-354.0,4.0,-1.0,-1.0,
1648738520049036741,0.105529785156,-0.70947265625,-0.0364379882812,-0.695861816406,-8296.0,-884.0,-396.0,5.0,-1.0,-1.0,
1648738520081505060,0.105346679688,-0.709533691406,-0.0361328125,-0.695922851562,-8284.0,-902.0,-435.0,5.0,-2.0,0.0,
1648738520082680940,0.105102539062,-0.709533691406,-0.0358276367188,-0.695922851562,-8293.0,-930.0,-472.0,6.0,-2.0,0.0,
1648738520083244562,0.104858398438,-0.709533691406,-0.0355224609375,-0.695983886719,-8313.0,-960.0,-502.0,6.0,-2.0,0.0,
1648738520083745956,0.104614257812,-0.709533691406,-0.03515625,-0.696044921875,-8338.0,-981.0,-545.0,6.0,-2.0,-1.0,
1648738520084337472,0.103210449219,-0.710205078125,-0.0331420898438,-0.695678710938,-8239.0,-1128.0,-766.0,3.0,0.0,1.0,
1648738520084769248,0.103088378906,-0.710327148438,-0.0330200195312,-0.695556640625,-8202.0,-1133.0,-793.0,2.0,-1.0,1.0,
1648738520085355043,0.102111816406,-0.712341308594,-0.0321655273438,-0.693664550781,-8376.0,-1166.0,-917.0,6.0,-1.0,0.0,
1648738520086138963,0.102233886719,-0.712463378906,-0.0319213867188,-0.693542480469,-8457.0,-1175.0,-796.0,1.0,3.0,-2.0,
1648738520086628198,0.1025390625,-0.712646484375,-0.0317993164062,-0.693298339844,-8462.0,-1098.0,-681.0,-3.0,6.0,-3.0,
1648738520087168216,0.102722167969,-0.712890625,-0.0318603515625,-0.693054199219,-8425.0,-989.0,-588.0,-4.0,7.0,-3.0,
1648738520087649822,0.102844238281,-0.713134765625,-0.0319213867188,-0.692749023438,-8377.0,-896.0,-565.0,-3.0,6.0,-2.0,
1648738520088099002,0.102844238281,-0.713317871094,-0.031982421875,-0.692626953125,-8308.0,-832.0,-581.0,-1.0,3.0,-1.0,
1648738520088652372,0.102600097656,-0.71337890625,-0.0319213867188,-0.692565917969,-8225.0,-817.0,-601.0,2.0,0.0,1.0,
1648738520089196681,0.102294921875,-0.71337890625,-0.0317993164062,-0.692626953125,-8201.0,-851.0,-566.0,5.0,-3.0,2.0,
1648738520089766979,0.10205078125,-0.713195800781,-0.0316772460938,-0.692810058594,-8274.0,-922.0,-482.0,4.0,-5.0,1.0,
1648738520090286254,0.10205078125,-0.713012695312,-0.031494140625,-0.693054199219,-8372.0,-989.0,-420.0,1.0,-4.0,-1.0,
1648738520090965747,0.102172851562,-0.712951660156,-0.0314331054688,-0.693054199219,-8396.0,-1015.0,-379.0,-1.0,0.0,-2.0,
1648738520091374397,0.102294921875,-0.713073730469,-0.0313720703125,-0.692932128906,-8303.0,-1018.0,-339.0,-2.0,4.0,-1.0,
1648738520098772525,0.102294921875,-0.713317871094,-0.0313720703125,-0.692687988281,-8177.0,-1013.0,-370.0,-1.0,5.0,1.0,
1648738520100594997,0.102233886719,-0.713439941406,-0.0314331054688,-0.692565917969,-8043.0,-941.0,-613.0,0.0,2.0,2.0,
1648738520105021715,0.101867675781,-0.713500976562,-0.0314331054688,-0.692565917969,-7887.0,-831.0,-876.0,5.0,-7.0,3.0,
1648738520109771728,0.100891113281,-0.713500976562,-0.0311889648438,-0.692687988281,-7758.0,-844.0,-990.0,14.0,-10.0,7.0,
1648738520115581035,0.0997314453125,-0.71337890625,-0.0307006835938,-0.693054199219,-7788.0,-1047.0,-981.0,20.0,-11.0,8.0,
1648738520119723796,0.0989990234375,-0.712951660156,-0.0299682617188,-0.693603515625,-8024.0,-1247.0,-974.0,16.0,-13.0,4.0,
1648738520131768465,0.0988159179688,-0.712585449219,-0.029296875,-0.694030761719,-8230.0,-1278.0,-971.0,10.0,-12.0,-1.0,
1648738520154447317,0.0986938476562,-0.712524414062,-0.0287475585938,-0.694091796875,-8162.0,-1139.0,-952.0,8.0,-3.0,-3.0,
1648738520158814907,0.0982666015625,-0.712768554688,-0.0283813476562,-0.693969726562,-7957.0,-1007.0,-879.0,9.0,2.0,-1.0,
1648738520159307956,0.0977783203125,-0.712829589844,-0.0280151367188,-0.693969726562,-7891.0,-994.0,-751.0,9.0,0.0,0.0,
1648738520159708976,0.0975952148438,-0.712646484375,-0.0276489257812,-0.694213867188,-8055.0,-1103.0,-626.0,7.0,-5.0,-2.0,
1648738520160087108,0.0977172851562,-0.712341308594,-0.0272216796875,-0.694519042969,-8308.0,-1221.0,-510.0,2.0,-5.0,-4.0,
1648738520160707473,0.0980834960938,-0.712158203125,-0.0269775390625,-0.694702148438,-8463.0,-1245.0,-419.0,-2.0,-2.0,-5.0,
1648738520161047697,0.0985107421875,-0.712097167969,-0.0269165039062,-0.694641113281,-8503.0,-1176.0,-334.0,-4.0,1.0,-4.0,
1648738520164244413,0.0988159179688,-0.712158203125,-0.0269165039062,-0.694519042969,-8501.0,-1070.0,-278.0,-5.0,3.0,-4.0,
1648738520168649911,0.0989990234375,-0.712280273438,-0.0269165039062,-0.694396972656,-8511.0,-983.0,-260.0,-3.0,3.0,-4.0,
1648738520172170639,0.09912109375,-0.71240234375,-0.02685546875,-0.694274902344,-8483.0,-922.0,-281.0,-1.0,4.0,-3.0,
1648738520232207298,0.0989990234375,-0.712646484375,-0.0267333984375,-0.694030761719,-8424.0,-892.0,-295.0,2.0,4.0,-1.0,
1648738520232795476,0.0988159179688,-0.712768554688,-0.0265502929688,-0.693969726562,-8365.0,-893.0,-318.0,4.0,2.0,0.0,
1648738520233435630,0.0985717773438,-0.712829589844,-0.0263061523438,-0.693908691406,-8350.0,-925.0,-349.0,5.0,0.0,0.0,
1648738520234074831,0.098388671875,-0.712829589844,-0.0260620117188,-0.693969726562,-8372.0,-965.0,-369.0,4.0,-2.0,0.0,
1648738520234867095,0.0982666015625,-0.712768554688,-0.0259399414062,-0.694030761719,-8406.0,-995.0,-366.0,3.0,-2.0,0.0,
1648738520235576629,0.09814453125,-0.712768554688,-0.0258178710938,-0.694091796875,-8453.0,-1008.0,-331.0,2.0,-1.0,0.0,
1648738520236295938,0.0980834960938,-0.712768554688,-0.0256958007812,-0.694091796875,-8495.0,-992.0,-256.0,1.0,1.0,0.0,
1648738520236977100,0.0980224609375,-0.712890625,-0.0256958007812,-0.693969726562,-8535.0,-957.0,-197.0,0.0,3.0,0.0,
1648738520237641572,0.0980224609375,-0.713073730469,-0.0256958007812,-0.693786621094,-8542.0,-918.0,-131.0,-2.0,6.0,0.0,
1648738520238292694,0.0980834960938,-0.71337890625,-0.0257568359375,-0.693481445312,-8500.0,-880.0,-65.0,-2.0,8.0,-1.0,
1648738520239154100,0.09814453125,-0.713684082031,-0.0258178710938,-0.693115234375,-8407.0,-852.0,2.0,-3.0,10.0,0.0,
1648738520239959478,0.0982666015625,-0.713989257812,-0.0259399414062,-0.692810058594,-8308.0,-838.0,66.0,-4.0,9.0,0.0,
1648738520240552902,0.0984497070312,-0.714233398438,-0.0260620117188,-0.692504882812,-8237.0,-824.0,120.0,-4.0,8.0,-1.0,
1648738520248469591,0.0986328125,-0.714416503906,-0.0261840820312,-0.692321777344,-8187.0,-791.0,157.0,-5.0,7.0,-1.0,
1648738520305182218,0.0988159179688,-0.714538574219,-0.0263671875,-0.692138671875,-8163.0,-753.0,174.0,-5.0,6.0,-1.0,
1648738520309401750,0.0989990234375,-0.714660644531,-0.0264892578125,-0.691955566406,-8146.0,-739.0,174.0,-4.0,5.0,-2.0,
1648738520314666509,0.0991821289062,-0.714782714844,-0.0265502929688,-0.691833496094,-8130.0,-747.0,180.0,-4.0,4.0,-2.0,
1648738520315078973,0.0993041992188,-0.71484375,-0.026611328125,-0.691772460938,-8130.0,-767.0,157.0,-3.0,3.0,-2.0,
1648738520315663814,0.0994873046875,-0.71484375,-0.026611328125,-0.691711425781,-8147.0,-785.0,113.0,-3.0,2.0,-2.0,
1648738520316492080,0.099609375,-0.71484375,-0.026611328125,-0.691711425781,-8152.0,-799.0,74.0,-2.0,1.0,-2.0,
1648738520316871404,0.0996704101562,-0.71484375,-0.0265502929688,-0.691711425781,-8144.0,-838.0,24.0,0.0,0.0,-1.0,
1648738520317356348,0.0996704101562,-0.714782714844,-0.0264892578125,-0.691772460938,-8152.0,-890.0,-31.0,0.0,-1.0,0.0,
1648738520317890405,0.099609375,-0.714721679688,-0.0264282226562,-0.691833496094,-8179.0,-941.0,-102.0,0.0,-2.0,0.0,
1648738520318413019,0.099609375,-0.714599609375,-0.0263671875,-0.691955566406,-8211.0,-985.0,-176.0,1.0,-4.0,0.0,
1648738520325304269,0.0995483398438,-0.714477539062,-0.0263061523438,-0.692077636719,-8234.0,-997.0,-252.0,1.0,-4.0,0.0,
1648738520350222110,0.0994873046875,-0.71435546875,-0.0261840820312,-0.692260742188,-8255.0,-993.0,-312.0,2.0,-5.0,0.0,
1648738520353733301,0.099365234375,-0.714233398438,-0.0260620117188,-0.6923828125,-8270.0,-980.0,-377.0,3.0,-4.0,-1.0,
1648738520408671855,0.0991821289062,-0.714172363281,-0.0258178710938,-0.692504882812,-8282.0,-984.0,-442.0,5.0,-4.0,-1.0,
1648738520409942865,0.0989990234375,-0.714172363281,-0.0255126953125,-0.692565917969,-8281.0,-1010.0,-495.0,6.0,-3.0,-1.0,
1648738520410260438,0.0986938476562,-0.714111328125,-0.0250854492188,-0.692626953125,-8264.0,-1042.0,-541.0,8.0,-3.0,-1.0,
1648738520410623073,0.0984497070312,-0.714111328125,-0.024658203125,-0.692687988281,-8234.0,-1071.0,-571.0,8.0,-3.0,-1.0,
1648738520410867691,0.09814453125,-0.714050292969,-0.024169921875,-0.69287109375,-8197.0,-1090.0,-597.0,9.0,-4.0,-1.0,
1648738520411409378,0.0978393554688,-0.7138671875,-0.023681640625,-0.693054199219,-8176.0,-1084.0,-606.0,8.0,-5.0,-1.0,
1648738520412789344,0.0975341796875,-0.713745117188,-0.0232543945312,-0.693237304688,-8177.0,-1060.0,-600.0,8.0,-6.0,-1.0,
1648738520413151979,0.0972290039062,-0.713562011719,-0.0228881835938,-0.693481445312,-8198.0,-1044.0,-585.0,9.0,-5.0,-1.0,
1648738520413813352,0.0968627929688,-0.713439941406,-0.0223999023438,-0.693664550781,-8213.0,-1040.0,-561.0,9.0,-4.0,-1.0,
1648738520414431810,0.096435546875,-0.71337890625,-0.02197265625,-0.693786621094,-8216.0,-1059.0,-533.0,10.0,-3.0,-1.0,
1648738520414844751,0.0961303710938,-0.713317871094,-0.021484375,-0.693908691406,-8201.0,-1086.0,-516.0,9.0,-2.0,-1.0,
1648738520415360689,0.0958251953125,-0.713256835938,-0.0210571289062,-0.694030761719,-8187.0,-1106.0,-499.0,8.0,-2.0,-1.0,
1648738520415788173,0.0955810546875,-0.713195800781,-0.0206909179688,-0.694152832031,-8174.0,-1104.0,-480.0,6.0,-3.0,-1.0,
1648738520416231632,0.0953979492188,-0.713073730469,-0.0203857421875,-0.6943359375,-8171.0,-1097.0,-455.0,5.0,-3.0,-1.0,
1648738520416744947,0.0952758789062,-0.712951660156,-0.0201416015625,-0.694458007812,-8180.0,-1088.0,-439.0,4.0,-3.0,-1.0,
1648738520417178869,0.0951538085938,-0.712890625,-0.02001953125,-0.694580078125,-8187.0,-1084.0,-421.0,3.0,-3.0,-1.0,
1648738520417954206,0.0950927734375,-0.712768554688,-0.0198364257812,-0.694641113281,-8199.0,-1083.0,-397.0,2.0,-2.0,-1.0,
1648738520418644666,0.0950317382812,-0.712707519531,-0.0197143554688,-0.694763183594,-8209.0,-1082.0,-381.0,2.0,-2.0,-1.0,
1648738520419036865,0.0950317382812,-0.712707519531,-0.01953125,-0.694763183594,-8213.0,-1084.0,-369.0,1.0,-1.0,-1.0,
1648738520419361352,0.0950317382812,-0.712646484375,-0.0194091796875,-0.69482421875,-8221.0,-1084.0,-366.0,1.0,-1.0,-1.0,
1648738520419808626,0.0950927734375,-0.712646484375,-0.0193481445312,-0.694885253906,-8235.0,-1072.0,-374.0,0.0,-2.0,-1.0,
1648738520422093391,0.0951538085938,-0.712585449219,-0.0192260742188,-0.694946289062,-8259.0,-1065.0,-386.0,0.0,-2.0,-2.0,
1648738520427046537,0.09521484375,-0.712463378906,-0.0191040039062,-0.695007324219,-8284.0,-1067.0,-415.0,0.0,-2.0,-2.0,
1648738520431301593,0.0952758789062,-0.712463378906,-0.0189819335938,-0.695007324219,-8309.0,-1076.0,-452.0,1.0,-3.0,-3.0,
1648738520435816764,0.0953979492188,-0.71240234375,-0.018798828125,-0.695068359375,-8326.0,-1094.0,-499.0,1.0,-2.0,-3.0,
1648738520440315961,0.095458984375,-0.71240234375,-0.0185546875,-0.695068359375,-8337.0,-1103.0,-552.0,1.0,-2.0,-3.0,
1648738520444696903,0.095458984375,-0.71240234375,-0.0183715820312,-0.695068359375,-8336.0,-1110.0,-623.0,2.0,-2.0,-2.0,
1648738520449116945,0.095458984375,-0.712463378906,-0.0181274414062,-0.695007324219,-8325.0,-1113.0,-689.0,2.0,-2.0,-2.0,
1648738520453600406,0.0953979492188,-0.712524414062,-0.0178833007812,-0.695007324219,-8309.0,-1119.0,-762.0,3.0,-2.0,-2.0,
1648738520485728025,0.0953369140625,-0.712585449219,-0.0176391601562,-0.694946289062,-8293.0,-1117.0,-828.0,4.0,-2.0,-1.0,
1648738520486453771,0.09521484375,-0.712646484375,-0.0173950195312,-0.694885253906,-8280.0,-1116.0,-877.0,4.0,-2.0,-1.0,
1648738520487491369,0.0950317382812,-0.712768554688,-0.01708984375,-0.694763183594,-8274.0,-1110.0,-905.0,5.0,-1.0,0.0,
1648738520488313913,0.0948486328125,-0.712890625,-0.016845703125,-0.694702148438,-8277.0,-1138.0,-825.0,5.0,-1.0,0.0,
1648738520489262104,0.0947265625,-0.713012695312,-0.0166625976562,-0.694580078125,-8305.0,-1199.0,-658.0,3.0,2.0,0.0,
1648738520490068435,0.0948486328125,-0.713134765625,-0.0164794921875,-0.694458007812,-8323.0,-1217.0,-591.0,-1.0,4.0,-1.0,
1648738520490658044,0.0952758789062,-0.713256835938,-0.0165405273438,-0.694274902344,-8309.0,-1119.0,-601.0,-5.0,4.0,-3.0,
1648738520494559288,0.095458984375,-0.713500976562,-0.0166625976562,-0.693969726562,-8198.0,-983.0,-648.0,-5.0,5.0,-2.0,
1648738520499056100,0.0953369140625,-0.7138671875,-0.016845703125,-0.693664550781,-8083.0,-905.0,-739.0,-2.0,4.0,1.0,
1648738520503870725,0.0950927734375,-0.713989257812,-0.0169677734375,-0.693481445312,-8063.0,-904.0,-874.0,1.0,-1.0,3.0,
1648738520517901897,0.0944213867188,-0.714111328125,-0.0167236328125,-0.693481445312,-8124.0,-981.0,-1160.0,7.0,-6.0,3.0,
1648738520521860361,0.0938720703125,-0.714172363281,-0.0164794921875,-0.693481445312,-8110.0,-1003.0,-1278.0,9.0,-5.0,4.0,
1648738520527284145,0.0933227539062,-0.714294433594,-0.0162353515625,-0.693481445312,-8118.0,-998.0,-1312.0,10.0,-6.0,4.0,
1648738520531327962,0.0927734375,-0.71435546875,-0.015869140625,-0.693481445312,-8167.0,-1029.0,-1232.0,10.0,-4.0,2.0,
1648738520535990953,0.0924072265625,-0.71435546875,-0.0155029296875,-0.693542480469,-8248.0,-1104.0,-1108.0,8.0,-2.0,1.0,
1648738520540720701,0.0923461914062,-0.71435546875,-0.01513671875,-0.693542480469,-8353.0,-1167.0,-987.0,4.0,-1.0,-2.0,
1648738520567753076,0.092529296875,-0.71435546875,-0.014892578125,-0.693542480469,-8402.0,-1163.0,-886.0,1.0,1.0,-3.0,
1648738520568353176,0.0926513671875,-0.714477539062,-0.0148315429688,-0.693420410156,-8405.0,-1113.0,-813.0,-1.0,2.0,-2.0,
1648738520568822860,0.0927124023438,-0.714538574219,-0.014892578125,-0.693298339844,-8409.0,-1058.0,-757.0,-2.0,1.0,-1.0,
1648738520569496631,0.0926513671875,-0.714599609375,-0.014892578125,-0.693237304688,-8416.0,-1037.0,-701.0,0.0,0.0,0.0,
1648738520569962263,0.0925903320312,-0.714660644531,-0.014892578125,-0.693237304688,-8416.0,-1043.0,-664.0,0.0,0.0,1.0,
1648738520570528984,0.0924682617188,-0.714721679688,-0.014892578125,-0.693176269531,-8384.0,-1049.0,-659.0,1.0,0.0,2.0,
1648738520621133327,0.09228515625,-0.714782714844,-0.014892578125,-0.693115234375,-8310.0,-1050.0,-662.0,2.0,0.0,2.0,
1648738520622642517,0.092041015625,-0.714904785156,-0.0148315429688,-0.692993164062,-8208.0,-1050.0,-644.0,2.0,1.0,3.0,
1648738520624037265,0.091796875,-0.715026855469,-0.0148315429688,-0.692932128906,-8147.0,-1095.0,-592.0,2.0,1.0,3.0,
1648738520625381231,0.0916748046875,-0.715087890625,-0.0148315429688,-0.692932128906,-8169.0,-1180.0,-531.0,1.0,0.0,3.0,
1648738520626097917,0.0917358398438,-0.715087890625,-0.0148315429688,-0.69287109375,-8208.0,-1239.0,-485.0,-1.0,1.0,2.0,
1648738520627293348,0.0919189453125,-0.715148925781,-0.014892578125,-0.692749023438,-8231.0,-1229.0,-446.0,-3.0,2.0,1.0,
1648738520627704858,0.092041015625,-0.71533203125,-0.0150146484375,-0.692626953125,-8220.0,-1183.0,-409.0,-4.0,3.0,1.0,
1648738520628472089,0.0921020507812,-0.715454101562,-0.01513671875,-0.692443847656,-8223.0,-1133.0,-398.0,-3.0,4.0,0.0,
1648738520629743576,0.0921630859375,-0.715637207031,-0.01513671875,-0.692260742188,-8255.0,-1095.0,-382.0,-2.0,4.0,-1.0,
1648738520630294322,0.0922241210938,-0.715881347656,-0.01513671875,-0.692016601562,-8267.0,-1082.0,-365.0,-1.0,5.0,-1.0,
1648738520695389986,0.09228515625,-0.716430664062,-0.0148315429688,-0.69140625,-8211.0,-1044.0,-320.0,0.0,7.0,-2.0,
1648738520696704626,0.0924682617188,-0.716857910156,-0.0145874023438,-0.690979003906,-8175.0,-963.0,-444.0,0.0,4.0,-3.0,
1648738520697470903,0.0924682617188,-0.717041015625,-0.014404296875,-0.690795898438,-8113.0,-908.0,-624.0,2.0,2.0,-3.0,
1648738520698160648,0.0921020507812,-0.717224121094,-0.0140991210938,-0.690612792969,-8012.0,-888.0,-779.0,7.0,0.0,0.0,
1648738520698755502,0.0914916992188,-0.717346191406,-0.013671875,-0.690612792969,-7959.0,-948.0,-843.0,12.0,-3.0,2.0,
1648738520699375391,0.0909423828125,-0.71728515625,-0.01318359375,-0.690795898438,-8060.0,-1063.0,-838.0,13.0,-7.0,2.0,
1648738520700044393,0.0906372070312,-0.716979980469,-0.0126342773438,-0.691101074219,-8273.0,-1142.0,-833.0,9.0,-8.0,0.0,
1648738520700926542,0.0905151367188,-0.716857910156,-0.01220703125,-0.691223144531,-8404.0,-1131.0,-832.0,6.0,-5.0,-3.0,
1648738520701878070,0.0903930664062,-0.716979980469,-0.0117797851562,-0.691162109375,-8348.0,-1054.0,-814.0,6.0,1.0,-3.0,
1648738520702713966,0.0901489257812,-0.717224121094,-0.011474609375,-0.69091796875,-8224.0,-989.0,-761.0,6.0,3.0,-2.0,
1648738520704794406,0.08984375,-0.717346191406,-0.01123046875,-0.690856933594,-8175.0,-981.0,-715.0,6.0,1.0,-1.0,
1648738520705425977,0.0896606445312,-0.71728515625,-0.010986328125,-0.690979003906,-8223.0,-1026.0,-662.0,5.0,-2.0,0.0,
1648738520706693649,0.0895385742188,-0.717163085938,-0.0108642578125,-0.691101074219,-8291.0,-1051.0,-623.0,3.0,-3.0,0.0,
1648738520707261800,0.08935546875,-0.717102050781,-0.0108032226562,-0.691162109375,-8287.0,-1013.0,-667.0,2.0,-2.0,2.0,
1648738520711068153,0.0890502929688,-0.717163085938,-0.0108032226562,-0.691223144531,-8188.0,-900.0,-813.0,3.0,-3.0,3.0,
1648738520712214469,0.08837890625,-0.717163085938,-0.0108032226562,-0.691223144531,-8030.0,-775.0,-1004.0,7.0,-6.0,5.0,
1648738520716678380,0.0873413085938,-0.717163085938,-0.0106811523438,-0.69140625,-7887.0,-748.0,-1111.0,14.0,-9.0,7.0,
1648738520721471548,0.086181640625,-0.716918945312,-0.0103149414062,-0.691772460938,-7868.0,-847.0,-1115.0,19.0,-12.0,9.0,
1648738520726065635,0.0851440429688,-0.716552734375,-0.009765625,-0.692321777344,-8015.0,-987.0,-1049.0,18.0,-14.0,7.0,
1648738520730646371,0.08447265625,-0.716064453125,-0.00921630859375,-0.69287109375,-8229.0,-1060.0,-943.0,14.0,-13.0,3.0,
1648738520735285997,0.0841064453125,-0.715759277344,-0.0087890625,-0.693237304688,-8339.0,-1029.0,-819.0,9.0,-8.0,0.0,
1648738520760479688,0.0838012695312,-0.715698242188,-0.00848388671875,-0.693359375,-8335.0,-953.0,-692.0,7.0,-2.0,-1.0,
1648738520762651681,0.08349609375,-0.715698242188,-0.00830078125,-0.693420410156,-8334.0,-917.0,-551.0,5.0,1.0,-1.0,
1648738520763984441,0.0833129882812,-0.715637207031,-0.00811767578125,-0.693481445312,-8405.0,-934.0,-399.0,4.0,0.0,-1.0,
1648738520764616966,0.0833129882812,-0.715515136719,-0.0079345703125,-0.693603515625,-8515.0,-954.0,-249.0,2.0,0.0,-2.0,
1648738520765642642,0.0833129882812,-0.715454101562,-0.0078125,-0.693664550781,-8604.0,-953.0,-96.0,0.0,2.0,-2.0,
1648738520766956806,0.0833740234375,-0.715454101562,-0.00775146484375,-0.693664550781,-8634.0,-920.0,42.0,-1.0,4.0,-2.0,
1648738520771730661,0.08349609375,-0.715576171875,-0.00775146484375,-0.693542480469,-8619.0,-856.0,159.0,-2.0,6.0,-2.0,
1648738520775874376,0.0835571289062,-0.715698242188,-0.0078125,-0.693359375,-8553.0,-794.0,252.0,-2.0,7.0,-2.0,
1648738520780473947,0.0836181640625,-0.715881347656,-0.00787353515625,-0.693237304688,-8453.0,-769.0,315.0,-2.0,7.0,-2.0,
1648738520785157918,0.0836181640625,-0.716003417969,-0.00787353515625,-0.693115234375,-8364.0,-780.0,333.0,-1.0,6.0,-1.0,
1648738520791720390,0.0835571289062,-0.716003417969,-0.0079345703125,-0.693054199219,-8310.0,-785.0,299.0,-1.0,3.0,0.0,
1648738520794264554,0.0834350585938,-0.716003417969,-0.0079345703125,-0.693115234375,-8257.0,-779.0,241.0,1.0,0.0,1.0,
1648738520799132585,0.0831298828125,-0.715881347656,-0.0079345703125,-0.693237304688,-8209.0,-793.0,175.0,3.0,-2.0,3.0,
1648738520805590867,0.082763671875,-0.715759277344,-0.0079345703125,-0.693420410156,-8211.0,-853.0,99.0,4.0,-3.0,4.0,
1648738520810236215,0.0823974609375,-0.715576171875,-0.00787353515625,-0.693664550781,-8262.0,-935.0,38.0,4.0,-5.0,4.0,
1648738520837727308,0.0820922851562,-0.715393066406,-0.0078125,-0.693908691406,-8315.0,-1013.0,1.0,4.0,-5.0,4.0,
1648738520838565587,0.0818481445312,-0.715270996094,-0.0076904296875,-0.694030761719,-8348.0,-1075.0,13.0,3.0,-3.0,3.0,
1648738520839346408,0.0816650390625,-0.715209960938,-0.00762939453125,-0.694152832031,-8377.0,-1123.0,58.0,2.0,-1.0,2.0,
1648738520840200185,0.0817260742188,-0.715209960938,-0.007568359375,-0.694152832031,-8399.0,-1143.0,98.0,-1.0,2.0,1.0,
1648738520841005086,0.0818481445312,-0.71533203125,-0.00762939453125,-0.693969726562,-8366.0,-1107.0,128.0,-3.0,5.0,0.0,
1648738520841907739,0.0819702148438,-0.715576171875,-0.00775146484375,-0.693725585938,-8269.0,-1049.0,160.0,-4.0,8.0,0.0,
1648738520845957040,0.0820922851562,-0.7158203125,-0.00787353515625,-0.693420410156,-8167.0,-1009.0,178.0,-4.0,8.0,0.0,
1648738520850487232,0.082275390625,-0.716003417969,-0.008056640625,-0.693298339844,-8135.0,-1004.0,189.0,-5.0,5.0,-1.0,
1648738520871812343,0.08251953125,-0.716003417969,-0.0081787109375,-0.693237304688,-8174.0,-1024.0,181.0,-5.0,2.0,-2.0,
1648738520884784936,0.0828247070312,-0.716003417969,-0.00830078125,-0.693176269531,-8231.0,-1024.0,158.0,-6.0,2.0,-2.0,
1648738520885401010,0.0831298828125,-0.716064453125,-0.00836181640625,-0.693054199219,-8270.0,-996.0,134.0,-5.0,3.0,-2.0,
1648738520886018753,0.0833740234375,-0.716247558594,-0.00848388671875,-0.69287109375,-8298.0,-948.0,96.0,-4.0,5.0,-2.0,
1648738520910735368,0.0835571289062,-0.716430664062,-0.00848388671875,-0.692626953125,-8308.0,-916.0,40.0,-3.0,5.0,-3.0,
1648738520911410093,0.0836791992188,-0.716674804688,-0.0084228515625,-0.6923828125,-8299.0,-908.0,-18.0,-1.0,6.0,-3.0,
1648738520911896228,0.083740234375,-0.716918945312,-0.00823974609375,-0.692138671875,-8277.0,-927.0,-80.0,0.0,5.0,-3.0,
1648738520912632226,0.0838623046875,-0.717102050781,-0.00799560546875,-0.69189453125,-8259.0,-962.0,-143.0,1.0,4.0,-3.0,
1648738520913040876,0.0839233398438,-0.71728515625,-0.0078125,-0.691772460938,-8218.0,-995.0,-238.0,1.0,3.0,-2.0,
1648738520913584709,0.0838623046875,-0.717407226562,-0.00762939453125,-0.691650390625,-8176.0,-1034.0,-344.0,2.0,1.0,-1.0,
1648738520914063215,0.0838012695312,-0.717407226562,-0.00750732421875,-0.691589355469,-8154.0,-1075.0,-445.0,3.0,-1.0,0.0,
1648738520914468765,0.0836791992188,-0.717407226562,-0.00732421875,-0.691650390625,-8163.0,-1106.0,-538.0,3.0,-4.0,0.0,
1648738520916161537,0.0835571289062,-0.71728515625,-0.00714111328125,-0.691772460938,-8197.0,-1117.0,-625.0,3.0,-5.0,0.0,
1648738520924401998,0.0834350585938,-0.717224121094,-0.00689697265625,-0.691833496094,-8221.0,-1125.0,-715.0,4.0,-5.0,0.0,
1648738520925449371,0.0833129882812,-0.717224121094,-0.00665283203125,-0.69189453125,-8227.0,-1134.0,-781.0,5.0,-4.0,-1.0,
1648738520930236816,0.0831298828125,-0.71728515625,-0.00634765625,-0.691833496094,-8207.0,-1168.0,-834.0,5.0,-2.0,-1.0,
1648738520934728622,0.0830078125,-0.717346191406,-0.0059814453125,-0.691772460938,-8167.0,-1203.0,-855.0,5.0,-2.0,-1.0,
1648738520939332723,0.0828857421875,-0.717346191406,-0.00567626953125,-0.691772460938,-8133.0,-1220.0,-884.0,5.0,-2.0,-1.0,
1648738520991450309,0.0828247070312,-0.717346191406,-0.00537109375,-0.691772460938,-8110.0,-1216.0,-892.0,4.0,-3.0,-1.0,
1648738521048416852,0.082763671875,-0.717346191406,-0.00506591796875,-0.691833496094,-8094.0,-1214.0,-906.0,4.0,-3.0,-1.0,
1648738521049650430,0.0826416015625,-0.717346191406,-0.00482177734375,-0.691833496094,-8079.0,-1217.0,-922.0,4.0,-3.0,-1.0,
1648738521050490617,0.0825805664062,-0.717346191406,-0.004638671875,-0.691833496094,-8069.0,-1239.0,-941.0,3.0,-3.0,0.0,
1648738521051417350,0.08251953125,-0.717346191406,-0.00445556640625,-0.69189453125,-8070.0,-1260.0,-943.0,2.0,-3.0,0.0,
1648738521052423477,0.08251953125,-0.71728515625,-0.0042724609375,-0.69189453125,-8095.0,-1265.0,-961.0,1.0,-4.0,0.0,
1648738521053212165,0.0825805664062,-0.71728515625,-0.004150390625,-0.691955566406,-8142.0,-1252.0,-967.0,1.0,-4.0,-1.0,
1648738521053507566,0.0825805664062,-0.717224121094,-0.00408935546875,-0.691955566406,-8195.0,-1243.0,-959.0,0.0,-3.0,-1.0,
1648738521053769111,0.0826416015625,-0.71728515625,-0.00396728515625,-0.69189453125,-8242.0,-1232.0,-953.0,0.0,-2.0,-1.0,
1648738521055011510,0.0827026367188,-0.717346191406,-0.00390625,-0.691833496094,-8274.0,-1224.0,-986.0,0.0,-1.0,-1.0,
1648738521055580139,0.0827026367188,-0.717529296875,-0.00384521484375,-0.691650390625,-8279.0,-1205.0,-1051.0,0.0,0.0,0.0,
1648738521055856943,0.0827026367188,-0.717651367188,-0.0037841796875,-0.691528320312,-8254.0,-1168.0,-1150.0,1.0,-1.0,0.0,
1648738521056181907,0.08251953125,-0.717834472656,-0.00372314453125,-0.691345214844,-8216.0,-1131.0,-1241.0,3.0,-2.0,1.0,
1648738521057040691,0.0822143554688,-0.717956542969,-0.003662109375,-0.691223144531,-8195.0,-1132.0,-1277.0,5.0,-3.0,2.0,
1648738521057258844,0.0818481445312,-0.718078613281,-0.00347900390625,-0.691223144531,-8237.0,-1191.0,-1190.0,5.0,-3.0,3.0,
1648738521057889938,0.0817260742188,-0.718078613281,-0.00335693359375,-0.691162109375,-8349.0,-1289.0,-1022.0,3.0,-1.0,2.0,
1648738521058224439,0.0819702148438,-0.718139648438,-0.00335693359375,-0.691101074219,-8468.0,-1331.0,-917.0,-3.0,2.0,0.0,
1648738521058768033,0.0824584960938,-0.718322753906,-0.00347900390625,-0.690856933594,-8494.0,-1250.0,-877.0,-8.0,4.0,-2.0,
1648738521059445142,0.0828247070312,-0.718627929688,-0.0037841796875,-0.690490722656,-8376.0,-1104.0,-896.0,-9.0,6.0,-2.0,
1648738521059990167,0.0828857421875,-0.718994140625,-0.004150390625,-0.690124511719,-8223.0,-999.0,-923.0,-5.0,6.0,1.0,
1648738521060604810,0.0827026367188,-0.71923828125,-0.00439453125,-0.689880371094,-8167.0,-1006.0,-956.0,-2.0,2.0,4.0,
1648738521060816526,0.08251953125,-0.719299316406,-0.00457763671875,-0.689819335938,-8234.0,-1087.0,-981.0,0.0,-2.0,4.0,
1648738521061074733,0.0823974609375,-0.719299316406,-0.004638671875,-0.689819335938,-8341.0,-1147.0,-998.0,0.0,-3.0,4.0,
1648738521061742544,0.0823974609375,-0.719421386719,-0.00469970703125,-0.689758300781,-8382.0,-1133.0,-966.0,-1.0,-1.0,2.0,
1648738521066337585,0.0824584960938,-0.719604492188,-0.0047607421875,-0.689514160156,-8356.0,-1052.0,-908.0,-2.0,2.0,1.0,
1648738521070864439,0.0825805664062,-0.719848632812,-0.0048828125,-0.689270019531,-8295.0,-963.0,-840.0,-3.0,5.0,-1.0,
1648738521075644731,0.0827026367188,-0.720153808594,-0.0050048828125,-0.68896484375,-8241.0,-917.0,-756.0,-4.0,6.0,-2.0,
1648738521080179929,0.0828247070312,-0.720397949219,-0.00506591796875,-0.688598632812,-8201.0,-907.0,-696.0,-4.0,7.0,-1.0,
1648738521111044168,0.0830078125,-0.720703125,-0.00518798828125,-0.688293457031,-8173.0,-882.0,-635.0,-4.0,6.0,-1.0,
1648738521112442016,0.0831909179688,-0.720886230469,-0.00537109375,-0.688049316406,-8158.0,-836.0,-585.0,-5.0,5.0,-1.0,
1648738521112788677,0.0833740234375,-0.721069335938,-0.00555419921875,-0.687866210938,-8169.0,-795.0,-587.0,-5.0,4.0,-1.0,
1648738521113229513,0.0834350585938,-0.72119140625,-0.0057373046875,-0.687744140625,-8202.0,-777.0,-633.0,-4.0,2.0,0.0,
1648738521113722801,0.0834350585938,-0.721313476562,-0.00592041015625,-0.687561035156,-8224.0,-793.0,-698.0,-2.0,1.0,1.0,
1648738521114345550,0.0833129882812,-0.721496582031,-0.0059814453125,-0.687377929688,-8195.0,-841.0,-782.0,0.0,1.0,2.0,
1648738521121302843,0.0830688476562,-0.7216796875,-0.00592041015625,-0.687255859375,-8138.0,-889.0,-865.0,3.0,0.0,3.0,
1648738521121905088,0.0827026367188,-0.721862792969,-0.00579833984375,-0.687133789062,-8080.0,-939.0,-907.0,5.0,-1.0,4.0,
1648738521125376939,0.0823364257812,-0.721923828125,-0.00567626953125,-0.687133789062,-8050.0,-987.0,-892.0,6.0,-2.0,4.0,
1648738521130022764,0.08203125,-0.721923828125,-0.00555419921875,-0.687133789062,-8037.0,-1025.0,-859.0,5.0,-2.0,3.0,
1648738521135165929,0.0818481445312,-0.721862792969,-0.0054931640625,-0.687194824219,-8021.0,-1049.0,-829.0,2.0,-2.0,2.0,
1648738521139330148,0.0817260742188,-0.721862792969,-0.0054931640625,-0.687194824219,-7993.0,-1063.0,-780.0,1.0,-2.0,2.0,
1648738521147821664,0.0816650390625,-0.721801757812,-0.00555419921875,-0.687255859375,-7986.0,-1069.0,-749.0,-1.0,-2.0,2.0,
1648738521153009653,0.0816650390625,-0.7216796875,-0.005615234375,-0.687438964844,-8035.0,-1056.0,-730.0,-1.0,-4.0,2.0,
1648738521157715559,0.0816040039062,-0.721496582031,-0.0057373046875,-0.687622070312,-8117.0,-1043.0,-710.0,0.0,-5.0,2.0,
1648738521226913452,0.0814819335938,-0.721374511719,-0.00579833984375,-0.687744140625,-8224.0,-1051.0,-658.0,1.0,-5.0,2.0,
1648738521228402376,0.0813598632812,-0.721252441406,-0.00579833984375,-0.687927246094,-8336.0,-1087.0,-653.0,1.0,-3.0,1.0,
1648738521228683471,0.0812377929688,-0.72119140625,-0.0057373046875,-0.68798828125,-8399.0,-1103.0,-700.0,1.0,-2.0,1.0,
1648738521228934288,0.0811157226562,-0.721252441406,-0.00567626953125,-0.687927246094,-8365.0,-1093.0,-723.0,2.0,-2.0,2.0,
1648738521230112314,0.080810546875,-0.721313476562,-0.00555419921875,-0.687927246094,-8309.0,-1082.0,-683.0,4.0,-1.0,3.0,
1648738521231157302,0.08056640625,-0.721252441406,-0.00537109375,-0.68798828125,-8329.0,-1077.0,-622.0,5.0,-2.0,1.0,
1648738521231512546,0.0803833007812,-0.721130371094,-0.00518798828125,-0.688110351562,-8397.0,-1043.0,-549.0,3.0,-2.0,-1.0,
1648738521233584880,0.080322265625,-0.721130371094,-0.0050048828125,-0.688171386719,-8413.0,-981.0,-502.0,3.0,0.0,-2.0,
1648738521234799146,0.0801391601562,-0.72119140625,-0.0047607421875,-0.688110351562,-8348.0,-905.0,-458.0,3.0,2.0,-2.0,
1648738521236894607,0.0798950195312,-0.721252441406,-0.00457763671875,-0.688049316406,-8274.0,-853.0,-430.0,4.0,2.0,-1.0,
1648738521240710258,0.0797119140625,-0.72119140625,-0.00439453125,-0.688171386719,-8263.0,-842.0,-405.0,5.0,-1.0,-1.0,
1648738521242163419,0.0795288085938,-0.721069335938,-0.004150390625,-0.688354492188,-8298.0,-866.0,-427.0,5.0,-3.0,-1.0,
1648738521243652820,0.0792846679688,-0.720886230469,-0.00390625,-0.688537597656,-8280.0,-871.0,-629.0,6.0,-5.0,0.0,
1648738521244905471,0.0787353515625,-0.720825195312,-0.00360107421875,-0.688659667969,-8088.0,-783.0,-1054.0,10.0,-8.0,2.0,
1648738521247277021,0.0755615234375,-0.720581054688,-0.00262451171875,-0.689331054688,-7407.0,-766.0,-1525.0,31.0,-21.0,14.0,
1648738521248279809,0.0736083984375,-0.7197265625,-0.00177001953125,-0.6904296875,-7550.0,-1069.0,-1319.0,33.0,-28.0,14.0,
1648738521248605012,0.0726318359375,-0.718444824219,-0.0009765625,-0.691833496094,-8093.0,-1331.0,-1091.0,21.0,-31.0,7.0,
1648738521252434015,0.0726318359375,-0.717346191406,-0.00042724609375,-0.692993164062,-8562.0,-1363.0,-881.0,7.0,-23.0,-2.0,
1648738521256609201,0.0729370117188,-0.716979980469,-0.000244140625,-0.693359375,-8561.0,-1189.0,-747.0,-1.0,-6.0,-4.0,
1648738521305925607,0.0729370117188,-0.717224121094,-0.0003662109375,-0.693115234375,-8300.0,-980.0,-593.0,-2.0,6.0,-1.0,
1648738521308125734,0.07275390625,-0.717346191406,-0.0006103515625,-0.692932128906,-8200.0,-930.0,-372.0,-1.0,4.0,1.0,
1648738521309314489,0.0726928710938,-0.717163085938,-0.00079345703125,-0.693176269531,-8353.0,-1015.0,-169.0,-3.0,-1.0,1.0,
1648738521314066886,0.072998046875,-0.716918945312,-0.00103759765625,-0.693359375,-8597.0,-1088.0,-15.0,-7.0,-2.0,1.0,
1648738521316943883,0.0734252929688,-0.716796875,-0.00140380859375,-0.693481445312,-8698.0,-1029.0,109.0,-10.0,2.0,0.0,
1648738521319970369,0.07373046875,-0.716918945312,-0.00189208984375,-0.693298339844,-8608.0,-868.0,198.0,-11.0,7.0,1.0,
1648738521322353124,0.073974609375,-0.717224121094,-0.0025634765625,-0.692993164062,-8463.0,-700.0,284.0,-11.0,9.0,2.0,
1648738521327570438,0.0741577148438,-0.717346191406,-0.003173828125,-0.692810058594,-8394.0,-612.0,306.0,-10.0,7.0,1.0,
1648738521379597425,0.0743408203125,-0.717529296875,-0.0035400390625,-0.692626953125,-8425.0,-591.0,375.0,-7.0,5.0,0.0,
1648738521382292270,0.0744018554688,-0.717651367188,-0.0037841796875,-0.692504882812,-8479.0,-630.0,412.0,-4.0,6.0,0.0,
1648738521383402585,0.074462890625,-0.7177734375,-0.0037841796875,-0.692321777344,-8502.0,-681.0,426.0,-2.0,7.0,-1.0,
1648738521383774995,0.0746459960938,-0.717956542969,-0.00372314453125,-0.692138671875,-8502.0,-732.0,414.0,-3.0,7.0,-2.0,
1648738521384428262,0.0748291015625,-0.718139648438,-0.00372314453125,-0.691955566406,-8491.0,-774.0,369.0,-3.0,6.0,-2.0,
1648738521385182380,0.0751342773438,-0.71826171875,-0.00372314453125,-0.691772460938,-8470.0,-818.0,339.0,-4.0,5.0,-3.0,
1648738521434049844,0.0755615234375,-0.718505859375,-0.0037841796875,-0.691467285156,-8434.0,-876.0,266.0,-3.0,4.0,-2.0,
1648738521439430475,0.07568359375,-0.718566894531,-0.00372314453125,-0.691345214844,-8429.0,-904.0,218.0,-2.0,4.0,-2.0,
1648738521441385269,0.0758056640625,-0.71875,-0.00372314453125,-0.691162109375,-8428.0,-956.0,155.0,-2.0,4.0,-1.0,
1648738521442420959,0.075927734375,-0.718994140625,-0.003662109375,-0.69091796875,-8401.0,-1017.0,82.0,-2.0,6.0,0.0,
1648738521443705797,0.0759887695312,-0.71923828125,-0.003662109375,-0.690612792969,-8346.0,-1079.0,19.0,-2.0,6.0,1.0,
1648738521445406913,0.0761108398438,-0.719482421875,-0.00372314453125,-0.690368652344,-8279.0,-1119.0,-47.0,-3.0,6.0,1.0,
1648738521447151660,0.0762939453125,-0.7197265625,-0.0037841796875,-0.690124511719,-8225.0,-1126.0,-110.0,-4.0,5.0,1.0,
1648738521447590827,0.0764770507812,-0.719909667969,-0.00384521484375,-0.689880371094,-8188.0,-1109.0,-171.0,-3.0,4.0,0.0,
1648738521448198318,0.0764770507812,-0.720092773438,-0.00390625,-0.689636230469,-8179.0,-1089.0,-228.0,-2.0,4.0,0.0,
1648738521449125528,0.0764770507812,-0.720397949219,-0.00384521484375,-0.689392089844,-8180.0,-1081.0,-283.0,0.0,5.0,1.0,
1648738521449408769,0.0763549804688,-0.720703125,-0.0037841796875,-0.689025878906,-8154.0,-1085.0,-331.0,2.0,7.0,1.0,
1648738521450788021,0.0761108398438,-0.721069335938,-0.00360107421875,-0.688659667969,-8109.0,-1085.0,-375.0,3.0,7.0,2.0,
1648738521451327323,0.0758666992188,-0.721374511719,-0.00335693359375,-0.688415527344,-8063.0,-1097.0,-436.0,5.0,6.0,1.0,
1648738521451914548,0.0756225585938,-0.721618652344,-0.0030517578125,-0.688171386719,-8034.0,-1109.0,-491.0,6.0,4.0,0.0,
1648738521453560829,0.0753784179688,-0.721801757812,-0.002685546875,-0.688049316406,-8033.0,-1127.0,-539.0,7.0,2.0,0.0,
1648738521455960273,0.0750732421875,-0.721923828125,-0.00225830078125,-0.687927246094,-8053.0,-1135.0,-585.0,8.0,1.0,0.0,
1648738521457360982,0.07470703125,-0.722045898438,-0.0018310546875,-0.687805175781,-8088.0,-1142.0,-644.0,8.0,1.0,0.0,
1648738521459707975,0.0744018554688,-0.722229003906,-0.00140380859375,-0.687744140625,-8142.0,-1142.0,-709.0,8.0,1.0,0.0,
1648738521461709737,0.0740966796875,-0.722290039062,-0.00091552734375,-0.687622070312,-8203.0,-1141.0,-772.0,9.0,0.0,-1.0,
1648738521462149620,0.0738525390625,-0.722412109375,-0.00042724609375,-0.687561035156,-8266.0,-1139.0,-837.0,9.0,-1.0,-2.0,
1648738521527122020,0.0736083984375,-0.722473144531,0.0001220703125,-0.6875,-8305.0,-1136.0,-911.0,9.0,-1.0,-3.0,
1648738521532049894,0.0733032226562,-0.722595214844,0.000732421875,-0.687438964844,-8309.0,-1127.0,-987.0,10.0,-1.0,-2.0,
1648738521536013364,0.07177734375,-0.723083496094,0.00250244140625,-0.687072753906,-8239.0,-1108.0,-1222.0,14.0,-1.0,1.0,
1648738521536619186,0.0711059570312,-0.723205566406,0.00311279296875,-0.68701171875,-8151.0,-1125.0,-1292.0,15.0,-2.0,2.0,
1648738521585400104,0.0704345703125,-0.723327636719,0.0037841796875,-0.686950683594,-8048.0,-1149.0,-1343.0,15.0,-3.0,2.0,
1648738521586380481,0.0697631835938,-0.723327636719,0.00433349609375,-0.68701171875,-7999.0,-1165.0,-1374.0,14.0,-5.0,2.0,
1648738521587179183,0.0692138671875,-0.723266601562,0.00482177734375,-0.687133789062,-7999.0,-1165.0,-1392.0,12.0,-6.0,2.0,
1648738521587944269,0.0687255859375,-0.723205566406,0.0052490234375,-0.687255859375,-8018.0,-1152.0,-1381.0,10.0,-6.0,2.0,
1648738521589914560,0.0682983398438,-0.723205566406,0.005615234375,-0.687255859375,-8038.0,-1118.0,-1357.0,9.0,-4.0,1.0,
1648738521590962409,0.0679321289062,-0.723266601562,0.0059814453125,-0.687255859375,-8059.0,-1076.0,-1327.0,8.0,-2.0,0.0,
1648738521591900825,0.067626953125,-0.723327636719,0.00628662109375,-0.687194824219,-8087.0,-1033.0,-1284.0,7.0,-1.0,0.0,
1648738521592713117,0.0673217773438,-0.723510742188,0.00653076171875,-0.687072753906,-8095.0,-985.0,-1296.0,6.0,1.0,0.0,
1648738521593658447,0.0669555664062,-0.723754882812,0.00677490234375,-0.686828613281,-8053.0,-939.0,-1396.0,6.0,1.0,1.0,
1648738521594243288,0.0664672851562,-0.723999023438,0.00701904296875,-0.686645507812,-7958.0,-912.0,-1547.0,8.0,-1.0,3.0,
1648738521598975896,0.0657348632812,-0.724182128906,0.00726318359375,-0.686462402344,-7859.0,-938.0,-1692.0,12.0,-4.0,5.0,
1648738521602239131,0.0648803710938,-0.724243164062,0.00762939453125,-0.6865234375,-7851.0,-1036.0,-1783.0,15.0,-8.0,7.0,
1648738521602938890,0.0640869140625,-0.724060058594,0.00811767578125,-0.686767578125,-7975.0,-1181.0,-1758.0,15.0,-12.0,7.0,
1648738521603208303,0.0634765625,-0.723815917969,0.00860595703125,-0.687072753906,-8185.0,-1309.0,-1620.0,12.0,-11.0,5.0,
1648738521603570461,0.0631713867188,-0.7236328125,0.00897216796875,-0.687255859375,-8402.0,-1372.0,-1429.0,7.0,-6.0,3.0,
1648738521603810787,0.0631713867188,-0.7236328125,0.00921630859375,-0.687255859375,-8545.0,-1324.0,-1274.0,2.0,0.0,-1.0,
1648738521606615304,0.0633544921875,-0.723815917969,0.00927734375,-0.687072753906,-8548.0,-1186.0,-1185.0,-1.0,4.0,-3.0,
1648738521607118606,0.0632934570312,-0.72412109375,0.00933837890625,-0.686706542969,-8404.0,-1039.0,-1127.0,0.0,6.0,-2.0,
1648738521607397079,0.06298828125,-0.724426269531,0.0093994140625,-0.686462402344,-8238.0,-963.0,-1043.0,4.0,5.0,0.0,
1648738521609026670,0.0625610351562,-0.724548339844,0.00958251953125,-0.686401367188,-8200.0,-965.0,-912.0,6.0,0.0,2.0,
1648738521609650611,0.0623168945312,-0.724365234375,0.00970458984375,-0.686584472656,-8284.0,-970.0,-773.0,4.0,-3.0,2.0,
1648738521609940528,0.062255859375,-0.724243164062,0.00982666015625,-0.686767578125,-8388.0,-927.0,-653.0,1.0,-2.0,0.0,
1648738521610666990,0.0623779296875,-0.724243164062,0.00982666015625,-0.686706542969,-8421.0,-821.0,-556.0,-1.0,2.0,-2.0,
1648738521611331939,0.0629272460938,-0.724853515625,0.00994873046875,-0.68603515625,-8351.0,-593.0,-329.0,-2.0,8.0,-7.0,
1648738521611744165,0.0631713867188,-0.72509765625,0.0101318359375,-0.685668945312,-8369.0,-609.0,-290.0,-2.0,8.0,-7.0,
1648738521612174034,0.0634155273438,-0.725463867188,0.01025390625,-0.685302734375,-8382.0,-638.0,-270.0,-2.0,10.0,-6.0,
1648738521612575054,0.0635986328125,-0.725830078125,0.0104370117188,-0.684875488281,-8329.0,-662.0,-266.0,-1.0,10.0,-4.0,
1648738521635743856,0.0636596679688,-0.726257324219,0.010498046875,-0.684448242188,-8221.0,-697.0,-273.0,-1.0,10.0,-2.0,
1648738521636511325,0.063720703125,-0.7265625,0.010498046875,-0.684143066406,-8134.0,-739.0,-311.0,-2.0,7.0,0.0,
1648738521637132406,0.0637817382812,-0.726684570312,0.0104370117188,-0.683959960938,-8093.0,-790.0,-374.0,-2.0,3.0,1.0,
1648738521637916326,0.0637817382812,-0.726745605469,0.0103149414062,-0.683959960938,-8074.0,-848.0,-443.0,-2.0,0.0,2.0,
1648738521638660192,0.0636596679688,-0.726684570312,0.0101928710938,-0.683959960938,-8050.0,-930.0,-529.0,-1.0,-2.0,3.0,
1648738521639279365,0.0635986328125,-0.726623535156,0.0101318359375,-0.68408203125,-8043.0,-1011.0,-616.0,0.0,-4.0,3.0,
1648738521663160324,0.0635375976562,-0.726440429688,0.0100708007812,-0.684265136719,-8061.0,-1076.0,-666.0,0.0,-7.0,3.0,
1648738521663836240,0.0634765625,-0.726257324219,0.0100708007812,-0.684448242188,-8086.0,-1118.0,-678.0,0.0,-7.0,2.0,
1648738521664403438,0.0634765625,-0.726013183594,0.0100708007812,-0.684692382812,-8116.0,-1134.0,-668.0,0.0,-7.0,1.0,
1648738521664869785,0.0635375976562,-0.725769042969,0.0100708007812,-0.684936523438,-8154.0,-1131.0,-633.0,-1.0,-6.0,0.0,
1648738521665270566,0.0636596679688,-0.7255859375,0.0100708007812,-0.685180664062,-8169.0,-1101.0,-596.0,-1.0,-5.0,-2.0,
1648738521668211221,0.0637817382812,-0.725402832031,0.0101928710938,-0.685363769531,-8174.0,-1062.0,-518.0,-1.0,-4.0,-3.0,
1648738521671458721,0.06396484375,-0.725219726562,0.01025390625,-0.685485839844,-8214.0,-1027.0,-436.0,-1.0,-3.0,-4.0,
1648738521676063776,0.064208984375,-0.72509765625,0.0104370117188,-0.685668945312,-8286.0,-996.0,-386.0,-1.0,-2.0,-6.0,
1648738521682862281,0.064453125,-0.724975585938,0.0106811523438,-0.685668945312,-8348.0,-967.0,-361.0,-1.0,0.0,-7.0,
1648738521685136556,0.064697265625,-0.724975585938,0.010986328125,-0.685668945312,-8382.0,-942.0,-355.0,0.0,1.0,-7.0,
1648738521735973358,0.0648193359375,-0.725036621094,0.0112915039062,-0.685607910156,-8410.0,-924.0,-339.0,2.0,1.0,-6.0,
1648738521738443374,0.0648803710938,-0.725036621094,0.0116577148438,-0.685607910156,-8439.0,-919.0,-346.0,3.0,1.0,-5.0,
1648738521739039182,0.0648193359375,-0.72509765625,0.0120849609375,-0.685546875,-8431.0,-934.0,-367.0,5.0,1.0,-4.0,
1648738521740574121,0.0646362304688,-0.725158691406,0.0125122070312,-0.685546875,-8381.0,-960.0,-405.0,7.0,1.0,-3.0,
1648738521741104125,0.0643310546875,-0.725158691406,0.0130615234375,-0.685485839844,-8294.0,-999.0,-467.0,9.0,0.0,-2.0,
1648738521741693735,0.06396484375,-0.725158691406,0.0135498046875,-0.685546875,-8214.0,-1061.0,-527.0,9.0,-2.0,-1.0,
1648738521742217779,0.0636596679688,-0.724975585938,0.0139770507812,-0.685729980469,-8176.0,-1113.0,-572.0,9.0,-5.0,0.0,
1648738521742852926,0.0633544921875,-0.724731445312,0.014404296875,-0.68603515625,-8171.0,-1131.0,-618.0,8.0,-8.0,0.0,
1648738521743748426,0.0631103515625,-0.724426269531,0.0147094726562,-0.686340332031,-8166.0,-1130.0,-681.0,6.0,-9.0,0.0,
1648738521744139194,0.0628662109375,-0.724182128906,0.0149536132812,-0.686645507812,-8150.0,-1117.0,-724.0,6.0,-9.0,1.0,
1648738521746101617,0.0625,-0.723876953125,0.01513671875,-0.686950683594,-8125.0,-1116.0,-743.0,6.0,-9.0,1.0,
1648738521752667665,0.0618896484375,-0.723266601562,0.0155029296875,-0.687683105469,-8105.0,-1132.0,-782.0,5.0,-10.0,2.0,
1648738521756773233,0.0616455078125,-0.722961425781,0.015625,-0.68798828125,-8108.0,-1130.0,-816.0,4.0,-10.0,2.0,
1648738521761358737,0.0614013671875,-0.72265625,0.0156860351562,-0.688354492188,-8111.0,-1127.0,-844.0,4.0,-10.0,2.0,
1648738521765996217,0.0612182617188,-0.722351074219,0.0157470703125,-0.688720703125,-8131.0,-1102.0,-857.0,2.0,-11.0,2.0,
1648738521770357131,0.0610961914062,-0.721984863281,0.0157470703125,-0.689086914062,-8170.0,-1062.0,-864.0,2.0,-11.0,2.0,
1648738521774763345,0.0609130859375,-0.7216796875,0.0156860351562,-0.689392089844,-8219.0,-1020.0,-846.0,2.0,-9.0,1.0,
1648738521781411409,0.060791015625,-0.721496582031,0.0157470703125,-0.689636230469,-8256.0,-994.0,-787.0,2.0,-7.0,0.0,
1648738521786009311,0.0606689453125,-0.721313476562,0.015869140625,-0.689819335938,-8282.0,-997.0,-734.0,3.0,-5.0,-1.0,
1648738521790859699,0.060546875,-0.721252441406,0.0160522460938,-0.689880371094,-8330.0,-1007.0,-676.0,3.0,-2.0,-1.0,
1648738521795082092,0.060546875,-0.721252441406,0.0162963867188,-0.689880371094,-8375.0,-1010.0,-621.0,2.0,0.0,-2.0,
1648738521799633502,0.060546875,-0.721252441406,0.0164794921875,-0.689880371094,-8400.0,-990.0,-553.0,2.0,1.0,-2.0,
1648738521806454896,0.060546875,-0.721374511719,0.0166625976562,-0.689758300781,-8405.0,-947.0,-484.0,1.0,3.0,-3.0,
1648738521810863256,0.0606079101562,-0.721496582031,0.0167846679688,-0.689575195312,-8400.0,-878.0,-435.0,1.0,4.0,-3.0,
1648738521815474510,0.0606079101562,-0.7216796875,0.0169677734375,-0.689453125,-8362.0,-828.0,-408.0,1.0,4.0,-4.0,
1648738521820046663,0.060546875,-0.721862792969,0.0171508789062,-0.689270019531,-8298.0,-829.0,-378.0,2.0,4.0,-3.0,
1648738521825117349,0.0604248046875,-0.721984863281,0.0173950195312,-0.689147949219,-8234.0,-876.0,-371.0,3.0,3.0,-2.0,
1648738521831612825,0.0603637695312,-0.721984863281,0.0176391601562,-0.689086914062,-8204.0,-943.0,-367.0,3.0,1.0,-1.0,
1648738521839019060,0.0603637695312,-0.721923828125,0.0178833007812,-0.689147949219,-8213.0,-982.0,-362.0,2.0,-1.0,-1.0,
