1646992466148697853,-0.261169433594,0.16845703125,0.3623046875,0.878662109375,-6018.0,-2481.0,7395.0,5.0,9.0,-25.0,
1646992466153249979,-0.261047363281,0.169189453125,0.36083984375,0.879211425781,-6126.0,-2497.0,7404.0,11.0,9.0,-24.0,
1646992466157694101,-0.260620117188,0.170043945312,0.359436035156,0.879699707031,-6279.0,-2416.0,7491.0,15.0,7.0,-23.0,
1646992466162293672,-0.259826660156,0.170959472656,0.358215332031,0.880249023438,-6408.0,-2151.0,7619.0,18.0,5.0,-21.0,
1646992466167510986,-0.258605957031,0.171875,0.357299804688,0.880798339844,-6471.0,-1759.0,7734.0,19.0,2.0,-17.0,
1646992466170545578,-0.257202148438,0.172668457031,0.356689453125,0.881286621094,-6463.0,-1396.0,7827.0,16.0,-2.0,-14.0,
1646992466178781986,-0.256042480469,0.173156738281,0.356262207031,0.881774902344,-6404.0,-1172.0,7905.0,10.0,-5.0,-13.0,
1646992466183548450,-0.25537109375,0.173156738281,0.355773925781,0.882141113281,-6309.0,-1089.0,7948.0,1.0,-7.0,-15.0,
1646992466189050912,-0.255249023438,0.172790527344,0.355285644531,0.882446289062,-6185.0,-1141.0,7945.0,-6.0,-8.0,-17.0,
1646992466192558050,-0.255554199219,0.172180175781,0.354797363281,0.882690429688,-6031.0,-1287.0,7885.0,-11.0,-9.0,-17.0,
1646992466197535514,-0.256042480469,0.17138671875,0.354309082031,0.882873535156,-5859.0,-1448.0,7761.0,-14.0,-9.0,-16.0,
1646992466203981399,-0.256713867188,0.170593261719,0.353881835938,0.882995605469,-5668.0,-1597.0,7583.0,-15.0,-9.0,-15.0,
1646992466208866834,-0.257446289062,0.169799804688,0.353515625,0.883117675781,-5466.0,-1737.0,7383.0,-15.0,-8.0,-13.0,
1646992466213304281,-0.258178710938,0.169067382812,0.353149414062,0.883178710938,-5262.0,-1879.0,7191.0,-15.0,-7.0,-12.0,
1646992466217976331,-0.258972167969,0.168395996094,0.352844238281,0.883178710938,-5054.0,-2049.0,7026.0,-15.0,-6.0,-11.0,
1646992466222783803,-0.259826660156,0.167724609375,0.352478027344,0.883239746094,-4859.0,-2253.0,6894.0,-15.0,-5.0,-11.0,
1646992466227275371,-0.260803222656,0.1669921875,0.351989746094,0.883239746094,-4692.0,-2475.0,6791.0,-15.0,-4.0,-12.0,
1646992466232995033,-0.261779785156,0.166320800781,0.351440429688,0.88330078125,-4528.0,-2693.0,6718.0,-14.0,-2.0,-12.0,
1646992466235434293,-0.262817382812,0.165710449219,0.350891113281,0.88330078125,-4374.0,-2907.0,6669.0,-13.0,-1.0,-12.0,
1646992466243368864,-0.263793945312,0.165222167969,0.350219726562,0.883422851562,-4240.0,-3093.0,6650.0,-12.0,1.0,-13.0,
1646992466248014926,-0.264709472656,0.164733886719,0.349548339844,0.883483886719,-4149.0,-3245.0,6633.0,-10.0,2.0,-13.0,
1646992466253007411,-0.265502929688,0.164428710938,0.348815917969,0.883605957031,-4085.0,-3370.0,6625.0,-7.0,3.0,-12.0,
1646992466257468223,-0.26611328125,0.164245605469,0.348083496094,0.883728027344,-4040.0,-3471.0,6606.0,-4.0,4.0,-12.0,
1646992466261925697,-0.2666015625,0.164184570312,0.347351074219,0.883911132812,-4022.0,-3550.0,6582.0,-2.0,4.0,-12.0,
1646992466265421628,-0.266967773438,0.164245605469,0.346557617188,0.884094238281,-4022.0,-3595.0,6580.0,1.0,5.0,-12.0,
1646992466273791551,-0.267211914062,0.164367675781,0.345764160156,0.88427734375,-4032.0,-3618.0,6583.0,3.0,6.0,-12.0,
1646992466289624214,-0.267333984375,0.164611816406,0.344970703125,0.884521484375,-4056.0,-3612.0,6610.0,4.0,6.0,-11.0,
1646992466290286779,-0.267395019531,0.164916992188,0.34423828125,0.884704589844,-4074.0,-3577.0,6646.0,5.0,6.0,-11.0,
1646992466290831089,-0.267333984375,0.165222167969,0.343505859375,0.884948730469,-4089.0,-3519.0,6698.0,6.0,6.0,-10.0,
1646992466304625511,-0.267211914062,0.165588378906,0.342834472656,0.885192871094,-4113.0,-3441.0,6770.0,6.0,6.0,-10.0,
1646992466305095911,-0.26708984375,0.165832519531,0.342224121094,0.885437011719,-4128.0,-3339.0,6847.0,5.0,5.0,-9.0,
1646992466306647062,-0.266967773438,0.166076660156,0.341674804688,0.885620117188,-4126.0,-3229.0,6930.0,4.0,4.0,-9.0,
1646992466314670801,-0.266784667969,0.166198730469,0.3408203125,0.885986328125,-4091.0,-3019.0,7095.0,0.0,2.0,-8.0,
1646992466319099187,-0.266784667969,0.166076660156,0.340576171875,0.886108398438,-4045.0,-2925.0,7159.0,-2.0,0.0,-7.0,
1646992466323887348,-0.266845703125,0.165832519531,0.34033203125,0.88623046875,-3996.0,-2859.0,7230.0,-5.0,-1.0,-6.0,
1646992466328877210,-0.266967773438,0.165405273438,0.340209960938,0.886291503906,-3940.0,-2819.0,7287.0,-7.0,-2.0,-6.0,
1646992466333023786,-0.267211914062,0.164916992188,0.340087890625,0.886352539062,-3886.0,-2812.0,7342.0,-9.0,-4.0,-5.0,
1646992466337623834,-0.267517089844,0.164306640625,0.340087890625,0.886413574219,-3832.0,-2825.0,7387.0,-10.0,-5.0,-5.0,
1646992466342384576,-0.267822265625,0.163635253906,0.340087890625,0.886413574219,-3790.0,-2852.0,7408.0,-11.0,-5.0,-4.0,
1646992466346944332,-0.268188476562,0.162963867188,0.340148925781,0.886413574219,-3748.0,-2887.0,7427.0,-11.0,-6.0,-3.0,
1646992466352002382,-0.2685546875,0.162292480469,0.340270996094,0.886413574219,-3702.0,-2915.0,7450.0,-11.0,-7.0,-2.0,
1646992466355406522,-0.268859863281,0.161560058594,0.340515136719,0.886352539062,-3657.0,-2942.0,7473.0,-11.0,-7.0,-1.0,
1646992466363259077,-0.269104003906,0.160827636719,0.340759277344,0.886291503906,-3614.0,-2969.0,7474.0,-11.0,-7.0,0.0,
1646992466367697715,-0.269348144531,0.160095214844,0.341064453125,0.88623046875,-3577.0,-2995.0,7486.0,-10.0,-8.0,1.0,
1646992466372228622,-0.269592285156,0.159423828125,0.341369628906,0.886169433594,-3554.0,-3027.0,7496.0,-10.0,-8.0,2.0,
1646992466377013206,-0.269775390625,0.15869140625,0.341735839844,0.886108398438,-3543.0,-3048.0,7535.0,-10.0,-8.0,2.0,
1646992466380130767,-0.269958496094,0.158020019531,0.342102050781,0.886047363281,-3538.0,-3053.0,7567.0,-9.0,-8.0,3.0,
1646992466388328790,-0.270080566406,0.157348632812,0.342529296875,0.885925292969,-3555.0,-3040.0,7628.0,-9.0,-8.0,3.0,
1646992466393062353,-0.270202636719,0.156616210938,0.343017578125,0.885864257812,-3578.0,-3022.0,7691.0,-10.0,-9.0,3.0,
1646992466397523164,-0.270263671875,0.155822753906,0.343505859375,0.885803222656,-3606.0,-2997.0,7750.0,-11.0,-10.0,3.0,
1646992466402519702,-0.270446777344,0.155029296875,0.344055175781,0.885681152344,-3646.0,-2953.0,7804.0,-12.0,-11.0,4.0,
1646992466409307479,-0.270568847656,0.154174804688,0.344604492188,0.885559082031,-3681.0,-2906.0,7845.0,-13.0,-12.0,4.0,
1646992466414471864,-0.270812988281,0.153259277344,0.345275878906,0.885375976562,-3717.0,-2856.0,7863.0,-15.0,-13.0,4.0,
1646992466419339656,-0.271118164062,0.152282714844,0.345947265625,0.885192871094,-3750.0,-2818.0,7877.0,-16.0,-13.0,4.0,
1646992466423814058,-0.271484375,0.151245117188,0.3466796875,0.884948730469,-3787.0,-2795.0,7883.0,-18.0,-14.0,4.0,
1646992466428183317,-0.271911621094,0.150085449219,0.347412109375,0.884765625,-3814.0,-2795.0,7872.0,-19.0,-16.0,5.0,
1646992466432873725,-0.272399902344,0.148864746094,0.348205566406,0.884460449219,-3832.0,-2812.0,7864.0,-20.0,-17.0,5.0,
1646992466437457084,-0.27294921875,0.147583007812,0.348999023438,0.884216308594,-3841.0,-2842.0,7874.0,-21.0,-18.0,5.0,
1646992466442249774,-0.2734375,0.146179199219,0.349853515625,0.883972167969,-3835.0,-2868.0,7886.0,-21.0,-19.0,6.0,
1646992466446590185,-0.27392578125,0.144775390625,0.350769042969,0.883666992188,-3812.0,-2891.0,7893.0,-21.0,-20.0,6.0,
1646992466450049638,-0.274291992188,0.143249511719,0.351745605469,0.883422851562,-3772.0,-2913.0,7875.0,-20.0,-21.0,7.0,
1646992466458443164,-0.274719238281,0.141784667969,0.352661132812,0.883178710938,-3729.0,-2913.0,7827.0,-20.0,-21.0,7.0,
1646992466462702274,-0.275146484375,0.140258789062,0.353576660156,0.882934570312,-3696.0,-2877.0,7770.0,-21.0,-21.0,7.0,
1646992466467458009,-0.275512695312,0.138793945312,0.354614257812,0.882629394531,-3688.0,-2843.0,7733.0,-22.0,-22.0,7.0,
1646992466472244262,-0.276000976562,0.13720703125,0.355651855469,0.882263183594,-3673.0,-2846.0,7653.0,-23.0,-23.0,8.0,
1646992466476730823,-0.276550292969,0.135620117188,0.356750488281,0.881958007812,-3662.0,-2883.0,7591.0,-24.0,-24.0,8.0,
1646992466480687379,-0.277160644531,0.133972167969,0.357788085938,0.881591796875,-3651.0,-2964.0,7523.0,-24.0,-24.0,8.0,
1646992466488742589,-0.277709960938,0.132263183594,0.35888671875,0.881225585938,-3627.0,-3047.0,7465.0,-23.0,-25.0,9.0,
1646992466492900848,-0.278198242188,0.130615234375,0.359985351562,0.880859375,-3598.0,-3123.0,7405.0,-21.0,-25.0,9.0,
1646992466497491121,-0.278442382812,0.129028320312,0.361083984375,0.880554199219,-3567.0,-3173.0,7359.0,-18.0,-25.0,10.0,
1646992466502000570,-0.278564453125,0.127563476562,0.3623046875,0.880249023438,-3536.0,-3192.0,7326.0,-15.0,-25.0,11.0,
1646992466506727218,-0.278564453125,0.126098632812,0.363464355469,0.879943847656,-3501.0,-3173.0,7309.0,-13.0,-25.0,12.0,
1646992466513023853,-0.2783203125,0.124755859375,0.36474609375,0.879699707031,-3474.0,-3122.0,7294.0,-11.0,-25.0,13.0,
1646992466517937183,-0.278015136719,0.123474121094,0.366027832031,0.879455566406,-3465.0,-3052.0,7292.0,-10.0,-25.0,14.0,
1646992466522427558,-0.277709960938,0.122192382812,0.367370605469,0.879150390625,-3458.0,-2980.0,7282.0,-10.0,-25.0,15.0,
1646992466527115345,-0.277404785156,0.120910644531,0.368774414062,0.878845214844,-3454.0,-2916.0,7292.0,-11.0,-26.0,15.0,
1646992466531748533,-0.277160644531,0.119506835938,0.370178222656,0.878479003906,-3447.0,-2878.0,7317.0,-13.0,-27.0,15.0,
1646992466535175085,-0.277038574219,0.118041992188,0.371704101562,0.878112792969,-3422.0,-2866.0,7347.0,-16.0,-27.0,16.0,
1646992466543032884,-0.277099609375,0.116394042969,0.373168945312,0.877685546875,-3392.0,-2881.0,7395.0,-18.0,-28.0,16.0,
1646992466547716140,-0.277160644531,0.114624023438,0.374755859375,0.877258300781,-3347.0,-2926.0,7437.0,-20.0,-29.0,16.0,
1646992466552615642,-0.27734375,0.11279296875,0.376281738281,0.876770019531,-3290.0,-2990.0,7472.0,-21.0,-30.0,16.0,
1646992466557345867,-0.277465820312,0.110900878906,0.377807617188,0.876281738281,-3242.0,-3064.0,7506.0,-21.0,-30.0,16.0,
1646992466561830997,-0.277587890625,0.109069824219,0.379333496094,0.875854492188,-3188.0,-3151.0,7545.0,-19.0,-31.0,17.0,
1646992466566636800,-0.277587890625,0.107177734375,0.380859375,0.875427246094,-3155.0,-3230.0,7576.0,-18.0,-31.0,17.0,
1646992466570015907,-0.277465820312,0.105285644531,0.382385253906,0.875,-3124.0,-3281.0,7596.0,-16.0,-31.0,16.0,
1646992466578191280,-0.277282714844,0.103515625,0.383911132812,0.874633789062,-3106.0,-3294.0,7595.0,-14.0,-31.0,17.0,
1646992466582831144,-0.277038574219,0.101745605469,0.385437011719,0.874206542969,-3106.0,-3259.0,7590.0,-13.0,-31.0,17.0,
1646992466587302684,-0.276733398438,0.10009765625,0.386962890625,0.873840332031,-3103.0,-3189.0,7565.0,-13.0,-31.0,17.0,
1646992466592077732,-0.276428222656,0.098388671875,0.388549804688,0.873413085938,-3100.0,-3095.0,7530.0,-14.0,-32.0,17.0,
1646992466596482038,-0.276245117188,0.0966796875,0.39013671875,0.872985839844,-3095.0,-3000.0,7462.0,-17.0,-32.0,17.0,
1646992466600383281,-0.276306152344,0.0948486328125,0.391784667969,0.872436523438,-3075.0,-2949.0,7386.0,-22.0,-32.0,16.0,
1646992466608330011,-0.276733398438,0.0927734375,0.393371582031,0.871765136719,-3066.0,-2958.0,7289.0,-28.0,-33.0,15.0,
1646992466614588975,-0.277587890625,0.0904541015625,0.394836425781,0.87109375,-3056.0,-3049.0,7170.0,-34.0,-33.0,14.0,
1646992466619528055,-0.278930664062,0.0879516601562,0.396240234375,0.870300292969,-3049.0,-3253.0,7087.0,-41.0,-33.0,11.0,
1646992466624286413,-0.280700683594,0.0851440429688,0.3974609375,0.869445800781,-3058.0,-3546.0,7040.0,-46.0,-34.0,9.0,
1646992466629667997,-0.28271484375,0.0821533203125,0.398620605469,0.868530273438,-3087.0,-3866.0,7033.0,-48.0,-33.0,7.0,
1646992466633266210,-0.28466796875,0.0792846679688,0.399658203125,0.86767578125,-3134.0,-4170.0,7046.0,-46.0,-33.0,7.0,
1646992466637810707,-0.286376953125,0.0765991210938,0.400695800781,0.866882324219,-3209.0,-4426.0,7094.0,-41.0,-33.0,7.0,
1646992466643132448,-0.287658691406,0.0740966796875,0.401794433594,0.866149902344,-3292.0,-4618.0,7139.0,-34.0,-32.0,9.0,
1646992466648607492,-0.288513183594,0.0718994140625,0.402954101562,0.865539550781,-3381.0,-4732.0,7208.0,-26.0,-32.0,11.0,
1646992466651934623,-0.288879394531,0.0700073242188,0.404235839844,0.864990234375,-3470.0,-4754.0,7268.0,-18.0,-32.0,12.0,
1646992466655101776,-0.288879394531,0.0682983398438,0.405517578125,0.864501953125,-3540.0,-4683.0,7304.0,-13.0,-33.0,13.0,
1646992466660013914,-0.28857421875,0.0667114257812,0.406860351562,0.864135742188,-3591.0,-4532.0,7329.0,-9.0,-33.0,13.0,
1646992466668506860,-0.288024902344,0.065185546875,0.408264160156,0.86376953125,-3629.0,-4319.0,7331.0,-8.0,-34.0,14.0,
1646992466673187494,-0.287536621094,0.0636596679688,0.40966796875,0.863342285156,-3653.0,-4073.0,7304.0,-10.0,-34.0,14.0,
1646992466678587198,-0.287170410156,0.06201171875,0.411193847656,0.862854003906,-3677.0,-3823.0,7266.0,-13.0,-35.0,14.0,
1646992466683016538,-0.286987304688,0.060302734375,0.412719726562,0.8623046875,-3708.0,-3609.0,7211.0,-18.0,-36.0,14.0,
1646992466687020778,-0.287170410156,0.058349609375,0.414245605469,0.861694335938,-3757.0,-3469.0,7148.0,-25.0,-36.0,13.0,
1646992466691471338,-0.287780761719,0.0562133789062,0.415710449219,0.860900878906,-3818.0,-3400.0,7081.0,-32.0,-37.0,11.0,
1646992466695693492,-0.288818359375,0.0537719726562,0.417053222656,0.860046386719,-3878.0,-3418.0,7013.0,-39.0,-38.0,9.0,
1646992466703712463,-0.290222167969,0.051025390625,0.418395996094,0.859130859375,-3924.0,-3512.0,6939.0,-45.0,-39.0,7.0,
1646992466708892107,-0.2919921875,0.048095703125,0.419555664062,0.858093261719,-3945.0,-3669.0,6871.0,-50.0,-40.0,5.0,
1646992466715978860,-0.293884277344,0.0449829101562,0.420654296875,0.857055664062,-3931.0,-3867.0,6799.0,-52.0,-40.0,4.0,
1646992466719133377,-0.295837402344,0.0418090820312,0.421691894531,0.856079101562,-3899.0,-4074.0,6723.0,-51.0,-40.0,4.0,
1646992466724133729,-0.297729492188,0.0386962890625,0.422668457031,0.855041503906,-3856.0,-4261.0,6652.0,-49.0,-39.0,3.0,
1646992466728682279,-0.299438476562,0.0357055664062,0.423645019531,0.854125976562,-3806.0,-4423.0,6586.0,-45.0,-39.0,4.0,
1646992466734479427,-0.300903320312,0.0328369140625,0.424621582031,0.853210449219,-3763.0,-4539.0,6530.0,-41.0,-38.0,4.0,
1646992466739227533,-0.302124023438,0.0302124023438,0.425598144531,0.852416992188,-3735.0,-4606.0,6502.0,-36.0,-37.0,5.0,
1646992466743519306,-0.303100585938,0.0277099609375,0.426635742188,0.851623535156,-3709.0,-4621.0,6500.0,-32.0,-37.0,5.0,
1646992466748845815,-0.303833007812,0.0253295898438,0.427673339844,0.850952148438,-3672.0,-4581.0,6493.0,-29.0,-37.0,6.0,
1646992466753249883,-0.304443359375,0.0230712890625,0.4287109375,0.850280761719,-3624.0,-4489.0,6467.0,-27.0,-36.0,6.0,
1646992466757243394,-0.304931640625,0.0208740234375,0.429748535156,0.849609375,-3565.0,-4371.0,6430.0,-27.0,-36.0,6.0,
1646992466761291503,-0.305480957031,0.0186767578125,0.430786132812,0.848937988281,-3489.0,-4233.0,6385.0,-27.0,-35.0,5.0,
1646992466766254901,-0.306091308594,0.0164794921875,0.431823730469,0.848266601562,-3402.0,-4092.0,6332.0,-29.0,-35.0,5.0,
1646992466774171352,-0.306884765625,0.01416015625,0.432739257812,0.847534179688,-3306.0,-3968.0,6261.0,-32.0,-34.0,4.0,
1646992466778367757,-0.307861328125,0.0117797851562,0.433654785156,0.846740722656,-3213.0,-3864.0,6190.0,-36.0,-33.0,3.0,
1646992466782684087,-0.309020996094,0.00933837890625,0.434448242188,0.845947265625,-3117.0,-3815.0,6125.0,-40.0,-32.0,2.0,
1646992466787904262,-0.310485839844,0.00677490234375,0.435180664062,0.845031738281,-3016.0,-3844.0,6064.0,-44.0,-31.0,1.0,
1646992466792042016,-0.312194824219,0.00408935546875,0.435729980469,0.844177246094,-2913.0,-3941.0,6014.0,-46.0,-30.0,-1.0,
1646992466797630548,-0.314025878906,0.0013427734375,0.436157226562,0.84326171875,-2810.0,-4098.0,5985.0,-48.0,-28.0,-2.0,
1646992466801429986,-0.31591796875,-0.0013427734375,0.436462402344,0.842407226562,-2703.0,-4306.0,5977.0,-47.0,-27.0,-4.0,
1646992466808353185,-0.317810058594,-0.00408935546875,0.436645507812,0.841613769531,-2585.0,-4551.0,5991.0,-45.0,-25.0,-5.0,
1646992466813230276,-0.319580078125,-0.00665283203125,0.436706542969,0.840881347656,-2461.0,-4822.0,6038.0,-42.0,-24.0,-6.0,
1646992466819397449,-0.321166992188,-0.0091552734375,0.436645507812,0.840270996094,-2325.0,-5085.0,6078.0,-37.0,-22.0,-7.0,
1646992466824376821,-0.322448730469,-0.0114135742188,0.4365234375,0.83984375,-2198.0,-5327.0,6118.0,-30.0,-20.0,-8.0,
1646992466828912019,-0.323425292969,-0.0134887695312,0.436279296875,0.839538574219,-2078.0,-5522.0,6151.0,-23.0,-19.0,-8.0,
1646992466833693742,-0.324035644531,-0.0151977539062,0.43603515625,0.839416503906,-1972.0,-5667.0,6171.0,-16.0,-17.0,-9.0,
1646992466838243007,-0.324340820312,-0.0166625976562,0.435729980469,0.839416503906,-1891.0,-5766.0,6192.0,-9.0,-15.0,-9.0,
1646992466842789888,-0.324401855469,-0.0178833007812,0.435424804688,0.839538574219,-1844.0,-5828.0,6205.0,-3.0,-13.0,-9.0,
1646992466847379684,-0.324279785156,-0.018798828125,0.43505859375,0.839721679688,-1823.0,-5861.0,6235.0,1.0,-11.0,-9.0,
1646992466852133274,-0.323974609375,-0.01953125,0.434631347656,0.840026855469,-1816.0,-5852.0,6285.0,5.0,-10.0,-10.0,
1646992466856617212,-0.323486328125,-0.0200805664062,0.434265136719,0.840454101562,-1823.0,-5800.0,6327.0,8.0,-9.0,-10.0,
1646992466861417770,-0.322875976562,-0.0205078125,0.433898925781,0.840881347656,-1849.0,-5708.0,6354.0,10.0,-8.0,-10.0,
1646992466864815950,-0.322204589844,-0.0208129882812,0.433532714844,0.84130859375,-1883.0,-5592.0,6375.0,11.0,-7.0,-10.0,
1646992466872861623,-0.321472167969,-0.0210571289062,0.433166503906,0.841735839844,-1926.0,-5457.0,6400.0,11.0,-7.0,-10.0,
1646992466877539873,-0.320739746094,-0.021240234375,0.432861328125,0.842163085938,-1958.0,-5314.0,6429.0,10.0,-7.0,-10.0,
1646992466882079124,-0.320068359375,-0.0215454101562,0.432556152344,0.842590332031,-1973.0,-5181.0,6450.0,9.0,-8.0,-10.0,
1646992466886541128,-0.319458007812,-0.0219116210938,0.432189941406,0.842956542969,-1973.0,-5052.0,6471.0,6.0,-8.0,-10.0,
1646992466891222715,-0.318969726562,-0.0223999023438,0.431884765625,0.843322753906,-1961.0,-4939.0,6495.0,4.0,-8.0,-11.0,
1646992466894875764,-0.318542480469,-0.02294921875,0.431518554688,0.843627929688,-1938.0,-4839.0,6515.0,1.0,-9.0,-11.0,
1646992466902833938,-0.318298339844,-0.0235595703125,0.43115234375,0.843872070312,-1917.0,-4759.0,6517.0,-1.0,-9.0,-10.0,
1646992466907353401,-0.318115234375,-0.0242309570312,0.430847167969,0.844116210938,-1910.0,-4696.0,6510.0,-3.0,-9.0,-10.0,
1646992466912601709,-0.318115234375,-0.0249633789062,0.430541992188,0.84423828125,-1926.0,-4644.0,6495.0,-5.0,-9.0,-10.0,
1646992466918495655,-0.318176269531,-0.0256958007812,0.430236816406,0.844360351562,-1955.0,-4621.0,6482.0,-6.0,-9.0,-10.0,
1646992466928332567,-0.318298339844,-0.0264282226562,0.429931640625,0.844421386719,-1990.0,-4617.0,6469.0,-8.0,-10.0,-9.0,
1646992466929445028,-0.318481445312,-0.0272827148438,0.4296875,0.844482421875,-2022.0,-4623.0,6455.0,-8.0,-10.0,-9.0,
1646992466941515684,-0.318664550781,-0.028076171875,0.429504394531,0.844482421875,-2047.0,-4636.0,6449.0,-8.0,-10.0,-9.0,
1646992466941968441,-0.31884765625,-0.0289306640625,0.429321289062,0.844482421875,-2066.0,-4635.0,6460.0,-8.0,-11.0,-8.0,
1646992466943270206,-0.318908691406,-0.0296630859375,0.429138183594,0.844482421875,-2080.0,-4617.0,6501.0,-7.0,-11.0,-7.0,
1646992466947959899,-0.318786621094,-0.0303955078125,0.429077148438,0.844543457031,-2084.0,-4579.0,6543.0,-5.0,-11.0,-6.0,
1646992466952446937,-0.318664550781,-0.0310668945312,0.429077148438,0.844604492188,-2087.0,-4531.0,6590.0,-4.0,-12.0,-5.0,
1646992466956973552,-0.318420410156,-0.0317993164062,0.429138183594,0.844604492188,-2091.0,-4482.0,6632.0,-4.0,-12.0,-5.0,
1646992466961423397,-0.318176269531,-0.032470703125,0.429260253906,0.844604492188,-2092.0,-4432.0,6684.0,-4.0,-13.0,-4.0,
1646992466965025186,-0.31787109375,-0.0331420898438,0.429382324219,0.844665527344,-2101.0,-4389.0,6732.0,-4.0,-13.0,-4.0,
1646992466969862461,-0.317626953125,-0.0338134765625,0.429565429688,0.844604492188,-2116.0,-4356.0,6780.0,-4.0,-13.0,-3.0,
1646992466974344730,-0.3173828125,-0.0344848632812,0.429748535156,0.844604492188,-2131.0,-4331.0,6819.0,-5.0,-14.0,-2.0,
1646992466982582330,-0.317138671875,-0.03515625,0.429992675781,0.844543457031,-2156.0,-4312.0,6848.0,-4.0,-14.0,-2.0,
1646992466987180471,-0.31689453125,-0.0358276367188,0.430297851562,0.844421386719,-2177.0,-4292.0,6870.0,-4.0,-14.0,-1.0,
1646992466991684675,-0.316589355469,-0.0364379882812,0.4306640625,0.844360351562,-2199.0,-4274.0,6889.0,-4.0,-14.0,0.0,
1646992466996289491,-0.316284179688,-0.0369873046875,0.431091308594,0.84423828125,-2217.0,-4258.0,6889.0,-3.0,-15.0,1.0,
1646992466999735832,-0.315856933594,-0.0375366210938,0.431579589844,0.844116210938,-2238.0,-4224.0,6892.0,-2.0,-15.0,2.0,
1646992467007766008,-0.3154296875,-0.0380249023438,0.43212890625,0.843933105469,-2261.0,-4173.0,6898.0,0.0,-15.0,3.0,
1646992467012223958,-0.314880371094,-0.0384521484375,0.432739257812,0.843811035156,-2285.0,-4114.0,6890.0,0.0,-15.0,5.0,
1646992467017050981,-0.314331054688,-0.038818359375,0.433471679688,0.843627929688,-2312.0,-4039.0,6894.0,1.0,-15.0,6.0,
1646992467023600578,-0.313720703125,-0.0391235351562,0.434265136719,0.843444824219,-2337.0,-3957.0,6893.0,1.0,-15.0,7.0,
1646992467028357028,-0.313110351562,-0.0393676757812,0.435119628906,0.843200683594,-2353.0,-3880.0,6891.0,1.0,-16.0,9.0,
1646992467033087253,-0.3125,-0.0396728515625,0.436096191406,0.842956542969,-2367.0,-3808.0,6891.0,1.0,-16.0,10.0,
1646992467038631439,-0.311889648438,-0.0399780273438,0.437072753906,0.842651367188,-2367.0,-3751.0,6903.0,0.0,-16.0,11.0,
1646992467042165517,-0.311340332031,-0.040283203125,0.438110351562,0.84228515625,-2378.0,-3707.0,6897.0,0.0,-17.0,12.0,
1646992467046910762,-0.310791015625,-0.0406494140625,0.439208984375,0.841857910156,-2380.0,-3665.0,6890.0,-1.0,-17.0,13.0,
1646992467051570177,-0.310302734375,-0.041015625,0.440368652344,0.841430664062,-2361.0,-3626.0,6880.0,-2.0,-17.0,14.0,
1646992467056044340,-0.309875488281,-0.0414428710938,0.441589355469,0.840942382812,-2336.0,-3589.0,6857.0,-3.0,-17.0,15.0,
1646992467059509038,-0.309509277344,-0.0418701171875,0.442810058594,0.840393066406,-2307.0,-3560.0,6820.0,-5.0,-17.0,16.0,
1646992467067565202,-0.309265136719,-0.0422973632812,0.444091796875,0.83984375,-2283.0,-3536.0,6779.0,-6.0,-17.0,17.0,
1646992467072398424,-0.309020996094,-0.0427856445312,0.445373535156,0.839172363281,-2269.0,-3529.0,6741.0,-7.0,-17.0,18.0,
1646992467077099084,-0.308898925781,-0.043212890625,0.44677734375,0.838500976562,-2272.0,-3547.0,6704.0,-8.0,-17.0,19.0,
1646992467081502437,-0.308837890625,-0.0436401367188,0.448181152344,0.837768554688,-2286.0,-3594.0,6676.0,-8.0,-17.0,20.0,
1646992467087202310,-0.308776855469,-0.0440063476562,0.449584960938,0.836975097656,-2298.0,-3649.0,6658.0,-8.0,-16.0,21.0,
1646992467090446233,-0.308715820312,-0.0443725585938,0.451110839844,0.836181640625,-2317.0,-3711.0,6631.0,-7.0,-16.0,22.0,
1646992467094465017,-0.308715820312,-0.044677734375,0.452575683594,0.835327148438,-2326.0,-3776.0,6618.0,-6.0,-16.0,23.0,
1646992467103223323,-0.30859375,-0.0449829101562,0.454162597656,0.834533691406,-2332.0,-3838.0,6616.0,-5.0,-15.0,23.0,
1646992467107513666,-0.308471679688,-0.045166015625,0.455688476562,0.833740234375,-2327.0,-3904.0,6623.0,-4.0,-15.0,24.0,
1646992467112579584,-0.308227539062,-0.0452880859375,0.457275390625,0.832885742188,-2322.0,-3964.0,6620.0,-3.0,-15.0,25.0,
1646992467117256402,-0.307983398438,-0.0453491210938,0.458923339844,0.832092285156,-2319.0,-4024.0,6614.0,-1.0,-14.0,25.0,
1646992467123569250,-0.307678222656,-0.0453491210938,0.460571289062,0.831359863281,-2325.0,-4070.0,6624.0,1.0,-13.0,26.0,
1646992467129235744,-0.307312011719,-0.0452270507812,0.462219238281,0.83056640625,-2329.0,-4108.0,6637.0,2.0,-13.0,27.0,
1646992467133522987,-0.306884765625,-0.0450439453125,0.4638671875,0.829772949219,-2335.0,-4143.0,6663.0,3.0,-12.0,27.0,
1646992467138602018,-0.306457519531,-0.0448608398438,0.465515136719,0.829040527344,-2347.0,-4172.0,6699.0,4.0,-12.0,27.0,
1646992467142810821,-0.305969238281,-0.0445556640625,0.467224121094,0.828247070312,-2358.0,-4189.0,6724.0,5.0,-12.0,28.0,
1646992467147547245,-0.305480957031,-0.0443115234375,0.468933105469,0.827514648438,-2385.0,-4206.0,6748.0,5.0,-11.0,28.0,
1646992467151629686,-0.304992675781,-0.0440063476562,0.470642089844,0.826721191406,-2406.0,-4238.0,6782.0,5.0,-11.0,28.0,
1646992467156777381,-0.304504394531,-0.043701171875,0.472351074219,0.825988769531,-2429.0,-4278.0,6802.0,5.0,-12.0,28.0,
1646992467161681890,-0.304016113281,-0.0433959960938,0.474060058594,0.8251953125,-2454.0,-4340.0,6810.0,5.0,-12.0,28.0,
1646992467165063381,-0.303527832031,-0.0431518554688,0.475708007812,0.824401855469,-2487.0,-4429.0,6804.0,6.0,-12.0,28.0,
1646992467170652389,-0.303039550781,-0.0429077148438,0.477416992188,0.823608398438,-2496.0,-4543.0,6814.0,7.0,-13.0,28.0,
1646992467178240776,-0.302368164062,-0.042724609375,0.479125976562,0.822875976562,-2483.0,-4675.0,6821.0,9.0,-13.0,28.0,
1646992467183103322,-0.301635742188,-0.0423583984375,0.480773925781,0.822204589844,-2446.0,-4791.0,6797.0,13.0,-13.0,28.0,
1646992467187238454,-0.30078125,-0.0419311523438,0.482360839844,0.821594238281,-2394.0,-4871.0,6757.0,17.0,-11.0,28.0,
1646992467192749500,-0.299682617188,-0.041259765625,0.484008789062,0.821105957031,-2325.0,-4893.0,6706.0,21.0,-9.0,28.0,
1646992467197103023,-0.298461914062,-0.0403442382812,0.485595703125,0.820617675781,-2262.0,-4859.0,6647.0,25.0,-7.0,29.0,
1646992467201694011,-0.297119140625,-0.039306640625,0.487243652344,0.820190429688,-2209.0,-4787.0,6576.0,28.0,-6.0,29.0,
1646992467205262422,-0.295654296875,-0.0380249023438,0.488830566406,0.81982421875,-2158.0,-4685.0,6511.0,30.0,-4.0,30.0,
1646992467213317394,-0.294128417969,-0.0366821289062,0.490478515625,0.819458007812,-2115.0,-4572.0,6459.0,30.0,-3.0,30.0,
1646992467217898130,-0.292663574219,-0.0352783203125,0.492065429688,0.819091796875,-2070.0,-4461.0,6402.0,30.0,-2.0,29.0,
1646992467221626043,-0.291320800781,-0.0338745117188,0.493591308594,0.818725585938,-2018.0,-4353.0,6367.0,29.0,-1.0,29.0,
1646992467229036092,-0.2900390625,-0.032470703125,0.4951171875,0.818298339844,-1970.0,-4254.0,6319.0,26.0,1.0,29.0,
1646992467233500719,-0.289001464844,-0.0311279296875,0.49658203125,0.81787109375,-1950.0,-4169.0,6286.0,24.0,2.0,29.0,
1646992467238778352,-0.2880859375,-0.0297241210938,0.497985839844,0.8173828125,-1959.0,-4095.0,6249.0,21.0,3.0,28.0,
1646992467243725538,-0.287414550781,-0.0284423828125,0.499328613281,0.816833496094,-1995.0,-4058.0,6241.0,17.0,4.0,28.0,
1646992467248540401,-0.286926269531,-0.0272827148438,0.500671386719,0.816162109375,-2021.0,-4059.0,6263.0,14.0,3.0,27.0,
1646992467253014802,-0.286560058594,-0.0262451171875,0.501953125,0.815551757812,-2037.0,-4101.0,6284.0,11.0,3.0,26.0,
1646992467257920980,-0.286315917969,-0.0252075195312,0.503173828125,0.81494140625,-2044.0,-4179.0,6330.0,10.0,4.0,25.0,
1646992467262383699,-0.2861328125,-0.0242309570312,0.504333496094,0.814331054688,-2062.0,-4288.0,6407.0,10.0,5.0,25.0,
1646992467266899824,-0.286010742188,-0.023193359375,0.50537109375,0.813720703125,-2090.0,-4419.0,6498.0,10.0,6.0,24.0,
1646992467270570993,-0.285888671875,-0.022216796875,0.506408691406,0.813171386719,-2134.0,-4551.0,6595.0,11.0,7.0,23.0,
1646992467278473615,-0.285705566406,-0.0211181640625,0.50732421875,0.812683105469,-2194.0,-4655.0,6682.0,12.0,7.0,22.0,
1646992467283036470,-0.285522460938,-0.02001953125,0.508239746094,0.812194824219,-2262.0,-4711.0,6765.0,13.0,7.0,21.0,
1646992467287442922,-0.285278320312,-0.0188598632812,0.509094238281,0.811767578125,-2328.0,-4723.0,6830.0,13.0,7.0,20.0,
1646992467292305707,-0.285034179688,-0.0177001953125,0.509948730469,0.811401367188,-2379.0,-4684.0,6882.0,13.0,7.0,19.0,
1646992467297002077,-0.284790039062,-0.0166015625,0.5107421875,0.810974121094,-2413.0,-4614.0,6916.0,11.0,7.0,18.0,
1646992467300172328,-0.28466796875,-0.015625,0.511474609375,0.810607910156,-2414.0,-4547.0,6934.0,9.0,7.0,17.0,
1646992467308895587,-0.284606933594,-0.0148315429688,0.512145996094,0.810180664062,-2400.0,-4491.0,6940.0,6.0,6.0,16.0,
1646992467312466859,-0.284790039062,-0.01416015625,0.512756347656,0.809753417969,-2377.0,-4472.0,6948.0,2.0,6.0,15.0,
1646992467317055225,-0.285095214844,-0.0136108398438,0.513305664062,0.809326171875,-2353.0,-4474.0,6949.0,-1.0,6.0,14.0,
1646992467322572708,-0.285583496094,-0.0132446289062,0.513854980469,0.808837890625,-2342.0,-4493.0,6976.0,-4.0,6.0,13.0,
1646992467330282688,-0.286193847656,-0.0130004882812,0.514282226562,0.808349609375,-2340.0,-4510.0,7007.0,-7.0,6.0,12.0,
1646992467333806991,-0.286865234375,-0.0128173828125,0.514709472656,0.807800292969,-2355.0,-4517.0,7035.0,-9.0,6.0,11.0,
1646992467338936090,-0.28759765625,-0.0126953125,0.51513671875,0.807312011719,-2384.0,-4539.0,7059.0,-10.0,5.0,10.0,
1646992467344402074,-0.288452148438,-0.0126953125,0.515502929688,0.806762695312,-2406.0,-4578.0,7079.0,-12.0,4.0,9.0,
1646992467349521875,-0.289306640625,-0.0127563476562,0.515808105469,0.806274414062,-2424.0,-4635.0,7090.0,-13.0,3.0,8.0,
1646992467352684974,-0.290222167969,-0.0130004882812,0.516052246094,0.805786132812,-2432.0,-4683.0,7099.0,-14.0,3.0,7.0,
1646992467358387231,-0.291076660156,-0.0132446289062,0.516296386719,0.805297851562,-2424.0,-4727.0,7116.0,-14.0,2.0,6.0,
1646992467361776828,-0.291931152344,-0.0136108398438,0.516540527344,0.804809570312,-2412.0,-4774.0,7122.0,-14.0,1.0,6.0,
1646992467365332841,-0.292724609375,-0.013916015625,0.516784667969,0.804382324219,-2397.0,-4814.0,7141.0,-13.0,0.0,6.0,
1646992467369658470,-0.293395996094,-0.0143432617188,0.517028808594,0.803955078125,-2360.0,-4850.0,7158.0,-12.0,-1.0,6.0,
1646992467378436088,-0.294006347656,-0.0147094726562,0.517272949219,0.803527832031,-2312.0,-4875.0,7156.0,-11.0,-1.0,6.0,
1646992467382632493,-0.294494628906,-0.01513671875,0.517578125,0.803161621094,-2260.0,-4878.0,7163.0,-10.0,-2.0,6.0,
1646992467389005422,-0.294921875,-0.0155029296875,0.517883300781,0.802795410156,-2207.0,-4872.0,7161.0,-9.0,-2.0,6.0,
1646992467394598722,-0.295227050781,-0.015869140625,0.518188476562,0.802490234375,-2161.0,-4852.0,7157.0,-7.0,-2.0,7.0,
1646992467399764060,-0.295471191406,-0.0161743164062,0.5185546875,0.802185058594,-2120.0,-4817.0,7147.0,-6.0,-3.0,7.0,
