1647272819446285009,0.767395019531,0.177368164062,-0.598327636719,0.14697265625,-9785.0,-52.0,-2324.0,-3.0,18.0,2.0,
1647272819451107501,0.76806640625,0.177612304688,-0.597473144531,0.14697265625,-9695.0,-62.0,-2349.0,-4.0,17.0,2.0,
1647272819455663681,0.768615722656,0.177795410156,-0.596618652344,0.14697265625,-9625.0,-72.0,-2377.0,-4.0,16.0,1.0,
1647272819460953235,0.769165039062,0.178100585938,-0.595886230469,0.14697265625,-9575.0,-79.0,-2420.0,-4.0,14.0,1.0,
1647272819464920997,0.769653320312,0.178283691406,-0.595153808594,0.14697265625,-9530.0,-73.0,-2460.0,-4.0,13.0,0.0,
1647272819469503164,0.770141601562,0.178527832031,-0.594482421875,0.14697265625,-9488.0,-76.0,-2485.0,-3.0,12.0,0.0,
1647272819474066257,0.770568847656,0.178771972656,-0.593811035156,0.146911621094,-9469.0,-96.0,-2514.0,-3.0,12.0,0.0,
1647272819478753328,0.771057128906,0.179077148438,-0.593139648438,0.146850585938,-9463.0,-104.0,-2535.0,-4.0,12.0,-1.0,
1647272819483281612,0.771545410156,0.179382324219,-0.592407226562,0.146789550781,-9450.0,-102.0,-2531.0,-4.0,14.0,-1.0,
1647272819487991571,0.772216796875,0.179748535156,-0.591491699219,0.146728515625,-9403.0,-91.0,-2535.0,-4.0,18.0,-1.0,
1647272819491699218,0.77294921875,0.180053710938,-0.590454101562,0.146606445312,-9342.0,-75.0,-2532.0,-4.0,21.0,0.0,
1647272819499836444,0.773742675781,0.180419921875,-0.589294433594,0.146545410156,-9286.0,-58.0,-2532.0,-4.0,23.0,-1.0,
1647272819504398345,0.774597167969,0.180908203125,-0.588012695312,0.146362304688,-9220.0,-38.0,-2531.0,-4.0,25.0,-2.0,
1647272819508839607,0.775634765625,0.181396484375,-0.586608886719,0.146057128906,-9132.0,-21.0,-2535.0,-4.0,28.0,-3.0,
1647272819513424873,0.776733398438,0.181945800781,-0.585083007812,0.145751953125,-9028.0,-16.0,-2545.0,-4.0,31.0,-4.0,
1647272819517985105,0.77783203125,0.1826171875,-0.58349609375,0.145324707031,-8916.0,-20.0,-2574.0,-4.0,33.0,-5.0,
1647272819521477460,0.778991699219,0.183288574219,-0.581848144531,0.144897460938,-8794.0,-18.0,-2609.0,-4.0,33.0,-5.0,
1647272819529903888,0.780090332031,0.183898925781,-0.580322265625,0.144470214844,-8666.0,-20.0,-2647.0,-4.0,31.0,-5.0,
1647272819534535884,0.781127929688,0.184448242188,-0.578857421875,0.144165039062,-8533.0,-31.0,-2687.0,-3.0,29.0,-4.0,
1647272819542239665,0.781982421875,0.184936523438,-0.577514648438,0.143798828125,-8418.0,-42.0,-2739.0,-3.0,25.0,-3.0,
1647272819547172307,0.782775878906,0.185363769531,-0.576416015625,0.143493652344,-8335.0,-42.0,-2792.0,-2.0,21.0,-4.0,
1647272819551935434,0.783447265625,0.185791015625,-0.575439453125,0.143127441406,-8263.0,-46.0,-2841.0,-2.0,18.0,-4.0,
1647272819556509256,0.784057617188,0.186157226562,-0.574584960938,0.142822265625,-8188.0,-64.0,-2891.0,-1.0,15.0,-4.0,
1647272819561009883,0.784545898438,0.1865234375,-0.573913574219,0.142456054688,-8122.0,-86.0,-2926.0,-1.0,13.0,-5.0,
1647272819566273212,0.784912109375,0.186889648438,-0.573364257812,0.14208984375,-8074.0,-98.0,-2955.0,0.0,9.0,-5.0,
1647272819570663690,0.785095214844,0.187255859375,-0.573059082031,0.141723632812,-8054.0,-105.0,-2984.0,0.0,5.0,-6.0,
1647272819575349569,0.78515625,0.187683105469,-0.572937011719,0.141418457031,-8064.0,-121.0,-2991.0,-1.0,2.0,-7.0,
1647272819580051422,0.78515625,0.188049316406,-0.572875976562,0.14111328125,-8089.0,-142.0,-2986.0,-1.0,0.0,-8.0,
1647272819584902048,0.78515625,0.188537597656,-0.572814941406,0.140808105469,-8093.0,-164.0,-2964.0,-1.0,1.0,-8.0,
1647272819589941024,0.785217285156,0.18896484375,-0.572692871094,0.140502929688,-8065.0,-179.0,-2935.0,-2.0,2.0,-8.0,
1647272819594219923,0.785278320312,0.189392089844,-0.572509765625,0.140258789062,-8028.0,-190.0,-2889.0,-2.0,3.0,-7.0,
1647272819599088430,0.785339355469,0.189880371094,-0.572326660156,0.140075683594,-8006.0,-189.0,-2834.0,-3.0,4.0,-6.0,
1647272819603480815,0.785400390625,0.190307617188,-0.572143554688,0.139953613281,-8006.0,-177.0,-2783.0,-4.0,4.0,-6.0,
1647272819608199834,0.785522460938,0.190673828125,-0.57177734375,0.139892578125,-7987.0,-145.0,-2728.0,-4.0,6.0,-4.0,
1647272819613444328,0.785827636719,0.190979003906,-0.571350097656,0.139831542969,-7948.0,-116.0,-2657.0,-4.0,9.0,-3.0,
1647272819620196580,0.786193847656,0.191284179688,-0.570739746094,0.139770507812,-7901.0,-91.0,-2595.0,-3.0,12.0,-3.0,
1647272819625446319,0.78662109375,0.191589355469,-0.570068359375,0.1396484375,-7853.0,-69.0,-2539.0,-3.0,15.0,-3.0,
1647272819630146503,0.787109375,0.191955566406,-0.569274902344,0.139587402344,-7795.0,-51.0,-2482.0,-4.0,16.0,-3.0,
1647272819634622573,0.78759765625,0.192260742188,-0.568481445312,0.139465332031,-7740.0,-41.0,-2437.0,-4.0,16.0,-2.0,
1647272819641201257,0.7880859375,0.192565917969,-0.567749023438,0.139404296875,-7701.0,-30.0,-2409.0,-4.0,16.0,-2.0,
1647272819646667718,0.788635253906,0.19287109375,-0.56689453125,0.139404296875,-7661.0,-18.0,-2404.0,-4.0,16.0,-1.0,
1647272819651641845,0.789123535156,0.193176269531,-0.566101074219,0.139343261719,-7631.0,-1.0,-2415.0,-4.0,16.0,-2.0,
1647272819656374216,0.789672851562,0.193542480469,-0.565307617188,0.139282226562,-7619.0,11.0,-2444.0,-4.0,15.0,-3.0,
1647272819660975694,0.790100097656,0.193908691406,-0.564575195312,0.13916015625,-7614.0,19.0,-2483.0,-4.0,14.0,-3.0,
1647272819665602922,0.79052734375,0.194274902344,-0.563903808594,0.139099121094,-7608.0,20.0,-2530.0,-4.0,13.0,-3.0,
1647272819670931100,0.790893554688,0.194641113281,-0.563232421875,0.139038085938,-7590.0,11.0,-2580.0,-4.0,12.0,-3.0,
1647272819674730539,0.791259765625,0.194946289062,-0.562622070312,0.138977050781,-7563.0,1.0,-2618.0,-4.0,10.0,-3.0,
1647272819679551839,0.79150390625,0.195251464844,-0.562194824219,0.138977050781,-7562.0,-6.0,-2648.0,-4.0,7.0,-2.0,
1647272819684094667,0.791564941406,0.195556640625,-0.561950683594,0.139038085938,-7596.0,-9.0,-2679.0,-5.0,3.0,-2.0,
1647272819688634634,0.791564941406,0.195739746094,-0.561828613281,0.139221191406,-7640.0,4.0,-2706.0,-5.0,1.0,-1.0,
1647272819693559885,0.791564941406,0.195861816406,-0.561767578125,0.139404296875,-7658.0,27.0,-2711.0,-4.0,0.0,0.0,
1647272819698436498,0.791564941406,0.195922851562,-0.561706542969,0.1396484375,-7665.0,49.0,-2706.0,-4.0,-1.0,1.0,
1647272819703121900,0.79150390625,0.195922851562,-0.561706542969,0.139953613281,-7682.0,59.0,-2690.0,-4.0,-2.0,2.0,
1647272819706627607,0.791442871094,0.195861816406,-0.561767578125,0.140319824219,-7712.0,67.0,-2675.0,-4.0,-3.0,2.0,
1647272819714735269,0.791320800781,0.19580078125,-0.561828613281,0.140686035156,-7759.0,77.0,-2664.0,-4.0,-3.0,3.0,
1647272819719351053,0.791259765625,0.195739746094,-0.561828613281,0.141052246094,-7803.0,80.0,-2644.0,-5.0,-2.0,3.0,
1647272819724502563,0.791320800781,0.195678710938,-0.561706542969,0.141418457031,-7828.0,87.0,-2625.0,-5.0,0.0,4.0,
1647272819728798389,0.791381835938,0.195617675781,-0.5615234375,0.141784667969,-7828.0,91.0,-2603.0,-5.0,3.0,5.0,
1647272819733507156,0.791564941406,0.195556640625,-0.561157226562,0.142150878906,-7831.0,90.0,-2601.0,-5.0,5.0,5.0,
1647272819738282442,0.791809082031,0.195556640625,-0.560791015625,0.142517089844,-7836.0,98.0,-2604.0,-6.0,6.0,4.0,
1647272819744953393,0.7919921875,0.195556640625,-0.560363769531,0.142883300781,-7838.0,112.0,-2605.0,-6.0,6.0,4.0,
1647272819750140905,0.792236328125,0.195617675781,-0.559936523438,0.143188476562,-7830.0,125.0,-2628.0,-6.0,7.0,3.0,
1647272819755178451,0.792541503906,0.195617675781,-0.559448242188,0.143493652344,-7815.0,142.0,-2654.0,-5.0,7.0,3.0,
1647272819759555578,0.792785644531,0.195617675781,-0.559020996094,0.143798828125,-7798.0,152.0,-2683.0,-5.0,6.0,3.0,
1647272819764110326,0.79296875,0.195678710938,-0.558715820312,0.14404296875,-7795.0,154.0,-2717.0,-5.0,4.0,3.0,
1647272819768707036,0.793090820312,0.195678710938,-0.558471679688,0.144287109375,-7805.0,167.0,-2748.0,-4.0,3.0,2.0,
1647272819773225069,0.793151855469,0.195739746094,-0.558288574219,0.14453125,-7819.0,179.0,-2780.0,-4.0,1.0,1.0,
1647272819777986288,0.793151855469,0.19580078125,-0.558227539062,0.144714355469,-7833.0,195.0,-2803.0,-4.0,0.0,0.0,
1647272819785116672,0.793151855469,0.195861816406,-0.558166503906,0.144836425781,-7846.0,202.0,-2828.0,-3.0,-1.0,0.0,
1647272819789778947,0.793090820312,0.195983886719,-0.558166503906,0.14501953125,-7880.0,213.0,-2848.0,-3.0,-2.0,-1.0,
1647272819794406175,0.79296875,0.196044921875,-0.558288574219,0.145141601562,-7927.0,217.0,-2864.0,-3.0,-3.0,-1.0,
1647272819799064397,0.792846679688,0.196105957031,-0.558349609375,0.145263671875,-7980.0,210.0,-2887.0,-2.0,-3.0,-1.0,
1647272819803704261,0.792846679688,0.196166992188,-0.558349609375,0.145324707031,-8025.0,208.0,-2902.0,-2.0,-1.0,-1.0,
1647272819808351039,0.792907714844,0.196228027344,-0.558227539062,0.145385742188,-8047.0,185.0,-2910.0,-2.0,2.0,-1.0,
1647272819813122034,0.793090820312,0.196350097656,-0.557983398438,0.145385742188,-8047.0,151.0,-2918.0,-2.0,5.0,-1.0,
1647272819817956924,0.793273925781,0.196533203125,-0.5576171875,0.145324707031,-8048.0,129.0,-2910.0,-3.0,6.0,-1.0,
1647272819824886798,0.793518066406,0.196716308594,-0.557189941406,0.145385742188,-8078.0,122.0,-2909.0,-3.0,7.0,-1.0,
1647272819829324483,0.793823242188,0.196838378906,-0.556701660156,0.145385742188,-8101.0,110.0,-2908.0,-3.0,9.0,0.0,
1647272819834123849,0.794250488281,0.197021484375,-0.556030273438,0.145385742188,-8078.0,90.0,-2906.0,-3.0,12.0,1.0,
1647272819838631868,0.794738769531,0.197082519531,-0.555297851562,0.145446777344,-8006.0,68.0,-2899.0,-3.0,14.0,2.0,
1647272819844067811,0.795288085938,0.197204589844,-0.554504394531,0.145446777344,-7941.0,56.0,-2879.0,-3.0,14.0,2.0,
1647272819850454807,0.795715332031,0.197387695312,-0.553771972656,0.1455078125,-7893.0,58.0,-2858.0,-4.0,13.0,2.0,
1647272819855254888,0.796142578125,0.197509765625,-0.553100585938,0.145568847656,-7829.0,70.0,-2832.0,-4.0,13.0,1.0,
1647272819860070943,0.796569824219,0.197692871094,-0.552429199219,0.145629882812,-7757.0,62.0,-2808.0,-4.0,13.0,1.0,
1647272819864623308,0.796936035156,0.197937011719,-0.551818847656,0.145751953125,-7688.0,45.0,-2775.0,-5.0,11.0,0.0,
1647272819869184494,0.797119140625,0.198120117188,-0.551330566406,0.145874023438,-7619.0,41.0,-2760.0,-5.0,8.0,1.0,
1647272819873941421,0.797302246094,0.1982421875,-0.551025390625,0.146118164062,-7563.0,42.0,-2749.0,-6.0,4.0,2.0,
1647272819878431558,0.797302246094,0.198303222656,-0.550903320312,0.146484375,-7527.0,41.0,-2740.0,-6.0,0.0,3.0,
1647272819883167028,0.797241210938,0.198303222656,-0.550903320312,0.146911621094,-7523.0,65.0,-2742.0,-7.0,-2.0,3.0,
1647272819888055086,0.797058105469,0.198303222656,-0.550964355469,0.147399902344,-7555.0,91.0,-2735.0,-7.0,-4.0,3.0,
1647272819895274162,0.796936035156,0.198364257812,-0.551086425781,0.147888183594,-7609.0,110.0,-2737.0,-7.0,-4.0,2.0,
1647272819899779081,0.796813964844,0.198486328125,-0.551086425781,0.148315429688,-7658.0,123.0,-2737.0,-7.0,-2.0,2.0,
1647272819905060052,0.796752929688,0.198608398438,-0.551025390625,0.148681640625,-7698.0,128.0,-2749.0,-7.0,0.0,1.0,
1647272819909265995,0.796752929688,0.198791503906,-0.55078125,0.149047851562,-7732.0,176.0,-2885.0,-7.0,2.0,1.0,
1647272819914068698,0.796752929688,0.198913574219,-0.55078125,0.149230957031,-7713.0,323.0,-2945.0,-4.0,-3.0,-2.0,
1647272819918685674,0.796508789062,0.199035644531,-0.551025390625,0.149353027344,-7833.0,347.0,-3031.0,-2.0,-8.0,-6.0,
1647272819923343420,0.796081542969,0.199340820312,-0.551513671875,0.149291992188,-8117.0,191.0,-3084.0,-1.0,-10.0,-9.0,
1647272819928441286,0.795776367188,0.199768066406,-0.551879882812,0.148986816406,-8348.0,39.0,-3146.0,-1.0,-5.0,-8.0,
1647272819932994127,0.7958984375,0.2001953125,-0.551696777344,0.148559570312,-8366.0,-38.0,-3182.0,0.0,5.0,-5.0,
1647272819939941883,0.796264648438,0.200500488281,-0.551147460938,0.148193359375,-8246.0,-42.0,-3203.0,0.0,11.0,-3.0,
1647272819946344614,0.796569824219,0.200744628906,-0.550659179688,0.148010253906,-8175.0,-34.0,-3213.0,-1.0,8.0,-3.0,
1647272819951166868,0.796630859375,0.201049804688,-0.550537109375,0.147888183594,-8244.0,-39.0,-3207.0,-2.0,1.0,-5.0,
1647272819956080913,0.796508789062,0.201416015625,-0.550537109375,0.147766113281,-8371.0,-70.0,-3176.0,-3.0,0.0,-6.0,
1647272819960923671,0.796569824219,0.201782226562,-0.550354003906,0.147644042969,-8424.0,-109.0,-3155.0,-3.0,5.0,-5.0,
1647272819965479135,0.796813964844,0.2021484375,-0.549926757812,0.1474609375,-8369.0,-117.0,-3148.0,-3.0,10.0,-4.0,
1647272819970105886,0.797180175781,0.202514648438,-0.54931640625,0.147277832031,-8277.0,-96.0,-3132.0,-3.0,12.0,-3.0,
1647272819977011919,0.797485351562,0.202880859375,-0.548767089844,0.147094726562,-8211.0,-79.0,-3121.0,-3.0,10.0,-4.0,
1647272819979556083,0.797729492188,0.203247070312,-0.54833984375,0.14697265625,-8192.0,-54.0,-3103.0,-3.0,8.0,-5.0,
1647272819987009048,0.797912597656,0.20361328125,-0.547973632812,0.146850585938,-8168.0,-31.0,-3089.0,-3.0,8.0,-5.0,
1647272819989004850,0.798217773438,0.203918457031,-0.547424316406,0.146606445312,-8115.0,-16.0,-3069.0,-2.0,11.0,-4.0,
1647272819993580341,0.798645019531,0.204284667969,-0.546813964844,0.146362304688,-8043.0,9.0,-3041.0,-2.0,13.0,-4.0,
1647272820000583410,0.799011230469,0.204650878906,-0.546142578125,0.146118164062,-7965.0,19.0,-3037.0,-2.0,14.0,-5.0,
1647272820005254745,0.799499511719,0.205017089844,-0.54541015625,0.145874023438,-7898.0,26.0,-3033.0,-2.0,15.0,-5.0,
1647272820010129928,0.799987792969,0.205444335938,-0.544616699219,0.145568847656,-7840.0,29.0,-3039.0,-2.0,16.0,-5.0,
1647272820025603055,0.800537109375,0.205932617188,-0.543701171875,0.145202636719,-7779.0,28.0,-3055.0,-2.0,17.0,-6.0,
1647272820026350021,0.801086425781,0.206481933594,-0.542785644531,0.144836425781,-7712.0,30.0,-3088.0,-2.0,19.0,-6.0,
1647272820026724100,0.801696777344,0.206970214844,-0.541809082031,0.14453125,-7643.0,42.0,-3132.0,-2.0,19.0,-6.0,
1647272820038737297,0.802307128906,0.207458496094,-0.540832519531,0.144104003906,-7587.0,58.0,-3168.0,-2.0,19.0,-6.0,
1647272820039505243,0.802917480469,0.207946777344,-0.539855957031,0.143676757812,-7531.0,72.0,-3209.0,-1.0,19.0,-6.0,
1647272820040155649,0.803466796875,0.208374023438,-0.538879394531,0.143249511719,-7490.0,72.0,-3255.0,-1.0,18.0,-7.0,
1647272820045411586,0.804016113281,0.208801269531,-0.5380859375,0.142822265625,-7471.0,70.0,-3289.0,0.0,16.0,-7.0,
1647272820052079200,0.804443359375,0.209289550781,-0.537353515625,0.142333984375,-7457.0,52.0,-3297.0,0.0,14.0,-7.0,
1647272820057056427,0.804748535156,0.209716796875,-0.536804199219,0.141906738281,-7469.0,27.0,-3312.0,0.0,11.0,-7.0,
1647272820061591625,0.804992675781,0.210144042969,-0.536437988281,0.141540527344,-7494.0,24.0,-3307.0,0.0,8.0,-8.0,
1647272820066351175,0.805114746094,0.210571289062,-0.5361328125,0.141174316406,-7503.0,38.0,-3308.0,0.0,6.0,-8.0,
1647272820071149826,0.805236816406,0.2109375,-0.535888671875,0.140930175781,-7510.0,37.0,-3286.0,0.0,5.0,-7.0,
1647272820075756311,0.805297851562,0.211242675781,-0.535766601562,0.140686035156,-7532.0,22.0,-3242.0,-1.0,4.0,-6.0,
1647272820080339193,0.805297851562,0.211547851562,-0.535705566406,0.140563964844,-7580.0,5.0,-3206.0,-2.0,2.0,-6.0,
1647272820085036754,0.805236816406,0.211853027344,-0.53564453125,0.140441894531,-7635.0,13.0,-3202.0,-2.0,2.0,-5.0,
1647272820089779138,0.805297851562,0.212158203125,-0.535461425781,0.140319824219,-7669.0,50.0,-3203.0,-2.0,3.0,-5.0,
1647272820094569206,0.805419921875,0.21240234375,-0.535217285156,0.140258789062,-7704.0,82.0,-3212.0,-2.0,6.0,-4.0,
1647272820099455118,0.8056640625,0.212646484375,-0.534790039062,0.140197753906,-7766.0,90.0,-3235.0,-2.0,8.0,-4.0,
1647272820103783130,0.805969238281,0.212951660156,-0.534301757812,0.140014648438,-7865.0,80.0,-3217.0,-2.0,11.0,-5.0,
1647272820108378410,0.806396484375,0.21337890625,-0.533508300781,0.139770507812,-7958.0,50.0,-3178.0,-3.0,17.0,-5.0,
1647272820113106489,0.807006835938,0.213928222656,-0.532409667969,0.139526367188,-7985.0,8.0,-3130.0,-4.0,24.0,-5.0,
1647272820120094537,0.807922363281,0.214538574219,-0.530883789062,0.139221191406,-7933.0,8.0,-3096.0,-5.0,32.0,-4.0,
1647272820124624013,0.808898925781,0.215209960938,-0.529113769531,0.138854980469,-7831.0,84.0,-3078.0,-6.0,36.0,-5.0,
1647272820129426956,0.809997558594,0.215881347656,-0.527282714844,0.138549804688,-7682.0,181.0,-3099.0,-5.0,37.0,-6.0,
1647272820134249687,0.811096191406,0.216491699219,-0.525451660156,0.138244628906,-7565.0,207.0,-3056.0,-4.0,36.0,-6.0,
1647272820139047145,0.812133789062,0.217102050781,-0.523742675781,0.137939453125,-7469.0,130.0,-3035.0,-5.0,34.0,-5.0,
1647272820143810272,0.813049316406,0.217712402344,-0.522094726562,0.137634277344,-7355.0,28.0,-3008.0,-6.0,33.0,-3.0,
1647272820148740053,0.813842773438,0.218322753906,-0.520568847656,0.137512207031,-7201.0,17.0,-3063.0,-8.0,29.0,-2.0,
1647272820154992103,0.814636230469,0.218872070312,-0.519165039062,0.137390136719,-7043.0,93.0,-3187.0,-7.0,25.0,-2.0,
1647272820160018920,0.815368652344,0.219055175781,-0.517883300781,0.137512207031,-6869.0,157.0,-3250.0,-5.0,20.0,1.0,
1647272820164763689,0.816040039062,0.218933105469,-0.516784667969,0.137756347656,-6692.0,109.0,-3279.0,-4.0,16.0,6.0,
1647272820169351577,0.816589355469,0.21875,-0.515991210938,0.138122558594,-6571.0,-24.0,-3291.0,-6.0,10.0,9.0,
1647272820173869132,0.816833496094,0.218688964844,-0.515502929688,0.138610839844,-6514.0,-121.0,-3287.0,-9.0,4.0,10.0,
1647272820178745746,0.816833496094,0.218627929688,-0.515319824219,0.139343261719,-6506.0,-131.0,-3277.0,-12.0,-2.0,9.0,
1647272820183248758,0.816589355469,0.218566894531,-0.515441894531,0.140319824219,-6560.0,-88.0,-3264.0,-14.0,-7.0,8.0,
1647272820188084125,0.816223144531,0.218566894531,-0.515686035156,0.141418457031,-6684.0,-32.0,-3242.0,-14.0,-11.0,6.0,
1647272820195076465,0.815795898438,0.218566894531,-0.51611328125,0.142456054688,-6816.0,11.0,-3220.0,-14.0,-12.0,5.0,
1647272820199803113,0.8154296875,0.218566894531,-0.516418457031,0.143310546875,-6906.0,34.0,-3225.0,-12.0,-10.0,4.0,
1647272820204309225,0.815185546875,0.218627929688,-0.516662597656,0.143981933594,-6940.0,92.0,-3224.0,-9.0,-7.0,3.0,
1647272820209069490,0.81494140625,0.218566894531,-0.516845703125,0.144653320312,-6979.0,118.0,-3220.0,-8.0,-7.0,3.0,
1647272820213562250,0.814697265625,0.218444824219,-0.51708984375,0.145324707031,-7054.0,83.0,-3223.0,-8.0,-8.0,4.0,
1647272820218239307,0.814392089844,0.218322753906,-0.517456054688,0.145874023438,-7136.0,51.0,-3251.0,-7.0,-9.0,5.0,
1647272820223012208,0.814147949219,0.21826171875,-0.517761230469,0.146484375,-7233.0,53.0,-3254.0,-7.0,-9.0,4.0,
1647272820230252027,0.813842773438,0.218139648438,-0.51806640625,0.147155761719,-7340.0,45.0,-3268.0,-8.0,-9.0,5.0,
1647272820234771013,0.813537597656,0.218017578125,-0.518371582031,0.147766113281,-7447.0,38.0,-3283.0,-8.0,-8.0,6.0,
1647272820239562988,0.813354492188,0.217895507812,-0.518615722656,0.1484375,-7531.0,29.0,-3303.0,-8.0,-7.0,6.0,
1647272820244220972,0.813110351562,0.217834472656,-0.518859863281,0.148986816406,-7616.0,28.0,-3321.0,-7.0,-7.0,5.0,
1647272820248928785,0.812866210938,0.2177734375,-0.519104003906,0.149597167969,-7726.0,12.0,-3326.0,-8.0,-7.0,4.0,
1647272820253804683,0.812622070312,0.2177734375,-0.519348144531,0.150085449219,-7836.0,2.0,-3361.0,-8.0,-6.0,3.0,
1647272820260345697,0.812377929688,0.217712402344,-0.51953125,0.150573730469,-7850.0,65.0,-3411.0,-7.0,-6.0,3.0,
1647272820265029668,0.812194824219,0.217712402344,-0.519714355469,0.151000976562,-7878.0,101.0,-3421.0,-5.0,-7.0,2.0,
1647272820269815921,0.811767578125,0.217712402344,-0.520202636719,0.151428222656,-8005.0,62.0,-3441.0,-5.0,-10.0,-1.0,
1647272820274302244,0.811401367188,0.217895507812,-0.520751953125,0.151611328125,-8165.0,26.0,-3507.0,-4.0,-10.0,-2.0,
1647272820279666662,0.811157226562,0.217956542969,-0.52099609375,0.151672363281,-8223.0,39.0,-3581.0,-2.0,-5.0,-2.0,
1647272820283813238,0.811279296875,0.218017578125,-0.520874023438,0.151550292969,-8166.0,66.0,-3636.0,1.0,1.0,-1.0,
1647272820288517236,0.811462402344,0.217956542969,-0.520690917969,0.1513671875,-8084.0,50.0,-3655.0,2.0,4.0,0.0,
1647272820293499946,0.811584472656,0.218017578125,-0.5205078125,0.151123046875,-8042.0,18.0,-3666.0,1.0,3.0,-1.0,
1647272820300405740,0.811645507812,0.218139648438,-0.520385742188,0.150939941406,-8036.0,-6.0,-3667.0,0.0,2.0,-3.0,
1647272820305557012,0.811706542969,0.218383789062,-0.520263671875,0.150756835938,-8030.0,-7.0,-3668.0,-1.0,3.0,-3.0,
1647272820309819936,0.811889648438,0.218566894531,-0.519958496094,0.150573730469,-7987.0,9.0,-3651.0,-1.0,6.0,-3.0,
1647272820314440011,0.812072753906,0.218811035156,-0.519592285156,0.150451660156,-7918.0,33.0,-3628.0,-1.0,7.0,-2.0,
1647272820319030046,0.812377929688,0.218994140625,-0.519165039062,0.150329589844,-7849.0,72.0,-3610.0,-1.0,8.0,-2.0,
1647272820323629856,0.812622070312,0.219177246094,-0.518676757812,0.150146484375,-7795.0,132.0,-3601.0,-1.0,8.0,-3.0,
1647272820328190803,0.812927246094,0.219299316406,-0.518188476562,0.149963378906,-7750.0,185.0,-3584.0,0.0,9.0,-3.0,
1647272820335208177,0.813293457031,0.219421386719,-0.517639160156,0.149658203125,-7698.0,233.0,-3577.0,2.0,11.0,-3.0,
1647272820339748144,0.813720703125,0.219482421875,-0.517028808594,0.149291992188,-7643.0,259.0,-3586.0,3.0,13.0,-3.0,
1647272820344363689,0.814270019531,0.219543457031,-0.516296386719,0.148803710938,-7578.0,273.0,-3594.0,4.0,15.0,-3.0,
1647272820349264144,0.814819335938,0.219604492188,-0.515502929688,0.148315429688,-7515.0,278.0,-3608.0,5.0,16.0,-3.0,
1647272820353786706,0.8154296875,0.2197265625,-0.514709472656,0.147827148438,-7451.0,288.0,-3621.0,4.0,16.0,-2.0,
1647272820360249519,0.815979003906,0.219787597656,-0.513854980469,0.147338867188,-7389.0,294.0,-3636.0,4.0,16.0,-2.0,
1647272820365181684,0.816589355469,0.219848632812,-0.513061523438,0.146911621094,-7322.0,301.0,-3649.0,3.0,16.0,-2.0,
1647272820370015382,0.817138671875,0.219909667969,-0.51220703125,0.146545410156,-7252.0,305.0,-3680.0,3.0,16.0,-1.0,
1647272820374794244,0.817687988281,0.219970703125,-0.511413574219,0.146118164062,-7164.0,310.0,-3712.0,3.0,14.0,-1.0,
1647272820379960775,0.818237304688,0.219970703125,-0.510681152344,0.145751953125,-7089.0,315.0,-3749.0,3.0,13.0,-1.0,
1647272820384191751,0.818664550781,0.219970703125,-0.510070800781,0.145446777344,-7033.0,312.0,-3787.0,3.0,10.0,0.0,
1647272820388650417,0.819091796875,0.219909667969,-0.509521484375,0.145202636719,-6996.0,293.0,-3744.0,3.0,8.0,0.0,
1647272820393500089,0.8193359375,0.219848632812,-0.509155273438,0.145080566406,-6998.0,238.0,-3660.0,1.0,6.0,1.0,
1647272820400452613,0.819396972656,0.219970703125,-0.508972167969,0.145202636719,-7067.0,185.0,-3644.0,-4.0,3.0,0.0,
1647272820405015468,0.8193359375,0.220153808594,-0.508911132812,0.145385742188,-7176.0,190.0,-3653.0,-6.0,0.0,0.0,
1647272820409743070,0.8193359375,0.220336914062,-0.508850097656,0.145629882812,-7298.0,247.0,-3626.0,-5.0,0.0,-1.0,
1647272820414475202,0.8193359375,0.220336914062,-0.508728027344,0.145874023438,-7387.0,285.0,-3588.0,-4.0,2.0,0.0,
1647272820418951511,0.819458007812,0.220397949219,-0.508483886719,0.146057128906,-7443.0,284.0,-3556.0,-3.0,5.0,1.0,
1647272820423736810,0.819580078125,0.220458984375,-0.508239746094,0.146240234375,-7493.0,263.0,-3538.0,-4.0,6.0,1.0,
1647272820428371906,0.819702148438,0.220581054688,-0.507934570312,0.146301269531,-7555.0,249.0,-3537.0,-4.0,6.0,0.0,
1647272820435585737,0.81982421875,0.220764160156,-0.507568359375,0.146423339844,-7618.0,228.0,-3527.0,-4.0,7.0,-1.0,
1647272820440196514,0.820007324219,0.220947265625,-0.507202148438,0.146484375,-7664.0,215.0,-3546.0,-4.0,8.0,-1.0,
1647272820444844245,0.820251464844,0.221130371094,-0.506713867188,0.146484375,-7704.0,212.0,-3566.0,-4.0,9.0,-1.0,
1647272820449825286,0.820556640625,0.221374511719,-0.506164550781,0.146484375,-7741.0,214.0,-3595.0,-4.0,10.0,-2.0,
1647272820454542160,0.82080078125,0.2216796875,-0.505615234375,0.146484375,-7775.0,207.0,-3631.0,-4.0,11.0,-2.0,
1647272820460940122,0.821105957031,0.221984863281,-0.505004882812,0.146362304688,-7790.0,191.0,-3666.0,-3.0,12.0,-3.0,
1647272820465915679,0.821472167969,0.222351074219,-0.504333496094,0.146240234375,-7778.0,172.0,-3719.0,-3.0,13.0,-3.0,
1647272820470973253,0.821838378906,0.222717285156,-0.503601074219,0.146118164062,-7743.0,151.0,-3748.0,-3.0,13.0,-3.0,
1647272820475332498,0.822143554688,0.223083496094,-0.5029296875,0.14599609375,-7696.0,134.0,-3805.0,-4.0,12.0,-4.0,
1647272820480099439,0.822448730469,0.223449707031,-0.502258300781,0.145874023438,-7638.0,112.0,-3830.0,-4.0,11.0,-4.0,
1647272820484790086,0.82275390625,0.223815917969,-0.501647949219,0.145812988281,-7579.0,84.0,-3846.0,-4.0,10.0,-3.0,
1647272820489861011,0.822998046875,0.224182128906,-0.501098632812,0.145751953125,-7517.0,64.0,-3850.0,-5.0,10.0,-2.0,
1647272820494549512,0.8232421875,0.224548339844,-0.500549316406,0.145812988281,-7469.0,45.0,-3842.0,-6.0,9.0,-2.0,
1647272820499182224,0.823425292969,0.224914550781,-0.500061035156,0.145874023438,-7442.0,23.0,-3835.0,-7.0,8.0,-3.0,
1647272820503692388,0.823547363281,0.225402832031,-0.499572753906,0.146057128906,-7424.0,17.0,-3833.0,-8.0,7.0,-3.0,
1647272820508374214,0.823669433594,0.225769042969,-0.499145507812,0.146240234375,-7405.0,16.0,-3844.0,-8.0,7.0,-2.0,
1647272820515515089,0.823852539062,0.226196289062,-0.498657226562,0.146423339844,-7385.0,7.0,-3838.0,-8.0,7.0,-2.0,
1647272820520418405,0.823974609375,0.2265625,-0.498168945312,0.146667480469,-7354.0,-10.0,-3828.0,-8.0,7.0,-2.0,
1647272820524906396,0.824096679688,0.226928710938,-0.497741699219,0.146850585938,-7338.0,-15.0,-3829.0,-8.0,6.0,-2.0,
1647272820529772758,0.82421875,0.227294921875,-0.497375488281,0.147094726562,-7342.0,-34.0,-3830.0,-8.0,5.0,-2.0,
1647272820534317493,0.824279785156,0.227722167969,-0.496948242188,0.147338867188,-7361.0,-66.0,-3854.0,-9.0,6.0,-2.0,
1647272820538879394,0.824401855469,0.228088378906,-0.496459960938,0.147521972656,-7374.0,-93.0,-3885.0,-8.0,7.0,-1.0,
1647272820543604135,0.824645996094,0.228515625,-0.495910644531,0.147583007812,-7380.0,-106.0,-3913.0,-7.0,9.0,-2.0,
1647272820548350095,0.824829101562,0.228881835938,-0.495361328125,0.147705078125,-7381.0,-102.0,-3944.0,-7.0,9.0,-2.0,
1647272820555278062,0.825073242188,0.229309082031,-0.494750976562,0.147705078125,-7379.0,-100.0,-3961.0,-6.0,10.0,-2.0,
1647272820561009883,0.825378417969,0.229614257812,-0.494140625,0.147766113281,-7365.0,-112.0,-3992.0,-6.0,10.0,-2.0,
1647272820567533254,0.82568359375,0.22998046875,-0.493469238281,0.147705078125,-7341.0,-131.0,-4034.0,-5.0,11.0,-2.0,
1647272820572422027,0.825988769531,0.230285644531,-0.492797851562,0.147583007812,-7313.0,-141.0,-4022.0,-4.0,11.0,-1.0,
1647272820576960563,0.826293945312,0.230651855469,-0.4921875,0.147583007812,-7294.0,-126.0,-4031.0,-5.0,10.0,-2.0,
1647272820581677913,0.826477050781,0.23095703125,-0.491638183594,0.147644042969,-7293.0,-110.0,-4019.0,-6.0,8.0,-2.0,
1647272820586322546,0.82666015625,0.231323242188,-0.491149902344,0.147766113281,-7335.0,-121.0,-3993.0,-7.0,8.0,-2.0,
1647272820591058254,0.826965332031,0.231750488281,-0.490417480469,0.14794921875,-7390.0,-127.0,-3976.0,-9.0,12.0,-1.0,
1647272820595852136,0.827331542969,0.232177734375,-0.489562988281,0.148010253906,-7347.0,-95.0,-3962.0,-8.0,16.0,0.0,
1647272820600453615,0.827819824219,0.232421875,-0.488525390625,0.148254394531,-7217.0,-79.0,-3942.0,-8.0,17.0,2.0,
1647272820605171680,0.828308105469,0.232604980469,-0.487548828125,0.148498535156,-7125.0,-120.0,-3918.0,-8.0,16.0,3.0,
1647272820609848022,0.82861328125,0.23291015625,-0.48681640625,0.148681640625,-7125.0,-129.0,-3894.0,-9.0,11.0,2.0,
1647272820615635395,0.828735351562,0.233276367188,-0.486328125,0.149047851562,-7149.0,-66.0,-3889.0,-10.0,8.0,0.0,
1647272820619163990,0.828979492188,0.233581542969,-0.485656738281,0.1494140625,-7163.0,-4.0,-3892.0,-10.0,10.0,1.0,
1647272820623997688,0.829284667969,0.233825683594,-0.484924316406,0.149719238281,-7132.0,7.0,-3882.0,-9.0,12.0,1.0,
1647272820628502845,0.829650878906,0.234008789062,-0.484130859375,0.150024414062,-7076.0,-22.0,-3886.0,-8.0,12.0,3.0,
1647272820635835409,0.829956054688,0.234191894531,-0.483337402344,0.150268554688,-7023.0,-43.0,-3897.0,-8.0,12.0,3.0,
1647272820640637636,0.830261230469,0.234436035156,-0.482727050781,0.150512695312,-6982.0,-36.0,-3918.0,-8.0,9.0,3.0,
1647272820645329475,0.830505371094,0.234619140625,-0.482116699219,0.15087890625,-6955.0,-10.0,-3945.0,-8.0,7.0,3.0,
1647272820651003599,0.830688476562,0.234741210938,-0.481628417969,0.151245117188,-6940.0,10.0,-3968.0,-8.0,6.0,3.0,
1647272820664361000,0.830871582031,0.23486328125,-0.481140136719,0.151611328125,-6926.0,24.0,-3994.0,-8.0,5.0,3.0,
1647272820666955709,0.830993652344,0.234985351562,-0.480651855469,0.151977539062,-6904.0,26.0,-4024.0,-8.0,5.0,3.0,
1647272820677265644,0.831420898438,0.235229492188,-0.479431152344,0.153259277344,-6869.0,20.0,-4106.0,-9.0,2.0,4.0,
1647272820684330224,0.83154296875,0.235290527344,-0.479064941406,0.153747558594,-6882.0,30.0,-4129.0,-9.0,2.0,5.0,
1647272820692074775,0.831726074219,0.2353515625,-0.478393554688,0.154846191406,-6891.0,44.0,-4160.0,-10.0,2.0,6.0,
1647272820695724487,0.831787109375,0.2353515625,-0.47802734375,0.155517578125,-6892.0,53.0,-4161.0,-11.0,2.0,6.0,
1647272820700284481,0.831848144531,0.2353515625,-0.477722167969,0.156188964844,-6909.0,62.0,-4153.0,-11.0,0.0,6.0,
1647272820705030202,0.831848144531,0.235290527344,-0.4775390625,0.156921386719,-6942.0,73.0,-4143.0,-12.0,-1.0,7.0,
1647272820709781408,0.831787109375,0.235290527344,-0.477355957031,0.157653808594,-6977.0,87.0,-4128.0,-12.0,-1.0,7.0,
1647272820714374303,0.831787109375,0.235229492188,-0.477111816406,0.158447265625,-7009.0,108.0,-4118.0,-12.0,-1.0,7.0,
1647272820719166278,0.831787109375,0.235168457031,-0.476928710938,0.159301757812,-7030.0,133.0,-4105.0,-12.0,-1.0,8.0,
1647272820723679065,0.831787109375,0.235107421875,-0.476684570312,0.16015625,-7049.0,151.0,-4091.0,-13.0,0.0,8.0,
1647272820728424787,0.831726074219,0.235046386719,-0.476440429688,0.161010742188,-7072.0,163.0,-4071.0,-13.0,-1.0,8.0,
1647272820735621690,0.831726074219,0.234985351562,-0.476196289062,0.161926269531,-7105.0,169.0,-4066.0,-13.0,0.0,9.0,
1647272820740135908,0.831787109375,0.23486328125,-0.475830078125,0.162841796875,-7123.0,172.0,-4068.0,-14.0,1.0,9.0,
1647272820744861602,0.831848144531,0.234802246094,-0.475402832031,0.163818359375,-7138.0,167.0,-4069.0,-15.0,2.0,10.0,
1647272820749686479,0.831970214844,0.234741210938,-0.474914550781,0.164794921875,-7146.0,162.0,-4058.0,-16.0,3.0,11.0,
1647272820754227161,0.832092285156,0.234680175781,-0.474365234375,0.165832519531,-7146.0,166.0,-4062.0,-17.0,4.0,11.0,
1647272820758950233,0.832214355469,0.234619140625,-0.473754882812,0.167053222656,-7148.0,171.0,-4062.0,-19.0,5.0,12.0,
1647272820765490293,0.832336425781,0.234558105469,-0.473022460938,0.168273925781,-7149.0,175.0,-4073.0,-20.0,5.0,13.0,
1647272820774726867,0.83251953125,0.234558105469,-0.472290039062,0.169616699219,-7142.0,191.0,-4086.0,-22.0,6.0,14.0,
1647272820780937194,0.832946777344,0.234436035156,-0.470581054688,0.172607421875,-7125.0,259.0,-4140.0,-24.0,7.0,16.0,
1647272820785703897,0.833190917969,0.234436035156,-0.469543457031,0.174072265625,-7112.0,307.0,-4160.0,-24.0,8.0,15.0,
1647272820790333271,0.833435058594,0.234436035156,-0.468505859375,0.175598144531,-7106.0,357.0,-4175.0,-25.0,9.0,15.0,
1647272820794872522,0.833679199219,0.234497070312,-0.467468261719,0.177124023438,-7109.0,414.0,-4187.0,-25.0,10.0,14.0,
1647272820799678325,0.833984375,0.234558105469,-0.466369628906,0.178649902344,-7108.0,467.0,-4199.0,-25.0,11.0,14.0,
1647272820804076433,0.834289550781,0.234619140625,-0.465209960938,0.180114746094,-7098.0,515.0,-4210.0,-24.0,12.0,14.0,
1647272820808919191,0.834594726562,0.234741210938,-0.463989257812,0.181518554688,-7079.0,551.0,-4213.0,-24.0,12.0,13.0,
1647272820813549995,0.8349609375,0.23486328125,-0.462829589844,0.182922363281,-7061.0,588.0,-4225.0,-23.0,13.0,13.0,
1647272820820811510,0.835266113281,0.234985351562,-0.461669921875,0.184204101562,-7047.0,624.0,-4232.0,-23.0,12.0,12.0,
1647272820825559377,0.835571289062,0.235107421875,-0.460571289062,0.185546875,-7038.0,663.0,-4251.0,-23.0,12.0,12.0,
1647272820830267190,0.835815429688,0.235168457031,-0.45947265625,0.186889648438,-7028.0,691.0,-4255.0,-23.0,10.0,12.0,
1647272820835003614,0.835998535156,0.235290527344,-0.45849609375,0.188232421875,-7016.0,718.0,-4262.0,-23.0,9.0,12.0,
1647272820842225313,0.836181640625,0.235412597656,-0.45751953125,0.189636230469,-7011.0,736.0,-4267.0,-23.0,8.0,12.0,
1647272820844835758,0.836364746094,0.235534667969,-0.456604003906,0.191101074219,-7014.0,753.0,-4264.0,-24.0,8.0,12.0,
1647272820849945068,0.836486816406,0.235595703125,-0.455688476562,0.192565917969,-7012.0,776.0,-4254.0,-25.0,8.0,13.0,
1647272820854204893,0.836608886719,0.235717773438,-0.454711914062,0.194152832031,-7003.0,810.0,-4248.0,-26.0,8.0,13.0,
1647272820858632564,0.836730957031,0.23583984375,-0.453735351562,0.195861816406,-6990.0,845.0,-4251.0,-27.0,8.0,14.0,
1647272820863856315,0.836791992188,0.235900878906,-0.452758789062,0.197570800781,-6979.0,877.0,-4248.0,-29.0,7.0,14.0,
1647272820872158765,0.836853027344,0.236022949219,-0.451843261719,0.199401855469,-6978.0,919.0,-4243.0,-29.0,6.0,14.0,
1647272820879483938,0.836853027344,0.236145019531,-0.450927734375,0.201232910156,-6999.0,964.0,-4260.0,-30.0,5.0,14.0,
1647272820886008262,0.836791992188,0.236572265625,-0.449340820312,0.204711914062,-7024.0,1079.0,-4270.0,-28.0,4.0,11.0,
1647272820890482902,0.836730957031,0.23681640625,-0.448547363281,0.206359863281,-7033.0,1142.0,-4259.0,-27.0,4.0,10.0,
1647272820895294904,0.836669921875,0.236999511719,-0.447814941406,0.207885742188,-7038.0,1192.0,-4244.0,-26.0,5.0,9.0,
1647272820900071144,0.836669921875,0.237243652344,-0.447021484375,0.209350585938,-7020.0,1227.0,-4234.0,-24.0,5.0,8.0,
1647272820904750347,0.836669921875,0.237426757812,-0.4462890625,0.210693359375,-6983.0,1251.0,-4241.0,-23.0,5.0,8.0,
1647272820909247159,0.836608886719,0.237670898438,-0.445617675781,0.211975097656,-6952.0,1259.0,-4240.0,-22.0,4.0,8.0,
1647272820913995027,0.836608886719,0.237854003906,-0.445007324219,0.213195800781,-6933.0,1256.0,-4240.0,-21.0,3.0,7.0,
1647272820918531179,0.836547851562,0.237976074219,-0.444458007812,0.21435546875,-6925.0,1261.0,-4236.0,-20.0,2.0,7.0,
1647272820925596237,0.836486816406,0.238098144531,-0.443908691406,0.215576171875,-6924.0,1261.0,-4230.0,-20.0,2.0,8.0,
1647272820930304527,0.836486816406,0.238159179688,-0.443298339844,0.216796875,-6903.0,1257.0,-4229.0,-20.0,3.0,9.0,
1647272820935116767,0.836486816406,0.238220214844,-0.442626953125,0.218078613281,-6867.0,1250.0,-4233.0,-21.0,4.0,11.0,
1647272820971771955,0.836486816406,0.23828125,-0.44189453125,0.219482421875,-6834.0,1249.0,-4230.0,-23.0,4.0,12.0,
1647272820986022710,0.836486816406,0.238342285156,-0.441162109375,0.221008300781,-6804.0,1246.0,-4235.0,-25.0,3.0,13.0,
1647272820986767053,0.83642578125,0.238342285156,-0.4404296875,0.222717285156,-6780.0,1252.0,-4237.0,-27.0,2.0,14.0,
1647272821002933502,0.836303710938,0.238342285156,-0.439575195312,0.224609375,-6761.0,1259.0,-4236.0,-30.0,2.0,16.0,
1647272821033255577,0.836242675781,0.238342285156,-0.438720703125,0.226623535156,-6742.0,1271.0,-4241.0,-32.0,2.0,18.0,
1647272821033888339,0.836181640625,0.238220214844,-0.437744140625,0.228881835938,-6718.0,1295.0,-4247.0,-34.0,2.0,20.0,
1647272821034340143,0.836120605469,0.238098144531,-0.436706542969,0.231201171875,-6699.0,1334.0,-4242.0,-37.0,3.0,22.0,
1647272821034708738,0.835998535156,0.237915039062,-0.435607910156,0.233764648438,-6681.0,1374.0,-4244.0,-39.0,3.0,24.0,
1647272821035062551,0.8359375,0.237731933594,-0.434448242188,0.236450195312,-6667.0,1421.0,-4231.0,-40.0,3.0,25.0,
1647272821035994529,0.835876464844,0.237487792969,-0.433166503906,0.239196777344,-6656.0,1482.0,-4224.0,-42.0,3.0,27.0,
1647272821036352157,0.835815429688,0.237182617188,-0.431884765625,0.242065429688,-6650.0,1549.0,-4207.0,-42.0,4.0,28.0,
1647272821036716222,0.835754394531,0.236877441406,-0.430541992188,0.244995117188,-6642.0,1612.0,-4210.0,-43.0,5.0,29.0,
1647272821037117242,0.835754394531,0.236511230469,-0.429077148438,0.247863769531,-6625.0,1677.0,-4198.0,-43.0,5.0,30.0,
1647272821038697481,0.835693359375,0.236083984375,-0.427673339844,0.250793457031,-6613.0,1741.0,-4203.0,-43.0,5.0,30.0,
1647272821039212226,0.835693359375,0.235656738281,-0.42626953125,0.253662109375,-6598.0,1803.0,-4202.0,-42.0,5.0,30.0,
1647272821039753675,0.835693359375,0.235168457031,-0.424865722656,0.256469726562,-6578.0,1868.0,-4198.0,-40.0,6.0,30.0,
1647272821040256500,0.835754394531,0.234619140625,-0.423400878906,0.259155273438,-6555.0,1918.0,-4198.0,-38.0,6.0,31.0,
1647272821040720939,0.835754394531,0.234008789062,-0.422058105469,0.261779785156,-6535.0,1967.0,-4212.0,-37.0,5.0,31.0,
1647272821041243553,0.835815429688,0.233337402344,-0.420654296875,0.264343261719,-6506.0,2008.0,-4214.0,-36.0,5.0,31.0,
1647272821041804075,0.835876464844,0.232666015625,-0.419372558594,0.266845703125,-6482.0,2052.0,-4220.0,-35.0,4.0,31.0,
1647272821042312145,0.8359375,0.23193359375,-0.418151855469,0.269348144531,-6474.0,2096.0,-4230.0,-34.0,3.0,31.0,
1647272821044050216,0.835876464844,0.231140136719,-0.4169921875,0.271850585938,-6482.0,2144.0,-4229.0,-33.0,1.0,31.0,
1647272821048715829,0.835876464844,0.230285644531,-0.415893554688,0.274353027344,-6503.0,2192.0,-4225.0,-33.0,1.0,32.0,
1647272821055606126,0.835876464844,0.229431152344,-0.414733886719,0.276794433594,-6532.0,2246.0,-4225.0,-32.0,1.0,32.0,
1647272821060468673,0.835815429688,0.228576660156,-0.413635253906,0.279235839844,-6551.0,2301.0,-4228.0,-32.0,2.0,32.0,
1647272821065029859,0.835876464844,0.227722167969,-0.412414550781,0.281616210938,-6566.0,2366.0,-4240.0,-31.0,3.0,32.0,
1647272821070066690,0.8359375,0.226806640625,-0.411193847656,0.283874511719,-6582.0,2431.0,-4251.0,-30.0,3.0,32.0,
1647272821076622486,0.836059570312,0.225891113281,-0.409973144531,0.2861328125,-6587.0,2481.0,-4267.0,-29.0,4.0,32.0,
1647272821081694126,0.836181640625,0.224975585938,-0.40869140625,0.288330078125,-6584.0,2527.0,-4265.0,-28.0,5.0,32.0,
1647272821086606502,0.836303710938,0.224060058594,-0.407348632812,0.290466308594,-6572.0,2573.0,-4261.0,-27.0,6.0,32.0,
1647272821098945140,0.836486816406,0.223266601562,-0.406005859375,0.292541503906,-6553.0,2623.0,-4254.0,-27.0,7.0,30.0,
1647272821126367568,0.836608886719,0.222473144531,-0.404663085938,0.294555664062,-6535.0,2673.0,-4258.0,-27.0,6.0,29.0,
1647272821127502679,0.836730957031,0.2216796875,-0.403381347656,0.296630859375,-6514.0,2717.0,-4258.0,-27.0,5.0,28.0,
1647272821127929449,0.836730957031,0.220947265625,-0.402221679688,0.298645019531,-6503.0,2763.0,-4262.0,-27.0,4.0,28.0,
1647272821128382682,0.836730957031,0.22021484375,-0.401184082031,0.300720214844,-6499.0,2815.0,-4254.0,-27.0,2.0,27.0,
1647272821128805637,0.836608886719,0.219482421875,-0.400207519531,0.302795410156,-6502.0,2870.0,-4248.0,-27.0,0.0,26.0,
1647272821129115104,0.836547851562,0.218688964844,-0.399353027344,0.304748535156,-6498.0,2925.0,-4251.0,-26.0,-1.0,25.0,
1647272821129412174,0.83642578125,0.217895507812,-0.398559570312,0.306640625,-6495.0,2980.0,-4251.0,-24.0,-2.0,25.0,
1647272821130259275,0.836303710938,0.217102050781,-0.397888183594,0.308471679688,-6494.0,3023.0,-4242.0,-22.0,-4.0,24.0,
1647272821135082483,0.836120605469,0.216247558594,-0.397338867188,0.310180664062,-6497.0,3073.0,-4236.0,-20.0,-5.0,23.0,
1647272821140604496,0.835998535156,0.21533203125,-0.396911621094,0.311767578125,-6501.0,3118.0,-4233.0,-18.0,-6.0,22.0,
1647272821145511388,0.835815429688,0.21435546875,-0.396606445312,0.313232421875,-6502.0,3160.0,-4229.0,-16.0,-8.0,22.0,
1647272821149320602,0.835693359375,0.213317871094,-0.396301269531,0.314636230469,-6511.0,3204.0,-4242.0,-14.0,-9.0,22.0,
1647272821154253721,0.835571289062,0.212280273438,-0.396179199219,0.31591796875,-6530.0,3245.0,-4254.0,-12.0,-10.0,22.0,
1647272821159945249,0.83544921875,0.211120605469,-0.396057128906,0.317138671875,-6551.0,3293.0,-4265.0,-10.0,-11.0,22.0,
1647272821165953636,0.835327148438,0.209899902344,-0.395935058594,0.318298339844,-6572.0,3349.0,-4281.0,-8.0,-11.0,22.0,
1647272821171200513,0.835327148438,0.208618164062,-0.395812988281,0.3193359375,-6592.0,3400.0,-4296.0,-6.0,-10.0,23.0,
1647272821212876319,0.835388183594,0.207214355469,-0.395629882812,0.3203125,-6594.0,3436.0,-4314.0,-4.0,-10.0,24.0,
1647272821214184761,0.835510253906,0.205688476562,-0.395446777344,0.321228027344,-6592.0,3466.0,-4335.0,-3.0,-9.0,26.0,
1647272821214491605,0.835632324219,0.204162597656,-0.395202636719,0.322082519531,-6591.0,3505.0,-4345.0,-2.0,-9.0,26.0,
1647272821214769363,0.835815429688,0.202575683594,-0.394958496094,0.322937011719,-6592.0,3543.0,-4352.0,-1.0,-8.0,26.0,
1647272821215035200,0.836059570312,0.201049804688,-0.394714355469,0.32373046875,-6594.0,3594.0,-4351.0,-1.0,-8.0,26.0,
1647272821215248584,0.836242675781,0.199462890625,-0.394470214844,0.324523925781,-6601.0,3660.0,-4374.0,0.0,-8.0,26.0,
1647272821215499401,0.83642578125,0.197875976562,-0.394165039062,0.325317382812,-6623.0,3734.0,-4400.0,0.0,-8.0,26.0,
1647272821215801954,0.836608886719,0.196228027344,-0.393920898438,0.326110839844,-6640.0,3817.0,-4429.0,0.0,-9.0,27.0,
1647272821216212034,0.836791992188,0.194519042969,-0.393676757812,0.326965332031,-6660.0,3907.0,-4448.0,0.0,-9.0,27.0,
1647272821220620393,0.836975097656,0.192810058594,-0.393432617188,0.327880859375,-6698.0,4003.0,-4471.0,0.0,-10.0,28.0,
1647272821225370883,0.837158203125,0.190979003906,-0.393188476562,0.328735351562,-6739.0,4102.0,-4480.0,0.0,-10.0,29.0,
1647272821230174303,0.837341308594,0.189086914062,-0.392944335938,0.329650878906,-6775.0,4197.0,-4493.0,2.0,-10.0,29.0,
1647272821234963178,0.837585449219,0.187133789062,-0.392700195312,0.330444335938,-6797.0,4288.0,-4514.0,3.0,-10.0,31.0,
1647272821239432334,0.837829589844,0.18505859375,-0.392456054688,0.331237792969,-6807.0,4379.0,-4528.0,5.0,-10.0,32.0,
1647272821244187593,0.838134765625,0.182800292969,-0.392272949219,0.331909179688,-6819.0,4474.0,-4529.0,7.0,-11.0,33.0,
1647272821251324892,0.838439941406,0.180419921875,-0.39208984375,0.332580566406,-6820.0,4558.0,-4530.0,9.0,-12.0,34.0,
1647272821255911111,0.8388671875,0.177917480469,-0.391967773438,0.333129882812,-6813.0,4622.0,-4523.0,12.0,-13.0,36.0,
1647272821260630130,0.839233398438,0.175231933594,-0.391906738281,0.333618164062,-6795.0,4673.0,-4499.0,14.0,-14.0,37.0,
1647272821303384542,0.839599609375,0.172424316406,-0.391967773438,0.334106445312,-6773.0,4703.0,-4497.0,15.0,-16.0,38.0,
1647272821304385423,0.840026855469,0.169555664062,-0.39208984375,0.334411621094,-6736.0,4734.0,-4500.0,17.0,-18.0,38.0,
1647272821305838823,0.840393066406,0.166564941406,-0.392333984375,0.334655761719,-6663.0,4747.0,-4509.0,20.0,-20.0,38.0,
1647272821318168401,0.8408203125,0.163452148438,-0.392639160156,0.334716796875,-6559.0,4750.0,-4508.0,23.0,-22.0,38.0,
1647272821318378448,0.841247558594,0.160217285156,-0.393188476562,0.334594726562,-6440.0,4732.0,-4497.0,26.0,-24.0,37.0,
1647272821318576335,0.841613769531,0.156921386719,-0.393920898438,0.334411621094,-6352.0,4708.0,-4486.0,28.0,-29.0,36.0,
1647272821319023847,0.841796875,0.153564453125,-0.39501953125,0.334167480469,-6311.0,4690.0,-4468.0,29.0,-35.0,35.0,
1647272821319538831,0.841857910156,0.150085449219,-0.396484375,0.333862304688,-6320.0,4679.0,-4468.0,30.0,-40.0,34.0,
1647272821331529617,0.841796875,0.146728515625,-0.398071289062,0.333557128906,-6347.0,4674.0,-4455.0,30.0,-43.0,33.0,
1647272821331941366,0.841735839844,0.143371582031,-0.399780273438,0.333190917969,-6379.0,4679.0,-4432.0,31.0,-44.0,31.0,
1647272821332313537,0.841613769531,0.140197753906,-0.401550292969,0.332763671875,-6447.0,4693.0,-4391.0,30.0,-43.0,28.0,
1647272821332675218,0.84130859375,0.137145996094,-0.403442382812,0.332458496094,-6576.0,4714.0,-4364.0,28.0,-45.0,26.0,
1647272821333028316,0.840881347656,0.13427734375,-0.405517578125,0.332275390625,-6781.0,4754.0,-4336.0,25.0,-47.0,24.0,
1647272821333391427,0.840270996094,0.131530761719,-0.407775878906,0.332153320312,-7029.0,4818.0,-4330.0,22.0,-49.0,22.0,
1647272821335491657,0.839538574219,0.129028320312,-0.410095214844,0.33203125,-7272.0,4913.0,-4335.0,20.0,-49.0,18.0,
1647272821340133190,0.8388671875,0.126770019531,-0.412353515625,0.331848144531,-7470.0,5025.0,-4315.0,21.0,-47.0,14.0,
1647272821344797372,0.838256835938,0.124572753906,-0.414611816406,0.331481933594,-7610.0,5109.0,-4294.0,23.0,-45.0,12.0,
1647272821349396705,0.837646484375,0.122375488281,-0.416931152344,0.330871582031,-7704.0,5150.0,-4262.0,26.0,-45.0,10.0,
1647272821354957818,0.837097167969,0.1201171875,-0.419372558594,0.330078125,-7772.0,5156.0,-4217.0,29.0,-47.0,9.0,
1647272821361157178,0.83642578125,0.117797851562,-0.422058105469,0.3291015625,-7834.0,5125.0,-4141.0,33.0,-51.0,8.0,
1647272821365989208,0.835754394531,0.115356445312,-0.424987792969,0.327941894531,-7878.0,5085.0,-4055.0,36.0,-55.0,6.0,
1647272821370532035,0.834899902344,0.112854003906,-0.428283691406,0.32666015625,-7886.0,5021.0,-3936.0,38.0,-60.0,5.0,
1647272821375103235,0.833923339844,0.110229492188,-0.431945800781,0.325317382812,-7860.0,4936.0,-3820.0,40.0,-66.0,4.0,
1647272821380123615,0.832641601562,0.107543945312,-0.436096191406,0.323852539062,-7824.0,4838.0,-3691.0,41.0,-75.0,2.0,
1647272821415026664,0.831115722656,0.104614257812,-0.440734863281,0.322509765625,-7800.0,4743.0,-3561.0,41.0,-86.0,1.0,
1647272821415407419,0.829223632812,0.101623535156,-0.445983886719,0.321166992188,-7785.0,4637.0,-3411.0,40.0,-96.0,0.0,
1647272821420607328,0.826965332031,0.0985107421875,-0.45166015625,0.319885253906,-7763.0,4502.0,-3214.0,39.0,-104.0,-1.0,
1647272821421419858,0.824462890625,0.0955200195312,-0.457763671875,0.318664550781,-7729.0,4350.0,-3011.0,37.0,-111.0,-4.0,
1647272821421890974,0.821533203125,0.0925903320312,-0.46435546875,0.317626953125,-7738.0,4187.0,-2806.0,33.0,-120.0,-6.0,
1647272821422646522,0.818054199219,0.0897827148438,-0.471496582031,0.316711425781,-7832.0,4019.0,-2593.0,28.0,-131.0,-10.0,
1647272821423403739,0.814147949219,0.0872192382812,-0.479248046875,0.315979003906,-7977.0,3857.0,-2375.0,21.0,-139.0,-14.0,
1647272821423635482,0.809814453125,0.0850830078125,-0.487243652344,0.315490722656,-8131.0,3700.0,-2160.0,14.0,-144.0,-18.0,
1647272821425935029,0.805114746094,0.083251953125,-0.495361328125,0.315246582031,-8257.0,3539.0,-1951.0,6.0,-146.0,-21.0,
1647272821430131435,0.800231933594,0.0818481445312,-0.503540039062,0.315307617188,-8341.0,3364.0,-1737.0,-1.0,-147.0,-24.0,
1647272821434873819,0.794982910156,0.0807495117188,-0.51171875,0.315551757812,-8387.0,3175.0,-1545.0,-9.0,-149.0,-27.0,
1647272821439435243,0.789489746094,0.0799560546875,-0.519958496094,0.316162109375,-8403.0,2978.0,-1341.0,-18.0,-151.0,-29.0,
1647272821444032907,0.783630371094,0.0794677734375,-0.528259277344,0.317016601562,-8411.0,2786.0,-1102.0,-26.0,-154.0,-30.0,
1647272821451222419,0.77734375,0.079345703125,-0.536804199219,0.318237304688,-8433.0,2614.0,-859.0,-35.0,-159.0,-33.0,
1647272821455808162,0.770568847656,0.0795288085938,-0.545532226562,0.319763183594,-8477.0,2459.0,-607.0,-43.0,-164.0,-36.0,
1647272821460480928,0.763366699219,0.0800170898438,-0.554443359375,0.321655273438,-8535.0,2323.0,-344.0,-52.0,-168.0,-39.0,
1647272821465141534,0.755737304688,0.0809326171875,-0.5634765625,0.32373046875,-8566.0,2184.0,-94.0,-61.0,-170.0,-42.0,
1647272821469662427,0.747802734375,0.0822143554688,-0.572387695312,0.326049804688,-8560.0,2037.0,162.0,-68.0,-171.0,-44.0,
1647272821474384784,0.739624023438,0.0838623046875,-0.581298828125,0.32861328125,-8551.0,1898.0,407.0,-76.0,-171.0,-46.0,
1647272821479009389,0.731079101562,0.0857543945312,-0.590148925781,0.331420898438,-8588.0,1789.0,644.0,-83.0,-172.0,-47.0,
1647272821491539239,0.713317871094,0.0905151367188,-0.607360839844,0.337829589844,-8749.0,1658.0,1056.0,-98.0,-170.0,-49.0,
1647272821496366024,0.704284667969,0.0933837890625,-0.615478515625,0.341247558594,-8800.0,1595.0,1239.0,-104.0,-165.0,-50.0,
1647272821501166582,0.695251464844,0.0966186523438,-0.623229980469,0.3447265625,-8820.0,1534.0,1421.0,-109.0,-160.0,-51.0,
1647272821505874156,0.686218261719,0.10009765625,-0.630615234375,0.348388671875,-8822.0,1463.0,1573.0,-113.0,-155.0,-51.0,
1647272821510325431,0.677307128906,0.103881835938,-0.637573242188,0.35205078125,-8821.0,1384.0,1718.0,-117.0,-148.0,-51.0,
1647272821515074014,0.668579101562,0.107849121094,-0.64404296875,0.355773925781,-8813.0,1305.0,1850.0,-120.0,-140.0,-50.0,
1647272821519634723,0.66015625,0.111999511719,-0.649963378906,0.359497070312,-8765.0,1237.0,1976.0,-121.0,-130.0,-48.0,
1647272821524194955,0.651977539062,0.116271972656,-0.6552734375,0.36328125,-8686.0,1156.0,2098.0,-122.0,-121.0,-45.0,
1647272821531286239,0.644165039062,0.120666503906,-0.660095214844,0.367065429688,-8583.0,1067.0,2208.0,-122.0,-111.0,-42.0,
1647272821535923957,0.636596679688,0.125122070312,-0.664489746094,0.370849609375,-8480.0,983.0,2316.0,-123.0,-103.0,-40.0,
1647272821540428400,0.629272460938,0.129760742188,-0.668395996094,0.374633789062,-8415.0,917.0,2403.0,-123.0,-95.0,-39.0,
1647272821545199394,0.622253417969,0.134460449219,-0.671936035156,0.378356933594,-8403.0,875.0,2479.0,-124.0,-88.0,-38.0,
1647272821550113677,0.615600585938,0.139343261719,-0.674987792969,0.382019042969,-8386.0,838.0,2520.0,-124.0,-78.0,-36.0,
1647272821554692268,0.609497070312,0.144470214844,-0.677429199219,0.385620117188,-8311.0,794.0,2556.0,-123.0,-65.0,-35.0,
1647272821562026739,0.603881835938,0.149780273438,-0.679260253906,0.389099121094,-8166.0,752.0,2567.0,-123.0,-53.0,-33.0,
1647272821566007614,0.5986328125,0.155212402344,-0.680725097656,0.392639160156,-7990.0,714.0,2537.0,-123.0,-44.0,-31.0,
1647272821570855140,0.593566894531,0.160705566406,-0.681823730469,0.396179199219,-7814.0,680.0,2498.0,-124.0,-39.0,-30.0,
1647272821575337409,0.588562011719,0.166259765625,-0.682739257812,0.399719238281,-7655.0,653.0,2457.0,-125.0,-37.0,-29.0,
1647272821580710172,0.583618164062,0.171813964844,-0.683532714844,0.403259277344,-7518.0,638.0,2393.0,-126.0,-35.0,-29.0,
1647272821587354421,0.578674316406,0.177429199219,-0.684204101562,0.406799316406,-7399.0,636.0,2325.0,-126.0,-34.0,-28.0,
1647272821594684362,0.573852539062,0.182983398438,-0.684692382812,0.410339355469,-7295.0,652.0,2250.0,-126.0,-32.0,-27.0,
1647272821602147340,0.564636230469,0.19384765625,-0.68505859375,0.417419433594,-7167.0,769.0,2078.0,-124.0,-28.0,-23.0,
1647272821605467319,0.560363769531,0.199157714844,-0.684875488281,0.420959472656,-7117.0,849.0,2001.0,-122.0,-24.0,-21.0,
1647272821620764970,0.556335449219,0.204345703125,-0.684448242188,0.424560546875,-7074.0,915.0,1912.0,-121.0,-20.0,-18.0,
1647272821621052980,0.552490234375,0.209411621094,-0.683837890625,0.428039550781,-7056.0,972.0,1827.0,-120.0,-17.0,-16.0,
1647272821631585359,0.548706054688,0.214477539062,-0.68310546875,0.431518554688,-7045.0,1034.0,1750.0,-118.0,-16.0,-15.0,
1647272821632294178,0.545043945312,0.219421386719,-0.682434082031,0.434875488281,-7061.0,1110.0,1654.0,-115.0,-16.0,-15.0,
1647272821632812261,0.541564941406,0.22412109375,-0.681640625,0.43798828125,-7110.0,1206.0,1556.0,-110.0,-15.0,-15.0,
1647272821635489940,0.538391113281,0.228698730469,-0.680725097656,0.44091796875,-7170.0,1316.0,1462.0,-104.0,-11.0,-15.0,
1647272821640897035,0.535705566406,0.232971191406,-0.6796875,0.443542480469,-7208.0,1415.0,1386.0,-97.0,-6.0,-14.0,
1647272821645394802,0.533508300781,0.237060546875,-0.678527832031,0.445861816406,-7219.0,1512.0,1326.0,-89.0,1.0,-13.0,
1647272821650529861,0.53173828125,0.241027832031,-0.677185058594,0.447875976562,-7208.0,1607.0,1293.0,-82.0,7.0,-12.0,
