1649341210309184074,0.395812988281,-0.254333496094,0.0369262695312,0.881591796875,4075.0,5989.0,4446.0,-4.0,-3.0,14.0,
1649341210326256036,0.395446777344,-0.2548828125,0.03759765625,0.881591796875,4102.0,5987.0,4440.0,-4.0,-3.0,14.0,
1649341210342713594,0.395141601562,-0.25537109375,0.038330078125,0.881530761719,4128.0,5988.0,4439.0,-4.0,-2.0,14.0,
1649341210344992399,0.394836425781,-0.255920410156,0.0390014648438,0.881530761719,4148.0,5999.0,4443.0,-3.0,-2.0,15.0,
1649341210349194765,0.39453125,-0.256408691406,0.0397338867188,0.881469726562,4171.0,5998.0,4438.0,-3.0,-2.0,15.0,
1649341210354492664,0.393859863281,-0.25732421875,0.041259765625,0.881408691406,4208.0,5999.0,4458.0,-4.0,-1.0,15.0,
1649341210358261346,0.393493652344,-0.2578125,0.0420532226562,0.881408691406,4232.0,5989.0,4469.0,-4.0,-1.0,15.0,
1649341210363687276,0.393127441406,-0.258239746094,0.0428466796875,0.881408691406,4254.0,5973.0,4477.0,-4.0,-1.0,15.0,
1649341210373766183,0.392700195312,-0.258666992188,0.043701171875,0.881408691406,4282.0,5944.0,4484.0,-4.0,0.0,15.0,
1649341210384545564,0.392395019531,-0.259094238281,0.0444946289062,0.881408691406,4302.0,5920.0,4494.0,-3.0,0.0,15.0,
1649341210390169620,0.392028808594,-0.259521484375,0.0453491210938,0.881408691406,4318.0,5908.0,4507.0,-2.0,0.0,15.0,
1649341210400968790,0.391784667969,-0.259826660156,0.0462036132812,0.88134765625,4346.0,5905.0,4509.0,-2.0,1.0,15.0,
1649341210412419557,0.391296386719,-0.260559082031,0.0480346679688,0.881286621094,4393.0,5916.0,4521.0,-1.0,1.0,16.0,
1649341210416499376,0.391052246094,-0.260925292969,0.0490112304688,0.881225585938,4417.0,5930.0,4533.0,-1.0,2.0,16.0,
1649341210432528018,0.384460449219,-0.264770507812,0.064697265625,0.881958007812,4771.0,5797.0,4947.0,-6.0,5.0,21.0,
1649341210439198970,0.381713867188,-0.265808105469,0.0697631835938,0.882446289062,4820.0,5795.0,5003.0,-6.0,5.0,22.0,
1649341210452526569,0.374816894531,-0.268188476562,0.0814208984375,0.883666992188,4801.0,5504.0,5018.0,-7.0,6.0,23.0,
1649341210456139802,0.373352050781,-0.268676757812,0.0840454101562,0.883911132812,4767.0,5427.0,5021.0,-6.0,5.0,22.0,
1649341210457937479,0.371948242188,-0.269165039062,0.0866088867188,0.884094238281,4732.0,5368.0,5014.0,-5.0,6.0,22.0,
1649341210462359905,0.371337890625,-0.269348144531,0.087890625,0.884155273438,4723.0,5336.0,4999.0,-5.0,6.0,22.0,
1649341210466021299,0.370727539062,-0.269592285156,0.0891723632812,0.88427734375,4719.0,5301.0,4980.0,-5.0,6.0,22.0,
1649341210468166112,0.369567871094,-0.269958496094,0.0917358398438,0.884338378906,4726.0,5225.0,4948.0,-3.0,6.0,21.0,
1649341210469960451,0.369018554688,-0.270202636719,0.093017578125,0.884338378906,4736.0,5187.0,4927.0,-3.0,6.0,21.0,
1649341210473584890,0.368591308594,-0.270324707031,0.0942993164062,0.884338378906,4754.0,5143.0,4914.0,-1.0,6.0,21.0,
1649341210475625038,0.3681640625,-0.2705078125,0.0955810546875,0.884338378906,4766.0,5098.0,4886.0,0.0,7.0,20.0,
1649341210479902505,0.36669921875,-0.270324707031,0.106384277344,0.8837890625,4500.0,4999.0,4845.0,3.0,7.0,16.0,
1649341210482084751,0.366577148438,-0.270202636719,0.107421875,0.883728027344,4465.0,4996.0,4840.0,3.0,7.0,16.0,
1649341210484103679,0.366271972656,-0.269958496094,0.109436035156,0.883728027344,4431.0,4994.0,4815.0,2.0,7.0,15.0,
1649341210486079931,0.365661621094,-0.269470214844,0.112243652344,0.883728027344,4459.0,4952.0,4765.0,0.0,8.0,13.0,
1649341210487908601,0.364868164062,-0.268920898438,0.11474609375,0.883911132812,4484.0,4910.0,4760.0,-1.0,8.0,11.0,
1649341210490102767,0.364624023438,-0.268676757812,0.115478515625,0.883972167969,4479.0,4920.0,4767.0,-2.0,8.0,11.0,
1649341210505383729,0.364318847656,-0.268432617188,0.1162109375,0.884094238281,4455.0,4935.0,4779.0,-2.0,8.0,10.0,
1649341210522773981,0.364074707031,-0.268188476562,0.116882324219,0.884216308594,4424.0,4953.0,4796.0,-2.0,8.0,10.0,
1649341210532219648,0.36376953125,-0.267822265625,0.117553710938,0.884338378906,4385.0,4973.0,4812.0,-3.0,8.0,9.0,
1649341210547598838,0.361755371094,-0.265686035156,0.120666503906,0.885375976562,4216.0,5002.0,4879.0,-5.0,8.0,7.0,
1649341210549519062,0.361083984375,-0.264892578125,0.12158203125,0.885803222656,4169.0,4975.0,4901.0,-4.0,8.0,6.0,
1649341210553358316,0.360778808594,-0.264465332031,0.122009277344,0.885986328125,4145.0,4949.0,4910.0,-3.0,8.0,6.0,
1649341210555511474,0.360534667969,-0.264038085938,0.122497558594,0.886108398438,4128.0,4917.0,4916.0,-3.0,8.0,6.0,
1649341210557155847,0.360290527344,-0.263610839844,0.122924804688,0.886291503906,4118.0,4879.0,4918.0,-2.0,8.0,6.0,
1649341210560863971,0.359985351562,-0.262756347656,0.123901367188,0.886535644531,4119.0,4791.0,4924.0,0.0,9.0,5.0,
1649341210563041448,0.359924316406,-0.262268066406,0.124389648438,0.886657714844,4128.0,4744.0,4928.0,1.0,9.0,4.0,
1649341210565103054,0.35986328125,-0.26171875,0.124877929688,0.88671875,4144.0,4699.0,4940.0,2.0,9.0,4.0,
1649341210567167758,0.359924316406,-0.261169433594,0.125366210938,0.886840820312,4168.0,4648.0,4954.0,4.0,10.0,4.0,
1649341210571413278,0.360046386719,-0.260620117188,0.125915527344,0.886840820312,4204.0,4605.0,4961.0,5.0,10.0,3.0,
1649341210577173471,0.360229492188,-0.260070800781,0.126403808594,0.886901855469,4245.0,4567.0,4961.0,6.0,10.0,3.0,
1649341210584773540,0.360473632812,-0.259460449219,0.126953125,0.886901855469,4294.0,4543.0,4976.0,8.0,11.0,2.0,
1649341210586932182,0.360778808594,-0.2587890625,0.127502441406,0.886840820312,4342.0,4525.0,4995.0,9.0,12.0,2.0,
1649341210592958927,0.361206054688,-0.258056640625,0.128051757812,0.886840820312,4393.0,4510.0,5011.0,10.0,12.0,1.0,
1649341210595046281,0.361633300781,-0.25732421875,0.128601074219,0.886779785156,4440.0,4509.0,5029.0,11.0,12.0,0.0,
1649341210602181196,0.362121582031,-0.256530761719,0.129150390625,0.88671875,4479.0,4502.0,5045.0,11.0,13.0,-1.0,
1649341210604371547,0.362609863281,-0.255737304688,0.129577636719,0.88671875,4506.0,4495.0,5071.0,11.0,13.0,-1.0,
1649341210610144853,0.363098144531,-0.2548828125,0.130004882812,0.886657714844,4533.0,4483.0,5089.0,11.0,13.0,-2.0,
1649341210616750240,0.363586425781,-0.254089355469,0.13037109375,0.886657714844,4552.0,4468.0,5103.0,11.0,13.0,-3.0,
1649341210620332479,0.364013671875,-0.253234863281,0.130737304688,0.886657714844,4571.0,4451.0,5118.0,11.0,13.0,-4.0,
1649341210624263525,0.364501953125,-0.252319335938,0.130981445312,0.88671875,4593.0,4425.0,5140.0,11.0,13.0,-5.0,
1649341210636195182,0.364990234375,-0.25146484375,0.131225585938,0.88671875,4619.0,4396.0,5158.0,10.0,13.0,-6.0,
1649341210644707441,0.365417480469,-0.250549316406,0.131408691406,0.886779785156,4651.0,4364.0,5185.0,10.0,13.0,-7.0,
1649341210651988506,0.365905761719,-0.249633789062,0.131530761719,0.886840820312,4686.0,4337.0,5213.0,11.0,13.0,-8.0,
1649341210657551765,0.366943359375,-0.247680664062,0.131713867188,0.886901855469,4769.0,4284.0,5252.0,12.0,14.0,-10.0,
1649341210663232326,0.367492675781,-0.246704101562,0.131774902344,0.886901855469,4810.0,4257.0,5268.0,13.0,14.0,-11.0,
1649341210667124032,0.368103027344,-0.245666503906,0.131774902344,0.886962890625,4853.0,4235.0,5286.0,13.0,14.0,-12.0,
1649341210672405481,0.368835449219,-0.24462890625,0.131774902344,0.886962890625,4893.0,4219.0,5299.0,14.0,14.0,-13.0,
1649341210688511371,0.369567871094,-0.243530273438,0.131713867188,0.886962890625,4930.0,4209.0,5307.0,15.0,14.0,-14.0,
1649341210693457603,0.370361328125,-0.242431640625,0.131652832031,0.886962890625,4966.0,4201.0,5314.0,16.0,14.0,-15.0,
1649341210697556257,0.371215820312,-0.241271972656,0.131530761719,0.886901855469,4998.0,4206.0,5330.0,17.0,15.0,-16.0,
1649341210708082675,0.3720703125,-0.240112304688,0.131408691406,0.886901855469,5023.0,4215.0,5346.0,17.0,15.0,-17.0,
1649341210715668439,0.373046875,-0.238830566406,0.131164550781,0.886840820312,5047.0,4223.0,5360.0,18.0,15.0,-18.0,
1649341210720881700,0.3740234375,-0.237548828125,0.130981445312,0.886840820312,5070.0,4241.0,5373.0,19.0,16.0,-19.0,
1649341210724741220,0.375122070312,-0.236206054688,0.130676269531,0.886779785156,5079.0,4279.0,5385.0,19.0,16.0,-20.0,
1649341210728641986,0.376220703125,-0.23486328125,0.13037109375,0.88671875,5066.0,4337.0,5404.0,20.0,16.0,-21.0,
1649341210736217498,0.377380371094,-0.233459472656,0.129943847656,0.886657714844,5043.0,4431.0,5420.0,20.0,15.0,-22.0,
1649341210740410804,0.378601074219,-0.232055664062,0.129516601562,0.886535644531,4997.0,4556.0,5421.0,21.0,15.0,-22.0,
1649341210742656707,0.380004882812,-0.230590820312,0.129089355469,0.886413574219,4935.0,4697.0,5418.0,22.0,15.0,-22.0,
1649341210747359752,0.38134765625,-0.229064941406,0.128601074219,0.886291503906,4860.0,4847.0,5413.0,22.0,15.0,-22.0,
1649341210752812862,0.382751464844,-0.2275390625,0.128112792969,0.886169433594,4797.0,4997.0,5395.0,21.0,15.0,-22.0,
1649341210754902124,0.384033203125,-0.225952148438,0.127563476562,0.886047363281,4749.0,5132.0,5365.0,20.0,15.0,-22.0,
1649341210759006261,0.38525390625,-0.224487304688,0.127075195312,0.885986328125,4714.0,5252.0,5335.0,18.0,16.0,-22.0,
1649341210762639045,0.386413574219,-0.222961425781,0.126525878906,0.885925292969,4699.0,5351.0,5306.0,16.0,16.0,-22.0,
1649341210768850803,0.387390136719,-0.221496582031,0.125915527344,0.885986328125,4702.0,5424.0,5284.0,14.0,16.0,-22.0,
1649341210773184776,0.388244628906,-0.220031738281,0.125366210938,0.886047363281,4715.0,5477.0,5259.0,12.0,17.0,-22.0,
1649341210776795387,0.389038085938,-0.218566894531,0.124755859375,0.886169433594,4733.0,5512.0,5241.0,10.0,17.0,-22.0,
1649341210778896331,0.3896484375,-0.217102050781,0.124084472656,0.886291503906,4746.0,5531.0,5225.0,8.0,17.0,-23.0,
1649341210782746315,0.390258789062,-0.215698242188,0.123413085938,0.886474609375,4750.0,5539.0,5210.0,7.0,17.0,-23.0,
1649341210784986257,0.390747070312,-0.214233398438,0.122741699219,0.88671875,4750.0,5526.0,5195.0,6.0,17.0,-24.0,
1649341210789118528,0.391235351562,-0.212768554688,0.122009277344,0.886962890625,4740.0,5515.0,5175.0,5.0,17.0,-24.0,
1649341210794149637,0.391723632812,-0.211303710938,0.121276855469,0.88720703125,4721.0,5499.0,5155.0,5.0,17.0,-25.0,
1649341210797714948,0.392272949219,-0.209838867188,0.120483398438,0.887390136719,4693.0,5481.0,5129.0,6.0,17.0,-25.0,
1649341210811284780,0.395324707031,-0.202209472656,0.1162109375,0.888427734375,4560.0,5497.0,4949.0,7.0,18.0,-27.0,
1649341210820355653,0.39599609375,-0.20068359375,0.115295410156,0.888549804688,4546.0,5529.0,4886.0,7.0,18.0,-28.0,
1649341210823584318,0.398071289062,-0.195922851562,0.112548828125,0.889038085938,4485.0,5632.0,4765.0,6.0,18.0,-29.0,
1649341210829101562,0.398681640625,-0.194274902344,0.111511230469,0.889282226562,4474.0,5651.0,4736.0,5.0,18.0,-30.0,
1649341210834180831,0.399230957031,-0.192687988281,0.110473632812,0.889526367188,4447.0,5659.0,4722.0,4.0,19.0,-31.0,
1649341210836256504,0.399719238281,-0.190979003906,0.109313964844,0.889770507812,4415.0,5639.0,4708.0,3.0,19.0,-31.0,
1649341210838328838,0.400085449219,-0.189331054688,0.108154296875,0.89013671875,4385.0,5602.0,4702.0,2.0,19.0,-32.0,
1649341210844599962,0.400451660156,-0.187561035156,0.106994628906,0.890441894531,4359.0,5545.0,4694.0,1.0,20.0,-33.0,
1649341210847162008,0.400817871094,-0.185791015625,0.105773925781,0.890808105469,4319.0,5482.0,4694.0,1.0,20.0,-34.0,
1649341210857201337,0.401184082031,-0.184020996094,0.1044921875,0.891174316406,4285.0,5432.0,4692.0,2.0,20.0,-35.0,
1649341210860785007,0.401672363281,-0.182189941406,0.103210449219,0.891479492188,4252.0,5384.0,4698.0,3.0,20.0,-36.0,
1649341210868290185,0.402160644531,-0.180297851562,0.101928710938,0.891784667969,4226.0,5361.0,4695.0,5.0,20.0,-37.0,
1649341210871332883,0.402770996094,-0.178405761719,0.1005859375,0.892028808594,4201.0,5365.0,4672.0,6.0,21.0,-37.0,
1649341210873336315,0.403503417969,-0.176513671875,0.0992431640625,0.892272949219,4163.0,5401.0,4656.0,7.0,21.0,-38.0,
1649341210878274679,0.404235839844,-0.174560546875,0.0978393554688,0.892456054688,4116.0,5470.0,4642.0,7.0,20.0,-38.0,
1649341210880298137,0.405029296875,-0.172668457031,0.0963745117188,0.892639160156,4059.0,5556.0,4626.0,7.0,20.0,-39.0,
1649341210882224798,0.40576171875,-0.170715332031,0.0948486328125,0.892822265625,3999.0,5648.0,4594.0,6.0,19.0,-39.0,
1649341210888027191,0.406494140625,-0.168823242188,0.0932006835938,0.89306640625,3929.0,5726.0,4563.0,4.0,19.0,-40.0,
1649341210890063524,0.407043457031,-0.166870117188,0.091552734375,0.893310546875,3859.0,5783.0,4535.0,2.0,18.0,-41.0,
1649341210895657300,0.407531738281,-0.164978027344,0.0897827148438,0.893615722656,3796.0,5820.0,4506.0,0.0,18.0,-41.0,
1649341210897847652,0.407958984375,-0.163024902344,0.0879516601562,0.893981933594,3746.0,5836.0,4466.0,-2.0,18.0,-42.0,
1649341210900219678,0.40869140625,-0.157104492188,0.0823974609375,0.895202636719,3621.0,5834.0,4390.0,-5.0,20.0,-44.0,
1649341210903710126,0.408813476562,-0.155090332031,0.0805053710938,0.895690917969,3566.0,5846.0,4368.0,-6.0,20.0,-44.0,
1649341210907706022,0.408874511719,-0.153015136719,0.0785522460938,0.896179199219,3512.0,5874.0,4359.0,-7.0,20.0,-45.0,
1649341210909946918,0.408935546875,-0.150939941406,0.0765991210938,0.896667480469,3452.0,5912.0,4368.0,-8.0,20.0,-45.0,
1649341210912204265,0.408935546875,-0.148864746094,0.0745849609375,0.897216796875,3380.0,5950.0,4398.0,-9.0,20.0,-45.0,
1649341210914413213,0.408935546875,-0.146789550781,0.0725708007812,0.897705078125,3306.0,5989.0,4442.0,-9.0,20.0,-45.0,
1649341210918208360,0.408874511719,-0.144714355469,0.070556640625,0.898254394531,3235.0,6020.0,4496.0,-9.0,19.0,-45.0,
1649341210920420885,0.408813476562,-0.142639160156,0.0684814453125,0.898742675781,3164.0,6053.0,4551.0,-9.0,18.0,-45.0,
1649341210928130388,0.408813476562,-0.140563964844,0.06640625,0.899230957031,3090.0,6073.0,4611.0,-8.0,18.0,-45.0,
1649341210930586814,0.408813476562,-0.138488769531,0.0643920898438,0.899719238281,3015.0,6090.0,4662.0,-7.0,18.0,-45.0,
1649341210963468074,0.408935546875,-0.136413574219,0.0623168945312,0.900085449219,2930.0,6091.0,4698.0,-5.0,18.0,-45.0,
1649341210968910694,0.4091796875,-0.13427734375,0.060302734375,0.900451660156,2838.0,6080.0,4720.0,-3.0,18.0,-45.0,
1649341210977351665,0.409545898438,-0.132202148438,0.0582885742188,0.900756835938,2731.0,6054.0,4742.0,-1.0,18.0,-45.0,
1649341210979218006,0.410034179688,-0.130065917969,0.0563354492188,0.900939941406,2629.0,6022.0,4746.0,3.0,17.0,-45.0,
1649341210983259677,0.410705566406,-0.1279296875,0.0543823242188,0.901062011719,2534.0,5984.0,4727.0,6.0,17.0,-45.0,
1649341210994729280,0.41162109375,-0.125854492188,0.052490234375,0.901062011719,2443.0,5940.0,4700.0,10.0,17.0,-45.0,
1649341211004115104,0.412719726562,-0.123718261719,0.050537109375,0.900939941406,2366.0,5906.0,4652.0,13.0,17.0,-45.0,
1649341211011549234,0.414001464844,-0.12158203125,0.0486450195312,0.900756835938,2301.0,5881.0,4594.0,16.0,17.0,-45.0,
1649341211021740436,0.415466308594,-0.119506835938,0.0467529296875,0.900451660156,2234.0,5882.0,4537.0,19.0,16.0,-45.0,
1649341211023814201,0.418762207031,-0.115234375,0.0428466796875,0.899658203125,2117.0,5935.0,4437.0,22.0,16.0,-47.0,
1649341211025952339,0.422241210938,-0.111022949219,0.038818359375,0.898742675781,1997.0,6003.0,4424.0,24.0,15.0,-48.0,
1649341211029864072,0.424011230469,-0.10888671875,0.0366821289062,0.898315429688,1930.0,6032.0,4446.0,24.0,14.0,-48.0,
1649341211031907796,0.42578125,-0.106750488281,0.0345458984375,0.897827148438,1850.0,6050.0,4463.0,25.0,14.0,-49.0,
1649341211033845663,0.427551269531,-0.104614257812,0.0324096679688,0.897277832031,1759.0,6061.0,4499.0,26.0,14.0,-49.0,
1649341211051125288,0.429443359375,-0.102416992188,0.0302124023438,0.896728515625,1650.0,6059.0,4532.0,27.0,14.0,-49.0,
1649341211056182861,0.431335449219,-0.100158691406,0.028076171875,0.896118164062,1531.0,6052.0,4565.0,29.0,14.0,-49.0,
1649341211065381288,0.433288574219,-0.097900390625,0.02587890625,0.8955078125,1400.0,6040.0,4603.0,31.0,14.0,-49.0,
1649341211098318099,0.435363769531,-0.0956420898438,0.0237426757812,0.894775390625,1268.0,6014.0,4637.0,33.0,14.0,-49.0,
1649341211105420827,0.437561035156,-0.0933227539062,0.0216064453125,0.89404296875,1148.0,5975.0,4667.0,35.0,14.0,-49.0,
1649341211173361301,0.439880371094,-0.091064453125,0.0194702148438,0.893188476562,1043.0,5931.0,4690.0,38.0,14.0,-49.0,
1649341211185979127,0.442321777344,-0.0887451171875,0.017333984375,0.892272949219,942.0,5893.0,4687.0,41.0,13.0,-49.0,
1649341211192864656,0.444946289062,-0.0864868164062,0.0152587890625,0.891174316406,855.0,5869.0,4680.0,44.0,13.0,-48.0,
1649341211199004650,0.44775390625,-0.084228515625,0.01318359375,0.890014648438,780.0,5877.0,4669.0,48.0,13.0,-48.0,
1649341211208336591,0.450805664062,-0.08203125,0.0111694335938,0.888732910156,718.0,5920.0,4662.0,52.0,13.0,-47.0,
1649341211212329626,0.454040527344,-0.0797729492188,0.00921630859375,0.887329101562,663.0,6001.0,4636.0,55.0,13.0,-47.0,
1649341211244481801,0.457458496094,-0.0775756835938,0.00726318359375,0.8857421875,601.0,6123.0,4603.0,58.0,13.0,-47.0,
1649341211250424861,0.460998535156,-0.0753784179688,0.00537109375,0.884094238281,518.0,6268.0,4594.0,60.0,13.0,-47.0,
1649341211252564430,0.464599609375,-0.0731201171875,0.00341796875,0.882446289062,420.0,6434.0,4599.0,61.0,13.0,-46.0,
1649341211254478693,0.468200683594,-0.0709228515625,0.00146484375,0.880737304688,312.0,6597.0,4606.0,61.0,12.0,-46.0,
1649341211256558418,0.471740722656,-0.0687255859375,-0.00048828125,0.879028320312,201.0,6732.0,4620.0,60.0,11.0,-45.0,
1649341211258431911,0.475036621094,-0.0665283203125,-0.00250244140625,0.877380371094,78.0,6846.0,4628.0,57.0,11.0,-45.0,
1649341211264568567,0.478210449219,-0.0643310546875,-0.00457763671875,0.875793457031,-52.0,6931.0,4631.0,54.0,10.0,-46.0,
1649341211269749402,0.481201171875,-0.0621948242188,-0.0067138671875,0.874328613281,-174.0,6998.0,4645.0,51.0,9.0,-45.0,
1649341211279348134,0.48388671875,-0.06005859375,-0.00885009765625,0.872985839844,-283.0,7051.0,4633.0,47.0,8.0,-45.0,
1649341211283241748,0.486450195312,-0.0580444335938,-0.0110473632812,0.871643066406,-376.0,7113.0,4583.0,44.0,7.0,-45.0,
1649341211314263343,0.488891601562,-0.0560913085938,-0.01318359375,0.870422363281,-456.0,7197.0,4531.0,41.0,7.0,-44.0,
1649341211323036670,0.4912109375,-0.05419921875,-0.0153198242188,0.869201660156,-518.0,7305.0,4473.0,39.0,6.0,-43.0,
1649341211327822446,0.493408203125,-0.0523681640625,-0.017333984375,0.867980957031,-565.0,7438.0,4407.0,36.0,5.0,-41.0,
1649341211338574647,0.495483398438,-0.0506591796875,-0.0193481445312,0.866882324219,-610.0,7578.0,4359.0,33.0,4.0,-40.0,
1649341211344404935,0.497375488281,-0.0490112304688,-0.0213012695312,0.865844726562,-648.0,7707.0,4317.0,30.0,4.0,-38.0,
1649341211359981536,0.499084472656,-0.0474853515625,-0.023193359375,0.864868164062,-676.0,7812.0,4284.0,27.0,3.0,-37.0,
1649341211382308006,0.500610351562,-0.0459594726562,-0.0250244140625,0.864013671875,-719.0,7882.0,4280.0,24.0,3.0,-36.0,
1649341211393802642,0.505249023438,-0.040283203125,-0.0320434570312,0.861389160156,-972.0,7783.0,4334.0,18.0,1.0,-31.0,
1649341211397408246,0.506286621094,-0.0390014648438,-0.03369140625,0.860778808594,-999.0,7741.0,4327.0,18.0,1.0,-30.0,
1649341211401540756,0.519409179688,-0.02783203125,-0.0506591796875,0.8525390625,-923.0,7903.0,4262.0,10.0,-3.0,-18.0,
1649341211412131309,0.520751953125,-0.0263671875,-0.0536499023438,0.8515625,-872.0,7819.0,4261.0,9.0,-4.0,-15.0,
1649341211433385133,0.521240234375,-0.0260009765625,-0.0545654296875,0.851257324219,-854.0,7815.0,4231.0,8.0,-4.0,-14.0,
1649341211449326276,0.521911621094,-0.0254516601562,-0.0562133789062,0.850708007812,-834.0,7780.0,4160.0,6.0,-4.0,-12.0,
1649341211453597068,0.522399902344,-0.02490234375,-0.0577392578125,0.850341796875,-819.0,7684.0,4086.0,4.0,-4.0,-11.0,
1649341211465069770,0.522644042969,-0.024658203125,-0.0584716796875,0.850158691406,-812.0,7629.0,4053.0,4.0,-4.0,-10.0,
1649341211522996187,0.522827148438,-0.0244750976562,-0.0591430664062,0.849975585938,-797.0,7589.0,4026.0,4.0,-4.0,-10.0,
1649341211527190685,0.524841308594,-0.0236206054688,-0.0617065429688,0.848571777344,-832.0,7570.0,3896.0,10.0,-3.0,-6.0,
1649341211532867431,0.525451660156,-0.0234375,-0.0620727539062,0.848205566406,-860.0,7614.0,3857.0,10.0,-2.0,-6.0,
1649341211536630630,0.526062011719,-0.023193359375,-0.0625,0.847778320312,-895.0,7658.0,3817.0,10.0,-2.0,-5.0,
1649341211541170835,0.526672363281,-0.0230102539062,-0.0628662109375,0.847412109375,-928.0,7693.0,3807.0,10.0,-2.0,-5.0,
1649341211548725366,0.527160644531,-0.0228271484375,-0.063232421875,0.847045898438,-955.0,7689.0,3800.0,9.0,-2.0,-5.0,
1649341211570996284,0.527648925781,-0.022705078125,-0.0635986328125,0.846740722656,-952.0,7658.0,3744.0,8.0,-2.0,-4.0,
1649341211580177307,0.528137207031,-0.0225219726562,-0.0639038085938,0.846374511719,-942.0,7598.0,3703.0,9.0,-2.0,-4.0,
1649341211612987279,0.528686523438,-0.0223388671875,-0.0641479492188,0.846069335938,-914.0,7532.0,3667.0,9.0,-1.0,-4.0,
1649341211624018907,0.529235839844,-0.022216796875,-0.0643920898438,0.845703125,-867.0,7478.0,3612.0,10.0,-1.0,-4.0,
1649341211628340959,0.529846191406,-0.0220947265625,-0.0646362304688,0.845275878906,-823.0,7444.0,3582.0,11.0,-1.0,-4.0,
1649341211632254123,0.532836914062,-0.0211181640625,-0.065673828125,0.843383789062,-703.0,7497.0,3637.0,10.0,0.0,-5.0,
1649341211634391546,0.533264160156,-0.0209350585938,-0.06591796875,0.843078613281,-688.0,7494.0,3646.0,8.0,0.0,-5.0,
1649341211636498928,0.533996582031,-0.0205078125,-0.0664672851562,0.842590332031,-680.0,7454.0,3675.0,6.0,0.0,-6.0,
1649341211639065504,0.534545898438,-0.02001953125,-0.0670166015625,0.842163085938,-690.0,7404.0,3696.0,6.0,0.0,-5.0,
1649341211646341800,0.534851074219,-0.019775390625,-0.0673217773438,0.841979980469,-703.0,7383.0,3705.0,6.0,0.0,-5.0,
1649341211649681329,0.535583496094,-0.0193481445312,-0.0678100585938,0.841491699219,-712.0,7368.0,3691.0,7.0,0.0,-5.0,
1649341211652061700,0.535949707031,-0.0191650390625,-0.0680541992188,0.841247558594,-716.0,7374.0,3680.0,8.0,0.0,-4.0,
1649341211655605554,0.537963867188,-0.0184326171875,-0.06884765625,0.839904785156,-741.0,7377.0,3627.0,11.0,0.0,-3.0,
1649341211663751125,0.539978027344,-0.0180053710938,-0.0692138671875,0.838623046875,-734.0,7343.0,3556.0,13.0,0.0,-3.0,
1649341211669526576,0.540710449219,-0.0178833007812,-0.0693359375,0.838073730469,-713.0,7355.0,3533.0,14.0,1.0,-3.0,
1649341211671716928,0.541564941406,-0.0177612304688,-0.0693969726562,0.837585449219,-688.0,7379.0,3502.0,15.0,1.0,-2.0,
1649341211675711631,0.546875,-0.0171508789062,-0.0697631835938,0.834045410156,-564.0,7432.0,3438.0,18.0,1.0,-3.0,
1649341211687867164,0.549865722656,-0.0167846679688,-0.070068359375,0.832092285156,-538.0,7376.0,3413.0,21.0,1.0,-3.0,
1649341211713232994,0.553344726562,-0.0167236328125,-0.070068359375,0.829772949219,-498.0,7492.0,3320.0,23.0,1.0,-1.0,
1649341211717271327,0.568054199219,-0.0166015625,-0.0689086914062,0.819885253906,-326.0,7734.0,2940.0,28.0,3.0,-2.0,
1649341211719231128,0.570922851562,-0.0164794921875,-0.0687255859375,0.81787109375,-280.0,7779.0,2936.0,28.0,3.0,-2.0,
1649341211722476482,0.572326660156,-0.0164184570312,-0.068603515625,0.81689453125,-271.0,7806.0,2905.0,27.0,3.0,-3.0,
1649341211728235721,0.573669433594,-0.0162963867188,-0.0685424804688,0.815979003906,-269.0,7831.0,2869.0,26.0,3.0,-3.0,
1649341211730300664,0.574951171875,-0.0161743164062,-0.0684814453125,0.815124511719,-262.0,7860.0,2823.0,24.0,3.0,-3.0,
1649341211738567352,0.576110839844,-0.01611328125,-0.0684814453125,0.814270019531,-247.0,7895.0,2763.0,22.0,2.0,-3.0,
1649341211744472265,0.579650878906,-0.0157470703125,-0.0686645507812,0.811767578125,-220.0,8067.0,2597.0,12.0,1.0,-5.0,
1649341211756593704,0.583801269531,-0.0147094726562,-0.0703735351562,0.808654785156,-513.0,8139.0,2551.0,11.0,0.0,-2.0,
1649341211760876178,0.584533691406,-0.0146484375,-0.0703735351562,0.80810546875,-537.0,8109.0,2545.0,14.0,0.0,-1.0,
1649341211764704942,0.58544921875,-0.0146484375,-0.0703125,0.807434082031,-559.0,8079.0,2546.0,17.0,0.0,0.0,
1649341211768470764,0.586486816406,-0.0147094726562,-0.0702514648438,0.806701660156,-582.0,8047.0,2540.0,20.0,1.0,0.0,
1649341211770284175,0.587646484375,-0.0147094726562,-0.0701293945312,0.805908203125,-596.0,8013.0,2532.0,22.0,1.0,1.0,
1649341211772845029,0.5888671875,-0.0147705078125,-0.0699462890625,0.805053710938,-617.0,7985.0,2515.0,24.0,1.0,2.0,
1649341211776325941,0.590087890625,-0.0148315429688,-0.0697631835938,0.804138183594,-635.0,7960.0,2507.0,24.0,2.0,2.0,
1649341211778531312,0.591369628906,-0.014892578125,-0.069580078125,0.80322265625,-640.0,7946.0,2509.0,25.0,2.0,2.0,
1649341211784775972,0.592529296875,-0.0149536132812,-0.0693359375,0.802368164062,-642.0,7943.0,2513.0,24.0,1.0,2.0,
1649341211787146806,0.593688964844,-0.0150756835938,-0.0691528320312,0.801513671875,-638.0,7949.0,2508.0,23.0,1.0,2.0,
1649341211789444684,0.594787597656,-0.0151977539062,-0.0690307617188,0.800720214844,-630.0,7973.0,2502.0,22.0,0.0,2.0,
1649341211791512489,0.595764160156,-0.0153198242188,-0.06884765625,0.799987792969,-622.0,7996.0,2484.0,20.0,0.0,2.0,
1649341211804909229,0.5966796875,-0.0154418945312,-0.0686645507812,0.79931640625,-606.0,8026.0,2456.0,18.0,0.0,2.0,
1649341211807415723,0.597473144531,-0.0155639648438,-0.0684814453125,0.798767089844,-586.0,8061.0,2410.0,15.0,0.0,2.0,
1649341211811291694,0.59814453125,-0.015625,-0.0682983398438,0.798278808594,-574.0,8107.0,2358.0,12.0,1.0,2.0,
1649341211816882371,0.598693847656,-0.0156860351562,-0.0681762695312,0.7978515625,-560.0,8145.0,2320.0,9.0,0.0,1.0,
1649341211821079730,0.599060058594,-0.0157470703125,-0.0680541992188,0.797607421875,-549.0,8179.0,2303.0,6.0,0.0,1.0,
1649341211823039531,0.599243164062,-0.0157470703125,-0.0679931640625,0.797485351562,-528.0,8197.0,2317.0,2.0,0.0,1.0,
1649341211831751108,0.59912109375,-0.0157470703125,-0.06787109375,0.797546386719,-476.0,8164.0,2359.0,-2.0,1.0,0.0,
1649341211834038019,0.598999023438,-0.0156860351562,-0.0678100585938,0.797668457031,-459.0,8113.0,2405.0,-3.0,1.0,-1.0,
1649341211837771177,0.598754882812,-0.0155639648438,-0.0678100585938,0.7978515625,-444.0,8063.0,2461.0,-4.0,1.0,-2.0,
1649341211841617345,0.598449707031,-0.0154418945312,-0.06787109375,0.798034667969,-417.0,8015.0,2509.0,-5.0,0.0,-2.0,
1649341211845508813,0.59814453125,-0.0153198242188,-0.0679321289062,0.798278808594,-401.0,7970.0,2552.0,-5.0,1.0,-3.0,
1649341211849432945,0.597839355469,-0.01513671875,-0.0680541992188,0.798522949219,-388.0,7940.0,2580.0,-6.0,1.0,-4.0,
1649341211851253271,0.597473144531,-0.0149536132812,-0.0681762695312,0.798828125,-381.0,7924.0,2592.0,-6.0,0.0,-4.0,
1649341211871581077,0.59716796875,-0.0147705078125,-0.068359375,0.799011230469,-370.0,7928.0,2600.0,-6.0,0.0,-4.0,
1649341211873663663,0.596862792969,-0.0146484375,-0.0685424804688,0.799255371094,-360.0,7949.0,2601.0,-6.0,0.0,-4.0,
1649341211875831365,0.596557617188,-0.0145263671875,-0.0686645507812,0.799438476562,-353.0,7973.0,2600.0,-6.0,0.0,-4.0,
1649341211884928464,0.596252441406,-0.014404296875,-0.06884765625,0.799621582031,-351.0,7993.0,2598.0,-6.0,0.0,-4.0,
1649341211887242555,0.595947265625,-0.0142211914062,-0.0690307617188,0.799865722656,-348.0,8010.0,2592.0,-6.0,-1.0,-5.0,
1649341211894630193,0.595581054688,-0.0140991210938,-0.0692138671875,0.800109863281,-352.0,8038.0,2595.0,-7.0,-1.0,-5.0,
1649341211899471521,0.59521484375,-0.013916015625,-0.0694580078125,0.800415039062,-363.0,8076.0,2624.0,-8.0,-1.0,-5.0,
1649341211915612936,0.594787597656,-0.0137939453125,-0.0696411132812,0.800720214844,-368.0,8120.0,2647.0,-9.0,-1.0,-5.0,
1649341211927199125,0.59423828125,-0.0136108398438,-0.0698852539062,0.801086425781,-375.0,8180.0,2651.0,-10.0,-1.0,-5.0,
1649341211933012962,0.593627929688,-0.0134887695312,-0.070068359375,0.801513671875,-386.0,8258.0,2654.0,-12.0,-1.0,-4.0,
1649341211960336685,0.593017578125,-0.0133666992188,-0.0702514648438,0.801940917969,-389.0,8352.0,2653.0,-14.0,-1.0,-4.0,
1649341211970576047,0.59228515625,-0.0133056640625,-0.0704345703125,0.802490234375,-380.0,8426.0,2621.0,-15.0,-1.0,-3.0,
1649341211974634170,0.591552734375,-0.01318359375,-0.070556640625,0.803039550781,-370.0,8451.0,2582.0,-17.0,-1.0,-3.0,
1649341211980198860,0.590698242188,-0.0130615234375,-0.0706787109375,0.803649902344,-355.0,8405.0,2548.0,-19.0,-1.0,-3.0,
1649341211987304449,0.589721679688,-0.012939453125,-0.07080078125,0.804321289062,-347.0,8306.0,2519.0,-21.0,-1.0,-4.0,
1649341212004042387,0.587646484375,-0.012451171875,-0.0712280273438,0.805847167969,-363.0,8057.0,2485.0,-22.0,0.0,-5.0,
1649341212006496191,0.585754394531,-0.0119018554688,-0.0716552734375,0.807189941406,-424.0,7928.0,2476.0,-19.0,0.0,-5.0,
1649341212012033462,0.585021972656,-0.0115966796875,-0.0718994140625,0.807678222656,-448.0,7919.0,2460.0,-16.0,0.0,-5.0,
1649341212018826723,0.584411621094,-0.0113525390625,-0.072021484375,0.80810546875,-468.0,7935.0,2432.0,-14.0,1.0,-4.0,
1649341212033293485,0.583984375,-0.0110473632812,-0.0721435546875,0.808410644531,-467.0,7954.0,2416.0,-12.0,2.0,-4.0,
1649341212038595438,0.583557128906,-0.0107421875,-0.0722045898438,0.808715820312,-448.0,7977.0,2404.0,-10.0,2.0,-4.0,
1649341212051362991,0.583251953125,-0.0104370117188,-0.072265625,0.808959960938,-392.0,8001.0,2380.0,-9.0,3.0,-4.0,
1649341212055517911,0.5830078125,-0.0101928710938,-0.072265625,0.809143066406,-328.0,8025.0,2349.0,-7.0,4.0,-5.0,
1649341212060013771,0.582885742188,-0.0098876953125,-0.0722045898438,0.809204101562,-271.0,8059.0,2314.0,-6.0,4.0,-5.0,
1649341212070915937,0.582824707031,-0.00958251953125,-0.0721435546875,0.809265136719,-235.0,8092.0,2297.0,-5.0,5.0,-5.0,
1649341212075544595,0.582763671875,-0.00927734375,-0.0720825195312,0.809326171875,-221.0,8126.0,2300.0,-4.0,5.0,-5.0,
1649341212079685926,0.582702636719,-0.0089111328125,-0.072021484375,0.809387207031,-263.0,8164.0,2351.0,-4.0,5.0,-5.0,
1649341212085260629,0.582580566406,-0.00860595703125,-0.0720825195312,0.809448242188,-345.0,8192.0,2467.0,-4.0,3.0,-5.0,
1649341212089247941,0.582275390625,-0.00836181640625,-0.0723266601562,0.809692382812,-445.0,8226.0,2566.0,-6.0,1.0,-5.0,
1649341212105706691,0.581848144531,-0.008056640625,-0.0725708007812,0.809997558594,-551.0,8273.0,2611.0,-9.0,0.0,-5.0,
1649341212111290693,0.581359863281,-0.0076904296875,-0.07275390625,0.810302734375,-667.0,8314.0,2646.0,-11.0,1.0,-4.0,
1649341212114850759,0.580810546875,-0.0074462890625,-0.0728759765625,0.810729980469,-756.0,8348.0,2683.0,-12.0,1.0,-2.0,
1649341212131816625,0.580200195312,-0.00726318359375,-0.072998046875,0.811096191406,-772.0,8339.0,2730.0,-12.0,-1.0,-1.0,
1649341212136632919,0.5791015625,-0.00732421875,-0.0731201171875,0.811889648438,-725.0,8158.0,2759.0,-11.0,-2.0,0.0,
1649341212143913984,0.578674316406,-0.00732421875,-0.0731201171875,0.812194824219,-733.0,8035.0,2755.0,-9.0,-1.0,0.0,
1649341212147692203,0.577941894531,-0.007080078125,-0.0731201171875,0.812744140625,-851.0,7795.0,2727.0,-1.0,0.0,0.0,
1649341212149168491,0.577941894531,-0.0069580078125,-0.0730590820312,0.812744140625,-860.0,7815.0,2712.0,-1.0,1.0,0.0,
1649341212158427953,0.577941894531,-0.00677490234375,-0.072998046875,0.812744140625,-866.0,7841.0,2691.0,-1.0,2.0,0.0,
1649341212169366836,0.578002929688,-0.00665283203125,-0.0729370117188,0.812683105469,-856.0,7854.0,2683.0,-1.0,2.0,0.0,
1649341212180711030,0.577941894531,-0.00640869140625,-0.0728149414062,0.812744140625,-834.0,7847.0,2674.0,-2.0,3.0,0.0,
1649341212187816381,0.577819824219,-0.00616455078125,-0.07275390625,0.812805175781,-814.0,7822.0,2674.0,-3.0,4.0,-1.0,
1649341212191737174,0.577270507812,-0.00537109375,-0.0723876953125,0.813232421875,-755.0,7701.0,2732.0,-4.0,3.0,-1.0,
1649341212195473670,0.577087402344,-0.005126953125,-0.072265625,0.813415527344,-743.0,7676.0,2759.0,-4.0,3.0,-1.0,
1649341212208045482,0.576965332031,-0.00494384765625,-0.0722045898438,0.813537597656,-746.0,7670.0,2788.0,-3.0,3.0,-1.0,
1649341212215539932,0.576782226562,-0.0042724609375,-0.0717163085938,0.813720703125,-724.0,7730.0,2839.0,0.0,2.0,0.0,
1649341212220853090,0.576782226562,-0.00408935546875,-0.071533203125,0.813720703125,-720.0,7734.0,2832.0,0.0,3.0,0.0,
1649341212224889516,0.576843261719,-0.00396728515625,-0.0714111328125,0.813659667969,-719.0,7726.0,2831.0,1.0,3.0,0.0,
1649341212244460582,0.577087402344,-0.00347900390625,-0.0711669921875,0.813537597656,-762.0,7680.0,2857.0,2.0,4.0,-1.0,
1649341212248170614,0.577209472656,-0.003173828125,-0.0711059570312,0.813415527344,-791.0,7647.0,2872.0,3.0,4.0,-1.0,
1649341212252428531,0.577331542969,-0.00286865234375,-0.071044921875,0.813354492188,-831.0,7614.0,2885.0,3.0,4.0,-2.0,
1649341212257789611,0.57763671875,-0.0020751953125,-0.0711059570312,0.813171386719,-898.0,7554.0,2913.0,2.0,4.0,-3.0,
1649341212262611865,0.57763671875,-0.00164794921875,-0.0711669921875,0.813110351562,-933.0,7546.0,2927.0,1.0,4.0,-4.0,
1649341212268939495,0.577575683594,-0.001220703125,-0.0712890625,0.813171386719,-963.0,7550.0,2928.0,-1.0,4.0,-4.0,
1649341212282977819,0.577453613281,-0.000732421875,-0.0713500976562,0.813293457031,-982.0,7567.0,2918.0,-3.0,4.0,-4.0,
1649341212285181760,0.5771484375,-0.00030517578125,-0.0714721679688,0.813415527344,-993.0,7580.0,2913.0,-5.0,4.0,-5.0,
1649341212287332296,0.576782226562,0.00018310546875,-0.0716552734375,0.813720703125,-991.0,7598.0,2903.0,-8.0,4.0,-5.0,
1649341212289082527,0.575500488281,0.00128173828125,-0.0718994140625,0.814575195312,-975.0,7630.0,2910.0,-15.0,5.0,-6.0,
1649341212293499469,0.574645996094,0.00189208984375,-0.0720825195312,0.815185546875,-965.0,7647.0,2923.0,-18.0,5.0,-7.0,
1649341212295708656,0.573608398438,0.0025634765625,-0.072265625,0.815856933594,-964.0,7656.0,2945.0,-21.0,5.0,-7.0,
1649341212300181865,0.571228027344,0.00396728515625,-0.0725708007812,0.817504882812,-994.0,7639.0,2971.0,-25.0,6.0,-8.0,
1649341212306946277,0.570007324219,0.0047607421875,-0.07275390625,0.818359375,-1029.0,7615.0,3002.0,-26.0,7.0,-8.0,
1649341212312224149,0.568725585938,0.005615234375,-0.0728759765625,0.819213867188,-1076.0,7590.0,3037.0,-26.0,7.0,-8.0,
1649341212316049098,0.566162109375,0.00738525390625,-0.0732421875,0.820922851562,-1163.0,7553.0,3075.0,-25.0,7.0,-8.0,
1649341212321367740,0.565002441406,0.00823974609375,-0.0734252929688,0.821716308594,-1198.0,7533.0,3093.0,-24.0,7.0,-8.0,
1649341212325239658,0.563842773438,0.00909423828125,-0.0735473632812,0.822509765625,-1221.0,7515.0,3099.0,-23.0,7.0,-7.0,
1649341212352132558,0.558715820312,0.013427734375,-0.0738525390625,0.825927734375,-1298.0,7402.0,3127.0,-19.0,9.0,-6.0,
1649341212354309082,0.557006835938,0.01513671875,-0.0737915039062,0.827026367188,-1321.0,7381.0,3112.0,-17.0,10.0,-5.0,
1649341212377651214,0.556274414062,0.0159912109375,-0.07373046875,0.827514648438,-1339.0,7364.0,3100.0,-16.0,10.0,-5.0,
1649341212381526470,0.555541992188,0.0169067382812,-0.0736083984375,0.828002929688,-1361.0,7359.0,3101.0,-16.0,11.0,-5.0,
1649341212391172170,0.554260253906,0.018798828125,-0.0732421875,0.828857421875,-1429.0,7360.0,3151.0,-13.0,13.0,-4.0,
1649341212395217657,0.5537109375,0.0198364257812,-0.072998046875,0.829223632812,-1462.0,7373.0,3193.0,-12.0,13.0,-4.0,
1649341212399604558,0.55322265625,0.0208740234375,-0.07275390625,0.829528808594,-1488.0,7416.0,3236.0,-11.0,14.0,-4.0,
1649341212403405666,0.550903320312,0.0252685546875,-0.0714111328125,0.8310546875,-1582.0,7760.0,3505.0,-15.0,16.0,-3.0,
1649341212405416488,0.549987792969,0.0264282226562,-0.071044921875,0.831665039062,-1604.0,7833.0,3592.0,-19.0,16.0,-3.0,
1649341212409153699,0.548828125,0.0275268554688,-0.0706787109375,0.832458496094,-1617.0,7879.0,3660.0,-22.0,16.0,-3.0,
1649341212415522336,0.547546386719,0.0286865234375,-0.0702514648438,0.833251953125,-1624.0,7906.0,3707.0,-26.0,16.0,-3.0,
1649341212419776201,0.546081542969,0.02978515625,-0.0698852539062,0.834228515625,-1632.0,7918.0,3735.0,-29.0,16.0,-3.0,
1649341212423523664,0.544494628906,0.0308837890625,-0.0694580078125,0.835266113281,-1648.0,7916.0,3749.0,-32.0,15.0,-2.0,
1649341212425740718,0.542785644531,0.0320434570312,-0.0690307617188,0.836364746094,-1675.0,7913.0,3751.0,-34.0,15.0,-2.0,
1649341212436789512,0.540954589844,0.033203125,-0.0685424804688,0.837524414062,-1706.0,7905.0,3732.0,-36.0,16.0,-2.0,
1649341212444419145,0.537292480469,0.0355224609375,-0.0675659179688,0.839904785156,-1769.0,7894.0,3674.0,-39.0,16.0,-1.0,
1649341212446982622,0.535400390625,0.0368041992188,-0.0670776367188,0.841064453125,-1789.0,7896.0,3665.0,-39.0,17.0,-1.0,
1649341212450684309,0.533447265625,0.0380249023438,-0.0664672851562,0.84228515625,-1792.0,7897.0,3678.0,-40.0,18.0,-1.0,
1649341212453217029,0.531494140625,0.039306640625,-0.0658569335938,0.843505859375,-1786.0,7875.0,3720.0,-40.0,19.0,-1.0,
1649341212457293510,0.529541015625,0.0405883789062,-0.065185546875,0.844787597656,-1775.0,7841.0,3772.0,-40.0,19.0,-1.0,
1649341212462918758,0.527526855469,0.0419311523438,-0.0645141601562,0.846008300781,-1753.0,7802.0,3820.0,-40.0,20.0,-1.0,
1649341212465185165,0.525573730469,0.0432739257812,-0.0638427734375,0.847229003906,-1737.0,7767.0,3907.0,-39.0,20.0,-1.0,
1649341212467342853,0.523620605469,0.0446166992188,-0.0631103515625,0.848388671875,-1725.0,7732.0,4018.0,-38.0,21.0,-1.0,
1649341212473546266,0.521667480469,0.0459594726562,-0.0623779296875,0.849609375,-1736.0,7693.0,4129.0,-37.0,21.0,0.0,
1649341212478072643,0.519714355469,0.0472412109375,-0.0616455078125,0.850769042969,-1768.0,7647.0,4220.0,-36.0,21.0,0.0,
1649341212480269908,0.517883300781,0.048583984375,-0.0608520507812,0.851806640625,-1803.0,7598.0,4296.0,-34.0,21.0,1.0,
1649341212485501527,0.513000488281,0.0520629882812,-0.0584106445312,0.854736328125,-1874.0,7493.0,4393.0,-29.0,19.0,4.0,
1649341212487566709,0.511596679688,0.0531005859375,-0.0574951171875,0.855590820312,-1882.0,7486.0,4382.0,-28.0,19.0,6.0,
1649341212489549398,0.509033203125,0.0550537109375,-0.0554809570312,0.857116699219,-1857.0,7530.0,4256.0,-26.0,18.0,8.0,
1649341212499086141,0.505310058594,0.0576782226562,-0.0519409179688,0.859375,-1755.0,7717.0,4066.0,-29.0,20.0,10.0,
1649341212505804300,0.502380371094,0.0595703125,-0.0492553710938,0.861145019531,-1733.0,7874.0,4028.0,-34.0,21.0,10.0,
1649341212513993740,0.500671386719,0.0606079101562,-0.0479125976562,0.862121582031,-1749.0,7959.0,4047.0,-37.0,22.0,10.0,
1649341212518567562,0.498840332031,0.0616455078125,-0.0465087890625,0.863220214844,-1783.0,8034.0,4103.0,-40.0,23.0,10.0,
1649341212522262811,0.496765136719,0.0628051757812,-0.045166015625,0.864379882812,-1823.0,8073.0,4179.0,-43.0,23.0,10.0,
1649341212537091016,0.494567871094,0.06396484375,-0.043701171875,0.865661621094,-1878.0,8076.0,4250.0,-45.0,23.0,11.0,
1649341212542860031,0.4921875,0.0651245117188,-0.0422973632812,0.866943359375,-1931.0,8030.0,4310.0,-47.0,23.0,11.0,
1649341212563131093,0.489807128906,0.0662841796875,-0.0408935546875,0.868286132812,-1989.0,7948.0,4354.0,-48.0,23.0,11.0,
1649341212573751449,0.4873046875,0.0674438476562,-0.0394287109375,0.869689941406,-2056.0,7844.0,4375.0,-49.0,22.0,12.0,
1649341212585135459,0.482482910156,0.0696411132812,-0.0364379882812,0.872314453125,-2219.0,7628.0,4408.0,-47.0,22.0,15.0,
1649341212588958740,0.480163574219,0.0707397460938,-0.0348510742188,0.87353515625,-2310.0,7541.0,4419.0,-45.0,22.0,16.0,
1649341212598577976,0.47802734375,0.0717163085938,-0.033203125,0.874755859375,-2418.0,7477.0,4417.0,-43.0,22.0,18.0,
1649341212609993219,0.475952148438,0.07275390625,-0.0314331054688,0.875854492188,-2527.0,7441.0,4421.0,-42.0,22.0,20.0,
1649341212615297317,0.473999023438,0.07373046875,-0.0296020507812,0.876892089844,-2633.0,7425.0,4419.0,-41.0,21.0,22.0,
1649341212619274377,0.472045898438,0.0745849609375,-0.0276489257812,0.8779296875,-2736.0,7424.0,4430.0,-40.0,21.0,25.0,
1649341212669764280,0.470153808594,0.0753784179688,-0.025634765625,0.87890625,-2824.0,7438.0,4441.0,-40.0,21.0,27.0,
1649341212695338249,0.468322753906,0.076171875,-0.0234375,0.879943847656,-2899.0,7462.0,4458.0,-40.0,21.0,29.0,
1649341212700656175,0.466369628906,0.0768432617188,-0.0211791992188,0.880920410156,-2959.0,7499.0,4472.0,-41.0,21.0,31.0,
1649341212708844661,0.464477539062,0.0774536132812,-0.0188598632812,0.881958007812,-3003.0,7528.0,4501.0,-42.0,20.0,32.0,
1649341212711012363,0.462463378906,0.0779418945312,-0.0164184570312,0.882995605469,-3030.0,7534.0,4538.0,-43.0,19.0,34.0,
1649341212722934722,0.460388183594,0.0783081054688,-0.0139770507812,0.884094238281,-3049.0,7513.0,4582.0,-43.0,18.0,36.0,
1649341212734301805,0.458251953125,0.07861328125,-0.011474609375,0.885192871094,-3060.0,7457.0,4623.0,-44.0,17.0,37.0,
1649341212737975835,0.456115722656,0.0787963867188,-0.0089111328125,0.886352539062,-3083.0,7389.0,4653.0,-44.0,16.0,38.0,
1649341212747797727,0.454040527344,0.0789184570312,-0.00634765625,0.887390136719,-3111.0,7305.0,4705.0,-43.0,15.0,40.0,
1649341212753142118,0.451904296875,0.0789794921875,-0.00372314453125,0.888488769531,-3147.0,7222.0,4775.0,-42.0,13.0,41.0,
1649341212756896495,0.449829101562,0.078857421875,-0.00103759765625,0.889587402344,-3191.0,7124.0,4848.0,-41.0,12.0,43.0,
1649341212763624429,0.447875976562,0.0786743164062,0.00164794921875,0.890563964844,-3227.0,7029.0,4912.0,-39.0,10.0,45.0,
1649341212774688482,0.445922851562,0.078369140625,0.00439453125,0.8916015625,-3256.0,6932.0,4969.0,-38.0,9.0,47.0,
1649341212788824796,0.444091796875,0.077880859375,0.0072021484375,0.892517089844,-3286.0,6841.0,5019.0,-36.0,7.0,48.0,
1649341212793276309,0.442321777344,0.0772705078125,0.00994873046875,0.893432617188,-3305.0,6749.0,5039.0,-34.0,4.0,50.0,
1649341212808141231,0.440795898438,0.076416015625,0.0127563476562,0.894226074219,-3313.0,6668.0,5053.0,-32.0,2.0,52.0,
1649341212810329437,0.439331054688,0.075439453125,0.0155639648438,0.894958496094,-3320.0,6602.0,5076.0,-30.0,-1.0,53.0,
1649341212821680545,0.437927246094,0.0743408203125,0.0183715820312,0.895690917969,-3321.0,6558.0,5095.0,-28.0,-3.0,54.0,
1649341212830803632,0.436767578125,0.072998046875,0.0211791992188,0.896301269531,-3311.0,6491.0,5111.0,-25.0,-6.0,56.0,
1649341212837850332,0.435668945312,0.0714721679688,0.0239868164062,0.896911621094,-3291.0,6410.0,5110.0,-23.0,-8.0,57.0,
1649341212852618455,0.433532714844,0.0661010742188,0.0321044921875,0.898071289062,-3168.0,6133.0,5049.0,-12.0,-16.0,59.0,
1649341212862776517,0.433288574219,0.0617065429688,0.0372314453125,0.898315429688,-3002.0,5982.0,4971.0,-4.0,-21.0,59.0,
1649341212937489748,0.435241699219,0.0443115234375,0.0504760742188,0.897766113281,-2036.0,5872.0,5103.0,4.0,-39.0,54.0,
1649341212942913770,0.435607910156,0.040771484375,0.0521850585938,0.897644042969,-1869.0,5896.0,5179.0,4.0,-43.0,53.0,
1649341212946327924,0.436767578125,-0.00396728515625,0.0593872070312,0.897521972656,-957.0,5496.0,4934.0,-6.0,-81.0,39.0,
1649341212957986831,0.435607910156,-0.0325927734375,0.0562133789062,0.897705078125,-327.0,5188.0,4487.0,-11.0,-96.0,28.0,
1649341212961055517,0.435241699219,-0.0386352539062,0.0549926757812,0.897766113281,-141.0,5134.0,4386.0,-12.0,-98.0,25.0,
1649341212970339059,0.434875488281,-0.0447998046875,0.0535278320312,0.897766113281,56.0,5087.0,4278.0,-13.0,-100.0,22.0,
1649341212977542400,0.434448242188,-0.0509643554688,0.0518798828125,0.897705078125,254.0,5042.0,4194.0,-13.0,-102.0,19.0,
