1647598659618466854,-0.450744628906,0.784362792969,-0.318725585938,-0.282897949219,5720.0,-2317.0,-5327.0,-69.0,33.0,157.0,
1647598659623505830,-0.440795898438,0.789611816406,-0.319213867188,-0.283386230469,5645.0,-2668.0,-5661.0,-73.0,50.0,160.0,
1647598659628505945,-0.430725097656,0.794738769531,-0.319641113281,-0.284057617188,5453.0,-2992.0,-5919.0,-77.0,48.0,158.0,
1647598659634470462,-0.420715332031,0.800109863281,-0.319580078125,-0.2841796875,5204.0,-3144.0,-5921.0,-81.0,38.0,157.0,
1647598659638801574,-0.410949707031,0.805480957031,-0.318908691406,-0.283935546875,4604.0,-3180.0,-6218.0,-84.0,25.0,156.0,
1647598659646346569,-0.402221679688,0.811157226562,-0.317199707031,-0.2822265625,3800.0,-3059.0,-6404.0,-82.0,3.0,146.0,
1647598659681886672,-0.394653320312,0.816650390625,-0.314575195312,-0.279907226562,3093.0,-2942.0,-6757.0,-81.0,-13.0,129.0,
1647598659691933155,-0.388305664062,0.822021484375,-0.311340332031,-0.276672363281,2451.0,-2954.0,-6969.0,-76.0,-31.0,114.0,
1647598659695458650,-0.383178710938,0.827026367188,-0.307739257812,-0.27294921875,1824.0,-2966.0,-7147.0,-72.0,-46.0,93.0,
1647598659702078104,-0.379699707031,0.83154296875,-0.303649902344,-0.268737792969,1123.0,-2935.0,-7258.0,-66.0,-59.0,68.0,
1647598659720884561,-0.377868652344,0.835388183594,-0.299133300781,-0.264343261719,331.0,-2865.0,-7307.0,-61.0,-69.0,40.0,
1647598659725556135,-0.377563476562,0.838623046875,-0.294189453125,-0.260009765625,-367.0,-2818.0,-7364.0,-56.0,-73.0,13.0,
1647598659734438657,-0.37841796875,0.84130859375,-0.288940429688,-0.256042480469,-860.0,-2749.0,-7358.0,-55.0,-72.0,-10.0,
1647598659737673044,-0.380187988281,0.843322753906,-0.283630371094,-0.252685546875,-1179.0,-2610.0,-7335.0,-54.0,-68.0,-30.0,
1647598659739022493,-0.382873535156,0.844787597656,-0.278076171875,-0.249816894531,-1353.0,-2289.0,-7382.0,-52.0,-67.0,-46.0,
1647598659739291667,-0.386535644531,0.845764160156,-0.2724609375,-0.2470703125,-1464.0,-1770.0,-7510.0,-43.0,-69.0,-59.0,
1647598659745087862,-0.390991210938,0.84619140625,-0.267211914062,-0.244262695312,-1496.0,-1168.0,-7683.0,-29.0,-68.0,-68.0,
1647598659750271320,-0.395935058594,0.846130371094,-0.2626953125,-0.241394042969,-1394.0,-581.0,-7806.0,-10.0,-65.0,-72.0,
1647598659752001047,-0.401245117188,0.845581054688,-0.259216308594,-0.238403320312,-1194.0,-141.0,-7877.0,10.0,-63.0,-73.0,
1647598659752851247,-0.406677246094,0.8447265625,-0.256652832031,-0.23486328125,-935.0,118.0,-7867.0,27.0,-66.0,-72.0,
1647598659753332853,-0.412292480469,0.843688964844,-0.254943847656,-0.230590820312,-613.0,204.0,-7818.0,42.0,-73.0,-69.0,
1647598659754526376,-0.41796875,0.842651367188,-0.253784179688,-0.2255859375,-222.0,201.0,-7765.0,52.0,-84.0,-67.0,
1647598659755541563,-0.424011230469,0.841491699219,-0.252685546875,-0.219604492188,157.0,130.0,-7688.0,60.0,-100.0,-68.0,
1647598659759120464,-0.430541992188,0.84033203125,-0.25146484375,-0.212585449219,451.0,45.0,-7559.0,65.0,-118.0,-73.0,
1647598659760790586,-0.437622070312,0.839111328125,-0.249938964844,-0.204833984375,664.0,-30.0,-7366.0,69.0,-134.0,-79.0,
1647598659761458873,-0.445190429688,0.837585449219,-0.248107910156,-0.196716308594,869.0,-93.0,-7106.0,68.0,-143.0,-88.0,
1647598659762006998,-0.453186035156,0.835815429688,-0.245849609375,-0.188598632812,1112.0,-130.0,-6805.0,65.0,-148.0,-97.0,
1647598659762506246,-0.461486816406,0.833679199219,-0.243286132812,-0.181030273438,1371.0,-171.0,-6429.0,58.0,-148.0,-106.0,
1647598659763725519,-0.470092773438,0.831359863281,-0.240051269531,-0.173950195312,1638.0,-225.0,-6014.0,47.0,-148.0,-115.0,
1647598659764749765,-0.478942871094,0.828796386719,-0.235961914062,-0.167358398438,1899.0,-322.0,-5597.0,32.0,-152.0,-124.0,
1647598659767535448,-0.487915039062,0.826171875,-0.23095703125,-0.161254882812,2153.0,-444.0,-5164.0,14.0,-154.0,-132.0,
1647598659771998405,-0.496948242188,0.823486328125,-0.224975585938,-0.155822753906,2392.0,-569.0,-4751.0,-5.0,-155.0,-138.0,
1647598659777454376,-0.505981445312,0.82080078125,-0.217834472656,-0.151123046875,2616.0,-648.0,-4382.0,-27.0,-156.0,-145.0,
1647598659780999660,-0.51513671875,0.817993164062,-0.20947265625,-0.147155761719,2862.0,-666.0,-4059.0,-49.0,-157.0,-153.0,
1647598659785450220,-0.524353027344,0.815124511719,-0.199768066406,-0.143920898438,3102.0,-632.0,-3818.0,-73.0,-161.0,-158.0,
1647598659790229797,-0.533508300781,0.812316894531,-0.188659667969,-0.141296386719,3303.0,-542.0,-3708.0,-95.0,-165.0,-162.0,
1647598659795198678,-0.542419433594,0.809448242188,-0.176513671875,-0.139282226562,3401.0,-387.0,-3821.0,-114.0,-165.0,-164.0,
1647598659813754796,-0.550964355469,0.806640625,-0.163818359375,-0.137756347656,3352.0,-113.0,-4085.0,-124.0,-158.0,-161.0,
1647598659814621448,-0.558898925781,0.803771972656,-0.151245117188,-0.136779785156,3229.0,274.0,-4432.0,-125.0,-144.0,-153.0,
1647598659814987421,-0.565856933594,0.801025390625,-0.139587402344,-0.136657714844,3196.0,764.0,-4837.0,-119.0,-120.0,-139.0,
1647598659826567888,-0.57177734375,0.79833984375,-0.129516601562,-0.137390136719,3336.0,1273.0,-5264.0,-107.0,-92.0,-122.0,
1647598659827141523,-0.576721191406,0.7958984375,-0.121215820312,-0.138732910156,3647.0,1736.0,-5627.0,-90.0,-70.0,-102.0,
1647598659827514410,-0.580688476562,0.793762207031,-0.114501953125,-0.14013671875,4066.0,2103.0,-5887.0,-71.0,-58.0,-84.0,
1647598659830454349,-0.583984375,0.7919921875,-0.109008789062,-0.140869140625,4504.0,2382.0,-6043.0,-53.0,-58.0,-69.0,
1647598659835128307,-0.5869140625,0.79052734375,-0.103942871094,-0.140625,4884.0,2599.0,-6159.0,-40.0,-70.0,-57.0,
1647598659839720726,-0.589538574219,0.789489746094,-0.0989990234375,-0.139282226562,5187.0,2775.0,-6302.0,-30.0,-83.0,-49.0,
1647598659846979618,-0.591857910156,0.788696289062,-0.0941162109375,-0.137084960938,5427.0,2886.0,-6481.0,-23.0,-94.0,-41.0,
1647598659858336448,-0.595764160156,0.787841796875,-0.0845947265625,-0.13134765625,5666.0,2720.0,-6873.0,-17.0,-102.0,-31.0,
1647598659862248182,-0.597473144531,0.787536621094,-0.0798950195312,-0.128173828125,5669.0,2402.0,-7032.0,-20.0,-102.0,-29.0,
1647598659866650104,-0.59912109375,0.787292480469,-0.0750732421875,-0.125122070312,5645.0,1998.0,-7171.0,-28.0,-101.0,-30.0,
1647598659871598482,-0.600708007812,0.786926269531,-0.0699462890625,-0.122619628906,5665.0,1749.0,-7741.0,-40.0,-97.0,-33.0,
1647598659883533000,-0.60205078125,0.786437988281,-0.0652465820312,-0.121520996094,5741.0,1986.0,-8926.0,-47.0,-71.0,-31.0,
1647598659906864404,-0.602600097656,0.786071777344,-0.062744140625,-0.122497558594,5955.0,2828.0,-10046.0,-31.0,-19.0,-14.0,
1647598660044540166,-0.602783203125,0.785766601562,-0.0624389648438,-0.123718261719,6651.0,3403.0,-10861.0,9.0,3.0,-1.0,
1647598660045252323,-0.60107421875,0.786804199219,-0.0648193359375,-0.124145507812,7300.0,3434.0,-11666.0,43.0,5.0,41.0,
1647598660046154260,-0.597717285156,0.789306640625,-0.0691528320312,-0.122436523438,7538.0,3063.0,-11710.0,73.0,-5.0,80.0,
1647598660047069072,-0.594299316406,0.791809082031,-0.0740356445312,-0.119750976562,7703.0,2421.0,-11329.0,81.0,-9.0,81.0,
1647598660068900108,-0.592041015625,0.793518066406,-0.078369140625,-0.116821289062,7782.0,1568.0,-10846.0,73.0,-20.0,55.0,
1647598660069767713,-0.591186523438,0.794372558594,-0.0812377929688,-0.11328125,7492.0,709.0,-10351.0,57.0,-41.0,26.0,
1647598660070582866,-0.591003417969,0.794982910156,-0.0821533203125,-0.109313964844,6761.0,161.0,-9982.0,34.0,-58.0,10.0,
1647598660071555376,-0.591003417969,0.795532226562,-0.08154296875,-0.105590820312,5844.0,-41.0,-9736.0,16.0,-58.0,6.0,
1647598660073170661,-0.591003417969,0.796020507812,-0.0805053710938,-0.10302734375,5103.0,-61.0,-9555.0,6.0,-40.0,4.0,
1647598660074978113,-0.590942382812,0.796264648438,-0.0798950195312,-0.101867675781,4694.0,-36.0,-9387.0,2.0,-18.0,3.0,
1647598660077780246,-0.590759277344,0.79638671875,-0.0798950195312,-0.101745605469,4546.0,-1.0,-9263.0,1.0,-3.0,4.0,
1647598660081457614,-0.590515136719,0.796569824219,-0.080078125,-0.101806640625,4437.0,43.0,-9164.0,2.0,-3.0,5.0,
1647598660094835281,-0.590270996094,0.796752929688,-0.0802001953125,-0.101379394531,4277.0,98.0,-9048.0,5.0,-11.0,5.0,
1647598660134119749,-0.590209960938,0.796997070312,-0.0799560546875,-0.100402832031,4098.0,132.0,-8992.0,8.0,-20.0,5.0,
1647598660135331392,-0.590087890625,0.797302246094,-0.0797119140625,-0.098876953125,3976.0,135.0,-8809.0,12.0,-27.0,6.0,
1647598660135643243,-0.589721679688,0.797729492188,-0.07958984375,-0.0972900390625,3919.0,173.0,-8537.0,13.0,-28.0,10.0,
1647598660136043310,-0.589172363281,0.79833984375,-0.07958984375,-0.0958862304688,3898.0,266.0,-8314.0,13.0,-26.0,15.0,
1647598660136457443,-0.588562011719,0.798950195312,-0.0795288085938,-0.094482421875,3814.0,357.0,-8146.0,14.0,-26.0,16.0,
1647598660136974811,-0.587951660156,0.799560546875,-0.0794677734375,-0.0928955078125,3593.0,399.0,-7951.0,16.0,-28.0,16.0,
1647598660137880086,-0.58740234375,0.800231933594,-0.079345703125,-0.0909423828125,3294.0,355.0,-7714.0,18.0,-30.0,16.0,
1647598660138866424,-0.5869140625,0.800842285156,-0.0791625976562,-0.0889282226562,3002.0,231.0,-7488.0,16.0,-29.0,15.0,
1647598660141112565,-0.582946777344,0.805541992188,-0.0723876953125,-0.0775756835938,1435.0,450.0,-7478.0,5.0,-35.0,7.0,
1647598660143131732,-0.582702636719,0.806091308594,-0.0712890625,-0.0750732421875,1337.0,405.0,-7473.0,15.0,-45.0,10.0,
1647598660150292158,-0.582397460938,0.806640625,-0.0703735351562,-0.0718994140625,1149.0,158.0,-7516.0,18.0,-49.0,12.0,
1647598660150893211,-0.58203125,0.807250976562,-0.069580078125,-0.0684204101562,931.0,-141.0,-7642.0,17.0,-49.0,12.0,
1647598660151308774,-0.581665039062,0.807922363281,-0.0687255859375,-0.0648803710938,670.0,-342.0,-7776.0,15.0,-48.0,12.0,
1647598660151695728,-0.581359863281,0.808471679688,-0.0679321289062,-0.0616455078125,417.0,-406.0,-7891.0,14.0,-43.0,11.0,
1647598660153830766,-0.5810546875,0.808959960938,-0.0671997070312,-0.0588989257812,268.0,-393.0,-7982.0,13.0,-35.0,9.0,
1647598660155488491,-0.580871582031,0.809326171875,-0.0665283203125,-0.056640625,238.0,-372.0,-8105.0,12.0,-29.0,7.0,
1647598660156012058,-0.580749511719,0.809509277344,-0.0660400390625,-0.0548095703125,269.0,-375.0,-8282.0,11.0,-24.0,4.0,
1647598660157443284,-0.580810546875,0.809631347656,-0.0657348632812,-0.0531616210938,330.0,-401.0,-8457.0,11.0,-22.0,1.0,
1647598660158532142,-0.580932617188,0.809692382812,-0.0655517578125,-0.0516357421875,460.0,-427.0,-8545.0,11.0,-19.0,0.0,
1647598660159215927,-0.5810546875,0.809631347656,-0.0654296875,-0.0504150390625,684.0,-465.0,-8594.0,10.0,-17.0,-1.0,
1647598660160040378,-0.581176757812,0.809631347656,-0.0652465820312,-0.0493774414062,951.0,-496.0,-8643.0,6.0,-18.0,-2.0,
1647598660160641908,-0.581359863281,0.8095703125,-0.0648803710938,-0.0484619140625,1135.0,-494.0,-8573.0,2.0,-21.0,-3.0,
1647598660162518024,-0.581604003906,0.8095703125,-0.0640869140625,-0.0477294921875,1271.0,-429.0,-8548.0,-4.0,-21.0,-3.0,
1647598660163035392,-0.581848144531,0.809509277344,-0.0629272460938,-0.0474243164062,1420.0,-357.0,-8554.0,-11.0,-18.0,-4.0,
1647598660163445949,-0.582153320312,0.809326171875,-0.0617065429688,-0.0475463867188,1565.0,-347.0,-8541.0,-15.0,-15.0,-6.0,
1647598660163990020,-0.583251953125,0.808776855469,-0.0575561523438,-0.0482177734375,1732.0,-67.0,-8182.0,-22.0,-13.0,-7.0,
1647598660164182186,-0.583557128906,0.808654785156,-0.0557861328125,-0.0486450195312,1730.0,20.0,-8085.0,-23.0,-17.0,-7.0,
1647598660164579391,-0.583862304688,0.80859375,-0.0538330078125,-0.048583984375,1602.0,5.0,-7999.0,-23.0,-22.0,-6.0,
1647598660165004253,-0.584106445312,0.80859375,-0.0518798828125,-0.048095703125,1381.0,-35.0,-7919.0,-22.0,-25.0,-5.0,
1647598660165593385,-0.584350585938,0.80859375,-0.0498657226562,-0.0474853515625,1169.0,-46.0,-7780.0,-21.0,-25.0,-5.0,
1647598660171046733,-0.585083007812,0.808288574219,-0.0458984375,-0.0468139648438,996.0,-28.0,-7568.0,-23.0,-21.0,-9.0,
1647598660175469398,-0.585510253906,0.808166503906,-0.0438232421875,-0.0465698242188,968.0,-5.0,-7591.0,-24.0,-23.0,-9.0,
1647598660179841041,-0.585815429688,0.808044433594,-0.0418090820312,-0.0462036132812,930.0,40.0,-7763.0,-23.0,-25.0,-7.0,
1647598660184267044,-0.585998535156,0.808044433594,-0.0400390625,-0.0455322265625,798.0,86.0,-7929.0,-16.0,-24.0,-4.0,
1647598660191109657,-0.586120605469,0.80810546875,-0.0387573242188,-0.0446166992188,714.0,161.0,-8044.0,-7.0,-22.0,-2.0,
1647598660195752859,-0.586120605469,0.808166503906,-0.0380859375,-0.043701171875,644.0,236.0,-8078.0,2.0,-16.0,1.0,
1647598660200150489,-0.585998535156,0.808288574219,-0.0377197265625,-0.0426635742188,571.0,195.0,-8038.0,7.0,-15.0,2.0,
1647598660206179618,-0.585876464844,0.808471679688,-0.0375366210938,-0.04150390625,499.0,19.0,-7970.0,9.0,-15.0,3.0,
1647598660209547042,-0.585754394531,0.80859375,-0.0375366210938,-0.0402221679688,402.0,-223.0,-7916.0,8.0,-15.0,3.0,
1647598660214637756,-0.585815429688,0.808654785156,-0.0375366210938,-0.0390014648438,313.0,-428.0,-7870.0,6.0,-13.0,0.0,
1647598660220770597,-0.585876464844,0.808654785156,-0.037353515625,-0.0379028320312,297.0,-522.0,-7849.0,3.0,-13.0,-2.0,
1647598660225291252,-0.586120605469,0.808532714844,-0.0370483398438,-0.0369873046875,225.0,-509.0,-7828.0,1.0,-13.0,-4.0,
1647598660229776382,-0.586486816406,0.808288574219,-0.03662109375,-0.0361938476562,167.0,-474.0,-7837.0,0.0,-12.0,-8.0,
1647598660234475851,-0.586975097656,0.807983398438,-0.0362548828125,-0.0357055664062,206.0,-438.0,-7858.0,-1.0,-7.0,-10.0,
1647598660240976572,-0.587463378906,0.8076171875,-0.0360717773438,-0.0355834960938,357.0,-407.0,-7861.0,-1.0,-2.0,-11.0,
1647598660245677471,-0.587951660156,0.807312011719,-0.0360107421875,-0.03564453125,569.0,-350.0,-7882.0,-2.0,-2.0,-10.0,
1647598660250363588,-0.58837890625,0.807006835938,-0.0359497070312,-0.0359497070312,700.0,-290.0,-8059.0,-3.0,-1.0,-9.0,
1647598660256627559,-0.5888671875,0.806579589844,-0.035888671875,-0.0360107421875,699.0,-206.0,-7962.0,0.0,-2.0,-11.0,
1647598660261575698,-0.589538574219,0.80615234375,-0.0355224609375,-0.0358276367188,722.0,-155.0,-7911.0,-1.0,-7.0,-13.0,
1647598660266965150,-0.590087890625,0.805786132812,-0.0349731445312,-0.0357055664062,858.0,-190.0,-7835.0,-5.0,-8.0,-12.0,
1647598660270869493,-0.590637207031,0.805419921875,-0.0343017578125,-0.0357055664062,991.0,-220.0,-7945.0,-10.0,-10.0,-11.0,
1647598660275272369,-0.591064453125,0.805114746094,-0.0333862304688,-0.03564453125,1011.0,-181.0,-8145.0,-13.0,-14.0,-10.0,
1647598660279902935,-0.591552734375,0.804870605469,-0.0322265625,-0.0352172851562,1006.0,-111.0,-8377.0,-11.0,-18.0,-9.0,
1647598660285147905,-0.591857910156,0.8046875,-0.03125,-0.03466796875,1062.0,-81.0,-8614.0,-7.0,-18.0,-7.0,
1647598660289425134,-0.592041015625,0.804565429688,-0.0306396484375,-0.0341186523438,1126.0,-135.0,-8766.0,-1.0,-15.0,-4.0,
1647598660294500350,-0.592163085938,0.804565429688,-0.0303344726562,-0.0332641601562,1173.0,-266.0,-8831.0,2.0,-17.0,-2.0,
1647598660300868511,-0.592163085938,0.804626464844,-0.0299072265625,-0.0321655273438,1127.0,-429.0,-8835.0,2.0,-21.0,0.0,
1647598660305931806,-0.592224121094,0.804626464844,-0.0292358398438,-0.03076171875,941.0,-578.0,-8732.0,0.0,-26.0,-1.0,
1647598660310597658,-0.592407226562,0.804626464844,-0.0281372070312,-0.0291748046875,687.0,-690.0,-8635.0,-5.0,-29.0,-4.0,
1647598660315251111,-0.5927734375,0.804443359375,-0.0267944335938,-0.0277709960938,481.0,-739.0,-8527.0,-9.0,-27.0,-7.0,
1647598660319309473,-0.59326171875,0.80419921875,-0.0253295898438,-0.0266723632812,427.0,-694.0,-8480.0,-12.0,-25.0,-10.0,
1647598660327548265,-0.59375,0.803833007812,-0.0238647460938,-0.0257568359375,389.0,-567.0,-8442.0,-12.0,-25.0,-11.0,
1647598660330852031,-0.59423828125,0.803588867188,-0.0224609375,-0.02490234375,359.0,-410.0,-8455.0,-9.0,-23.0,-9.0,
1647598660335460186,-0.594543457031,0.803405761719,-0.0213012695312,-0.02392578125,339.0,-267.0,-8410.0,-4.0,-23.0,-6.0,
1647598660340174198,-0.5947265625,0.803344726562,-0.020263671875,-0.022705078125,251.0,-175.0,-8329.0,0.0,-25.0,-4.0,
1647598660344580650,-0.594848632812,0.803283691406,-0.019287109375,-0.0211791992188,118.0,-123.0,-8229.0,2.0,-28.0,-3.0,
1647598660349525928,-0.594970703125,0.803283691406,-0.0181884765625,-0.0194702148438,-20.0,-80.0,-8142.0,3.0,-29.0,-2.0,
1647598660356087207,-0.595031738281,0.803283691406,-0.0172119140625,-0.0177612304688,-148.0,-7.0,-8079.0,3.0,-29.0,-1.0,
1647598660363217115,-0.595031738281,0.803405761719,-0.01611328125,-0.01611328125,-200.0,69.0,-8090.0,3.0,-28.0,1.0,
1647598660370863199,-0.594421386719,0.803894042969,-0.0140991210938,-0.0128173828125,-244.0,104.0,-8119.0,4.0,-31.0,7.0,
1647598660375314712,-0.594116210938,0.80419921875,-0.012939453125,-0.0108642578125,-322.0,19.0,-7895.0,3.0,-35.0,6.0,
1647598660379698038,-0.593872070312,0.804382324219,-0.0116577148438,-0.00927734375,-235.0,24.0,-7970.0,-3.0,-29.0,5.0,
1647598660384412527,-0.59326171875,0.804870605469,-0.0107421875,-0.00848388671875,99.0,233.0,-8184.0,-5.0,-20.0,12.0,
1647598660389200210,-0.592468261719,0.805480957031,-0.009765625,-0.0078125,272.0,333.0,-8228.0,-1.0,-25.0,16.0,
1647598660395669221,-0.591918945312,0.805908203125,-0.00860595703125,-0.00634765625,74.0,174.0,-8242.0,2.0,-34.0,11.0,
1647598660400267601,-0.591613769531,0.806213378906,-0.0074462890625,-0.00439453125,-198.0,-67.0,-8193.0,1.0,-33.0,6.0,
1647598660404919385,-0.591369628906,0.806396484375,-0.00640869140625,-0.0028076171875,-302.0,-197.0,-8146.0,-3.0,-25.0,5.0,
1647598660409769773,-0.591064453125,0.806579589844,-0.00555419921875,-0.00201416015625,-235.0,-211.0,-8127.0,-7.0,-16.0,6.0,
1647598660414494991,-0.590698242188,0.806884765625,-0.0047607421875,-0.00164794921875,-97.0,-210.0,-8122.0,-9.0,-13.0,7.0,
1647598660421661138,-0.590270996094,0.807189941406,-0.00390625,-0.001220703125,-112.0,-213.0,-8131.0,-9.0,-17.0,8.0,
1647598660425531387,-0.589904785156,0.807495117188,-0.00286865234375,-0.0003662109375,-160.0,-231.0,-8060.0,-6.0,-21.0,8.0,
1647598660429856777,-0.589416503906,0.807800292969,-0.001953125,0.00054931640625,-161.0,-228.0,-8024.0,-5.0,-19.0,9.0,
1647598660434762716,-0.5888671875,0.808227539062,-0.00115966796875,0.00128173828125,-118.0,-166.0,-7996.0,-5.0,-17.0,10.0,
1647598660439434289,-0.588256835938,0.808654785156,-0.00042724609375,0.0018310546875,-83.0,-85.0,-8003.0,-4.0,-15.0,12.0,
1647598660444060325,-0.587585449219,0.809143066406,0.000244140625,0.00225830078125,-77.0,-5.0,-8005.0,-3.0,-13.0,13.0,
1647598660450626850,-0.586853027344,0.809692382812,0.00079345703125,0.00274658203125,-61.0,50.0,-7950.0,-1.0,-12.0,14.0,
1647598660467541694,-0.586059570312,0.810241699219,0.001220703125,0.00323486328125,-49.0,95.0,-7904.0,0.0,-11.0,16.0,
1647598660481099843,-0.581604003906,0.813415527344,0.00323486328125,0.0069580078125,-21.0,191.0,-7253.0,3.0,-19.0,20.0,
1647598660488605976,-0.580505371094,0.814208984375,0.0037841796875,0.00811767578125,-126.0,212.0,-7294.0,4.0,-20.0,21.0,
1647598660493177413,-0.579406738281,0.81494140625,0.00421142578125,0.0093994140625,-101.0,260.0,-7313.0,8.0,-20.0,21.0,
1647598660498010873,-0.578125,0.815856933594,0.0045166015625,0.0107421875,121.0,280.0,-7326.0,11.0,-21.0,25.0,
1647598660502522468,-0.576721191406,0.816833496094,0.0047607421875,0.011962890625,136.0,255.0,-7579.0,10.0,-25.0,27.0,
1647598660505851745,-0.575378417969,0.817749023438,0.00531005859375,0.013916015625,-92.0,138.0,-7776.0,12.0,-33.0,27.0,
1647598660510723114,-0.573791503906,0.818786621094,0.00579833984375,0.0162963867188,-270.0,21.0,-7969.0,13.0,-33.0,30.0,
1647598660515487670,-0.572265625,0.81982421875,0.00616455078125,0.018310546875,-300.0,-68.0,-8153.0,12.0,-27.0,31.0,
1647598660519817590,-0.570678710938,0.820922851562,0.0064697265625,0.0198974609375,-397.0,-130.0,-8350.0,9.0,-24.0,31.0,
1647598660524381399,-0.569152832031,0.821899414062,0.00689697265625,0.0213012695312,-538.0,-234.0,-8542.0,6.0,-21.0,29.0,
1647598660529067754,-0.567749023438,0.822875976562,0.00732421875,0.0225219726562,-732.0,-396.0,-8692.0,3.0,-17.0,27.0,
1647598660537207365,-0.566528320312,0.823669433594,0.007568359375,0.0233764648438,-882.0,-522.0,-8793.0,0.0,-9.0,24.0,
1647598660540446281,-0.565368652344,0.824401855469,0.00762939453125,0.0238647460938,-945.0,-531.0,-8817.0,-1.0,-3.0,22.0,
1647598660545509576,-0.564453125,0.825073242188,0.007568359375,0.0239868164062,-973.0,-428.0,-8974.0,0.0,2.0,19.0,
1647598660549761772,-0.563537597656,0.82568359375,0.0072021484375,0.0238647460938,-742.0,-325.0,-8828.0,5.0,7.0,17.0,
1647598660554537534,-0.562622070312,0.826354980469,0.00640869140625,0.0233764648438,-503.0,-202.0,-8668.0,7.0,10.0,18.0,
1647598660559161186,-0.561645507812,0.827026367188,0.005859375,0.0230712890625,-479.0,-97.0,-8582.0,7.0,5.0,19.0,
1647598660567848443,-0.560546875,0.827758789062,0.00543212890625,0.023193359375,-578.0,-80.0,-8410.0,10.0,2.0,21.0,
1647598660577193737,-0.558227539062,0.829345703125,0.0037841796875,0.0232543945312,-531.0,-14.0,-7991.0,12.0,11.0,23.0,
1647598660580532550,-0.556945800781,0.830200195312,0.00286865234375,0.0231323242188,-522.0,-43.0,-7793.0,12.0,10.0,25.0,
1647598660585282802,-0.555603027344,0.831115722656,0.00201416015625,0.023193359375,-516.0,-28.0,-7674.0,12.0,7.0,25.0,
1647598660589785337,-0.554260253906,0.83203125,0.00128173828125,0.0234375,-557.0,23.0,-7573.0,13.0,4.0,26.0,
1647598660594366550,-0.552978515625,0.832824707031,0.0008544921875,0.0238647460938,-746.0,-31.0,-7413.0,12.0,0.0,24.0,
1647598660598853349,-0.551879882812,0.833557128906,0.00054931640625,0.0247192382812,-1127.0,-197.0,-7318.0,11.0,-3.0,21.0,
1647598660605265140,-0.550903320312,0.834167480469,0.00030517578125,0.025634765625,-1504.0,-357.0,-7282.0,8.0,0.0,18.0,
1647598660610331296,-0.550231933594,0.834594726562,0.0001220703125,0.0261840820312,-1825.0,-450.0,-7343.0,3.0,7.0,12.0,
1647598660614979267,-0.549865722656,0.834838867188,-0.00018310546875,0.026123046875,-2020.0,-417.0,-7520.0,0.0,15.0,7.0,
1647598660619491338,-0.549682617188,0.8349609375,-0.0006103515625,0.0255737304688,-2135.0,-274.0,-7690.0,1.0,22.0,2.0,
1647598660624688863,-0.549743652344,0.8349609375,-0.00128173828125,0.024658203125,-2236.0,-108.0,-7913.0,3.0,27.0,-2.0,
1647598660632029771,-0.549987792969,0.834838867188,-0.0023193359375,0.023681640625,-2203.0,42.0,-8141.0,9.0,32.0,-6.0,
1647598660635377407,-0.550354003906,0.834594726562,-0.00408935546875,0.0223999023438,-1995.0,197.0,-8422.0,17.0,40.0,-9.0,
1647598660639994859,-0.550842285156,0.834289550781,-0.00634765625,0.0211181640625,-1865.0,249.0,-8582.0,24.0,39.0,-11.0,
1647598660644571065,-0.551452636719,0.833923339844,-0.00885009765625,0.020263671875,-1872.0,175.0,-8683.0,29.0,37.0,-14.0,
1647598660649563312,-0.55224609375,0.833374023438,-0.011474609375,0.019775390625,-2085.0,27.0,-8708.0,31.0,36.0,-17.0,
1647598660653816461,-0.553344726562,0.832580566406,-0.01416015625,0.0193481445312,-2152.0,-158.0,-8451.0,31.0,41.0,-24.0,
1647598660660526037,-0.554931640625,0.83154296875,-0.0169067382812,0.0185546875,-2521.0,-316.0,-8166.0,26.0,44.0,-33.0,
1647598660666137456,-0.556823730469,0.830200195312,-0.019287109375,0.0173950195312,-2723.0,-314.0,-8137.0,18.0,53.0,-40.0,
1647598660671918630,-0.558837890625,0.828857421875,-0.02197265625,0.0149536132812,-2187.0,-7.0,-8236.0,14.0,70.0,-43.0,
1647598660676747798,-0.560729980469,0.827514648438,-0.0252075195312,0.0111083984375,-1602.0,317.0,-8097.0,17.0,78.0,-41.0,
1647598660681171655,-0.562744140625,0.826110839844,-0.0284423828125,0.00732421875,-1499.0,383.0,-8271.0,18.0,73.0,-43.0,
1647598660685611248,-0.564880371094,0.824523925781,-0.0317993164062,0.004150390625,-1297.0,494.0,-8254.0,21.0,76.0,-46.0,
1647598660691532135,-0.567077636719,0.822875976562,-0.0355224609375,0.00042724609375,-1086.0,542.0,-8318.0,22.0,85.0,-48.0,
1647598660695159435,-0.569274902344,0.821166992188,-0.0396728515625,-0.003662109375,-752.0,595.0,-8418.0,24.0,92.0,-48.0,
1647598660699939250,-0.571411132812,0.819396972656,-0.0441284179688,-0.00799560546875,-474.0,685.0,-8473.0,25.0,96.0,-48.0,
1647598660704126358,-0.573608398438,0.817565917969,-0.048583984375,-0.0123901367188,-276.0,841.0,-8626.0,27.0,97.0,-49.0,
1647598660709048748,-0.575927734375,0.815551757812,-0.0531616210938,-0.0166625976562,-79.0,969.0,-8677.0,31.0,99.0,-52.0,
1647598660715470075,-0.578491210938,0.813354492188,-0.0579833984375,-0.0210571289062,38.0,943.0,-8817.0,35.0,101.0,-57.0,
1647598660720257520,-0.581176757812,0.810913085938,-0.06298828125,-0.025146484375,99.0,819.0,-8898.0,36.0,101.0,-61.0,
1647598660724875211,-0.584045410156,0.808288574219,-0.0681762695312,-0.029296875,212.0,744.0,-8883.0,36.0,105.0,-66.0,
1647598660729073047,-0.587036132812,0.805480957031,-0.0736083984375,-0.033935546875,480.0,760.0,-8880.0,36.0,112.0,-69.0,
1647598660734001398,-0.589965820312,0.802551269531,-0.079345703125,-0.0390625,904.0,837.0,-8901.0,37.0,118.0,-69.0,
1647598660741888046,-0.5927734375,0.799621582031,-0.0852661132812,-0.0443725585938,1370.0,877.0,-8857.0,40.0,118.0,-67.0,
1647598660745048522,-0.595397949219,0.796691894531,-0.0913696289062,-0.0494995117188,1720.0,795.0,-8834.0,42.0,115.0,-64.0,
1647598660749869585,-0.597839355469,0.793823242188,-0.097412109375,-0.0543212890625,1893.0,645.0,-8771.0,42.0,112.0,-61.0,
1647598660754430294,-0.600219726562,0.790954589844,-0.103332519531,-0.05908203125,1958.0,509.0,-8668.0,39.0,115.0,-61.0,
1647598660758864164,-0.602478027344,0.788024902344,-0.109313964844,-0.0642700195312,2027.0,425.0,-8468.0,36.0,123.0,-61.0,
1647598660768762350,-0.604614257812,0.784973144531,-0.115478515625,-0.0701904296875,2068.0,327.0,-8277.0,31.0,133.0,-61.0,
1647598660772911787,-0.606506347656,0.781921386719,-0.121887207031,-0.0767211914062,2100.0,248.0,-8127.0,26.0,145.0,-59.0,
1647598660780620336,-0.609313964844,0.775939941406,-0.13525390625,-0.0914916992188,2548.0,190.0,-7866.0,21.0,161.0,-51.0,
1647598660785269260,-0.610473632812,0.772827148438,-0.14208984375,-0.0992431640625,2563.0,325.0,-7842.0,21.0,163.0,-52.0,
1647598660789881706,-0.611755371094,0.76953125,-0.148803710938,-0.106994628906,2982.0,503.0,-7864.0,24.0,168.0,-55.0,
1647598660794697284,-0.613220214844,0.765747070312,-0.156066894531,-0.115234375,3511.0,673.0,-7897.0,28.0,171.0,-61.0,
1647598660799343109,-0.615356445312,0.761291503906,-0.1630859375,-0.123107910156,3702.0,618.0,-7959.0,32.0,161.0,-74.0,
1647598660804875373,-0.618041992188,0.756530761719,-0.169799804688,-0.130065917969,3752.0,407.0,-8031.0,36.0,152.0,-85.0,
1647598660809740543,-0.620910644531,0.75146484375,-0.176452636719,-0.13671875,3683.0,213.0,-8065.0,36.0,151.0,-91.0,
1647598660816709518,-0.623779296875,0.746215820312,-0.182983398438,-0.143432617188,3570.0,114.0,-8112.0,33.0,154.0,-95.0,
1647598660820899009,-0.626770019531,0.740661621094,-0.189514160156,-0.150512695312,3420.0,34.0,-8198.0,33.0,161.0,-99.0,
1647598660830967664,-0.629760742188,0.734802246094,-0.196411132812,-0.157958984375,3342.0,-73.0,-8213.0,33.0,173.0,-103.0,
1647598660834874629,-0.632385253906,0.728576660156,-0.203979492188,-0.166198730469,3444.0,-227.0,-8271.0,34.0,190.0,-103.0,
1647598660838499069,-0.634643554688,0.72216796875,-0.212158203125,-0.175048828125,3428.0,-430.0,-8234.0,32.0,203.0,-102.0,
1647598660845923900,-0.636596679688,0.715576171875,-0.220703125,-0.184448242188,3348.0,-630.0,-8102.0,29.0,217.0,-102.0,
1647598660848730564,-0.637939453125,0.708740234375,-0.229736328125,-0.194885253906,3318.0,-762.0,-7912.0,23.0,238.0,-101.0,
1647598660852539062,-0.638610839844,0.70166015625,-0.239318847656,-0.206420898438,3397.0,-813.0,-7655.0,16.0,260.0,-97.0,
1647598660858819246,-0.638366699219,0.6943359375,-0.249633789062,-0.219360351562,3673.0,-751.0,-7388.0,9.0,284.0,-92.0,
1647598660865584135,-0.637268066406,0.686584472656,-0.260681152344,-0.233581542969,4109.0,-559.0,-7125.0,5.0,308.0,-87.0,
1647598660879684448,-0.63525390625,0.678405761719,-0.272583007812,-0.248901367188,4768.0,-253.0,-6882.0,3.0,332.0,-81.0,
1647598660883269309,-0.632446289062,0.669799804688,-0.28515625,-0.264892578125,5542.0,44.0,-6591.0,5.0,347.0,-74.0,
1647598660885530710,-0.628784179688,0.660888671875,-0.29833984375,-0.280822753906,6579.0,277.0,-6263.0,10.0,354.0,-64.0,
1647598660888413429,-0.624206542969,0.652160644531,-0.31201171875,-0.296325683594,7675.0,456.0,-5934.0,14.0,352.0,-47.0,
1647598660890837192,-0.618835449219,0.643920898438,-0.325622558594,-0.310546875,8542.0,549.0,-5595.0,19.0,338.0,-28.0,
1647598660894001245,-0.61279296875,0.636352539062,-0.339050292969,-0.323425292969,9225.0,534.0,-5247.0,23.0,323.0,-9.0,
1647598660898849964,-0.606201171875,0.62939453125,-0.352294921875,-0.335144042969,9765.0,430.0,-4918.0,25.0,311.0,8.0,
1647598660901513576,-0.599060058594,0.622985839844,-0.365234375,-0.345825195312,10096.0,247.0,-4542.0,25.0,299.0,20.0,
1647598660907372474,-0.591552734375,0.617004394531,-0.377868652344,-0.35595703125,10297.0,-28.0,-4092.0,21.0,291.0,28.0,
1647598660910672903,-0.583435058594,0.611267089844,-0.390197753906,-0.365783691406,10386.0,-382.0,-3657.0,14.0,288.0,34.0,
1647598660915308713,-0.57470703125,0.605773925781,-0.402160644531,-0.37548828125,10410.0,-732.0,-3219.0,6.0,286.0,38.0,
1647598660919931888,-0.5654296875,0.600463867188,-0.413757324219,-0.385375976562,10450.0,-1006.0,-2826.0,-4.0,288.0,41.0,
1647598660924710512,-0.555603027344,0.595275878906,-0.424987792969,-0.395446777344,10499.0,-1227.0,-2445.0,-14.0,290.0,44.0,
1647598660931767225,-0.545227050781,0.590148925781,-0.435791015625,-0.405700683594,10566.0,-1458.0,-2052.0,-23.0,290.0,47.0,
1647598660935065269,-0.534362792969,0.585205078125,-0.446105957031,-0.415954589844,10639.0,-1689.0,-1659.0,-32.0,289.0,48.0,
1647598660940450668,-0.523071289062,0.580383300781,-0.455993652344,-0.42626953125,10798.0,-1846.0,-1315.0,-41.0,288.0,50.0,
1647598660945360660,-0.511474609375,0.57568359375,-0.46533203125,-0.4365234375,11011.0,-1851.0,-1005.0,-48.0,284.0,52.0,
1647598660949377059,-0.499755859375,0.571044921875,-0.474060058594,-0.446533203125,11254.0,-1772.0,-703.0,-52.0,278.0,54.0,
1647598660959316492,-0.488037109375,0.566650390625,-0.482360839844,-0.456237792969,11707.0,-1737.0,-375.0,-55.0,270.0,58.0,
1647598660961236000,-0.476257324219,0.562805175781,-0.490112304688,-0.465026855469,12140.0,-1829.0,-27.0,-58.0,253.0,66.0,
1647598660966361045,-0.464782714844,0.559997558594,-0.4970703125,-0.472595214844,12378.0,-1998.0,308.0,-62.0,225.0,73.0,
1647598660973257064,-0.453430175781,0.558288574219,-0.503295898438,-0.47900390625,12339.0,-2098.0,575.0,-67.0,200.0,82.0,
1647598660981748342,-0.4423828125,0.557434082031,-0.5087890625,-0.484558105469,12172.0,-2070.0,849.0,-72.0,180.0,88.0,
1647598661008689641,-0.431518554688,0.557067871094,-0.513671875,-0.489562988281,11873.0,-2053.0,1124.0,-77.0,164.0,91.0,
1647598661055641889,-0.4208984375,0.557067871094,-0.518005371094,-0.494140625,11418.0,-2081.0,1386.0,-81.0,152.0,91.0,
1647598661070102691,-0.410339355469,0.557434082031,-0.52197265625,-0.49853515625,10878.0,-2120.0,1663.0,-85.0,144.0,90.0,
