1647357894845747709,-0.644958496094,-0.447814941406,0.474060058594,0.3984375,-2267.0,-7502.0,-1779.0,1.0,2.0,-4.0,
1647357894846790552,-0.644775390625,-0.447814941406,0.473876953125,0.398986816406,-2258.0,-7541.0,-1752.0,2.0,2.0,-4.0,
1647357894860752344,-0.644653320312,-0.447814941406,0.473815917969,0.399230957031,-2247.0,-7565.0,-1743.0,2.0,2.0,-5.0,
1647357894861834526,-0.644470214844,-0.447814941406,0.473754882812,0.399536132812,-2234.0,-7581.0,-1743.0,3.0,1.0,-5.0,
1647357894862242460,-0.644348144531,-0.44775390625,0.473754882812,0.39990234375,-2221.0,-7594.0,-1747.0,3.0,1.0,-5.0,
1647357894862730503,-0.644165039062,-0.44775390625,0.473754882812,0.400207519531,-2200.0,-7602.0,-1768.0,4.0,1.0,-5.0,
1647357894865778207,-0.643981933594,-0.44775390625,0.473693847656,0.400512695312,-2186.0,-7611.0,-1800.0,4.0,1.0,-4.0,
1647357894870499610,-0.643859863281,-0.447692871094,0.4736328125,0.40087890625,-2167.0,-7613.0,-1816.0,4.0,1.0,-4.0,
1647357894875116825,-0.643676757812,-0.447692871094,0.4736328125,0.401184082031,-2153.0,-7598.0,-1823.0,4.0,1.0,-4.0,
1647357894879613399,-0.6435546875,-0.447631835938,0.473571777344,0.401489257812,-2143.0,-7578.0,-1829.0,4.0,1.0,-4.0,
1647357894883479118,-0.643432617188,-0.447631835938,0.473510742188,0.401794433594,-2140.0,-7558.0,-1820.0,3.0,2.0,-4.0,
1647357894888230562,-0.643310546875,-0.447570800781,0.473449707031,0.402038574219,-2136.0,-7532.0,-1816.0,2.0,2.0,-4.0,
1647357894897286415,-0.643249511719,-0.447631835938,0.473388671875,0.402221679688,-2136.0,-7506.0,-1828.0,1.0,2.0,-4.0,
1647357894899423837,-0.643249511719,-0.447631835938,0.473205566406,0.40234375,-2130.0,-7492.0,-1845.0,0.0,2.0,-4.0,
1647357894904860258,-0.643310546875,-0.447692871094,0.473022460938,0.402465820312,-2131.0,-7495.0,-1846.0,-1.0,2.0,-4.0,
1647357894909535408,-0.643310546875,-0.447814941406,0.472839355469,0.402587890625,-2124.0,-7517.0,-1843.0,-2.0,2.0,-4.0,
1647357894913168668,-0.643371582031,-0.447875976562,0.472595214844,0.402709960938,-2120.0,-7553.0,-1840.0,-2.0,2.0,-4.0,
1647357894950883388,-0.643371582031,-0.447937011719,0.472412109375,0.40283203125,-2114.0,-7587.0,-1828.0,-2.0,2.0,-4.0,
1647357894951964616,-0.643371582031,-0.447998046875,0.472229003906,0.403015136719,-2112.0,-7626.0,-1817.0,-1.0,2.0,-4.0,
1647357894953629970,-0.643310546875,-0.448059082031,0.472045898438,0.403198242188,-2110.0,-7656.0,-1798.0,0.0,2.0,-4.0,
1647357894954744100,-0.643249511719,-0.448059082031,0.471923828125,0.403442382812,-2110.0,-7670.0,-1786.0,1.0,2.0,-4.0,
1647357894958472967,-0.643188476562,-0.447998046875,0.471862792969,0.403686523438,-2110.0,-7669.0,-1777.0,2.0,2.0,-4.0,
1647357894960556030,-0.643127441406,-0.447937011719,0.471740722656,0.403930664062,-2109.0,-7660.0,-1775.0,2.0,2.0,-4.0,
1647357894962693691,-0.64306640625,-0.447875976562,0.4716796875,0.404174804688,-2112.0,-7638.0,-1775.0,2.0,2.0,-3.0,
1647357894963734626,-0.643005371094,-0.447814941406,0.471496582031,0.404663085938,-2094.0,-7622.0,-1813.0,1.0,3.0,-3.0,
1647357894967288017,-0.643005371094,-0.447814941406,0.471313476562,0.404846191406,-2089.0,-7624.0,-1835.0,1.0,3.0,-3.0,
1647357894972396612,-0.643005371094,-0.447875976562,0.471069335938,0.405029296875,-2075.0,-7637.0,-1854.0,0.0,3.0,-4.0,
1647357894977396488,-0.64306640625,-0.447875976562,0.470825195312,0.405212402344,-2064.0,-7647.0,-1870.0,0.0,3.0,-4.0,
1647357894980951547,-0.64306640625,-0.447937011719,0.470581054688,0.405395507812,-2049.0,-7659.0,-1877.0,0.0,3.0,-4.0,
1647357894986796617,-0.64306640625,-0.447998046875,0.470397949219,0.405639648438,-2039.0,-7670.0,-1885.0,0.0,3.0,-4.0,
1647357894990898370,-0.64306640625,-0.447998046875,0.470153808594,0.405883789062,-2023.0,-7678.0,-1883.0,0.0,3.0,-4.0,
1647357894994266271,-0.643005371094,-0.447998046875,0.469970703125,0.406127929688,-2008.0,-7687.0,-1882.0,1.0,3.0,-4.0,
1647357894999667167,-0.643005371094,-0.447998046875,0.469848632812,0.406372070312,-1994.0,-7693.0,-1885.0,1.0,3.0,-4.0,
1647357895004688739,-0.642944335938,-0.447998046875,0.469665527344,0.406616210938,-1978.0,-7690.0,-1885.0,1.0,3.0,-4.0,
1647357895025022029,-0.642883300781,-0.447998046875,0.469482421875,0.406921386719,-1967.0,-7684.0,-1870.0,1.0,3.0,-4.0,
1647357895025931358,-0.642822265625,-0.447998046875,0.469360351562,0.407165527344,-1962.0,-7678.0,-1864.0,1.0,3.0,-4.0,
1647357895028993844,-0.642822265625,-0.448059082031,0.469177246094,0.407409667969,-1953.0,-7670.0,-1861.0,1.0,3.0,-4.0,
1647357895029594421,-0.642761230469,-0.448059082031,0.468994140625,0.407592773438,-1944.0,-7681.0,-1873.0,0.0,3.0,-4.0,
1647357895039196491,-0.642761230469,-0.448181152344,0.46875,0.407836914062,-1927.0,-7699.0,-1879.0,0.0,3.0,-4.0,
1647357895040769100,-0.642761230469,-0.4482421875,0.468505859375,0.408020019531,-1917.0,-7706.0,-1884.0,-1.0,3.0,-4.0,
1647357895041467189,-0.642761230469,-0.448303222656,0.46826171875,0.408203125,-1901.0,-7717.0,-1871.0,-1.0,3.0,-5.0,
1647357895044565439,-0.642700195312,-0.448425292969,0.467956542969,0.408447265625,-1892.0,-7726.0,-1868.0,-1.0,3.0,-5.0,
1647357895049449443,-0.642700195312,-0.448486328125,0.467712402344,0.40869140625,-1890.0,-7732.0,-1868.0,0.0,4.0,-4.0,
1647357895053943634,-0.642700195312,-0.448486328125,0.467468261719,0.408996582031,-1891.0,-7741.0,-1869.0,0.0,4.0,-5.0,
1647357895058498620,-0.642700195312,-0.448547363281,0.467224121094,0.409240722656,-1888.0,-7745.0,-1853.0,0.0,4.0,-5.0,
1647357895063000679,-0.642700195312,-0.448608398438,0.466979980469,0.409484863281,-1883.0,-7730.0,-1834.0,0.0,4.0,-5.0,
1647357895068224668,-0.642639160156,-0.448669433594,0.466735839844,0.409729003906,-1861.0,-7716.0,-1860.0,-1.0,3.0,-5.0,
1647357895072357892,-0.642639160156,-0.448791503906,0.466369628906,0.409973144531,-1854.0,-7706.0,-1896.0,-1.0,4.0,-5.0,
1647357895077169179,-0.642700195312,-0.448913574219,0.466064453125,0.41015625,-1851.0,-7721.0,-1897.0,-1.0,4.0,-5.0,
1647357895085862159,-0.642761230469,-0.448974609375,0.465698242188,0.410339355469,-1840.0,-7751.0,-1888.0,-2.0,4.0,-5.0,
1647357895088656663,-0.642761230469,-0.449096679688,0.465393066406,0.410583496094,-1843.0,-7785.0,-1862.0,-2.0,4.0,-5.0,
1647357895093253850,-0.642761230469,-0.449157714844,0.465087890625,0.410827636719,-1840.0,-7797.0,-1864.0,-1.0,4.0,-5.0,
1647357895126613855,-0.642700195312,-0.44921875,0.46484375,0.4111328125,-1836.0,-7786.0,-1880.0,0.0,4.0,-5.0,
1647357895127521753,-0.642700195312,-0.449279785156,0.464538574219,0.411437988281,-1828.0,-7773.0,-1880.0,1.0,4.0,-5.0,
1647357895128636121,-0.642700195312,-0.449279785156,0.464294433594,0.411682128906,-1819.0,-7763.0,-1871.0,0.0,4.0,-5.0,
1647357895129004478,-0.642700195312,-0.449340820312,0.463989257812,0.411987304688,-1817.0,-7750.0,-1864.0,0.0,4.0,-5.0,
1647357895130549669,-0.642700195312,-0.449401855469,0.463684082031,0.412292480469,-1826.0,-7741.0,-1857.0,0.0,5.0,-5.0,
1647357895131673574,-0.642700195312,-0.449462890625,0.46337890625,0.412536621094,-1836.0,-7742.0,-1840.0,0.0,5.0,-5.0,
1647357895134024381,-0.642700195312,-0.449462890625,0.463134765625,0.412841796875,-1843.0,-7742.0,-1828.0,0.0,5.0,-5.0,
1647357895134713649,-0.642700195312,-0.449462890625,0.462829589844,0.413146972656,-1836.0,-7744.0,-1831.0,0.0,4.0,-5.0,
1647357895140295982,-0.642700195312,-0.449523925781,0.462524414062,0.413452148438,-1832.0,-7740.0,-1835.0,1.0,5.0,-5.0,
1647357895145031213,-0.642700195312,-0.449462890625,0.462280273438,0.413818359375,-1829.0,-7745.0,-1837.0,1.0,5.0,-5.0,
1647357895149530887,-0.642639160156,-0.449462890625,0.462036132812,0.414184570312,-1817.0,-7754.0,-1831.0,2.0,5.0,-5.0,
1647357895154090642,-0.642578125,-0.449401855469,0.461853027344,0.41455078125,-1814.0,-7762.0,-1825.0,3.0,5.0,-5.0,
1647357895158725023,-0.642517089844,-0.449340820312,0.461608886719,0.414978027344,-1801.0,-7757.0,-1833.0,3.0,5.0,-5.0,
1647357895163745641,-0.642395019531,-0.44921875,0.46142578125,0.415466308594,-1795.0,-7733.0,-1845.0,4.0,5.0,-5.0,
1647357895168045997,-0.642333984375,-0.449157714844,0.461181640625,0.415832519531,-1790.0,-7704.0,-1850.0,4.0,5.0,-5.0,
1647357895172643423,-0.642333984375,-0.449096679688,0.460998535156,0.416259765625,-1789.0,-7684.0,-1855.0,3.0,5.0,-4.0,
1647357895177795648,-0.642333984375,-0.449035644531,0.460754394531,0.416564941406,-1787.0,-7667.0,-1847.0,2.0,5.0,-4.0,
1647357895182248115,-0.642333984375,-0.448974609375,0.46044921875,0.416931152344,-1791.0,-7658.0,-1839.0,1.0,5.0,-5.0,
1647357895189047574,-0.642333984375,-0.448974609375,0.460205078125,0.417236328125,-1797.0,-7652.0,-1828.0,1.0,5.0,-5.0,
1647357895194145441,-0.642333984375,-0.448974609375,0.459899902344,0.417541503906,-1805.0,-7647.0,-1799.0,0.0,5.0,-5.0,
1647357895198968887,-0.642333984375,-0.448913574219,0.459655761719,0.417846679688,-1799.0,-7648.0,-1814.0,0.0,5.0,-5.0,
1647357895202930688,-0.642333984375,-0.448913574219,0.459350585938,0.418151855469,-1806.0,-7664.0,-1808.0,1.0,5.0,-5.0,
1647357895208002567,-0.642333984375,-0.448852539062,0.459167480469,0.41845703125,-1806.0,-7710.0,-1799.0,1.0,5.0,-5.0,
1647357895213971853,-0.642272949219,-0.448791503906,0.458923339844,0.418884277344,-1802.0,-7770.0,-1777.0,3.0,5.0,-5.0,
1647357895219295263,-0.642150878906,-0.448669433594,0.458801269531,0.419372558594,-1808.0,-7829.0,-1746.0,5.0,5.0,-5.0,
1647357895223652362,-0.641906738281,-0.448425292969,0.458801269531,0.419982910156,-1803.0,-7855.0,-1721.0,8.0,4.0,-5.0,
1647357895228761196,-0.6416015625,-0.448120117188,0.458862304688,0.420654296875,-1791.0,-7840.0,-1699.0,10.0,4.0,-4.0,
1647357895234247207,-0.641296386719,-0.447814941406,0.458923339844,0.42138671875,-1771.0,-7807.0,-1695.0,11.0,4.0,-4.0,
1647357895241323947,-0.640991210938,-0.447509765625,0.459045410156,0.422058105469,-1755.0,-7758.0,-1701.0,12.0,4.0,-4.0,
1647357895246943950,-0.640747070312,-0.447143554688,0.459167480469,0.422729492188,-1750.0,-7706.0,-1710.0,11.0,3.0,-4.0,
1647357895250375747,-0.640502929688,-0.446899414062,0.459228515625,0.42333984375,-1753.0,-7661.0,-1703.0,10.0,3.0,-4.0,
1647357895255139589,-0.640319824219,-0.446655273438,0.459228515625,0.423828125,-1759.0,-7621.0,-1688.0,8.0,3.0,-4.0,
1647357895259661912,-0.64013671875,-0.446411132812,0.459228515625,0.42431640625,-1765.0,-7600.0,-1673.0,7.0,3.0,-4.0,
1647357895264250516,-0.639953613281,-0.446228027344,0.459228515625,0.424743652344,-1765.0,-7591.0,-1661.0,6.0,3.0,-3.0,
1647357895269089698,-0.639831542969,-0.446044921875,0.459228515625,0.425170898438,-1765.0,-7601.0,-1657.0,5.0,3.0,-3.0,
1647357895273955106,-0.639709472656,-0.445922851562,0.459167480469,0.425537109375,-1761.0,-7624.0,-1642.0,5.0,3.0,-3.0,
1647357895278146028,-0.639587402344,-0.445739746094,0.459167480469,0.425903320312,-1755.0,-7654.0,-1620.0,5.0,3.0,-3.0,
1647357895284039735,-0.639404296875,-0.445617675781,0.459167480469,0.426330566406,-1752.0,-7679.0,-1605.0,5.0,3.0,-3.0,
1647357895287439107,-0.639282226562,-0.445434570312,0.459167480469,0.426696777344,-1754.0,-7699.0,-1587.0,5.0,2.0,-3.0,
1647357895290962696,-0.639099121094,-0.445251464844,0.459228515625,0.427124023438,-1746.0,-7710.0,-1577.0,6.0,2.0,-3.0,
1647357895299673080,-0.638916015625,-0.445068359375,0.459289550781,0.427551269531,-1739.0,-7703.0,-1561.0,6.0,2.0,-3.0,
1647357895303469657,-0.638732910156,-0.44482421875,0.459350585938,0.427917480469,-1725.0,-7688.0,-1564.0,6.0,2.0,-3.0,
1647357895308100938,-0.638610839844,-0.444641113281,0.459411621094,0.428344726562,-1716.0,-7672.0,-1564.0,6.0,2.0,-2.0,
1647357895312678337,-0.638427734375,-0.444458007812,0.459411621094,0.4287109375,-1722.0,-7654.0,-1556.0,6.0,2.0,-2.0,
1647357895317931175,-0.638305664062,-0.4443359375,0.45947265625,0.429016113281,-1723.0,-7648.0,-1554.0,5.0,2.0,-2.0,
1647357895325087547,-0.638122558594,-0.444152832031,0.459533691406,0.429382324219,-1729.0,-7653.0,-1534.0,5.0,2.0,-2.0,
1647357895328671932,-0.638000488281,-0.443969726562,0.459594726562,0.4296875,-1740.0,-7652.0,-1518.0,5.0,1.0,-2.0,
1647357895334180593,-0.637817382812,-0.44384765625,0.459716796875,0.429992675781,-1747.0,-7650.0,-1495.0,5.0,1.0,-2.0,
1647357895343650579,-0.637634277344,-0.443664550781,0.459838867188,0.430297851562,-1756.0,-7640.0,-1478.0,5.0,1.0,-2.0,
1647357895348196029,-0.637390136719,-0.443542480469,0.4599609375,0.430603027344,-1757.0,-7632.0,-1476.0,5.0,0.0,-2.0,
1647357895349015712,-0.63720703125,-0.443420410156,0.460083007812,0.430908203125,-1764.0,-7623.0,-1485.0,5.0,0.0,-2.0,
1647357895364136695,-0.637023925781,-0.443298339844,0.460205078125,0.43115234375,-1769.0,-7612.0,-1482.0,5.0,0.0,-2.0,
1647357895378645420,-0.636901855469,-0.443176269531,0.460327148438,0.431335449219,-1771.0,-7609.0,-1485.0,4.0,-1.0,-2.0,
1647357895393562078,-0.63671875,-0.443115234375,0.46044921875,0.431579589844,-1767.0,-7607.0,-1492.0,4.0,-1.0,-2.0,
1647357895398097753,-0.636535644531,-0.443054199219,0.460571289062,0.431701660156,-1760.0,-7622.0,-1503.0,3.0,-1.0,-2.0,
1647357895400447845,-0.636413574219,-0.443054199219,0.460632324219,0.431884765625,-1753.0,-7627.0,-1517.0,3.0,-1.0,-2.0,
1647357895402828693,-0.63623046875,-0.442993164062,0.460754394531,0.432067871094,-1748.0,-7632.0,-1521.0,3.0,-1.0,-2.0,
1647357895407091379,-0.636108398438,-0.442993164062,0.460815429688,0.432189941406,-1735.0,-7633.0,-1535.0,3.0,-1.0,-2.0,
1647357895408770561,-0.635986328125,-0.442993164062,0.460876464844,0.432312011719,-1715.0,-7620.0,-1560.0,2.0,-1.0,-2.0,
1647357895411719322,-0.635864257812,-0.442993164062,0.4609375,0.432373046875,-1704.0,-7615.0,-1584.0,2.0,-1.0,-1.0,
1647357895413095235,-0.635803222656,-0.442993164062,0.460998535156,0.432434082031,-1696.0,-7620.0,-1607.0,1.0,-1.0,-1.0,
1647357895416176557,-0.635803222656,-0.442993164062,0.460998535156,0.432434082031,-1682.0,-7629.0,-1628.0,0.0,-1.0,-1.0,
1647357895417446851,-0.6357421875,-0.443054199219,0.460998535156,0.432434082031,-1679.0,-7641.0,-1638.0,0.0,-1.0,-1.0,
1647357895457839012,-0.6357421875,-0.443054199219,0.460998535156,0.432495117188,-1682.0,-7664.0,-1646.0,0.0,-1.0,-1.0,
1647357895460073232,-0.635681152344,-0.443115234375,0.460998535156,0.432495117188,-1684.0,-7688.0,-1640.0,0.0,-1.0,-1.0,
1647357895461783409,-0.635681152344,-0.443054199219,0.460998535156,0.432556152344,-1689.0,-7710.0,-1633.0,0.0,-1.0,-1.0,
1647357895464184522,-0.635620117188,-0.443054199219,0.461059570312,0.4326171875,-1695.0,-7742.0,-1629.0,1.0,-1.0,-1.0,
1647357895466349840,-0.635559082031,-0.442993164062,0.461120605469,0.432678222656,-1698.0,-7764.0,-1626.0,1.0,-1.0,-1.0,
1647357895467915534,-0.635498046875,-0.442932128906,0.461181640625,0.432800292969,-1700.0,-7786.0,-1617.0,2.0,-1.0,-1.0,
1647357895470688819,-0.635375976562,-0.44287109375,0.461242675781,0.432861328125,-1703.0,-7810.0,-1605.0,2.0,-1.0,-1.0,
1647357895472616195,-0.635314941406,-0.442810058594,0.461364746094,0.432983398438,-1703.0,-7826.0,-1606.0,2.0,-1.0,-1.0,
1647357895498633623,-0.635192871094,-0.442749023438,0.46142578125,0.43310546875,-1701.0,-7835.0,-1621.0,3.0,-1.0,-1.0,
1647357895499568939,-0.635131835938,-0.442687988281,0.461486816406,0.433227539062,-1698.0,-7839.0,-1624.0,3.0,-1.0,-1.0,
1647357895501737117,-0.635009765625,-0.442626953125,0.461547851562,0.433410644531,-1691.0,-7825.0,-1640.0,3.0,-1.0,-1.0,
1647357895503233194,-0.634948730469,-0.442504882812,0.461608886719,0.433532714844,-1681.0,-7810.0,-1657.0,3.0,0.0,-1.0,
1647357895504942893,-0.634887695312,-0.442443847656,0.461669921875,0.433654785156,-1668.0,-7785.0,-1674.0,3.0,0.0,-1.0,
1647357895506870985,-0.634826660156,-0.4423828125,0.461669921875,0.433776855469,-1655.0,-7753.0,-1681.0,2.0,0.0,-1.0,
1647357895508083343,-0.634826660156,-0.442321777344,0.461608886719,0.433837890625,-1649.0,-7718.0,-1696.0,1.0,1.0,-1.0,
1647357895509403705,-0.634887695312,-0.442260742188,0.461547851562,0.433898925781,-1644.0,-7694.0,-1708.0,0.0,1.0,0.0,
1647357895511345386,-0.635009765625,-0.442260742188,0.461486816406,0.433898925781,-1649.0,-7692.0,-1720.0,-1.0,1.0,0.0,
1647357895512546062,-0.635070800781,-0.442199707031,0.461364746094,0.433898925781,-1659.0,-7692.0,-1722.0,-1.0,2.0,-1.0,
1647357895529591798,-0.635192871094,-0.442199707031,0.461242675781,0.433898925781,-1667.0,-7695.0,-1721.0,-2.0,2.0,-1.0,
1647357895532833099,-0.635314941406,-0.442199707031,0.461120605469,0.433898925781,-1671.0,-7707.0,-1697.0,-2.0,2.0,-1.0,
1647357895534872055,-0.635375976562,-0.442138671875,0.460998535156,0.433898925781,-1678.0,-7720.0,-1680.0,-2.0,2.0,-1.0,
1647357895536737442,-0.635437011719,-0.442138671875,0.4609375,0.433898925781,-1684.0,-7725.0,-1651.0,-1.0,1.0,-1.0,
1647357895538752317,-0.635498046875,-0.442077636719,0.460876464844,0.433959960938,-1688.0,-7735.0,-1632.0,-1.0,1.0,-1.0,
1647357895545415163,-0.635559082031,-0.442016601562,0.460815429688,0.434020996094,-1687.0,-7747.0,-1623.0,-1.0,1.0,-1.0,
1647357895546509265,-0.635620117188,-0.442016601562,0.460754394531,0.434020996094,-1694.0,-7764.0,-1620.0,-1.0,1.0,-1.0,
1647357895548160314,-0.635620117188,-0.441955566406,0.460693359375,0.43408203125,-1691.0,-7778.0,-1620.0,0.0,1.0,-1.0,
1647357895548696756,-0.635620117188,-0.44189453125,0.460632324219,0.434143066406,-1694.0,-7792.0,-1611.0,0.0,1.0,-1.0,
1647357895552464723,-0.635681152344,-0.44189453125,0.460632324219,0.434204101562,-1687.0,-7797.0,-1606.0,0.0,1.0,-1.0,
1647357895557235956,-0.635620117188,-0.441833496094,0.460632324219,0.434265136719,-1681.0,-7800.0,-1618.0,0.0,0.0,-1.0,
1647357895561041831,-0.635681152344,-0.441833496094,0.460571289062,0.434326171875,-1674.0,-7804.0,-1635.0,0.0,0.0,-1.0,
1647357895566247224,-0.635681152344,-0.441772460938,0.460571289062,0.434326171875,-1659.0,-7805.0,-1648.0,0.0,0.0,-1.0,
1647357895571004629,-0.635681152344,-0.441772460938,0.460510253906,0.434387207031,-1654.0,-7800.0,-1659.0,0.0,0.0,-1.0,
1647357895575825691,-0.635681152344,-0.441772460938,0.46044921875,0.434448242188,-1636.0,-7793.0,-1683.0,0.0,1.0,-1.0,
1647357895626315355,-0.6357421875,-0.441772460938,0.460327148438,0.434448242188,-1627.0,-7790.0,-1698.0,-1.0,1.0,-1.0,
1647357895627667427,-0.635864257812,-0.441772460938,0.460205078125,0.434448242188,-1620.0,-7785.0,-1696.0,-1.0,1.0,-1.0,
1647357895629880905,-0.635925292969,-0.441772460938,0.460083007812,0.434448242188,-1614.0,-7774.0,-1693.0,-2.0,1.0,-1.0,
1647357895632780075,-0.636047363281,-0.441833496094,0.4599609375,0.434387207031,-1612.0,-7768.0,-1694.0,-2.0,2.0,-1.0,
1647357895638589859,-0.636169433594,-0.441833496094,0.459777832031,0.434387207031,-1613.0,-7764.0,-1688.0,-3.0,2.0,-1.0,
1647357895640310764,-0.636352539062,-0.44189453125,0.459594726562,0.434326171875,-1622.0,-7774.0,-1682.0,-4.0,2.0,-1.0,
1647357895642570734,-0.636474609375,-0.441955566406,0.459350585938,0.434204101562,-1636.0,-7791.0,-1662.0,-4.0,2.0,-1.0,
1647357895644111394,-0.636657714844,-0.441955566406,0.459167480469,0.434143066406,-1645.0,-7823.0,-1645.0,-4.0,2.0,-1.0,
1647357895650632619,-0.636779785156,-0.442016601562,0.458984375,0.434143066406,-1652.0,-7860.0,-1643.0,-4.0,2.0,-1.0,
1647357895653678655,-0.636840820312,-0.442138671875,0.458801269531,0.43408203125,-1655.0,-7901.0,-1635.0,-4.0,1.0,-2.0,
1647357895655052661,-0.636901855469,-0.442199707031,0.458679199219,0.43408203125,-1649.0,-7948.0,-1650.0,-3.0,1.0,-2.0,
1647357895660638809,-0.636962890625,-0.442260742188,0.45849609375,0.434143066406,-1636.0,-7987.0,-1668.0,-2.0,1.0,-2.0,
1647357895666255474,-0.636962890625,-0.442321777344,0.458312988281,0.434265136719,-1626.0,-8017.0,-1682.0,-1.0,2.0,-2.0,
1647357895667612314,-0.636962890625,-0.442321777344,0.458190917969,0.434387207031,-1613.0,-8040.0,-1687.0,0.0,2.0,-3.0,
1647357895669442653,-0.636901855469,-0.4423828125,0.458068847656,0.4345703125,-1601.0,-8041.0,-1683.0,0.0,2.0,-3.0,
1647357895709688663,-0.636840820312,-0.4423828125,0.457946777344,0.434814453125,-1585.0,-8023.0,-1700.0,1.0,2.0,-3.0,
1647357895714852571,-0.636840820312,-0.4423828125,0.457763671875,0.434997558594,-1563.0,-7996.0,-1715.0,1.0,2.0,-3.0,
1647357895716216564,-0.636840820312,-0.4423828125,0.457580566406,0.435180664062,-1543.0,-7964.0,-1724.0,1.0,3.0,-3.0,
1647357895717358589,-0.636901855469,-0.4423828125,0.457336425781,0.435363769531,-1535.0,-7943.0,-1726.0,0.0,3.0,-3.0,
1647357895720170259,-0.636962890625,-0.4423828125,0.457092285156,0.435546875,-1528.0,-7938.0,-1727.0,-1.0,3.0,-3.0,
1647357895721899271,-0.637023925781,-0.442443847656,0.456787109375,0.435668945312,-1525.0,-7944.0,-1712.0,-2.0,4.0,-3.0,
1647357895728638887,-0.637084960938,-0.442504882812,0.456481933594,0.435852050781,-1517.0,-7966.0,-1687.0,-2.0,4.0,-3.0,
1647357895737659931,-0.637145996094,-0.442565917969,0.456176757812,0.43603515625,-1518.0,-8005.0,-1681.0,-2.0,4.0,-4.0,
1647357895810689687,-0.637145996094,-0.442626953125,0.455932617188,0.436218261719,-1518.0,-8053.0,-1677.0,-2.0,4.0,-4.0,
1647357895845552444,-0.637145996094,-0.442687988281,0.455627441406,0.436462402344,-1514.0,-8104.0,-1687.0,-1.0,4.0,-4.0,
1647357895920906782,-0.637145996094,-0.442749023438,0.455322265625,0.436706542969,-1508.0,-8148.0,-1695.0,0.0,4.0,-5.0,
1647357895951598644,-0.637023925781,-0.442810058594,0.455017089844,0.437072753906,-1497.0,-8183.0,-1696.0,1.0,4.0,-5.0,
1647357896039135694,-0.636962890625,-0.44287109375,0.454772949219,0.437438964844,-1479.0,-8218.0,-1712.0,2.0,4.0,-6.0,
1647357896079268693,-0.636840820312,-0.442993164062,0.454467773438,0.437866210938,-1456.0,-8249.0,-1733.0,2.0,4.0,-6.0,
1647357896115704298,-0.636657714844,-0.443054199219,0.454162597656,0.438293457031,-1434.0,-8275.0,-1764.0,3.0,5.0,-7.0,
1647357896188162565,-0.636535644531,-0.443115234375,0.453796386719,0.438842773438,-1418.0,-8289.0,-1773.0,3.0,5.0,-7.0,
1647357896240649938,-0.636413574219,-0.443176269531,0.453430175781,0.439331054688,-1386.0,-8304.0,-1775.0,3.0,5.0,-8.0,
1647357896263171434,-0.63623046875,-0.443237304688,0.453063964844,0.43994140625,-1351.0,-8308.0,-1770.0,3.0,5.0,-8.0,
1647357896315044641,-0.636047363281,-0.443359375,0.452575683594,0.440490722656,-1324.0,-8312.0,-1747.0,2.0,6.0,-8.0,
1647357896383468627,-0.635925292969,-0.443481445312,0.452087402344,0.441040039062,-1300.0,-8316.0,-1714.0,1.0,6.0,-9.0,
1647357896440036773,-0.635803222656,-0.443664550781,0.451599121094,0.441589355469,-1286.0,-8321.0,-1648.0,0.0,6.0,-10.0,
1647357896484159231,-0.635681152344,-0.443908691406,0.451049804688,0.442077636719,-1277.0,-8316.0,-1614.0,-1.0,6.0,-10.0,
1647357896492899894,-0.635559082031,-0.444091796875,0.450500488281,0.442565917969,-1269.0,-8316.0,-1576.0,-1.0,6.0,-10.0,
1647357896539637327,-0.635437011719,-0.444396972656,0.449951171875,0.443054199219,-1266.0,-8319.0,-1535.0,-2.0,6.0,-11.0,
1647357896649580717,-0.635314941406,-0.444702148438,0.449340820312,0.443542480469,-1265.0,-8311.0,-1501.0,-3.0,6.0,-11.0,
1647357896692694425,-0.635131835938,-0.445068359375,0.44873046875,0.443969726562,-1274.0,-8301.0,-1495.0,-3.0,6.0,-12.0,
1647357896762274265,-0.635009765625,-0.445434570312,0.448120117188,0.444458007812,-1274.0,-8301.0,-1513.0,-3.0,5.0,-12.0,
1647357896801815032,-0.634887695312,-0.44580078125,0.447509765625,0.444885253906,-1267.0,-8311.0,-1520.0,-3.0,5.0,-13.0,
1647357896884189128,-0.634643554688,-0.446228027344,0.446899414062,0.445373535156,-1263.0,-8309.0,-1546.0,-2.0,5.0,-14.0,
1647357896902872085,-0.634399414062,-0.446655273438,0.446228027344,0.445922851562,-1257.0,-8277.0,-1570.0,-1.0,5.0,-14.0,
1647357896975829839,-0.634155273438,-0.447082519531,0.445678710938,0.446472167969,-1246.0,-8215.0,-1578.0,0.0,5.0,-14.0,
1647357897006654977,-0.633911132812,-0.447448730469,0.445068359375,0.447082519531,-1246.0,-8147.0,-1575.0,0.0,5.0,-14.0,
1647357897046127557,-0.633666992188,-0.447814941406,0.444519042969,0.447631835938,-1261.0,-8082.0,-1572.0,0.0,5.0,-14.0,
1647357897094512462,-0.633239746094,-0.448303222656,0.443420410156,0.44873046875,-1302.0,-7996.0,-1584.0,1.0,6.0,-13.0,
1647357897101932525,-0.632080078125,-0.449157714844,0.441040039062,0.451965332031,-1383.0,-7822.0,-1702.0,6.0,7.0,-13.0,
1647357897128835439,-0.630310058594,-0.449645996094,0.436828613281,0.457946777344,-1553.0,-7419.0,-1670.0,4.0,6.0,-9.0,
1647357897177502632,-0.629638671875,-0.449523925781,0.435363769531,0.460327148438,-1662.0,-7473.0,-1578.0,4.0,5.0,-9.0,
1647357897239200592,-0.6279296875,-0.449523925781,0.434631347656,0.463317871094,-1568.0,-7632.0,-1570.0,9.0,2.0,-8.0,
1647357897308316946,-0.623046875,-0.449157714844,0.434814453125,0.470153808594,-1146.0,-7823.0,-1637.0,11.0,2.0,-9.0,
1647357897402806282,-0.617980957031,-0.449340820312,0.429382324219,0.481506347656,-620.0,-8274.0,-1558.0,5.0,9.0,-12.0,
1647357897484483480,-0.616821289062,-0.452819824219,0.416625976562,0.490844726562,-922.0,-7687.0,-1040.0,-3.0,3.0,-7.0,
1647357897596564769,-0.618225097656,-0.453918457031,0.412841796875,0.4912109375,-828.0,-7820.0,-1343.0,-4.0,3.0,-2.0,
1647357897613714694,-0.61865234375,-0.453186035156,0.411376953125,0.492614746094,-595.0,-8029.0,-1553.0,2.0,4.0,-3.0,
1647357897618438482,-0.619201660156,-0.453247070312,0.407592773438,0.494995117188,-812.0,-7646.0,-1001.0,-2.0,2.0,-2.0,
1647357897655927181,-0.614624023438,-0.452270507812,0.403076171875,0.505187988281,-344.0,-7670.0,-1158.0,-1.0,7.0,-4.0,
1647357897681298017,-0.614807128906,-0.4521484375,0.40234375,0.505676269531,-306.0,-7823.0,-1114.0,-2.0,6.0,-6.0,
1647357897701889991,-0.613159179688,-0.445190429688,0.389892578125,0.523254394531,-140.0,-7873.0,-1120.0,1.0,8.0,-5.0,
1647357897702857494,-0.611389160156,-0.44287109375,0.38720703125,0.529296875,-21.0,-8314.0,-1011.0,14.0,9.0,-6.0,
1647357897712839603,-0.609375,-0.440795898438,0.386169433594,0.534057617188,117.0,-7955.0,-1050.0,11.0,10.0,-6.0,
1647357897718416690,-0.608825683594,-0.438415527344,0.383056640625,0.538879394531,-95.0,-7855.0,-724.0,1.0,7.0,-5.0,
1647357897719160079,-0.608337402344,-0.437194824219,0.381408691406,0.541625976562,18.0,-7877.0,-754.0,-1.0,4.0,-4.0,
1647357897719789743,-0.607299804688,-0.436279296875,0.380126953125,0.54443359375,8.0,-7921.0,-687.0,3.0,4.0,-3.0,
1647357897720638275,-0.606506347656,-0.4365234375,0.379211425781,0.545715332031,-29.0,-7853.0,-685.0,3.0,-1.0,-4.0,
1647357897721340417,-0.606140136719,-0.436584472656,0.379333496094,0.545959472656,-101.0,-7758.0,-668.0,-2.0,-1.0,-2.0,
1647357897721896886,-0.605895996094,-0.437316894531,0.379150390625,0.545776367188,-107.0,-7782.0,-700.0,-4.0,-1.0,-2.0,
1647357897723193407,-0.60498046875,-0.43896484375,0.379089355469,0.545532226562,266.0,-8479.0,-995.0,5.0,-3.0,-3.0,
1647357897725418806,-0.602294921875,-0.441162109375,0.380737304688,0.545593261719,-103.0,-7513.0,-670.0,-12.0,-5.0,-1.0,
1647357897726064205,-0.604125976562,-0.443176269531,0.38037109375,0.542236328125,53.0,-7555.0,-856.0,-13.0,-5.0,2.0,
1647357897726663827,-0.608764648438,-0.4462890625,0.378845214844,0.535461425781,-34.0,-7881.0,-1068.0,-16.0,-4.0,2.0,
1647357897728609323,-0.611572265625,-0.456665039062,0.382385253906,0.520751953125,235.0,-8080.0,-1250.0,5.0,-6.0,1.0,
1647357897729473590,-0.609619140625,-0.456604003906,0.385192871094,0.521057128906,128.0,-7958.0,-1351.0,3.0,-5.0,1.0,
1647357897731554269,-0.605529785156,-0.457214355469,0.391845703125,0.520324707031,12.0,-8165.0,-1260.0,3.0,-4.0,0.0,
1647357897732095956,-0.604675292969,-0.457153320312,0.392761230469,0.520690917969,107.0,-7940.0,-1350.0,3.0,-2.0,1.0,
1647357897732820510,-0.604309082031,-0.457336425781,0.393676757812,0.520324707031,-19.0,-8071.0,-1168.0,1.0,-3.0,0.0,
1647357897734159708,-0.603820800781,-0.457153320312,0.394653320312,0.520263671875,-116.0,-7774.0,-918.0,2.0,-4.0,2.0,
1647357897734759330,-0.60302734375,-0.457397460938,0.39697265625,0.519226074219,-162.0,-8001.0,-1050.0,2.0,-6.0,1.0,
1647357897735481262,-0.602844238281,-0.457397460938,0.397338867188,0.519104003906,-137.0,-7997.0,-1079.0,3.0,-6.0,2.0,
1647357897736250877,-0.602416992188,-0.457580566406,0.398864746094,0.518310546875,-92.0,-7978.0,-1213.0,0.0,-5.0,2.0,
1647357897736876010,-0.602416992188,-0.457763671875,0.399291992188,0.517883300781,-108.0,-8006.0,-1188.0,-2.0,-5.0,2.0,
1647357897737726926,-0.602416992188,-0.457824707031,0.399475097656,0.517639160156,-112.0,-8011.0,-1161.0,-2.0,-5.0,2.0,
1647357897738265275,-0.602355957031,-0.457885742188,0.399719238281,0.517395019531,-107.0,-8012.0,-1138.0,-2.0,-5.0,2.0,
1647357897738913059,-0.602355957031,-0.457946777344,0.399963378906,0.517211914062,-104.0,-8012.0,-1117.0,-1.0,-5.0,2.0,
1647357897739558696,-0.602294921875,-0.4580078125,0.400207519531,0.517028808594,-94.0,-8010.0,-1105.0,-1.0,-5.0,2.0,
1647357897740227937,-0.602294921875,-0.458068847656,0.400451660156,0.516845703125,-92.0,-8022.0,-1115.0,-1.0,-5.0,2.0,
1647357897741042852,-0.602233886719,-0.458068847656,0.400695800781,0.516662597656,-82.0,-8043.0,-1109.0,0.0,-5.0,2.0,
1647357897741698741,-0.602172851562,-0.458129882812,0.400939941406,0.516540527344,-73.0,-8071.0,-1130.0,0.0,-5.0,2.0,
1647357897743018388,-0.60205078125,-0.458129882812,0.401184082031,0.516418457031,-52.0,-8097.0,-1153.0,1.0,-5.0,1.0,
1647357897743976593,-0.601928710938,-0.458190917969,0.4013671875,0.516357421875,-27.0,-8109.0,-1199.0,1.0,-5.0,1.0,
1647357897745501041,-0.601806640625,-0.458190917969,0.401611328125,0.516296386719,-30.0,-8066.0,-1269.0,2.0,-4.0,1.0,
1647357897750112295,-0.601745605469,-0.458251953125,0.40185546875,0.516174316406,-105.0,-7936.0,-1155.0,3.0,-4.0,2.0,
1647357897753501653,-0.601684570312,-0.458129882812,0.402221679688,0.515991210938,-166.0,-7852.0,-1153.0,0.0,-5.0,3.0,
1647357897761506557,-0.601745605469,-0.4580078125,0.402526855469,0.515808105469,-269.0,-7835.0,-1182.0,1.0,-3.0,4.0,
1647357897766172409,-0.601928710938,-0.457885742188,0.402893066406,0.515563964844,-268.0,-7942.0,-1203.0,-1.0,-3.0,4.0,
1647357897774364709,-0.601928710938,-0.457885742188,0.403076171875,0.515319824219,-199.0,-8031.0,-1182.0,-1.0,-4.0,2.0,
1647357897775038719,-0.601806640625,-0.457946777344,0.403259277344,0.515197753906,-98.0,-8091.0,-1148.0,0.0,-5.0,1.0,
1647357897778473377,-0.6015625,-0.458068847656,0.403442382812,0.515258789062,-22.0,-8125.0,-1178.0,2.0,-4.0,0.0,
1647357897786530733,-0.601440429688,-0.458129882812,0.403564453125,0.515258789062,15.0,-8172.0,-1174.0,2.0,-4.0,0.0,
1647357897790961503,-0.601257324219,-0.458190917969,0.403747558594,0.515258789062,34.0,-8186.0,-1155.0,1.0,-4.0,0.0,
1647357897798866987,-0.601135253906,-0.458251953125,0.403869628906,0.515258789062,23.0,-8167.0,-1139.0,1.0,-4.0,0.0,
1647357897802114486,-0.601013183594,-0.458251953125,0.404113769531,0.515258789062,-23.0,-8152.0,-1152.0,2.0,-3.0,1.0,
1647357897806813001,-0.600952148438,-0.458190917969,0.404357910156,0.515197753906,-69.0,-8149.0,-1166.0,2.0,-3.0,2.0,
1647357897811348199,-0.600830078125,-0.458129882812,0.404663085938,0.51513671875,-104.0,-8148.0,-1168.0,2.0,-4.0,1.0,
1647357897815862178,-0.600708007812,-0.458129882812,0.404907226562,0.515075683594,-130.0,-8145.0,-1197.0,2.0,-4.0,0.0,
1647357897820503711,-0.6005859375,-0.458129882812,0.405151367188,0.515075683594,-150.0,-8141.0,-1263.0,3.0,-4.0,0.0,
1647357897825226783,-0.600463867188,-0.458129882812,0.4052734375,0.515075683594,-174.0,-8138.0,-1331.0,3.0,-3.0,-1.0,
1647357897829654455,-0.600341796875,-0.458129882812,0.405456542969,0.515075683594,-165.0,-8139.0,-1358.0,3.0,-3.0,-1.0,
1647357897833119153,-0.600219726562,-0.458129882812,0.405639648438,0.51513671875,-117.0,-8137.0,-1364.0,4.0,-3.0,-1.0,
1647357897841184616,-0.600036621094,-0.458190917969,0.40576171875,0.515197753906,-61.0,-8118.0,-1351.0,4.0,-3.0,-1.0,
1647357897845866918,-0.599853515625,-0.458190917969,0.405822753906,0.515319824219,-4.0,-8104.0,-1330.0,3.0,-2.0,-1.0,
1647357897850454330,-0.599670410156,-0.458251953125,0.405944824219,0.515441894531,27.0,-8092.0,-1331.0,3.0,-2.0,-1.0,
1647357897855700969,-0.599548339844,-0.458312988281,0.405944824219,0.515502929688,43.0,-8076.0,-1317.0,2.0,-2.0,-1.0,
1647357897859420061,-0.599426269531,-0.458312988281,0.406005859375,0.515563964844,45.0,-8045.0,-1312.0,1.0,-2.0,-1.0,
1647357897867415189,-0.599365234375,-0.458374023438,0.406005859375,0.515625,35.0,-8005.0,-1294.0,1.0,-1.0,-1.0,
1647357897871609926,-0.599304199219,-0.458435058594,0.406005859375,0.515625,15.0,-7952.0,-1274.0,0.0,-1.0,-1.0,
1647357897881113767,-0.599304199219,-0.458435058594,0.406005859375,0.515563964844,-3.0,-7914.0,-1248.0,-1.0,-1.0,0.0,
1647357897882478237,-0.599304199219,-0.45849609375,0.406005859375,0.515502929688,-19.0,-7888.0,-1221.0,-2.0,-1.0,0.0,
1647357897885090589,-0.599365234375,-0.458618164062,0.406005859375,0.515380859375,-25.0,-7881.0,-1172.0,-3.0,-2.0,0.0,
1647357897888202190,-0.599426269531,-0.458679199219,0.405944824219,0.515258789062,-32.0,-7890.0,-1132.0,-3.0,-2.0,-1.0,
1647357897913244962,-0.599426269531,-0.458801269531,0.405944824219,0.515197753906,-34.0,-7914.0,-1105.0,-4.0,-2.0,-1.0,
1647357897914443016,-0.599426269531,-0.458923339844,0.405883789062,0.515075683594,-33.0,-7946.0,-1083.0,-3.0,-2.0,-1.0,
1647357897916273832,-0.599426269531,-0.459045410156,0.405822753906,0.515014648438,-25.0,-7975.0,-1068.0,-3.0,-2.0,-1.0,
1647357897929062843,-0.599426269531,-0.459167480469,0.405822753906,0.514953613281,-11.0,-8007.0,-1048.0,-2.0,-2.0,-1.0,
1647357897938824653,-0.599365234375,-0.459228515625,0.405822753906,0.514953613281,-14.0,-8020.0,-1014.0,-2.0,-2.0,-1.0,
1647357897968002557,-0.599243164062,-0.459289550781,0.405883789062,0.514953613281,-27.0,-8031.0,-981.0,-1.0,-2.0,-1.0,
1647357897970588684,-0.599182128906,-0.459289550781,0.405944824219,0.515014648438,-49.0,-8019.0,-952.0,-1.0,-2.0,-1.0,
1647357897971060991,-0.59912109375,-0.459289550781,0.406066894531,0.515014648438,-75.0,-7983.0,-929.0,0.0,-2.0,0.0,
1647357897994707822,-0.598999023438,-0.459289550781,0.40625,0.514953613281,-114.0,-7946.0,-899.0,0.0,-2.0,0.0,
1647357898013550996,-0.598937988281,-0.459289550781,0.406433105469,0.514953613281,-146.0,-7916.0,-905.0,0.0,-3.0,0.0,
1647357898088463783,-0.598937988281,-0.459289550781,0.406555175781,0.514831542969,-174.0,-7879.0,-879.0,0.0,-3.0,1.0,
1647357898091168880,-0.598876953125,-0.459289550781,0.40673828125,0.514709472656,-175.0,-7864.0,-862.0,-1.0,-3.0,1.0,
1647357898092632770,-0.598876953125,-0.459350585938,0.406860351562,0.514587402344,-143.0,-7891.0,-932.0,-2.0,-3.0,0.0,
1647357898162616729,-0.598937988281,-0.45947265625,0.406860351562,0.514465332031,-115.0,-7931.0,-943.0,-3.0,-3.0,0.0,
1647357898164198875,-0.598937988281,-0.459655761719,0.406799316406,0.514282226562,-71.0,-7992.0,-963.0,-4.0,-3.0,-1.0,
1647357898165457248,-0.598937988281,-0.459838867188,0.40673828125,0.51416015625,-49.0,-8042.0,-970.0,-4.0,-2.0,-1.0,
1647357898192833185,-0.598937988281,-0.4599609375,0.406677246094,0.514099121094,-56.0,-8075.0,-997.0,-3.0,-2.0,-1.0,
1647357898241445779,-0.598937988281,-0.460021972656,0.40673828125,0.514038085938,-68.0,-8090.0,-1000.0,-2.0,-2.0,0.0,
1647357898284836053,-0.598937988281,-0.460021972656,0.406799316406,0.513977050781,-78.0,-8098.0,-1012.0,0.0,-2.0,0.0,
1647357898312757968,-0.598876953125,-0.4599609375,0.406982421875,0.513977050781,-96.0,-8064.0,-1072.0,1.0,-2.0,0.0,
1647357898376064777,-0.598815917969,-0.4599609375,0.407104492188,0.513916015625,-186.0,-7941.0,-923.0,1.0,-2.0,1.0,
1647357898397669315,-0.598754882812,-0.459838867188,0.407409667969,0.513854980469,-284.0,-7766.0,-899.0,-1.0,-3.0,2.0,
1647357898433445692,-0.598876953125,-0.459655761719,0.407775878906,0.513610839844,-398.0,-7665.0,-846.0,0.0,-3.0,3.0,
1647357898478111982,-0.598999023438,-0.459533691406,0.408142089844,0.513305664062,-419.0,-7689.0,-812.0,-3.0,-4.0,4.0,
1647357898504663228,-0.59912109375,-0.459655761719,0.408325195312,0.512878417969,-371.0,-7787.0,-760.0,-6.0,-6.0,2.0,
1647357898537151336,-0.59912109375,-0.459899902344,0.408447265625,0.512573242188,-296.0,-7911.0,-768.0,-7.0,-6.0,0.0,
1647357898578121900,-0.598999023438,-0.460205078125,0.408508300781,0.512329101562,-245.0,-8043.0,-809.0,-5.0,-6.0,-1.0,
1647357898624322414,-0.598876953125,-0.460510253906,0.408630371094,0.512145996094,-229.0,-8184.0,-873.0,-3.0,-6.0,-1.0,
1647357898694265365,-0.598693847656,-0.460693359375,0.408874511719,0.512023925781,-224.0,-8296.0,-944.0,0.0,-6.0,-1.0,
1647357898772355079,-0.598449707031,-0.460754394531,0.4091796875,0.511962890625,-225.0,-8351.0,-1005.0,3.0,-6.0,0.0,
1647357898818629980,-0.59814453125,-0.460754394531,0.409545898438,0.512023925781,-227.0,-8346.0,-1074.0,6.0,-6.0,0.0,
1647357898844719409,-0.597839355469,-0.460693359375,0.409912109375,0.512145996094,-219.0,-8293.0,-1134.0,7.0,-5.0,0.0,
1647357898932774305,-0.597534179688,-0.460632324219,0.410278320312,0.512268066406,-198.0,-8216.0,-1190.0,8.0,-5.0,0.0,
1647357898948690652,-0.597290039062,-0.460632324219,0.410583496094,0.512329101562,-172.0,-8138.0,-1227.0,7.0,-4.0,0.0,
1647357898975205183,-0.597045898438,-0.460632324219,0.410827636719,0.512390136719,-146.0,-8077.0,-1284.0,5.0,-4.0,0.0,
1647357899003829479,-0.596740722656,-0.461242675781,0.411010742188,0.512145996094,-99.0,-8007.0,-1305.0,-2.0,-2.0,-1.0,
1647357899004753351,-0.596740722656,-0.461364746094,0.411010742188,0.512023925781,-116.0,-7991.0,-1283.0,-2.0,-2.0,-1.0,
1647357899046006441,-0.596801757812,-0.46142578125,0.410949707031,0.511901855469,-142.0,-7976.0,-1263.0,-3.0,-2.0,-1.0,
1647357899046817302,-0.59716796875,-0.462219238281,0.410766601562,0.510925292969,-163.0,-7929.0,-1194.0,-4.0,-2.0,-1.0,
1647357899071216821,-0.597045898438,-0.462463378906,0.411254882812,0.510437011719,-206.0,-8112.0,-958.0,1.0,-2.0,0.0,
1647357899075558662,-0.596923828125,-0.46240234375,0.411437988281,0.510498046875,-184.0,-8104.0,-953.0,1.0,-2.0,0.0,
1647357899104681015,-0.596740722656,-0.46240234375,0.411560058594,0.510559082031,-161.0,-8092.0,-965.0,2.0,-2.0,0.0,
1647357899111529588,-0.596374511719,-0.462341308594,0.411926269531,0.510803222656,-101.0,-8029.0,-1025.0,2.0,-2.0,0.0,
1647357899117606163,-0.595886230469,-0.462341308594,0.412353515625,0.510986328125,-121.0,-8108.0,-1170.0,1.0,-1.0,-1.0,
1647357899122945785,-0.595153808594,-0.462646484375,0.412658691406,0.511352539062,-219.0,-8061.0,-1076.0,2.0,-1.0,-2.0,
1647357899124906063,-0.5947265625,-0.462646484375,0.413024902344,0.511596679688,-248.0,-7921.0,-1021.0,0.0,-1.0,-1.0,
1647357899145418643,-0.593872070312,-0.462890625,0.414001464844,0.511474609375,-179.0,-8093.0,-1168.0,1.0,-1.0,0.0,
1647357899199285507,-0.5927734375,-0.46240234375,0.413879394531,0.513366699219,-133.0,-8264.0,-1021.0,1.0,0.0,-3.0,
1647357899204825639,-0.591552734375,-0.461547851562,0.414184570312,0.515258789062,-134.0,-8036.0,-1169.0,8.0,2.0,0.0,
1647357899217483043,-0.592651367188,-0.460144042969,0.413940429688,0.515441894531,-718.0,-7329.0,-629.0,-7.0,0.0,4.0,
1647357899223057746,-0.592895507812,-0.461059570312,0.413940429688,0.514343261719,-292.0,-8114.0,-1059.0,5.0,-1.0,2.0,
1647357899283463001,-0.594055175781,-0.460693359375,0.414428710938,0.512939453125,-306.0,-7924.0,-944.0,-2.0,-2.0,1.0,
1647357899284370422,-0.594421386719,-0.461242675781,0.414978027344,0.511596679688,-284.0,-8149.0,-941.0,0.0,-3.0,1.0,
1647357899284968614,-0.593566894531,-0.461242675781,0.416198730469,0.511596679688,-193.0,-8192.0,-1059.0,2.0,-3.0,-1.0,
1647357899286283731,-0.590881347656,-0.460632324219,0.4189453125,0.513061523438,-119.0,-8075.0,-908.0,6.0,-2.0,1.0,
1647357899286863327,-0.588134765625,-0.458190917969,0.422180175781,0.515625,-221.0,-8013.0,-815.0,8.0,-2.0,1.0,
1647357899287446022,-0.5869140625,-0.45703125,0.423889160156,0.516723632812,-292.0,-8223.0,-871.0,7.0,-1.0,0.0,
1647357899288010597,-0.585510253906,-0.455749511719,0.425231933594,0.518310546875,-241.0,-8342.0,-965.0,14.0,0.0,0.0,
1647357899288877964,-0.583312988281,-0.453430175781,0.426879882812,0.521423339844,-146.0,-8158.0,-1057.0,17.0,3.0,0.0,
1647357899290137052,-0.581970214844,-0.450561523438,0.428161621094,0.524353027344,-262.0,-7852.0,-840.0,7.0,4.0,0.0,
1647357899291226625,-0.579711914062,-0.447631835938,0.429382324219,0.528381347656,-157.0,-8268.0,-709.0,13.0,2.0,-2.0,
1647357899291882991,-0.579284667969,-0.447326660156,0.429565429688,0.528991699219,-127.0,-8286.0,-730.0,14.0,2.0,-2.0,
1647357899293259382,-0.577453613281,-0.445678710938,0.430358886719,0.53173828125,-99.0,-8280.0,-690.0,15.0,4.0,-2.0,
1647357899294129610,-0.573364257812,-0.4423828125,0.431762695312,0.537719726562,-206.0,-8487.0,-301.0,27.0,2.0,-6.0,
1647357899295230627,-0.572265625,-0.441650390625,0.432434082031,0.538940429688,-245.0,-8099.0,-185.0,27.0,1.0,-5.0,
1647357899296092510,-0.571411132812,-0.440979003906,0.43310546875,0.539855957031,-298.0,-7681.0,-133.0,23.0,0.0,-3.0,
1647357899296691656,-0.570922851562,-0.440490722656,0.43359375,0.540466308594,-350.0,-7377.0,-115.0,15.0,0.0,-1.0,
1647357899297219753,-0.570739746094,-0.440185546875,0.433837890625,0.540649414062,-398.0,-7258.0,-98.0,6.0,0.0,-1.0,
1647357899297830343,-0.570556640625,-0.440734863281,0.433349609375,0.540771484375,-488.0,-7732.0,4.0,-3.0,-2.0,-7.0,
1647357899298684120,-0.5703125,-0.440856933594,0.433349609375,0.540893554688,-486.0,-7813.0,6.0,0.0,-2.0,-6.0,
1647357899299862384,-0.570068359375,-0.44091796875,0.433532714844,0.541015625,-471.0,-7850.0,2.0,3.0,-3.0,-4.0,
1647357899300560474,-0.569763183594,-0.440856933594,0.433715820312,0.541198730469,-454.0,-7841.0,0.0,4.0,-3.0,-3.0,
1647357899301164865,-0.568664550781,-0.441528320312,0.434753417969,0.541015625,-353.0,-7736.0,-85.0,-3.0,-4.0,-1.0,
1647357899301943778,-0.568664550781,-0.441650390625,0.434875488281,0.540771484375,-349.0,-7693.0,-88.0,-4.0,-5.0,0.0,
1647357899303239822,-0.569030761719,-0.442321777344,0.435119628906,0.539672851562,-325.0,-7647.0,-139.0,-8.0,-5.0,1.0,
1647357899304190158,-0.572204589844,-0.446838378906,0.435241699219,0.532409667969,-251.0,-8100.0,-490.0,-8.0,-5.0,3.0,
1647357899305067300,-0.572448730469,-0.447082519531,0.435241699219,0.531982421875,-225.0,-8141.0,-510.0,-8.0,-5.0,2.0,
1647357899306134939,-0.572692871094,-0.447448730469,0.435119628906,0.531494140625,-198.0,-8146.0,-520.0,-9.0,-5.0,1.0,
1647357899306675195,-0.572937011719,-0.447814941406,0.434997558594,0.531005859375,-162.0,-8123.0,-527.0,-11.0,-5.0,1.0,
1647357899310236692,-0.573181152344,-0.448303222656,0.434814453125,0.530456542969,-131.0,-8094.0,-519.0,-12.0,-5.0,1.0,
1647357899314905405,-0.573547363281,-0.44873046875,0.434631347656,0.529846191406,-101.0,-8071.0,-526.0,-14.0,-4.0,1.0,
1647357899319442272,-0.573974609375,-0.449279785156,0.434326171875,0.529235839844,-87.0,-8087.0,-535.0,-15.0,-4.0,1.0,
1647357899324068546,-0.574401855469,-0.449768066406,0.434020996094,0.528564453125,-88.0,-8136.0,-542.0,-16.0,-4.0,1.0,
1647357899328834533,-0.574890136719,-0.450256347656,0.433715820312,0.527893066406,-93.0,-8190.0,-564.0,-17.0,-4.0,0.0,
1647357899335302591,-0.575317382812,-0.450805664062,0.433410644531,0.527221679688,-101.0,-8244.0,-567.0,-16.0,-4.0,0.0,
1647357899340720653,-0.57568359375,-0.451354980469,0.43310546875,0.526550292969,-107.0,-8287.0,-575.0,-16.0,-4.0,0.0,
1647357899344706773,-0.576049804688,-0.451843261719,0.432861328125,0.526000976562,-107.0,-8327.0,-587.0,-15.0,-4.0,0.0,
1647357899350183486,-0.576416015625,-0.452270507812,0.432556152344,0.525451660156,-112.0,-8364.0,-601.0,-14.0,-4.0,-1.0,
1647357899363030195,-0.576721191406,-0.452758789062,0.432312011719,0.52490234375,-120.0,-8393.0,-604.0,-14.0,-4.0,-1.0,
1647357899375201702,-0.577026367188,-0.453186035156,0.432067871094,0.5244140625,-132.0,-8404.0,-601.0,-13.0,-4.0,-1.0,
1647357899376088380,-0.577270507812,-0.45361328125,0.431823730469,0.52392578125,-152.0,-8415.0,-574.0,-11.0,-3.0,-1.0,
1647357899377617597,-0.577453613281,-0.453918457031,0.431701660156,0.523559570312,-161.0,-8434.0,-557.0,-10.0,-3.0,-1.0,
1647357899378141641,-0.57763671875,-0.454223632812,0.431579589844,0.523254394531,-173.0,-8472.0,-549.0,-8.0,-3.0,-1.0,
1647357899378778934,-0.577697753906,-0.454467773438,0.431457519531,0.523010253906,-180.0,-8509.0,-546.0,-7.0,-3.0,-1.0,
1647357899385572433,-0.577697753906,-0.454650878906,0.431396484375,0.522888183594,-175.0,-8535.0,-547.0,-5.0,-3.0,-2.0,
1647357899390318870,-0.577697753906,-0.454895019531,0.431396484375,0.522766113281,-162.0,-8525.0,-581.0,-3.0,-3.0,-2.0,
1647357899394900083,-0.57763671875,-0.455078125,0.431335449219,0.522705078125,-153.0,-8481.0,-605.0,-2.0,-2.0,-2.0,
1647357899399543523,-0.577575683594,-0.455200195312,0.431335449219,0.522705078125,-139.0,-8423.0,-640.0,-1.0,-2.0,-2.0,
1647357899406427860,-0.577514648438,-0.455261230469,0.431335449219,0.522644042969,-140.0,-8370.0,-651.0,-1.0,-2.0,-1.0,
1647357899408687829,-0.577453613281,-0.455322265625,0.431335449219,0.522644042969,-147.0,-8334.0,-663.0,0.0,-2.0,-1.0,
1647357899413331508,-0.577453613281,-0.455444335938,0.431335449219,0.522583007812,-160.0,-8309.0,-658.0,-1.0,-2.0,-1.0,
1647357899416788339,-0.577392578125,-0.455505371094,0.431335449219,0.522583007812,-175.0,-8278.0,-651.0,-1.0,-1.0,-2.0,
1647357899440835237,-0.577392578125,-0.45556640625,0.431274414062,0.522583007812,-183.0,-8238.0,-637.0,-1.0,-1.0,-2.0,
1647357899441643953,-0.577331542969,-0.455627441406,0.431274414062,0.522583007812,-182.0,-8203.0,-637.0,-1.0,-1.0,-2.0,
1647357899442257881,-0.577331542969,-0.455688476562,0.431213378906,0.522521972656,-183.0,-8183.0,-632.0,-1.0,-1.0,-1.0,
1647357899448472261,-0.577331542969,-0.455810546875,0.431213378906,0.522521972656,-180.0,-8174.0,-624.0,-2.0,-1.0,-1.0,
1647357899449083805,-0.577331542969,-0.455871582031,0.43115234375,0.5224609375,-170.0,-8168.0,-622.0,-2.0,-1.0,-1.0,
1647357899450590610,-0.577331542969,-0.455993652344,0.431091308594,0.5224609375,-160.0,-8161.0,-610.0,-2.0,-1.0,-2.0,
1647357899454582214,-0.577270507812,-0.456115722656,0.431030273438,0.522399902344,-141.0,-8141.0,-604.0,-3.0,-1.0,-2.0,
1647357899459157466,-0.577331542969,-0.456237792969,0.430969238281,0.522338867188,-135.0,-8112.0,-595.0,-3.0,-1.0,-2.0,
1647357899463668107,-0.577331542969,-0.456359863281,0.430847167969,0.522277832031,-144.0,-8077.0,-588.0,-4.0,-1.0,-2.0,
1647357899468398809,-0.577392578125,-0.456481933594,0.430725097656,0.522155761719,-150.0,-8031.0,-588.0,-4.0,-1.0,-1.0,
1647357899471703767,-0.577514648438,-0.456665039062,0.4306640625,0.52197265625,-156.0,-7971.0,-591.0,-5.0,-1.0,-1.0,
1647357899479773044,-0.577697753906,-0.456909179688,0.430480957031,0.521728515625,-158.0,-7905.0,-584.0,-7.0,-2.0,-1.0,
1647357899484664201,-0.577880859375,-0.457153320312,0.430297851562,0.521423339844,-161.0,-7838.0,-584.0,-9.0,-2.0,-1.0,
1647357899489150285,-0.578186035156,-0.45751953125,0.430053710938,0.52099609375,-160.0,-7772.0,-577.0,-12.0,-2.0,-1.0,
1647357899493920564,-0.578552246094,-0.457885742188,0.429748535156,0.520446777344,-159.0,-7728.0,-586.0,-14.0,-3.0,0.0,
1647357899502751827,-0.579040527344,-0.458374023438,0.429382324219,0.519836425781,-153.0,-7696.0,-599.0,-17.0,-3.0,0.0,
1647357899503379344,-0.57958984375,-0.458984375,0.428955078125,0.51904296875,-149.0,-7690.0,-634.0,-19.0,-3.0,0.0,
1647357899509521007,-0.580200195312,-0.459594726562,0.428466796875,0.518249511719,-134.0,-7712.0,-674.0,-21.0,-3.0,0.0,
1647357899514137744,-0.580810546875,-0.460266113281,0.427917480469,0.517333984375,-114.0,-7774.0,-729.0,-23.0,-3.0,0.0,
1647357899518746376,-0.581481933594,-0.461059570312,0.427307128906,0.516418457031,-95.0,-7856.0,-798.0,-24.0,-3.0,-1.0,
1647357899523202896,-0.582153320312,-0.461791992188,0.426696777344,0.515563964844,-83.0,-7954.0,-851.0,-23.0,-3.0,-1.0,
1647357899526727437,-0.582763671875,-0.462524414062,0.426086425781,0.514709472656,-71.0,-8056.0,-928.0,-22.0,-3.0,-2.0,
1647357899535014152,-0.583312988281,-0.463195800781,0.425537109375,0.513977050781,-73.0,-8163.0,-970.0,-19.0,-2.0,-2.0,
1647357899541663885,-0.583740234375,-0.463745117188,0.425048828125,0.513366699219,-81.0,-8282.0,-1001.0,-17.0,-2.0,-2.0,
1647357899546426773,-0.584106445312,-0.464172363281,0.424621582031,0.512878417969,-90.0,-8402.0,-1040.0,-14.0,-2.0,-2.0,
1647357899551016807,-0.584350585938,-0.464599609375,0.424255371094,0.512512207031,-102.0,-8517.0,-1065.0,-11.0,-1.0,-2.0,
1647357899555542945,-0.584533691406,-0.464904785156,0.424011230469,0.512268066406,-109.0,-8606.0,-1071.0,-8.0,-1.0,-3.0,
1647357899560237169,-0.584594726562,-0.465209960938,0.423767089844,0.512145996094,-118.0,-8653.0,-1076.0,-5.0,-1.0,-4.0,
1647357899564889430,-0.584533691406,-0.465393066406,0.423583984375,0.512145996094,-130.0,-8661.0,-1076.0,-2.0,-1.0,-4.0,
1647357899569469928,-0.584411621094,-0.465515136719,0.423461914062,0.512268066406,-150.0,-8626.0,-1067.0,0.0,0.0,-4.0,
1647357899574117660,-0.584289550781,-0.465576171875,0.423400878906,0.512390136719,-169.0,-8569.0,-1049.0,1.0,0.0,-4.0,
1647357899578957319,-0.584106445312,-0.465637207031,0.423400878906,0.512573242188,-177.0,-8491.0,-1033.0,2.0,0.0,-5.0,
1647357899583467960,-0.583923339844,-0.465759277344,0.42333984375,0.512756347656,-184.0,-8399.0,-1011.0,1.0,-1.0,-5.0,
1647357899588176727,-0.583801269531,-0.465881347656,0.423217773438,0.512878417969,-181.0,-8306.0,-1001.0,0.0,-1.0,-5.0,
1647357899591772556,-0.583679199219,-0.466064453125,0.423034667969,0.512939453125,-183.0,-8208.0,-954.0,-2.0,0.0,-5.0,
1647357899599802732,-0.583679199219,-0.466247558594,0.4228515625,0.513000488281,-178.0,-8119.0,-936.0,-4.0,0.0,-5.0,
1647357899604378461,-0.583679199219,-0.466552734375,0.422607421875,0.512939453125,-169.0,-8047.0,-948.0,-5.0,0.0,-5.0,
1647357899609044551,-0.583740234375,-0.466857910156,0.422241210938,0.512817382812,-163.0,-8013.0,-942.0,-6.0,0.0,-5.0,
1647357899613675832,-0.583862304688,-0.467163085938,0.421936035156,0.5126953125,-147.0,-8023.0,-950.0,-7.0,0.0,-5.0,
1647357899618433475,-0.583923339844,-0.467529296875,0.421508789062,0.512573242188,-124.0,-8073.0,-945.0,-8.0,0.0,-5.0,
1647357899622872829,-0.583984375,-0.467834472656,0.421142578125,0.512573242188,-87.0,-8148.0,-978.0,-7.0,0.0,-6.0,
1647357899626396656,-0.583984375,-0.468139648438,0.420776367188,0.512573242188,-63.0,-8274.0,-1036.0,-4.0,1.0,-6.0,
1647357899634607553,-0.583923339844,-0.468383789062,0.420471191406,0.512756347656,-55.0,-8410.0,-1067.0,-2.0,1.0,-7.0,
1647357899639784336,-0.583740234375,-0.468505859375,0.420227050781,0.513000488281,-77.0,-8494.0,-1075.0,1.0,2.0,-7.0,
1647357899646098613,-0.583435058594,-0.468505859375,0.420104980469,0.513427734375,-106.0,-8526.0,-1087.0,5.0,2.0,-7.0,
1647357899651375532,-0.583129882812,-0.468322753906,0.420104980469,0.513977050781,-180.0,-8482.0,-1055.0,9.0,3.0,-6.0,
1647357899655646800,-0.582702636719,-0.468017578125,0.420288085938,0.514587402344,-273.0,-8368.0,-1004.0,12.0,3.0,-5.0,
1647357899660767793,-0.582336425781,-0.467590332031,0.420593261719,0.51513671875,-365.0,-8186.0,-916.0,13.0,2.0,-4.0,
1647357899664669990,-0.581970214844,-0.467102050781,0.420959472656,0.515686035156,-456.0,-7972.0,-792.0,12.0,2.0,-2.0,
1647357899669299125,-0.581604003906,-0.466674804688,0.42138671875,0.51611328125,-526.0,-7735.0,-683.0,10.0,1.0,-2.0,
1647357899674076318,-0.581420898438,-0.46630859375,0.421752929688,0.516418457031,-566.0,-7528.0,-606.0,7.0,0.0,-1.0,
1647357899679925441,-0.581298828125,-0.466064453125,0.421997070312,0.516540527344,-570.0,-7384.0,-551.0,3.0,0.0,-1.0,
1647357899684200525,-0.581298828125,-0.466003417969,0.422119140625,0.516540527344,-544.0,-7325.0,-501.0,-1.0,-1.0,-1.0,
1647357899689159154,-0.581298828125,-0.466064453125,0.422119140625,0.516418457031,-505.0,-7339.0,-462.0,-4.0,-1.0,-1.0,
1647357899692502498,-0.581359863281,-0.466186523438,0.422119140625,0.516296386719,-458.0,-7398.0,-426.0,-5.0,-2.0,-2.0,
1647357899700612783,-0.581359863281,-0.46630859375,0.422119140625,0.51611328125,-422.0,-7476.0,-404.0,-6.0,-3.0,-2.0,
1647357899704263448,-0.581359863281,-0.466430664062,0.422180175781,0.515991210938,-399.0,-7557.0,-384.0,-5.0,-3.0,-1.0,
1647357899708923339,-0.581298828125,-0.466491699219,0.422302246094,0.515869140625,-394.0,-7637.0,-378.0,-3.0,-4.0,0.0,
1647357899714164972,-0.581176757812,-0.466491699219,0.422607421875,0.515808105469,-402.0,-7722.0,-396.0,-1.0,-4.0,1.0,
1647357899718754291,-0.581115722656,-0.466369628906,0.422912597656,0.515686035156,-414.0,-7826.0,-411.0,1.0,-4.0,2.0,
1647357899722059488,-0.580932617188,-0.46630859375,0.42333984375,0.515686035156,-430.0,-7926.0,-426.0,3.0,-4.0,1.0,
1647357899750458717,-0.580749511719,-0.466125488281,0.423767089844,0.515686035156,-432.0,-8016.0,-468.0,4.0,-4.0,1.0,
1647357899752945899,-0.580505371094,-0.466003417969,0.424133300781,0.515686035156,-418.0,-8084.0,-521.0,5.0,-4.0,1.0,
1647357899753459215,-0.580261230469,-0.4658203125,0.424560546875,0.515747070312,-390.0,-8129.0,-569.0,6.0,-4.0,1.0,
1647357899754005670,-0.580078125,-0.465698242188,0.424926757812,0.515869140625,-353.0,-8154.0,-628.0,6.0,-4.0,1.0,
1647357899756552696,-0.579833984375,-0.465515136719,0.42529296875,0.515930175781,-300.0,-8172.0,-681.0,6.0,-3.0,1.0,
1647357899763120412,-0.579650878906,-0.465393066406,0.425598144531,0.516052246094,-246.0,-8172.0,-731.0,6.0,-3.0,1.0,
1647357899764842510,-0.579467773438,-0.465270996094,0.425842285156,0.516174316406,-194.0,-8164.0,-784.0,6.0,-2.0,2.0,
1647357899765561580,-0.579284667969,-0.465087890625,0.426086425781,0.516296386719,-150.0,-8158.0,-830.0,6.0,-1.0,2.0,
1647357899771445274,-0.579162597656,-0.464904785156,0.426330566406,0.516418457031,-99.0,-8149.0,-897.0,6.0,-1.0,2.0,
1647357899773948192,-0.579040527344,-0.464721679688,0.426452636719,0.5166015625,-58.0,-8151.0,-948.0,6.0,0.0,2.0,
1647357899778517007,-0.578979492188,-0.464538574219,0.426635742188,0.516723632812,-20.0,-8149.0,-1000.0,6.0,0.0,2.0,
1647357899783114433,-0.578857421875,-0.464294433594,0.4267578125,0.516906738281,8.0,-8146.0,-1040.0,6.0,1.0,2.0,
1647357899787870883,-0.578796386719,-0.464050292969,0.426818847656,0.517150878906,35.0,-8138.0,-1070.0,6.0,2.0,2.0,
1647357899791272640,-0.578735351562,-0.4638671875,0.426879882812,0.517333984375,65.0,-8124.0,-1092.0,6.0,2.0,1.0,
1647357899799485683,-0.578735351562,-0.463623046875,0.426879882812,0.517578125,88.0,-8105.0,-1122.0,5.0,2.0,1.0,
1647357899804168701,-0.578735351562,-0.463500976562,0.426879882812,0.517761230469,104.0,-8086.0,-1136.0,4.0,3.0,1.0,
1647357899808718442,-0.578735351562,-0.463317871094,0.426818847656,0.517944335938,119.0,-8086.0,-1144.0,4.0,3.0,0.0,
1647357899813294887,-0.578735351562,-0.463134765625,0.426696777344,0.518188476562,131.0,-8091.0,-1150.0,3.0,3.0,0.0,
1647357899817848682,-0.578735351562,-0.463012695312,0.426574707031,0.518371582031,136.0,-8114.0,-1151.0,3.0,4.0,0.0,
1647357899821536540,-0.578796386719,-0.462890625,0.426452636719,0.5185546875,146.0,-8144.0,-1157.0,2.0,4.0,-1.0,
1647357899829596996,-0.578796386719,-0.462768554688,0.42626953125,0.518798828125,156.0,-8159.0,-1148.0,2.0,4.0,-1.0,
1647357899834378480,-0.578796386719,-0.462646484375,0.426086425781,0.51904296875,173.0,-8165.0,-1146.0,2.0,4.0,-1.0,
1647357899838724374,-0.578796386719,-0.462524414062,0.425903320312,0.519287109375,179.0,-8159.0,-1141.0,3.0,4.0,-1.0,
1647357899845011711,-0.578857421875,-0.46240234375,0.425720214844,0.51953125,189.0,-8136.0,-1142.0,3.0,4.0,-2.0,
1647357899851126670,-0.578857421875,-0.462219238281,0.425476074219,0.519836425781,194.0,-8123.0,-1148.0,3.0,5.0,-2.0,
1647357899855067253,-0.578857421875,-0.462097167969,0.42529296875,0.520141601562,198.0,-8112.0,-1147.0,3.0,5.0,-2.0,
1647357899859722614,-0.578857421875,-0.461975097656,0.425048828125,0.520446777344,195.0,-8102.0,-1136.0,3.0,5.0,-2.0,
1647357899864415884,-0.578918457031,-0.461853027344,0.424743652344,0.520751953125,182.0,-8099.0,-1110.0,3.0,6.0,-2.0,
1647357899868993043,-0.578918457031,-0.461669921875,0.424499511719,0.521118164062,165.0,-8089.0,-1104.0,3.0,6.0,-3.0,
1647357899873606920,-0.578918457031,-0.461486816406,0.424255371094,0.521423339844,138.0,-8084.0,-1102.0,3.0,6.0,-3.0,
1647357899878305435,-0.578979492188,-0.461303710938,0.423950195312,0.521789550781,121.0,-8079.0,-1084.0,3.0,6.0,-3.0,
1647357899882749557,-0.578979492188,-0.461059570312,0.423706054688,0.522216796875,98.0,-8070.0,-1087.0,3.0,6.0,-3.0,
1647357899886330842,-0.578979492188,-0.460876464844,0.423461914062,0.522583007812,84.0,-8066.0,-1079.0,4.0,7.0,-3.0,
1647357899894658565,-0.578979492188,-0.460693359375,0.423217773438,0.52294921875,69.0,-8072.0,-1054.0,4.0,7.0,-3.0,
1647357899899804592,-0.578979492188,-0.46044921875,0.422912597656,0.523376464844,58.0,-8079.0,-1007.0,3.0,7.0,-3.0,
1647357899903781175,-0.578918457031,-0.460266113281,0.422668457031,0.523742675781,34.0,-8082.0,-959.0,3.0,7.0,-3.0,
1647357899908395528,-0.578918457031,-0.460021972656,0.422424316406,0.524169921875,9.0,-8079.0,-910.0,3.0,7.0,-4.0,
1647357899913085699,-0.578918457031,-0.459777832031,0.422180175781,0.524597167969,-12.0,-8079.0,-881.0,3.0,7.0,-3.0,
1647357899917975187,-0.578918457031,-0.459594726562,0.421936035156,0.524963378906,-19.0,-8093.0,-860.0,3.0,7.0,-3.0,
1647357899921152353,-0.578918457031,-0.459350585938,0.421691894531,0.525329589844,-19.0,-8130.0,-852.0,2.0,7.0,-3.0,
1647357899930701494,-0.578918457031,-0.459228515625,0.42138671875,0.525756835938,-8.0,-8179.0,-832.0,2.0,7.0,-4.0,
1647357899935231208,-0.578918457031,-0.459045410156,0.421081542969,0.526184082031,14.0,-8228.0,-815.0,3.0,7.0,-4.0,
1647357899939450979,-0.578796386719,-0.458862304688,0.420837402344,0.526611328125,24.0,-8247.0,-799.0,3.0,7.0,-5.0,
1647357899943929195,-0.578735351562,-0.458618164062,0.420532226562,0.527160644531,9.0,-8222.0,-764.0,4.0,7.0,-4.0,
1647357899950677871,-0.57861328125,-0.458374023438,0.420349121094,0.527648925781,-11.0,-8186.0,-744.0,5.0,7.0,-4.0,
1647357899954404592,-0.578552246094,-0.4580078125,0.420166015625,0.528076171875,-37.0,-8162.0,-740.0,5.0,7.0,-3.0,
1647357899962142705,-0.578552246094,-0.457702636719,0.419982910156,0.528564453125,-44.0,-8170.0,-750.0,4.0,7.0,-3.0,
1647357899964822292,-0.578552246094,-0.457458496094,0.419738769531,0.528991699219,-46.0,-8193.0,-752.0,4.0,7.0,-4.0,
1647357899973207712,-0.578552246094,-0.457214355469,0.41943359375,0.529418945312,-44.0,-8212.0,-732.0,3.0,8.0,-4.0,
1647357899976067781,-0.578491210938,-0.456970214844,0.419189453125,0.529907226562,-43.0,-8207.0,-714.0,4.0,8.0,-4.0,
1647357899984479904,-0.578430175781,-0.456665039062,0.418884277344,0.530395507812,-52.0,-8188.0,-689.0,4.0,8.0,-4.0,
1647357899986481666,-0.578430175781,-0.456359863281,0.418701171875,0.530883789062,-65.0,-8169.0,-676.0,5.0,8.0,-3.0,
1647357899990616083,-0.578369140625,-0.455993652344,0.418518066406,0.531372070312,-66.0,-8171.0,-648.0,5.0,8.0,-3.0,
1647357899994480371,-0.578369140625,-0.455688476562,0.418273925781,0.531860351562,-61.0,-8183.0,-624.0,4.0,8.0,-3.0,
1647357899998476505,-0.578369140625,-0.455383300781,0.418090820312,0.532348632812,-56.0,-8183.0,-573.0,4.0,8.0,-3.0,
1647357900003257274,-0.578247070312,-0.455017089844,0.417846679688,0.532836914062,-46.0,-8172.0,-531.0,4.0,7.0,-3.0,
1647357900016069650,-0.578186035156,-0.454711914062,0.417663574219,0.533325195312,-45.0,-8157.0,-496.0,4.0,7.0,-3.0,
1647357900029126405,-0.578125,-0.454406738281,0.417541503906,0.533813476562,-39.0,-8162.0,-469.0,4.0,7.0,-3.0,
1647357900032865285,-0.578002929688,-0.4541015625,0.417358398438,0.534362792969,-43.0,-8180.0,-454.0,5.0,7.0,-3.0,
1647357900033971309,-0.577941894531,-0.453735351562,0.417236328125,0.534851074219,-39.0,-8198.0,-438.0,5.0,7.0,-3.0,
1647357900035296678,-0.577819824219,-0.453430175781,0.417053222656,0.535400390625,-43.0,-8197.0,-414.0,6.0,7.0,-3.0,
1647357900038456916,-0.57763671875,-0.453063964844,0.4169921875,0.535949707031,-46.0,-8168.0,-406.0,6.0,7.0,-3.0,
1647357900040683031,-0.577514648438,-0.452697753906,0.416870117188,0.536437988281,-52.0,-8118.0,-403.0,7.0,6.0,-3.0,
1647357900043949604,-0.577392578125,-0.452331542969,0.416809082031,0.536926269531,-60.0,-8063.0,-398.0,6.0,6.0,-3.0,
1647357900051727056,-0.577270507812,-0.451965332031,0.416687011719,0.537414550781,-61.0,-8025.0,-394.0,5.0,6.0,-2.0,
1647357900057285070,-0.577270507812,-0.45166015625,0.416564941406,0.537841796875,-67.0,-8020.0,-414.0,4.0,7.0,-2.0,
1647357900061477899,-0.577209472656,-0.451354980469,0.416381835938,0.538269042969,-71.0,-8010.0,-436.0,4.0,7.0,-3.0,
1647357900065085887,-0.577209472656,-0.451110839844,0.416137695312,0.538635253906,-59.0,-7995.0,-470.0,3.0,7.0,-3.0,
1647357900070603609,-0.577209472656,-0.450866699219,0.415954589844,0.539001464844,-57.0,-7973.0,-490.0,3.0,7.0,-3.0,
1647357900074178218,-0.577209472656,-0.450622558594,0.415710449219,0.539367675781,-50.0,-7924.0,-500.0,3.0,7.0,-3.0,
1647357900079873085,-0.577270507812,-0.450378417969,0.415466308594,0.539733886719,-39.0,-7876.0,-504.0,2.0,6.0,-3.0,
1647357900083477497,-0.577331542969,-0.4501953125,0.415222167969,0.539978027344,-42.0,-7844.0,-497.0,1.0,6.0,-2.0,
1647357900089285612,-0.577514648438,-0.450012207031,0.414916992188,0.540222167969,-50.0,-7849.0,-475.0,-1.0,6.0,-2.0,
1647357900093856096,-0.57763671875,-0.449829101562,0.414672851562,0.540405273438,-71.0,-7880.0,-451.0,-2.0,6.0,-2.0,
1647357900098776102,-0.577819824219,-0.449768066406,0.414367675781,0.54052734375,-104.0,-7915.0,-411.0,-3.0,5.0,-3.0,
1647357900102154970,-0.577941894531,-0.449645996094,0.4140625,0.540649414062,-142.0,-7934.0,-372.0,-3.0,5.0,-3.0,
1647357900109187602,-0.578063964844,-0.449523925781,0.413879394531,0.540771484375,-184.0,-7914.0,-343.0,-3.0,4.0,-3.0,
1647357900113991260,-0.578186035156,-0.449401855469,0.413757324219,0.540893554688,-212.0,-7881.0,-329.0,-2.0,3.0,-2.0,
1647357900119843006,-0.578247070312,-0.449279785156,0.413635253906,0.540954589844,-228.0,-7844.0,-319.0,-2.0,3.0,-1.0,
1647357900123969793,-0.578369140625,-0.44921875,0.41357421875,0.541015625,-225.0,-7839.0,-304.0,-2.0,2.0,-1.0,
1647357900129405260,-0.578430175781,-0.449157714844,0.413452148438,0.541015625,-210.0,-7856.0,-293.0,-3.0,2.0,-2.0,
1647357900133668661,-0.578491210938,-0.449157714844,0.413330078125,0.541076660156,-180.0,-7888.0,-302.0,-3.0,1.0,-2.0,
1647357900138664960,-0.578552246094,-0.44921875,0.413208007812,0.541076660156,-140.0,-7938.0,-328.0,-3.0,1.0,-2.0,
1647357900140958070,-0.57861328125,-0.449340820312,0.413024902344,0.541076660156,-105.0,-7993.0,-348.0,-3.0,1.0,-3.0,
1647357900153884172,-0.578674316406,-0.449401855469,0.412841796875,0.541076660156,-82.0,-8037.0,-354.0,-3.0,1.0,-3.0,
1647357900156231164,-0.578674316406,-0.449462890625,0.412719726562,0.541076660156,-64.0,-8061.0,-360.0,-2.0,0.0,-2.0,
1647357900162084817,-0.578674316406,-0.449462890625,0.41259765625,0.541137695312,-72.0,-8058.0,-378.0,-2.0,1.0,-2.0,
1647357900166904926,-0.578674316406,-0.449462890625,0.412536621094,0.541198730469,-91.0,-8038.0,-398.0,-1.0,1.0,-2.0,
1647357900176585435,-0.578735351562,-0.449401855469,0.412475585938,0.541198730469,-114.0,-8006.0,-420.0,-1.0,1.0,-1.0,
1647357900178175687,-0.578857421875,-0.449401855469,0.412414550781,0.541198730469,-126.0,-7970.0,-444.0,-2.0,1.0,-1.0,
1647357900180351972,-0.578979492188,-0.449401855469,0.412292480469,0.541137695312,-138.0,-7935.0,-476.0,-3.0,1.0,-1.0,
1647357900184053659,-0.579162597656,-0.449401855469,0.412170410156,0.541076660156,-142.0,-7916.0,-499.0,-4.0,1.0,-1.0,
1647357900188957691,-0.579345703125,-0.449462890625,0.411987304688,0.540954589844,-140.0,-7910.0,-516.0,-5.0,1.0,-1.0,
1647357900192942142,-0.579528808594,-0.449584960938,0.411804199219,0.540832519531,-132.0,-7911.0,-522.0,-5.0,1.0,-1.0,
1647357900198400735,-0.579711914062,-0.449645996094,0.41162109375,0.540710449219,-131.0,-7917.0,-541.0,-5.0,1.0,-1.0,
1647357900202394485,-0.579895019531,-0.44970703125,0.411437988281,0.540588378906,-148.0,-7916.0,-533.0,-5.0,1.0,-1.0,
1647357900209837198,-0.580017089844,-0.44970703125,0.411376953125,0.540466308594,-160.0,-7916.0,-536.0,-4.0,0.0,-1.0,
1647357900215108871,-0.580200195312,-0.44970703125,0.411315917969,0.540405273438,-164.0,-7937.0,-556.0,-3.0,0.0,0.0,
1647357900218171834,-0.580322265625,-0.44970703125,0.411254882812,0.540283203125,-151.0,-7990.0,-581.0,-3.0,0.0,0.0,
1647357900224071025,-0.580383300781,-0.44970703125,0.411193847656,0.540222167969,-122.0,-8063.0,-580.0,-2.0,0.0,-1.0,
1647357900228733301,-0.580383300781,-0.44970703125,0.4111328125,0.540222167969,-91.0,-8125.0,-580.0,-1.0,0.0,-1.0,
1647357900232462167,-0.580383300781,-0.44970703125,0.411071777344,0.540283203125,-64.0,-8162.0,-577.0,0.0,0.0,-2.0,
1647357900237133741,-0.580322265625,-0.44970703125,0.411071777344,0.540405273438,-43.0,-8160.0,-585.0,1.0,0.0,-1.0,
1647357900244914770,-0.580261230469,-0.449645996094,0.411071777344,0.540466308594,-34.0,-8139.0,-597.0,1.0,0.0,-1.0,
1647357900249875545,-0.580261230469,-0.449584960938,0.411071777344,0.54052734375,-30.0,-8125.0,-614.0,1.0,1.0,0.0,
1647357900254134893,-0.580261230469,-0.449523925781,0.411071777344,0.540588378906,-30.0,-8110.0,-629.0,0.0,1.0,0.0,
1647357900260068893,-0.580322265625,-0.449462890625,0.411071777344,0.540588378906,-26.0,-8116.0,-634.0,0.0,1.0,-1.0,
1647357900266608953,-0.580383300781,-0.449462890625,0.410949707031,0.540649414062,-11.0,-8121.0,-623.0,-1.0,1.0,-1.0,
1647357900269585847,-0.580383300781,-0.449462890625,0.410888671875,0.540710449219,-2.0,-8123.0,-614.0,-1.0,1.0,-2.0,
1647357900276065349,-0.580444335938,-0.449462890625,0.410766601562,0.540710449219,6.0,-8108.0,-591.0,-2.0,1.0,-2.0,
1647357900280139684,-0.580444335938,-0.449523925781,0.41064453125,0.540710449219,3.0,-8087.0,-569.0,-2.0,1.0,-2.0,
1647357900285054922,-0.580505371094,-0.449523925781,0.410522460938,0.540710449219,3.0,-8060.0,-551.0,-3.0,1.0,-2.0,
1647357900290179252,-0.580627441406,-0.449584960938,0.410400390625,0.540649414062,-3.0,-8047.0,-533.0,-4.0,0.0,-2.0,
1647357900294194698,-0.580688476562,-0.44970703125,0.410278320312,0.540588378906,-3.0,-8033.0,-515.0,-4.0,0.0,-2.0,
1647357900301961421,-0.580810546875,-0.449829101562,0.41015625,0.540466308594,-1.0,-8038.0,-502.0,-5.0,0.0,-2.0,
1647357900302834749,-0.580932617188,-0.449951171875,0.409973144531,0.540405273438,-4.0,-8053.0,-501.0,-5.0,0.0,-2.0,
1647357900306224822,-0.580993652344,-0.450073242188,0.409790039062,0.540283203125,-3.0,-8082.0,-485.0,-5.0,0.0,-2.0,
1647357900315264463,-0.5810546875,-0.450256347656,0.40966796875,0.540161132812,1.0,-8119.0,-481.0,-5.0,-1.0,-2.0,
1647357900319654226,-0.581115722656,-0.450378417969,0.409606933594,0.540100097656,13.0,-8160.0,-469.0,-4.0,-1.0,-2.0,
1647357900323141813,-0.581115722656,-0.450500488281,0.409484863281,0.540100097656,26.0,-8200.0,-462.0,-3.0,-1.0,-2.0,
1647357900328230142,-0.5810546875,-0.450561523438,0.409423828125,0.540100097656,39.0,-8220.0,-457.0,-2.0,-1.0,-3.0,
1647357900334166049,-0.580993652344,-0.45068359375,0.409362792969,0.540161132812,54.0,-8237.0,-456.0,-1.0,-1.0,-3.0,
1647357900338660240,-0.580871582031,-0.450744628906,0.409362792969,0.540222167969,68.0,-8244.0,-473.0,0.0,-1.0,-2.0,
1647357900340681314,-0.580810546875,-0.450805664062,0.409301757812,0.540283203125,77.0,-8247.0,-476.0,0.0,-1.0,-2.0,
1647357900348861217,-0.580688476562,-0.450805664062,0.409362792969,0.540405273438,93.0,-8247.0,-504.0,1.0,-1.0,-2.0,
1647357900353940248,-0.58056640625,-0.450866699219,0.409301757812,0.54052734375,107.0,-8255.0,-539.0,1.0,-1.0,-2.0,
1647357900359931468,-0.580444335938,-0.450866699219,0.409301757812,0.540649414062,130.0,-8268.0,-572.0,2.0,0.0,-3.0,
1647357900364786624,-0.580261230469,-0.450927734375,0.409240722656,0.540832519531,137.0,-8255.0,-589.0,2.0,0.0,-3.0,
1647357900370606899,-0.580139160156,-0.450927734375,0.4091796875,0.540954589844,126.0,-8206.0,-562.0,2.0,0.0,-3.0,
1647357900373880386,-0.580017089844,-0.450866699219,0.409240722656,0.541198730469,132.0,-8120.0,-602.0,3.0,1.0,-2.0,
1647357900379325628,-0.579895019531,-0.450744628906,0.409240722656,0.541381835938,133.0,-8078.0,-586.0,4.0,1.0,-1.0,
1647357900384564399,-0.579772949219,-0.45068359375,0.409240722656,0.541564941406,151.0,-8087.0,-601.0,2.0,0.0,-1.0,
1647357900390661716,-0.579650878906,-0.45068359375,0.4091796875,0.541748046875,133.0,-8098.0,-602.0,1.0,1.0,-3.0,
1647357900392941713,-0.57958984375,-0.45068359375,0.409057617188,0.541870117188,109.0,-8112.0,-609.0,1.0,1.0,-3.0,
1647357900397246122,-0.579528808594,-0.450622558594,0.408996582031,0.5419921875,106.0,-8132.0,-620.0,1.0,1.0,-3.0,
1647357900405393123,-0.579467773438,-0.45068359375,0.408935546875,0.542175292969,120.0,-8166.0,-655.0,1.0,1.0,-3.0,
1647357900409519672,-0.579406738281,-0.45068359375,0.408813476562,0.542297363281,123.0,-8178.0,-629.0,1.0,1.0,-3.0,
1647357900415651798,-0.579284667969,-0.45068359375,0.40869140625,0.54248046875,163.0,-8171.0,-677.0,1.0,1.0,-3.0,
1647357900418931961,-0.579162597656,-0.45068359375,0.408630371094,0.542663574219,176.0,-8121.0,-685.0,3.0,1.0,-2.0,
1647357900424952507,-0.5791015625,-0.450561523438,0.408569335938,0.542907714844,194.0,-8067.0,-708.0,3.0,1.0,-2.0,
1647357900428781270,-0.578979492188,-0.450500488281,0.408508300781,0.543090820312,197.0,-8044.0,-727.0,3.0,2.0,-1.0,
1647357900434925556,-0.578979492188,-0.450439453125,0.408386230469,0.543212890625,184.0,-8084.0,-707.0,2.0,2.0,-2.0,
1647357900439868211,-0.578918457031,-0.450378417969,0.408264160156,0.543395996094,171.0,-8169.0,-692.0,1.0,2.0,-3.0,
1647357900443662166,-0.578857421875,-0.450378417969,0.408142089844,0.543640136719,164.0,-8258.0,-707.0,1.0,2.0,-4.0,
1647357900448244333,-0.578735351562,-0.450317382812,0.407958984375,0.543884277344,162.0,-8330.0,-738.0,3.0,3.0,-4.0,
1647357900453888416,-0.578552246094,-0.4501953125,0.407897949219,0.544250488281,180.0,-8372.0,-789.0,6.0,3.0,-4.0,
1647357900461040019,-0.578308105469,-0.450012207031,0.407836914062,0.544738769531,179.0,-8313.0,-787.0,9.0,3.0,-3.0,
1647357900465624332,-0.578063964844,-0.44970703125,0.407836914062,0.545227050781,140.0,-8143.0,-729.0,9.0,3.0,-3.0,
1647357900470102310,-0.577819824219,-0.449401855469,0.408020019531,0.545654296875,84.0,-7886.0,-683.0,8.0,3.0,-1.0,
1647357900474609375,-0.577758789062,-0.448974609375,0.408142089844,0.545959472656,1.0,-7650.0,-596.0,7.0,3.0,1.0,
1647357900478691101,-0.577758789062,-0.448547363281,0.408325195312,0.546081542969,-75.0,-7511.0,-527.0,3.0,3.0,2.0,
1647357900484288454,-0.577941894531,-0.448303222656,0.408386230469,0.546081542969,-113.0,-7511.0,-450.0,-1.0,3.0,2.0,
1647357900490358114,-0.578125,-0.448120117188,0.408386230469,0.546081542969,-97.0,-7615.0,-426.0,-4.0,2.0,0.0,
1647357900493636131,-0.578308105469,-0.448120117188,0.408203125,0.546020507812,-34.0,-7763.0,-411.0,-5.0,2.0,-1.0,
1647357900498049497,-0.578369140625,-0.448181152344,0.407897949219,0.546081542969,48.0,-7909.0,-398.0,-5.0,2.0,-3.0,
1647357900501828908,-0.578369140625,-0.448303222656,0.407653808594,0.546142578125,133.0,-7998.0,-401.0,-3.0,2.0,-3.0,
1647357900510330915,-0.578369140625,-0.448303222656,0.407531738281,0.546325683594,197.0,-8039.0,-431.0,-1.0,2.0,-2.0,
1647357900517849922,-0.578308105469,-0.448181152344,0.407470703125,0.546508789062,239.0,-8057.0,-481.0,2.0,2.0,0.0,
1647357900519311428,-0.578247070312,-0.447998046875,0.407470703125,0.546691894531,285.0,-8067.0,-527.0,4.0,2.0,1.0,
1647357900523605823,-0.578247070312,-0.44775390625,0.407470703125,0.546936035156,327.0,-8089.0,-566.0,5.0,3.0,2.0,
1647357900528214216,-0.578186035156,-0.447509765625,0.407470703125,0.547180175781,370.0,-8100.0,-613.0,5.0,3.0,1.0,
1647357900533482074,-0.578125,-0.447265625,0.407409667969,0.547485351562,410.0,-8103.0,-642.0,5.0,4.0,1.0,
1647357900536864519,-0.578125,-0.447021484375,0.407348632812,0.547790527344,442.0,-8090.0,-673.0,5.0,4.0,1.0,
1647357900544682502,-0.578125,-0.44677734375,0.4072265625,0.548034667969,461.0,-8068.0,-700.0,4.0,5.0,1.0,
1647357900549741983,-0.578186035156,-0.446533203125,0.407043457031,0.54833984375,463.0,-8044.0,-719.0,3.0,6.0,1.0,
1647357900554969072,-0.578308105469,-0.4462890625,0.406860351562,0.548522949219,458.0,-8042.0,-737.0,2.0,6.0,1.0,
1647357900567012548,-0.578430175781,-0.445983886719,0.406616210938,0.548767089844,429.0,-8062.0,-728.0,1.0,7.0,1.0,
1647357900568788290,-0.57861328125,-0.445678710938,0.406433105469,0.548950195312,398.0,-8097.0,-714.0,1.0,7.0,1.0,
1647357900570288419,-0.578796386719,-0.445373535156,0.40625,0.549194335938,371.0,-8119.0,-687.0,1.0,7.0,1.0,
1647357900574213027,-0.578918457031,-0.445129394531,0.406066894531,0.549377441406,352.0,-8112.0,-652.0,1.0,6.0,0.0,
1647357900579362869,-0.579040527344,-0.444885253906,0.405822753906,0.549621582031,348.0,-8092.0,-626.0,0.0,6.0,0.0,
1647357900584928989,-0.579223632812,-0.444702148438,0.405578613281,0.5498046875,349.0,-8071.0,-595.0,-1.0,6.0,-1.0,
1647357900589385509,-0.579345703125,-0.444580078125,0.4052734375,0.549987792969,362.0,-8066.0,-551.0,-2.0,6.0,-1.0,
1647357900593306064,-0.579528808594,-0.444519042969,0.404907226562,0.550109863281,368.0,-8066.0,-505.0,-4.0,6.0,-2.0,
1647357900598536729,-0.579772949219,-0.444458007812,0.404479980469,0.550231933594,337.0,-8065.0,-443.0,-5.0,5.0,-2.0,
1647357900601566314,-0.579956054688,-0.444458007812,0.404113769531,0.55029296875,284.0,-8072.0,-364.0,-6.0,5.0,-2.0,
1647357900609350442,-0.580139160156,-0.444396972656,0.403869628906,0.55029296875,216.0,-8104.0,-280.0,-6.0,4.0,-2.0,
1647357900614104270,-0.580261230469,-0.4443359375,0.403686523438,0.550354003906,158.0,-8160.0,-213.0,-5.0,3.0,-2.0,
1647357900621242046,-0.580383300781,-0.444213867188,0.403503417969,0.550476074219,132.0,-8233.0,-174.0,-4.0,3.0,-2.0,
1647357900623282909,-0.580322265625,-0.444152832031,0.403442382812,0.550598144531,127.0,-8314.0,-173.0,-2.0,2.0,-3.0,
1647357900628243684,-0.580261230469,-0.444091796875,0.4033203125,0.55078125,157.0,-8394.0,-171.0,1.0,1.0,-3.0,
1647357900631665468,-0.580017089844,-0.444091796875,0.403259277344,0.551086425781,212.0,-8449.0,-169.0,2.0,1.0,-4.0,
1647357900655696392,-0.579772949219,-0.444091796875,0.403259277344,0.551452636719,279.0,-8466.0,-159.0,3.0,1.0,-4.0,
1647357900669859409,-0.579406738281,-0.444091796875,0.403198242188,0.551818847656,368.0,-8472.0,-200.0,4.0,0.0,-4.0,
1647357900675787210,-0.5791015625,-0.444152832031,0.403076171875,0.55224609375,417.0,-8449.0,-229.0,5.0,1.0,-4.0,
1647357900677399635,-0.578735351562,-0.444152832031,0.403015136719,0.552612304688,422.0,-8408.0,-244.0,5.0,1.0,-4.0,
1647357900679916858,-0.578491210938,-0.444152832031,0.402954101562,0.552978515625,377.0,-8321.0,-227.0,4.0,1.0,-4.0,
1647357900684360504,-0.578308105469,-0.444274902344,0.402709960938,0.553161621094,135.0,-7815.0,-184.0,-5.0,-1.0,-3.0,
1647357900686710357,-0.578979492188,-0.444946289062,0.402099609375,0.552368164062,59.0,-7779.0,-233.0,-15.0,-1.0,-3.0,
1647357900695177793,-0.579467773438,-0.445434570312,0.401550292969,0.551818847656,52.0,-7884.0,-259.0,-18.0,-1.0,-4.0,
1647357900697280883,-0.579956054688,-0.446044921875,0.401000976562,0.55126953125,61.0,-8038.0,-293.0,-19.0,-1.0,-5.0,
1647357900699892759,-0.580383300781,-0.446655273438,0.400390625,0.550720214844,68.0,-8222.0,-319.0,-18.0,-1.0,-6.0,
1647357900703799724,-0.580749511719,-0.447204589844,0.399841308594,0.550354003906,72.0,-8384.0,-331.0,-16.0,-1.0,-6.0,
1647357900708411216,-0.580993652344,-0.447631835938,0.3994140625,0.550048828125,79.0,-8506.0,-327.0,-12.0,-1.0,-5.0,
1647357900713759183,-0.5810546875,-0.447937011719,0.399169921875,0.549926757812,85.0,-8575.0,-319.0,-8.0,-1.0,-5.0,
1647357900718808889,-0.5810546875,-0.448120117188,0.398986816406,0.549926757812,80.0,-8584.0,-324.0,-4.0,-1.0,-5.0,
1647357900722600221,-0.580932617188,-0.448181152344,0.39892578125,0.550048828125,66.0,-8550.0,-346.0,-1.0,0.0,-4.0,
1647357900727456092,-0.580749511719,-0.448181152344,0.39892578125,0.550170898438,46.0,-8483.0,-328.0,2.0,0.0,-4.0,
1647357900730524301,-0.580505371094,-0.448120117188,0.399047851562,0.550415039062,19.0,-8381.0,-297.0,3.0,-1.0,-4.0,
1647357900738960742,-0.580261230469,-0.448059082031,0.399169921875,0.550598144531,0.0,-8247.0,-267.0,4.0,-1.0,-3.0,
1647357900743281126,-0.580017089844,-0.448059082031,0.399353027344,0.550842285156,-22.0,-8117.0,-236.0,3.0,-2.0,-3.0,
1647357900750220298,-0.579772949219,-0.447998046875,0.399475097656,0.550964355469,-26.0,-8023.0,-218.0,2.0,-2.0,-3.0,
1647357900752449274,-0.57958984375,-0.448059082031,0.399597167969,0.551025390625,-19.0,-8004.0,-236.0,1.0,-2.0,-3.0,
1647357900757040023,-0.579467773438,-0.448059082031,0.399658203125,0.551086425781,-31.0,-8016.0,-254.0,1.0,-2.0,-3.0,
1647357900761707305,-0.579284667969,-0.448059082031,0.399780273438,0.551208496094,-33.0,-8037.0,-274.0,2.0,-1.0,-3.0,
1647357900766515016,-0.5791015625,-0.447998046875,0.39990234375,0.551391601562,5.0,-8024.0,-358.0,4.0,-1.0,-2.0,
1647357900779532432,-0.578552246094,-0.44775390625,0.400329589844,0.551818847656,97.0,-7771.0,-324.0,4.0,-2.0,-2.0,
1647357900784164905,-0.578552246094,-0.448120117188,0.400024414062,0.5517578125,255.0,-7831.0,-469.0,-4.0,-2.0,-4.0,
1647357900788801193,-0.578857421875,-0.448913574219,0.399230957031,0.551391601562,367.0,-7784.0,-543.0,-15.0,-1.0,-8.0,
1647357900793456077,-0.579223632812,-0.449768066406,0.398376464844,0.550964355469,330.0,-7546.0,-475.0,-19.0,-1.0,-7.0,
1647357900798165798,-0.579711914062,-0.450134277344,0.39794921875,0.550354003906,225.0,-7474.0,-470.0,-17.0,-1.0,-1.0,
1647357900802694082,-0.580383300781,-0.450134277344,0.397888183594,0.549743652344,80.0,-7752.0,-430.0,-14.0,0.0,5.0,
1647357900807374954,-0.580749511719,-0.450012207031,0.39794921875,0.549377441406,1.0,-8243.0,-408.0,-8.0,-1.0,4.0,
1647357900811954259,-0.580688476562,-0.450012207031,0.398132324219,0.549377441406,-6.0,-8706.0,-382.0,-1.0,-2.0,-2.0,
1647357900816582918,-0.580139160156,-0.449951171875,0.398315429688,0.5498046875,62.0,-8999.0,-407.0,8.0,-3.0,-7.0,
1647357900820177078,-0.579223632812,-0.449890136719,0.398681640625,0.550598144531,149.0,-9061.0,-445.0,17.0,-3.0,-8.0,
1647357900828119277,-0.578186035156,-0.44970703125,0.399169921875,0.551513671875,203.0,-8914.0,-499.0,23.0,-4.0,-7.0,
1647357900832911014,-0.5771484375,-0.449401855469,0.399719238281,0.552429199219,197.0,-8644.0,-540.0,24.0,-3.0,-5.0,
1647357900837428331,-0.576293945312,-0.449035644531,0.400329589844,0.553161621094,166.0,-8375.0,-620.0,22.0,-3.0,-3.0,
1647357900842167615,-0.575622558594,-0.44873046875,0.400817871094,0.5537109375,136.0,-8185.0,-711.0,18.0,-3.0,-2.0,
1647357900846790075,-0.575134277344,-0.448547363281,0.401184082031,0.554138183594,122.0,-8090.0,-791.0,14.0,-2.0,-3.0,
1647357900850721597,-0.57470703125,-0.448486328125,0.401428222656,0.554443359375,137.0,-8067.0,-857.0,11.0,-2.0,-4.0,
1647357900858369350,-0.574340820312,-0.448486328125,0.401489257812,0.554809570312,173.0,-8072.0,-890.0,10.0,-1.0,-5.0,
1647357900862917661,-0.573974609375,-0.448486328125,0.401550292969,0.55517578125,210.0,-8046.0,-903.0,9.0,-1.0,-5.0,
1647357900870738267,-0.573608398438,-0.448486328125,0.401550292969,0.555541992188,254.0,-7973.0,-902.0,8.0,0.0,-5.0,
1647357900874954700,-0.573303222656,-0.448486328125,0.401550292969,0.555847167969,295.0,-7877.0,-886.0,6.0,0.0,-4.0,
1647357900879660844,-0.573181152344,-0.448486328125,0.401489257812,0.556030273438,315.0,-7793.0,-875.0,4.0,1.0,-3.0,
1647357900884262561,-0.573120117188,-0.448486328125,0.401306152344,0.55615234375,333.0,-7760.0,-856.0,1.0,1.0,-2.0,
1647357900888874053,-0.5732421875,-0.448608398438,0.401062011719,0.55615234375,360.0,-7790.0,-848.0,-2.0,2.0,-3.0,
1647357900893617630,-0.573303222656,-0.44873046875,0.400756835938,0.556213378906,389.0,-7861.0,-835.0,-3.0,2.0,-3.0,
1647357900898278474,-0.573425292969,-0.448852539062,0.400390625,0.556274414062,423.0,-7935.0,-834.0,-3.0,3.0,-4.0,
1647357900902890682,-0.573425292969,-0.448974609375,0.400024414062,0.556396484375,450.0,-7978.0,-835.0,-2.0,3.0,-4.0,
1647357900907341480,-0.573425292969,-0.449035644531,0.399719238281,0.556579589844,482.0,-7976.0,-844.0,0.0,3.0,-4.0,
1647357900912021160,-0.573425292969,-0.449096679688,0.399353027344,0.556762695312,498.0,-7927.0,-865.0,0.0,4.0,-4.0,
1647357900916513442,-0.573486328125,-0.449157714844,0.399047851562,0.556884765625,497.0,-7866.0,-878.0,0.0,4.0,-4.0,
1647357900920064687,-0.573608398438,-0.44921875,0.398620605469,0.557006835938,482.0,-7823.0,-884.0,-2.0,4.0,-3.0,
1647357900928068161,-0.573852539062,-0.449279785156,0.398193359375,0.557006835938,449.0,-7814.0,-879.0,-5.0,5.0,-4.0,
1647357900932782411,-0.57421875,-0.449462890625,0.397644042969,0.556945800781,404.0,-7837.0,-861.0,-8.0,5.0,-4.0,
1647357900937380075,-0.574584960938,-0.449645996094,0.397094726562,0.556823730469,359.0,-7886.0,-832.0,-9.0,5.0,-4.0,
1647357900942179918,-0.574951171875,-0.449829101562,0.396484375,0.556640625,326.0,-7958.0,-790.0,-10.0,5.0,-5.0,
1647357900946832418,-0.575317382812,-0.450012207031,0.395935058594,0.556518554688,327.0,-8049.0,-790.0,-11.0,4.0,-5.0,
1647357900950403213,-0.57568359375,-0.450256347656,0.395324707031,0.556396484375,355.0,-8157.0,-818.0,-10.0,4.0,-5.0,
1647357900958496332,-0.575988769531,-0.450622558594,0.394653320312,0.556274414062,407.0,-8257.0,-826.0,-10.0,4.0,-6.0,
1647357900963391780,-0.576293945312,-0.450927734375,0.393920898438,0.556213378906,457.0,-8337.0,-787.0,-11.0,5.0,-7.0,
1647357900967746257,-0.576538085938,-0.451232910156,0.393188476562,0.556213378906,492.0,-8396.0,-772.0,-10.0,5.0,-7.0,
1647357900974222660,-0.576782226562,-0.451477050781,0.392517089844,0.556274414062,491.0,-8472.0,-750.0,-8.0,6.0,-6.0,
1647357900978824377,-0.577026367188,-0.451538085938,0.391906738281,0.556396484375,461.0,-8566.0,-726.0,-6.0,7.0,-6.0,
1647357900983419656,-0.5771484375,-0.451599121094,0.391357421875,0.556640625,420.0,-8646.0,-695.0,-4.0,7.0,-6.0,
1647357900987922430,-0.5771484375,-0.451538085938,0.390930175781,0.556945800781,381.0,-8702.0,-624.0,-1.0,7.0,-7.0,
1647357900992525577,-0.577026367188,-0.451477050781,0.390502929688,0.557373046875,359.0,-8705.0,-536.0,0.0,6.0,-8.0,
1647357900997746944,-0.576843261719,-0.451416015625,0.39013671875,0.557922363281,366.0,-8653.0,-428.0,2.0,6.0,-9.0,
1647357901001733064,-0.576538085938,-0.451354980469,0.389831542969,0.558471679688,399.0,-8573.0,-353.0,3.0,6.0,-9.0,
1647357901006530046,-0.576232910156,-0.451293945312,0.389465332031,0.55908203125,439.0,-8485.0,-300.0,4.0,6.0,-9.0,
1647357901010512828,-0.575866699219,-0.451293945312,0.38916015625,0.559692382812,501.0,-8408.0,-275.0,4.0,6.0,-9.0,
1647357901018118858,-0.575561523438,-0.451232910156,0.388732910156,0.560363769531,550.0,-8328.0,-236.0,4.0,6.0,-9.0,
1647357901022809267,-0.575256347656,-0.451232910156,0.388366699219,0.560913085938,584.0,-8245.0,-237.0,3.0,5.0,-9.0,
1647357901028438568,-0.575012207031,-0.451293945312,0.387939453125,0.561462402344,596.0,-8170.0,-246.0,2.0,5.0,-9.0,
1647357901032022953,-0.574890136719,-0.451354980469,0.387451171875,0.561828613281,588.0,-8123.0,-247.0,-1.0,6.0,-8.0,
1647357901036617040,-0.574890136719,-0.451477050781,0.386901855469,0.562133789062,575.0,-8106.0,-249.0,-3.0,5.0,-8.0,
1647357901040022850,-0.574951171875,-0.45166015625,0.386291503906,0.562377929688,561.0,-8133.0,-244.0,-6.0,5.0,-8.0,
1647357901048497200,-0.575073242188,-0.451843261719,0.385620117188,0.5625,564.0,-8176.0,-260.0,-8.0,5.0,-9.0,
1647357901053750038,-0.5751953125,-0.4521484375,0.384948730469,0.562622070312,585.0,-8232.0,-255.0,-9.0,5.0,-9.0,
1647357901057467699,-0.575317382812,-0.452453613281,0.38427734375,0.562683105469,625.0,-8288.0,-255.0,-9.0,5.0,-9.0,
1647357901062103986,-0.575439453125,-0.452758789062,0.383605957031,0.562805175781,662.0,-8333.0,-257.0,-9.0,4.0,-9.0,
1647357901066677808,-0.575500488281,-0.453063964844,0.382934570312,0.56298828125,692.0,-8362.0,-259.0,-8.0,4.0,-9.0,
1647357901075601100,-0.575500488281,-0.453369140625,0.382263183594,0.563171386719,710.0,-8376.0,-268.0,-7.0,4.0,-9.0,
1647357901078040599,-0.575500488281,-0.45361328125,0.381652832031,0.563354492188,709.0,-8372.0,-288.0,-6.0,4.0,-9.0,
1647357901082881689,-0.575500488281,-0.453918457031,0.381042480469,0.5634765625,697.0,-8349.0,-310.0,-6.0,4.0,-9.0,
1647357901087520599,-0.575561523438,-0.454223632812,0.380493164062,0.563659667969,676.0,-8309.0,-332.0,-7.0,3.0,-9.0,
1647357901093301057,-0.575622558594,-0.45458984375,0.3798828125,0.563659667969,664.0,-8263.0,-347.0,-8.0,3.0,-9.0,
1647357901097942113,-0.575744628906,-0.455017089844,0.379211425781,0.563659667969,654.0,-8213.0,-359.0,-10.0,3.0,-10.0,
1647357901102885484,-0.575927734375,-0.455444335938,0.378479003906,0.563598632812,639.0,-8163.0,-322.0,-12.0,2.0,-10.0,
1647357901104886054,-0.576171875,-0.455993652344,0.377746582031,0.563415527344,607.0,-8124.0,-242.0,-15.0,2.0,-10.0,
1647357901114181041,-0.576416015625,-0.456481933594,0.377014160156,0.563232421875,562.0,-8096.0,-159.0,-16.0,2.0,-9.0,
1647357901118608236,-0.57666015625,-0.456970214844,0.376342773438,0.56298828125,499.0,-8088.0,-69.0,-17.0,1.0,-9.0,
1647357901123454809,-0.576965332031,-0.457397460938,0.375732421875,0.562744140625,440.0,-8101.0,45.0,-17.0,0.0,-9.0,
1647357901127616167,-0.577087402344,-0.457885742188,0.375244140625,0.562561035156,379.0,-8117.0,157.0,-16.0,-1.0,-9.0,
1647357901132831573,-0.5771484375,-0.458312988281,0.374938964844,0.562377929688,329.0,-8124.0,216.0,-14.0,-2.0,-9.0,
1647357901136891841,-0.5771484375,-0.458740234375,0.374633789062,0.562255859375,300.0,-8115.0,213.0,-10.0,-3.0,-9.0,
1647357901140022993,-0.577026367188,-0.459106445312,0.37451171875,0.562194824219,283.0,-8098.0,178.0,-7.0,-4.0,-8.0,
1647357901148823261,-0.576782226562,-0.459411621094,0.374389648438,0.562194824219,286.0,-8095.0,139.0,-4.0,-4.0,-8.0,
1647357901154280185,-0.576477050781,-0.459716796875,0.374389648438,0.562255859375,312.0,-8110.0,73.0,-1.0,-4.0,-7.0,
1647357901157478570,-0.576171875,-0.4599609375,0.374450683594,0.562377929688,334.0,-8156.0,10.0,1.0,-4.0,-7.0,
1647357901162900447,-0.57568359375,-0.460144042969,0.37451171875,0.562622070312,356.0,-8217.0,-49.0,4.0,-4.0,-7.0,
1647357901166799068,-0.5751953125,-0.460266113281,0.374633789062,0.56298828125,381.0,-8264.0,-115.0,6.0,-3.0,-8.0,
1647357901172715425,-0.574584960938,-0.460327148438,0.374816894531,0.563415527344,401.0,-8282.0,-188.0,9.0,-3.0,-7.0,
1647357901178107738,-0.573913574219,-0.460266113281,0.375122070312,0.56396484375,419.0,-8244.0,-271.0,12.0,-3.0,-7.0,
1647357901183797359,-0.5732421875,-0.460144042969,0.37548828125,0.564514160156,436.0,-8191.0,-349.0,14.0,-3.0,-6.0,
1647357901187466144,-0.572570800781,-0.4599609375,0.375854492188,0.565063476562,461.0,-8136.0,-482.0,16.0,-2.0,-5.0,
1647357901194559335,-0.571960449219,-0.459838867188,0.376159667969,0.565612792969,484.0,-8095.0,-582.0,16.0,-1.0,-4.0,
1647357901197779417,-0.571411132812,-0.459655761719,0.376403808594,0.566162109375,493.0,-8057.0,-637.0,14.0,-1.0,-5.0,
1647357901201818943,-0.570861816406,-0.459533691406,0.376586914062,0.566650390625,509.0,-8029.0,-660.0,12.0,-1.0,-5.0,
1647357901205327987,-0.570434570312,-0.45947265625,0.376708984375,0.567077636719,515.0,-8021.0,-673.0,10.0,0.0,-5.0,
1647357901215803146,-0.570007324219,-0.459411621094,0.376770019531,0.567504882812,513.0,-8020.0,-678.0,9.0,0.0,-6.0,
1647357901218758821,-0.569641113281,-0.459411621094,0.376831054688,0.56787109375,532.0,-8029.0,-691.0,8.0,0.0,-6.0,
1647357901223732948,-0.569274902344,-0.45947265625,0.376831054688,0.568176269531,565.0,-8029.0,-692.0,6.0,0.0,-6.0,
1647357901228560209,-0.568908691406,-0.459533691406,0.376770019531,0.568481445312,601.0,-8031.0,-672.0,5.0,-1.0,-7.0,
1647357901233458518,-0.568603515625,-0.459716796875,0.376647949219,0.568725585938,639.0,-8032.0,-632.0,3.0,-1.0,-7.0,
1647357901237850427,-0.568298339844,-0.459899902344,0.376525878906,0.568969726562,679.0,-8036.0,-573.0,2.0,-2.0,-7.0,
1647357901261628389,-0.567932128906,-0.460144042969,0.376403808594,0.569213867188,710.0,-8059.0,-529.0,1.0,-2.0,-7.0,
1647357901267805099,-0.567687988281,-0.460388183594,0.376342773438,0.569396972656,724.0,-8118.0,-494.0,1.0,-2.0,-7.0,
1647357901325106143,-0.5673828125,-0.460571289062,0.376281738281,0.569519042969,735.0,-8194.0,-500.0,1.0,-3.0,-7.0,
