1650382039573637723,-0.403442382812,0.344116210938,0.610595703125,0.588195800781,-6225.0,-308.0,4087.0,84.0,-28.0,-16.0,
1650382039577987909,-0.399475097656,0.344665527344,0.609497070312,0.591613769531,-5986.0,-513.0,4113.0,73.0,-40.0,-16.0,
1650382039582651853,-0.395324707031,0.344299316406,0.609069824219,0.595153808594,-5758.0,-680.0,4141.0,64.0,-56.0,-14.0,
1650382039586201190,-0.390625,0.342956542969,0.609252929688,0.598754882812,-5600.0,-779.0,4201.0,55.0,-75.0,-12.0,
1650382039594285011,-0.385375976562,0.340759277344,0.610290527344,0.602294921875,-5547.0,-839.0,4237.0,48.0,-94.0,-7.0,
1650382039598600625,-0.379699707031,0.337890625,0.612060546875,0.605834960938,-5526.0,-826.0,4274.0,41.0,-111.0,-2.0,
1650382039603251934,-0.373413085938,0.334411621094,0.614440917969,0.609191894531,-5590.0,-781.0,4329.0,36.0,-126.0,4.0,
1650382039607660293,-0.366760253906,0.330627441406,0.6171875,0.612487792969,-5789.0,-746.0,4428.0,33.0,-137.0,8.0,
1650382039611222267,-0.360046386719,0.326721191406,0.620178222656,0.615600585938,-6050.0,-692.0,4541.0,31.0,-139.0,12.0,
1650382039619526386,-0.353393554688,0.323120117188,0.623046875,0.618408203125,-6302.0,-612.0,4651.0,31.0,-135.0,14.0,
1650382039623728036,-0.346984863281,0.319946289062,0.625732421875,0.620971679688,-6578.0,-486.0,4744.0,32.0,-127.0,16.0,
1650382039632321834,-0.340759277344,0.317321777344,0.628173828125,0.623291015625,-6900.0,-305.0,4857.0,36.0,-117.0,17.0,
1650382039632819652,-0.334716796875,0.315551757812,0.630310058594,0.625305175781,-7216.0,-110.0,4968.0,41.0,-105.0,18.0,
1650382039636309862,-0.329040527344,0.314575195312,0.631958007812,0.627136230469,-7515.0,79.0,5082.0,46.0,-90.0,18.0,
1650382039645005464,-0.32373046875,0.314453125,0.633178710938,0.628723144531,-7843.0,241.0,5165.0,52.0,-74.0,19.0,
1650382039650884151,-0.319030761719,0.315368652344,0.633911132812,0.630004882812,-8134.0,347.0,5252.0,58.0,-55.0,19.0,
1650382039655672550,-0.314880371094,0.317138671875,0.634033203125,0.630981445312,-8354.0,414.0,5310.0,63.0,-36.0,18.0,
1650382039661850929,-0.311462402344,0.319763183594,0.633728027344,0.631713867188,-8498.0,439.0,5345.0,66.0,-15.0,17.0,
1650382039673972129,-0.308776855469,0.323181152344,0.632873535156,0.632141113281,-8581.0,434.0,5378.0,68.0,4.0,16.0,
1650382039674897432,-0.306823730469,0.327209472656,0.631591796875,0.63232421875,-8601.0,386.0,5393.0,69.0,23.0,14.0,
1650382039675712347,-0.305541992188,0.331726074219,0.629821777344,0.63232421875,-8582.0,324.0,5403.0,69.0,39.0,12.0,
1650382039687094211,-0.304931640625,0.336730957031,0.627746582031,0.632080078125,-8521.0,247.0,5398.0,68.0,54.0,10.0,
1650382039687541961,-0.304870605469,0.342102050781,0.62548828125,0.631469726562,-8351.0,124.0,5363.0,66.0,68.0,11.0,
1650382039688517332,-0.305297851562,0.347839355469,0.623291015625,0.630249023438,-7946.0,53.0,5268.0,63.0,80.0,19.0,
1650382039696527957,-0.305725097656,0.353759765625,0.621215820312,0.628784179688,-7553.0,51.0,5181.0,61.0,87.0,23.0,
1650382039697559595,-0.306213378906,0.359802246094,0.619262695312,0.627014160156,-7386.0,28.0,5141.0,60.0,90.0,26.0,
1650382039704441785,-0.306945800781,0.366149902344,0.617309570312,0.624938964844,-7328.0,7.0,5102.0,58.0,96.0,30.0,
1650382039708930015,-0.307983398438,0.372619628906,0.615356445312,0.622497558594,-7319.0,41.0,5055.0,56.0,102.0,33.0,
1650382039713669061,-0.309265136719,0.379333496094,0.613342285156,0.619812011719,-7360.0,205.0,5037.0,54.0,107.0,33.0,
1650382039718132495,-0.310546875,0.386291503906,0.611145019531,0.617065429688,-7506.0,449.0,5040.0,55.0,113.0,31.0,
1650382039722961902,-0.311950683594,0.393737792969,0.608642578125,0.614135742188,-7702.0,670.0,5047.0,60.0,120.0,29.0,
1650382039726056337,-0.3134765625,0.401733398438,0.605590820312,0.611145019531,-7844.0,847.0,5081.0,66.0,131.0,27.0,
1650382039734198331,-0.315246582031,0.410400390625,0.602111816406,0.60791015625,-7918.0,987.0,5095.0,73.0,144.0,27.0,
1650382039738710641,-0.317077636719,0.419677734375,0.598266601562,0.6044921875,-7901.0,1102.0,5096.0,80.0,156.0,28.0,
1650382039743803739,-0.318908691406,0.429260253906,0.593994140625,0.600952148438,-7834.0,1162.0,5084.0,86.0,163.0,27.0,
1650382039751370429,-0.320617675781,0.438903808594,0.589599609375,0.597351074219,-7757.0,1186.0,5044.0,89.0,165.0,28.0,
1650382039757781505,-0.322265625,0.448425292969,0.585205078125,0.59375,-7662.0,1206.0,4975.0,89.0,162.0,29.0,
1650382039760490894,-0.323547363281,0.457580566406,0.580932617188,0.590270996094,-7571.0,1247.0,4864.0,88.0,155.0,29.0,
1650382039765260219,-0.324523925781,0.46630859375,0.576782226562,0.5869140625,-7512.0,1228.0,4724.0,87.0,145.0,29.0,
1650382039769717216,-0.325256347656,0.474426269531,0.572814941406,0.583862304688,-7439.0,1137.0,4596.0,84.0,133.0,28.0,
1650382039774341106,-0.325927734375,0.481872558594,0.569030761719,0.581115722656,-7360.0,973.0,4523.0,79.0,124.0,26.0,
1650382039778757572,-0.326782226562,0.488647460938,0.565368652344,0.578552246094,-7313.0,684.0,4399.0,72.0,117.0,22.0,
1650382039783474683,-0.327819824219,0.494445800781,0.562133789062,0.576171875,-7252.0,421.0,4254.0,60.0,106.0,21.0,
1650382039787856340,-0.328918457031,0.499328613281,0.559509277344,0.573913574219,-7140.0,278.0,4086.0,47.0,93.0,21.0,
1650382039792413711,-0.329833984375,0.503173828125,0.5576171875,0.571838378906,-6994.0,249.0,3893.0,33.0,76.0,21.0,
1650382039796035051,-0.330322265625,0.506042480469,0.556640625,0.569946289062,-6855.0,259.0,3680.0,21.0,55.0,22.0,
1650382039804146528,-0.330383300781,0.507873535156,0.556335449219,0.568603515625,-6779.0,264.0,3520.0,13.0,33.0,23.0,
1650382039808767080,-0.330017089844,0.508850097656,0.556640625,0.567626953125,-6792.0,244.0,3430.0,6.0,15.0,22.0,
1650382039813390254,-0.329467773438,0.509155273438,0.557250976562,0.567138671875,-6890.0,185.0,3384.0,1.0,2.0,21.0,
1650382039818233966,-0.328918457031,0.5087890625,0.558227539062,0.566772460938,-6997.0,121.0,3349.0,-6.0,-7.0,21.0,
1650382039821217060,-0.328369140625,0.508056640625,0.5595703125,0.566467285156,-7120.0,103.0,3128.0,-12.0,-13.0,21.0,
1650382039829084634,-0.328186035156,0.507263183594,0.560974121094,0.565856933594,-7415.0,240.0,3377.0,-19.0,-12.0,21.0,
1650382039833700418,-0.328125,0.506774902344,0.562377929688,0.56494140625,-7656.0,204.0,3436.0,-18.0,2.0,23.0,
1650382039838201045,-0.328674316406,0.506896972656,0.563720703125,0.563171386719,-7771.0,82.0,3468.0,-22.0,17.0,31.0,
1650382039842658042,-0.329528808594,0.50732421875,0.56494140625,0.561096191406,-7828.0,34.0,3561.0,-22.0,27.0,34.0,
1650382039850122928,-0.33056640625,0.507995605469,0.565979003906,0.558776855469,-7930.0,91.0,3618.0,-22.0,36.0,33.0,
1650382039856495857,-0.331726074219,0.509033203125,0.566711425781,0.556396484375,-8065.0,159.0,3682.0,-18.0,41.0,29.0,
1650382039861203908,-0.333190917969,0.510314941406,0.56689453125,0.55419921875,-8221.0,204.0,3764.0,-12.0,49.0,22.0,
1650382039865674018,-0.335021972656,0.511962890625,0.566345214844,0.552124023438,-8306.0,215.0,3866.0,-6.0,58.0,13.0,
1650382039870275259,-0.337280273438,0.513916015625,0.565124511719,0.550170898438,-8329.0,189.0,3946.0,0.0,68.0,5.0,
1650382039874648094,-0.339660644531,0.516052246094,0.563537597656,0.54833984375,-8168.0,190.0,3978.0,5.0,73.0,0.0,
1650382039879314899,-0.342102050781,0.51806640625,0.561584472656,0.546936035156,-8059.0,174.0,4015.0,9.0,71.0,-9.0,
1650382039883921861,-0.344299316406,0.519958496094,0.559509277344,0.5458984375,-7980.0,151.0,4027.0,12.0,66.0,-12.0,
1650382039888545036,-0.346313476562,0.521667480469,0.557373046875,0.545104980469,-7864.0,156.0,3972.0,14.0,60.0,-14.0,
1650382039893459796,-0.34814453125,0.523254394531,0.555297851562,0.544616699219,-7770.0,119.0,3883.0,16.0,54.0,-16.0,
1650382039898466348,-0.349731445312,0.524658203125,0.553161621094,0.544372558594,-7775.0,117.0,3709.0,17.0,48.0,-17.0,
1650382039902678489,-0.3515625,0.526184082031,0.55078125,0.544189453125,-7983.0,163.0,3245.0,19.0,49.0,-21.0,
1650382039908208608,-0.354064941406,0.529113769531,0.547302246094,0.543212890625,-8739.0,337.0,3121.0,29.0,73.0,-22.0,
1650382039911203622,-0.357727050781,0.534484863281,0.5419921875,0.540832519531,-8846.0,435.0,2982.0,48.0,131.0,-22.0,
1650382039919098615,-0.362365722656,0.542663574219,0.535339355469,0.536254882812,-8343.0,429.0,2605.0,63.0,195.0,-8.0,
1650382039923953771,-0.366821289062,0.551574707031,0.528442382812,0.530944824219,-8196.0,260.0,2357.0,69.0,203.0,1.0,
1650382039928433656,-0.370849609375,0.5595703125,0.521728515625,0.5263671875,-8129.0,136.0,2032.0,67.0,186.0,0.0,
1650382039932871580,-0.374389648438,0.56689453125,0.515563964844,0.522155761719,-7702.0,205.0,1716.0,64.0,168.0,2.0,
1650382039937621355,-0.376770019531,0.573669433594,0.510192871094,0.518249511719,-7256.0,330.0,1291.0,62.0,145.0,8.0,
1650382039943418979,-0.378295898438,0.579833984375,0.505310058594,0.515075683594,-6932.0,486.0,810.0,64.0,120.0,8.0,
1650382039946575164,-0.379211425781,0.585754394531,0.500366210938,0.512451171875,-6580.0,588.0,462.0,70.0,106.0,6.0,
1650382039956271886,-0.3798828125,0.591674804688,0.4951171875,0.51025390625,-6391.0,526.0,150.0,78.0,102.0,4.0,
1650382039961645603,-0.380554199219,0.597351074219,0.489624023438,0.508422851562,-6439.0,391.0,-71.0,81.0,99.0,0.0,
1650382039968637943,-0.381530761719,0.602600097656,0.484069824219,0.506896972656,-6543.0,264.0,-231.0,77.0,95.0,-4.0,
1650382039971049547,-0.382568359375,0.607177734375,0.478881835938,0.505554199219,-6589.0,193.0,-347.0,69.0,88.0,-8.0,
1650382039975882530,-0.383911132812,0.611022949219,0.474060058594,0.504455566406,-6635.0,112.0,-475.0,59.0,80.0,-15.0,
1650382039980657100,-0.385498046875,0.614013671875,0.469543457031,0.503723144531,-6619.0,21.0,-633.0,50.0,69.0,-23.0,
1650382039985578536,-0.38720703125,0.616333007812,0.465515136719,0.50341796875,-6521.0,-22.0,-833.0,41.0,56.0,-28.0,
1650382039989673137,-0.388671875,0.617919921875,0.4619140625,0.503662109375,-6811.0,21.0,-1152.0,36.0,38.0,-31.0,
1650382039994814395,-0.390014648438,0.618774414062,0.459228515625,0.504028320312,-5643.0,-266.0,-1133.0,22.0,22.0,-29.0,
1650382039999520778,-0.391662597656,0.6181640625,0.458251953125,0.504455566406,-5403.0,-371.0,-871.0,-7.0,4.0,-25.0,
1650382040004082679,-0.392517089844,0.6142578125,0.460327148438,0.506652832031,-6260.0,-165.0,-1081.0,-44.0,-59.0,-27.0,
1650382040008920907,-0.392700195312,0.609924316406,0.464111328125,0.508239746094,-6311.0,140.0,-1117.0,-64.0,-81.0,-7.0,
1650382040013497352,-0.392272949219,0.606079101562,0.468444824219,0.509155273438,-6147.0,51.0,-1042.0,-64.0,-77.0,6.0,
1650382040017917633,-0.391845703125,0.601745605469,0.47265625,0.510803222656,-6838.0,260.0,-929.0,-62.0,-85.0,4.0,
1650382040022635698,-0.391540527344,0.597534179688,0.4765625,0.512329101562,-7581.0,518.0,-892.0,-59.0,-78.0,-2.0,
1650382040027392625,-0.391723632812,0.594177246094,0.479553222656,0.513305664062,-8024.0,595.0,-779.0,-52.0,-58.0,-6.0,
1650382040031653881,-0.392517089844,0.591430664062,0.481689453125,0.513793945312,-8221.0,608.0,-703.0,-47.0,-37.0,-9.0,
1650382040039857625,-0.393859863281,0.589233398438,0.483093261719,0.514038085938,-8692.0,787.0,-570.0,-42.0,-20.0,-15.0,
1650382040046169281,-0.395751953125,0.587707519531,0.483703613281,0.513793945312,-8999.0,859.0,-405.0,-35.0,0.0,-21.0,
1650382040049970626,-0.398254394531,0.587036132812,0.4833984375,0.512878417969,-8891.0,716.0,-240.0,-30.0,27.0,-22.0,
1650382040054986476,-0.401245117188,0.586486816406,0.482666015625,0.511901855469,-8838.0,663.0,-37.0,-28.0,36.0,-25.0,
1650382040060499429,-0.404296875,0.586059570312,0.481872558594,0.5107421875,-8685.0,706.0,144.0,-29.0,41.0,-26.0,
1650382040065434217,-0.4072265625,0.585693359375,0.481079101562,0.509460449219,-8567.0,729.0,303.0,-29.0,42.0,-27.0,
1650382040070119619,-0.41015625,0.585388183594,0.480407714844,0.508178710938,-8490.0,695.0,473.0,-28.0,41.0,-25.0,
1650382040074826240,-0.413024902344,0.5849609375,0.479736328125,0.506958007812,-8140.0,778.0,590.0,-29.0,41.0,-24.0,
1650382040079673290,-0.415710449219,0.584350585938,0.479064941406,0.506103515625,-7964.0,867.0,664.0,-26.0,34.0,-31.0,
1650382040084105491,-0.418273925781,0.583618164062,0.478271484375,0.505615234375,-7942.0,909.0,712.0,-23.0,28.0,-34.0,
1650382040088834524,-0.420654296875,0.582946777344,0.477478027344,0.505126953125,-7919.0,943.0,749.0,-20.0,28.0,-31.0,
1650382040093400001,-0.423034667969,0.582397460938,0.4765625,0.504638671875,-7878.0,967.0,767.0,-18.0,29.0,-31.0,
1650382040098623275,-0.425415039062,0.581787109375,0.475463867188,0.50439453125,-7890.0,916.0,788.0,-16.0,27.0,-35.0,
1650382040102658987,-0.427856445312,0.580993652344,0.474365234375,0.504272460938,-7950.0,820.0,827.0,-17.0,26.0,-37.0,
1650382040107906341,-0.430419921875,0.580078125,0.473388671875,0.504028320312,-7947.0,757.0,850.0,-20.0,26.0,-35.0,
1650382040111162662,-0.433044433594,0.579040527344,0.472534179688,0.503784179688,-7928.0,726.0,871.0,-23.0,26.0,-36.0,
1650382040119296312,-0.435729980469,0.577819824219,0.471862792969,0.503479003906,-7934.0,719.0,893.0,-27.0,23.0,-37.0,
1650382040123900651,-0.4384765625,0.576477050781,0.471313476562,0.503173828125,-7955.0,733.0,898.0,-30.0,21.0,-37.0,
1650382040128410816,-0.441284179688,0.574951171875,0.470886230469,0.502868652344,-8035.0,753.0,905.0,-33.0,21.0,-39.0,
1650382040133085489,-0.444274902344,0.573364257812,0.470397949219,0.502502441406,-8116.0,749.0,891.0,-35.0,22.0,-42.0,
1650382040137639999,-0.447509765625,0.571960449219,0.4697265625,0.501892089844,-8191.0,743.0,859.0,-36.0,28.0,-41.0,
1650382040141392469,-0.450927734375,0.570739746094,0.468872070312,0.501037597656,-8327.0,774.0,844.0,-36.0,35.0,-42.0,
1650382040149257898,-0.454467773438,0.569702148438,0.467956542969,0.499877929688,-8428.0,841.0,820.0,-37.0,41.0,-41.0,
1650382040154277563,-0.458129882812,0.568908691406,0.466979980469,0.498352050781,-8509.0,920.0,792.0,-38.0,48.0,-38.0,
1650382040160891294,-0.461791992188,0.568481445312,0.465881347656,0.496459960938,-8557.0,1001.0,770.0,-38.0,54.0,-35.0,
1650382040165911197,-0.465515136719,0.568237304688,0.464782714844,0.494262695312,-8615.0,1071.0,761.0,-38.0,60.0,-33.0,
1650382040170610427,-0.46923828125,0.568237304688,0.463684082031,0.491821289062,-8649.0,1146.0,737.0,-38.0,65.0,-29.0,
1650382040175047636,-0.472900390625,0.568481445312,0.462585449219,0.489074707031,-8648.0,1232.0,690.0,-39.0,69.0,-24.0,
1650382040179794073,-0.476440429688,0.56884765625,0.461608886719,0.486083984375,-8646.0,1341.0,637.0,-39.0,70.0,-21.0,
1650382040184395790,-0.479919433594,0.569274902344,0.460693359375,0.483032226562,-8629.0,1438.0,586.0,-39.0,69.0,-18.0,
1650382040188943147,-0.483276367188,0.569763183594,0.459899902344,0.479858398438,-8601.0,1522.0,517.0,-40.0,70.0,-16.0,
1650382040193431138,-0.486633300781,0.570251464844,0.459045410156,0.476684570312,-8524.0,1573.0,430.0,-40.0,69.0,-16.0,
1650382040199472188,-0.489929199219,0.570617675781,0.458251953125,0.473510742188,-8411.0,1607.0,336.0,-40.0,67.0,-16.0,
1650382040203101158,-0.4931640625,0.570922851562,0.457641601562,0.470458984375,-8276.0,1633.0,229.0,-41.0,63.0,-15.0,
1650382040207756519,-0.496276855469,0.570983886719,0.457214355469,0.467529296875,-8194.0,1629.0,118.0,-42.0,57.0,-15.0,
1650382040212619304,-0.499145507812,0.570861816406,0.45703125,0.464782714844,-8088.0,1644.0,-9.0,-44.0,50.0,-14.0,
1650382040216184616,-0.501831054688,0.570495605469,0.457092285156,0.462280273438,-8072.0,1614.0,-135.0,-44.0,41.0,-14.0,
1650382040224318027,-0.504272460938,0.569885253906,0.45751953125,0.459899902344,-8044.0,1572.0,-254.0,-46.0,34.0,-11.0,
1650382040228675127,-0.506530761719,0.569213867188,0.458190917969,0.457641601562,-8052.0,1568.0,-389.0,-47.0,28.0,-9.0,
1650382040233491420,-0.508483886719,0.568420410156,0.459106445312,0.455505371094,-8087.0,1550.0,-524.0,-48.0,22.0,-6.0,
1650382040238366365,-0.510375976562,0.567504882812,0.460205078125,0.453430175781,-8166.0,1543.0,-661.0,-48.0,17.0,-6.0,
1650382040243316173,-0.512084960938,0.566528320312,0.46142578125,0.451477050781,-8234.0,1537.0,-797.0,-48.0,13.0,-4.0,
1650382040246393680,-0.513671875,0.565551757812,0.462768554688,0.449584960938,-8326.0,1541.0,-925.0,-47.0,11.0,-4.0,
1650382040254825830,-0.515258789062,0.564575195312,0.463989257812,0.447692871094,-8379.0,1531.0,-1049.0,-46.0,10.0,-4.0,
1650382040259670495,-0.516784667969,0.563598632812,0.465209960938,0.445861816406,-8435.0,1523.0,-1178.0,-45.0,10.0,-4.0,
1650382040266240596,-0.518188476562,0.562744140625,0.466369628906,0.444091796875,-8467.0,1515.0,-1297.0,-43.0,9.0,-2.0,
1650382040271577358,-0.519470214844,0.56201171875,0.467529296875,0.4423828125,-8542.0,1512.0,-1390.0,-40.0,8.0,-1.0,
1650382040275746345,-0.5205078125,0.561340332031,0.468627929688,0.440734863281,-8591.0,1476.0,-1491.0,-37.0,7.0,2.0,
1650382040280275821,-0.521423339844,0.560852050781,0.4697265625,0.439147949219,-8632.0,1443.0,-1572.0,-34.0,7.0,4.0,
1650382040284942626,-0.522216796875,0.560485839844,0.470703125,0.437683105469,-8652.0,1413.0,-1657.0,-31.0,7.0,5.0,
1650382040289387941,-0.52294921875,0.560180664062,0.471618652344,0.436218261719,-8670.0,1367.0,-1730.0,-29.0,6.0,6.0,
1650382040294269084,-0.523620605469,0.559875488281,0.472473144531,0.434814453125,-8680.0,1328.0,-1796.0,-27.0,6.0,6.0,
1650382040299746274,-0.524230957031,0.559631347656,0.473266601562,0.43359375,-8699.0,1284.0,-1843.0,-25.0,5.0,5.0,
1650382040312681436,-0.524780273438,0.559387207031,0.473937988281,0.432434082031,-8709.0,1240.0,-1878.0,-23.0,5.0,5.0,
1650382040313393592,-0.525329589844,0.559143066406,0.474609375,0.431335449219,-8723.0,1197.0,-1906.0,-21.0,4.0,4.0,
1650382040314228057,-0.52587890625,0.558959960938,0.475158691406,0.430358886719,-8741.0,1168.0,-1923.0,-19.0,5.0,3.0,
1650382040325829267,-0.5263671875,0.558715820312,0.4755859375,0.429504394531,-8771.0,1151.0,-1933.0,-17.0,5.0,2.0,
1650382040326465368,-0.526916503906,0.558532714844,0.475952148438,0.4287109375,-8796.0,1139.0,-1942.0,-15.0,5.0,0.0,
1650382040329029798,-0.527465820312,0.558349609375,0.476135253906,0.428100585938,-8811.0,1125.0,-1944.0,-13.0,5.0,-2.0,
1650382040333735942,-0.528015136719,0.558166503906,0.476257324219,0.427551269531,-8848.0,1103.0,-1947.0,-12.0,5.0,-3.0,
1650382040338415145,-0.528564453125,0.557922363281,0.476318359375,0.427062988281,-8894.0,1075.0,-1952.0,-10.0,5.0,-5.0,
1650382040343217372,-0.529174804688,0.557739257812,0.476257324219,0.426635742188,-8956.0,1058.0,-1963.0,-10.0,6.0,-6.0,
1650382040347929716,-0.52978515625,0.557556152344,0.476135253906,0.42626953125,-9036.0,1030.0,-1972.0,-9.0,6.0,-6.0,
1650382040352613687,-0.530517578125,0.557373046875,0.475952148438,0.425842285156,-9119.0,1007.0,-1968.0,-9.0,8.0,-7.0,
1650382040355950355,-0.53125,0.557189941406,0.475708007812,0.425354003906,-9147.0,1011.0,-1967.0,-9.0,10.0,-7.0,
1650382040366480827,-0.532043457031,0.55712890625,0.475463867188,0.4248046875,-9174.0,987.0,-1963.0,-8.0,11.0,-8.0,
1650382040374620199,-0.533569335938,0.556945800781,0.474975585938,0.423706054688,-9227.0,1053.0,-1929.0,-9.0,11.0,-7.0,
1650382040379273414,-0.534301757812,0.556823730469,0.474731445312,0.423095703125,-9270.0,1044.0,-1894.0,-9.0,12.0,-7.0,
1650382040383698701,-0.535217285156,0.556701660156,0.474426269531,0.422485351562,-9271.0,1036.0,-1856.0,-10.0,14.0,-8.0,
1650382040388566017,-0.5361328125,0.556518554688,0.47412109375,0.421875,-9253.0,1044.0,-1810.0,-11.0,15.0,-9.0,
1650382040392997741,-0.537109375,0.556335449219,0.473876953125,0.421203613281,-9196.0,1050.0,-1765.0,-12.0,15.0,-9.0,
1650382040397797584,-0.5380859375,0.556091308594,0.4736328125,0.420532226562,-9143.0,1049.0,-1717.0,-12.0,15.0,-10.0,
1650382040402327537,-0.539001464844,0.555786132812,0.473449707031,0.419921875,-9066.0,1048.0,-1668.0,-13.0,14.0,-9.0,
1650382040405927181,-0.539978027344,0.555480957031,0.473327636719,0.419250488281,-8994.0,1051.0,-1621.0,-14.0,12.0,-9.0,
1650382040414070129,-0.540832519531,0.555053710938,0.473327636719,0.418640136719,-8905.0,1052.0,-1579.0,-15.0,11.0,-9.0,
1650382040418843746,-0.541748046875,0.554565429688,0.473388671875,0.418029785156,-8816.0,1037.0,-1539.0,-16.0,9.0,-9.0,
1650382040423605918,-0.542602539062,0.554077148438,0.473571777344,0.41748046875,-8693.0,1018.0,-1505.0,-17.0,8.0,-9.0,
1650382040428106546,-0.54345703125,0.553466796875,0.473815917969,0.416870117188,-8596.0,1010.0,-1465.0,-18.0,6.0,-9.0,
1650382040432546615,-0.544250488281,0.552795410156,0.474182128906,0.416320800781,-8492.0,1011.0,-1428.0,-19.0,5.0,-8.0,
1650382040437276840,-0.545104980469,0.552062988281,0.474609375,0.415771484375,-8388.0,1014.0,-1396.0,-20.0,4.0,-9.0,
1650382040440873622,-0.5458984375,0.55126953125,0.475036621094,0.415222167969,-8268.0,1010.0,-1362.0,-20.0,3.0,-10.0,
1650382040449180126,-0.546691894531,0.550476074219,0.475402832031,0.414794921875,-8168.0,990.0,-1328.0,-20.0,2.0,-11.0,
1650382040453716754,-0.547546386719,0.549621582031,0.475769042969,0.414367675781,-8070.0,973.0,-1300.0,-19.0,2.0,-11.0,
1650382040458492994,-0.548400878906,0.548706054688,0.476135253906,0.414001464844,-8004.0,946.0,-1289.0,-19.0,2.0,-12.0,
1650382040466004371,-0.549255371094,0.5478515625,0.4765625,0.413635253906,-7939.0,919.0,-1288.0,-20.0,1.0,-11.0,
1650382040470537424,-0.550048828125,0.546936035156,0.476989746094,0.413146972656,-7895.0,892.0,-1292.0,-20.0,1.0,-11.0,
1650382040475120067,-0.550903320312,0.546081542969,0.477416992188,0.412719726562,-7851.0,876.0,-1311.0,-21.0,2.0,-10.0,
1650382040479800462,-0.5517578125,0.545227050781,0.477844238281,0.412170410156,-7836.0,879.0,-1331.0,-22.0,2.0,-9.0,
1650382040484526872,-0.552612304688,0.54443359375,0.478271484375,0.411499023438,-7842.0,889.0,-1363.0,-22.0,3.0,-9.0,
1650382040488982439,-0.553588867188,0.543701171875,0.478698730469,0.410827636719,-7850.0,905.0,-1406.0,-22.0,5.0,-9.0,
1650382040493710994,-0.554565429688,0.543029785156,0.47900390625,0.410034179688,-7863.0,924.0,-1445.0,-22.0,7.0,-9.0,
1650382040498481750,-0.555603027344,0.542419433594,0.479187011719,0.409118652344,-7879.0,937.0,-1481.0,-22.0,10.0,-9.0,
1650382040503237962,-0.556701660156,0.541870117188,0.479309082031,0.408203125,-7901.0,957.0,-1527.0,-22.0,12.0,-9.0,
1650382040507765531,-0.557922363281,0.541442871094,0.479370117188,0.407165527344,-7924.0,978.0,-1566.0,-21.0,14.0,-9.0,
1650382040512452125,-0.559143066406,0.541076660156,0.479309082031,0.406066894531,-7934.0,1001.0,-1591.0,-21.0,17.0,-9.0,
1650382040517518043,-0.560363769531,0.540771484375,0.479125976562,0.404846191406,-7931.0,1030.0,-1605.0,-20.0,19.0,-8.0,
1650382040520879983,-0.561706542969,0.54052734375,0.478942871094,0.403625488281,-7919.0,1063.0,-1616.0,-20.0,21.0,-9.0,
1650382040529046773,-0.563049316406,0.540344238281,0.478637695312,0.40234375,-7868.0,1101.0,-1611.0,-19.0,23.0,-9.0,
1650382040533551454,-0.564331054688,0.540222167969,0.478271484375,0.401123046875,-7797.0,1127.0,-1610.0,-18.0,24.0,-10.0,
1650382040538005590,-0.565673828125,0.5400390625,0.477783203125,0.400024414062,-7720.0,1136.0,-1601.0,-16.0,23.0,-10.0,
1650382040542728900,-0.566955566406,0.539916992188,0.477294921875,0.398986816406,-7651.0,1132.0,-1594.0,-15.0,23.0,-11.0,
1650382040547931432,-0.568115234375,0.539733886719,0.476806640625,0.398071289062,-7579.0,1110.0,-1596.0,-13.0,21.0,-11.0,
1650382040552191257,-0.569274902344,0.53955078125,0.476379394531,0.397216796875,-7523.0,1076.0,-1609.0,-13.0,19.0,-11.0,
1650382040556142807,-0.570251464844,0.539306640625,0.47607421875,0.396484375,-7475.0,1024.0,-1626.0,-13.0,15.0,-10.0,
1650382040564204692,-0.571166992188,0.539001464844,0.475891113281,0.395874023438,-7429.0,970.0,-1662.0,-13.0,12.0,-9.0,
1650382040570675611,-0.572021484375,0.538635253906,0.475769042969,0.395263671875,-7397.0,928.0,-1689.0,-13.0,9.0,-8.0,
1650382040575719594,-0.57275390625,0.538208007812,0.475830078125,0.394714355469,-7357.0,895.0,-1724.0,-13.0,6.0,-7.0,
1650382040580401897,-0.573364257812,0.537780761719,0.475952148438,0.394287109375,-7327.0,855.0,-1771.0,-14.0,4.0,-7.0,
1650382040585209846,-0.573913574219,0.537231445312,0.476196289062,0.393859863281,-7316.0,812.0,-1820.0,-14.0,1.0,-7.0,
1650382040589792728,-0.574401855469,0.536682128906,0.4765625,0.3935546875,-7324.0,776.0,-1869.0,-14.0,-2.0,-6.0,
1650382040594365119,-0.574829101562,0.536071777344,0.476928710938,0.393310546875,-7358.0,742.0,-1909.0,-14.0,-4.0,-6.0,
1650382040599101781,-0.5751953125,0.535400390625,0.477416992188,0.39306640625,-7394.0,731.0,-1948.0,-14.0,-6.0,-5.0,
1650382040603883266,-0.575500488281,0.534729003906,0.477966308594,0.392883300781,-7422.0,724.0,-1978.0,-14.0,-7.0,-5.0,
1650382040608338356,-0.575805664062,0.534118652344,0.478454589844,0.392761230469,-7449.0,724.0,-2005.0,-13.0,-7.0,-6.0,
1650382040612846374,-0.576049804688,0.533508300781,0.478820800781,0.392700195312,-7492.0,734.0,-2033.0,-11.0,-7.0,-6.0,
1650382040617876529,-0.576293945312,0.532958984375,0.479187011719,0.392700195312,-7544.0,732.0,-2061.0,-9.0,-6.0,-7.0,
1650382040621205806,-0.576538085938,0.532531738281,0.479309082031,0.392761230469,-7590.0,721.0,-2090.0,-6.0,-4.0,-7.0,
1650382040629364252,-0.576843261719,0.532165527344,0.479248046875,0.392822265625,-7633.0,694.0,-2117.0,-4.0,-2.0,-8.0,
1650382040634156942,-0.577209472656,0.531921386719,0.47900390625,0.392883300781,-7668.0,654.0,-2156.0,-2.0,1.0,-8.0,
1650382040638690471,-0.57763671875,0.531799316406,0.478576660156,0.392944335938,-7700.0,606.0,-2189.0,0.0,4.0,-9.0,
1650382040643285036,-0.578125,0.531799316406,0.477966308594,0.393005371094,-7722.0,554.0,-2232.0,2.0,7.0,-8.0,
1650382040647906064,-0.578674316406,0.531921386719,0.477233886719,0.393005371094,-7756.0,506.0,-2263.0,3.0,9.0,-8.0,
1650382040652476787,-0.579284667969,0.532043457031,0.476379394531,0.392883300781,-7785.0,465.0,-2288.0,3.0,12.0,-9.0,
1650382040657453298,-0.580017089844,0.532287597656,0.475341796875,0.392761230469,-7807.0,426.0,-2309.0,4.0,16.0,-9.0,
1650382040660802125,-0.580810546875,0.532592773438,0.474243164062,0.392517089844,-7820.0,396.0,-2329.0,4.0,19.0,-9.0,
1650382040670694828,-0.581665039062,0.532958984375,0.473022460938,0.392211914062,-7801.0,443.0,-2397.0,4.0,21.0,-9.0,
1650382040676032304,-0.58251953125,0.533386230469,0.471801757812,0.391845703125,-7917.0,386.0,-2383.0,5.0,21.0,-10.0,
1650382040680726289,-0.583435058594,0.533630371094,0.470458984375,0.391662597656,-8090.0,297.0,-2377.0,5.0,22.0,-12.0,
1650382040685509920,-0.584594726562,0.533996582031,0.469055175781,0.391235351562,-7977.0,308.0,-2390.0,3.0,28.0,-11.0,
1650382040689984798,-0.585815429688,0.534484863281,0.467529296875,0.390502929688,-7863.0,331.0,-2259.0,1.0,31.0,-11.0,
1650382040694437026,-0.586853027344,0.534790039062,0.466430664062,0.389953613281,-7342.0,46.0,-2144.0,0.0,26.0,-10.0,
1650382040699157714,-0.587646484375,0.534301757812,0.465942382812,0.389953613281,-7542.0,300.0,-2197.0,-7.0,6.0,-9.0,
1650382040704131841,-0.587890625,0.53369140625,0.46630859375,0.389953613281,-7901.0,561.0,-2156.0,-9.0,-7.0,-11.0,
1650382040708429336,-0.588073730469,0.533508300781,0.466491699219,0.3896484375,-7904.0,407.0,-2148.0,-5.0,4.0,-7.0,
1650382040713064908,-0.588684082031,0.533325195312,0.466064453125,0.389526367188,-7810.0,403.0,-2146.0,-4.0,8.0,-6.0,
1650382040717858552,-0.589233398438,0.533142089844,0.4658203125,0.389282226562,-7838.0,499.0,-2152.0,-6.0,6.0,-7.0,
1650382040722592592,-0.589599609375,0.532897949219,0.4658203125,0.389038085938,-7942.0,543.0,-2180.0,-6.0,4.0,-7.0,
1650382040727109670,-0.590087890625,0.53271484375,0.465637207031,0.388793945312,-7949.0,533.0,-2209.0,-6.0,6.0,-6.0,
1650382040730815410,-0.590637207031,0.532592773438,0.465270996094,0.388488769531,-7957.0,532.0,-2219.0,-5.0,8.0,-7.0,
1650382040738777399,-0.59130859375,0.532409667969,0.464965820312,0.38818359375,-7954.0,555.0,-2225.0,-6.0,8.0,-9.0,
1650382040743611574,-0.591918945312,0.532165527344,0.464599609375,0.387878417969,-7972.0,573.0,-2232.0,-6.0,9.0,-10.0,
1650382040748152732,-0.592651367188,0.531921386719,0.464233398438,0.387634277344,-8040.0,609.0,-2233.0,-6.0,9.0,-11.0,
1650382040752867698,-0.593444824219,0.53173828125,0.463684082031,0.387329101562,-8053.0,623.0,-2237.0,-5.0,12.0,-13.0,
1650382040757477283,-0.594421386719,0.531555175781,0.462951660156,0.387023925781,-8016.0,604.0,-2236.0,-4.0,16.0,-14.0,
1650382040760977268,-0.595458984375,0.531372070312,0.462097167969,0.386657714844,-7972.0,577.0,-2216.0,-4.0,18.0,-16.0,
1650382040771545410,-0.596618652344,0.531127929688,0.461181640625,0.386352539062,-7897.0,543.0,-2214.0,-5.0,18.0,-17.0,
1650382040776158809,-0.597778320312,0.53076171875,0.460327148438,0.385986328125,-7860.0,509.0,-2203.0,-6.0,17.0,-17.0,
1650382040784520626,-0.600158691406,0.529907226562,0.458740234375,0.385314941406,-7807.0,447.0,-2184.0,-8.0,17.0,-18.0,
1650382040789270162,-0.601440429688,0.529479980469,0.457946777344,0.384948730469,-7760.0,432.0,-2186.0,-9.0,17.0,-18.0,
1650382040793986320,-0.602661132812,0.528991699219,0.457153320312,0.384521484375,-7718.0,406.0,-2188.0,-9.0,17.0,-18.0,
1650382040798840761,-0.603942871094,0.528503417969,0.456420898438,0.384155273438,-7703.0,389.0,-2191.0,-9.0,16.0,-19.0,
1650382040803717136,-0.605163574219,0.527954101562,0.455749511719,0.383850097656,-7683.0,367.0,-2204.0,-10.0,15.0,-19.0,
1650382040808146238,-0.606323242188,0.527404785156,0.455017089844,0.383544921875,-7688.0,345.0,-2237.0,-9.0,15.0,-19.0,
1650382040812995433,-0.607543945312,0.52685546875,0.454345703125,0.383239746094,-7705.0,320.0,-2259.0,-9.0,15.0,-19.0,
1650382040817523956,-0.608703613281,0.5263671875,0.45361328125,0.382873535156,-7709.0,290.0,-2272.0,-8.0,15.0,-18.0,
1650382040822295904,-0.60986328125,0.525939941406,0.452880859375,0.382507324219,-7696.0,255.0,-2287.0,-8.0,16.0,-16.0,
1650382040825925588,-0.610961914062,0.525634765625,0.452087402344,0.382141113281,-7684.0,224.0,-2309.0,-8.0,17.0,-15.0,
1650382040833961486,-0.612060546875,0.525390625,0.451232910156,0.381652832031,-7648.0,200.0,-2307.0,-7.0,19.0,-14.0,
1650382040838699817,-0.613220214844,0.525207519531,0.450317382812,0.381164550781,-7579.0,182.0,-2320.0,-6.0,21.0,-14.0,
1650382040843398809,-0.614318847656,0.525146484375,0.449401855469,0.380615234375,-7493.0,135.0,-2318.0,-6.0,21.0,-13.0,
1650382040848192453,-0.615417480469,0.525024414062,0.448425292969,0.380065917969,-7293.0,212.0,-2349.0,-5.0,21.0,-13.0,
1650382040852814435,-0.616394042969,0.524780273438,0.447692871094,0.379699707031,-7292.0,256.0,-2405.0,-5.0,14.0,-15.0,
1650382040857386827,-0.6171875,0.524291992188,0.447082519531,0.379760742188,-7489.0,144.0,-2391.0,-3.0,7.0,-18.0,
1650382040862245559,-0.617980957031,0.523803710938,0.446411132812,0.380065917969,-7534.0,89.0,-2425.0,-1.0,8.0,-17.0,
1650382040867122888,-0.618774414062,0.5234375,0.445617675781,0.380187988281,-7548.0,117.0,-2447.0,0.0,10.0,-16.0,
1650382040871005535,-0.619384765625,0.523193359375,0.444885253906,0.380310058594,-7600.0,104.0,-2446.0,1.0,9.0,-15.0,
1650382040884580373,-0.620483398438,0.52294921875,0.443359375,0.380676269531,-7525.0,-2.0,-2630.0,5.0,9.0,-11.0,
1650382040888976573,-0.620971679688,0.523132324219,0.442443847656,0.380798339844,-7483.0,-21.0,-2679.0,7.0,9.0,-8.0,
1650382040893759489,-0.621276855469,0.523315429688,0.441589355469,0.380920410156,-7435.0,-52.0,-2695.0,7.0,9.0,-7.0,
1650382040898474693,-0.62158203125,0.523498535156,0.440795898438,0.381103515625,-7413.0,-108.0,-2703.0,8.0,8.0,-7.0,
1650382040903063535,-0.621887207031,0.523620605469,0.440002441406,0.38134765625,-7383.0,-141.0,-2729.0,8.0,7.0,-7.0,
1650382040908010244,-0.622131347656,0.523803710938,0.439208984375,0.381591796875,-7327.0,-154.0,-2735.0,8.0,7.0,-7.0,
1650382040912524223,-0.622314453125,0.524047851562,0.438415527344,0.381896972656,-7279.0,-189.0,-2751.0,9.0,6.0,-6.0,
1650382040917876482,-0.622497558594,0.524230957031,0.437744140625,0.382141113281,-7228.0,-228.0,-2750.0,8.0,5.0,-6.0,
1650382040920844316,-0.622680664062,0.524353027344,0.43701171875,0.382446289062,-7207.0,-253.0,-2735.0,8.0,5.0,-5.0,
1650382040929128885,-0.622802734375,0.524536132812,0.436401367188,0.382751464844,-7174.0,-266.0,-2721.0,8.0,5.0,-5.0,
1650382040933897733,-0.622924804688,0.524719238281,0.435729980469,0.382934570312,-7129.0,-263.0,-2738.0,8.0,5.0,-5.0,
1650382040938394546,-0.623107910156,0.524963378906,0.43505859375,0.383178710938,-7081.0,-255.0,-2759.0,8.0,6.0,-4.0,
1650382040943097352,-0.623229980469,0.525268554688,0.434387207031,0.383361816406,-7063.0,-258.0,-2784.0,8.0,6.0,-4.0,
1650382040948033094,-0.623352050781,0.525512695312,0.433715820312,0.383544921875,-7138.0,-306.0,-2823.0,9.0,5.0,-4.0,
1650382040953351020,-0.62353515625,0.525817871094,0.432922363281,0.383728027344,-7117.0,-358.0,-2801.0,9.0,8.0,-4.0,
1650382040966420173,-0.623718261719,0.526184082031,0.43212890625,0.3837890625,-7036.0,-349.0,-2805.0,8.0,10.0,-2.0,
1650382040967199087,-0.623840332031,0.526611328125,0.431457519531,0.3837890625,-7012.0,-348.0,-2822.0,7.0,8.0,-1.0,
1650382040968009471,-0.623901367188,0.526916503906,0.430908203125,0.383850097656,-7020.0,-377.0,-2859.0,7.0,5.0,-1.0,
1650382040982365608,-0.623901367188,0.527221679688,0.430480957031,0.384033203125,-7082.0,-407.0,-2920.0,6.0,3.0,0.0,
1650382040991997718,-0.623657226562,0.527954101562,0.429443359375,0.384521484375,-7339.0,-494.0,-3119.0,6.0,-1.0,1.0,
1650382040999890327,-0.623229980469,0.528564453125,0.428894042969,0.384948730469,-7475.0,-548.0,-3220.0,7.0,-3.0,3.0,
1650382041004619359,-0.622985839844,0.528747558594,0.428771972656,0.385314941406,-7654.0,-616.0,-3180.0,7.0,-4.0,3.0,
1650382041009222030,-0.622741699219,0.528747558594,0.4287109375,0.385681152344,-7859.0,-711.0,-3102.0,5.0,-4.0,1.0,
1650382041013762235,-0.622680664062,0.528686523438,0.428527832031,0.386047363281,-8011.0,-763.0,-3021.0,2.0,-1.0,-1.0,
1650382041018300771,-0.622802734375,0.528625488281,0.428344726562,0.38623046875,-8038.0,-761.0,-2965.0,1.0,3.0,-2.0,
1650382041023161888,-0.623107910156,0.528564453125,0.428039550781,0.386169433594,-8089.0,-725.0,-2926.0,-1.0,5.0,-3.0,
1650382041027723550,-0.623352050781,0.528503417969,0.427795410156,0.386108398438,-8066.0,-702.0,-2916.0,-2.0,5.0,-3.0,
1650382041032733678,-0.623657226562,0.528442382812,0.427490234375,0.385986328125,-8062.0,-673.0,-2936.0,-2.0,5.0,-3.0,
1650382041039047956,-0.623962402344,0.528442382812,0.427185058594,0.385803222656,-8132.0,-700.0,-2890.0,-1.0,6.0,-3.0,
1650382041041029930,-0.624328613281,0.528442382812,0.4267578125,0.385681152344,-7982.0,-726.0,-2874.0,-2.0,9.0,-3.0,
1650382041049050331,-0.624694824219,0.528625488281,0.426391601562,0.385314941406,-7808.0,-711.0,-2882.0,-3.0,9.0,1.0,
1650382041053752660,-0.624938964844,0.528869628906,0.426086425781,0.384887695312,-7770.0,-701.0,-2883.0,-3.0,8.0,2.0,
1650382041058275699,-0.625122070312,0.529052734375,0.425903320312,0.384521484375,-7730.0,-688.0,-2862.0,-3.0,6.0,2.0,
1650382041063006401,-0.625244140625,0.529235839844,0.42578125,0.384216308594,-7668.0,-669.0,-2860.0,-2.0,6.0,3.0,
1650382041067828416,-0.625366210938,0.529418945312,0.425659179688,0.383911132812,-7602.0,-636.0,-2843.0,-3.0,5.0,3.0,
1650382041072428464,-0.625427246094,0.529541015625,0.425598144531,0.383666992188,-7563.0,-586.0,-2789.0,-3.0,3.0,3.0,
1650382041076138734,-0.625427246094,0.529663085938,0.425720214844,0.383422851562,-7701.0,-565.0,-2704.0,-3.0,1.0,4.0,
1650382041089565277,-0.625549316406,0.530578613281,0.425415039062,0.38232421875,-7710.0,-495.0,-2490.0,-2.0,20.0,8.0,
1650382041094034671,-0.626159667969,0.531494140625,0.424560546875,0.380981445312,-7375.0,-428.0,-2448.0,-4.0,32.0,8.0,
1650382041099500656,-0.626892089844,0.532409667969,0.423706054688,0.379455566406,-7077.0,-345.0,-2439.0,-7.0,32.0,8.0,
1650382041103539466,-0.627380371094,0.533203125,0.423217773438,0.378051757812,-6907.0,-263.0,-2437.0,-9.0,24.0,10.0,
1650382041108402729,-0.627563476562,0.533874511719,0.423217773438,0.376770019531,-6813.0,-199.0,-2445.0,-10.0,16.0,13.0,
1650382041112819194,-0.627502441406,0.534484863281,0.423583984375,0.375610351562,-6762.0,-129.0,-2454.0,-11.0,9.0,15.0,
1650382041117557525,-0.627258300781,0.534973144531,0.424194335938,0.374572753906,-6736.0,-43.0,-2485.0,-11.0,3.0,16.0,
1650382041121107816,-0.626892089844,0.535400390625,0.424987792969,0.373718261719,-6760.0,35.0,-2526.0,-10.0,-1.0,16.0,
1650382041129155158,-0.626403808594,0.535827636719,0.425842285156,0.372924804688,-6779.0,122.0,-2595.0,-10.0,-4.0,17.0,
1650382041133880138,-0.625854492188,0.536193847656,0.426818847656,0.372314453125,-6809.0,205.0,-2670.0,-8.0,-7.0,16.0,
1650382041138682842,-0.625122070312,0.536560058594,0.427795410156,0.371826171875,-6848.0,278.0,-2730.0,-6.0,-11.0,17.0,
1650382041143219947,-0.624206542969,0.536865234375,0.428955078125,0.371520996094,-6903.0,329.0,-2798.0,-5.0,-15.0,17.0,
1650382041147938966,-0.623229980469,0.537170410156,0.430236816406,0.371276855469,-6971.0,369.0,-2861.0,-4.0,-18.0,18.0,
1650382041152562379,-0.622131347656,0.537475585938,0.431518554688,0.371154785156,-7038.0,392.0,-2917.0,-4.0,-20.0,19.0,
1650382041157146692,-0.620971679688,0.537719726562,0.432922363281,0.371154785156,-7123.0,410.0,-2970.0,-3.0,-22.0,19.0,
1650382041160741329,-0.619750976562,0.538024902344,0.434387207031,0.371154785156,-7206.0,451.0,-3013.0,-3.0,-24.0,20.0,
1650382041168990612,-0.618408203125,0.538330078125,0.435974121094,0.37109375,-7275.0,510.0,-3045.0,-3.0,-25.0,22.0,
1650382041173615455,-0.616943359375,0.538757324219,0.437622070312,0.370971679688,-7350.0,570.0,-3071.0,-3.0,-26.0,24.0,
1650382041178472995,-0.615356445312,0.539245605469,0.439331054688,0.370849609375,-7421.0,626.0,-3104.0,-3.0,-26.0,27.0,
1650382041184988260,-0.613708496094,0.539794921875,0.441101074219,0.37060546875,-7479.0,687.0,-3130.0,-3.0,-26.0,30.0,
1650382041189999580,-0.611999511719,0.54052734375,0.442932128906,0.370239257812,-7534.0,739.0,-3138.0,-3.0,-26.0,33.0,
1650382041194571018,-0.610168457031,0.541381835938,0.44482421875,0.369812011719,-7583.0,784.0,-3138.0,-4.0,-25.0,36.0,
1650382041199094772,-0.608215332031,0.542297363281,0.446716308594,0.369262695312,-7619.0,818.0,-3130.0,-3.0,-24.0,39.0,
1650382041203812360,-0.606262207031,0.543395996094,0.448608398438,0.368591308594,-7634.0,847.0,-3114.0,-3.0,-22.0,41.0,
1650382041208523750,-0.604248046875,0.544616699219,0.450500488281,0.367797851562,-7638.0,874.0,-3109.0,-3.0,-21.0,44.0,
1650382041213181257,-0.602233886719,0.545837402344,0.452392578125,0.366943359375,-7664.0,906.0,-3102.0,-4.0,-21.0,46.0,
1650382041217934131,-0.600158691406,0.547180175781,0.454406738281,0.365905761719,-7710.0,945.0,-3121.0,-6.0,-20.0,48.0,
1650382041222726345,-0.598022460938,0.548522949219,0.456665039062,0.364562988281,-7772.0,993.0,-3147.0,-10.0,-20.0,52.0,
1650382041227255105,-0.595886230469,0.549926757812,0.459045410156,0.362976074219,-7839.0,1056.0,-3173.0,-14.0,-20.0,57.0,
1650382041230594158,-0.593627929688,0.551391601562,0.461730957031,0.361083984375,-7891.0,1135.0,-3208.0,-18.0,-19.0,61.0,
1650382041239036083,-0.59130859375,0.552978515625,0.464477539062,0.358825683594,-7920.0,1249.0,-3249.0,-21.0,-17.0,66.0,
1650382041243793964,-0.588989257812,0.554748535156,0.46728515625,0.356201171875,-7936.0,1390.0,-3289.0,-23.0,-15.0,70.0,
1650382041248363971,-0.586669921875,0.556762695312,0.470092773438,0.353332519531,-7926.0,1533.0,-3339.0,-23.0,-11.0,73.0,
1650382041252865552,-0.584289550781,0.558959960938,0.472717285156,0.350280761719,-7884.0,1665.0,-3386.0,-22.0,-7.0,76.0,
1650382041257637977,-0.581848144531,0.561340332031,0.475158691406,0.347106933594,-7820.0,1784.0,-3437.0,-20.0,-4.0,78.0,
1650382041262269735,-0.579406738281,0.563903808594,0.477416992188,0.343933105469,-7767.0,1909.0,-3514.0,-17.0,-2.0,79.0,
1650382041265783071,-0.576965332031,0.566589355469,0.479614257812,0.340637207031,-7722.0,2034.0,-3609.0,-16.0,0.0,80.0,
1650382041273982763,-0.574462890625,0.569396972656,0.481689453125,0.337280273438,-7664.0,2154.0,-3714.0,-15.0,1.0,81.0,
1650382041278751134,-0.571899414062,0.572265625,0.483703613281,0.333801269531,-7587.0,2281.0,-3822.0,-14.0,1.0,83.0,
1650382041283492803,-0.569274902344,0.575256347656,0.485717773438,0.330322265625,-7489.0,2405.0,-3924.0,-13.0,1.0,85.0,
1650382041290076971,-0.566467285156,0.578308105469,0.487670898438,0.326782226562,-7361.0,2517.0,-4016.0,-12.0,1.0,86.0,
1650382041294825077,-0.563598632812,0.581420898438,0.489562988281,0.323303222656,-7207.0,2635.0,-4074.0,-10.0,0.0,88.0,
1650382041299543142,-0.560485839844,0.584716796875,0.491516113281,0.319885253906,-7033.0,2747.0,-4114.0,-7.0,-1.0,90.0,
1650382041304725170,-0.557189941406,0.588134765625,0.493347167969,0.316589355469,-6843.0,2839.0,-4124.0,-3.0,-2.0,92.0,
1650382041311304092,-0.553649902344,0.591674804688,0.4951171875,0.313354492188,-6627.0,2907.0,-4112.0,0.0,-4.0,94.0,
1650382041314073801,-0.549926757812,0.595397949219,0.496826171875,0.310241699219,-6399.0,2946.0,-4099.0,5.0,-5.0,97.0,
1650382041318593025,-0.5458984375,0.599182128906,0.498474121094,0.307312011719,-6180.0,2952.0,-4070.0,8.0,-8.0,99.0,
1650382041323320150,-0.541748046875,0.60302734375,0.500061035156,0.304504394531,-5971.0,2933.0,-4022.0,11.0,-10.0,101.0,
1650382041328052997,-0.537353515625,0.60693359375,0.501708984375,0.301818847656,-5768.0,2901.0,-3962.0,13.0,-12.0,102.0,
1650382041332634687,-0.532775878906,0.61083984375,0.50341796875,0.299255371094,-5573.0,2870.0,-3895.0,14.0,-16.0,104.0,
1650382041337156534,-0.528015136719,0.614685058594,0.505187988281,0.296813964844,-5377.0,2828.0,-3821.0,15.0,-19.0,106.0,
1650382041340819120,-0.523010253906,0.618591308594,0.507019042969,0.29443359375,-5184.0,2784.0,-3717.0,16.0,-22.0,108.0,
1650382041348813772,-0.517761230469,0.622436523438,0.509033203125,0.292114257812,-4975.0,2725.0,-3611.0,17.0,-25.0,111.0,
1650382041353667259,-0.512268066406,0.626342773438,0.511108398438,0.289855957031,-4766.0,2665.0,-3522.0,17.0,-28.0,114.0,
1650382041358147382,-0.506408691406,0.630310058594,0.513366699219,0.28759765625,-4551.0,2616.0,-3422.0,17.0,-32.0,119.0,
1650382041363297700,-0.500244140625,0.63427734375,0.515808105469,0.285278320312,-4355.0,2564.0,-3333.0,17.0,-37.0,124.0,
1650382041367802619,-0.49365234375,0.638244628906,0.518493652344,0.283020019531,-4167.0,2493.0,-3212.0,16.0,-41.0,129.0,
1650382041371224403,-0.486755371094,0.64208984375,0.521484375,0.280639648438,-3987.0,2405.0,-3078.0,13.0,-46.0,134.0,
1650382041376442193,-0.479614257812,0.645874023438,0.524841308594,0.278137207031,-3805.0,2314.0,-2942.0,8.0,-50.0,140.0,
1650382041386228799,-0.472106933594,0.649475097656,0.528564453125,0.275451660156,-3637.0,2265.0,-2795.0,2.0,-53.0,146.0,
1650382041391191244,-0.46435546875,0.652893066406,0.532775878906,0.2724609375,-3510.0,2257.0,-2619.0,-4.0,-57.0,151.0,
1650382041399482250,-0.447814941406,0.659240722656,0.542358398438,0.265686035156,-3373.0,2349.0,-2336.0,-17.0,-62.0,163.0,
1650382041403963327,-0.439208984375,0.662292480469,0.547607421875,0.261779785156,-3343.0,2380.0,-2200.0,-22.0,-62.0,169.0,
1650382041408444404,-0.430480957031,0.665161132812,0.553039550781,0.257507324219,-3301.0,2374.0,-2044.0,-27.0,-60.0,174.0,
1650382041413014173,-0.421752929688,0.667846679688,0.558654785156,0.252868652344,-3261.0,2357.0,-1885.0,-33.0,-58.0,178.0,
1650382041417551040,-0.412963867188,0.670349121094,0.564453125,0.247924804688,-3225.0,2375.0,-1730.0,-39.0,-57.0,181.0,
1650382041422195911,-0.404052734375,0.672485351562,0.570556640625,0.242736816406,-3204.0,2454.0,-1580.0,-46.0,-58.0,183.0,
1650382041425574064,-0.39501953125,0.674438476562,0.576843261719,0.237365722656,-3236.0,2578.0,-1437.0,-51.0,-59.0,185.0,
1650382041433702468,-0.385803222656,0.676086425781,0.583312988281,0.231872558594,-3322.0,2747.0,-1309.0,-54.0,-61.0,187.0,
1650382041438297033,-0.37646484375,0.677551269531,0.58984375,0.226318359375,-3459.0,2955.0,-1191.0,-57.0,-63.0,188.0,
1650382041443064212,-0.367065429688,0.678894042969,0.596313476562,0.220703125,-3666.0,3211.0,-1081.0,-58.0,-63.0,189.0,
1650382041447690010,-0.357727050781,0.680053710938,0.602722167969,0.215026855469,-3953.0,3509.0,-973.0,-58.0,-61.0,188.0,
1650382041452134370,-0.348449707031,0.68115234375,0.608825683594,0.209289550781,-4279.0,3818.0,-878.0,-57.0,-57.0,187.0,
1650382041455851554,-0.339477539062,0.682250976562,0.614685058594,0.203369140625,-4598.0,4121.0,-798.0,-55.0,-51.0,186.0,
1650382041464086294,-0.330749511719,0.683349609375,0.6201171875,0.197326660156,-4883.0,4382.0,-723.0,-52.0,-44.0,184.0,
1650382041468572378,-0.322448730469,0.684509277344,0.625183105469,0.191162109375,-5103.0,4586.0,-651.0,-49.0,-36.0,180.0,
1650382041473372220,-0.314453125,0.685729980469,0.629699707031,0.184997558594,-5254.0,4763.0,-559.0,-44.0,-30.0,176.0,
1650382041478252649,-0.306701660156,0.68701171875,0.633911132812,0.179077148438,-5336.0,4938.0,-459.0,-39.0,-28.0,171.0,
1650382041482639789,-0.299072265625,0.688293457031,0.637756347656,0.173400878906,-5359.0,5098.0,-331.0,-33.0,-29.0,165.0,
1650382041490137338,-0.291320800781,0.689453125,0.641357421875,0.168273925781,-5331.0,5244.0,-224.0,-28.0,-34.0,158.0,
1650382041495484113,-0.283447265625,0.690612792969,0.644775390625,0.163818359375,-5279.0,5357.0,-100.0,-23.0,-43.0,152.0,
1650382041500247001,-0.275268554688,0.691650390625,0.648132324219,0.160278320312,-5210.0,5463.0,45.0,-17.0,-56.0,145.0,
1650382041504803895,-0.266723632812,0.692565917969,0.6513671875,0.157775878906,-5154.0,5572.0,185.0,-12.0,-72.0,137.0,
1650382041509583473,-0.257629394531,0.693298339844,0.654541015625,0.156433105469,-5130.0,5682.0,302.0,-6.0,-90.0,130.0,
1650382041514106988,-0.248168945312,0.693786621094,0.657653808594,0.156311035156,-5168.0,5808.0,417.0,-1.0,-108.0,122.0,
1650382041518762588,-0.238464355469,0.694152832031,0.66064453125,0.157287597656,-5287.0,5977.0,552.0,4.0,-123.0,112.0,
1650382041523528099,-0.228515625,0.6943359375,0.663513183594,0.159301757812,-5441.0,6220.0,661.0,9.0,-137.0,104.0,
1650382041527874231,-0.218383789062,0.694396972656,0.666137695312,0.162109375,-5614.0,6531.0,736.0,13.0,-149.0,97.0,
1650382041532617330,-0.2080078125,0.694396972656,0.668579101562,0.165649414062,-5853.0,6870.0,801.0,18.0,-158.0,90.0,
1650382041537191390,-0.197692871094,0.694458007812,0.670654296875,0.169799804688,-6161.0,7224.0,893.0,24.0,-164.0,84.0,
1650382041540632009,-0.187622070312,0.694458007812,0.67236328125,0.17431640625,-6473.0,7574.0,992.0,29.0,-164.0,77.0,
1650382041548976182,-0.177978515625,0.694519042969,0.673706054688,0.178955078125,-6741.0,7941.0,1104.0,33.0,-159.0,72.0,
1650382041553698301,-0.168640136719,0.694641113281,0.674682617188,0.183532714844,-6969.0,8270.0,1214.0,37.0,-154.0,67.0,
1650382041558282136,-0.15966796875,0.69482421875,0.675415039062,0.188232421875,-7162.0,8534.0,1323.0,40.0,-151.0,62.0,
1650382041562855720,-0.151062011719,0.695007324219,0.675842285156,0.193115234375,-7309.0,8720.0,1425.0,43.0,-148.0,55.0,
1650382041567512512,-0.142761230469,0.695129394531,0.676086425781,0.198120117188,-7403.0,8859.0,1528.0,44.0,-145.0,49.0,
1650382041572384119,-0.134765625,0.695190429688,0.676086425781,0.203369140625,-7428.0,8961.0,1620.0,45.0,-144.0,42.0,
1650382041575849294,-0.127014160156,0.695129394531,0.675964355469,0.208801269531,-7390.0,9028.0,1728.0,46.0,-144.0,36.0,
1650382041583962917,-0.119384765625,0.694946289062,0.67578125,0.214477539062,-7313.0,9026.0,1845.0,45.0,-146.0,30.0,
1650382041590585231,-0.111877441406,0.694580078125,0.675537109375,0.220520019531,-7204.0,8971.0,1978.0,45.0,-149.0,25.0,
1650382041605180263,-0.104370117188,0.693969726562,0.675231933594,0.226928710938,-7051.0,8873.0,2102.0,44.0,-154.0,19.0,
1650382041606129884,-0.089111328125,0.691955566406,0.674499511719,0.241271972656,-6819.0,8649.0,2111.0,40.0,-171.0,7.0,
1650382041618467330,-0.0812377929688,0.690307617188,0.674194335938,0.249572753906,-7095.0,8558.0,2246.0,34.0,-185.0,2.0,
1650382041620516300,-0.073974609375,0.68798828125,0.673950195312,0.258544921875,-7450.0,8348.0,2442.0,27.0,-187.0,-5.0,
1650382041621303558,-0.0682373046875,0.685363769531,0.673950195312,0.267028808594,-7202.0,8037.0,2611.0,16.0,-166.0,-14.0,
1650382041622097969,-0.0632934570312,0.682495117188,0.674377441406,0.2744140625,-6779.0,7728.0,2693.0,4.0,-146.0,-19.0,
1650382041625698804,-0.05859375,0.679260253906,0.674987792969,0.281860351562,-6437.0,7491.0,2709.0,-5.0,-146.0,-26.0,
1650382041633675336,-0.05419921875,0.675598144531,0.675720214844,0.289794921875,-6108.0,7370.0,2722.0,-13.0,-152.0,-35.0,
1650382041638788700,-0.0497436523438,0.671447753906,0.676513671875,0.298217773438,-5904.0,7267.0,2750.0,-19.0,-159.0,-41.0,
1650382041643472909,-0.04541015625,0.6669921875,0.677368164062,0.306884765625,-5728.0,7171.0,2735.0,-24.0,-163.0,-44.0,
1650382041648111343,-0.0413208007812,0.662231445312,0.67822265625,0.315673828125,-5611.0,7051.0,2673.0,-29.0,-163.0,-48.0,
1650382041652683496,-0.0377197265625,0.657348632812,0.679077148438,0.324401855469,-5511.0,6977.0,2645.0,-35.0,-160.0,-53.0,
1650382041657205581,-0.03466796875,0.652160644531,0.679931640625,0.333251953125,-5459.0,6995.0,2640.0,-40.0,-155.0,-60.0,
1650382041661051750,-0.0322265625,0.646789550781,0.680908203125,0.341918945312,-5422.0,7102.0,2642.0,-48.0,-148.0,-65.0,
1650382041665451049,-0.0303955078125,0.64111328125,0.682006835938,0.350463867188,-5307.0,7269.0,2681.0,-57.0,-143.0,-70.0,
1650382041674135208,-0.0288696289062,0.634887695312,0.683410644531,0.359008789062,-5255.0,7452.0,2794.0,-67.0,-141.0,-75.0,
1650382041678452730,-0.0276489257812,0.628173828125,0.68505859375,0.36767578125,-5245.0,7672.0,2949.0,-77.0,-142.0,-78.0,
1650382041683199405,-0.0265502929688,0.620971679688,0.686889648438,0.37646484375,-5280.0,7931.0,3102.0,-85.0,-144.0,-81.0,
1650382041687486171,-0.0255737304688,0.613403320312,0.688903808594,0.38525390625,-5175.0,8147.0,3223.0,-91.0,-146.0,-81.0,
1650382041693453311,-0.0244140625,0.605590820312,0.691162109375,0.3935546875,-4833.0,8242.0,3369.0,-98.0,-144.0,-75.0,
1650382041699659585,-0.022705078125,0.597290039062,0.693969726562,0.401245117188,-4356.0,8307.0,3517.0,-103.0,-146.0,-64.0,
1650382041704091548,-0.0198974609375,0.588500976562,0.697326660156,0.408508300781,-3892.0,8374.0,3637.0,-109.0,-156.0,-48.0,
1650382041708731174,-0.0155639648438,0.57861328125,0.701293945312,0.415954589844,-3656.0,8271.0,3543.0,-118.0,-182.0,-33.0,
1650382041714189052,-0.009521484375,0.5673828125,0.705383300781,0.424682617188,-3698.0,8098.0,3429.0,-125.0,-228.0,-26.0,
1650382041717971563,-0.001220703125,0.554565429688,0.709350585938,0.434875488281,-4204.0,8033.0,3445.0,-127.0,-281.0,-17.0,
1650382041722767591,0.0084228515625,0.540466308594,0.713317871094,0.445922851562,-5034.0,8063.0,3494.0,-133.0,-318.0,-7.0,
1650382041727656364,0.0171508789062,0.526245117188,0.716979980469,0.456787109375,-5654.0,7854.0,3550.0,-139.0,-311.0,-8.0,
1650382041732202529,0.0240478515625,0.512634277344,0.720336914062,0.466552734375,-5869.0,7457.0,3581.0,-141.0,-275.0,-12.0,
1650382041735619068,0.029296875,0.499877929688,0.723388671875,0.475219726562,-5897.0,7219.0,3602.0,-139.0,-239.0,-18.0,
1650382041740363597,0.0335693359375,0.488159179688,0.726013183594,0.483154296875,-5814.0,7262.0,3601.0,-132.0,-211.0,-26.0,
1650382041748524427,0.0374145507812,0.477600097656,0.727966308594,0.490356445312,-5673.0,7469.0,3604.0,-119.0,-192.0,-31.0,
1650382041753255367,0.0413208007812,0.46826171875,0.729187011719,0.497131347656,-5539.0,7667.0,3441.0,-103.0,-179.0,-35.0,
1650382041758016109,0.0447387695312,0.460571289062,0.729675292969,0.503295898438,-5897.0,7841.0,3614.0,-84.0,-156.0,-39.0,
1650382041763139724,0.0459594726562,0.455688476562,0.729187011719,0.508361816406,-5898.0,7781.0,3519.0,-55.0,-105.0,-45.0,
1650382041767638206,0.0454711914062,0.454406738281,0.728149414062,0.510986328125,-5362.0,7721.0,3310.0,-23.0,-35.0,-38.0,
1650382041772276163,0.046142578125,0.454223632812,0.72705078125,0.512634277344,-5068.0,7634.0,3276.0,0.0,-26.0,-29.0,
1650382041775787830,0.04736328125,0.454223632812,0.725524902344,0.514709472656,-5043.0,7282.0,3238.0,12.0,-35.0,-31.0,
