1650469782873339653,0.00238037109375,0.191711425781,0.29833984375,0.934936523438,-2405.0,590.0,7094.0,9.0,-4.0,-2.0,
1650469782878179550,0.003173828125,0.191528320312,0.298217773438,0.93505859375,-2343.0,698.0,7096.0,10.0,-4.0,-2.0,
1650469782884213924,0.00396728515625,0.19140625,0.298034667969,0.935119628906,-2292.0,833.0,7097.0,10.0,-4.0,-2.0,
1650469782889433145,0.0047607421875,0.191284179688,0.2978515625,0.935180664062,-2252.0,979.0,7093.0,9.0,-4.0,-2.0,
1650469782894318580,0.00543212890625,0.191162109375,0.297729492188,0.935241699219,-2223.0,1116.0,7112.0,7.0,-4.0,-2.0,
1650469782898808479,0.00604248046875,0.190979003906,0.297668457031,0.935302734375,-2199.0,1233.0,7131.0,5.0,-4.0,-2.0,
1650469782903555393,0.00653076171875,0.190795898438,0.297546386719,0.935363769531,-2188.0,1325.0,7158.0,3.0,-3.0,-2.0,
1650469782908252954,0.00689697265625,0.190612792969,0.297546386719,0.935424804688,-2190.0,1401.0,7190.0,1.0,-3.0,-2.0,
1650469782912718772,0.007080078125,0.190368652344,0.297485351562,0.935485839844,-2199.0,1458.0,7230.0,-1.0,-3.0,-2.0,
1650469782917416334,0.00726318359375,0.190063476562,0.297546386719,0.935546875,-2206.0,1494.0,7254.0,-2.0,-4.0,-1.0,
1650469782924553632,0.00726318359375,0.189758300781,0.297546386719,0.935607910156,-2212.0,1499.0,7271.0,-4.0,-3.0,-1.0,
1650469782928853511,0.0072021484375,0.189453125,0.297607421875,0.935607910156,-2219.0,1482.0,7292.0,-6.0,-3.0,-1.0,
1650469782933377504,0.00701904296875,0.189086914062,0.297668457031,0.935668945312,-2229.0,1433.0,7321.0,-7.0,-3.0,-1.0,
1650469782938007354,0.0067138671875,0.188781738281,0.297729492188,0.935729980469,-2244.0,1364.0,7343.0,-7.0,-3.0,-1.0,
1650469782942490816,0.00634765625,0.188415527344,0.297790527344,0.935791015625,-2260.0,1286.0,7371.0,-8.0,-2.0,-1.0,
1650469782947187662,0.0059814453125,0.188110351562,0.297912597656,0.935791015625,-2264.0,1185.0,7381.0,-7.0,-2.0,-1.0,
1650469782954588174,0.005615234375,0.187805175781,0.297912597656,0.935852050781,-2265.0,1074.0,7386.0,-6.0,-1.0,-1.0,
1650469782959455013,0.00531005859375,0.187561035156,0.297973632812,0.935913085938,-2276.0,972.0,7384.0,-5.0,-1.0,-1.0,
1650469782963687419,0.0050048828125,0.187377929688,0.297973632812,0.935974121094,-2283.0,893.0,7381.0,-4.0,0.0,-1.0,
1650469782968235254,0.00482177734375,0.187255859375,0.297973632812,0.935974121094,-2302.0,836.0,7373.0,-2.0,0.0,0.0,
1650469782972987651,0.00469970703125,0.187194824219,0.297973632812,0.935974121094,-2317.0,792.0,7350.0,-1.0,0.0,0.0,
1650469782977476596,0.004638671875,0.187194824219,0.298034667969,0.935974121094,-2327.0,767.0,7306.0,0.0,1.0,0.0,
1650469782984474420,0.004638671875,0.187316894531,0.298034667969,0.935913085938,-2338.0,765.0,7265.0,1.0,2.0,0.0,
1650469782995505809,0.004638671875,0.187622070312,0.298095703125,0.935852050781,-2355.0,783.0,7207.0,1.0,4.0,0.0,
1650469783000590085,0.004638671875,0.187866210938,0.298156738281,0.935791015625,-2382.0,795.0,7216.0,0.0,4.0,0.0,
1650469783005232095,0.0045166015625,0.188110351562,0.298156738281,0.935729980469,-2433.0,825.0,7251.0,-1.0,5.0,0.0,
1650469783009834766,0.00439453125,0.188415527344,0.298217773438,0.935668945312,-2498.0,865.0,7310.0,-1.0,5.0,0.0,
1650469783014563322,0.0042724609375,0.188781738281,0.29833984375,0.935546875,-2576.0,918.0,7385.0,-1.0,5.0,1.0,
1650469783019336938,0.00421142578125,0.189086914062,0.298461914062,0.935424804688,-2660.0,966.0,7463.0,-1.0,5.0,1.0,
1650469783024023294,0.00408935546875,0.189453125,0.298583984375,0.935363769531,-2748.0,1009.0,7538.0,-1.0,5.0,2.0,
1650469783028645277,0.00396728515625,0.189758300781,0.298767089844,0.935241699219,-2841.0,1059.0,7622.0,-2.0,4.0,2.0,
1650469783033460617,0.00390625,0.190002441406,0.298889160156,0.935119628906,-2955.0,1142.0,7698.0,-2.0,4.0,2.0,
1650469783037856101,0.00390625,0.190307617188,0.299133300781,0.934997558594,-3046.0,1190.0,7676.0,-2.0,3.0,3.0,
1650469783042473077,0.0037841796875,0.190612792969,0.29931640625,0.934875488281,-3131.0,1192.0,7766.0,-3.0,2.0,2.0,
1650469783047187566,0.0035400390625,0.190734863281,0.299499511719,0.934814453125,-3186.0,1131.0,7880.0,-5.0,1.0,2.0,
1650469783054163455,0.00323486328125,0.190673828125,0.299682617188,0.934753417969,-3218.0,1053.0,7945.0,-4.0,0.0,2.0,
1650469783059676647,0.00299072265625,0.190612792969,0.299865722656,0.934692382812,-3263.0,998.0,7978.0,-3.0,-1.0,2.0,
1650469783063847541,0.00286865234375,0.190551757812,0.300048828125,0.934631347656,-3288.0,976.0,7994.0,-2.0,-2.0,2.0,
1650469783068302631,0.00286865234375,0.1904296875,0.300170898438,0.934631347656,-3285.0,959.0,7957.0,-1.0,-3.0,3.0,
1650469783073292016,0.00299072265625,0.190307617188,0.300354003906,0.934631347656,-3266.0,939.0,7897.0,0.0,-4.0,2.0,
1650469783077474355,0.0030517578125,0.190124511719,0.300476074219,0.934631347656,-3226.0,893.0,7841.0,0.0,-4.0,2.0,
1650469783086526632,0.0030517578125,0.18994140625,0.300537109375,0.934631347656,-3161.0,833.0,7782.0,0.0,-4.0,1.0,
1650469783101867198,0.00311279296875,0.189697265625,0.300537109375,0.934692382812,-3083.0,761.0,7732.0,0.0,-4.0,0.0,
1650469783103029966,0.003173828125,0.189453125,0.300537109375,0.934692382812,-3004.0,690.0,7677.0,1.0,-4.0,0.0,
1650469783103916645,0.0032958984375,0.189208984375,0.300476074219,0.934753417969,-2930.0,624.0,7627.0,3.0,-4.0,0.0,
1650469783114971160,0.00347900390625,0.189025878906,0.300415039062,0.934814453125,-2874.0,577.0,7576.0,4.0,-4.0,-1.0,
1650469783115712404,0.0037841796875,0.188903808594,0.30029296875,0.934875488281,-2826.0,572.0,7526.0,6.0,-3.0,-1.0,
1650469783116193056,0.004150390625,0.188842773438,0.300170898438,0.934936523438,-2792.0,610.0,7485.0,7.0,-3.0,-1.0,
1650469783119147539,0.004638671875,0.188842773438,0.300048828125,0.934997558594,-2768.0,675.0,7455.0,8.0,-3.0,-1.0,
1650469783123750686,0.005126953125,0.188842773438,0.299987792969,0.934997558594,-2751.0,766.0,7425.0,8.0,-3.0,-1.0,
1650469783128222942,0.00567626953125,0.188903808594,0.299865722656,0.934997558594,-2736.0,881.0,7389.0,7.0,-2.0,-1.0,
1650469783132995843,0.00616455078125,0.188903808594,0.299865722656,0.93505859375,-2725.0,1018.0,7380.0,5.0,-2.0,0.0,
1650469783137758493,0.006591796875,0.18896484375,0.299865722656,0.934997558594,-2718.0,1152.0,7388.0,4.0,-2.0,0.0,
1650469783142602920,0.0069580078125,0.18896484375,0.299926757812,0.934997558594,-2717.0,1267.0,7403.0,2.0,-2.0,1.0,
1650469783147308826,0.0072021484375,0.18896484375,0.300048828125,0.934936523438,-2727.0,1343.0,7433.0,-1.0,-1.0,1.0,
1650469783154447555,0.00732421875,0.188903808594,0.300231933594,0.934875488281,-2737.0,1378.0,7465.0,-2.0,-1.0,1.0,
1650469783158919334,0.00732421875,0.188842773438,0.300354003906,0.934875488281,-2755.0,1388.0,7516.0,-3.0,-1.0,1.0,
1650469783163717985,0.00726318359375,0.188720703125,0.300537109375,0.934814453125,-2766.0,1386.0,7557.0,-4.0,-2.0,1.0,
1650469783168337106,0.0072021484375,0.188598632812,0.300720214844,0.934814453125,-2777.0,1385.0,7585.0,-3.0,-2.0,2.0,
1650469783173492670,0.0072021484375,0.188415527344,0.300903320312,0.934753417969,-2789.0,1378.0,7601.0,-3.0,-2.0,2.0,
1650469783178010463,0.0072021484375,0.188293457031,0.301147460938,0.934753417969,-2780.0,1378.0,7582.0,-3.0,-2.0,3.0,
1650469783182286739,0.0072021484375,0.188110351562,0.301391601562,0.934692382812,-2767.0,1393.0,7538.0,-3.0,-3.0,3.0,
1650469783188893556,0.0072021484375,0.18798828125,0.301635742188,0.934631347656,-2747.0,1404.0,7494.0,-4.0,-2.0,3.0,
1650469783196324348,0.007080078125,0.187805175781,0.301940917969,0.9345703125,-2710.0,1397.0,7458.0,-6.0,-2.0,3.0,
1650469783202247619,0.00689697265625,0.187622070312,0.30224609375,0.934509277344,-2665.0,1359.0,7423.0,-7.0,-2.0,3.0,
1650469783205728769,0.006591796875,0.187377929688,0.302551269531,0.934448242188,-2628.0,1280.0,7384.0,-8.0,-1.0,3.0,
1650469783210629701,0.00616455078125,0.187194824219,0.302795410156,0.934448242188,-2600.0,1175.0,7355.0,-8.0,0.0,3.0,
1650469783215212106,0.00567626953125,0.18701171875,0.303039550781,0.934387207031,-2587.0,1070.0,7346.0,-8.0,0.0,2.0,
1650469783220150947,0.0052490234375,0.186889648438,0.303283691406,0.934326171875,-2580.0,975.0,7345.0,-7.0,1.0,3.0,
1650469783224443197,0.0048828125,0.186828613281,0.303527832031,0.934265136719,-2581.0,887.0,7345.0,-5.0,1.0,3.0,
1650469783229052782,0.00457763671875,0.186767578125,0.3037109375,0.934204101562,-2593.0,817.0,7328.0,-4.0,1.0,3.0,
1650469783233602046,0.00433349609375,0.186828613281,0.303894042969,0.934143066406,-2621.0,767.0,7300.0,-3.0,2.0,2.0,
1650469783238266944,0.004150390625,0.186889648438,0.304077148438,0.93408203125,-2637.0,751.0,7288.0,-2.0,2.0,2.0,
1650469783243020296,0.00396728515625,0.18701171875,0.30419921875,0.934020996094,-2638.0,754.0,7297.0,-2.0,2.0,2.0,
1650469783247702121,0.0037841796875,0.187072753906,0.304321289062,0.933959960938,-2646.0,760.0,7363.0,-2.0,2.0,2.0,
1650469783252445459,0.00360107421875,0.187133789062,0.304504394531,0.933898925781,-2661.0,761.0,7419.0,-3.0,2.0,2.0,
1650469783259221553,0.00341796875,0.187133789062,0.304626464844,0.933837890625,-2677.0,778.0,7460.0,-3.0,2.0,1.0,
1650469783263994455,0.00311279296875,0.187133789062,0.304748535156,0.933837890625,-2685.0,805.0,7476.0,-5.0,2.0,1.0,
1650469783268535137,0.0028076171875,0.187133789062,0.304870605469,0.933776855469,-2675.0,828.0,7512.0,-6.0,1.0,0.0,
1650469783273494005,0.00244140625,0.187072753906,0.304931640625,0.933776855469,-2654.0,846.0,7541.0,-7.0,2.0,0.0,
1650469783277971744,0.00201416015625,0.18701171875,0.305053710938,0.933776855469,-2633.0,878.0,7567.0,-7.0,2.0,0.0,
1650469783282455444,0.0015869140625,0.186889648438,0.305114746094,0.933715820312,-2619.0,949.0,7599.0,-8.0,2.0,0.0,
1650469783287279844,0.00115966796875,0.186828613281,0.305297851562,0.933715820312,-2606.0,1043.0,7643.0,-9.0,2.0,0.0,
1650469783294052839,0.00079345703125,0.186706542969,0.305541992188,0.933654785156,-2603.0,1123.0,7668.0,-10.0,2.0,1.0,
1650469783299015522,0.000244140625,0.186645507812,0.305786132812,0.93359375,-2600.0,1196.0,7709.0,-12.0,2.0,1.0,
1650469783303869962,-0.00042724609375,0.1865234375,0.306091308594,0.933532714844,-2589.0,1253.0,7738.0,-14.0,2.0,2.0,
1650469783308510780,-0.0010986328125,0.186340332031,0.306457519531,0.933410644531,-2571.0,1309.0,7767.0,-15.0,3.0,2.0,
1650469783317654371,-0.00189208984375,0.186218261719,0.306884765625,0.933288574219,-2569.0,1367.0,7796.0,-17.0,3.0,3.0,
1650469783318475961,-0.002685546875,0.186096191406,0.307434082031,0.933166503906,-2586.0,1413.0,7801.0,-18.0,3.0,5.0,
1650469783322260141,-0.0035400390625,0.185974121094,0.307983398438,0.932983398438,-2628.0,1412.0,7786.0,-19.0,4.0,6.0,
1650469783329350948,-0.0045166015625,0.185913085938,0.308654785156,0.932800292969,-2680.0,1359.0,7758.0,-20.0,5.0,6.0,
1650469783334211826,-0.005615234375,0.185913085938,0.309265136719,0.932556152344,-2728.0,1267.0,7715.0,-19.0,5.0,7.0,
1650469783338518619,-0.00665283203125,0.185974121094,0.309875488281,0.932312011719,-2758.0,1162.0,7669.0,-19.0,5.0,7.0,
1650469783343425989,-0.00775146484375,0.185974121094,0.310485839844,0.93212890625,-2792.0,1060.0,7619.0,-18.0,6.0,7.0,
1650469783347853899,-0.0087890625,0.186096191406,0.311157226562,0.931884765625,-2817.0,972.0,7560.0,-17.0,6.0,8.0,
1650469783352644920,-0.009765625,0.186218261719,0.311767578125,0.931640625,-2838.0,904.0,7503.0,-16.0,6.0,8.0,
1650469783357376337,-0.0108032226562,0.186401367188,0.312438964844,0.931396484375,-2851.0,855.0,7456.0,-17.0,7.0,8.0,
1650469783362207889,-0.0118408203125,0.1865234375,0.313110351562,0.931091308594,-2864.0,817.0,7423.0,-17.0,7.0,8.0,
1650469783369308233,-0.012939453125,0.186706542969,0.313781738281,0.930786132812,-2873.0,777.0,7393.0,-18.0,8.0,9.0,
1650469783374746084,-0.0140991210938,0.186889648438,0.314514160156,0.930541992188,-2876.0,732.0,7341.0,-18.0,9.0,9.0,
1650469783378615856,-0.0153198242188,0.187133789062,0.315185546875,0.930236816406,-2891.0,702.0,7332.0,-19.0,9.0,8.0,
1650469783383220434,-0.0165405273438,0.187377929688,0.315856933594,0.929931640625,-2916.0,670.0,7349.0,-20.0,10.0,8.0,
1650469783387801408,-0.017822265625,0.187622070312,0.316528320312,0.929626464844,-2932.0,621.0,7354.0,-20.0,10.0,7.0,
1650469783395310878,-0.0191650390625,0.187805175781,0.317138671875,0.929382324219,-2942.0,560.0,7354.0,-20.0,10.0,7.0,
1650469783398890972,-0.0204467773438,0.188049316406,0.317749023438,0.929077148438,-2957.0,548.0,7386.0,-20.0,10.0,7.0,
1650469783404335975,-0.0216674804688,0.188232421875,0.318359375,0.928771972656,-2978.0,572.0,7397.0,-19.0,9.0,7.0,
1650469783408685922,-0.0227661132812,0.1884765625,0.318969726562,0.928527832031,-2995.0,588.0,7413.0,-18.0,9.0,7.0,
1650469783413267135,-0.02392578125,0.188720703125,0.319580078125,0.92822265625,-2995.0,576.0,7413.0,-19.0,9.0,7.0,
1650469783420271158,-0.025146484375,0.188903808594,0.320129394531,0.927978515625,-2948.0,570.0,7394.0,-19.0,9.0,6.0,
1650469783422931909,-0.0263061523438,0.189086914062,0.320739746094,0.927673339844,-2881.0,585.0,7353.0,-19.0,9.0,6.0,
1650469783427770376,-0.02734375,0.189208984375,0.321350097656,0.927429199219,-2822.0,628.0,7291.0,-18.0,9.0,7.0,
1650469783431933403,-0.0284423828125,0.189392089844,0.321960449219,0.927124023438,-2794.0,721.0,7261.0,-19.0,9.0,7.0,
1650469783438908815,-0.029541015625,0.189575195312,0.322692871094,0.926818847656,-2786.0,849.0,7267.0,-21.0,10.0,7.0,
1650469783443774223,-0.03076171875,0.189758300781,0.323486328125,0.926452636719,-2793.0,991.0,7289.0,-24.0,10.0,8.0,
1650469783448718786,-0.0321655273438,0.18994140625,0.324401855469,0.926025390625,-2804.0,1114.0,7314.0,-28.0,11.0,10.0,
1650469783453338384,-0.0337524414062,0.190124511719,0.325439453125,0.925598144531,-2816.0,1195.0,7338.0,-32.0,12.0,11.0,
1650469783458173513,-0.0355224609375,0.190307617188,0.326538085938,0.925109863281,-2825.0,1232.0,7383.0,-35.0,13.0,12.0,
1650469783462764739,-0.0375366210938,0.190368652344,0.327758789062,0.924560546875,-2823.0,1238.0,7415.0,-38.0,13.0,13.0,
1650469783467295408,-0.0396728515625,0.1904296875,0.329040527344,0.924011230469,-2822.0,1226.0,7472.0,-40.0,14.0,14.0,
1650469783474000453,-0.0419311523438,0.190490722656,0.330444335938,0.923400878906,-2799.0,1209.0,7539.0,-42.0,15.0,15.0,
1650469783478943347,-0.044189453125,0.190490722656,0.331909179688,0.922790527344,-2768.0,1197.0,7605.0,-42.0,15.0,17.0,
1650469783483657360,-0.0464477539062,0.190490722656,0.33349609375,0.922058105469,-2733.0,1186.0,7676.0,-43.0,16.0,19.0,
1650469783488158702,-0.0487060546875,0.190551757812,0.335144042969,0.92138671875,-2690.0,1159.0,7727.0,-43.0,16.0,20.0,
1650469783492944240,-0.051025390625,0.190551757812,0.3369140625,0.920593261719,-2646.0,1117.0,7765.0,-43.0,17.0,22.0,
1650469783500219345,-0.0533447265625,0.190612792969,0.338684082031,0.919799804688,-2605.0,1068.0,7787.0,-43.0,17.0,23.0,
1650469783504059076,-0.0556640625,0.190673828125,0.340515136719,0.919006347656,-2562.0,1017.0,7790.0,-44.0,17.0,23.0,
1650469783508573293,-0.0579833984375,0.190734863281,0.342346191406,0.918151855469,-2513.0,953.0,7787.0,-44.0,18.0,24.0,
1650469783513307809,-0.0603637695312,0.190734863281,0.34423828125,0.917297363281,-2467.0,875.0,7806.0,-44.0,18.0,25.0,
1650469783518025159,-0.062744140625,0.190795898438,0.346130371094,0.916381835938,-2424.0,782.0,7806.0,-44.0,19.0,25.0,
1650469783523354291,-0.065185546875,0.190856933594,0.348022460938,0.915466308594,-2386.0,681.0,7786.0,-44.0,19.0,25.0,
1650469783527604818,-0.0675659179688,0.19091796875,0.349975585938,0.91455078125,-2363.0,619.0,7790.0,-43.0,19.0,26.0,
1650469783532156467,-0.0698852539062,0.191040039062,0.351867675781,0.913635253906,-2362.0,594.0,7804.0,-42.0,19.0,26.0,
1650469783538672685,-0.0722045898438,0.191101074219,0.353820800781,0.912719726562,-2380.0,612.0,7793.0,-43.0,19.0,26.0,
1650469783543634176,-0.0745849609375,0.191162109375,0.355834960938,0.911682128906,-2398.0,627.0,7771.0,-46.0,19.0,27.0,
1650469783548350811,-0.0771484375,0.191223144531,0.357971191406,0.91064453125,-2401.0,619.0,7744.0,-49.0,19.0,28.0,
1650469783552965402,-0.0798950195312,0.191223144531,0.360168457031,0.909545898438,-2358.0,597.0,7670.0,-52.0,20.0,29.0,
1650469783557753562,-0.0828857421875,0.191223144531,0.362365722656,0.908386230469,-2348.0,538.0,7613.0,-55.0,22.0,29.0,
1650469783565876960,-0.0861206054688,0.191284179688,0.364562988281,0.9072265625,-2362.0,437.0,7563.0,-58.0,24.0,29.0,
1650469783570021629,-0.089599609375,0.191345214844,0.36669921875,0.906005859375,-2419.0,305.0,7552.0,-61.0,25.0,28.0,
1650469783574430942,-0.0932006835938,0.191467285156,0.368835449219,0.904724121094,-2494.0,158.0,7548.0,-61.0,26.0,28.0,
1650469783578282594,-0.0968627929688,0.191528320312,0.370971679688,0.903442382812,-2565.0,24.0,7563.0,-61.0,26.0,28.0,
1650469783582832813,-0.100463867188,0.191650390625,0.373168945312,0.902160644531,-2617.0,-78.0,7582.0,-61.0,25.0,29.0,
1650469783587507247,-0.104064941406,0.191711425781,0.375366210938,0.900817871094,-2661.0,-182.0,7559.0,-61.0,25.0,30.0,
1650469783592036008,-0.107666015625,0.191711425781,0.377624511719,0.8994140625,-2703.0,-299.0,7537.0,-62.0,25.0,30.0,
1650469783600768566,-0.111328125,0.191711425781,0.379821777344,0.898071289062,-2736.0,-435.0,7508.0,-62.0,24.0,30.0,
1650469783606267452,-0.114990234375,0.191589355469,0.382019042969,0.896667480469,-2772.0,-574.0,7507.0,-62.0,24.0,30.0,
1650469783611202716,-0.118713378906,0.191467285156,0.384155273438,0.895324707031,-2786.0,-704.0,7467.0,-62.0,23.0,29.0,
1650469783615499258,-0.122375488281,0.191284179688,0.38623046875,0.893981933594,-2783.0,-793.0,7399.0,-61.0,23.0,28.0,
1650469783620623350,-0.125915527344,0.191162109375,0.388244628906,0.892639160156,-2774.0,-856.0,7280.0,-60.0,22.0,28.0,
1650469783625370025,-0.129211425781,0.191101074219,0.390258789062,0.891296386719,-2786.0,-917.0,7118.0,-56.0,22.0,27.0,
1650469783630034923,-0.132385253906,0.191223144531,0.39208984375,0.890014648438,-2812.0,-946.0,6961.0,-52.0,22.0,26.0,
1650469783634555101,-0.135314941406,0.191467285156,0.393798828125,0.888732910156,-2852.0,-941.0,6788.0,-48.0,22.0,25.0,
1650469783639724493,-0.138000488281,0.19189453125,0.395446777344,0.887512207031,-2887.0,-877.0,6614.0,-45.0,23.0,24.0,
1650469783643653631,-0.140686035156,0.1923828125,0.397033691406,0.886291503906,-2915.0,-791.0,6453.0,-44.0,24.0,24.0,
1650469783648141622,-0.143371582031,0.192932128906,0.398681640625,0.885009765625,-2965.0,-761.0,6317.0,-45.0,25.0,23.0,
1650469783653067827,-0.146362304688,0.193542480469,0.400146484375,0.883728027344,-3021.0,-849.0,6206.0,-48.0,26.0,21.0,
1650469783657635927,-0.149658203125,0.193969726562,0.401428222656,0.882446289062,-3106.0,-1060.0,6194.0,-50.0,28.0,18.0,
1650469783662297964,-0.153198242188,0.1943359375,0.402526855469,0.881286621094,-3219.0,-1372.0,6228.0,-50.0,28.0,15.0,
1650469783669139862,-0.156799316406,0.194702148438,0.403381347656,0.880187988281,-3375.0,-1722.0,6222.0,-48.0,28.0,13.0,
1650469783674303770,-0.160339355469,0.195129394531,0.404052734375,0.879150390625,-3564.0,-2007.0,6151.0,-44.0,27.0,10.0,
1650469783678722620,-0.163513183594,0.195678710938,0.404479980469,0.878234863281,-3788.0,-2134.0,6223.0,-38.0,26.0,8.0,
1650469783683499813,-0.166198730469,0.196350097656,0.404907226562,0.877380371094,-4037.0,-2106.0,6397.0,-32.0,24.0,6.0,
1650469783687677145,-0.168334960938,0.197143554688,0.4052734375,0.876586914062,-4331.0,-2015.0,6612.0,-27.0,22.0,7.0,
1650469783692648649,-0.170104980469,0.197998046875,0.40576171875,0.875854492188,-4625.0,-1889.0,6877.0,-22.0,19.0,8.0,
1650469783697238922,-0.171447753906,0.198791503906,0.40625,0.875183105469,-4888.0,-1729.0,7144.0,-18.0,16.0,8.0,
1650469783705027341,-0.172485351562,0.199523925781,0.406799316406,0.874572753906,-5090.0,-1523.0,7357.0,-15.0,12.0,8.0,
1650469783709604024,-0.173095703125,0.2001953125,0.407287597656,0.874084472656,-5221.0,-1297.0,7496.0,-12.0,9.0,8.0,
1650469783714475154,-0.173583984375,0.20068359375,0.407836914062,0.873596191406,-5291.0,-1092.0,7562.0,-11.0,6.0,8.0,
1650469783721787452,-0.173828125,0.201110839844,0.408447265625,0.873168945312,-5305.0,-971.0,7585.0,-9.0,4.0,7.0,
1650469783723790645,-0.174011230469,0.201477050781,0.408935546875,0.872802734375,-5282.0,-921.0,7563.0,-6.0,2.0,7.0,
1650469783728345632,-0.174011230469,0.201843261719,0.409301757812,0.87255859375,-5220.0,-908.0,7470.0,-2.0,1.0,6.0,
1650469783732851505,-0.173767089844,0.2021484375,0.409545898438,0.872436523438,-5136.0,-884.0,7307.0,3.0,0.0,5.0,
1650469783737259864,-0.173217773438,0.20263671875,0.409729003906,0.872314453125,-5041.0,-868.0,7072.0,9.0,-1.0,5.0,
1650469783742378234,-0.172424316406,0.203125,0.409851074219,0.872314453125,-4958.0,-881.0,6786.0,13.0,-2.0,5.0,
1650469783748915433,-0.171691894531,0.203674316406,0.409912109375,0.872314453125,-4856.0,-895.0,6437.0,14.0,-3.0,3.0,
1650469783753854990,-0.171142578125,0.204162597656,0.409851074219,0.872314453125,-4724.0,-881.0,6076.0,12.0,-3.0,2.0,
1650469783758884668,-0.170776367188,0.20458984375,0.409790039062,0.872314453125,-4587.0,-805.0,5736.0,8.0,-1.0,1.0,
1650469783764028072,-0.170715332031,0.205139160156,0.409851074219,0.872192382812,-4456.0,-689.0,5446.0,3.0,1.0,1.0,
1650469783777368307,-0.1708984375,0.20556640625,0.409973144531,0.872009277344,-4334.0,-593.0,5232.0,-3.0,3.0,2.0,
1650469783790049552,-0.171569824219,0.205932617188,0.410217285156,0.871704101562,-4233.0,-539.0,5068.0,-11.0,5.0,1.0,
1650469783790488719,-0.172790527344,0.206115722656,0.410339355469,0.871337890625,-4151.0,-560.0,4938.0,-19.0,7.0,-1.0,
1650469783790840387,-0.174621582031,0.206115722656,0.410339355469,0.870971679688,-4111.0,-685.0,4905.0,-28.0,9.0,-5.0,
1650469783791249036,-0.177001953125,0.205932617188,0.41015625,0.87060546875,-4101.0,-848.0,4942.0,-34.0,11.0,-9.0,
1650469783793029069,-0.1796875,0.205627441406,0.409851074219,0.870300292969,-4130.0,-1019.0,5029.0,-38.0,11.0,-11.0,
1650469783797569513,-0.182434082031,0.205261230469,0.409484863281,0.869934082031,-4182.0,-1209.0,5205.0,-39.0,12.0,-13.0,
1650469783803467750,-0.185119628906,0.204895019531,0.409057617188,0.869689941406,-4273.0,-1413.0,5479.0,-37.0,12.0,-13.0,
1650469783808711767,-0.187561035156,0.204528808594,0.408508300781,0.869506835938,-4402.0,-1631.0,5774.0,-32.0,11.0,-14.0,
1650469783813628435,-0.189758300781,0.204162597656,0.407836914062,0.869445800781,-4561.0,-1813.0,6077.0,-27.0,9.0,-16.0,
1650469783818554162,-0.191589355469,0.203857421875,0.407043457031,0.869506835938,-4737.0,-1954.0,6362.0,-22.0,7.0,-17.0,
1650469783823495149,-0.193176269531,0.203552246094,0.406127929688,0.86962890625,-4920.0,-2060.0,6645.0,-17.0,5.0,-18.0,
1650469783827934980,-0.194396972656,0.203308105469,0.4052734375,0.869812011719,-5098.0,-2141.0,6872.0,-13.0,4.0,-18.0,
1650469783832524061,-0.195434570312,0.203186035156,0.404418945312,0.869995117188,-5252.0,-2151.0,7065.0,-9.0,2.0,-17.0,
1650469783837107419,-0.196105957031,0.203063964844,0.403625488281,0.870239257812,-5388.0,-2107.0,7241.0,-6.0,1.0,-16.0,
1650469783841777324,-0.196594238281,0.202941894531,0.402893066406,0.870483398438,-5490.0,-2045.0,7381.0,-4.0,-1.0,-15.0,
1650469783849601268,-0.196960449219,0.202819824219,0.402221679688,0.870727539062,-5582.0,-2017.0,7535.0,-4.0,-3.0,-14.0,
1650469783853350877,-0.197265625,0.202514648438,0.401611328125,0.871032714844,-5643.0,-2034.0,7636.0,-3.0,-5.0,-14.0,
1650469783857963800,-0.197509765625,0.2021484375,0.401000976562,0.871337890625,-5672.0,-2076.0,7771.0,-2.0,-6.0,-14.0,
1650469783862875461,-0.197509765625,0.201721191406,0.400329589844,0.871765136719,-5672.0,-2144.0,7881.0,1.0,-8.0,-13.0,
1650469783867531776,-0.197265625,0.201354980469,0.399658203125,0.872192382812,-5661.0,-2211.0,7973.0,7.0,-9.0,-12.0,
1650469783872268199,-0.196533203125,0.201110839844,0.399047851562,0.872680664062,-5661.0,-2219.0,8056.0,14.0,-10.0,-10.0,
1650469783879041433,-0.1953125,0.200988769531,0.3984375,0.873291015625,-5649.0,-2080.0,7979.0,21.0,-11.0,-8.0,
1650469783883892059,-0.193725585938,0.201171875,0.39794921875,0.873840332031,-5644.0,-1816.0,8076.0,26.0,-13.0,-7.0,
1650469783888408899,-0.191467285156,0.201354980469,0.397644042969,0.874389648438,-5676.0,-1438.0,8117.0,31.0,-14.0,-4.0,
1650469783893092393,-0.188659667969,0.201965332031,0.397521972656,0.874938964844,-5709.0,-892.0,7946.0,38.0,-15.0,0.0,
1650469783897938489,-0.185424804688,0.202880859375,0.397644042969,0.875366210938,-5710.0,-257.0,7657.0,41.0,-15.0,4.0,
1650469783902486085,-0.18212890625,0.204040527344,0.398132324219,0.875549316406,-5631.0,336.0,7332.0,39.0,-15.0,9.0,
1650469783909613847,-0.179077148438,0.205078125,0.398864746094,0.875610351562,-5455.0,786.0,6982.0,33.0,-14.0,14.0,
1650469783914603948,-0.176513671875,0.205993652344,0.399841308594,0.87548828125,-5218.0,1001.0,6649.0,25.0,-12.0,16.0,
1650469783919352769,-0.174621582031,0.206665039062,0.400817871094,0.875244140625,-4945.0,951.0,6374.0,17.0,-9.0,18.0,
1650469783924579143,-0.173400878906,0.206970214844,0.40185546875,0.874938964844,-4674.0,662.0,6177.0,10.0,-7.0,18.0,
1650469783928818941,-0.172790527344,0.20703125,0.402770996094,0.874633789062,-4406.0,224.0,6083.0,5.0,-6.0,17.0,
1650469783933039665,-0.172546386719,0.206787109375,0.403564453125,0.874389648438,-4151.0,-289.0,5973.0,2.0,-6.0,15.0,
1650469783937759637,-0.172485351562,0.206481933594,0.404174804688,0.874145507812,-3898.0,-785.0,5812.0,3.0,-5.0,13.0,
1650469783942733526,-0.172485351562,0.206237792969,0.404541015625,0.874084472656,-3664.0,-1129.0,5662.0,5.0,-4.0,10.0,
1650469783947211027,-0.172180175781,0.2060546875,0.404846191406,0.8740234375,-3448.0,-1272.0,5594.0,9.0,-4.0,9.0,
1650469783952085256,-0.171508789062,0.205993652344,0.405090332031,0.8740234375,-3271.0,-1221.0,5581.0,11.0,-4.0,8.0,
1650469783959233760,-0.170715332031,0.205993652344,0.405456542969,0.874084472656,-3197.0,-991.0,5649.0,11.0,-4.0,8.0,
1650469783964112997,-0.169860839844,0.205993652344,0.405883789062,0.8740234375,-3152.0,-734.0,5731.0,6.0,-4.0,7.0,
1650469783968951702,-0.169311523438,0.205993652344,0.406372070312,0.873901367188,-3198.0,-561.0,5845.0,0.0,-3.0,6.0,
1650469783973956823,-0.169372558594,0.205932617188,0.406799316406,0.873718261719,-3271.0,-531.0,5940.0,-8.0,-1.0,5.0,
1650469783978146076,-0.169921875,0.205749511719,0.4072265625,0.873413085938,-3348.0,-636.0,6021.0,-14.0,1.0,3.0,
1650469783982451200,-0.171020507812,0.205383300781,0.407592773438,0.873107910156,-3419.0,-866.0,6081.0,-20.0,2.0,3.0,
1650469783988714218,-0.172546386719,0.204895019531,0.407897949219,0.872802734375,-3477.0,-1226.0,6157.0,-23.0,3.0,2.0,
1650469783994107484,-0.17431640625,0.204345703125,0.408081054688,0.872497558594,-3540.0,-1656.0,6220.0,-24.0,4.0,0.0,
1650469783998969554,-0.176025390625,0.203796386719,0.408020019531,0.872314453125,-3597.0,-2127.0,6374.0,-20.0,4.0,-2.0,
1650469784003893852,-0.177490234375,0.203247070312,0.40771484375,0.872314453125,-3653.0,-2555.0,6438.0,-12.0,4.0,-4.0,
1650469784010637998,-0.178527832031,0.203002929688,0.407165527344,0.872375488281,-3732.0,-2839.0,6501.0,-2.0,4.0,-5.0,
1650469784015767812,-0.178833007812,0.203063964844,0.406677246094,0.87255859375,-3757.0,-2993.0,6265.0,9.0,3.0,-4.0,
1650469784020853042,-0.178649902344,0.20361328125,0.406066894531,0.872741699219,-3839.0,-2990.0,6444.0,18.0,4.0,-3.0,
1650469784025451183,-0.177917480469,0.204223632812,0.405395507812,0.873046875,-3899.0,-2909.0,6428.0,22.0,5.0,-4.0,
1650469784029654979,-0.176879882812,0.205139160156,0.404724121094,0.873352050781,-3933.0,-2726.0,6349.0,28.0,5.0,-4.0,
1650469784035226821,-0.175598144531,0.206176757812,0.404052734375,0.873657226562,-3988.0,-2443.0,6291.0,31.0,5.0,-4.0,
1650469784038928985,-0.174072265625,0.207397460938,0.403503417969,0.873962402344,-4028.0,-2057.0,6271.0,32.0,4.0,-3.0,
1650469784043710231,-0.172302246094,0.208618164062,0.403076171875,0.874206542969,-4048.0,-1599.0,6262.0,31.0,4.0,-1.0,
1650469784048873901,-0.170532226562,0.209838867188,0.40283203125,0.874389648438,-4045.0,-1099.0,6243.0,29.0,4.0,1.0,
1650469784052763938,-0.168823242188,0.211059570312,0.402770996094,0.874450683594,-4036.0,-587.0,6189.0,24.0,4.0,2.0,
1650469784057350873,-0.16748046875,0.212158203125,0.402893066406,0.874389648438,-4011.0,-131.0,6118.0,15.0,5.0,3.0,
1650469784062247753,-0.166687011719,0.213073730469,0.403015136719,0.874206542969,-3969.0,205.0,6058.0,5.0,6.0,2.0,
1650469784069244146,-0.166625976562,0.213745117188,0.403259277344,0.8740234375,-3890.0,344.0,5994.0,-5.0,8.0,0.0,
1650469784074179649,-0.167236328125,0.214233398438,0.403381347656,0.873718261719,-3772.0,269.0,5907.0,-14.0,10.0,-1.0,
1650469784079446077,-0.16845703125,0.214477539062,0.403381347656,0.873413085938,-3620.0,51.0,5811.0,-19.0,13.0,-3.0,
1650469784082925081,-0.170043945312,0.214782714844,0.403198242188,0.873107910156,-3481.0,-225.0,5723.0,-20.0,16.0,-5.0,
1650469784087459325,-0.171569824219,0.215148925781,0.402893066406,0.872863769531,-3364.0,-481.0,5621.0,-16.0,18.0,-5.0,
1650469784092996835,-0.1728515625,0.2158203125,0.402465820312,0.872619628906,-3296.0,-669.0,5501.0,-11.0,20.0,-5.0,
1650469784098703622,-0.173889160156,0.216735839844,0.401977539062,0.872436523438,-3285.0,-748.0,5367.0,-4.0,22.0,-5.0,
1650469784103737354,-0.174499511719,0.218078613281,0.401428222656,0.872192382812,-3320.0,-722.0,5294.0,2.0,23.0,-4.0,
1650469784108768224,-0.174743652344,0.219604492188,0.401000976562,0.872009277344,-3362.0,-594.0,5224.0,6.0,24.0,-3.0,
1650469784115037918,-0.1748046875,0.221313476562,0.400634765625,0.871704101562,-3401.0,-438.0,5152.0,8.0,24.0,-1.0,
1650469784120250463,-0.174865722656,0.223083496094,0.400329589844,0.871398925781,-3442.0,-281.0,5122.0,7.0,25.0,0.0,
1650469784124891996,-0.175048828125,0.224792480469,0.400085449219,0.871032714844,-3490.0,-176.0,5182.0,3.0,25.0,0.0,
1650469784129478693,-0.175537109375,0.226318359375,0.39990234375,0.87060546875,-3558.0,-167.0,5319.0,-1.0,26.0,-1.0,
1650469784134093284,-0.176208496094,0.227661132812,0.399597167969,0.870239257812,-3613.0,-220.0,5453.0,-4.0,25.0,-3.0,
1650469784138570070,-0.177062988281,0.228881835938,0.399230957031,0.869934082031,-3645.0,-317.0,5558.0,-5.0,25.0,-4.0,
1650469784143351316,-0.177917480469,0.229919433594,0.398681640625,0.869750976562,-3671.0,-449.0,5713.0,-5.0,23.0,-7.0,
1650469784148334503,-0.178833007812,0.230773925781,0.398071289062,0.86962890625,-3714.0,-625.0,5878.0,-5.0,21.0,-9.0,
1650469784152575492,-0.179748535156,0.231567382812,0.397277832031,0.869567871094,-3839.0,-790.0,6122.0,-4.0,20.0,-11.0,
1650469784157224655,-0.180419921875,0.232360839844,0.396484375,0.869567871094,-3959.0,-932.0,6369.0,0.0,19.0,-11.0,
1650469784164200305,-0.1806640625,0.233093261719,0.395751953125,0.869689941406,-4054.0,-1050.0,6634.0,5.0,16.0,-9.0,
1650469784169188976,-0.180419921875,0.23388671875,0.395080566406,0.869812011719,-4111.0,-1102.0,6942.0,13.0,13.0,-6.0,
1650469784173567056,-0.179565429688,0.234619140625,0.39453125,0.870056152344,-4148.0,-1033.0,7171.0,20.0,9.0,-3.0,
1650469784178075075,-0.178100585938,0.235473632812,0.394104003906,0.870300292969,-4151.0,-786.0,7239.0,26.0,7.0,-1.0,
1650469784182763338,-0.17626953125,0.236450195312,0.393798828125,0.870544433594,-4139.0,-340.0,7207.0,29.0,5.0,0.0,
1650469784187657833,-0.174255371094,0.237548828125,0.393737792969,0.870727539062,-4081.0,132.0,7154.0,26.0,3.0,2.0,
1650469784192141771,-0.172546386719,0.238403320312,0.393798828125,0.870727539062,-4026.0,486.0,7164.0,18.0,3.0,3.0,
1650469784197628021,-0.171447753906,0.239074707031,0.39404296875,0.870666503906,-3999.0,584.0,7219.0,8.0,4.0,2.0,
1650469784204212665,-0.171081542969,0.239318847656,0.394226074219,0.87060546875,-4007.0,447.0,7397.0,-1.0,5.0,1.0,
1650469784209065437,-0.171203613281,0.239196777344,0.394348144531,0.870544433594,-4025.0,163.0,7527.0,-6.0,4.0,-1.0,
1650469784215505599,-0.171569824219,0.238891601562,0.394348144531,0.87060546875,-4035.0,-141.0,7603.0,-6.0,2.0,-2.0,
1650469784220007896,-0.171813964844,0.238586425781,0.394287109375,0.870666503906,-4037.0,-383.0,7586.0,-4.0,1.0,-2.0,
1650469784225120306,-0.171875,0.238342285156,0.394226074219,0.870727539062,-4020.0,-563.0,7498.0,0.0,-1.0,-1.0,
1650469784229448556,-0.171813964844,0.238220214844,0.394104003906,0.870849609375,-3998.0,-693.0,7381.0,2.0,-1.0,-1.0,
1650469784233978033,-0.171752929688,0.238037109375,0.393981933594,0.870910644531,-3952.0,-805.0,7254.0,2.0,-1.0,-2.0,
1650469784238777875,-0.171752929688,0.237915039062,0.393798828125,0.871032714844,-3890.0,-914.0,7139.0,1.0,0.0,-3.0,
1650469784243515253,-0.171813964844,0.23779296875,0.393615722656,0.871154785156,-3793.0,-1044.0,7096.0,1.0,0.0,-3.0,
1650469784248226881,-0.171691894531,0.237609863281,0.393371582031,0.871337890625,-3668.0,-1182.0,7024.0,4.0,0.0,-3.0,
1650469784252834081,-0.171508789062,0.237426757812,0.393005371094,0.87158203125,-3615.0,-1295.0,6982.0,7.0,1.0,-5.0,
1650469784257669210,-0.171264648438,0.237365722656,0.392395019531,0.871948242188,-3706.0,-1327.0,6996.0,9.0,1.0,-8.0,
1650469784262222051,-0.1708984375,0.237487792969,0.391723632812,0.872253417969,-3977.0,-1253.0,7085.0,10.0,1.0,-10.0,
1650469784267076253,-0.170593261719,0.237670898438,0.39111328125,0.87255859375,-4374.0,-1166.0,7294.0,8.0,0.0,-9.0,
1650469784273797988,-0.170593261719,0.237731933594,0.390686035156,0.872741699219,-4785.0,-1145.0,7620.0,0.0,-2.0,-9.0,
1650469784279218673,-0.171081542969,0.237365722656,0.390441894531,0.872863769531,-5044.0,-1230.0,7912.0,-9.0,-5.0,-9.0,
1650469784283405542,-0.171752929688,0.236633300781,0.390258789062,0.872985839844,-5087.0,-1372.0,8090.0,-13.0,-8.0,-8.0,
1650469784288127660,-0.17236328125,0.235595703125,0.390075683594,0.873229980469,-4979.0,-1533.0,8115.0,-11.0,-9.0,-7.0,
1650469784293395280,-0.172668457031,0.234619140625,0.389770507812,0.87353515625,-4773.0,-1723.0,7986.0,-6.0,-9.0,-8.0,
1650469784297477722,-0.172973632812,0.233764648438,0.38916015625,0.8740234375,-4618.0,-1957.0,7865.0,-1.0,-7.0,-12.0,
1650469784302286624,-0.173095703125,0.233093261719,0.38818359375,0.874633789062,-4507.0,-2167.0,7678.0,6.0,-6.0,-16.0,
1650469784307488203,-0.1728515625,0.232604980469,0.386962890625,0.875305175781,-4439.0,-2305.0,7472.0,14.0,-6.0,-18.0,
1650469784315283775,-0.172302246094,0.232360839844,0.385681152344,0.876098632812,-4395.0,-2328.0,7267.0,20.0,-6.0,-18.0,
1650469784321554899,-0.171508789062,0.232360839844,0.384460449219,0.876770019531,-4327.0,-2218.0,7041.0,23.0,-6.0,-16.0,
1650469784329760313,-0.169738769531,0.232971191406,0.382446289062,0.877807617188,-4308.0,-1835.0,6616.0,20.0,0.0,-12.0,
1650469784334279775,-0.169128417969,0.233520507812,0.381591796875,0.878173828125,-4343.0,-1634.0,6459.0,16.0,1.0,-12.0,
1650469784338799476,-0.168762207031,0.234008789062,0.380676269531,0.878479003906,-4381.0,-1465.0,6331.0,11.0,2.0,-13.0,
1650469784343556165,-0.168762207031,0.234375,0.3798828125,0.878723144531,-4423.0,-1336.0,6298.0,5.0,3.0,-14.0,
1650469784348275184,-0.169067382812,0.234619140625,0.379089355469,0.878967285156,-4451.0,-1241.0,6370.0,0.0,4.0,-15.0,
1650469784353035688,-0.169555664062,0.234680175781,0.378356933594,0.879211425781,-4513.0,-1169.0,6522.0,-4.0,4.0,-15.0,
1650469784357552528,-0.170043945312,0.234680175781,0.377624511719,0.87939453125,-4606.0,-1091.0,6708.0,-6.0,4.0,-15.0,
1650469784362321376,-0.17041015625,0.234680175781,0.376953125,0.879577636719,-4689.0,-995.0,6789.0,-4.0,3.0,-13.0,
1650469784367250204,-0.170593261719,0.234802246094,0.376403808594,0.879760742188,-4770.0,-893.0,6888.0,-1.0,2.0,-12.0,
1650469784374125719,-0.170532226562,0.234985351562,0.375915527344,0.879943847656,-4806.0,-764.0,6920.0,1.0,1.0,-10.0,
1650469784378760337,-0.17041015625,0.235168457031,0.375549316406,0.880065917969,-4800.0,-585.0,6965.0,2.0,0.0,-8.0,
1650469784394359350,-0.170104980469,0.2353515625,0.375366210938,0.880187988281,-4783.0,-366.0,6973.0,1.0,1.0,-6.0,
1650469784395247220,-0.169860839844,0.235534667969,0.375366210938,0.880187988281,-4774.0,-119.0,6989.0,-2.0,1.0,-2.0,
1650469784395833969,-0.169677734375,0.235717773438,0.375671386719,0.880004882812,-4786.0,103.0,7003.0,-5.0,0.0,1.0,
1650469784408290386,-0.169677734375,0.23583984375,0.376220703125,0.879760742188,-4828.0,270.0,7004.0,-10.0,0.0,5.0,
1650469784408524036,-0.169982910156,0.235900878906,0.376953125,0.879333496094,-4927.0,355.0,7086.0,-16.0,0.0,6.0,
1650469784409061908,-0.170593261719,0.235717773438,0.377807617188,0.87890625,-5084.0,355.0,7254.0,-21.0,-2.0,7.0,
1650469784412869691,-0.171569824219,0.235290527344,0.378662109375,0.878479003906,-5278.0,279.0,7539.0,-26.0,-3.0,7.0,
1650469784418018102,-0.172607421875,0.234680175781,0.379577636719,0.878051757812,-5462.0,146.0,7769.0,-29.0,-5.0,7.0,
1650469784425387859,-0.173706054688,0.234008789062,0.380554199219,0.877563476562,-5637.0,-42.0,7859.0,-27.0,-6.0,8.0,
1650469784429785013,-0.174682617188,0.2333984375,0.381591796875,0.877136230469,-5780.0,-316.0,7978.0,-25.0,-8.0,10.0,
1650469784434066534,-0.175720214844,0.232421875,0.382568359375,0.876770019531,-5936.0,-721.0,8139.0,-24.0,-12.0,10.0,
1650469784438743114,-0.176696777344,0.231323242188,0.383422851562,0.87646484375,-6139.0,-1186.0,8412.0,-21.0,-15.0,10.0,
1650469784443514108,-0.177368164062,0.230041503906,0.38427734375,0.876281738281,-6229.0,-1678.0,8505.0,-15.0,-19.0,10.0,
1650469784448188781,-0.177673339844,0.228698730469,0.384948730469,0.876281738281,-6305.0,-2028.0,8569.0,-7.0,-22.0,11.0,
1650469784453117609,-0.177185058594,0.2275390625,0.3857421875,0.876342773438,-6307.0,-2125.0,8510.0,5.0,-26.0,13.0,
1650469784457484006,-0.17578125,0.226501464844,0.38671875,0.87646484375,-6241.0,-2014.0,8386.0,14.0,-31.0,17.0,
1650469784462377071,-0.173706054688,0.225463867188,0.387939453125,0.876586914062,-6129.0,-1811.0,8210.0,19.0,-35.0,21.0,
1650469784467192173,-0.17138671875,0.224426269531,0.389404296875,0.876647949219,-5975.0,-1620.0,8001.0,20.0,-38.0,24.0,
1650469784474016904,-0.169128417969,0.223205566406,0.390869140625,0.876770019531,-5792.0,-1437.0,7745.0,17.0,-39.0,24.0,
1650469784478948831,-0.167114257812,0.221862792969,0.392211914062,0.876892089844,-5581.0,-1226.0,7432.0,14.0,-40.0,21.0,
1650469784483456373,-0.165283203125,0.220397949219,0.3935546875,0.877014160156,-5347.0,-1019.0,7056.0,10.0,-40.0,18.0,
1650469784488723278,-0.163818359375,0.218872070312,0.394775390625,0.877136230469,-5099.0,-879.0,6676.0,4.0,-39.0,15.0,
1650469784493046045,-0.162841796875,0.21728515625,0.395874023438,0.877197265625,-4866.0,-837.0,6357.0,-2.0,-36.0,13.0,
1650469784497562170,-0.162353515625,0.215576171875,0.396850585938,0.877258300781,-4654.0,-873.0,6116.0,-8.0,-33.0,10.0,
1650469784502236604,-0.162292480469,0.2138671875,0.397644042969,0.877319335938,-4459.0,-984.0,5934.0,-12.0,-31.0,7.0,
1650469784507124423,-0.162414550781,0.212097167969,0.398315429688,0.87744140625,-4279.0,-1128.0,5791.0,-13.0,-29.0,5.0,
1650469784513940334,-0.162658691406,0.210388183594,0.39892578125,0.877502441406,-4105.0,-1237.0,5698.0,-13.0,-27.0,4.0,
1650469784521036863,-0.162780761719,0.208801269531,0.399475097656,0.877624511719,-3944.0,-1250.0,5648.0,-11.0,-25.0,4.0,
1650469784525928735,-0.162780761719,0.207336425781,0.400024414062,0.877746582031,-3785.0,-1200.0,5654.0,-10.0,-23.0,4.0,
1650469784530383110,-0.162719726562,0.205932617188,0.400695800781,0.877807617188,-3663.0,-1080.0,5737.0,-10.0,-22.0,5.0,
1650469784535365581,-0.162536621094,0.204650878906,0.4013671875,0.877807617188,-3550.0,-924.0,5803.0,-11.0,-20.0,6.0,
1650469784539743185,-0.162475585938,0.203430175781,0.402160644531,0.877685546875,-3450.0,-772.0,5876.0,-13.0,-19.0,7.0,
1650469784545084714,-0.16259765625,0.202209472656,0.403015136719,0.877563476562,-3358.0,-692.0,5953.0,-17.0,-17.0,7.0,
1650469784549721002,-0.163146972656,0.200866699219,0.403869628906,0.87744140625,-3246.0,-711.0,6003.0,-22.0,-16.0,6.0,
1650469784554271697,-0.164001464844,0.199462890625,0.404541015625,0.877258300781,-3125.0,-852.0,6020.0,-26.0,-13.0,4.0,
1650469784559026479,-0.165222167969,0.197998046875,0.405090332031,0.877136230469,-2976.0,-1090.0,5995.0,-27.0,-11.0,2.0,
1650469784563753128,-0.166687011719,0.196533203125,0.405395507812,0.877014160156,-2806.0,-1415.0,5902.0,-28.0,-9.0,0.0,
1650469784568558931,-0.168273925781,0.195068359375,0.405517578125,0.876953125,-2621.0,-1775.0,5743.0,-26.0,-7.0,-3.0,
1650469784573101043,-0.169921875,0.193725585938,0.405456542969,0.877014160156,-2443.0,-2102.0,5595.0,-23.0,-5.0,-5.0,
1650469784577623844,-0.171447753906,0.192626953125,0.405212402344,0.877075195312,-2284.0,-2345.0,5463.0,-18.0,-2.0,-6.0,
1650469784585746526,-0.172546386719,0.191833496094,0.404907226562,0.877136230469,-2164.0,-2441.0,5389.0,-11.0,0.0,-5.0,
1650469784588982105,-0.173156738281,0.191345214844,0.404663085938,0.877258300781,-2128.0,-2415.0,5355.0,-4.0,1.0,-3.0,
1650469784593889236,-0.173400878906,0.191223144531,0.404479980469,0.877319335938,-2131.0,-2300.0,5328.0,0.0,3.0,-2.0,
1650469784598651885,-0.173522949219,0.191345214844,0.404235839844,0.877380371094,-2142.0,-2058.0,5372.0,3.0,5.0,-2.0,
1650469784603327035,-0.17333984375,0.191650390625,0.404113769531,0.877380371094,-2158.0,-1702.0,5439.0,3.0,6.0,-2.0,
1650469784608350515,-0.173095703125,0.192138671875,0.404052734375,0.877380371094,-2167.0,-1318.0,5444.0,2.0,8.0,-1.0,
1650469784612544536,-0.172973632812,0.192749023438,0.404113769531,0.877258300781,-2159.0,-938.0,5422.0,0.0,10.0,1.0,
1650469784617211103,-0.173095703125,0.193420410156,0.404174804688,0.877014160156,-2142.0,-634.0,5422.0,-6.0,13.0,1.0,
1650469784622725963,-0.173706054688,0.193908691406,0.404235839844,0.876770019531,-2295.0,-398.0,6524.0,-13.0,15.0,-1.0,
1650469784628953695,-0.174011230469,0.193786621094,0.404296875,0.876708984375,-2531.0,-278.0,7057.0,-16.0,12.0,-4.0,
1650469784633712291,-0.174621582031,0.194213867188,0.404357910156,0.87646484375,-2745.0,-179.0,6577.0,-15.0,16.0,-2.0,
1650469784638296604,-0.175964355469,0.195251464844,0.404357910156,0.8759765625,-3037.0,-24.0,6289.0,-17.0,20.0,-1.0,
1650469784642675638,-0.17724609375,0.196166992188,0.404357910156,0.87548828125,-3158.0,86.0,6321.0,-20.0,16.0,-4.0,
1650469784647476196,-0.1787109375,0.196594238281,0.404113769531,0.875244140625,-3277.0,-86.0,6529.0,-25.0,16.0,-9.0,
1650469784652827739,-0.180419921875,0.19677734375,0.403686523438,0.875,-3387.0,-448.0,6706.0,-24.0,17.0,-10.0,
1650469784657060384,-0.182006835938,0.196899414062,0.4033203125,0.874816894531,-3396.0,-831.0,6911.0,-18.0,14.0,-7.0,
1650469784664048194,-0.183044433594,0.196960449219,0.403198242188,0.874694824219,-3275.0,-954.0,7011.0,-11.0,12.0,-1.0,
1650469784668915987,-0.183654785156,0.197204589844,0.403259277344,0.874450683594,-3235.0,-1014.0,7103.0,-7.0,13.0,2.0,
1650469784673762559,-0.184020996094,0.197448730469,0.403381347656,0.874267578125,-3224.0,-1038.0,7195.0,-6.0,11.0,3.0,
1650469784678089618,-0.184326171875,0.197631835938,0.403442382812,0.874145507812,-3201.0,-1022.0,7245.0,-5.0,9.0,1.0,
1650469784682817220,-0.1845703125,0.197875976562,0.4033203125,0.874084472656,-3218.0,-957.0,7245.0,-5.0,9.0,-2.0,
1650469784687478303,-0.184936523438,0.198120117188,0.403137207031,0.8740234375,-3284.0,-923.0,7206.0,-6.0,10.0,-4.0,
1650469784692135572,-0.185424804688,0.198425292969,0.402893066406,0.873962402344,-3372.0,-938.0,7167.0,-7.0,9.0,-5.0,
1650469784696960687,-0.18603515625,0.198669433594,0.402648925781,0.873901367188,-3440.0,-1005.0,7101.0,-8.0,9.0,-5.0,
1650469784704039335,-0.186706542969,0.198974609375,0.40234375,0.873840332031,-3513.0,-1123.0,7034.0,-7.0,9.0,-5.0,
1650469784709038019,-0.187255859375,0.199279785156,0.402038574219,0.873779296875,-3536.0,-1265.0,6951.0,-4.0,9.0,-5.0,
1650469784713500022,-0.187622070312,0.199645996094,0.401672363281,0.873779296875,-3525.0,-1389.0,6819.0,0.0,9.0,-4.0,
1650469784718005657,-0.187683105469,0.200134277344,0.401245117188,0.873840332031,-3481.0,-1469.0,6656.0,5.0,8.0,-4.0,
1650469784725387573,-0.187561035156,0.20068359375,0.400756835938,0.873962402344,-3437.0,-1479.0,6489.0,10.0,8.0,-5.0,
1650469784729994058,-0.187133789062,0.201416015625,0.400207519531,0.874206542969,-3402.0,-1412.0,6305.0,14.0,8.0,-6.0,
1650469784734459877,-0.186584472656,0.202209472656,0.399597167969,0.874389648438,-3372.0,-1304.0,6107.0,15.0,8.0,-6.0,
1650469784738931417,-0.18603515625,0.203125,0.398986816406,0.874572753906,-3358.0,-1178.0,5969.0,15.0,9.0,-6.0,
1650469784743738412,-0.185485839844,0.204040527344,0.3984375,0.874694824219,-3361.0,-1068.0,5909.0,14.0,10.0,-5.0,
1650469784748355150,-0.184997558594,0.204956054688,0.398010253906,0.874816894531,-3379.0,-976.0,5935.0,13.0,10.0,-4.0,
1650469784753101587,-0.184448242188,0.205749511719,0.397644042969,0.874877929688,-3425.0,-897.0,6083.0,11.0,10.0,-4.0,
1650469784757590532,-0.183959960938,0.206481933594,0.397277832031,0.875,-3505.0,-786.0,6245.0,10.0,8.0,-4.0,
1650469784762284517,-0.183471679688,0.207092285156,0.39697265625,0.875061035156,-3630.0,-629.0,6433.0,8.0,7.0,-4.0,
1650469784766812562,-0.182983398438,0.207641601562,0.396850585938,0.875122070312,-3796.0,-461.0,6626.0,5.0,5.0,-3.0,
1650469784773712873,-0.1826171875,0.208129882812,0.396789550781,0.875122070312,-3979.0,-341.0,6827.0,2.0,4.0,-2.0,
1650469784779362201,-0.182434082031,0.208435058594,0.396789550781,0.875061035156,-4146.0,-304.0,7005.0,-2.0,2.0,-2.0,
1650469784783202409,-0.182495117188,0.208557128906,0.396728515625,0.875061035156,-4289.0,-348.0,7137.0,-5.0,1.0,-3.0,
1650469784788036584,-0.1826171875,0.208618164062,0.396728515625,0.875061035156,-4410.0,-437.0,7261.0,-5.0,0.0,-4.0,
1650469784793345451,-0.1826171875,0.20849609375,0.396606445312,0.875122070312,-4484.0,-537.0,7383.0,-2.0,-2.0,-4.0,
1650469784797612428,-0.182373046875,0.208312988281,0.396484375,0.875244140625,-4497.0,-640.0,7467.0,1.0,-5.0,-4.0,
1650469784802185297,-0.181945800781,0.2080078125,0.396362304688,0.87548828125,-4455.0,-719.0,7458.0,4.0,-8.0,-4.0,
1650469784806905269,-0.181335449219,0.207702636719,0.396179199219,0.875732421875,-4409.0,-776.0,7416.0,7.0,-9.0,-3.0,
1650469784813701391,-0.180480957031,0.207458496094,0.396057128906,0.876037597656,-4338.0,-835.0,7275.0,10.0,-9.0,-3.0,
1650469784818876504,-0.179626464844,0.207275390625,0.395874023438,0.876342773438,-4279.0,-855.0,7129.0,13.0,-9.0,-2.0,
1650469784823901176,-0.178527832031,0.207214355469,0.395751953125,0.876647949219,-4213.0,-851.0,6971.0,15.0,-10.0,-2.0,
1650469784830939054,-0.177490234375,0.207153320312,0.395568847656,0.876953125,-4167.0,-820.0,6809.0,15.0,-9.0,-2.0,
1650469784838672876,-0.175903320312,0.207214355469,0.395324707031,0.877380371094,-4139.0,-846.0,6438.0,9.0,-7.0,-2.0,
1650469784843409299,-0.175537109375,0.207275390625,0.395202636719,0.87744140625,-4162.0,-933.0,6260.0,7.0,-5.0,-2.0,
1650469784847900390,-0.17529296875,0.207458496094,0.39501953125,0.877563476562,-4209.0,-1050.0,6112.0,6.0,-3.0,-2.0,
1650469784852708816,-0.175231933594,0.207702636719,0.394775390625,0.877624511719,-4260.0,-1162.0,5994.0,5.0,-1.0,-3.0,
1650469784857318401,-0.175354003906,0.207946777344,0.39453125,0.877624511719,-4312.0,-1255.0,5922.0,4.0,0.0,-3.0,
1650469784862151622,-0.175598144531,0.208190917969,0.394226074219,0.877685546875,-4371.0,-1322.0,5903.0,2.0,1.0,-4.0,
1650469784868813991,-0.175964355469,0.20849609375,0.393981933594,0.877624511719,-4450.0,-1399.0,5951.0,-1.0,2.0,-4.0,
1650469784873898744,-0.176574707031,0.208679199219,0.393859863281,0.877563476562,-4542.0,-1459.0,6062.0,-4.0,3.0,-3.0,
1650469784878415107,-0.177124023438,0.208923339844,0.393737792969,0.87744140625,-4653.0,-1520.0,6204.0,-6.0,4.0,-2.0,
1650469784883193254,-0.177734375,0.209167480469,0.393676757812,0.877258300781,-4781.0,-1582.0,6389.0,-5.0,4.0,-1.0,
1650469784887605190,-0.17822265625,0.209411621094,0.3935546875,0.877136230469,-4895.0,-1686.0,6567.0,-4.0,4.0,-1.0,
1650469784892194986,-0.178771972656,0.209594726562,0.393371582031,0.877075195312,-4986.0,-1787.0,6782.0,-3.0,3.0,-3.0,
1650469784897065162,-0.179138183594,0.209716796875,0.393127441406,0.877075195312,-5011.0,-1849.0,6981.0,-1.0,2.0,-4.0,
1650469784903726816,-0.179443359375,0.209838867188,0.392761230469,0.877136230469,-5001.0,-1851.0,7179.0,0.0,2.0,-5.0,
1650469784908594846,-0.179626464844,0.2099609375,0.392395019531,0.877258300781,-5009.0,-1804.0,7345.0,0.0,3.0,-6.0,
1650469784913677453,-0.179748535156,0.210144042969,0.392028808594,0.877380371094,-5057.0,-1732.0,7445.0,1.0,3.0,-6.0,
1650469784918118000,-0.179809570312,0.210266113281,0.391723632812,0.87744140625,-5095.0,-1656.0,7473.0,1.0,1.0,-6.0,
1650469784922701358,-0.179931640625,0.210327148438,0.391418457031,0.877563476562,-5109.0,-1633.0,7462.0,-1.0,-1.0,-6.0,
1650469784927761554,-0.18017578125,0.210266113281,0.391174316406,0.877624511719,-5133.0,-1652.0,7452.0,-3.0,-2.0,-6.0,
1650469784934738636,-0.180419921875,0.210021972656,0.390930175781,0.877746582031,-5153.0,-1716.0,7439.0,-4.0,-4.0,-6.0,
1650469784939723253,-0.180786132812,0.209716796875,0.390747070312,0.877868652344,-5169.0,-1817.0,7429.0,-4.0,-6.0,-6.0,
1650469784944190263,-0.181030273438,0.209228515625,0.390502929688,0.877990722656,-5182.0,-1921.0,7415.0,-3.0,-8.0,-6.0,
1650469784949107170,-0.18115234375,0.208740234375,0.390197753906,0.878234863281,-5214.0,-1995.0,7420.0,0.0,-10.0,-6.0,
1650469784953665256,-0.18115234375,0.208190917969,0.389953613281,0.878479003906,-5272.0,-2006.0,7441.0,2.0,-11.0,-6.0,
1650469784958208560,-0.180969238281,0.207702636719,0.389709472656,0.878723144531,-5361.0,-1915.0,7496.0,2.0,-13.0,-6.0,
1650469784964287042,-0.1806640625,0.207153320312,0.389587402344,0.878967285156,-5450.0,-1727.0,7551.0,2.0,-14.0,-5.0,
1650469784969954252,-0.180297851562,0.206604003906,0.3896484375,0.879150390625,-5542.0,-1498.0,7640.0,-1.0,-16.0,-3.0,
1650469784973211050,-0.180114746094,0.205932617188,0.389953613281,0.879211425781,-5612.0,-1271.0,7702.0,-6.0,-17.0,-2.0,
1650469784977018356,-0.180114746094,0.205017089844,0.390380859375,0.879211425781,-5641.0,-1078.0,7815.0,-13.0,-18.0,0.0,
1650469784983840465,-0.180297851562,0.203979492188,0.390991210938,0.879150390625,-5639.0,-935.0,7859.0,-17.0,-19.0,2.0,
1650469784988813161,-0.1806640625,0.202819824219,0.391845703125,0.878967285156,-5623.0,-845.0,7783.0,-20.0,-19.0,5.0,
1650469784993459463,-0.18115234375,0.201782226562,0.392761230469,0.878723144531,-5592.0,-764.0,7614.0,-21.0,-18.0,7.0,
1650469784998186588,-0.181823730469,0.200744628906,0.393798828125,0.878356933594,-5525.0,-710.0,7439.0,-25.0,-18.0,9.0,
1650469785003234148,-0.182800292969,0.199584960938,0.394897460938,0.8779296875,-5435.0,-750.0,7274.0,-30.0,-17.0,9.0,
1650469785008099794,-0.184143066406,0.198303222656,0.396057128906,0.877380371094,-5347.0,-902.0,7170.0,-34.0,-16.0,10.0,
1650469785012564420,-0.185729980469,0.196899414062,0.397216796875,0.876831054688,-5241.0,-1159.0,7120.0,-36.0,-15.0,11.0,
1650469785018011331,-0.187255859375,0.195495605469,0.398376464844,0.876281738281,-5121.0,-1487.0,7123.0,-33.0,-15.0,12.0,
1650469785022280454,-0.1884765625,0.194152832031,0.399475097656,0.875854492188,-5015.0,-1827.0,7163.0,-26.0,-15.0,13.0,
1650469785028865814,-0.189208984375,0.19287109375,0.400512695312,0.87548828125,-4878.0,-2112.0,7205.0,-17.0,-16.0,14.0,
1650469785035560846,-0.189392089844,0.191711425781,0.4013671875,0.875305175781,-4778.0,-2227.0,7309.0,-7.0,-18.0,13.0,
1650469785044167757,-0.187927246094,0.189819335938,0.403198242188,0.875244140625,-4443.0,-2025.0,7126.0,6.0,-22.0,14.0,
1650469785048475503,-0.186889648438,0.18896484375,0.404113769531,0.875244140625,-4258.0,-1916.0,6972.0,6.0,-21.0,13.0,
1650469785053239583,-0.186157226562,0.188049316406,0.404846191406,0.875244140625,-4080.0,-1850.0,6825.0,2.0,-19.0,10.0,
1650469785069451570,-0.185668945312,0.187133789062,0.405395507812,0.875244140625,-3882.0,-1745.0,6615.0,0.0,-18.0,7.0,
1650469785070282697,-0.185119628906,0.186401367188,0.405944824219,0.875305175781,-3667.0,-1495.0,6374.0,1.0,-16.0,7.0,
1650469785070918321,-0.184265136719,0.185852050781,0.406616210938,0.875244140625,-3440.0,-1124.0,6095.0,4.0,-15.0,9.0,
1650469785089188575,-0.183166503906,0.185607910156,0.407470703125,0.875122070312,-3215.0,-738.0,5849.0,4.0,-13.0,12.0,
1650469785090352296,-0.182373046875,0.185424804688,0.408508300781,0.874877929688,-3016.0,-449.0,5659.0,-2.0,-9.0,14.0,
1650469785090935707,-0.18212890625,0.185180664062,0.409606933594,0.874450683594,-2852.0,-307.0,5543.0,-9.0,-6.0,14.0,
1650469785091246366,-0.182434082031,0.184814453125,0.410583496094,0.8740234375,-2714.0,-320.0,5469.0,-17.0,-3.0,12.0,
1650469785093620061,-0.183349609375,0.184265136719,0.411376953125,0.87353515625,-2584.0,-497.0,5390.0,-23.0,0.0,9.0,
1650469785099061727,-0.184814453125,0.183654785156,0.411987304688,0.873107910156,-2450.0,-840.0,5353.0,-26.0,2.0,7.0,
1650469785102428436,-0.186584472656,0.182922363281,0.412414550781,0.872680664062,-2289.0,-1357.0,5268.0,-28.0,6.0,4.0,
1650469785106984376,-0.188659667969,0.182250976562,0.412475585938,0.872314453125,-2159.0,-1889.0,5333.0,-25.0,8.0,2.0,
1650469785113723039,-0.1904296875,0.181579589844,0.412414550781,0.872131347656,-2054.0,-2365.0,5434.0,-18.0,9.0,0.0,
1650469785118870973,-0.191772460938,0.18115234375,0.412170410156,0.8720703125,-1992.0,-2723.0,5524.0,-10.0,9.0,-1.0,
1650469785123976469,-0.192565917969,0.180969238281,0.411804199219,0.8720703125,-1957.0,-2858.0,5634.0,-1.0,9.0,-2.0,
1650469785128798007,-0.192687988281,0.18115234375,0.411376953125,0.872192382812,-1961.0,-2769.0,5727.0,8.0,9.0,-1.0,
1650469785136130571,-0.192321777344,0.181701660156,0.411071777344,0.872314453125,-2003.0,-2542.0,5770.0,13.0,10.0,-1.0,
1650469785139817953,-0.191711425781,0.182495117188,0.410766601562,0.872436523438,-2016.0,-2262.0,5761.0,15.0,11.0,0.0,
1650469785144898891,-0.191223144531,0.183349609375,0.410461425781,0.872497558594,-2020.0,-1963.0,5749.0,12.0,13.0,-1.0,
1650469785149714946,-0.19091796875,0.184204101562,0.410217285156,0.872497558594,-2028.0,-1640.0,5729.0,8.0,15.0,-2.0,
1650469785154254913,-0.190795898438,0.184997558594,0.409973144531,0.872497558594,-2256.0,-1208.0,6893.0,2.0,14.0,-3.0,
1650469785159081459,-0.189819335938,0.185363769531,0.409973144531,0.872619628906,-2372.0,-746.0,6647.0,3.0,11.0,-1.0,
1650469785163624525,-0.189697265625,0.186767578125,0.410095214844,0.872253417969,-2585.0,-263.0,6109.0,0.0,19.0,3.0,
1650469785168217658,-0.190612792969,0.188232421875,0.410339355469,0.871643066406,-2781.0,200.0,5783.0,-17.0,22.0,2.0,
1650469785172937154,-0.192260742188,0.189270019531,0.41064453125,0.870910644531,-2883.0,390.0,5811.0,-32.0,21.0,-1.0,
1650469785177860975,-0.194580078125,0.189758300781,0.410766601562,0.870239257812,-2960.0,75.0,6045.0,-41.0,23.0,-5.0,
1650469785182474136,-0.197448730469,0.189819335938,0.410583496094,0.869689941406,-3029.0,-538.0,6348.0,-42.0,25.0,-8.0,
1650469785186918497,-0.200134277344,0.189697265625,0.410095214844,0.869323730469,-3097.0,-1160.0,6635.0,-33.0,22.0,-9.0,
1650469785194096803,-0.202087402344,0.189636230469,0.409423828125,0.869201660156,-2998.0,-1623.0,6824.0,-18.0,19.0,-9.0,
1650469785198716878,-0.203125,0.189697265625,0.40869140625,0.869262695312,-2999.0,-1898.0,7016.0,-5.0,17.0,-8.0,
1650469785203605413,-0.203491210938,0.18994140625,0.408020019531,0.869445800781,-3027.0,-1968.0,7137.0,4.0,13.0,-7.0,
1650469785209025621,-0.203369140625,0.190307617188,0.407409667969,0.869689941406,-3130.0,-1884.0,7243.0,8.0,9.0,-8.0,
1650469785212629556,-0.202941894531,0.190734863281,0.40673828125,0.869995117188,-3256.0,-1700.0,7326.0,10.0,8.0,-9.0,
1650469785217379570,-0.202575683594,0.191223144531,0.406127929688,0.870300292969,-3426.0,-1500.0,7399.0,7.0,7.0,-11.0,
1650469785222738027,-0.202392578125,0.191650390625,0.405456542969,0.870544433594,-3625.0,-1378.0,7497.0,3.0,6.0,-12.0,
1650469785226812362,-0.202392578125,0.19189453125,0.404846191406,0.870727539062,-3800.0,-1359.0,7580.0,0.0,5.0,-12.0,
1650469785233603954,-0.202514648438,0.192077636719,0.404296875,0.870971679688,-3938.0,-1440.0,7642.0,0.0,4.0,-11.0,
1650469785240169048,-0.20263671875,0.192199707031,0.403686523438,0.871215820312,-4048.0,-1577.0,7676.0,1.0,3.0,-11.0,
1650469785248502969,-0.202392578125,0.192199707031,0.402160644531,0.871948242188,-4115.0,-1766.0,7570.0,9.0,-1.0,-13.0,
1650469785253218412,-0.201721191406,0.192260742188,0.401306152344,0.872497558594,-4068.0,-1726.0,7483.0,15.0,-3.0,-13.0,
1650469785258088111,-0.200622558594,0.192321777344,0.400451660156,0.873107910156,-4008.0,-1621.0,7389.0,20.0,-4.0,-13.0,
1650469785262979507,-0.199340820312,0.192504882812,0.399658203125,0.873718261719,-3960.0,-1513.0,7229.0,22.0,-5.0,-12.0,
1650469785267613172,-0.198120117188,0.192749023438,0.39892578125,0.874328613281,-3932.0,-1420.0,7056.0,21.0,-5.0,-12.0,
1650469785272273302,-0.197082519531,0.192993164062,0.398193359375,0.874816894531,-3951.0,-1345.0,6942.0,18.0,-4.0,-12.0,
1650469785277566194,-0.196228027344,0.193176269531,0.397521972656,0.875244140625,-3985.0,-1286.0,6868.0,15.0,-3.0,-11.0,
1650469785285557508,-0.195495605469,0.193359375,0.39697265625,0.875610351562,-4023.0,-1226.0,6807.0,13.0,-3.0,-9.0,
1650469785290189504,-0.19482421875,0.193603515625,0.396484375,0.875915527344,-4039.0,-1128.0,6742.0,11.0,-3.0,-7.0,
1650469785293419361,-0.194152832031,0.193786621094,0.396179199219,0.876159667969,-4064.0,-1002.0,6693.0,9.0,-3.0,-6.0,
1650469785297901153,-0.193542480469,0.194030761719,0.39599609375,0.876342773438,-4075.0,-864.0,6610.0,8.0,-3.0,-4.0,
1650469785302644729,-0.192993164062,0.194274902344,0.395874023438,0.87646484375,-4082.0,-799.0,6515.0,6.0,-2.0,-3.0,
1650469785307439327,-0.192626953125,0.194580078125,0.395751953125,0.876525878906,-4140.0,-866.0,6459.0,4.0,-1.0,-3.0,
1650469785313409566,-0.192504882812,0.19482421875,0.395446777344,0.876647949219,-4194.0,-1007.0,6459.0,4.0,0.0,-5.0,
1650469785317150831,-0.192321777344,0.195007324219,0.395080566406,0.876831054688,-4225.0,-1135.0,6479.0,6.0,-1.0,-6.0,
1650469785323786497,-0.191955566406,0.195190429688,0.394653320312,0.877075195312,-4238.0,-1222.0,6499.0,9.0,-2.0,-6.0,
1650469785328486680,-0.19140625,0.195434570312,0.394287109375,0.877258300781,-4247.0,-1291.0,6500.0,12.0,-2.0,-4.0,
1650469785333077907,-0.190734863281,0.195678710938,0.393981933594,0.877502441406,-4244.0,-1333.0,6486.0,14.0,-2.0,-3.0,
1650469785339696884,-0.190002441406,0.196044921875,0.393737792969,0.877685546875,-4243.0,-1369.0,6468.0,15.0,-2.0,-2.0,
1650469785344462156,-0.189147949219,0.196472167969,0.393432617188,0.8779296875,-4241.0,-1418.0,6442.0,16.0,-2.0,-2.0,
1650469785349434375,-0.188354492188,0.196899414062,0.393127441406,0.878112792969,-4217.0,-1440.0,6423.0,17.0,-1.0,-2.0,
1650469785356806516,-0.187438964844,0.197387695312,0.392822265625,0.878356933594,-4166.0,-1421.0,6407.0,18.0,-1.0,-1.0,
1650469785358799934,-0.186462402344,0.197875976562,0.392578125,0.878540039062,-4092.0,-1383.0,6377.0,18.0,0.0,-1.0,
1650469785363750696,-0.185485839844,0.198364257812,0.392395019531,0.878723144531,-4022.0,-1366.0,6340.0,18.0,1.0,0.0,
1650469785368043422,-0.184631347656,0.198913574219,0.392211914062,0.87890625,-3972.0,-1347.0,6341.0,17.0,1.0,0.0,
1650469785373039960,-0.183715820312,0.199462890625,0.391906738281,0.879089355469,-3950.0,-1308.0,6402.0,17.0,2.0,-1.0,
1650469785377857446,-0.182800292969,0.199951171875,0.391662597656,0.879272460938,-3959.0,-1278.0,6479.0,17.0,2.0,-2.0,
1650469785382274150,-0.181945800781,0.200500488281,0.391296386719,0.879516601562,-3992.0,-1258.0,6567.0,16.0,2.0,-3.0,
1650469785386734485,-0.18115234375,0.200988769531,0.390930175781,0.879699707031,-4051.0,-1242.0,6673.0,15.0,2.0,-3.0,
1650469785395040512,-0.180480957031,0.201416015625,0.390625,0.8798828125,-4135.0,-1259.0,6799.0,13.0,1.0,-4.0,
1650469785398508787,-0.179870605469,0.20166015625,0.390197753906,0.880126953125,-4214.0,-1329.0,6946.0,12.0,0.0,-5.0,
1650469785403359174,-0.179382324219,0.201843261719,0.389770507812,0.88037109375,-4279.0,-1436.0,7090.0,11.0,-2.0,-6.0,
1650469785408153295,-0.178833007812,0.201843261719,0.389282226562,0.880737304688,-4307.0,-1588.0,7188.0,12.0,-3.0,-7.0,
1650469785412898063,-0.178283691406,0.201782226562,0.388671875,0.881103515625,-4300.0,-1791.0,7236.0,14.0,-5.0,-8.0,
1650469785419470787,-0.177612304688,0.20166015625,0.387878417969,0.881591796875,-4274.0,-2017.0,7238.0,17.0,-6.0,-10.0,
1650469785422361850,-0.176818847656,0.201538085938,0.386962890625,0.882202148438,-4204.0,-2222.0,7173.0,21.0,-7.0,-12.0,
1650469785427228212,-0.175842285156,0.201416015625,0.385864257812,0.882934570312,-4097.0,-2413.0,7060.0,26.0,-7.0,-14.0,
1650469785431962251,-0.174682617188,0.201416015625,0.384643554688,0.883666992188,-3972.0,-2555.0,6928.0,30.0,-6.0,-15.0,
1650469785438664436,-0.173278808594,0.201599121094,0.38330078125,0.884521484375,-3843.0,-2616.0,6802.0,34.0,-5.0,-16.0,
1650469785446117877,-0.171691894531,0.201904296875,0.381896972656,0.885314941406,-3733.0,-2561.0,6640.0,38.0,-4.0,-16.0,
1650469785450172901,-0.169860839844,0.202453613281,0.380615234375,0.886169433594,-3631.0,-2372.0,6464.0,41.0,-3.0,-15.0,
1650469785457060813,-0.167846679688,0.203186035156,0.379333496094,0.886901855469,-3562.0,-2044.0,6285.0,41.0,-1.0,-14.0,
1650469785464053153,-0.165832519531,0.204162597656,0.378173828125,0.887512207031,-3522.0,-1595.0,6090.0,38.0,1.0,-13.0,
1650469785465099096,-0.163940429688,0.205261230469,0.377258300781,0.888000488281,-3494.0,-1055.0,5932.0,33.0,4.0,-11.0,
1650469785468633651,-0.162170410156,0.206481933594,0.376647949219,0.888305664062,-3472.0,-496.0,5824.0,27.0,5.0,-7.0,
1650469785473386049,-0.160583496094,0.207763671875,0.376342773438,0.888427734375,-3457.0,36.0,5803.0,20.0,7.0,-4.0,
1650469785477930307,-0.159301757812,0.208923339844,0.376281738281,0.888427734375,-3449.0,480.0,5872.0,13.0,8.0,-2.0,
1650469785482546806,-0.158386230469,0.209899902344,0.376342773438,0.888366699219,-3452.0,827.0,5963.0,6.0,9.0,0.0,
1650469785486914873,-0.157897949219,0.210754394531,0.376525878906,0.88818359375,-3490.0,1059.0,6079.0,-1.0,10.0,0.0,
1650469785495395183,-0.157897949219,0.21142578125,0.376708984375,0.887939453125,-3568.0,1150.0,6215.0,-8.0,10.0,-1.0,
1650469785498559236,-0.158325195312,0.2119140625,0.376831054688,0.887634277344,-3664.0,1093.0,6343.0,-14.0,10.0,-2.0,
1650469785503449440,-0.159301757812,0.212219238281,0.377014160156,0.887329101562,-3747.0,898.0,6455.0,-20.0,10.0,-3.0,
1650469785508034706,-0.160583496094,0.212280273438,0.377136230469,0.887023925781,-3809.0,618.0,6557.0,-23.0,9.0,-3.0,
1650469785513023853,-0.162048339844,0.212219238281,0.377258300781,0.88671875,-3851.0,303.0,6668.0,-24.0,9.0,-2.0,
1650469785517505645,-0.163513183594,0.212097167969,0.37744140625,0.886413574219,-3861.0,19.0,6761.0,-23.0,8.0,-1.0,
1650469785522173404,-0.164794921875,0.211975097656,0.377624511719,0.886108398438,-3865.0,-225.0,6805.0,-21.0,7.0,1.0,
1650469785527133703,-0.166015625,0.2119140625,0.3779296875,0.885803222656,-3865.0,-429.0,6800.0,-18.0,7.0,2.0,
1650469785534922122,-0.167114257812,0.211975097656,0.378173828125,0.885437011719,-3858.0,-642.0,6757.0,-17.0,8.0,2.0,
1650469785538380622,-0.168334960938,0.211975097656,0.378356933594,0.885131835938,-3871.0,-859.0,6742.0,-17.0,8.0,1.0,
1650469785544361829,-0.169677734375,0.211975097656,0.37841796875,0.884887695312,-3891.0,-1087.0,6741.0,-17.0,8.0,-1.0,
1650469785550319194,-0.171020507812,0.2119140625,0.378356933594,0.884643554688,-3938.0,-1298.0,6787.0,-17.0,8.0,-3.0,
1650469785556687116,-0.172424316406,0.211853027344,0.378234863281,0.884460449219,-3993.0,-1452.0,6881.0,-17.0,8.0,-4.0,
1650469785561322927,-0.173828125,0.211730957031,0.378051757812,0.88427734375,-4050.0,-1540.0,7015.0,-18.0,8.0,-5.0,
1650469785566129922,-0.17529296875,0.211608886719,0.3779296875,0.884094238281,-4163.0,-1586.0,7202.0,-20.0,9.0,-5.0,
1650469785571049928,-0.176574707031,0.211486816406,0.377746582031,0.883911132812,-4303.0,-1610.0,7351.0,-19.0,8.0,-5.0,
1650469785575662374,-0.177856445312,0.21142578125,0.377563476562,0.883728027344,-4448.0,-1660.0,7510.0,-18.0,6.0,-6.0,
1650469785580130100,-0.17919921875,0.211181640625,0.377319335938,0.883666992188,-4600.0,-1731.0,7679.0,-19.0,5.0,-8.0,
1650469785583472490,-0.180541992188,0.210815429688,0.376953125,0.883605957031,-4746.0,-1828.0,7819.0,-19.0,3.0,-11.0,
1650469785588233947,-0.181884765625,0.210327148438,0.376525878906,0.883666992188,-4864.0,-1919.0,7922.0,-19.0,0.0,-12.0,
1650469785592844963,-0.18310546875,0.209655761719,0.376037597656,0.883728027344,-4958.0,-1997.0,7975.0,-18.0,-3.0,-12.0,
1650469785597470283,-0.184143066406,0.208862304688,0.375671386719,0.883911132812,-5032.0,-2055.0,7964.0,-16.0,-6.0,-12.0,
1650469785602003574,-0.184875488281,0.2080078125,0.375305175781,0.884094238281,-5075.0,-2091.0,7911.0,-12.0,-10.0,-11.0,
1650469785606912612,-0.185363769531,0.207153320312,0.375,0.884338378906,-5130.0,-2111.0,7853.0,-8.0,-13.0,-10.0,
1650469785614978075,-0.185546875,0.206237792969,0.374694824219,0.884643554688,-5178.0,-2084.0,7794.0,-5.0,-15.0,-9.0,
1650469785618428707,-0.185485839844,0.205383300781,0.374389648438,0.884948730469,-5210.0,-1988.0,7726.0,-2.0,-17.0,-9.0,
1650469785623270034,-0.185119628906,0.204528808594,0.374267578125,0.885314941406,-5222.0,-1816.0,7649.0,1.0,-19.0,-7.0,
1650469785628156661,-0.1845703125,0.203735351562,0.374267578125,0.885620117188,-5211.0,-1574.0,7510.0,1.0,-19.0,-5.0,
1650469785633080005,-0.184020996094,0.203063964844,0.374389648438,0.885803222656,-5195.0,-1310.0,7362.0,0.0,-19.0,-2.0,
1650469785637247323,-0.18359375,0.202453613281,0.374755859375,0.885864257812,-5186.0,-1090.0,7224.0,-3.0,-18.0,0.0,
1650469785643055915,-0.183410644531,0.201843261719,0.375183105469,0.885864257812,-5193.0,-943.0,7118.0,-9.0,-16.0,1.0,
1650469785649523258,-0.18359375,0.201110839844,0.375671386719,0.885803222656,-5205.0,-885.0,7062.0,-13.0,-16.0,1.0,
1650469785654457807,-0.183898925781,0.200378417969,0.376220703125,0.885681152344,-5237.0,-903.0,7046.0,-15.0,-15.0,2.0,
1650469785659064769,-0.184204101562,0.199584960938,0.376831054688,0.885498046875,-5268.0,-973.0,7101.0,-14.0,-16.0,4.0,
1650469785664216995,-0.184448242188,0.198791503906,0.377502441406,0.885375976562,-5333.0,-1055.0,7149.0,-12.0,-16.0,6.0,
1650469785668727636,-0.184448242188,0.198120117188,0.378295898438,0.885192871094,-5414.0,-1121.0,7149.0,-8.0,-16.0,9.0,
1650469785686892271,-0.184265136719,0.197570800781,0.379150390625,0.884948730469,-5463.0,-1150.0,7116.0,-5.0,-17.0,11.0,
1650469785687632799,-0.184020996094,0.197082519531,0.380065917969,0.884765625,-5456.0,-1194.0,6995.0,-3.0,-18.0,12.0,
1650469785688097953,-0.183715820312,0.196594238281,0.381042480469,0.884521484375,-5449.0,-1268.0,6959.0,-3.0,-18.0,13.0,
1650469785700704097,-0.183410644531,0.195983886719,0.382019042969,0.88427734375,-5425.0,-1326.0,6945.0,-3.0,-18.0,14.0,
1650469785702142000,-0.183044433594,0.195373535156,0.383056640625,0.884033203125,-5360.0,-1334.0,6920.0,-2.0,-19.0,15.0,
1650469785702937602,-0.182495117188,0.194763183594,0.38427734375,0.8837890625,-5244.0,-1268.0,6900.0,-1.0,-19.0,18.0,
1650469785706103563,-0.181762695312,0.194213867188,0.385620117188,0.883422851562,-5127.0,-1054.0,7071.0,0.0,-19.0,21.0,
1650469785710549592,-0.180786132812,0.193542480469,0.387268066406,0.883056640625,-4887.0,-849.0,6878.0,-3.0,-19.0,23.0,
1650469785715518951,-0.180114746094,0.193054199219,0.388916015625,0.882568359375,-4543.0,-725.0,6567.0,-5.0,-17.0,24.0,
1650469785723576545,-0.179809570312,0.192504882812,0.390441894531,0.882080078125,-4218.0,-822.0,6352.0,-9.0,-13.0,23.0,
1650469785725918531,-0.18017578125,0.19189453125,0.391662597656,0.881591796875,-3945.0,-1115.0,6261.0,-14.0,-8.0,18.0,
1650469785733845949,-0.181030273438,0.190979003906,0.392578125,0.881225585938,-3693.0,-1459.0,6198.0,-17.0,-7.0,13.0,
1650469785738294601,-0.181884765625,0.190063476562,0.393188476562,0.880981445312,-3460.0,-1739.0,6124.0,-14.0,-6.0,9.0,
1650469785742987632,-0.182495117188,0.189270019531,0.393676757812,0.880798339844,-3264.0,-1918.0,6004.0,-9.0,-6.0,8.0,
1650469785753845453,-0.182861328125,0.188659667969,0.394226074219,0.880615234375,-3120.0,-2000.0,5887.0,-6.0,-5.0,9.0,
1650469785754795551,-0.183227539062,0.188232421875,0.394775390625,0.88037109375,-2988.0,-2026.0,5733.0,-7.0,-4.0,10.0,
1650469785756498336,-0.183654785156,0.187927246094,0.395385742188,0.880065917969,-2873.0,-2004.0,5594.0,-7.0,-2.0,10.0,
1650469785764539957,-0.184692382812,0.187622070312,0.396484375,0.879455566406,-2674.0,-1949.0,5397.0,-9.0,3.0,9.0,
1650469785769720315,-0.185424804688,0.187622070312,0.39697265625,0.879089355469,-2574.0,-1846.0,5304.0,-11.0,5.0,8.0,
1650469785773486852,-0.186096191406,0.187744140625,0.397399902344,0.878662109375,-2477.0,-1720.0,5258.0,-11.0,7.0,8.0,
1650469785778190374,-0.186767578125,0.187805175781,0.397888183594,0.878295898438,-2407.0,-1664.0,5310.0,-12.0,8.0,8.0,
1650469785782633543,-0.187683105469,0.187866210938,0.398254394531,0.8779296875,-2389.0,-1757.0,5417.0,-15.0,9.0,5.0,
1650469785786961555,-0.188842773438,0.187744140625,0.398376464844,0.877685546875,-2384.0,-1944.0,5581.0,-16.0,10.0,2.0,
1650469785793948650,-0.190063476562,0.187561035156,0.398315429688,0.877502441406,-2393.0,-2096.0,5768.0,-14.0,10.0,-1.0,
1650469785800421714,-0.190979003906,0.1875,0.398071289062,0.87744140625,-2415.0,-2174.0,5906.0,-9.0,9.0,-3.0,
1650469785803315877,-0.191467285156,0.187561035156,0.397766113281,0.87744140625,-2432.0,-2124.0,5968.0,-2.0,9.0,-3.0,
1650469785811865091,-0.191528320312,0.187866210938,0.3974609375,0.877502441406,-2438.0,-1973.0,5999.0,3.0,9.0,-3.0,
1650469785816013097,-0.19140625,0.188293457031,0.397216796875,0.877502441406,-2452.0,-1757.0,6010.0,4.0,9.0,-2.0,
1650469785817834138,-0.191284179688,0.188903808594,0.397033691406,0.877502441406,-2479.0,-1523.0,6113.0,4.0,10.0,-1.0,
1650469785822367429,-0.191101074219,0.189392089844,0.396911621094,0.877502441406,-2589.0,-1265.0,6730.0,1.0,10.0,-2.0,
1650469785830073595,-0.190612792969,0.189697265625,0.396911621094,0.877563476562,-2719.0,-998.0,6845.0,2.0,9.0,-1.0,
1650469785833213806,-0.190368652344,0.190490722656,0.39697265625,0.877380371094,-2869.0,-749.0,6692.0,0.0,12.0,1.0,
1650469785837945461,-0.190734863281,0.191284179688,0.397094726562,0.877075195312,-3027.0,-491.0,6628.0,-7.0,13.0,1.0,
1650469785842762231,-0.191345214844,0.19189453125,0.397277832031,0.876708984375,-3094.0,-273.0,6737.0,-15.0,11.0,0.0,
1650469785847466468,-0.192077636719,0.192077636719,0.3974609375,0.87646484375,-3132.0,-263.0,6952.0,-20.0,10.0,-2.0,
1650469785861254215,-0.193115234375,0.191955566406,0.397521972656,0.876220703125,-3114.0,-486.0,7207.0,-22.0,10.0,-3.0,
1650469785864213943,-0.1943359375,0.191711425781,0.3974609375,0.876037597656,-3154.0,-811.0,7436.0,-20.0,11.0,-4.0,
1650469785866035699,-0.1953125,0.191528320312,0.397216796875,0.8759765625,-3215.0,-1156.0,7576.0,-14.0,9.0,-4.0,
1650469785868204593,-0.195922851562,0.19140625,0.39697265625,0.8759765625,-3244.0,-1459.0,7622.0,-5.0,6.0,-4.0,
1650469785873094797,-0.196105957031,0.191345214844,0.396545410156,0.876159667969,-3275.0,-1702.0,7615.0,3.0,5.0,-5.0,
1650469785877514123,-0.196044921875,0.191345214844,0.39599609375,0.876403808594,-3333.0,-1880.0,7569.0,7.0,4.0,-7.0,
1650469785887090921,-0.195861816406,0.191467285156,0.395385742188,0.876708984375,-3419.0,-1988.0,7475.0,9.0,3.0,-8.0,
1650469785888502120,-0.195617675781,0.191650390625,0.394714355469,0.877014160156,-3508.0,-2015.0,7378.0,11.0,2.0,-9.0,
1650469785894528150,-0.195129394531,0.19189453125,0.394104003906,0.877319335938,-3592.0,-1948.0,7250.0,13.0,1.0,-8.0,
1650469785900418281,-0.194396972656,0.192321777344,0.3935546875,0.877624511719,-3647.0,-1770.0,7084.0,16.0,0.0,-6.0,
1650469785903876304,-0.193420410156,0.192810058594,0.393188476562,0.8779296875,-3671.0,-1527.0,6902.0,17.0,0.0,-4.0,
1650469785907243728,-0.192321777344,0.193420410156,0.392944335938,0.878112792969,-3655.0,-1247.0,6712.0,17.0,0.0,-2.0,
1650469785911922931,-0.191284179688,0.194091796875,0.392883300781,0.878234863281,-3613.0,-983.0,6567.0,14.0,1.0,0.0,
1650469785920581102,-0.1904296875,0.194641113281,0.392883300781,0.878295898438,-3538.0,-770.0,6398.0,11.0,2.0,1.0,
1650469785925352096,-0.189819335938,0.195129394531,0.392944335938,0.878295898438,-3466.0,-614.0,6259.0,6.0,3.0,1.0,
1650469785930224895,-0.189575195312,0.195556640625,0.393005371094,0.878234863281,-3398.0,-538.0,6184.0,0.0,5.0,0.0,
1650469785933099508,-0.189697265625,0.195922851562,0.39306640625,0.878112792969,-3364.0,-520.0,6155.0,-4.0,6.0,0.0,
1650469785938088178,-0.18994140625,0.196228027344,0.393127441406,0.8779296875,-3350.0,-538.0,6149.0,-6.0,7.0,0.0,
1650469785942668914,-0.190246582031,0.196533203125,0.393188476562,0.877746582031,-3370.0,-581.0,6178.0,-6.0,8.0,1.0,
1650469785947388172,-0.190673828125,0.196899414062,0.393371582031,0.877563476562,-3411.0,-663.0,6226.0,-7.0,8.0,2.0,
1650469785954215526,-0.191162109375,0.197204589844,0.393493652344,0.877258300781,-3487.0,-767.0,6305.0,-8.0,8.0,3.0,
1650469785959701061,-0.191711425781,0.197509765625,0.393676757812,0.877014160156,-3583.0,-898.0,6413.0,-8.0,8.0,2.0,
1650469785964280843,-0.192260742188,0.197814941406,0.393798828125,0.876770019531,-3694.0,-1086.0,6558.0,-7.0,7.0,2.0,
1650469785968901157,-0.192749023438,0.197998046875,0.393798828125,0.876647949219,-3805.0,-1295.0,6737.0,-6.0,6.0,1.0,
1650469785973522663,-0.193176269531,0.198120117188,0.393798828125,0.876525878906,-3906.0,-1502.0,6887.0,-3.0,5.0,0.0,
1650469785978944301,-0.193359375,0.1982421875,0.393676757812,0.876525878906,-3981.0,-1675.0,7003.0,1.0,3.0,0.0,
1650469785989785909,-0.193237304688,0.198364257812,0.3935546875,0.876586914062,-4016.0,-1790.0,7042.0,5.0,1.0,0.0,
1650469785990336656,-0.19287109375,0.198486328125,0.393432617188,0.876647949219,-4011.0,-1855.0,7017.0,9.0,-1.0,0.0,
1650469785995308876,-0.192321777344,0.198608398438,0.393249511719,0.876831054688,-3960.0,-1859.0,6909.0,12.0,-2.0,0.0,
1650469786000157356,-0.191589355469,0.198852539062,0.39306640625,0.877014160156,-3883.0,-1802.0,6741.0,14.0,-2.0,0.0,
1650469786004738569,-0.190795898438,0.199157714844,0.392883300781,0.877197265625,-3790.0,-1686.0,6552.0,15.0,-1.0,-1.0,
1650469786009860038,-0.190002441406,0.199462890625,0.392639160156,0.877380371094,-3692.0,-1520.0,6349.0,14.0,-1.0,-1.0,
1650469786013016462,-0.189331054688,0.199890136719,0.392456054688,0.877563476562,-3623.0,-1352.0,6217.0,12.0,1.0,-2.0,
1650469786017982482,-0.188842773438,0.200256347656,0.392272949219,0.877624511719,-3601.0,-1236.0,6157.0,7.0,2.0,-2.0,
1650469786022580385,-0.188659667969,0.200500488281,0.392150878906,0.877685546875,-3640.0,-1242.0,6224.0,2.0,3.0,-3.0,
1650469786027512550,-0.188903808594,0.200622558594,0.391906738281,0.877746582031,-3740.0,-1368.0,6387.0,-3.0,3.0,-4.0,
1650469786032451629,-0.189514160156,0.200500488281,0.3916015625,0.877746582031,-3873.0,-1584.0,6592.0,-6.0,3.0,-6.0,
1650469786040016174,-0.190246582031,0.200256347656,0.391235351562,0.877807617188,-4017.0,-1834.0,6777.0,-7.0,2.0,-8.0,
1650469786044706583,-0.19091796875,0.199951171875,0.390747070312,0.8779296875,-4164.0,-2094.0,6967.0,-6.0,0.0,-9.0,
1650469786048068761,-0.191467285156,0.199645996094,0.39013671875,0.878173828125,-4287.0,-2311.0,7108.0,-2.0,-2.0,-10.0,
1650469786052952051,-0.191711425781,0.199340820312,0.389465332031,0.878479003906,-4377.0,-2432.0,7181.0,3.0,-3.0,-11.0,
1650469786059622287,-0.191467285156,0.199157714844,0.388732910156,0.87890625,-4433.0,-2430.0,7198.0,10.0,-5.0,-11.0,
1650469786064501523,-0.190795898438,0.199096679688,0.388061523438,0.87939453125,-4439.0,-2331.0,7129.0,16.0,-6.0,-10.0,
1650469786077082872,-0.189697265625,0.199279785156,0.387390136719,0.8798828125,-4409.0,-2172.0,7043.0,21.0,-6.0,-9.0,
1650469786077951192,-0.188293457031,0.199523925781,0.386779785156,0.88037109375,-4347.0,-1991.0,6915.0,24.0,-6.0,-8.0,
1650469786078628301,-0.186828613281,0.199890136719,0.386169433594,0.880859375,-4276.0,-1791.0,6781.0,25.0,-5.0,-7.0,
1650469786082669973,-0.185424804688,0.200317382812,0.385620117188,0.881286621094,-4220.0,-1558.0,6649.0,24.0,-4.0,-7.0,
1650469786087157964,-0.18408203125,0.200866699219,0.385131835938,0.881652832031,-4189.0,-1296.0,6526.0,22.0,-3.0,-6.0,
1650469786092078685,-0.182922363281,0.201477050781,0.384826660156,0.881958007812,-4187.0,-1031.0,6468.0,18.0,-1.0,-4.0,
1650469786096436738,-0.182006835938,0.202026367188,0.384643554688,0.882080078125,-4212.0,-796.0,6449.0,12.0,0.0,-2.0,
1650469786104886770,-0.181457519531,0.20263671875,0.384643554688,0.882019042969,-4226.0,-605.0,6480.0,5.0,2.0,-1.0,
1650469786109588384,-0.181396484375,0.203186035156,0.384643554688,0.881896972656,-4282.0,-504.0,6604.0,-3.0,6.0,-1.0,
1650469786112886667,-0.181823730469,0.20361328125,0.384765625,0.881713867188,-4363.0,-483.0,6739.0,-9.0,8.0,-1.0,
1650469786118033170,-0.182495117188,0.203979492188,0.384826660156,0.881408691406,-4470.0,-529.0,6885.0,-12.0,8.0,-1.0,
1650469786122429609,-0.183227539062,0.204223632812,0.384948730469,0.881164550781,-4585.0,-615.0,6975.0,-14.0,7.0,-1.0,
1650469786127110004,-0.184020996094,0.204406738281,0.385070800781,0.880920410156,-4699.0,-703.0,7053.0,-13.0,5.0,0.0,
1650469786132865905,-0.184753417969,0.204528808594,0.38525390625,0.880676269531,-4810.0,-788.0,7105.0,-12.0,3.0,0.0,
1650469786139797449,-0.185302734375,0.204528808594,0.385437011719,0.880432128906,-4898.0,-845.0,7214.0,-11.0,0.0,1.0,
1650469786144697904,-0.185729980469,0.204406738281,0.3857421875,0.880249023438,-4952.0,-897.0,7268.0,-11.0,-3.0,2.0,
1650469786147965192,-0.186157226562,0.2041015625,0.386169433594,0.880065917969,-4991.0,-941.0,7280.0,-11.0,-5.0,3.0,
1650469786153756618,-0.1865234375,0.203735351562,0.386596679688,0.8798828125,-5029.0,-1013.0,7253.0,-11.0,-7.0,4.0,
1650469786167306661,-0.18701171875,0.203308105469,0.387084960938,0.879638671875,-5074.0,-1115.0,7215.0,-13.0,-8.0,4.0,
1650469786168080091,-0.187622070312,0.202697753906,0.387573242188,0.879455566406,-5095.0,-1242.0,7177.0,-15.0,-10.0,4.0,
1650469786169123888,-0.188354492188,0.202026367188,0.388061523438,0.879211425781,-5103.0,-1386.0,7142.0,-16.0,-10.0,4.0,
1650469786173692941,-0.189086914062,0.201232910156,0.388549804688,0.879028320312,-5093.0,-1531.0,7064.0,-16.0,-11.0,3.0,
1650469786178658723,-0.18994140625,0.200378417969,0.389038085938,0.878845214844,-5076.0,-1652.0,6966.0,-17.0,-12.0,3.0,
1650469786182951927,-0.190795898438,0.199523925781,0.389465332031,0.878662109375,-5058.0,-1699.0,6956.0,-17.0,-12.0,3.0,
1650469786187532186,-0.191528320312,0.198669433594,0.389953613281,0.878479003906,-5059.0,-1741.0,6868.0,-17.0,-12.0,3.0,
1650469786192121505,-0.192443847656,0.197875976562,0.390502929688,0.878234863281,-5068.0,-1788.0,6768.0,-19.0,-11.0,4.0,
1650469786198885917,-0.193420410156,0.197082519531,0.391052246094,0.8779296875,-5036.0,-1803.0,6668.0,-20.0,-11.0,4.0,
1650469786205017805,-0.1943359375,0.1962890625,0.391662597656,0.877624511719,-4973.0,-1820.0,6617.0,-21.0,-11.0,5.0,
1650469786209647655,-0.1953125,0.195373535156,0.392333984375,0.877319335938,-4916.0,-1929.0,6689.0,-21.0,-11.0,5.0,
1650469786213027000,-0.196166992188,0.194458007812,0.392944335938,0.877014160156,-4785.0,-2191.0,6684.0,-19.0,-11.0,6.0,
1650469786218127965,-0.197021484375,0.193481445312,0.393371582031,0.876892089844,-4745.0,-2471.0,6793.0,-14.0,-10.0,5.0,
1650469786222671985,-0.197570800781,0.192504882812,0.393676757812,0.876831054688,-4692.0,-2618.0,6836.0,-8.0,-13.0,3.0,
1650469786227244377,-0.197570800781,0.191711425781,0.393920898438,0.876892089844,-4672.0,-2590.0,6874.0,0.0,-14.0,4.0,
1650469786231638431,-0.197021484375,0.191223144531,0.394409179688,0.876953125,-4605.0,-2405.0,6787.0,6.0,-15.0,7.0,
1650469786241244554,-0.196105957031,0.190856933594,0.395080566406,0.876892089844,-4531.0,-2098.0,6812.0,8.0,-15.0,11.0,
1650469786247357845,-0.195190429688,0.190673828125,0.39599609375,0.876708984375,-4446.0,-1778.0,6831.0,4.0,-13.0,14.0,
1650469786248710870,-0.194458007812,0.190368652344,0.397033691406,0.87646484375,-4309.0,-1520.0,6798.0,-1.0,-11.0,15.0,
1650469786253772735,-0.194091796875,0.190002441406,0.398071289062,0.876159667969,-4144.0,-1353.0,6759.0,-7.0,-10.0,14.0,
1650469786257825136,-0.194152832031,0.189453125,0.399047851562,0.875854492188,-3952.0,-1271.0,6678.0,-12.0,-8.0,12.0,
1650469786263914585,-0.194519042969,0.188781738281,0.399841308594,0.875549316406,-3747.0,-1246.0,6577.0,-16.0,-7.0,10.0,
1650469786268963575,-0.195068359375,0.188049316406,0.400573730469,0.875244140625,-3576.0,-1268.0,6478.0,-17.0,-6.0,8.0,
1650469786273819208,-0.195739746094,0.187377929688,0.401245117188,0.874938964844,-3446.0,-1299.0,6361.0,-17.0,-5.0,7.0,
1650469786278195619,-0.196472167969,0.186706542969,0.40185546875,0.874633789062,-3329.0,-1305.0,6167.0,-18.0,-4.0,6.0,
1650469786282546520,-0.197265625,0.186279296875,0.402404785156,0.874267578125,-3253.0,-1276.0,5986.0,-17.0,-2.0,7.0,
1650469786287419080,-0.197937011719,0.186096191406,0.402954101562,0.873901367188,-3194.0,-1273.0,5816.0,-15.0,0.0,7.0,
1650469786291901111,-0.198669433594,0.18603515625,0.403442382812,0.87353515625,-3154.0,-1358.0,5691.0,-14.0,3.0,7.0,
1650469786296790361,-0.199523925781,0.18603515625,0.403869628906,0.873168945312,-3111.0,-1531.0,5599.0,-13.0,5.0,6.0,
1650469786304893970,-0.200500488281,0.18603515625,0.404113769531,0.872802734375,-3068.0,-1735.0,5543.0,-12.0,6.0,5.0,
1650469786309414386,-0.201599121094,0.18603515625,0.404235839844,0.872497558594,-3025.0,-1932.0,5536.0,-12.0,8.0,3.0,
1650469786312824010,-0.20263671875,0.186096191406,0.404235839844,0.872253417969,-2990.0,-2109.0,5598.0,-10.0,9.0,2.0,
1650469786318058490,-0.203552246094,0.186157226562,0.404174804688,0.8720703125,-2980.0,-2281.0,5712.0,-8.0,9.0,1.0,
1650469786323075771,-0.204284667969,0.186279296875,0.404052734375,0.871887207031,-3010.0,-2427.0,5887.0,-5.0,9.0,1.0,
1650469786331420421,-0.204711914062,0.1865234375,0.403869628906,0.871887207031,-3059.0,-2476.0,6113.0,1.0,9.0,0.0,
1650469786335566282,-0.204467773438,0.186889648438,0.403625488281,0.871948242188,-3117.0,-2363.0,6327.0,9.0,7.0,0.0,
1650469786339379310,-0.203735351562,0.187438964844,0.403381347656,0.872131347656,-3169.0,-2115.0,6481.0,15.0,5.0,0.0,
1650469786342814922,-0.20263671875,0.188049316406,0.403259277344,0.872314453125,-3213.0,-1776.0,6555.0,17.0,4.0,1.0,
1650469786348000049,-0.201599121094,0.188659667969,0.403198242188,0.872436523438,-3241.0,-1430.0,6646.0,14.0,3.0,0.0,
1650469786363562583,-0.200805664062,0.189086914062,0.403259277344,0.872497558594,-3344.0,-1079.0,7376.0,7.0,3.0,0.0,
1650469786364297628,-0.19970703125,0.189147949219,0.403442382812,0.872619628906,-3417.0,-731.0,7437.0,4.0,0.0,1.0,
1650469786365784168,-0.198791503906,0.189758300781,0.403930664062,0.872497558594,-3507.0,-373.0,7029.0,5.0,4.0,7.0,
1650469786373819112,-0.19873046875,0.191345214844,0.405212402344,0.87158203125,-3632.0,26.0,6748.0,-11.0,5.0,8.0,
1650469786378750562,-0.199157714844,0.191528320312,0.405700683594,0.871215820312,-3659.0,-170.0,6941.0,-15.0,6.0,4.0,
1650469786384025573,-0.199829101562,0.19140625,0.406005859375,0.870971679688,-3674.0,-597.0,7192.0,-15.0,4.0,2.0,
1650469786387439966,-0.200439453125,0.190979003906,0.406188964844,0.870788574219,-3535.0,-903.0,7311.0,-10.0,2.0,2.0,
1650469786392102718,-0.20068359375,0.190612792969,0.406311035156,0.870727539062,-3471.0,-1028.0,7360.0,-5.0,2.0,3.0,
1650469786396920680,-0.200561523438,0.1904296875,0.40673828125,0.870666503906,-3420.0,-1030.0,7369.0,-1.0,0.0,6.0,
1650469786401580333,-0.200134277344,0.190368652344,0.407287597656,0.870483398438,-3380.0,-987.0,7376.0,1.0,-2.0,9.0,
1650469786426614522,-0.199645996094,0.190307617188,0.407897949219,0.870361328125,-3382.0,-958.0,7378.0,1.0,-2.0,10.0,
1650469786427917718,-0.19921875,0.190307617188,0.408508300781,0.8701171875,-3402.0,-1003.0,7330.0,0.0,-2.0,10.0,
1650469786428659915,-0.198974609375,0.190307617188,0.408996582031,0.869995117188,-3450.0,-1099.0,7276.0,-1.0,-2.0,8.0,
1650469786429446697,-0.198913574219,0.190246582031,0.409362792969,0.869812011719,-3517.0,-1224.0,7206.0,-1.0,-2.0,6.0,
1650469786430284976,-0.198913574219,0.190124511719,0.40966796875,0.869689941406,-3620.0,-1354.0,7176.0,-1.0,-2.0,5.0,
1650469786432607889,-0.198791503906,0.190124511719,0.409973144531,0.869567871094,-3715.0,-1443.0,7151.0,1.0,-2.0,5.0,
1650469786437139749,-0.198547363281,0.190124511719,0.410339355469,0.869506835938,-3776.0,-1486.0,7112.0,3.0,-4.0,7.0,
1650469786441760063,-0.198120117188,0.190124511719,0.410766601562,0.869384765625,-3798.0,-1482.0,7050.0,4.0,-5.0,8.0,
1650469786446648359,-0.197692871094,0.190063476562,0.411254882812,0.869262695312,-3789.0,-1446.0,6999.0,4.0,-5.0,9.0,
1650469786455044269,-0.197204589844,0.190002441406,0.411743164062,0.869140625,-3753.0,-1430.0,6949.0,3.0,-6.0,8.0,
1650469786459725856,-0.19677734375,0.189819335938,0.412231445312,0.869018554688,-3704.0,-1481.0,6876.0,2.0,-6.0,8.0,
1650469786465819120,-0.196533203125,0.189575195312,0.41259765625,0.868957519531,-3667.0,-1600.0,6817.0,1.0,-5.0,6.0,
1650469786469134330,-0.196411132812,0.189331054688,0.412841796875,0.868957519531,-3642.0,-1762.0,6762.0,2.0,-5.0,5.0,
1650469786476344108,-0.196166992188,0.189147949219,0.412963867188,0.868957519531,-3620.0,-1908.0,6718.0,6.0,-5.0,3.0,
1650469786480900287,-0.195617675781,0.189025878906,0.412963867188,0.869140625,-3612.0,-1996.0,6677.0,11.0,-5.0,3.0,
1650469786485389471,-0.194885253906,0.189025878906,0.412963867188,0.869323730469,-3616.0,-2018.0,6620.0,15.0,-5.0,2.0,
1650469786489905118,-0.193908691406,0.189208984375,0.412902832031,0.869506835938,-3626.0,-2006.0,6560.0,18.0,-6.0,2.0,
1650469786497161149,-0.192810058594,0.189453125,0.412841796875,0.869750976562,-3642.0,-1988.0,6531.0,19.0,-5.0,3.0,
1650469786504580497,-0.191711425781,0.189758300781,0.412780761719,0.869934082031,-3685.0,-1966.0,6527.0,20.0,-4.0,3.0,
1650469786509069919,-0.190734863281,0.190063476562,0.412719726562,0.8701171875,-3748.0,-1933.0,6517.0,19.0,-4.0,2.0,
1650469786511311531,-0.189758300781,0.190368652344,0.412658691406,0.870300292969,-3819.0,-1855.0,6522.0,17.0,-4.0,2.0,
1650469786515144109,-0.188781738281,0.190734863281,0.412658691406,0.870422363281,-3892.0,-1721.0,6528.0,17.0,-5.0,2.0,
1650469786520264625,-0.187744140625,0.190979003906,0.412658691406,0.870544433594,-3953.0,-1555.0,6503.0,15.0,-5.0,2.0,
1650469786529164314,-0.186950683594,0.191284179688,0.412719726562,0.870666503906,-3997.0,-1401.0,6461.0,11.0,-5.0,2.0,
1650469786537920951,-0.186462402344,0.191467285156,0.412841796875,0.870666503906,-4054.0,-1310.0,6453.0,6.0,-4.0,1.0,
1650469786540873765,-0.186340332031,0.191528320312,0.412902832031,0.870666503906,-4100.0,-1308.0,6438.0,0.0,-3.0,0.0,
1650469787097855329,-0.186462402344,0.191467285156,0.412963867188,0.87060546875,-4134.0,-1396.0,6437.0,-4.0,-3.0,-1.0,
1650469787098495721,-0.186889648438,0.191162109375,0.412902832031,0.87060546875,-4160.0,-1558.0,6426.0,-5.0,-4.0,-2.0,
1650469787098663091,-0.187316894531,0.190856933594,0.412841796875,0.87060546875,-4164.0,-1757.0,6429.0,-5.0,-4.0,-2.0,
1650469787099086523,-0.187683105469,0.1904296875,0.412719726562,0.870666503906,-4152.0,-1953.0,6436.0,-3.0,-5.0,-3.0,
1650469787099791049,-0.187927246094,0.190002441406,0.412536621094,0.870849609375,-4150.0,-2113.0,6439.0,0.0,-6.0,-3.0,
1650469787100329637,-0.188049316406,0.189636230469,0.412292480469,0.870971679688,-4148.0,-2224.0,6455.0,2.0,-7.0,-3.0,
1650469787100782394,-0.187927246094,0.189270019531,0.412109375,0.871154785156,-4168.0,-2283.0,6514.0,5.0,-8.0,-2.0,
1650469787101265668,-0.187561035156,0.18896484375,0.411987304688,0.871337890625,-4202.0,-2287.0,6597.0,8.0,-9.0,-1.0,
1650469787101714134,-0.186950683594,0.188720703125,0.411926269531,0.87158203125,-4244.0,-2254.0,6693.0,11.0,-10.0,-1.0,
1650469787109003782,-0.186157226562,0.188598632812,0.411865234375,0.871826171875,-4275.0,-2196.0,6775.0,13.0,-10.0,0.0,
1650469787109293460,-0.185180664062,0.1884765625,0.411804199219,0.8720703125,-4297.0,-2126.0,6842.0,15.0,-11.0,0.0,
1650469787109752655,-0.184143066406,0.188354492188,0.411743164062,0.872375488281,-4300.0,-2053.0,6893.0,16.0,-11.0,0.0,
1650469787110203742,-0.183044433594,0.188232421875,0.411682128906,0.872619628906,-4283.0,-1984.0,6942.0,16.0,-11.0,0.0,
1650469787115245580,-0.181884765625,0.188110351562,0.41162109375,0.872924804688,-4243.0,-1913.0,6974.0,17.0,-11.0,0.0,
1650469787115767478,-0.180725097656,0.188049316406,0.41162109375,0.873168945312,-4191.0,-1803.0,6993.0,18.0,-11.0,1.0,
1650469787115973234,-0.179382324219,0.18798828125,0.411682128906,0.873474121094,-4123.0,-1617.0,7005.0,18.0,-11.0,2.0,
1650469787116435766,-0.177856445312,0.188049316406,0.411926269531,0.873657226562,-4037.0,-1349.0,7023.0,19.0,-11.0,5.0,
1650469787118463516,-0.176208496094,0.188171386719,0.412414550781,0.873718261719,-3947.0,-1028.0,7032.0,19.0,-11.0,9.0,
1650469787118730545,-0.174377441406,0.188415527344,0.4130859375,0.873718261719,-3860.0,-660.0,7026.0,18.0,-10.0,12.0,
1650469787119029521,-0.172607421875,0.188720703125,0.413879394531,0.873596191406,-3798.0,-311.0,6990.0,16.0,-9.0,14.0,
1650469787119394302,-0.170959472656,0.189025878906,0.414794921875,0.873413085938,-3765.0,-38.0,6959.0,12.0,-8.0,15.0,
1650469787119889259,-0.125183105469,0.206481933594,0.431396484375,0.869201660156,-4599.0,1006.0,7583.0,-34.0,-5.0,-16.0,
1650469787120402336,-0.12744140625,0.205078125,0.430847167969,0.869506835938,-4686.0,582.0,7800.0,-40.0,-6.0,-21.0,
1650469787120691776,-0.129821777344,0.203430175781,0.430114746094,0.869873046875,-4771.0,100.0,8048.0,-39.0,-9.0,-23.0,
1650469787120992660,-0.131958007812,0.201599121094,0.429321289062,0.870361328125,-4859.0,-373.0,8300.0,-33.0,-12.0,-23.0,
1650469787124198913,-0.133605957031,0.199768066406,0.428405761719,0.870971679688,-4953.0,-774.0,8534.0,-24.0,-16.0,-22.0,
1650469787128917932,-0.134460449219,0.198059082031,0.427490234375,0.871704101562,-5062.0,-1064.0,8756.0,-13.0,-20.0,-21.0,
1650469787132286787,-0.134582519531,0.196594238281,0.426574707031,0.872497558594,-5189.0,-1245.0,8942.0,-1.0,-23.0,-19.0,
1650469787137454509,-0.133911132812,0.195251464844,0.425659179688,0.873291015625,-5325.0,-1306.0,9101.0,10.0,-27.0,-18.0,
1650469787141942262,-0.132568359375,0.194152832031,0.4248046875,0.874206542969,-5449.0,-1265.0,9214.0,19.0,-30.0,-16.0,
1650469787149842500,-0.130554199219,0.193237304688,0.423889160156,0.875122070312,-5568.0,-1159.0,9286.0,27.0,-33.0,-15.0,
1650469787154428005,-0.128112792969,0.1923828125,0.423095703125,0.876037597656,-5667.0,-1022.0,9322.0,34.0,-36.0,-13.0,
1650469787159014463,-0.125244140625,0.191650390625,0.422302246094,0.877014160156,-5755.0,-870.0,9323.0,39.0,-38.0,-12.0,
1650469787163669347,-0.1220703125,0.19091796875,0.421508789062,0.877990722656,-5822.0,-724.0,9294.0,43.0,-40.0,-11.0,
1650469787166917562,-0.11865234375,0.190185546875,0.420715332031,0.879028320312,-5876.0,-585.0,9243.0,46.0,-42.0,-11.0,
1650469787171804428,-0.114990234375,0.189453125,0.419982910156,0.880004882812,-5903.0,-449.0,9149.0,49.0,-44.0,-10.0,
1650469787176991701,-0.111083984375,0.188720703125,0.419189453125,0.881042480469,-5899.0,-312.0,9023.0,52.0,-46.0,-9.0,
1650469787186617612,-0.10693359375,0.18798828125,0.418518066406,0.882019042969,-5888.0,-169.0,8901.0,55.0,-48.0,-8.0,
1650469787193381786,-0.0980834960938,0.186462402344,0.417297363281,0.883972167969,-5800.0,102.0,8644.0,60.0,-52.0,-5.0,
1650469787201819181,-0.093505859375,0.185546875,0.416748046875,0.884887695312,-5728.0,253.0,8478.0,59.0,-53.0,-4.0,
1650469787202816486,-0.0890502929688,0.184509277344,0.416320800781,0.885803222656,-5643.0,409.0,8286.0,56.0,-55.0,-3.0,
1650469787210000753,-0.084716796875,0.183410644531,0.415893554688,0.886657714844,-5538.0,554.0,8056.0,52.0,-55.0,-3.0,
1650469787212010145,-0.0806274414062,0.182189941406,0.415588378906,0.887451171875,-5414.0,658.0,7843.0,48.0,-55.0,-2.0,
1650469787216533184,-0.0767822265625,0.180908203125,0.415283203125,0.88818359375,-5282.0,720.0,7640.0,44.0,-54.0,-2.0,
1650469787225151777,-0.0731201171875,0.179565429688,0.414978027344,0.888854980469,-5150.0,773.0,7461.0,42.0,-53.0,-1.0,
1650469787230499267,-0.0694580078125,0.17822265625,0.414733886719,0.889526367188,-5011.0,804.0,7302.0,42.0,-53.0,-1.0,
1650469787234380483,-0.0658569335938,0.176818847656,0.41455078125,0.890197753906,-4874.0,822.0,7187.0,41.0,-53.0,0.0,
1650469787239481925,-0.062255859375,0.175415039062,0.414306640625,0.890869140625,-4741.0,831.0,7127.0,41.0,-53.0,-1.0,
1650469787242344379,-0.0587768554688,0.173889160156,0.414001464844,0.891540527344,-4595.0,844.0,7071.0,39.0,-53.0,-2.0,
1650469787247302055,-0.055419921875,0.172241210938,0.41357421875,0.892272949219,-4446.0,854.0,7030.0,38.0,-53.0,-3.0,
1650469787252046346,-0.0521240234375,0.170593261719,0.413146972656,0.892944335938,-4289.0,833.0,7013.0,36.0,-52.0,-5.0,
1650469787256636142,-0.0490112304688,0.168884277344,0.412658691406,0.893676757812,-4119.0,784.0,6994.0,34.0,-52.0,-6.0,
1650469787264648199,-0.0460205078125,0.167053222656,0.412109375,0.894470214844,-3943.0,701.0,6997.0,33.0,-51.0,-7.0,
1650469787269435167,-0.0430908203125,0.165222167969,0.411376953125,0.895263671875,-3758.0,580.0,7020.0,33.0,-51.0,-9.0,
1650469787282884597,-0.0401611328125,0.163330078125,0.41064453125,0.896118164062,-3569.0,456.0,7062.0,34.0,-50.0,-10.0,
1650469787286317825,-0.0371704101562,0.161499023438,0.409729003906,0.89697265625,-3395.0,334.0,7093.0,36.0,-50.0,-12.0,
1650469787286754131,-0.0340576171875,0.159729003906,0.408752441406,0.897888183594,-3237.0,236.0,7111.0,40.0,-50.0,-13.0,
1650469787291358947,-0.0306396484375,0.158020019531,0.407653808594,0.898803710938,-3095.0,161.0,7120.0,44.0,-50.0,-14.0,
1650469787296118497,-0.0270385742188,0.156494140625,0.406433105469,0.899719238281,-2960.0,106.0,7089.0,49.0,-49.0,-15.0,
1650469787303520202,-0.0231323242188,0.155090332031,0.405029296875,0.900695800781,-2832.0,45.0,7035.0,54.0,-49.0,-17.0,
1650469787305417776,-0.0191040039062,0.153869628906,0.403503417969,0.901733398438,-2712.0,-14.0,6968.0,59.0,-48.0,-20.0,
1650469787311232328,-0.014892578125,0.152770996094,0.401672363281,0.902770996094,-2587.0,-72.0,6891.0,63.0,-46.0,-22.0,
1650469787314658880,-0.0105590820312,0.15185546875,0.399780273438,0.903869628906,-2460.0,-121.0,6808.0,67.0,-45.0,-25.0,
1650469787319519758,-0.00604248046875,0.151062011719,0.397705078125,0.904907226562,-2338.0,-154.0,6720.0,71.0,-44.0,-26.0,
1650469787323925018,-0.001220703125,0.150451660156,0.3955078125,0.906005859375,-2217.0,-151.0,6614.0,76.0,-43.0,-27.0,
