1647269459622331142,-0.10888671875,-0.580322265625,-0.371704101562,-0.716430664062,-6646.0,4730.0,3644.0,-24.0,32.0,-31.0,
1647269459627041816,-0.105773925781,-0.581298828125,-0.371398925781,-0.716247558594,-6821.0,4710.0,3599.0,-25.0,33.0,-31.0,
1647269459630407571,-0.1025390625,-0.58251953125,-0.371154785156,-0.715881347656,-7003.0,4737.0,3581.0,-26.0,37.0,-30.0,
1647269459635193109,-0.0992431640625,-0.584106445312,-0.370971679688,-0.715209960938,-7047.0,4751.0,3591.0,-25.0,45.0,-29.0,
1647269459640391826,-0.0957641601562,-0.586059570312,-0.370727539062,-0.714172363281,-7065.0,4749.0,3585.0,-23.0,55.0,-31.0,
1647269459649023056,-0.0921020507812,-0.58837890625,-0.370300292969,-0.712951660156,-7142.0,4776.0,3568.0,-21.0,62.0,-35.0,
1647269459654081106,-0.0881958007812,-0.591064453125,-0.36962890625,-0.711608886719,-7231.0,4813.0,3539.0,-19.0,69.0,-39.0,
1647269459659205675,-0.0841674804688,-0.594177246094,-0.368774414062,-0.7099609375,-7280.0,4805.0,3558.0,-16.0,76.0,-43.0,
1647269459664073467,-0.0797729492188,-0.597595214844,-0.367614746094,-0.708190917969,-7317.0,4750.0,3600.0,-14.0,84.0,-48.0,
1647269459668565034,-0.0750732421875,-0.601257324219,-0.366271972656,-0.706298828125,-7361.0,4681.0,3610.0,-14.0,91.0,-53.0,
1647269459673533916,-0.070068359375,-0.605163574219,-0.36474609375,-0.704223632812,-7375.0,4618.0,3617.0,-14.0,97.0,-57.0,
1647269459686362028,-0.0648803710938,-0.609252929688,-0.363220214844,-0.701965332031,-7349.0,4543.0,3606.0,-15.0,102.0,-59.0,
1647269459687170028,-0.0595092773438,-0.613464355469,-0.361633300781,-0.699584960938,-7295.0,4459.0,3571.0,-16.0,106.0,-61.0,
1647269459687466382,-0.0540161132812,-0.61767578125,-0.360046386719,-0.697143554688,-7219.0,4383.0,3525.0,-17.0,108.0,-61.0,
1647269459699940204,-0.0485229492188,-0.621887207031,-0.358520507812,-0.694641113281,-7125.0,4321.0,3459.0,-17.0,108.0,-62.0,
1647269459700771093,-0.0430908203125,-0.6259765625,-0.35693359375,-0.692077636719,-7022.0,4270.0,3394.0,-18.0,107.0,-62.0,
1647269459702223300,-0.0377807617188,-0.629943847656,-0.355407714844,-0.689575195312,-6942.0,4219.0,3322.0,-18.0,105.0,-61.0,
1647269459706537246,-0.0325317382812,-0.6337890625,-0.353881835938,-0.687133789062,-6931.0,4166.0,3255.0,-18.0,103.0,-61.0,
1647269459711313486,-0.0271606445312,-0.637512207031,-0.352233886719,-0.684692382812,-6979.0,4121.0,3162.0,-18.0,101.0,-62.0,
1647269459716534614,-0.0217895507812,-0.641296386719,-0.350463867188,-0.682312011719,-7034.0,4069.0,3072.0,-17.0,100.0,-64.0,
1647269459720489740,-0.016357421875,-0.64501953125,-0.348571777344,-0.679931640625,-7086.0,4013.0,2983.0,-17.0,101.0,-65.0,
1647269459724946022,-0.0109252929688,-0.648742675781,-0.346496582031,-0.677490234375,-7140.0,3963.0,2903.0,-16.0,101.0,-68.0,
1647269459732864618,-0.00537109375,-0.652465820312,-0.344299316406,-0.675109863281,-7180.0,3899.0,2818.0,-15.0,101.0,-71.0,
1647269459737552165,0.00030517578125,-0.656188964844,-0.341857910156,-0.672790527344,-7197.0,3822.0,2719.0,-14.0,101.0,-73.0,
1647269459742971420,0.0059814453125,-0.659912109375,-0.339294433594,-0.67041015625,-7223.0,3723.0,2638.0,-13.0,101.0,-76.0,
1647269459745741367,0.0117797851562,-0.663513183594,-0.336608886719,-0.668151855469,-7290.0,3629.0,2543.0,-13.0,100.0,-78.0,
1647269459750451087,0.0177001953125,-0.667053222656,-0.333801269531,-0.665893554688,-7363.0,3542.0,2435.0,-13.0,100.0,-81.0,
1647269459757107257,0.0236206054688,-0.670593261719,-0.330871582031,-0.66357421875,-7400.0,3458.0,2302.0,-13.0,100.0,-82.0,
1647269459761866569,0.0296020507812,-0.674133300781,-0.327880859375,-0.661315917969,-7427.0,3360.0,2159.0,-13.0,99.0,-83.0,
1647269459767215728,0.0355834960938,-0.677551269531,-0.324768066406,-0.658996582031,-7460.0,3245.0,1994.0,-13.0,98.0,-84.0,
1647269459776393890,0.0415649414062,-0.680908203125,-0.321594238281,-0.65673828125,-7487.0,3110.0,1822.0,-12.0,96.0,-85.0,
1647269459777471780,0.0475463867188,-0.684204101562,-0.318298339844,-0.654541015625,-7516.0,2969.0,1654.0,-12.0,95.0,-86.0,
1647269459781780004,0.0535278320312,-0.687316894531,-0.315002441406,-0.65234375,-7547.0,2838.0,1493.0,-12.0,92.0,-86.0,
1647269459785244464,0.0595092773438,-0.690368652344,-0.311645507812,-0.650268554688,-7594.0,2723.0,1346.0,-13.0,90.0,-87.0,
1647269459789880752,0.0655517578125,-0.693298339844,-0.308227539062,-0.648193359375,-7644.0,2618.0,1195.0,-13.0,89.0,-88.0,
1647269459798440456,0.0715942382812,-0.696166992188,-0.304809570312,-0.646118164062,-7684.0,2524.0,1051.0,-13.0,88.0,-89.0,
1647269459802574872,0.0776977539062,-0.698974609375,-0.30126953125,-0.64404296875,-7703.0,2440.0,914.0,-13.0,88.0,-90.0,
1647269459807528734,0.083740234375,-0.701721191406,-0.297668457031,-0.641906738281,-7695.0,2363.0,777.0,-13.0,88.0,-92.0,
1647269459812022924,0.08984375,-0.704467773438,-0.294006347656,-0.639770507812,-7673.0,2286.0,637.0,-12.0,88.0,-93.0,
1647269459816098928,0.095947265625,-0.707214355469,-0.290222167969,-0.637573242188,-7635.0,2199.0,511.0,-11.0,88.0,-94.0,
1647269459820317268,0.101928710938,-0.709899902344,-0.286376953125,-0.635375976562,-7575.0,2112.0,391.0,-9.0,88.0,-94.0,
1647269459824681520,0.10791015625,-0.712585449219,-0.282531738281,-0.633117675781,-7537.0,2029.0,294.0,-8.0,87.0,-93.0,
1647269459832977294,0.113708496094,-0.715148925781,-0.278625488281,-0.630920410156,-7518.0,1942.0,189.0,-8.0,86.0,-92.0,
1647269459837804555,0.119445800781,-0.717712402344,-0.274780273438,-0.628662109375,-7501.0,1865.0,84.0,-7.0,86.0,-90.0,
1647269459842299222,0.125,-0.72021484375,-0.27099609375,-0.626281738281,-7487.0,1799.0,-29.0,-7.0,85.0,-88.0,
1647269459847102403,0.130493164062,-0.722717285156,-0.267272949219,-0.623962402344,-7471.0,1745.0,-161.0,-7.0,84.0,-86.0,
1647269459850744247,0.135803222656,-0.725158691406,-0.263610839844,-0.621520996094,-7453.0,1685.0,-293.0,-6.0,84.0,-84.0,
1647269459858034372,0.141052246094,-0.727600097656,-0.260009765625,-0.619018554688,-7439.0,1614.0,-407.0,-6.0,83.0,-83.0,
1647269459862219095,0.146240234375,-0.72998046875,-0.25634765625,-0.616516113281,-7426.0,1548.0,-534.0,-5.0,83.0,-82.0,
1647269459867751836,0.1513671875,-0.732421875,-0.252624511719,-0.613952636719,-7399.0,1501.0,-662.0,-5.0,84.0,-82.0,
1647269459871663570,0.156494140625,-0.73486328125,-0.248901367188,-0.611267089844,-7363.0,1451.0,-802.0,-4.0,85.0,-82.0,
1647269459877483367,0.161682128906,-0.737243652344,-0.2451171875,-0.608520507812,-7324.0,1395.0,-932.0,-4.0,85.0,-83.0,
1647269459881085872,0.166870117188,-0.739685058594,-0.2412109375,-0.605773925781,-7267.0,1341.0,-1044.0,-4.0,86.0,-84.0,
1647269459885835170,0.172119140625,-0.742065429688,-0.237243652344,-0.602966308594,-7186.0,1302.0,-1155.0,-3.0,86.0,-85.0,
1647269459890291690,0.17724609375,-0.744384765625,-0.233215332031,-0.60009765625,-7107.0,1289.0,-1271.0,-2.0,86.0,-85.0,
1647269459895186185,0.182250976562,-0.746704101562,-0.229187011719,-0.597290039062,-7030.0,1283.0,-1379.0,0.0,85.0,-85.0,
1647269459903871774,0.187072753906,-0.7490234375,-0.225219726562,-0.594421386719,-6936.0,1270.0,-1487.0,2.0,84.0,-83.0,
1647269459908151626,0.191650390625,-0.751281738281,-0.221252441406,-0.591613769531,-6843.0,1252.0,-1619.0,4.0,82.0,-80.0,
1647269459912665605,0.195861816406,-0.75341796875,-0.217346191406,-0.588928222656,-6762.0,1228.0,-1686.0,6.0,77.0,-76.0,
1647269459917499065,0.199768066406,-0.755432128906,-0.213623046875,-0.586364746094,-6733.0,1178.0,-1768.0,7.0,74.0,-71.0,
1647269459924447774,0.203491210938,-0.757385253906,-0.210083007812,-0.583862304688,-6721.0,1109.0,-1872.0,7.0,71.0,-66.0,
1647269459925589799,0.206970214844,-0.75927734375,-0.206726074219,-0.581420898438,-6696.0,1072.0,-1961.0,6.0,68.0,-62.0,
1647269459930209398,0.210266113281,-0.761108398438,-0.20361328125,-0.578918457031,-6658.0,1025.0,-2067.0,4.0,66.0,-58.0,
1647269459938285350,0.21337890625,-0.762817382812,-0.200744628906,-0.576477050781,-6659.0,976.0,-2157.0,3.0,63.0,-54.0,
1647269459943438053,0.216369628906,-0.764404296875,-0.198059082031,-0.57421875,-6685.0,934.0,-2270.0,2.0,59.0,-51.0,
1647269459947639226,0.219299316406,-0.765930175781,-0.195556640625,-0.571899414062,-6748.0,884.0,-2358.0,0.0,57.0,-49.0,
1647269459952327251,0.222229003906,-0.767333984375,-0.193176269531,-0.569702148438,-6844.0,839.0,-2456.0,-2.0,55.0,-49.0,
1647269459959902763,0.225280761719,-0.768737792969,-0.190856933594,-0.567443847656,-6945.0,812.0,-2551.0,-3.0,56.0,-49.0,
1647269459964952230,0.228393554688,-0.770141601562,-0.1884765625,-0.565063476562,-7003.0,805.0,-2644.0,-4.0,58.0,-50.0,
1647269459969947099,0.231567382812,-0.771606445312,-0.186157226562,-0.5625,-7034.0,813.0,-2731.0,-5.0,60.0,-51.0,
1647269460015149116,0.234741210938,-0.773132324219,-0.183837890625,-0.559875488281,-7035.0,832.0,-2798.0,-5.0,61.0,-51.0,
1647269460015985727,0.237915039062,-0.774597167969,-0.181457519531,-0.557250976562,-7012.0,859.0,-2876.0,-5.0,62.0,-51.0,
1647269460016953229,0.240966796875,-0.776062011719,-0.179138183594,-0.554626464844,-6968.0,896.0,-2943.0,-4.0,61.0,-51.0,
1647269460017864227,0.244018554688,-0.777526855469,-0.176879882812,-0.552001953125,-6906.0,951.0,-3016.0,-4.0,59.0,-50.0,
1647269460019043684,0.246826171875,-0.778869628906,-0.174682617188,-0.549499511719,-6839.0,1008.0,-3092.0,-3.0,57.0,-48.0,
1647269460020096063,0.24951171875,-0.780212402344,-0.172607421875,-0.547119140625,-6785.0,1057.0,-3161.0,-2.0,54.0,-46.0,
1647269460020728588,0.252014160156,-0.781433105469,-0.170593261719,-0.544799804688,-6749.0,1088.0,-3257.0,-1.0,51.0,-44.0,
1647269460021049022,0.254333496094,-0.782653808594,-0.168640136719,-0.542602539062,-6704.0,1097.0,-3354.0,-1.0,49.0,-41.0,
1647269460021360397,0.256530761719,-0.783874511719,-0.166748046875,-0.540405273438,-6680.0,1108.0,-3463.0,0.0,47.0,-39.0,
1647269460021677970,0.258605957031,-0.785034179688,-0.164855957031,-0.538269042969,-6689.0,1116.0,-3573.0,2.0,46.0,-38.0,
1647269460024827957,0.260437011719,-0.786315917969,-0.162902832031,-0.5361328125,-6708.0,1123.0,-3744.0,4.0,45.0,-35.0,
1647269460028889417,0.262084960938,-0.78759765625,-0.160949707031,-0.533996582031,-6716.0,1120.0,-3862.0,7.0,45.0,-32.0,
1647269460033280372,0.263488769531,-0.788940429688,-0.159118652344,-0.531921386719,-6694.0,1080.0,-3950.0,8.0,43.0,-28.0,
1647269460038066148,0.264709472656,-0.790100097656,-0.157409667969,-0.530029296875,-6699.0,1044.0,-4014.0,8.0,39.0,-25.0,
1647269460042641639,0.265808105469,-0.791198730469,-0.155944824219,-0.5283203125,-6714.0,1027.0,-4066.0,6.0,35.0,-21.0,
1647269460047368288,0.266662597656,-0.792236328125,-0.15478515625,-0.526672363281,-6745.0,1036.0,-4115.0,5.0,31.0,-18.0,
1647269460050799846,0.267395019531,-0.793151855469,-0.153930664062,-0.525207519531,-6797.0,1053.0,-4157.0,3.0,28.0,-15.0,
1647269460055402278,0.268005371094,-0.7939453125,-0.153259277344,-0.523803710938,-6872.0,1061.0,-4167.0,1.0,24.0,-12.0,
1647269460061875343,0.2685546875,-0.794677734375,-0.152770996094,-0.522583007812,-6978.0,1074.0,-4204.0,-1.0,21.0,-10.0,
1647269460071939468,0.269653320312,-0.7958984375,-0.152221679688,-0.520263671875,-7202.0,1127.0,-4254.0,-3.0,19.0,-10.0,
1647269460076587677,0.270324707031,-0.796508789062,-0.152038574219,-0.51904296875,-7278.0,1159.0,-4289.0,-4.0,20.0,-10.0,
1647269460081029653,0.27099609375,-0.797119140625,-0.15185546875,-0.517822265625,-7331.0,1182.0,-4311.0,-5.0,20.0,-11.0,
1647269460089324235,0.271789550781,-0.797668457031,-0.151672363281,-0.5166015625,-7353.0,1197.0,-4340.0,-6.0,19.0,-13.0,
1647269460090474605,0.272705078125,-0.798156738281,-0.151550292969,-0.515441894531,-7376.0,1207.0,-4367.0,-7.0,18.0,-14.0,
1647269460098484516,0.273620605469,-0.798645019531,-0.151428222656,-0.514221191406,-7387.0,1218.0,-4392.0,-8.0,18.0,-15.0,
1647269460103265523,0.274658203125,-0.799072265625,-0.151306152344,-0.513061523438,-7384.0,1227.0,-4415.0,-9.0,18.0,-16.0,
1647269460107829570,0.275695800781,-0.799499511719,-0.151184082031,-0.511840820312,-7356.0,1251.0,-4437.0,-9.0,18.0,-16.0,
1647269460112575531,0.276733398438,-0.799926757812,-0.151062011719,-0.510681152344,-7335.0,1277.0,-4463.0,-9.0,18.0,-16.0,
1647269460116232872,0.277709960938,-0.800354003906,-0.150939941406,-0.509521484375,-7318.0,1303.0,-4488.0,-8.0,17.0,-15.0,
1647269460123657464,0.278564453125,-0.80078125,-0.15087890625,-0.508422851562,-7301.0,1325.0,-4517.0,-7.0,16.0,-15.0,
1647269460125833988,0.279357910156,-0.801147460938,-0.150756835938,-0.507385253906,-7274.0,1309.0,-4540.0,-6.0,15.0,-14.0,
1647269460133425951,0.280151367188,-0.801574707031,-0.150573730469,-0.50634765625,-7237.0,1232.0,-4553.0,-5.0,15.0,-13.0,
1647269460138525485,0.280883789062,-0.802001953125,-0.150329589844,-0.50537109375,-7200.0,1138.0,-4568.0,-5.0,15.0,-12.0,
1647269460142996072,0.281677246094,-0.802368164062,-0.150146484375,-0.50439453125,-7187.0,1051.0,-4576.0,-6.0,14.0,-11.0,
1647269460147328853,0.282409667969,-0.802734375,-0.149963378906,-0.50341796875,-7181.0,964.0,-4583.0,-6.0,14.0,-11.0,
1647269460151878595,0.283142089844,-0.803100585938,-0.149780273438,-0.502502441406,-7193.0,886.0,-4590.0,-6.0,14.0,-10.0,
1647269460155591249,0.283874511719,-0.803466796875,-0.149658203125,-0.501525878906,-7219.0,820.0,-4594.0,-7.0,14.0,-10.0,
1647269460160131692,0.28466796875,-0.803833007812,-0.149597167969,-0.50048828125,-7223.0,740.0,-4590.0,-8.0,15.0,-10.0,
1647269460170514345,0.285461425781,-0.80419921875,-0.149597167969,-0.499389648438,-7209.0,654.0,-4588.0,-9.0,16.0,-9.0,
1647269460174891710,0.286315917969,-0.804626464844,-0.149597167969,-0.498291015625,-7208.0,583.0,-4604.0,-11.0,16.0,-9.0,
1647269460179402351,0.287170410156,-0.804992675781,-0.149719238281,-0.497192382812,-7193.0,534.0,-4620.0,-12.0,16.0,-8.0,
1647269460184143781,0.288024902344,-0.805358886719,-0.149841308594,-0.496032714844,-7182.0,503.0,-4627.0,-12.0,16.0,-8.0,
1647269460188720941,0.288818359375,-0.805786132812,-0.149963378906,-0.494873046875,-7187.0,479.0,-4635.0,-12.0,16.0,-8.0,
1647269460193329572,0.289672851562,-0.806213378906,-0.150085449219,-0.49365234375,-7184.0,456.0,-4660.0,-12.0,18.0,-8.0,
1647269460198029279,0.29052734375,-0.806640625,-0.150085449219,-0.492370605469,-7178.0,449.0,-4674.0,-11.0,19.0,-9.0,
1647269460202718257,0.291381835938,-0.807189941406,-0.150024414062,-0.491027832031,-7175.0,455.0,-4693.0,-10.0,20.0,-9.0,
1647269460207250595,0.292175292969,-0.807739257812,-0.14990234375,-0.48974609375,-7165.0,455.0,-4696.0,-8.0,21.0,-9.0,
1647269460210806369,0.29296875,-0.808288574219,-0.149658203125,-0.488403320312,-7117.0,434.0,-4695.0,-7.0,22.0,-9.0,
1647269460215485095,0.293701171875,-0.808898925781,-0.149353027344,-0.486999511719,-7048.0,390.0,-4681.0,-6.0,22.0,-9.0,
1647269460223511219,0.29443359375,-0.809509277344,-0.148986816406,-0.485717773438,-6979.0,334.0,-4672.0,-5.0,22.0,-9.0,
1647269460228129863,0.295104980469,-0.81005859375,-0.148620605469,-0.484436035156,-6924.0,280.0,-4670.0,-5.0,21.0,-8.0,
1647269460232998132,0.295837402344,-0.810607910156,-0.148315429688,-0.483215332031,-6860.0,217.0,-4664.0,-6.0,20.0,-8.0,
1647269460238036394,0.296508789062,-0.811096191406,-0.148071289062,-0.482055664062,-6792.0,153.0,-4660.0,-6.0,18.0,-7.0,
1647269460240978717,0.297180175781,-0.8115234375,-0.147827148438,-0.48095703125,-6732.0,92.0,-4653.0,-7.0,17.0,-7.0,
1647269460245839118,0.297790527344,-0.811950683594,-0.147644042969,-0.479919433594,-6686.0,42.0,-4662.0,-7.0,16.0,-6.0,
1647269460251473665,0.298400878906,-0.812377929688,-0.1474609375,-0.478820800781,-6648.0,-9.0,-4684.0,-7.0,16.0,-5.0,
1647269460258723020,0.298950195312,-0.812805175781,-0.147399902344,-0.477844238281,-6617.0,-54.0,-4696.0,-7.0,14.0,-4.0,
1647269460263287782,0.299377441406,-0.813232421875,-0.147399902344,-0.476867675781,-6613.0,-96.0,-4727.0,-8.0,13.0,-3.0,
1647269460270544290,0.2998046875,-0.813598632812,-0.147521972656,-0.475952148438,-6632.0,-132.0,-4760.0,-8.0,12.0,-1.0,
1647269460278576850,0.300537109375,-0.814331054688,-0.147888183594,-0.47412109375,-6686.0,-197.0,-4800.0,-10.0,11.0,1.0,
1647269460283195018,0.300842285156,-0.814636230469,-0.148193359375,-0.473266601562,-6745.0,-202.0,-4816.0,-10.0,10.0,1.0,
1647269460287747859,0.301147460938,-0.81494140625,-0.148498535156,-0.472412109375,-6799.0,-196.0,-4836.0,-10.0,10.0,1.0,
1647269460292485475,0.301513671875,-0.815307617188,-0.148864746094,-0.471496582031,-6860.0,-191.0,-4865.0,-10.0,11.0,1.0,
1647269460296949148,0.301818847656,-0.815673828125,-0.149047851562,-0.470520019531,-6896.0,-175.0,-4903.0,-10.0,12.0,0.0,
1647269460300615310,0.302185058594,-0.816101074219,-0.149230957031,-0.469482421875,-6902.0,-157.0,-4928.0,-8.0,14.0,0.0,
1647269460305106401,0.302551269531,-0.816589355469,-0.149230957031,-0.468505859375,-6912.0,-151.0,-4934.0,-7.0,14.0,-1.0,
1647269460313354730,0.302917480469,-0.817016601562,-0.149230957031,-0.467468261719,-6925.0,-154.0,-4944.0,-6.0,15.0,-2.0,
1647269460319113969,0.303344726562,-0.817443847656,-0.149108886719,-0.466491699219,-6939.0,-153.0,-4937.0,-6.0,15.0,-3.0,
1647269460324307918,0.3037109375,-0.81787109375,-0.148986816406,-0.465515136719,-6940.0,-160.0,-4926.0,-5.0,16.0,-3.0,
1647269460328296422,0.304138183594,-0.818298339844,-0.148864746094,-0.464477539062,-6921.0,-153.0,-4922.0,-5.0,16.0,-3.0,
1647269460353562116,0.304565429688,-0.818725585938,-0.148742675781,-0.463500976562,-6898.0,-134.0,-4903.0,-5.0,15.0,-3.0,
1647269460355089902,0.304931640625,-0.819152832031,-0.148681640625,-0.462524414062,-6882.0,-114.0,-4892.0,-5.0,15.0,-3.0,
1647269460357402086,0.305297851562,-0.819580078125,-0.148620605469,-0.461608886719,-6866.0,-83.0,-4875.0,-6.0,14.0,-2.0,
1647269460358178138,0.305603027344,-0.819946289062,-0.148620605469,-0.460754394531,-6860.0,-56.0,-4860.0,-5.0,13.0,-2.0,
1647269460358782291,0.305969238281,-0.8203125,-0.148559570312,-0.459899902344,-6825.0,-33.0,-4848.0,-5.0,13.0,-2.0,
1647269460359277486,0.306213378906,-0.820678710938,-0.148559570312,-0.459045410156,-6730.0,-29.0,-4830.0,-5.0,12.0,-1.0,
1647269460364788293,0.306335449219,-0.821105957031,-0.148620605469,-0.458190917969,-6612.0,-47.0,-4808.0,-5.0,11.0,1.0,
1647269460369211673,0.306335449219,-0.821472167969,-0.148742675781,-0.457458496094,-6533.0,-67.0,-4790.0,-5.0,9.0,4.0,
1647269460374661684,0.306091308594,-0.821838378906,-0.149047851562,-0.456848144531,-6451.0,-88.0,-4782.0,-4.0,6.0,7.0,
1647269460379130840,0.305725097656,-0.822204589844,-0.149475097656,-0.456359863281,-6345.0,-113.0,-4764.0,-5.0,3.0,11.0,
1647269460384145259,0.305114746094,-0.822509765625,-0.150146484375,-0.455993652344,-6264.0,-142.0,-4720.0,-6.0,-1.0,14.0,
1647269460390524864,0.304382324219,-0.822692871094,-0.151000976562,-0.455871582031,-6241.0,-171.0,-4694.0,-7.0,-6.0,17.0,
1647269460393462896,0.303588867188,-0.822814941406,-0.152038574219,-0.455871582031,-6270.0,-197.0,-4666.0,-9.0,-9.0,19.0,
1647269460398118972,0.302734375,-0.822814941406,-0.153259277344,-0.455932617188,-6336.0,-203.0,-4636.0,-11.0,-11.0,20.0,
1647269460402801990,0.301879882812,-0.822814941406,-0.154663085938,-0.4560546875,-6434.0,-189.0,-4601.0,-12.0,-12.0,21.0,
1647269460407314538,0.301086425781,-0.822814941406,-0.156127929688,-0.456115722656,-6561.0,-157.0,-4565.0,-14.0,-11.0,21.0,
1647269460411952495,0.300354003906,-0.82275390625,-0.157653808594,-0.456115722656,-6705.0,-115.0,-4530.0,-15.0,-9.0,20.0,
1647269460415583848,0.299743652344,-0.822814941406,-0.159118652344,-0.455932617188,-6852.0,-37.0,-4528.0,-16.0,-6.0,18.0,
1647269460420497179,0.29931640625,-0.822937011719,-0.160522460938,-0.45556640625,-6979.0,54.0,-4474.0,-16.0,-1.0,16.0,
1647269460428419351,0.298950195312,-0.823120117188,-0.161804199219,-0.455017089844,-7088.0,167.0,-4429.0,-16.0,3.0,14.0,
1647269460433011531,0.298706054688,-0.823364257812,-0.162963867188,-0.454284667969,-7163.0,308.0,-4381.0,-15.0,7.0,12.0,
1647269460437826871,0.298583984375,-0.82373046875,-0.163879394531,-0.453308105469,-7229.0,432.0,-4323.0,-14.0,12.0,9.0,
1647269460442271471,0.298583984375,-0.82421875,-0.16455078125,-0.452270507812,-7237.0,632.0,-4523.0,-11.0,17.0,6.0,
1647269460446925163,0.298583984375,-0.824890136719,-0.164855957031,-0.450927734375,-7183.0,1167.0,-4661.0,-5.0,18.0,3.0,
1647269460450418233,0.298583984375,-0.825378417969,-0.1650390625,-0.449951171875,-7602.0,1245.0,-4903.0,2.0,13.0,-7.0,
1647269460526282310,0.299011230469,-0.825622558594,-0.164001464844,-0.449584960938,-8007.0,974.0,-5051.0,13.0,12.0,-17.0,
1647269460527886629,0.299865722656,-0.825744628906,-0.162109375,-0.449462890625,-8189.0,657.0,-5086.0,17.0,17.0,-23.0,
1647269460528966665,0.300903320312,-0.825988769531,-0.159912109375,-0.449096679688,-8200.0,357.0,-4983.0,18.0,22.0,-26.0,
1647269460530055522,0.302001953125,-0.826293945312,-0.157836914062,-0.448547363281,-7956.0,168.0,-4854.0,15.0,25.0,-24.0,
1647269460533587217,0.302917480469,-0.826721191406,-0.15625,-0.447692871094,-7504.0,118.0,-4777.0,10.0,25.0,-18.0,
1647269460534675121,0.303527832031,-0.827209472656,-0.155212402344,-0.446716308594,-7185.0,117.0,-4736.0,5.0,20.0,-11.0,
1647269460535884857,0.303894042969,-0.827514648438,-0.154602050781,-0.446166992188,-7174.0,95.0,-4736.0,3.0,10.0,-8.0,
1647269460537793397,0.304077148438,-0.827575683594,-0.154235839844,-0.446044921875,-7286.0,62.0,-4752.0,3.0,4.0,-6.0,
1647269460539373397,0.30419921875,-0.827575683594,-0.153869628906,-0.446044921875,-7355.0,44.0,-4785.0,3.0,3.0,-4.0,
1647269460541021108,0.30419921875,-0.827758789062,-0.153503417969,-0.445861816406,-7334.0,40.0,-4833.0,4.0,5.0,-2.0,
1647269460543861865,0.304077148438,-0.828063964844,-0.153137207031,-0.445556640625,-7263.0,18.0,-4860.0,6.0,7.0,0.0,
1647269460546063661,0.303833007812,-0.828369140625,-0.152709960938,-0.445251464844,-7236.0,-64.0,-4873.0,7.0,6.0,2.0,
1647269460547493934,0.303588867188,-0.828674316406,-0.152282714844,-0.445068359375,-7246.0,-161.0,-4884.0,6.0,5.0,3.0,
1647269460549909591,0.303344726562,-0.828918457031,-0.15185546875,-0.444885253906,-7288.0,-205.0,-4905.0,5.0,5.0,3.0,
1647269460551243543,0.303100585938,-0.829162597656,-0.151550292969,-0.444702148438,-7351.0,-193.0,-4925.0,4.0,5.0,3.0,
1647269460553670406,0.302978515625,-0.829406738281,-0.151245117188,-0.444396972656,-7376.0,-154.0,-4930.0,4.0,7.0,1.0,
1647269460554777145,0.302917480469,-0.829711914062,-0.150756835938,-0.444030761719,-7301.0,-124.0,-4895.0,5.0,9.0,-1.0,
1647269460555629253,0.302917480469,-0.830017089844,-0.150207519531,-0.443603515625,-7212.0,-107.0,-4821.0,6.0,10.0,-3.0,
1647269460556453943,0.302978515625,-0.830322265625,-0.149597167969,-0.443237304688,-7127.0,-100.0,-4718.0,7.0,10.0,-4.0,
1647269460557842731,0.303100585938,-0.83056640625,-0.14892578125,-0.442932128906,-7043.0,-90.0,-4620.0,6.0,10.0,-6.0,
1647269460559376239,0.303344726562,-0.830749511719,-0.148315429688,-0.442626953125,-6963.0,-91.0,-4546.0,6.0,10.0,-7.0,
1647269460564449071,0.303649902344,-0.830932617188,-0.147644042969,-0.442260742188,-6901.0,-94.0,-4501.0,5.0,11.0,-8.0,
1647269460568529605,0.304016113281,-0.831115722656,-0.14697265625,-0.44189453125,-6869.0,-76.0,-4464.0,5.0,12.0,-9.0,
1647269460574609994,0.304443359375,-0.831298828125,-0.146301269531,-0.44140625,-6877.0,-38.0,-4464.0,5.0,12.0,-10.0,
1647269460584604501,0.305358886719,-0.831787109375,-0.144714355469,-0.440490722656,-6956.0,47.0,-4531.0,7.0,14.0,-12.0,
1647269460589214324,0.305786132812,-0.83203125,-0.143737792969,-0.440002441406,-6997.0,104.0,-4566.0,9.0,15.0,-13.0,
1647269460597335815,0.30615234375,-0.832336425781,-0.142578125,-0.439514160156,-6990.0,143.0,-4588.0,12.0,16.0,-13.0,
1647269460598965644,0.306518554688,-0.832702636719,-0.141296386719,-0.439086914062,-6946.0,136.0,-4589.0,15.0,16.0,-13.0,
1647269460603675365,0.306701660156,-0.833068847656,-0.139953613281,-0.438659667969,-6928.0,78.0,-4596.0,16.0,15.0,-12.0,
1647269460609140157,0.306884765625,-0.833312988281,-0.138549804688,-0.438415527344,-6945.0,23.0,-4634.0,16.0,13.0,-11.0,
1647269460612583875,0.307006835938,-0.833618164062,-0.13720703125,-0.438232421875,-6956.0,9.0,-4693.0,17.0,11.0,-10.0,
1647269460619723081,0.306945800781,-0.833984375,-0.135803222656,-0.438049316406,-6943.0,1.0,-4754.0,20.0,12.0,-8.0,
1647269460623518466,0.306701660156,-0.834411621094,-0.134216308594,-0.437866210938,-6867.0,-58.0,-4783.0,23.0,12.0,-7.0,
1647269460632250308,0.306335449219,-0.8349609375,-0.132507324219,-0.437683105469,-6714.0,-177.0,-4784.0,26.0,13.0,-4.0,
1647269460634674549,0.305725097656,-0.835510253906,-0.130676269531,-0.4375,-6518.0,-318.0,-4745.0,28.0,12.0,-1.0,
1647269460638515233,0.304992675781,-0.836059570312,-0.129028320312,-0.4375,-6330.0,-467.0,-4707.0,27.0,9.0,3.0,
1647269460641911745,0.304138183594,-0.836547851562,-0.127624511719,-0.437622070312,-6176.0,-576.0,-4664.0,25.0,4.0,7.0,
1647269460649971246,0.303100585938,-0.8369140625,-0.126525878906,-0.437927246094,-6053.0,-632.0,-4579.0,22.0,-1.0,9.0,
1647269460653877019,0.302062988281,-0.837097167969,-0.125732421875,-0.438537597656,-6074.0,-668.0,-4390.0,20.0,-6.0,10.0,
1647269460658159255,0.301025390625,-0.837158203125,-0.125183105469,-0.439270019531,-6220.0,-804.0,-3991.0,17.0,-7.0,9.0,
1647269460662755012,0.30029296875,-0.837280273438,-0.124572753906,-0.439697265625,-5597.0,-953.0,-3791.0,12.0,6.0,9.0,
1647269460668026447,0.299011230469,-0.838500976562,-0.123779296875,-0.4384765625,-5187.0,-841.0,-3508.0,13.0,23.0,25.0,
1647269460670973539,0.297607421875,-0.838806152344,-0.123901367188,-0.438781738281,-5343.0,-943.0,-3291.0,10.0,-5.0,20.0,
1647269460681337118,0.296264648438,-0.8388671875,-0.124206542969,-0.439514160156,-5034.0,-581.0,-3211.0,6.0,-7.0,23.0,
1647269460687040805,0.294311523438,-0.839538574219,-0.125244140625,-0.439208984375,-5060.0,-339.0,-3228.0,2.0,-2.0,33.0,
1647269460690910100,0.292297363281,-0.840087890625,-0.126403808594,-0.439208984375,-5274.0,-297.0,-3310.0,2.0,-5.0,34.0,
1647269460695265293,0.290405273438,-0.840576171875,-0.12744140625,-0.439270019531,-5495.0,-276.0,-3467.0,1.0,-4.0,34.0,
1647269460699490785,0.288757324219,-0.841125488281,-0.128112792969,-0.439025878906,-5733.0,-2.0,-3691.0,2.0,2.0,30.0,
1647269460704372167,0.287170410156,-0.841918945312,-0.128784179688,-0.438415527344,-6022.0,121.0,-4249.0,5.0,7.0,25.0,
1647269460709058284,0.285949707031,-0.842895507812,-0.12841796875,-0.4375,-6625.0,565.0,-5123.0,14.0,13.0,17.0,
1647269460714378595,0.284973144531,-0.84375,-0.127319335938,-0.436706542969,-7815.0,471.0,-5572.0,27.0,12.0,0.0,
1647269460718876600,0.284973144531,-0.844055175781,-0.12451171875,-0.436950683594,-8744.0,-516.0,-5662.0,41.0,19.0,-21.0,
1647269460721313953,0.286010742188,-0.844482421875,-0.120178222656,-0.436706542969,-8381.0,-1076.0,-5666.0,39.0,40.0,-27.0,
1647269460731136798,0.287170410156,-0.845336914062,-0.116882324219,-0.435119628906,-8011.0,-1103.0,-5611.0,23.0,42.0,-22.0,
1647269460734172344,0.288146972656,-0.845947265625,-0.114990234375,-0.433837890625,-8188.0,-1205.0,-5608.0,12.0,30.0,-20.0,
1647269460739300489,0.289184570312,-0.84619140625,-0.113586425781,-0.432983398438,-8254.0,-1155.0,-5631.0,6.0,26.0,-18.0,
1647269460743485689,0.290161132812,-0.8466796875,-0.112426757812,-0.431701660156,-8106.0,-950.0,-5605.0,2.0,29.0,-17.0,
1647269460747905015,0.291076660156,-0.847290039062,-0.111389160156,-0.430236816406,-7853.0,-827.0,-5510.0,3.0,31.0,-16.0,
1647269460750859737,0.291870117188,-0.847900390625,-0.1103515625,-0.4287109375,-7509.0,-764.0,-5381.0,3.0,32.0,-15.0,
1647269460759315490,0.292724609375,-0.848510742188,-0.109313964844,-0.427124023438,-7188.0,-694.0,-5241.0,2.0,31.0,-13.0,
1647269460765025854,0.293518066406,-0.84912109375,-0.108459472656,-0.425598144531,-6952.0,-607.0,-5132.0,0.0,30.0,-12.0,
1647269460769214630,0.294311523438,-0.849731445312,-0.107727050781,-0.424011230469,-6746.0,-521.0,-5034.0,-2.0,30.0,-12.0,
1647269460773778915,0.295227050781,-0.850341796875,-0.107055664062,-0.42236328125,-6569.0,-456.0,-4940.0,-3.0,31.0,-13.0,
1647269460780582666,0.296264648438,-0.850891113281,-0.1064453125,-0.420654296875,-6421.0,-421.0,-4802.0,-5.0,32.0,-15.0,
1647269460784550905,0.297485351562,-0.851318359375,-0.10595703125,-0.419006347656,-6300.0,-384.0,-4640.0,-9.0,32.0,-17.0,
1647269460789839506,0.298889160156,-0.851745605469,-0.105651855469,-0.417236328125,-6125.0,-259.0,-4505.0,-14.0,33.0,-17.0,
1647269460793867111,0.30029296875,-0.852233886719,-0.105651855469,-0.415222167969,-6194.0,103.0,-4875.0,-17.0,34.0,-17.0,
1647269460798525810,0.3017578125,-0.852966308594,-0.105407714844,-0.412719726562,-6511.0,795.0,-5214.0,-11.0,38.0,-23.0,
1647269460803314208,0.303283691406,-0.853515625,-0.104858398438,-0.410583496094,-7035.0,622.0,-5332.0,0.0,38.0,-35.0,
1647269460805791139,0.305480957031,-0.853759765625,-0.102722167969,-0.408996582031,-7036.0,212.0,-5335.0,8.0,45.0,-44.0,
1647269460817856788,0.30810546875,-0.854187011719,-0.100280761719,-0.40673828125,-6644.0,206.0,-5293.0,3.0,52.0,-44.0,
1647269460821156501,0.310729980469,-0.854675292969,-0.0985717773438,-0.404174804688,-6481.0,153.0,-5264.0,-4.0,48.0,-43.0,
1647269460822983264,0.313415527344,-0.854919433594,-0.0972290039062,-0.401916503906,-6429.0,95.0,-5256.0,-9.0,43.0,-43.0,
1647269460828906536,0.316162109375,-0.855041503906,-0.0960693359375,-0.399719238281,-6362.0,198.0,-5243.0,-13.0,42.0,-44.0,
1647269460833087205,0.318969726562,-0.855163574219,-0.0951538085938,-0.3974609375,-6311.0,398.0,-5197.0,-14.0,42.0,-46.0,
1647269460837145566,0.321716308594,-0.855285644531,-0.0941772460938,-0.395202636719,-6220.0,581.0,-5090.0,-10.0,43.0,-47.0,
1647269460842298507,0.324340820312,-0.85546875,-0.0928344726562,-0.392944335938,-6003.0,708.0,-4954.0,-5.0,45.0,-48.0,
1647269460845545291,0.326904296875,-0.855712890625,-0.0912475585938,-0.390686035156,-5733.0,763.0,-4846.0,-1.0,47.0,-48.0,
1647269460854588508,0.329345703125,-0.856018066406,-0.0892333984375,-0.388366699219,-5427.0,738.0,-4772.0,4.0,47.0,-47.0,
1647269460859208822,0.331665039062,-0.856384277344,-0.0868530273438,-0.386169433594,-5127.0,691.0,-4662.0,10.0,47.0,-47.0,
1647269460864349126,0.333862304688,-0.856750488281,-0.0841064453125,-0.384094238281,-4926.0,630.0,-4553.0,16.0,47.0,-47.0,
1647269460867751359,0.3359375,-0.856872558594,-0.0814208984375,-0.382568359375,-4359.0,286.0,-4569.0,19.0,39.0,-46.0,
1647269460872186183,0.337951660156,-0.857116699219,-0.0782470703125,-0.380920410156,-4391.0,285.0,-4443.0,20.0,35.0,-41.0,
1647269460876005172,0.339599609375,-0.857299804688,-0.0756225585938,-0.379577636719,-4827.0,220.0,-4473.0,22.0,38.0,-40.0,
1647269460886743068,0.340881347656,-0.857666015625,-0.0729370117188,-0.378051757812,-4493.0,-3.0,-4551.0,23.0,47.0,-34.0,
1647269460895026445,0.343688964844,-0.858032226562,-0.0676879882812,-0.375732421875,-4297.0,-746.0,-4783.0,17.0,18.0,-31.0,
1647269460899473190,0.344665527344,-0.858032226562,-0.065673828125,-0.375122070312,-4428.0,-421.0,-5353.0,13.0,14.0,-19.0,
1647269460903843641,0.3447265625,-0.858459472656,-0.0643310546875,-0.374267578125,-4706.0,-635.0,-5992.0,22.0,13.0,-13.0,
1647269460908560037,0.344360351562,-0.859008789062,-0.0617065429688,-0.373840332031,-5091.0,-1300.0,-6402.0,38.0,16.0,-7.0,
1647269460912969827,0.343688964844,-0.859497070312,-0.058349609375,-0.373901367188,-5042.0,-2014.0,-6706.0,43.0,17.0,1.0,
1647269460917899608,0.342651367188,-0.860107421875,-0.05517578125,-0.373962402344,-4998.0,-2727.0,-6923.0,40.0,11.0,10.0,
1647269460922029733,0.341491699219,-0.860534667969,-0.0525512695312,-0.374450683594,-5276.0,-3286.0,-7083.0,33.0,1.0,16.0,
1647269460925312280,0.340026855469,-0.86083984375,-0.05078125,-0.375183105469,-5427.0,-3654.0,-7181.0,26.0,-3.0,23.0,
1647269460933432817,0.33837890625,-0.861328125,-0.0496215820312,-0.375732421875,-5441.0,-3796.0,-7243.0,19.0,-3.0,29.0,
1647269460938032150,0.336486816406,-0.861877441406,-0.049072265625,-0.376281738281,-5475.0,-3832.0,-7306.0,14.0,-8.0,34.0,
1647269460942718029,0.33447265625,-0.862365722656,-0.0489501953125,-0.376953125,-5637.0,-3854.0,-7209.0,12.0,-12.0,36.0,
1647269460947186470,0.332397460938,-0.86279296875,-0.0490112304688,-0.377746582031,-5659.0,-3754.0,-7106.0,9.0,-11.0,37.0,
1647269460950610876,0.330444335938,-0.863342285156,-0.0492553710938,-0.378234863281,-5691.0,-3541.0,-7021.0,6.0,-8.0,37.0,
1647269460958466291,0.328674316406,-0.863891601562,-0.0496826171875,-0.378540039062,-5859.0,-3165.0,-6968.0,5.0,-7.0,32.0,
1647269460963063001,0.327087402344,-0.864318847656,-0.050048828125,-0.378723144531,-6022.0,-2644.0,-6908.0,6.0,-3.0,25.0,
1647269460979998111,0.325866699219,-0.864807128906,-0.05029296875,-0.378723144531,-6023.0,-2176.0,-6756.0,9.0,1.0,16.0,
1647269460985475301,0.325134277344,-0.865234375,-0.0502319335938,-0.37841796875,-5977.0,-1823.0,-6673.0,9.0,7.0,8.0,
1647269460986244678,0.324951171875,-0.865539550781,-0.0499877929688,-0.3779296875,-6034.0,-1446.0,-6655.0,6.0,9.0,-2.0,
1647269460986532926,0.325378417969,-0.865661621094,-0.0496826171875,-0.377258300781,-6082.0,-1195.0,-6648.0,4.0,12.0,-12.0,
1647269460988844871,0.326354980469,-0.86572265625,-0.049072265625,-0.376403808594,-6004.0,-988.0,-6641.0,2.0,15.0,-22.0,
1647269460994347333,0.327819824219,-0.865661621094,-0.04833984375,-0.375305175781,-5845.0,-814.0,-6629.0,-1.0,18.0,-29.0,
1647269460998400449,0.32958984375,-0.865600585938,-0.0475463867188,-0.3740234375,-5597.0,-726.0,-6596.0,-3.0,19.0,-33.0,
1647269461002929449,0.33154296875,-0.865478515625,-0.0466918945312,-0.372619628906,-5373.0,-713.0,-6588.0,-5.0,19.0,-35.0,
1647269461007283210,0.333618164062,-0.865295410156,-0.0458984375,-0.371337890625,-5243.0,-762.0,-6607.0,-6.0,18.0,-35.0,
1647269461012109756,0.335632324219,-0.865112304688,-0.045166015625,-0.370056152344,-5125.0,-854.0,-6657.0,-8.0,17.0,-35.0,
1647269461015359401,0.337585449219,-0.864929199219,-0.04443359375,-0.368835449219,-4902.0,-1004.0,-6686.0,-8.0,16.0,-32.0,
1647269461023298501,0.339294433594,-0.864807128906,-0.0437622070312,-0.36767578125,-4657.0,-1195.0,-6721.0,-8.0,13.0,-26.0,
1647269461027941703,0.340698242188,-0.864685058594,-0.0432739257812,-0.36669921875,-4452.0,-1373.0,-6744.0,-9.0,8.0,-19.0,
1647269461032413005,0.341674804688,-0.864624023438,-0.0430297851562,-0.365966796875,-4301.0,-1596.0,-6792.0,-10.0,3.0,-12.0,
1647269461037379026,0.342224121094,-0.864624023438,-0.0430908203125,-0.365417480469,-4186.0,-1774.0,-6843.0,-11.0,-1.0,-3.0,
1647269461042024612,0.342407226562,-0.864685058594,-0.04345703125,-0.364990234375,-4150.0,-1905.0,-6537.0,-12.0,-4.0,5.0,
1647269461045174360,0.342224121094,-0.864990234375,-0.0441284179688,-0.364440917969,-4106.0,-2139.0,-6655.0,-15.0,4.0,11.0,
1647269461053396463,0.341857910156,-0.865417480469,-0.0448608398438,-0.363647460938,-3939.0,-1957.0,-6674.0,-17.0,2.0,19.0,
1647269461057926177,0.341064453125,-0.865295410156,-0.0469970703125,-0.364318847656,-3871.0,-2161.0,-6584.0,-21.0,-33.0,23.0,
1647269461062316656,0.340209960938,-0.864807128906,-0.049072265625,-0.366027832031,-3652.0,-2327.0,-6480.0,-20.0,-45.0,26.0,
1647269461067306518,0.339172363281,-0.864624023438,-0.0513916015625,-0.367126464844,-4218.0,-1788.0,-6500.0,-27.0,-39.0,33.0,
1647269461070949316,0.33740234375,-0.864685058594,-0.0543823242188,-0.3681640625,-4481.0,-1811.0,-6553.0,-20.0,-30.0,35.0,
1647269461078565597,0.3359375,-0.864685058594,-0.0562133789062,-0.369201660156,-4636.0,-1870.0,-6520.0,-13.0,-28.0,31.0,
1647269461083155870,0.334655761719,-0.864562988281,-0.0579223632812,-0.370422363281,-4920.0,-1865.0,-6406.0,-13.0,-31.0,29.0,
1647269461089535951,0.333312988281,-0.864318847656,-0.0599365234375,-0.371948242188,-5261.0,-1875.0,-6248.0,-14.0,-34.0,28.0,
1647269461094174385,0.332214355469,-0.863891601562,-0.0620727539062,-0.373596191406,-5629.0,-1796.0,-6014.0,-17.0,-34.0,26.0,
1647269461098654031,0.331481933594,-0.86328125,-0.0643920898438,-0.375244140625,-6204.0,-1542.0,-5614.0,-22.0,-33.0,18.0,
1647269461103032112,0.331481933594,-0.8623046875,-0.0670776367188,-0.376953125,-6694.0,-1383.0,-5439.0,-28.0,-29.0,5.0,
1647269461107755184,0.331909179688,-0.861511230469,-0.0693359375,-0.378051757812,-6791.0,-1020.0,-5408.0,-30.0,-19.0,-2.0,
1647269461112787723,0.332397460938,-0.860900878906,-0.071533203125,-0.378479003906,-6738.0,-726.0,-5104.0,-28.0,-15.0,-4.0,
1647269461116589307,0.332824707031,-0.860595703125,-0.0730590820312,-0.378601074219,-7103.0,-717.0,-4793.0,-20.0,-5.0,-5.0,
1647269461124309301,0.333251953125,-0.8603515625,-0.0746459960938,-0.37841796875,-6924.0,-676.0,-4773.0,-26.0,10.0,0.0,
1647269461128832101,0.333679199219,-0.860473632812,-0.076171875,-0.377502441406,-6437.0,-1118.0,-4197.0,-29.0,8.0,3.0,
1647269461133022308,0.333923339844,-0.860656738281,-0.0775756835938,-0.376586914062,-6185.0,-971.0,-4181.0,-36.0,13.0,14.0,
1647269461137518882,0.333923339844,-0.86083984375,-0.0808715820312,-0.375427246094,-5755.0,-562.0,-4564.0,-52.0,1.0,21.0,
1647269461142355203,0.333801269531,-0.860961914062,-0.0845947265625,-0.374450683594,-5568.0,-342.0,-5070.0,-50.0,-15.0,20.0,
1647269461145411252,0.333618164062,-0.860900878906,-0.0875244140625,-0.374084472656,-5877.0,-167.0,-5457.0,-38.0,-21.0,16.0,
1647269461153446197,0.333374023438,-0.860778808594,-0.0897827148438,-0.3740234375,-6371.0,-249.0,-5740.0,-26.0,-13.0,11.0,
1647269461157928705,0.333251953125,-0.861022949219,-0.0908813476562,-0.373352050781,-6858.0,-651.0,-5449.0,-17.0,9.0,8.0,
1647269461162433385,0.333679199219,-0.861328125,-0.09130859375,-0.3720703125,-7020.0,-723.0,-5073.0,-22.0,33.0,4.0,
1647269461166923522,0.334838867188,-0.8623046875,-0.0918579101562,-0.368774414062,-5782.0,-1074.0,-4960.0,-35.0,64.0,-3.0,
1647269461170455217,0.336853027344,-0.863342285156,-0.0923461914062,-0.3642578125,-4630.0,-1195.0,-5099.0,-49.0,56.0,-5.0,
1647269461178272962,0.338562011719,-0.863952636719,-0.0941772460938,-0.360717773438,-4133.0,-857.0,-5301.0,-59.0,25.0,0.0,
1647269461182633638,0.339721679688,-0.864135742188,-0.0973510742188,-0.3583984375,-4150.0,-314.0,-5606.0,-60.0,4.0,4.0,
1647269461189148426,0.340454101562,-0.864135742188,-0.100830078125,-0.356811523438,-4424.0,28.0,-5870.0,-53.0,-3.0,3.0,
1647269461194682359,0.341125488281,-0.864013671875,-0.103637695312,-0.355529785156,-4745.0,150.0,-6113.0,-44.0,0.0,2.0,
1647269461199364185,0.341796875,-0.864135742188,-0.105590820312,-0.354125976562,-4986.0,197.0,-6301.0,-36.0,8.0,1.0,
1647269461203971385,0.342407226562,-0.864379882812,-0.107055664062,-0.352355957031,-5092.0,232.0,-6456.0,-31.0,17.0,1.0,
1647269461208379745,0.343017578125,-0.864929199219,-0.108215332031,-0.350219726562,-5061.0,259.0,-6553.0,-28.0,24.0,2.0,
1647269461213020086,0.343383789062,-0.865600585938,-0.109252929688,-0.347778320312,-4897.0,273.0,-6635.0,-27.0,28.0,6.0,
1647269461217516899,0.343627929688,-0.866394042969,-0.1103515625,-0.345153808594,-4647.0,289.0,-6672.0,-29.0,29.0,10.0,
1647269461222205162,0.343688964844,-0.867248535156,-0.11181640625,-0.342468261719,-4446.0,350.0,-6714.0,-33.0,25.0,15.0,
1647269461226273536,0.343505859375,-0.868041992188,-0.114013671875,-0.339904785156,-4320.0,452.0,-6760.0,-41.0,20.0,21.0,
1647269461233343124,0.343078613281,-0.868835449219,-0.116943359375,-0.337280273438,-4219.0,589.0,-6844.0,-49.0,16.0,28.0,
1647269461237912416,0.342346191406,-0.869750976562,-0.120422363281,-0.334533691406,-4120.0,750.0,-6975.0,-55.0,14.0,36.0,
1647269461242402553,0.341186523438,-0.870727539062,-0.124450683594,-0.331665039062,-4009.0,943.0,-7108.0,-60.0,12.0,44.0,
1647269461247072935,0.339599609375,-0.871826171875,-0.12890625,-0.328735351562,-3964.0,1151.0,-7229.0,-64.0,9.0,53.0,
1647269461250465631,0.337646484375,-0.872924804688,-0.133850097656,-0.325805664062,-3997.0,1367.0,-7311.0,-68.0,6.0,61.0,
1647269461258443117,0.335327148438,-0.874084472656,-0.139282226562,-0.32275390625,-4059.0,1586.0,-7375.0,-73.0,7.0,68.0,
1647269461264272212,0.332824707031,-0.875305175781,-0.145141601562,-0.319396972656,-4116.0,1780.0,-7450.0,-80.0,9.0,74.0,
1647269461268418550,0.330200195312,-0.876525878906,-0.151428222656,-0.315795898438,-4141.0,1949.0,-7492.0,-87.0,10.0,79.0,
1647269461272851228,0.327575683594,-0.877746582031,-0.158081054688,-0.31201171875,-4079.0,2125.0,-7483.0,-92.0,11.0,82.0,
1647269461277895450,0.324829101562,-0.878967285156,-0.164794921875,-0.307922363281,-3908.0,2302.0,-7462.0,-95.0,13.0,84.0,
1647269461286827087,0.322082519531,-0.880187988281,-0.171569824219,-0.303649902344,-3649.0,2491.0,-7417.0,-97.0,14.0,84.0,
1647269461296199321,0.319274902344,-0.88134765625,-0.178283691406,-0.299255371094,-3323.0,2666.0,-7360.0,-96.0,14.0,84.0,
1647269461300231218,0.316467285156,-0.882446289062,-0.184936523438,-0.294921875,-2959.0,2802.0,-7284.0,-95.0,11.0,83.0,
1647269461309081315,0.307800292969,-0.884948730469,-0.204528808594,-0.283630371094,-1943.0,3092.0,-7116.0,-89.0,-5.0,79.0,
1647269461313815355,0.3046875,-0.885559082031,-0.210754394531,-0.280334472656,-1654.0,3163.0,-7060.0,-85.0,-8.0,79.0,
1647269461318314552,0.301391601562,-0.886169433594,-0.216735839844,-0.277282714844,-1407.0,3211.0,-6989.0,-80.0,-11.0,79.0,
1647269461322773456,0.297973632812,-0.886840820312,-0.222473144531,-0.274475097656,-1197.0,3244.0,-6930.0,-75.0,-12.0,80.0,
1647269461327214956,0.294372558594,-0.887512207031,-0.227905273438,-0.271667480469,-1017.0,3247.0,-6900.0,-71.0,-13.0,82.0,
1647269461331600427,0.290588378906,-0.88818359375,-0.233215332031,-0.268981933594,-872.0,3243.0,-6882.0,-68.0,-14.0,84.0,
1647269461335556268,0.286560058594,-0.888977050781,-0.238342285156,-0.266296386719,-745.0,3249.0,-6882.0,-65.0,-14.0,87.0,
1647269461343369007,0.282287597656,-0.889770507812,-0.243347167969,-0.263671875,-636.0,3278.0,-6894.0,-62.0,-14.0,89.0,
1647269461347914218,0.27783203125,-0.890625,-0.248107910156,-0.260925292969,-573.0,3330.0,-6929.0,-57.0,-13.0,92.0,
1647269461352392673,0.273254394531,-0.891662597656,-0.252502441406,-0.258117675781,-570.0,3381.0,-6998.0,-52.0,-10.0,93.0,
1647269461357045650,0.2685546875,-0.892822265625,-0.256408691406,-0.255249023438,-617.0,3437.0,-7061.0,-44.0,-6.0,94.0,
1647269461361851692,0.263793945312,-0.894104003906,-0.259704589844,-0.252136230469,-673.0,3497.0,-7130.0,-35.0,1.0,94.0,
1647269461365224599,0.258972167969,-0.895690917969,-0.262329101562,-0.248779296875,-726.0,3566.0,-7205.0,-26.0,9.0,95.0,
1647269461373333454,0.254089355469,-0.897521972656,-0.264343261719,-0.245056152344,-784.0,3622.0,-7270.0,-17.0,17.0,95.0,
1647269461377417564,0.249206542969,-0.899597167969,-0.265686035156,-0.241088867188,-815.0,3662.0,-7330.0,-7.0,26.0,95.0,
1647269461382102012,0.244262695312,-0.90185546875,-0.266357421875,-0.236938476562,-819.0,3702.0,-7376.0,3.0,32.0,95.0,
1647269461387802839,0.239196777344,-0.904296875,-0.266296386719,-0.232604980469,-820.0,3734.0,-7414.0,14.0,36.0,95.0,
1647269461390905380,0.234008789062,-0.906982421875,-0.265686035156,-0.228393554688,-845.0,3755.0,-7446.0,24.0,39.0,96.0,
1647269461400269985,0.228637695312,-0.909729003906,-0.264404296875,-0.22412109375,-870.0,3742.0,-7466.0,34.0,41.0,97.0,
1647269461407539606,0.223205566406,-0.912719726562,-0.262573242188,-0.219787597656,-889.0,3706.0,-7475.0,43.0,45.0,98.0,
1647269461410087108,0.217590332031,-0.915771484375,-0.260192871094,-0.215393066406,-927.0,3680.0,-7494.0,51.0,49.0,99.0,
1647269461413911342,0.2119140625,-0.9189453125,-0.257263183594,-0.210876464844,-1001.0,3658.0,-7510.0,60.0,53.0,100.0,
1647269461418397188,0.206115722656,-0.92236328125,-0.253723144531,-0.206115722656,-1075.0,3641.0,-7521.0,70.0,60.0,102.0,
1647269461422932386,0.2001953125,-0.925903320312,-0.249572753906,-0.201049804688,-1150.0,3651.0,-7499.0,80.0,68.0,103.0,
1647269461427795171,0.194274902344,-0.929565429688,-0.244812011719,-0.195617675781,-1243.0,3681.0,-7441.0,89.0,76.0,104.0,
1647269461431823253,0.188171386719,-0.933349609375,-0.239624023438,-0.18994140625,-1350.0,3729.0,-7367.0,97.0,83.0,106.0,
1647269461436790704,0.181884765625,-0.937255859375,-0.233947753906,-0.183959960938,-1519.0,3787.0,-7254.0,105.0,90.0,109.0,
1647269461440068721,0.175415039062,-0.941162109375,-0.227844238281,-0.177673339844,-1766.0,3831.0,-7146.0,113.0,98.0,113.0,
1647269461448508977,0.168884277344,-0.945190429688,-0.221313476562,-0.171020507812,-2051.0,3849.0,-7050.0,119.0,108.0,116.0,
1647269461452841281,0.162292480469,-0.94921875,-0.214294433594,-0.163635253906,-2340.0,3827.0,-6969.0,124.0,122.0,119.0,
1647269461457800388,0.155639648438,-0.953308105469,-0.206970214844,-0.155517578125,-2628.0,3762.0,-6911.0,128.0,136.0,122.0,
1647269461462329626,0.148986816406,-0.957397460938,-0.199340820312,-0.146667480469,-2901.0,3646.0,-6847.0,130.0,150.0,125.0,
